50
55
49
62
84
76
67
74
78
87
89
93
91
72
97
89
86
87
66
80
61
61
52
41
51
41
39
19
12
12
-1
3
0
3
-5
-17
-11
-14
-12
-24
-21
-27
-26
-34
-38
-26
-12
-12
-4
4
-13
-10
5
-2
26
30
25
15
13
38
15
4
0
7
10
14
8
-13
-14
-10
-4
12
23
16
1
3
-8
-11
-13
-32
-30
-24
-21
-15
-17
3
22
30
34
31
27
33
43
50
51
54
49
49
69
67
85
77
72
76
73
73
89
92
86
102
95
92
98
85
88
88
77
82
75
87
79
91
93
83
77
87
96
92
88
68
79
100
99
92
90
76
75
70
79
78
78
67
75
96
98
94
100
104
110
121
126
133
110
104
108
106
115
106
108
103
85
86
84
66
55
32
32
42
36
49
40
34
25
23
33
50
47
58
54
41
38
37
32
21
32
16
12
16
12
19
21
5
9
17
26
48
46
53
62
65
48
46
33
12
25
37
24
26
15
6
-11
-21
-8
11
10
9
-4
5
9
7
14
5
11
16
24
18
6
1
3
13
5
4
11
15
37
39
43
37
24
17
16
28
20
26
17
11
12
26
26
29
27
39
33
28
41
20
7
2
17
7
14
17
20
14
-12
-24
-24
-13
-25
-39
-21
-5
-2
2
24
33
30
36
36
41
51
39
34
22
24
37
34
44
31
38
45
33
28
30
30
11
10
6
2
7
6
5
24
24
0
-10
-4
10
18
30
38
34
34
30
22
32
28
17
25
35
38
45
37
26
36
43
40
54
54
31
25
16
10
17
-5
8
-7
-18
4
0
4
-14
-19
-23
-21
-12
-4
-18
-39
-38
-44
-50
-39
-42
-53
-66
-90
-87
-92
-81
-62
-55
-57
-67
-58
-51
-53
-54
-57
-56
-40
-31
-30
-28
-18
-37
-37
-34
-39
-28
-18
-17
-4
10
-1
-2
-5
1
1
-8
-13
-20
-35
-38
-28
-24
-26
-34
-41
-35
-26
-26
-15
-28
-23
-24
-43
-30
-32
-24
-25
-37
-40
-40
-29
-23
-31
-38
-33
-44
-46
-31
-46
-54
-61
-65
-50
-61
-64
-67
-72
-63
-61
-79
-87
-80
-87
-84
-67
-74
-83
-80
-78
-81
-77
-86
-92
-95
-99
-91
-80
-76
-84
-86
-79
-66
-45
-40
-59
-62
-76
-61
-57
-52
-46
-49
-63
-65
-46
-30
-19
-30
-33
-44
-39
-37
-44
-53
-68
-64
-65
-58
-23
1
-8
-2
-2
7
40
37
31
35
17
29
49
29
27
39
46
45
36
41
57
58
57
55
64
70
54
62
56
66
64
55
41
27
37
36
38
46
31
20
25
31
30
38
27
11
4
1
16
7
-1
-12
-30
-34
-34
-25
-22
-48
-56
-33
-24
-14
-27
-43
-48
-54
-46
-48
-40
-68
-88
-111
-104
-80
-87
-92
-120
-123
-116
-102
-92
-106
-130
-145
-143
-119
-123
-126
-144
-160
-139
-136
-121
-104
-110
-122
-122
-104
-76
-80
-102
-110
-94
-86
-80
-63
-57
-72
-65
-43
-24
-29
-38
-33
-23
-24
-20
-13
-18
-22
-11
-7
-7
-14
-16
-19
-19
-19
-26
-12
-7
-1
12
9
13
11
-2
-1
3
-12
-6
7
3
0
0
13
21
19
28
22
9
5
24
13
19
44
22
25
42
57
51
43
28
31
43
38
44
51
39
22
24
25
17
15
6
-4
-8
-4
7
10
4
-3
-6
1
-5
2
14
11
-8
-20
-13
-11
-6
0
-7
-14
-26
-7
12
18
22
19
16
28
27
43
50
25
5
-9
2
18
30
14
-11
-9
-7
7
36
8
-14
-46
-56
-37
-12
-17
-40
-55
-60
-46
-30
-8
-16
-12
-25
-26
-10
-15
-4
5
-4
-9
-2
15
36
41
31
11
3
13
19
7
18
14
9
-1
2
12
3
-19
-39
-43
-52
-33
-41
-35
-30
-50
-59
-67
-49
-47
-75
-86
-100
-103
-72
-54
-58
-58
-94
-96
-73
-51
-43
-35
-50
-51
-34
-19
-6
0
-5
-25
-31
-21
8
11
8
9
0
34
53
56
58
47
61
66
86
103
111
121
96
99
111
102
103
99
82
76
85
90
94
94
97
97
107
103
105
100
113
106
100
116
95
101
103
110
101
94
80
66
81
86
84
90
77
42
51
65
77
81
78
36
13
22
35
60
41
25
14
17
24
24
21
-1
-23
-17
-20
-9
-1
-23
-58
-74
-49
-43
-28
-35
-49
-52
-46
-38
-41
-62
-86
-109
-109
-108
-103
-99
-120
-131
-123
-116
-102
-98
-114
-106
-94
-112
-99
-84
-98
-101
-94
-89
-88
-73
-81
-86
-88
-83
-70
-44
-35
-61
-57
-48
-46
-32
-23
-25
-37
-44
-33
-28
-18
-20
-32
-36
-19
5
25
38
8
12
23
20
35
37
35
25
22
44
52
59
56
34
24
32
72
80
91
94
73
76
79
81
89
79
75
60
53
62
72
82
74
64
54
60
81
93
100
86
83
83
95
119
116
109
100
65
58
77
89
101
90
79
62
74
92
103
102
80
67
82
102
119
118
95
64
54
72
93
101
78
57
49
64
68
80
76
52
31
27
55
86
64
24
0
-23
-8
11
16
0
-20
-19
-9
6
2
-5
-18
-39
-33
-31
-15
-9
-21
-31
-31
-9
8
27
20
10
4
27
38
29
33
21
6
2
10
24
14
20
4
-8
14
19
35
5
0
4
-3
7
16
3
-16
-17
-7
-8
2
7
-5
-25
-39
-24
2
20
16
11
2
-6
-2
31
29
25
20
0
5
2
21
27
7
17
3
21
52
54
62
33
31
50
63
66
71
53
24
40
53
77
81
77
64
46
50
82
101
118
93
73
71
74
103
116
113
102
97
118
144
165
161
136
116
117
135
157
147
126
119
128
133
145
154
135
96
75
81
88
98
83
67
56
43
49
60
46
28
16
9
14
10
-5
-15
-32
-34
-37
-42
-25
-38
-55
-46
-54
-33
-23
-20
-25
-37
-38
-34
-21
-36
-48
-45
-53
-35
-28
-24
-33
-44
-27
-27
-13
-23
-50
-52
-54
-45
-30
-36
-46
-58
-78
-66
-61
-67
-85
-94
-87
-68
-53
-35
-40
-65
-70
-63
-19
-13
-34
-44
-57
-50
-31
-9
-8
-22
-8
1
36
51
44
43
31
43
61
85
67
45
33
16
31
72
74
55
46
45
60
76
92
82
60
55
68
71
67
76
46
52
46
49
60
41
34
46
58
79
111
116
125
96
92
102
117
128
110
90
70
53
46
56
44
57
31
14
22
20
29
36
23
3
1
16
24
24
13
-19
-12
-17
-1
35
38
19
10
3
8
56
55
47
38
28
33
41
67
72
54
49
53
68
95
76
58
42
41
50
62
55
23
35
42
54
77
62
56
48
49
62
67
80
71
63
61
58
72
60
36
39
46
43
38
35
7
-4
1
-2
14
18
24
26
26
31
31
28
8
3
5
2
4
-17
-39
-36
-45
-35
-33
-29
-42
-52
-52
-47
-21
-24
-29
-51
-71
-68
-58
-63
-79
-110
-112
-101
-79
-68
-78
-84
-96
-85
-77
-68
-61
-65
-90
-102
-82
-64
-58
-68
-102
-100
-94
-72
-50
-54
-41
-52
-39
-21
8
12
-2
-5
-23
-8
7
15
28
-6
20
28
42
77
80
69
72
86
87
116
131
123
102
105
114
121
112
119
90
82
92
98
96
85
82
81
91
95
96
115
105
98
98
104
121
122
105
86
79
76
75
75
76
61
36
18
22
28
25
12
6
-16
-35
-13
-25
-34
-66
-118
-136
-145
-141
-138
-151
-170
-192
-185
-176
-159
-149
-153
-165
-163
-160
-148
-146
-153
-175
-191
-197
-178
-161
-158
-162
-175
-160
-140
-110
-99
-94
-85
-73
-49
-31
-31
-5
-3
11
24
33
37
26
42
59
66
82
80
112
123
135
140
131
136
150
160
184
214
222
229
208
225
250
256
268
263
262
273
290
293
274
245
232
227
219
224
219
214
193
158
154
149
142
119
113
94
83
88
77
54
37
9
8
-5
-12
-14
-60
-66
-83
-90
-61
-76
-95
-117
-136
-117
-115
-111
-153
-174
-198
-200
-188
-206
-224
-278
-309
-314
-294
-278
-299
-337
-341
-351
-341
-325
-326
-322
-349
-355
-324
-301
-289
-304
-334
-325
-300
-279
-249
-226
-223
-227
-205
-164
-121
-98
-82
-60
-27
22
67
102
119
125
143
177
224
273
319
353
367
394
424
485
537
545
557
552
580
641
675
695
667
665
680
731
791
809
799
744
712
719
753
793
763
714
642
611
631
640
619
539
447
421
432
475
478
434
349
264
250
234
163
13
-189
-349
-459
-546
-624
-760
-926
-1097
-1178
-1176
-1178
-1195
-1276
-1347
-1344
-1279
-1181
-1137
-1164
-1224
-1234
-1159
-1043
-958
-940
-973
-985
-916
-787
-649
-548
-560
-568
-509
-417
-283
-217
-218
-274
-324
-315
-247
-211
-245
-305
-346
-329
-278
-180
-99
-57
-38
12
106
218
290
331
343
327
334
373
460
512
530
522
578
665
761
891
1011
1105
1168
1231
1344
1444
1500
1530
1520
1522
1518
1534
1570
1570
1536
1494
1469
1458
1432
1407
1369
1253
1097
943
828
695
541
318
72
-185
-463
-716
-918
-1116
-1306
-1495
-1622
-1702
-1762
-1806
-1813
-1831
-1877
-1892
-1838
-1759
-1696
-1618
-1554
-1519
-1497
-1394
-1248
-1087
-986
-887
-775
-629
-454
-269
-97
1
59
87
179
297
383
432
415
374
334
325
329
264
175
100
53
32
-13
-46
-81
-149
-241
-305
-328
-383
-453
-514
-574
-612
-660
-681
-664
-642
-589
-521
-444
-374
-305
-214
-137
-74
-40
-5
43
86
124
189
260
320
397
527
706
884
1054
1205
1374
1536
1699
1882
2041
2125
2191
2260
2347
2385
2376
2362
2347
2267
2164
2066
1916
1700
1496
1339
1167
931
649
379
101
-191
-501
-789
-1113
-1442
-1741
-1938
-2055
-2210
-2362
-2491
-2568
-2575
-2497
-2384
-2312
-2269
-2222
-2090
-1921
-1770
-1638
-1516
-1417
-1308
-1120
-872
-638
-484
-357
-172
32
231
422
574
653
715
781
898
975
976
924
859
746
603
469
377
264
122
7
-92
-158
-249
-316
-356
-389
-461
-509
-550
-571
-570
-575
-601
-633
-681
-677
-587
-511
-464
-432
-409
-362
-276
-172
-80
-46
-51
-23
71
191
318
428
492
539
644
828
1079
1281
1439
1569
1747
1934
2147
2354
2502
2570
2596
2637
2717
2790
2780
2724
2574
2395
2178
1971
1789
1613
1359
1037
677
351
40
-287
-646
-1015
-1424
-1818
-2103
-2307
-2461
-2637
-2849
-3005
-3092
-3111
-3009
-2898
-2826
-2807
-2755
-2628
-2425
-2218
-2017
-1853
-1746
-1617
-1369
-1050
-746
-536
-374
-193
-11
236
490
708
786
787
844
949
1056
1099
1082
977
847
724
659
590
421
225
73
-21
-119
-187
-262
-376
-524
-634
-647
-623
-642
-664
-648
-591
-510
-405
-334
-323
-333
-318
-258
-215
-203
-193
-154
-100
-37
70
146
164
171
249
416
596
722
841
971
1102
1239
1410
1613
1760
1872
2012
2172
2340
2493
2586
2652
2666
2670
2679
2679
2568
2332
2047
1806
1598
1353
1053
671
196
-299
-710
-988
-1214
-1564
-1969
-2336
-2592
-2721
-2747
-2800
-2928
-3118
-3190
-3053
-2788
-2585
-2494
-2447
-2410
-2282
-2000
-1637
-1354
-1262
-1179
-983
-664
-284
66
306
386
430
640
985
1307
1462
1476
1432
1373
1395
1516
1558
1388
1059
770
641
584
502
365
120
-232
-504
-582
-554
-603
-779
-1006
-1194
-1283
-1231
-1103
-1036
-1114
-1199
-1154
-989
-809
-694
-702
-817
-956
-971
-806
-623
-538
-530
-538
-473
-329
-123
94
192
225
321
563
857
1143
1361
1512
1623
1767
2042
2363
2624
2758
2824
2918
3052
3215
3361
3433
3352
3170
3018
2869
2680
2469
2218
1835
1346
865
447
35
-413
-877
-1324
-1798
-2226
-2521
-2706
-2843
-3014
-3191
-3323
-3387
-3315
-3125
-2959
-2909
-2924
-2844
-2648
-2369
-2033
-1761
-1621
-1529
-1331
-941
-492
-125
134
284
429
689
1071
1452
1643
1641
1604
1622
1713
1835
1864
1699
1371
1091
965
940
883
685
385
54
-184
-268
-275
-389
-676
-972
-1170
-1246
-1236
-1185
-1215
-1310
-1347
-1210
-954
-734
-635
-646
-728
-813
-811
-779
-790
-858
-931
-893
-769
-649
-530
-473
-417
-351
-176
80
362
601
821
1056
1296
1547
1801
2022
2185
2364
2546
2726
2930
3061
3179
3298
3346
3337
3314
3254
3078
2832
2581
2362
2059
1594
1062
553
33
-453
-940
-1364
-1806
-2276
-2663
-2838
-2938
-3031
-3113
-3172
-3209
-3196
-3030
-2812
-2698
-2717
-2702
-2518
-2279
-2020
-1755
-1507
-1346
-1199
-866
-408
29
316
523
719
914
1196
1555
1795
1784
1664
1607
1631
1611
1526
1364
1091
728
491
431
405
241
-32
-319
-530
-641
-680
-726
-916
-1217
-1448
-1523
-1487
-1434
-1385
-1340
-1325
-1184
-902
-552
-347
-303
-295
-303
-337
-335
-325
-352
-417
-453
-363
-256
-148
-57
26
87
180
439
775
1072
1284
1475
1684
1912
2131
2359
2546
2663
2735
2861
3037
3159
3244
3256
3220
3173
3138
3140
2995
2692
2317
1985
1658
1163
581
35
-511
-1116
-1678
-2118
-2474
-2909
-3327
-3548
-3574
-3602
-3600
-3526
-3449
-3406
-3243
-2918
-2680
-2633
-2572
-2321
-2043
-1844
-1569
-1171
-870
-733
-498
-19
436
733
1006
1309
1538
1688
1952
2201
2200
2031
1938
1864
1643
1353
1143
896
450
32
-141
-206
-447
-758
-935
-1072
-1259
-1400
-1441
-1544
-1758
-1939
-1976
-1956
-1934
-1805
-1571
-1387
-1197
-849
-434
-168
-36
45
88
36
-52
-26
50
61
20
92
181
234
309
418
531
675
940
1319
1661
1914
2156
2402
2616
2776
2938
3139
3238
3293
3365
3406
3422
3442
3430
3357
3226
3096
2921
2596
2186
1807
1421
820
93
-571
-1144
-1778
-2449
-3025
-3468
-3926
-4317
-4463
-4423
-4395
-4326
-4149
-3904
-3722
-3453
-3002
-2631
-2534
-2446
-2095
-1705
-1449
-1189
-789
-466
-290
11
560
1057
1344
1622
1975
2255
2428
2706
2939
2843
2538
2360
2268
1957
1488
1139
788
271
-246
-470
-568
-847
-1184
-1397
-1480
-1616
-1705
-1701
-1790
-2014
-2155
-2129
-2077
-2055
-1916
-1659
-1475
-1291
-905
-414
-110
-3
97
187
157
111
129
119
5
-117
-111
-15
41
127
272
366
517
862
1356
1797
2138
2456
2802
3059
3295
3546
3675
3734
3777
3869
3955
4002
3966
3863
3613
3357
3127
2823
2351
1765
1122
418
-440
-1228
-1887
-2642
-3530
-4261
-4705
-5079
-5436
-5547
-5443
-5332
-5188
-4790
-4174
-3767
-3443
-2946
-2372
-2040
-1758
-1276
-782
-618
-486
-79
429
670
929
1418
1844
2041
2309
2795
3134
3135
3138
3275
3172
2792
2465
2254
1761
1028
508
159
-341
-913
-1245
-1420
-1671
-1908
-1872
-1766
-1794
-1844
-1715
-1601
-1633
-1628
-1487
-1388
-1427
-1381
-1191
-1000
-865
-660
-382
-202
-98
50
190
253
257
256
222
126
62
45
35
-12
-4
79
214
422
740
1199
1638
2106
2654
3150
3612
4010
4345
4588
4744
4870
4927
4899
4793
4678
4500
4177
3816
3352
2689
1923
1109
224
-737
-1747
-2632
-3496
-4461
-5312
-5896
-6365
-6810
-7022
-6862
-6564
-6245
-5735
-4979
-4218
-3592
-2898
-2021
-1352
-870
-276
306
673
879
1206
1628
1844
1941
2239
2555
2660
2753
3018
3193
3103
2936
2856
2651
2175
1637
1190
637
-53
-557
-895
-1346
-1837
-2085
-2170
-2209
-2191
-1951
-1626
-1404
-1206
-849
-550
-413
-297
-203
-209
-281
-294
-272
-335
-507
-567
-539
-582
-584
-497
-446
-493
-503
-425
-349
-313
-244
-178
-161
-117
109
460
688
991
1485
2060
2645
3269
3973
4663
5218
5720
6244
6670
6978
7202
7250
7024
6642
6228
5716
4868
3702
2431
984
-488
-1875
-3161
-4412
-5671
-6805
-7638
-8226
-8497
-8531
-8404
-8154
-7714
-6995
-5998
-5006
-4036
-3226
-2467
-1673
-818
6
683
1079
1329
1522
1763
2135
2450
2583
2546
2461
2424
2466
2470
2349
1989
1391
777
272
-170
-623
-1114
-1671
-2275
-2577
-2433
-2095
-1822
-1587
-1209
-665
-64
666
1412
1866
1967
2000
2018
2014
1878
1554
955
119
-622
-999
-1205
-1566
-2015
-2378
-2610
-2688
-2515
-2226
-2058
-2054
-1991
-1716
-1273
-795
-279
74
312
732
1408
2176
2888
3491
4008
4566
5152
5854
6568
7036
7287
7475
7676
7848
8008
7836
7276
6442
5591
4690
3391
1642
-260
-2091
-3837
-5468
-6783
-7849
-8795
-9473
-9719
-9438
-8726
-7765
-6666
-5518
-4408
-2993
-1480
-249
510
963
1281
1525
1586
1526
1321
894
326
-69
-196
-195
-243
-443
-746
-1019
-1102
-1062
-1133
-1539
-2127
-2673
-2972
-3111
-3057
-2941
-2823
-2506
-1809
-700
645
1870
2883
3701
4434
5192
5751
5873
5428
4588
3487
2340
1099
-141
-1461
-2833
-4024
-4804
-5098
-5067
-4906
-4685
-4348
-3732
-2858
-1919
-1072
-450
68
567
1090
1610
2159
2497
2710
2856
3097
3517
4016
4432
4726
5017
5381
5861
6409
6762
6960
7037
6934
6772
6421
5881
5163
4224
2741
1056
-839
-2479
-3778
-5056
-6314
-7194
-7669
-7548
-7132
-6396
-5371
-4215
-3088
-1835
-563
656
1561
2095
2191
1785
1332
877
373
-473
-1586
-2566
-3200
-3736
-3947
-3968
-3993
-4161
-4376
-4486
-4227
-3984
-3877
-3928
-4148
-4166
-3728
-2949
-2069
-1158
-250
876
2188
3691
5252
6469
7051
7071
6851
6525
5897
4752
3043
1018
-930
-2608
-3929
-4977
-5807
-6353
-6548
-6304
-5390
-4050
-2725
-1575
-620
340
1404
2359
3015
3205
3041
2809
2615
2401
2218
2035
1760
1418
1189
1286
1657
2141
2479
2742
3075
3661
4441
4961
5217
5452
5715
5842
5851
5748
5658
5206
3902
2119
283
-1029
-2014
-3218
-4632
-5691
-6112
-5831
-5469
-4824
-3904
-2880
-1884
-775
385
1655
2409
2770
2577
2028
1633
1391
788
-321
-1729
-2710
-3289
-3986
-4560
-4945
-5328
-5969
-6650
-6888
-6610
-6344
-6140
-6033
-5680
-4802
-3356
-1725
-398
721
2151
3739
4811
5552
6293
6705
6327
5200
3977
3038
1636
-143
-1878
-3410
-4427
-4861
-5010
-4915
-4648
-3978
-2957
-2118
-1188
5
1154
1827
2141
2494
2921
3033
2947
2591
2204
1893
1648
1313
927
643
672
553
231
238
597
1003
1449
1823
2358
3139
4013
4908
5647
6330
7291
8067
8109
7722
7453
6857
4873
1696
-1374
-3430
-5080
-7029
-8793
-9513
-9274
-8307
-6983
-5049
-2727
-478
1523
3358
4710
5806
6465
6487
5377
3699
2494
1755
490
-1467
-3214
-3913
-4519
-5430
-5971
-6123
-6408
-7303
-8217
-8327
-8015
-7584
-6913
-6299
-5365
-3621
-1104
1377
3046
4238
5819
6891
6653
6138
5694
4548
2464
-16
-1962
-3202
-4635
-5815
-6458
-6590
-5987
-4767
-3528
-2271
-1041
337
1336
1929
2578
3425
3922
3791
3492
3404
3283
3085
2687
1876
1373
1127
755
325
-122
-201
20
-257
-404
115
700
1286
2006
2698
3592
4718
5927
7083
7865
8785
9450
9243
8183
6946
5206
1692
-2941
-6253
-8169
-9744
-11337
-12177
-11056
-8928
-6652
-3521
-402
2361
4899
6753
7943
8136
7749
7379
5875
3320
1284
280
-368
-1936
-3642
-4290
-4441
-4880
-5783
-6552
-6902
-7977
-9154
-9637
-9328
-8078
-6481
-4741
-2539
-216
2753
5677
7248
7802
7837
7456
6205
3729
1228
-863
-3254
-5895
-8012
-8812
-8643
-8374
-7808
-6715
-4977
-2802
-1056
395
1627
2624
3442
3666
3805
4224
4676
4641
4085
3365
3063
2865
2339
1459
678
515
552
265
30
221
595
542
250
296
774
1385
2044
2728
3693
5181
6820
8330
9534
10175
10485
10028
8274
6217
3397
-1260
-6651
-10941
-13197
-13953
-14703
-14178
-11619
-7990
-3970
211
3932
6875
8596
9730
9851
8708
7137
5692
3817
1180
-1029
-1423
-1267
-1938
-3102
-3859
-3917
-4532
-6000
-7045
-7939
-8983
-9690
-9595
-7900
-5009
-1849
1340
4186
6647
9070
10449
10057
8197
5282
2250
-829
-4200
-6864
-8468
-9646
-10398
-10246
-8747
-6492
-4625
-3510
-2561
-1441
-583
-104
270
480
856
1353
1804
2563
3415
4071
4322
3721
2888
2434
2013
1482
733
151
315
875
1228
1532
1893
2190
2145
1785
1509
1844
2482
3255
4177
5745
7814
9806
11309
11957
11922
11311
9260
6338
2556
-2748
-8764
-13908
-16731
-16994
-16633
-15069
-11310
-6554
-1572
2931
6764
9446
10003
9431
8577
6652
4168
1851
178
-1357
-2926
-2952
-1812
-1365
-2040
-3195
-3790
-4721
-6571
-7903
-8659
-9191
-9033
-7824
-4646
-504
3323
7022
9583
10749
11034
10286
8535
5140
597
-3166
-5970
-8162
-9348
-9465
-8815
-8188
-7383
-5825
-4004
-2858
-2785
-3065
-3014
-2915
-2353
-1340
-353
670
1471
2201
3079
3404
3320
2750
1486
298
-463
-561
-76
295
638
1360
2211
2907
3168
3001
2535
1683
1125
1211
2062
3592
5291
7568
10057
12301
14262
15153
14795
13432
10745
7088
2732
-2887
-9137
-15110
-18584
-18567
-16813
-14160
-10367
-5131
472
4671
7519
9399
9470
8015
5859
3592
1606
-262
-1209
-1781
-2603
-2801
-2166
-1657
-2661
-4919
-6705
-7970
-9568
-10713
-10611
-9042
-6970
-4701
-1241
3096
7249
10054
10934
10701
9686
7786
5407
2447
-662
-3074
-4408
-4799
-4702
-4307
-3844
-3836
-4614
-5601
-5998
-6023
-6453
-6870
-6456
-5067
-3091
-1146
851
2582
3370
3359
2840
1971
1068
-118
-1408
-2324
-2691
-2101
-954
229
1168
1751
2078
2113
1621
1127
733
622
888
1589
3266
5685
8476
11079
13512
15725
16935
16656
15285
12745
8944
4417
-464
-6068
-12305
-16871
-17871
-16045
-12964
-9601
-5053
462
4833
7565
9304
9683
8661
6736
4843
3418
1911
742
104
-810
-2219
-3481
-4259
-5398
-8017
-10977
-12352
-12457
-12402
-11594
-9084
-5677
-2544
202
3257
6313
8107
8012
6934
5485
3723
2197
1038
111
-419
-393
173
259
-345
-417
-836
-2536
-4650
-6340
-6792
-6471
-6351
-5811
-4394
-2668
-1002
486
1775
2603
2523
1626
620
-89
-613
-897
-1296
-1625
-1584
-1397
-774
-315
-664
-1016
-1304
-1765
-1709
-1188
-96
1393
2793
4522
6928
9399
11549
14069
15835
16123
15711
13949
11267
8022
3384
-1501
-7337
-14215
-17426
-16722
-14270
-10617
-7279
-2434
3483
7040
9595
11315
10832
9583
7552
5691
4958
3682
2488
1718
-207
-2471
-4075
-5557
-7784
-11062
-13756
-14245
-13493
-12195
-9532
-5702
-2182
402
2726
5232
6962
6574
4711
2570
201
-1494
-2052
-2249
-2236
-2046
-1014
833
1780
1917
1726
661
-1257
-3551
-4898
-4825
-4455
-4367
-4186
-3261
-1909
-711
268
1040
1557
1420
1051
1191
1594
2067
2200
1906
1325
555
16
-557
-1526
-2652
-3487
-3732
-3475
-2779
-1404
243
1929
3628
5393
7738
9910
11656
13217
14159
14322
13463
11370
8024
4398
237
-5689
-12505
-17111
-17760
-15158
-11847
-8448
-3548
2029
6372
8766
9993
10618
9876
8200
6831
5810
5201
4899
4252
2754
482
-1690
-3635
-6338
-10128
-13363
-14274
-13513
-12325
-9762
-5442
-1057
1804
3371
5009
6207
5616
3669
1086
-1330
-2902
-3730
-3458
-2455
-2256
-1920
-736
-149
231
527
-112
-1303
-2775
-3640
-3176
-2542
-2385
-2297
-2396
-2457
-2438
-2220
-1338
-389
-28
345
1228
2421
3777
4727
4667
3979
2852
1436
451
-381
-1153
-1620
-1875
-1834
-1368
-413
1040
2407
3119
4254
6253
8257
10072
12092
13253
13606
13126
10470
6933
3518
-2042
-9464
-15530
-18102
-16590
-13047
-9601
-5399
-293
3818
6051
6812
6815
6113
4302
3127
3261
3540
4568
6004
5779
4274
2278
-45
-2439
-5805
-9633
-11609
-11547
-10539
-8607
-5329
-1244
1581
2427
2837
3051
2519
1381
-146
-1516
-2448
-2744
-2097
-1237
-308
557
711
359
-622
-1609
-1727
-2107
-2919
-3120
-2504
-1667
-1534
-1979
-2543
-3394
-4433
-5009
-4517
-2966
-1004
760
2328
3936
5113
5621
5345
4204
2530
994
61
-239
10
679
1478
2020
2001
1769
1750
1843
2059
2620
3952
5841
7986
10586
12947
14025
13520
10615
7027
3237
-3845
-11736
-15633
-15731
-12243
-7963
-4760
222
4512
5640
5408
3564
1724
343
-1717
-1814
-742
218
2783
4496
3679
1921
-318
-2596
-5389
-8699
-9923
-8392
-5968
-3821
-1256
2141
4201
3540
1577
-205
-1705
-3635
-4994
-4622
-3887
-2849
-856
546
1217
1470
915
243
-856
-2249
-2426
-1727
-948
-214
482
1337
1188
-991
-3700
-5709
-7399
-8125
-7383
-5569
-2636
685
3270
4906
5638
5527
4487
2839
1230
208
257
1224
2425
3615
4826
5635
5144
3485
2027
1205
1189
1657
2544
4218
6398
8856
11003
11876
11034
8263
4894
692
-6064
-11850
-13276
-10983
-6299
-1894
1737
6034
8280
7579
5569
2650
147
-1659
-2668
-1596
87
1279
2764
2854
390
-3125
-6121
-8479
-10983
-12608
-11138
-6801
-1919
1845
4931
7375
7163
4234
664
-2201
-4051
-5604
-6046
-4684
-3497
-2499
-908
-392
-1282
-2791
-4449
-5103
-4814
-3851
-1789
810
2932
4147
4563
4155
2380
-878
-4362
-6918
-8346
-8067
-5772
-2843
-479
1452
2718
2589
1498
570
109
-106
-192
449
2466
5030
6771
7680
7796
7382
6260
4481
3259
3021
3309
3999
5208
6309
7397
8123
8244
7309
4591
764
-2145
-5991
-11398
-13826
-11925
-6859
-744
3543
6836
9824
9811
7402
4423
1925
953
492
731
2192
3180
3212
2736
412
-4008
-8505
-11304
-12752
-13279
-11650
-7226
-1537
2779
4951
6282
6499
4431
945
-1811
-2623
-2382
-2030
-1048
121
295
-468
-1800
-3818
-6179
-8205
-9237
-8446
-6119
-3429
-665
1614
2820
3064
2075
175
-2231
-4479
-5575
-5751
-5159
-3136
-370
1610
1831
1235
724
-246
-1666
-2644
-2449
-1362
-181
1145
3019
5020
6384
6449
6188
6323
6827
7362
8541
10150
11214
11657
11650
11009
10129
8945
6633
3015
-1758
-6135
-11246
-16296
-17420
-13957
-8273
-2586
1591
5194
8144
8589
7332
5792
5040
5016
5532
6491
7217
6796
4861
1582
-3185
-9106
-13595
-15491
-16184
-15553
-12369
-6874
-1132
2464
4238
5074
4268
1773
-631
-1012
197
1873
3398
4002
3296
1741
-399
-2772
-5650
-8114
-8884
-8295
-6763
-4404
-1719
502
1093
236
-803
-1513
-2645
-4445
-5426
-4763
-3682
-2757
-1642
-284
467
-287
-1560
-2238
-2183
-1699
-1101
-501
103
541
879
987
1281
1814
2378
3071
3995
5383
7325
9388
11341
13239
14462
14777
14501
13865
12518
9799
5446
605
-5226
-12086
-16410
-15700
-11398
-6274
-2527
22
2294
3087
2463
2095
2607
3716
5971
9170
11667
12219
10837
8115
3715
-3260
-10341
-14083
-15366
-15758
-14536
-10932
-5930
-2185
-780
-407
-706
-1924
-3072
-2486
-355
2304
5284
7151
6456
3468
-20
-2597
-4920
-7403
-8394
-7284
-4946
-2697
-1255
-396
-86
-796
-2227
-3509
-3785
-3203
-2505
-1770
-1069
-595
-346
-318
-878
-2066
-3142
-3250
-2606
-1574
-440
527
907
518
-1
-409
-482
-90
908
2010
2875
3589
4453
5588
6914
8367
10161
11996
13223
13989
14189
12753
9322
4574
-1247
-7842
-12301
-12304
-8420
-3824
-635
1174
2304
2116
838
-103
74
1319
3786
7258
10696
12306
11082
8176
4345
-777
-6219
-9912
-11471
-11654
-10458
-7796
-4700
-3061
-3119
-3407
-3652
-4615
-5296
-3472
460
4115
6218
6734
5322
2099
-1786
-4994
-7305
-8641
-8617
-6838
-4279
-2381
-1372
-1152
-1807
-3187
-4522
-5010
-4392
-3211
-1940
-812
-22
117
-247
-1001
-2095
-2969
-3359
-3071
-2003
-407
1086
1754
1202
5
-865
-1073
-531
708
2356
3978
5172
5634
5539
5349
5426
5521
5885
6903
8688
10793
12029
11482
8930
4605
-1776
-8488
-11873
-10376
-5985
-1712
1127
2923
3568
2222
44
-937
-200
2021
5756
9877
13049
13926
12167
8636
3803
-1794
-6314
-8661
-9767
-10063
-8447
-5021
-2281
-2243
-4171
-5976
-6819
-7115
-5616
-1401
3812
7760
9788
9778
7845
4093
-488
-4572
-7408
-8655
-7890
-5808
-4185
-3792
-3850
-4378
-5762
-7166
-7553
-6462
-4693
-3076
-1302
387
916
187
-923
-1893
-2862
-3584
-3322
-2214
-861
174
874
898
-417
-2310
-3177
-2798
-1732
145
2610
5023
6416
6540
6395
6361
6150
6029
6556
7750
8940
9985
10067
8617
5518
716
-5200
-9643
-10810
-8287
-4146
-809
933
1548
588
-1751
-3599
-3410
-921
3341
8170
12309
14624
14051
11211
7448
3206
-695
-2892
-3865
-4877
-5628
-5083
-3532
-2988
-4756
-7590
-9551
-10553
-10243
-7039
-960
5101
8735
9595
8909
7125
4338
1457
-509
-1526
-1762
-1232
-516
-946
-2879
-5219
-7211
-8763
-9559
-8967
-7224
-5517
-4290
-2786
-926
10
-611
-1845
-2681
-3029
-2935
-1979
-395
678
690
46
-664
-1546
-2553
-2892
-2203
-926
646
2555
4381
5304
5126
4792
4886
5349
5831
6668
7850
8797
8864
7936
6372
4082
385
-3856
-6335
-5915
-3731
-1597
-625
-585
-1058
-2604
-4291
-4753
-3712
-1326
1888
5197
8025
9463
8947
7017
4523
2120
910
1167
1434
687
-531
-1254
-1551
-2287
-3714
-5125
-6009
-6890
-7215
-5597
-2313
985
2932
3735
3970
3828
3218
2235
1313
752
414
335
277
-300
-1438
-2781
-4153
-5181
-5413
-4925
-4162
-3825
-3884
-3537
-2622
-1702
-1156
-988
-1084
-1547
-2098
-2400
-2475
-2387
-2438
-2596
-2651
-2946
-3615
-4250
-4456
-3967
-2602
-628
1294
2674
3318
3617
4140
4875
5694
6314
6554
6428
6088
5996
6251
6364
5785
4811
3846
3113
2776
2375
1857
1323
728
386
603
1074
1149
781
99
-524
-674
-670
-581
-352
-421
-711
-731
-604
-852
-1646
-2677
-3475
-3780
-3852
-3701
-3223
-2778
-2544
-2149
-1410
-655
-240
-106
51
530
1183
1873
2437
2563
2096
1136
168
-654
-1442
-2049
-2538
-3038
-3447
-3647
-3611
-3366
-2973
-2386
-1654
-917
-319
227
657
637
357
32
-261
-572
-923
-1197
-1295
-1432
-1829
-2373
-2980
-3435
-3211
-2246
-847
755
2161
3453
4597
5394
6141
6908
7358
7318
6848
6207
5771
5280
4796
4641
4001
2721
1226
-273
-943
-884
-700
-205
-22
-476
-789
-702
-553
-784
-1694
-3124
-4297
-4787
-4364
-2829
-1288
-967
-1566
-2310
-2671
-2515
-2301
-2359
-2537
-2819
-2827
-1869
-380
677
1031
739
250
64
474
1235
1738
1615
1048
843
1252
1572
1412
706
-339
-1407
-2209
-2564
-2588
-2759
-3432
-3895
-3680
-2785
-1462
-480
52
298
331
502
708
841
674
78
-644
-1320
-1664
-1823
-2176
-2667
-3227
-3404
-2868
-1680
-34
1544
2835
3767
4506
5217
5841
6524
6853
6712
6271
5772
5377
5268
5447
5381
4871
3727
1939
435
-418
-688
-257
146
17
-75
10
124
132
-517
-2086
-3944
-5460
-6122
-5377
-4046
-3288
-3123
-3287
-3387
-3089
-2524
-2193
-2257
-2699
-3172
-2784
-1542
-477
23
-153
-769
-1242
-1172
-471
455
1079
1146
1200
1586
2021
2257
1975
1285
453
-208
-538
-695
-891
-1506
-2311
-2889
-2942
-2441
-1764
-1228
-948
-804
-552
-92
441
871
1002
772
344
-70
-420
-846
-1386
-1996
-2468
-2614
-2321
-1488
-315
1121
2689
4082
5320
6315
6842
7041
6891
6327
5766
5173
4428
4333
4611
4496
4221
3235
1659
374
-707
-1264
-907
-509
-670
-713
-650
-553
-354
-883
-2191
-3579
-4831
-5379
-4807
-3935
-3713
-3865
-4134
-4335
-4022
-3577
-3177
-2755
-2622
-2455
-1565
-289
507
495
-189
-1126
-1670
-1705
-1296
-516
-29
47
231
670
1247
1695
1661
1365
1029
653
520
540
234
-420
-1185
-1806
-1843
-1497
-1205
-888
-723
-799
-824
-708
-518
-342
-181
-88
68
337
408
399
274
-77
-341
-509
-477
-145
495
1519
2797
4098
5261
6143
6723
7054
6940
6452
5821
4813
3941
3787
3836
3868
3450
2208
807
-379
-1174
-1420
-1273
-1341
-1642
-1639
-1492
-1246
-1207
-2054
-3361
-4443
-4968
-4532
-3369
-2669
-2839
-3216
-3450
-3169
-2381
-1818
-1543
-1577
-1819
-1438
-127
1359
2052
1739
762
-226
-680
-713
-515
-477
-1008
-1728
-2006
-1684
-1021
-573
-507
-604
-694
-693
-508
-313
-483
-973
-1773
-2281
-2313
-2133
-1824
-1705
-1730
-1757
-1647
-1442
-1228
-913
-687
-562
-351
-181
63
308
458
655
832
1077
1387
1769
2461
3294
4257
5335
6323
7086
7764
8230
8107
7722
6961
5788
4974
4630
4530
4586
4218
3129
1937
864
-150
-518
-456
-835
-1189
-1281
-1301
-989
-1044
-1942
-3010
-3948
-4836
-4961
-4361
-4156
-4406
-4785
-5022
-4474
-3546
-2951
-2514
-2201
-2139
-1683
-448
717
1464
1521
687
-18
-278
-453
-444
-623
-1415
-2272
-2724
-2775
-2337
-1896
-1891
-1956
-1977
-1952
-1511
-1027
-950
-1125
-1484
-1734
-1578
-1203
-1115
-1336
-1692
-2079
-2099
-1880
-1528
-1015
-670
-478
-233
136
538
867
1213
1534
1927
2386
2871
3443
3983
4617
5392
6427
7598
8495
9098
9291
8998
8351
7446
6533
5880
5567
5136
4456
3620
2280
888
-136
-1085
-1647
-1998
-2584
-2883
-2871
-2831
-2770
-2891
-3422
-3963
-4157
-4108
-3744
-3477
-3861
-4432
-4811
-4858
-4483
-3907
-3527
-3392
-3252
-2912
-1992
-722
308
864
910
749
603
667
873
798
414
-240
-946
-1226
-1167
-1160
-1127
-1231
-1591
-1868
-1972
-2096
-2045
-1949
-2128
-2043
-1821
-1508
-991
-775
-909
-1287
-1711
-2142
-2335
-2179
-2058
-1799
-1622
-1745
-1650
-1476
-1175
-675
-140
393
862
1468
2005
2673
3567
4368
5310
6256
7141
8028
8573
8660
8229
7634
6932
6207
6062
5984
5564
4881
3581
2202
1286
434
-235
-535
-1212
-1919
-2126
-2259
-2230
-2242
-2772
-3307
-3535
-3626
-3304
-2732
-2704
-3135
-3424
-3594
-3482
-3199
-3270
-3403
-3544
-3776
-3463
-2491
-1508
-803
-512
-612
-631
-605
-706
-671
-837
-1372
-1760
-1903
-1672
-1240
-1001
-964
-1175
-1566
-1931
-2170
-2232
-2232
-2309
-2316
-2265
-1976
-1680
-1532
-1464
-1605
-1688
-1743
-1689
-1299
-861
-519
-423
-538
-623
-658
-569
-266
302
926
1486
2011
2492
3073
3732
4400
5230
6020
6760
7456
7947
8261
8124
7631
6951
6240
5855
5751
5544
4942
3979
2517
1172
194
-736
-1216
-1774
-2559
-2873
-2952
-2823
-2632
-2816
-3348
-3853
-4002
-3833
-3249
-2755
-2758
-2723
-2568
-2304
-1917
-1755
-1943
-2359
-2795
-2981
-2547
-1705
-1083
-801
-865
-1028
-1076
-1061
-1000
-1101
-1321
-1572
-1758
-1595
-1233
-1023
-972
-1213
-1716
-2033
-2195
-2186
-1892
-1701
-1688
-1643
-1709
-1782
-1850
-2011
-2181
-2365
-2587
-2688
-2363
-1882
-1503
-1239
-1245
-1320
-1238
-1012
-509
253
908
1329
1633
2021
2599
3408
4279
5137
6021
6849
7628
8275
8661
8433
7649
6685
5783
5574
5937
6146
5906
5201
3937
2698
1812
818
101
-769
-1985
-2566
-2591
-2451
-2244
-2500
-3312
-4022
-4391
-4352
-3679
-3024
-3010
-3061
-2975
-2723
-2088
-1593
-1535
-1735
-2116
-2343
-1868
-1007
-388
-164
-478
-1023
-1428
-1777
-1912
-1872
-1990
-2159
-2262
-2080
-1586
-1225
-1128
-1309
-1727
-2128
-2328
-2363
-2122
-1809
-1726
-1680
-1653
-1640
-1585
-1616
-1774
-2063
-2323
-2602
-2634
-2342
-2160
-2061
-2089
-2151
-1906
-1436
-716
168
927
1417
1677
1973
2446
3178
3967
4737
5617
6425
7277
8061
8545
8785
8476
7647
6898
6271
6001
6239
6246
5866
5240
3988
2731
2043
1325
866
324
-740
-1369
-1662
-1948
-2066
-2402
-3246
-4179
-4809
-5023
-4446
-3694
-3492
-3354
-3332
-3311
-2894
-2434
-2181
-2153
-2337
-2436
-1929
-1078
-411
10
-179
-850
-1517
-2100
-2397
-2440
-2649
-2971
-3133
-3076
-2779
-2401
-2149
-2162
-2399
-2709
-2845
-2685
-2321
-1973
-1691
-1547
-1586
-1523
-1540
-1586
-1622
-1842
-2005
-2130
-2102
-1947
-1822
-1701
-1714
-1676
-1443
-943
-119
710
1508
2110
2558
3099
3693
4416
5144
5818
6401
6970
7673
8219
8638
8803
8322
7603
6934
6347
6276
6506
6278
5774
4940
3528
2611
2051
1289
980
327
-716
-1022
-1251
-1482
-1564
-2190
-3349
-4290
-4852
-4989
-4317
-3816
-3855
-3779
-3813
-3698
-3166
-2846
-2795
-2801
-2928
-2791
-1937
-879
-148
265
-46
-712
-1094
-1369
-1470
-1445
-1734
-2135
-2374
-2469
-2432
-2329
-2410
-2753
-3069
-3265
-3163
-2690
-2172
-1822
-1607
-1670
-1832
-1810
-1954
-2073
-2151
-2340
-2353
-2427
-2403
-2253
-2214
-2211
-2318
-2200
-1872
-1380
-610
174
1042
1838
2506
3216
3955
4761
5549
6447
7316
7978
8663
9089
9259
9378
8961
8253
7613
6813
6378
6554
6471
6133
5519
4049
2838
2129
1325
1145
741
-142
-651
-1117
-1422
-1534
-1943
-2983
-4057
-4720
-4956
-4299
-3600
-3495
-3467
-3709
-3879
-3576
-3141
-2833
-2749
-2898
-2925
-2261
-1323
-625
-270
-578
-1212
-1721
-1959
-1772
-1536
-1528
-1785
-2195
-2362
-2473
-2568
-2691
-3070
-3494
-3760
-3652
-3250
-2672
-2296
-2176
-2132
-2227
-2282
-2341
-2328
-2260
-2208
-2192
-2273
-2073
-1863
-1815
-1684
-1579
-1256
-784
-261
579
1588
2529
3227
3843
4451
5024
5725
6416
7268
8100
8696
9294
9653
9872
9903
9299
8529
7633
6676
6372
6312
6046
5688
4671
3128
2133
1272
597
385
-451
-1277
-1639
-2130
-2225
-2160
-2605
-3467
-4257
-4778
-4605
-3789
-3439
-3344
-3232
-3521
-3526
-3148
-2834
-2553
-2642
-2927
-2738
-2028
-1354
-871
-733
-1165
-1778
-2260
-2353
-2008
-1785
-1808
-2046
-2378
-2456
-2541
-2519
-2476
-2756
-3102
-3336
-3322
-3036
-2561
-2344
-2358
-2419
-2670
-2767
-2641
-2461
-2245
-2076
-2131
-2224
-2085
-2065
-2098
-2006
-2037
-1926
-1527
-906
94
1260
2220
2962
3612
4155
4690
5355
6083
6888
7750
8406
8922
9368
9566
9516
9065
8289
7478
6766
6513
6580
6443
6182
5292
3896
2966
2056
1491
1229
376
-389
-988
-1555
-1678
-1701
-2130
-2938
-3626
-4107
-3951
-3187
-2789
-2486
-2417
-2750
-2775
-2538
-2325
-2230
-2407
-2781
-2854
-2432
-1967
-1563
-1532
-2106
-2710
-3179
-3256
-2856
-2652
-2708
-2943
-3360
-3504
-3480
-3435
-3280
-3321
-3520
-3582
-3446
-3086
-2676
-2469
-2501
-2637
-2749
-2874
-2801
-2515
-2314
-2037
-1926
-1980
-1893
-1901
-1936
-1870
-1805
-1710
-1404
-817
-56
927
1887
2628
3326
3919
4533
5304
6179
7007
7769
8398
8877
9291
9542
9532
9123
8436
7660
6899
6660
6707
6509
6264
5381
4060
3221
2368
1783
1523
696
-77
-666
-1247
-1501
-1617
-2138
-3059
-3782
-4335
-4293
-3651
-3300
-3029
-2880
-3048
-2949
-2597
-2274
-2085
-2168
-2455
-2501
-2142
-1832
-1601
-1623
-2237
-2851
-3251
-3356
-3040
-2827
-2931
-3206
-3564
-3809
-3819
-3736
-3671
-3778
-3940
-4022
-3878
-3480
-3171
-2906
-2816
-2982
-2986
-2925
-2777
-2409
-2138
-1937
-1837
-1855
-1759
-1628
-1469
-1322
-1161
-916
-635
-103
654
1517
2368
3110
3774
4405
5083
5736
6467
7256
7803
8259
8615
8881
9146
9166
8802
8252
7560
6723
6348
6358
6144
5912
5212
3986
3183
2418
1706
1429
720
-159
-772
-1326
-1562
-1573
-1885
-2639
-3255
-3760
-3925
-3384
-2992
-2789
-2631
-2797
-2778
-2420
-2109
-1930
-1859
-2010
-2082
-1815
-1542
-1379
-1430
-1977
-2606
-2956
-3103
-2959
-2789
-2903
-3121
-3345
-3533
-3507
-3453
-3473
-3622
-3925
-4174
-4233
-4084
-3925
-3759
-3647
-3704
-3656
-3575
-3451
-3142
-2929
-2723
-2504
-2345
-2112
-1860
-1658
-1494
-1353
-1246
-1054
-615
-16
781
1656
2420
3177
3794
4451
5178
5847
6545
7115
7609
8097
8502
8868
9079
8995
8518
7836
7025
6311
6066
5956
5850
5654
4945
4061
3345
2651
2121
1693
935
132
-465
-1016
-1271
-1401
-1930
-2621
-3239
-3747
-3675
-3175
-2791
-2510
-2489
-2747
-2798
-2635
-2502
-2328
-2286
-2424
-2457
-2311
-2149
-2042
-2146
-2615
-3124
-3474
-3675
-3543
-3392
-3379
-3341
-3441
-3481
-3428
-3411
-3388
-3526
-3685
-3866
-3958
-3871
-3829
-3622
-3529
-3540
-3456
-3504
-3383
-3128
-2851
-2452
-2152
-1922
-1739
-1582
-1398
-1198
-949
-817
-526
-85
481
1399
2314
3109
3887
4439
4912
5506
6079
6660
7354
7882
8281
8734
8954
8982
8794
8213
7396
6536
5816
5495
5444
5367
5013
4298
3408
2563
1865
1439
1035
391
-234
-888
-1396
-1604
-1934
-2417
-2951
-3501
-3789
-3559
-3072
-2697
-2450
-2524
-2726
-2717
-2633
-2467
-2255
-2277
-2393
-2404
-2359
-2307
-2268
-2498
-2931
-3285
-3662
-3761
-3616
-3552
-3433
-3415
-3515
-3519
-3495
-3468
-3414
-3404
-3528
-3594
-3609
-3697
-3558
-3391
-3301
-3118
-3074
-3013
-2811
-2566
-2251
-1939
-1712
-1650
-1615
-1541
-1466
-1243
-1082
-922
-601
-114
638
1590
2562
3337
3898
4361
4860
5475
6183
6877
7396
7782
8124
8377
8680
8828
8550
8026
7239
6325
5804
5680
5593
5520
5126
4216
3446
2837
2196
1911
1440
603
-73
-753
-1231
-1327
-1544
-2141
-2690
-3173
-3525
-3242
-2851
-2706
-2569
-2774
-3020
-2852
-2672
-2512
-2370
-2514
-2798
-2910
-2896
-2847
-2759
-2979
-3355
-3658
-3958
-3977
-3834
-3731
-3679
-3800
-3924
-3906
-3776
-3608
-3442
-3455
-3563
-3658
-3762
-3681
-3498
-3339
-3151
-3028
-2900
-2719
-2450
-2073
-1772
-1489
-1326
-1276
-1147
-1020
-839
-651
-559
-423
-159
354
1068
1926
2761
3419
4040
4619
5222
5962
6647
7209
7692
8066
8272
8513
8747
8689
8487
7909
6982
6215
5601
5253
5216
5024
4469
3697
2865
2113
1655
1296
668
-12
-764
-1469
-1700
-1699
-1867
-2237
-2840
-3498
-3717
-3521
-3253
-2939
-2853
-3070
-3132
-3069
-2876
-2557
-2468
-2662
-2937
-3108
-3145
-2985
-2848
-2942
-3079
-3308
-3539
-3523
-3432
-3395
-3330
-3354
-3428
-3354
-3274
-3146
-2973
-2974
-3068
-3197
-3313
-3306
-3108
-2839
-2555
-2283
-2175
-2140
-1967
-1772
-1533
-1255
-1126
-956
-786
-629
-358
-136
-3
100
309
681
1290
2134
2840
3438
4010
4432
4895
5497
6065
6561
7013
7309
7580
7956
8152
8122
7826
7183
6345
5606
5174
4968
4951
4778
4207
3541
2854
2153
1643
1202
521
-135
-679
-1102
-1131
-1138
-1484
-1988
-2630
-3214
-3359
-3219
-3050
-2886
-2861
-2985
-2943
-2766
-2655
-2603
-2736
-3076
-3292
-3336
-3257
-3055
-2913
-2976
-3138
-3337
-3509
-3512
-3502
-3467
-3381
-3299
-3179
-3050
-2902
-2792
-2780
-2844
-3027
-3183
-3211
-3087
-2796
-2456
-2128
-1960
-1942
-1908
-1891
-1753
-1538
-1367
-1096
-807
-548
-227
40
243
372
498
767
1253
1964
2717
3404
4000
4402
4712
5097
5503
5946
6417
6771
7081
7467
7697
7837
7864
7456
6821
6154
5436
5110
5135
5043
4926
4459
3610
2896
2151
1465
972
357
-299
-804
-1163
-1338
-1445
-1803
-2416
-2977
-3471
-3690
-3534
-3364
-3193
-3138
-3206
-3184
-3119
-3105
-3121
-3193
-3372
-3496
-3470
-3371
-3206
-3144
-3281
-3472
-3743
-3935
-3995
-3944
-3719
-3498
-3307
-3102
-2957
-2833
-2759
-2758
-2840
-2974
-3041
-3018
-2798
-2477
-2149
-1871
-1802
-1813
-1797
-1751
-1557
-1268
-915
-584
-273
78
386
689
932
1129
1458
1852
2369
3053
3676
4216
4652
4928
5171
5501
5830
6208
6689
7049
7369
7594
7605
7479
7113
6554
5910
5296
4862
4619
4509
4363
4009
3420
2764
2049
1380
890
329
-186
-615
-1084
-1359
-1599
-1991
-2441
-2899
-3275
-3436
-3366
-3271
-3184
-3123
-3224
-3260
-3221
-3253
-3219
-3246
-3309
-3267
-3119
-2969
-2915
-2953
-3155
-3408
-3595
-3754
-3790
-3742
-3652
-3488
-3320
-3133
-2935
-2765
-2690
-2700
-2725
-2796
-2835
-2846
-2764
-2572
-2350
-2118
-1978
-1889
-1803
-1708
-1561
-1345
-1086
-815
-532
-207
136
481
755
990
1273
1622
2125
2731
3325
3806
4214
4525
4762
5108
5408
5629
5980
6258
6553
7035
7285
7355
7334
6867
6258
5733
5041
4587
4456
4137
3976
3726
3077
2553
1939
1291
874
407
-101
-509
-891
-1300
-1595
-1931
-2428
-2778
-3150
-3425
-3366
-3345
-3319
-3325
-3481
-3556
-3559
-3606
-3603
-3533
-3561
-3562
-3388
-3313
-3210
-3113
-3289
-3415
-3585
-3800
-3822
-3787
-3683
-3480
-3259
-3069
-2779
-2559
-2481
-2311
-2273
-2342
-2346
-2334
-2229
-2046
-1849
-1699
-1583
-1505
-1464
-1303
-1133
-928
-595
-281
95
487
817
1095
1281
1466
1712
2049
2524
3058
3586
4006
4342
4652
4962
5246
5471
5676
5860
6130
6541
6907
7198
7229
6833
6271
5569
4937
4627
4369
4100
3859
3348
2753
2295
1678
1167
734
102
-334
-654
-991
-1176
-1418
-1885
-2370
-2784
-3193
-3295
-3199
-3301
-3339
-3446
-3649
-3612
-3562
-3535
-3457
-3510
-3667
-3656
-3472
-3317
-3057
-2927
-3079
-3193
-3395
-3534
-3397
-3320
-3257
-3146
-3054
-2916
-2640
-2374
-2175
-1990
-1998
-2076
-1981
-1854
-1705
-1539
-1470
-1462
-1451
-1436
-1366
-1200
-1067
-897
-604
-301
111
578
940
1208
1341
1450
1618
1915
2336
2771
3223
3594
3899
4254
4533
4805
5083
5285
5523
5855
6182
6549
6828
6795
6538
6120
5458
4892
4533
4157
4011
3835
3297
2816
2281
1581
1205
825
275
-42
-405
-790
-907
-1108
-1500
-1815
-2276
-2764
-2855
-2909
-3016
-2978
-3155
-3365
-3306
-3319
-3274
-3148
-3282
-3516
-3533
-3490
-3340
-3003
-2916
-2987
-3045
-3269
-3343
-3167
-3112
-3018
-2898
-2894
-2756
-2504
-2320
-2163
-2061
-2162
-2197
-2103
-1998
-1791
-1560
-1470
-1410
-1357
-1363
-1270
-1132
-1067
-877
-612
-317
132
582
932
1234
1401
1522
1721
2013
2452
2938
3400
3784
4100
4349
4537
4731
4951
5203
5517
5820
6126
6386
6463
6357
6067
5521
4866
4359
3973
3762
3707
3386
2872
2333
1528
948
612
110
-263
-597
-1046
-1196
-1218
-1405
-1567
-1898
-2506
-2846
-2902
-2952
-2814
-2803
-3025
-3133
-3223
-3296
-3217
-3168
-3335
-3514
-3447
-3350
-3089
-2772
-2801
-2895
-3053
-3318
-3272
-3028
-2828
-2627
-2430
-2356
-2217
-1945
-1876
-1757
-1661
-1803
-1741
-1587
-1439
-1167
-989
-946
-931
-870
-886
-795
-582
-470
-190
101
350
736
1010
1247
1445
1589
1779
1986
2346
2732
3152
3536
3791
3992
4149
4366
4563
4791
5094
5274
5536
5747
5818
5884
5635
5147
4571
3975
3597
3382
3325
3153
2738
2243
1563
999
666
243
-168
-545
-958
-1205
-1250
-1335
-1473
-1708
-2236
-2647
-2742
-2744
-2594
-2492
-2638
-2813
-2995
-3117
-3052
-2999
-3130
-3330
-3415
-3396
-3131
-2726
-2597
-2652
-2888
-3288
-3372
-3203
-2995
-2702
-2572
-2564
-2463
-2298
-2103
-1888
-1837
-1959
-1996
-1895
-1736
-1471
-1270
-1241
-1246
-1270
-1224
-1070
-846
-663
-430
-184
43
382
683
906
1152
1337
1535
1815
2135
2541
2995
3423
3743
3995
4152
4252
4448
4682
4957
5259
5439
5524
5595
5560
5406
5139
4539
3878
3443
3105
3021
3008
2627
2118
1488
738
431
235
-128
-388
-770
-1112
-1145
-1129
-1200
-1312
-1723
-2272
-2414
-2394
-2292
-2060
-2108
-2273
-2392
-2596
-2634
-2572
-2721
-2945
-3043
-3064
-2888
-2525
-2390
-2405
-2530
-2867
-2993
-2919
-2809
-2593
-2462
-2390
-2288
-2202
-2122
-2014
-1928
-1961
-1921
-1802
-1685
-1497
-1326
-1209
-1121
-1076
-1056
-997
-879
-694
-397
-67
201
473
694
858
1018
1193
1442
1687
1973
2312
2693
3113
3466
3752
3964
4130
4291
4486
4731
5007
5245
5359
5347
5242
5062
4752
4347
3827
3299
2889
2642
2443
2183
1798
1203
604
114
-253
-496
-750
-1060
-1271
-1406
-1511
-1551
-1679
-1964
-2300
-2531
-2543
-2413
-2257
-2250
-2357
-2477
-2641
-2713
-2694
-2761
-2894
-3065
-3147
-3003
-2769
-2634
-2585
-2624
-2783
-2850
-2745
-2570
-2345
-2242
-2231
-2146
-2030
-1926
-1796
-1656
-1612
-1589
-1515
-1439
-1259
-1086
-1012
-881
-791
-736
-651
-525
-339
-108
164
390
598
798
953
1179
1443
1689
1975
2181
2376
2654
2975
3294
3589
3858
3996
4177
4382
4530
4822
4972
4936
4947
4801
4635
4536
4245
3835
3444
2921
2490
2276
1958
1588
1174
580
89
-211
-557
-793
-988
-1290
-1493
-1609
-1678
-1692
-1762
-1958
-2124
-2180
-2182
-2171
-2152
-2229
-2393
-2475
-2504
-2490
-2428
-2508
-2671
-2772
-2837
-2808
-2696
-2635
-2650
-2665
-2720
-2706
-2540
-2460
-2390
-2291
-2262
-2171
-2002
-1850
-1689
-1561
-1552
-1560
-1517
-1520
-1451
-1293
-1191
-1030
-862
-752
-585
-405
-219
-4
208
387
583
837
1054
1358
1680
1921
2186
2401
2617
2866
3148
3429
3670
3921
4108
4269
4469
4585
4632
4636
4540
4427
4318
4146
3927
3661
3280
2857
2456
2000
1594
1210
793
441
114
-259
-604
-930
-1258
-1521
-1728
-1926
-2062
-2145
-2261
-2299
-2314
-2359
-2400
-2450
-2530
-2566
-2551
-2575
-2581
-2572
-2606
-2613
-2602
-2631
-2637
-2672
-2694
-2625
-2508
-2409
-2310
-2252
-2276
-2218
-2106
-1964
-1790
-1689
-1619
-1503
-1376
-1209
-1014
-929
-926
-942
-929
-843
-667
-526
-395
-276
-199
-48
137
342
540
712
896
1109
1347
1600
1846
2047
2256
2450
2671
2942
3154
3323
3512
3670
3825
4056
4149
4152
4141
4018
3943
3914
3820
3685
3481
3139
2774
2465
2070
1709
1353
919
568
242
-86
-319
-593
-934
-1225
-1509
-1772
-1913
-1991
-2067
-2085
-2142
-2232
-2256
-2312
-2338
-2280
-2288
-2288
-2296
-2344
-2334
-2309
-2302
-2338
-2405
-2510
-2600
-2572
-2463
-2336
-2216
-2169
-2176
-2181
-2162
-2083
-1957
-1869
-1839
-1799
-1727
-1633
-1482
-1372
-1326
-1310
-1309
-1263
-1129
-935
-766
-591
-439
-309
-122
44
188
352
496
677
911
1159
1405
1631
1840
2033
2268
2544
2808
3059
3299
3508
3729
3874
3975
3994
3937
3902
3820
3793
3779
3696
3581
3391
3126
2810
2458
2029
1640
1346
1032
777
523
168
-166
-518
-822
-1024
-1249
-1449
-1583
-1716
-1770
-1765
-1774
-1838
-1950
-2088
-2150
-2109
-2062
-2007
-2021
-2118
-2214
-2269
-2287
-2290
-2349
-2446
-2482
-2448
-2362
-2221
-2128
-2103
-2128
-2205
-2204
-2153
-2103
-2017
-1971
-1912
-1840
-1780
-1711
-1662
-1606
-1534
-1416
-1257
-1076
-867
-675
-507
-302
-129
19
150
269
435
631
867
1112
1316
1493
1624
1757
1942
2156
2410
2678
2926
3163
3396
3544
3700
3799
3767
3781
3716
3652
3653
3612
3564
3483
3287
3018
2767
2453
2151
1866
1507
1177
884
576
302
-1
-355
-693
-999
-1258
-1423
-1545
-1675
-1770
-1838
-1910
-1951
-1983
-2049
-2087
-2146
-2184
-2143
-2142
-2157
-2220
-2350
-2461
-2544
-2594
-2603
-2595
-2604
-2598
-2564
-2507
-2441
-2392
-2376
-2375
-2366
-2338
-2278
-2199
-2141
-2089
-2034
-1990
-1913
-1829
-1738
-1589
-1426
-1240
-1032
-837
-650
-456
-289
-103
75
250
440
618
803
1015
1229
1421
1618
1786
1940
2112
2343
2583
2827
3062
3247
3401
3524
3623
3689
3730
3732
3687
3640
3582
3539
3477
3374
3203
2991
2782
2513
2295
2077
1779
1456
1109
762
459
170
-139
-444
-736
-1030
-1230
-1385
-1523
-1625
-1755
-1855
-1905
-1926
-1962
-2008
-2055
-2137
-2213
-2268
-2319
-2359
-2437
-2541
-2605
-2676
-2710
-2714
-2722
-2739
-2780
-2790
-2754
-2715
-2670
-2615
-2546
-2492
-2443
-2387
-2339
-2290
-2246
-2188
-2091
-1975
-1856
-1716
-1531
-1322
-1120
-916
-702
-489
-302
-80
139
354
561
727
927
1142
1349
1574
1785
1988
2185
2391
2634
2897
3139
3352
3496
3607
3727
3835
3888
3921
3898
3827
3755
3663
3616
3507
3328
3149
2940
2739
2542
2346
2128
1875
1588
1221
920
621
272
10
-324
-649
-925
-1222
-1435
-1610
-1785
-1949
-2074
-2194
-2282
-2280
-2341
-2395
-2451
-2592
-2663
-2743
-2828
-2892
-3001
-3048
-3115
-3106
-3102
-3105
-3062
-3099
-3085
-3060
-3026
-2921
-2843
-2721
-2629
-2532
-2421
-2365
-2280
-2192
-2074
-1930
-1794
-1592
-1428
-1235
-1002
-803
-561
-358
-148
46
240
434
626
852
987
1146
1326
1454
1662
1832
2032
2262
2438
2670
2899
3098
3268
3424
3535
3604
3673
3679
3680
3684
3606
3576
3514
3387
3261
3081
2880
2708
2567
2362
2160
1944
1675
1457
1208
940
678
383
102
-164
-436
-691
-942
-1219
-1474
-1648
-1821
-1951
-2073
-2204
-2297
-2387
-2433
-2490
-2548
-2635
-2740
-2807
-2860
-2909
-2951
-3017
-3080
-3144
-3143
-3141
-3147
-3122
-3130
-3079
-3031
-2945
-2835
-2758
-2684
-2615
-2519
-2399
-2280
-2135
-1995
-1853
-1715
-1534
-1333
-1128
-914
-702
-477
-269
-34
203
427
645
827
1020
1212
1373
1552
1704
1893
2087
2288
2495
2702
2898
3064
3249
3437
3592
3727
3800
3829
3821
3795
3793
3735
3643
3486
3318
3183
3025
2883
2752
2523
2279
2047
1807
1605
1373
1113
864
592
321
105
-162
-440
-704
-1003
-1214
-1414
-1618
-1747
-1905
-2114
-2245
-2339
-2441
-2490
-2589
-2667
-2724
-2820
-2855
-2868
-2937
-3049
-3141
-3229
-3291
-3282
-3281
-3267
-3244
-3261
-3207
-3119
-3016
-2903
-2817
-2711
-2606
-2496
-2330
-2170
-2009
-1862
-1719
-1539
-1348
-1109
-882
-640
-427
-236
-1
211
439
666
893
1117
1293
1483
1659
1859
2030
2180
2356
2514
2674
2843
3016
3197
3335
3462
3568
3640
3715
3743
3764
3743
3699
3631
3526
3411
3241
3063
2869
2661
2472
2267
2057
1855
1656
1436
1188
961
694
462
214
-49
-254
-501
-699
-915
-1146
-1313
-1508
-1718
-1906
-2081
-2191
-2280
-2340
-2404
-2467
-2573
-2681
-2721
-2817
-2893
-2991
-3128
-3188
-3267
-3299
-3302
-3342
-3393
-3438
-3425
-3391
-3287
-3165
-3104
-3001
-2923
-2800
-2612
-2460
-2281
-2132
-1978
-1803
-1599
-1376
-1183
-946
-720
-519
-291
-81
157
397
617
839
1048
1289
1497
1720
1964
2167
2377
2528
2692
2901
3077
3257
3396
3515
3587
3652
3728
3777
3815
3799
3747
3700
3629
3567
3463
3282
3065
2829
2649
2465
2304
2122
1864
1591
1337
1126
973
748
476
213
-63
-258
-420
-596
-798
-1057
-1319
-1560
-1670
-1757
-1875
-1971
-2135
-2268
-2332
-2393
-2443
-2536
-2692
-2842
-2891
-2930
-2986
-2994
-3106
-3212
-3274
-3355
-3338
-3344
-3338
-3316
-3272
-3176
-3083
-2948
-2835
-2713
-2565
-2442
-2243
-2063
-1902
-1709
-1557
-1339
-1128
-889
-654
-455
-199
20
271
525
721
924
1102
1314
1542
1788
2016
2199
2420
2602
2812
3013
3173
3337
3436
3574
3701
3816
3878
3854
3844
3790
3732
3691
3579
3455
3295
3098
2970
2833
2657
2446
2230
1971
1722
1551
1333
1136
927
638
410
208
-37
-250
-466
-774
-1038
-1232
-1420
-1536
-1639
-1800
-1917
-2045
-2190
-2260
-2327
-2434
-2526
-2602
-2702
-2775
-2838
-2917
-2968
-3035
-3120
-3184
-3205
-3236
-3209
-3137
-3109
-3083
-3028
-2971
-2823
-2654
-2515
-2357
-2226
-2091
-1902
-1674
-1466
-1278
-1129
-986
-798
-543
-279
-27
185
346
550
762
997
1224
1399
1553
1725
1925
2152
2389
2574
2712
2832
2962
3129
3278
3408
3490
3537
3600
3647
3681
3655
3587
3500
3389
3319
3238
3101
2934
2733
2560
2399
2239
2075
1856
1634
1395
1203
1041
831
620
350
107
-101
-291
-458
-683
-933
-1165
-1355
-1466
-1544
-1641
-1772
-1914
-2042
-2151
-2176
-2207
-2291
-2408
-2555
-2642
-2685
-2733
-2787
-2862
-2962
-3060
-3070
-3027
-3002
-2961
-2957
-2921
-2847
-2727
-2556
-2409
-2267
-2177
-2054
-1874
-1701
-1508
-1325
-1158
-1001
-816
-592
-376
-151
29
209
391
555
771
990
1184
1377
1537
1710
1907
2090
2293
2446
2563
2690
2825
2954
3088
3196
3267
3311
3314
3303
3319
3299
3228
3134
3019
2923
2835
2745
2617
2441
2214
2006
1837
1687
1529
1366
1166
970
777
583
383
177
-23
-244
-448
-644
-809
-953
-1148
-1323
-1459
-1623
-1737
-1835
-1933
-2000
-2074
-2148
-2215
-2283
-2367
-2450
-2489
-2560
-2635
-2692
-2745
-2762
-2767
-2747
-2745
-2737
-2701
-2634
-2511
-2387
-2251
-2105
-1979
-1826
-1646
-1448
-1274
-1119
-982
-821
-639
-450
-275
-109
38
192
373
558
740
896
1055
1212
1385
1569
1717
1868
2002
2104
2237
2382
2519
2599
2650
2699
2760
2835
2901
2961
2957
2911
2891
2882
2850
2787
2687
2560
2452
2346
2238
2126
1974
1790
1611
1459
1315
1178
1010
824
640
455
299
147
-23
-221
-410
-613
-767
-903
-1075
-1220
-1380
-1528
-1645
-1730
-1794
-1875
-1954
-2050
-2101
-2173
-2249
-2302
-2393
-2454
-2481
-2509
-2529
-2527
-2525
-2517
-2475
-2408
-2362
-2284
-2193
-2070
-1934
-1807
-1651
-1511
-1370
-1213
-1048
-898
-763
-617
-467
-290
-97
77
224
334
458
619
788
968
1124
1261
1404
1537
1709
1864
1996
2085
2144
2224
2304
2407
2483
2543
2592
2637
2677
2717
2716
2683
2643
2597
2555
2518
2474
2388
2279
2141
1995
1861
1718
1574
1432
1292
1136
985
846
680
503
319
122
-61
-239
-411
-594
-752
-891
-1031
-1166
-1304
-1456
-1585
-1693
-1772
-1819
-1879
-1935
-2010
-2070
-2110
-2170
-2222
-2271
-2337
-2368
-2369
-2349
-2324
-2309
-2293
-2243
-2181
-2099
-2000
-1897
-1791
-1662
-1518
-1354
-1203
-1081
-948
-821
-671
-495
-334
-185
-31
85
235
401
540
675
788
917
1061
1210
1368
1497
1614
1692
1803
1939
2029
2111
2175
2222
2276
2359
2431
2472
2485
2458
2460
2477
2458
2405
2350
2254
2155
2080
1994
1926
1799
1633
1487
1342
1206
1073
937
772
591
420
277
151
-12
-235
-421
-614
-796
-944
-1090
-1236
-1375
-1515
-1621
-1729
-1829
-1927
-2013
-2069
-2125
-2152
-2192
-2234
-2286
-2315
-2327
-2330
-2343
-2358
-2365
-2340
-2281
-2227
-2149
-2091
-2039
-1965
-1878
-1743
-1596
-1471
-1315
-1180
-1042
-889
-735
-594
-467
-337
-197
-37
123
270
411
543
679
813
936
1066
1188
1309
1428
1534
1661
1769
1867
1955
2040
2110
2161
2211
2251
2298
2353
2411
2432
2421
2383
2344
2286
2235
2186
2104
2025
1934
1841
1745
1636
1496
1360
1223
1093
975
847
720
575
434
302
165
9
-162
-356
-528
-692
-834
-942
-1071
-1187
-1314
-1413
-1486
-1552
-1644
-1722
-1778
-1846
-1877
-1905
-1926
-1951
-1978
-1995
-1999
-1980
-1965
-1941
-1917
-1863
-1787
-1708
-1606
-1517
-1455
-1382
-1282
-1171
-1037
-922
-788
-678
-561
-408
-268
-142
-51
41
156
307
451
599
742
862
972
1108
1278
1415
1518
1591
1659
1739
1842
1945
2035
2094
2123
2162
2208
2274
2317
2343
2345
2320
2319
2326
2319
2275
2191
2097
2008
1911
1801
1688
1577
1434
1299
1157
1028
886
729
567
424
293
158
32
-118
-298
-469
-623
-774
-915
-1084
-1238
-1370
-1480
-1563
-1641
-1703
-1762
-1809
-1855
-1896
-1914
-1929
-1926
-1897
-1852
-1809
-1791
-1807
-1809
-1783
-1735
-1667
-1616
-1544
-1466
-1378
-1264
-1153
-1036
-961
-875
-754
-613
-441
-307
-204
-116
-42
46
156
266
376
464
563
702
858
1005
1134
1244
1328
1427
1531
1632
1740
1798
1852
1915
1956
1994
2018
2043
2054
2062
2088
2123
2147
2151
2142
2107
2055
2012
1945
1875
1789
1693
1571
1448
1325
1202
1065
908
758
625
489
371
254
119
-1
-149
-291
-423
-560
-703
-837
-979
-1112
-1234
-1356
-1453
-1537
-1624
-1680
-1746
-1786
-1817
-1832
-1829
-1811
-1812
-1802
-1799
-1780
-1739
-1729
-1677
-1649
-1603
-1543
-1485
-1414
-1347
-1273
-1198
-1102
-992
-869
-738
-618
-505
-384
-293
-187
-107
-35
61
169
293
403
500
590
679
775
868
982
1081
1159
1265
1342
1415
1497
1568
1600
1622
1653
1685
1741
1786
1813
1819
1810
1815
1816
1822
1817
1787
1747
1685
1646
1595
1531
1439
1312
1181
1037
914
798
676
561
434
291
172
34
-98
-208
-347
-468
-587
-723
-829
-939
-1064
-1167
-1270
-1375
-1469
-1531
-1598
-1649
-1681
-1708
-1736
-1744
-1751
-1738
-1711
-1701
-1685
-1654
-1618
-1566
-1487
-1423
-1353
-1291
-1236
-1168
-1077
-1001
-932
-836
-748
-644
-529
-407
-299
-190
-85
7
96
218
346
445
542
619
698
779
854
950
1030
1082
1133
1190
1265
1340
1392
1429
1473
1483
1520
1555
1600
1646
1635
1631
1626
1614
1601
1575
1556
1513
1451
1397
1340
1295
1234
1148
1043
934
824
694
590
480
358
214
84
-14
-131
-259
-388
-526
-639
-746
-819
-885
-981
-1078
-1184
-1254
-1330
-1405
-1481
-1547
-1598
-1619
-1626
-1635
-1643
-1664
-1660
-1643
-1597
-1552
-1501
-1445
-1386
-1319
-1251
-1171
-1104
-1075
-1011
-943
-846
-755
-661
-561
-473
-393
-312
-219
-116
-25
58
179
265
339
420
508
586
638
724
800
881
943
993
1070
1132
1187
1240
1271
1308
1320
1347
1404
1436
1433
1427
1414
1409
1407
1402
1409
1393
1365
1306
1279
1236
1178
1113
1047
962
854
757
675
577
459
350
235
123
13
-93
-174
-275
-399
-506
-600
-682
-768
-857
-945
-1026
-1114
-1187
-1228
-1288
-1351
-1404
-1422
-1441
-1450
-1454
-1442
-1458
-1467
-1445
-1403
-1369
-1367
-1326
-1276
-1213
-1149
-1073
-1012
-960
-904
-825
-717
-623
-556
-486
-401
-317
-222
-148
-76
1
54
113
198
289
364
421
504
583
662
741
798
870
933
987
1056
1121
1160
1187
1206
1227
1248
1264
1276
1288
1271
1264
1271
1287
1278
1261
1226
1201
1165
1117
1062
1016
946
857
788
698
609
487
367
255
146
41
-41
-120
-205
-305
-421
-527
-627
-734
-816
-889
-984
-1047
-1128
-1193
-1254
-1327
-1381
-1398
-1436
-1480
-1483
-1478
-1463
-1464
-1436
-1404
-1373
-1349
-1298
-1227
-1175
-1129
-1082
-1022
-944
-875
-809
-713
-641
-577
-490
-381
-277
-192
-109
-28
49
130
197
282
345
411
482
555
632
677
750
820
880
930
980
1030
1075
1132
1190
1239
1281
1264
1263
1287
1291
1303
1309
1322
1313
1310
1303
1276
1267
1247
1187
1147
1103
1040
990
918
844
762
669
563
490
404
302
209
113
16
-72
-153
-240
-338
-441
-544
-641
-717
-794
-878
-963
-1038
-1112
-1168
-1236
-1290
-1336
-1379
-1384
-1393
-1379
-1370
-1359
-1355
-1343
-1320
-1297
-1245
-1199
-1148
-1081
-1014
-952
-886
-830
-767
-705
-647
-550
-466
-378
-290
-197
-112
-20
78
166
241
319
405
481
557
633
699
765
833
881
939
984
1024
1068
1115
1165
1202
1224
1230
1248
1263
1266
1290
1317
1320
1287
1284
1276
1255
1242
1210
1189
1144
1097
1051
1002
955
879
801
729
651
554
473
369
273
165
67
-39
-150
-260
-366
-462
-552
-628
-716
-798
-894
-975
-1057
-1123
-1186
-1252
-1294
-1331
-1379
-1417
-1449
-1449
-1445
-1444
-1426
-1389
-1364
-1333
-1290
-1236
-1163
-1101
-1026
-953
-884
-803
-718
-635
-549
-476
-390
-296
-201
-99
-10
70
147
235
324
418
494
548
608
672
735
773
824
875
913
949
986
1045
1096
1116
1110
1138
1175
1190
1207
1202
1196
1190
1179
1166
1134
1114
1083
1044
996
981
947
890
824
750
677
600
535
456
382
289
195
102
3
-111
-209
-307
-426
-519
-607
-695
-769
-851
-936
-1018
-1106
-1169
-1223
-1277
-1336
-1372
-1410
-1443
-1477
-1517
-1534
-1540
-1546
-1551
-1537
-1505
-1466
-1426
-1372
-1308
-1254
-1196
-1125
-1039
-953
-876
-820
-755
-650
-544
-446
-355
-274
-190
-101
-4
103
184
260
330
395
472
568
637
682
733
786
859
926
972
1021
1056
1104
1133
1151
1198
1223
1224
1228
1229
1226
1243
1226
1224
1210
1195
1169
1143
1112
1084
1048
990
951
921
866
814
746
661
604
533
456
385
309
236
144
46
-39
-145
-235
-335
-440
-532
-628
-716
-807
-885
-947
-1025
-1094
-1162
-1200
-1231
-1262
-1298
-1310
-1336
-1358
-1363
-1371
-1347
-1332
-1323
-1306
-1278
-1226
-1162
-1102
-1035
-967
-907
-834
-737
-632
-527
-431
-346
-273
-187
-94
-10
64
151
223
306
386
462
561
629
681
756
834
910
960
1011
1067
1108
1145
1161
1208
1234
1238
1242
1240
1229
1223
1217
1218
1205
1173
1167
1135
1096
1050
1014
967
911
856
804
760
704
643
580
513
443
368
306
237
147
65
-27
-109
-191
-278
-366
-439
-516
-589
-668
-739
-810
-889
-950
-1015
-1062
-1109
-1150
-1173
-1208
-1239
-1251
-1268
-1280
-1311
-1305
-1278
-1272
-1249
-1229
-1199
-1148
-1110
-1070
-1004
-942
-874
-806
-738
-668
-593
-529
-465
-380
-286
-199
-110
-16
80
165
244
333
419
493
573
649
708
782
851
906
952
991
1040
1076
1118
1131
1161
1194
1217
1236
1227
1235
1240
1221
1190
1159
1142
1113
1072
1037
1001
955
898
840
790
724
657
595
529
459
393
326
248
161
86
-6
-93
-176
-253
-338
-428
-507
-588
-660
-751
-827
-899
-964
-1032
-1081
-1139
-1185
-1218
-1261
-1297
-1333
-1362
-1381
-1403
-1423
-1411
-1399
-1384
-1369
-1350
-1325
-1291
-1248
-1202
-1147
-1085
-1022
-954
-880
-814
-736
-668
-606
-536
-453
-358
-258
-171
-84
-10
66
139
222
317
396
470
542
616
687
741
795
857
922
963
999
1040
1079
1114
1135
1157
1162
1170
1176
1171
1153
1135
1119
1118
1093
1052
1018
959
902
841
793
737
667
588
507
443
381
308
223
156
71
-14
-97
-183
-262
-350
-425
-503
-584
-668
-725
-788
-869
-934
-979
-1027
-1082
-1110
-1149
-1174
-1207
-1255
-1259
-1272
-1293
-1301
-1305
-1308
-1303
-1281
-1242
-1197
-1185
-1161
-1116
-1037
-986
-914
-825
-744
-673
-609
-532
-449
-368
-297
-221
-147
-51
44
131
226
314
392
469
541
605
676
756
812
862
915
963
1013
1044
1075
1124
1150
1166
1168
1169
1172
1170
1146
1142
1127
1074
1044
1011
972
941
889
849
813
750
689
634
569
509
447
374
312
252
169
101
26
-57
-134
-216
-286
-357
-423
-484
-547
-617
-686
-746
-816
-867
-928
-973
-1012
-1050
-1076
-1115
-1152
-1173
-1196
-1192
-1188
-1206
-1197
-1189
-1182
-1162
-1134
-1106
-1064
-1023
-963
-892
-841
-784
-723
-659
-558
-486
-411
-326
-244
-172
-92
2
87
170
247
317
384
452
523
583
644
702
754
812
863
904
948
978
1010
1035
1046
1071
1091
1091
1081
1104
1086
1053
1034
1013
996
968
927
893
862
816
756
712
665
599
533
467
413
349
281
219
157
101
33
-31
-100
-184
-244
-324
-384
-443
-516
-571
-650
-714
-776
-842
-887
-936
-964
-1006
-1066
-1102
-1143
-1147
-1166
-1189
-1200
-1200
-1203
-1173
-1129
-1109
-1100
-1086
-1062
-1026
-975
-921
-859
-800
-735
-663
-587
-507
-445
-392
-325
-248
-170
-94
-4
72
144
209
283
348
408
488
562
622
670
719
752
798
832
847
866
876
885
921
964
962
954
958
940
915
893
867
844
805
767
732
691
656
611
569
523
458
393
328
269
222
168
123
92
15
-50
-113
-164
-226
-313
-369
-432
-487
-524
-549
-586
-644
-705
-754
-790
-828
-869
-893
-925
-950
-963
-973
-992
-1024
-1048
-1050
-1044
-1027
-1024
-1011
-983
-955
-924
-910
-878
-828
-790
-729
-670
-606
-565
-508
-440
-368
-296
-242
-165
-99
-30
47
121
202
260
317
397
473
535
592
659
693
755
811
832
875
905
935
960
961
984
989
971
984
996
1006
1009
1008
990
976
962
940
912
876
830
798
760
719
673
606
525
471
408
330
263
194
138
93
31
-37
-94
-159
-220
-263
-313
-362
-415
-474
-509
-563
-629
-701
-748
-793
-825
-862
-893
-914
-933
-934
-953
-962
-968
-979
-970
-960
-951
-929
-908
-888
-870
-844
-808
-764
-725
-667
-594
-545
-496
-427
-362
-303
-231
-159
-83
-6
69
143
217
291
354
406
484
558
612
650
702
740
769
817
861
913
941
953
976
986
997
1008
1006
1004
987
979
982
970
950
924
902
856
813
762
708
656
606
548
499
431
374
330
259
200
134
62
0
-56
-141
-197
-257
-335
-394
-460
-499
-550
-592
-656
-700
-750
-808
-840
-886
-908
-930
-965
-984
-994
-1004
-1019
-1046
-1038
-1032
-1028
-1016
-995
-944
-919
-889
-856
-813
-766
-715
-655
-584
-515
-473
-409
-342
-282
-195
-121
-57
25
93
158
226
298
353
415
490
566
627
686
737
771
815
857
910
923
948
974
991
993
967
960
976
984
957
941
921
886
857
825
783
760
721
687
665
629
564
501
444
378
312
249
193
135
77
-4
-62
-119
-201
-253
-301
-369
-437
-495
-543
-587
-630
-693
-749
-800
-835
-873
-908
-929
-960
-985
-1006
-1032
-1053
-1060
-1069
-1078
-1074
-1069
-1051
-1015
-1013
-988
-961
-942
-912
-897
-855
-807
-763
-708
-640
-578
-512
-446
-373
-321
-253
-161
-94
-9
51
133
191
247
334
414
466
528
588
638
680
716
758
804
846
865
906
934
958
965
953
971
970
972
958
947
943
922
907
876
848
801
750
695
652
606
549
487
428
352
286
234
170
114
42
-12
-81
-146
-190
-252
-316
-386
-444
-489
-540
-595
-636
-679
-718
-768
-812
-844
-883
-907
-947
-954
-980
-986
-983
-998
-998
-992
-988
-989
-984
-957
-912
-890
-865
-826
-772
-733
-694
-638
-583
-540
-492
-437
-364
-297
-255
-190
-112
-36
44
104
186
282
346
396
456
531
588
639
679
719
762
794
823
861
883
898
892
894
928
930
922
916
909
905
894
866
848
809
778
759
717
686
641
596
536
483
432
376
298
232
179
108
52
-15
-72
-125
-214
-271
-328
-383
-440
-498
-541
-590
-645
-686
-718
-758
-799
-841
-844
-855
-886
-907
-906
-910
-938
-948
-929
-916
-904
-907
-902
-869
-857
-834
-794
-739
-693
-675
-639
-580
-530
-472
-412
-367
-321
-269
-187
-122
-66
4
59
133
199
256
321
380
430
471
538
597
644
690
744
784
787
818
854
878
890
908
918
920
916
918
913
893
864
849
854
828
796
778
758
731
692
655
619
563
505
444
389
334
263
206
144
88
39
-26
-82
-135
-204
-264
-296
-348
-411
-463
-507
-540
-599
-659
-702
-727
-771
-816
-838
-853
-886
-923
-954
-962
-971
-1000
-984
-977
-961
-939
-935
-911
-875
-859
-819
-790
-742
-693
-646
-601
-576
-513
-482
-442
-397
-334
-253
-180
-140
-76
10
69
138
206
270
326
377
441
495
539
570
622
662
696
721
743
774
806
818
811
828
836
829
825
814
802
773
740
715
683
651
617
593
562
513
464
431
398
353
294
239
195
136
94
51
3
-50
-99
-125
-177
-220
-265
-303
-339
-361
-398
-427
-469
-516
-538
-564
-593
-609
-622
-651
-666
-683
-683
-694
-705
-703
-692
-696
-691
-678
-650
-632
-626
-614
-597
-549
-530
-502
-450
-396
-374
-343
-281
-236
-202
-167
-102
-48
-5
34
95
165
215
256
311
369
412
447
493
547
591
625
667
697
733
755
782
816
816
809
813
814
787
767
759
758
742
714
690
661
634
584
554
528
498
466
438
402
359
308
248
206
144
98
52
23
-13
-65
-95
-137
-195
-247
-299
-327
-365
-397
-429
-452
-486
-533
-552
-592
-606
-632
-650
-637
-654
-674
-660
-669
-666
-688
-689
-669
-663
-666
-655
-620
-595
-573
-543
-502
-490
-471
-446
-383
-344
-318
-272
-220
-165
-134
-59
0
58
97
131
205
261
308
359
406
452
490
526
583
607
648
683
688
719
724
739
753
759
760
759
772
753
748
729
725
700
669
636
598
567
537
510
459
430
383
355
312
279
264
218
177
123
70
19
-35
-86
-124
-153
-187
-244
-267
-299
-342
-368
-405
-431
-470
-502
-516
-543
-570
-591
-620
-626
-624
-654
-641
-641
-649
-646
-645
-651
-645
-649
-618
-597
-591
-577
-549
-513
-489
-447
-424
-391
-367
-344
-284
-228
-181
-133
-76
-19
25
69
109
143
184
238
292
332
375
426
461
489
513
543
567
593
619
640
667
673
688
699
690
679
659
646
619
595
580
562
540
504
469
432
417
391
360
346
323
292
244
186
140
96
38
-8
-50
-95
-141
-184
-229
-249
-280
-307
-324
-353
-373
-390
-408
-444
-481
-503
-515
-541
-552
-544
-563
-592
-602
-614
-615
-625
-621
-601
-593
-578
-566
-543
-525
-500
-484
-445
-408
-376
-357
-323
-283
-253
-229
-202
-161
-124
-85
-42
8
65
111
150
205
244
296
335
374
407
420
471
499
529
566
591
610
619
626
644
649
656
662
651
674
655
640
620
607
584
565
543
520
497
468
445
412
392
346
308
267
231
208
171
117
78
55
5
-38
-70
-94
-119
-157
-192
-226
-250
-283
-329
-351
-370
-394
-420
-442
-460
-467
-497
-521
-526
-537
-531
-550
-542
-531
-530
-517
-508
-486
-471
-456
-441
-406
-389
-369
-334
-296
-247
-237
-201
-173
-141
-100
-84
-25
26
63
97
134
175
211
244
263
296
325
360
396
413
445
488
514
540
560
578
593
598
622
646
661
649
639
634
612
594
586
554
524
508
474
454
428
388
354
330
313
271
229
199
162
112
63
29
22
-20
-61
-85
-129
-161
-189
-209
-230
-266
-284
-312
-329
-351
-369
-373
-403
-412
-427
-431
-450
-450
-464
-466
-468
-475
-462
-458
-440
-423
-415
-409
-400
-374
-366
-337
-308
-270
-226
-196
-167
-133
-98
-73
-40
-7
39
66
100
137
181
227
243
264
282
321
358
395
426
459
489
504
517
538
548
559
568
566
583
584
580
577
573
568
553
543
521
500
473
452
433
388
351
333
297
268
239
211
185
161
125
86
52
19
-36
-68
-94
-114
-134
-168
-192
-226
-271
-298
-307
-336
-345
-363
-393
-428
-440
-457
-481
-501
-513
-490
-494
-504
-505
-491
-498
-512
-517
-507
-487
-480
-462
-429
-416
-412
-401
-366
-323
-312
-289
-253
-207
-164
-146
-110
-64
-24
5
40
79
120
151
190
236
274
319
344
374
412
444
462
485
520
532
549
577
589
622
616
614
616
612
611
594
572
569
550
524
489
477
461
416
400
387
350
323
280
255
243
213
185
156
137
102
54
34
17
-18
-78
-113
-131
-157
-182
-230
-256
-272
-299
-334
-361
-364
-387
-398
-404
-405
-404
-413
-410
-395
-391
-411
-420
-414
-402
-411
-397
-376
-362
-345
-337
-320
-292
-252
-240
-207
-166
-129
-91
-53
-17
33
68
106
161
211
233
253
287
329
371
377
410
456
498
515
535
588
614
608
627
654
668
663
657
652
643
646
632
620
620
601
581
556
547
533
491
448
424
402
355
313
286
258
211
165
134
120
86
62
38
22
-11
-56
-82
-127
-143
-175
-209
-216
-229
-248
-277
-297
-317
-336
-368
-383
-384
-396
-406
-398
-381
-385
-414
-431
-417
-409
-414
-406
-385
-366
-374
-383
-367
-342
-334
-330
-298
-257
-225
-205
-177
-124
-97
-80
-58
-15
34
54
85
132
171
197
213
241
281
309
329
346
389
427
447
470
490
514
516
512
544
560
574
560
566
579
564
549
526
517
510
484
460
448
427
397
364
323
284
249
207
184
158
99
56
19
-5
-33
-91
-131
-156
-192
-244
-276
-280
-312
-343
-357
-367
-394
-426
-446
-470
-491
-515
-524
-534
-531
-526
-533
-545
-535
-533
-530
-516
-511
-491
-494
-486
-476
-460
-435
-414
-389
-354
-329
-308
-289
-248
-205
-192
-159
-108
-64
-40
-3
42
75
104
134
173
208
239
282
316
326
346
368
393
414
431
445
459
471
475
478
496
509
513
492
490
489
475
450
422
412
399
373
343
314
287
251
190
152
127
100
69
45
31
2
-46
-74
-91
-126
-155
-177
-187
-192
-221
-258
-272
-293
-348
-377
-394
-392
-409
-433
-429
-440
-440
-458
-454
-437
-417
-405
-393
-376
-375
-361
-363
-350
-326
-324
-322
-304
-276
-254
-241
-221
-193
-149
-119
-95
-43
-13
10
49
89
128
158
176
204
241
262
273
301
325
365
370
386
405
428
449
452
477
493
500
501
502
526
544
523
523
528
521
514
501
488
480
455
418
383
375
342
306
265
242
229
178
134
93
63
25
5
-20
-36
-62
-81
-102
-111
-113
-143
-165
-187
-196
-210
-228
-254
-270
-293
-325
-334
-340
-345
-350
-346
-343
-357
-371
-357
-352
-343
-336
-342
-339
-332
-327
-328
-310
-294
-284
-269
-241
-197
-178
-163
-130
-110
-102
-85
-64
-37
-9
8
33
41
72
98
117
139
169
186
212
233
247
294
298
303
315
336
352
355
364
380
377
356
351
340
361
359
340
339
339
319
306
288
265
251
222
211
183
153
124
79
71
28
-7
-39
-71
-82
-111
-133
-153
-170
-192
-213
-222
-244
-254
-272
-306
-333
-352
-367
-383
-393
-385
-386
-390
-399
-412
-408
-418
-410
-403
-383
-368
-341
-313
-296
-277
-260
-270
-275
-264
-249
-219
-189
-166
-149
-146
-147
-134
-105
-91
-57
-23
11
48
83
112
131
152
167
175
207
242
261
281
313
332
347
359
365
379
393
396
411
409
408
406
392
383
391
382
363
355
335
321
291
270
246
228
215
170
140
115
89
61
31
9
-36
-60
-85
-110
-129
-164
-201
-212
-249
-266
-278
-302
-304
-326
-337
-352
-369
-389
-420
-439
-450
-472
-469
-479
-475
-476
-479
-471
-462
-460
-436
-428
-401
-378
-381
-353
-349
-322
-309
-291
-265
-226
-223
-208
-181
-177
-168
-153
-121
-93
-56
-30
13
49
94
110
120
149
160
187
201
232
264
290
303
322
338
348
365
366
382
394
399
403
410
425
410
388
373
352
345
339
315
308
285
255
232
199
187
165
140
115
83
46
7
-16
-28
-52
-72
-88
-98
-114
-148
-146
-158
-186
-212
-236
-238
-258
-263
-274
-292
-304
-326
-336
-350
-351
-347
-348
-349
-356
-367
-372
-366
-354
-340
-322
-321
-309
-287
-258
-239
-224
-214
-201
-181
-165
-145
-112
-86
-73
-42
-14
26
59
72
103
130
150
184
208
235
265
266
296
322
321
313
298
308
320
322
307
300
304
298
296
300
304
303
284
269
258
242
230
217
199
176
152
135
133
115
87
75
41
3
-14
-51
-74
-95
-123
-163
-192
-227
-250
-274
-304
-302
-330
-334
-357
-362
-377
-392
-403
-397
-397
-416
-427
-416
-401
-397
-399
-401
-388
-402
-405
-398
-379
-358
-336
-327
-305
-264
-257
-246
-233
-221
-192
-187
-169
-122
-104
-81
-47
-18
18
39
51
55
104
137
143
168
196
213
210
223
252
260
265
277
314
327
317
338
344
353
352
347
354
363
362
338
340
349
332
312
306
288
275
251
236
235
217
197
172
165
157
119
69
44
19
-28
-73
-110
-103
-134
-164
-182
-209
-235
-259
-279
-290
-293
-337
-359
-360
-374
-393
-415
-425
-433
-436
-460
-465
-446
-440
-446
-452
-445
-441
-453
-471
-449
-441
-426
-415
-383
-328
-310
-290
-263
-224
-198
-185
-168
-121
-71
-48
-46
-18
11
28
36
66
109
133
151
167
205
240
251
253
289
323
332
339
370
395
382
374
374
387
395
367
361
369
377
359
340
358
349
338
306
290
296
253
222
217
211
179
145
122
98
81
52
32
11
-13
-60
-87
-111
-132
-159
-217
-218
-225
-231
-267
-250
-239
-254
-260
-275
-257
-263
-285
-297
-313
-314
-322
-343
-335
-335
-338
-350
-322
-275
-271
-273
-263
-244
-224
-225
-206
-177
-153
-134
-111
-77
-62
-58
-45
2
44
59
78
114
158
178
189
207
236
247
244
256
289
302
300
313
338
343
335
323
331
343
334
320
314
316
289
267
241
234
225
195
175
181
171
145
126
115
110
81
40
15
14
-2
-37
-65
-78
-110
-158
-193
-207
-217
-251
-281
-291
-310
-346
-377
-387
-385
-411
-448
-442
-448
-448
-463
-470
-473
-500
-504
-516
-513
-500
-507
-506
-504
-494
-476
-481
-479
-462
-443
-435
-414
-384
-370
-354
-332
-314
-281
-266
-231
-187
-148
-111
-79
-26
7
32
67
106
126
152
168
205
238
257
288
309
342
350
346
367
386
373
378
377
379
389
371
362
361
358
355
328
330
329
297
264
240
241
228
204
197
195
180
145
118
104
84
42
5
-14
-35
-72
-112
-134
-154
-171
-212
-241
-246
-258
-292
-317
-317
-335
-371
-391
-393
-396
-422
-431
-432
-428
-429
-443
-427
-421
-413
-428
-442
-415
-412
-391
-384
-351
-332
-315
-295
-272
-247
-240
-224
-199
-168
-146
-144
-124
-71
-45
-31
-15
27
50
55
67
92
125
132
143
186
215
214
232
243
253
273
255
263
274
279
257
247
263
281
263
255
252
236
243
212
204
190
169
160
138
116
108
75
50
51
26
-3
-23
-45
-54
-59
-88
-111
-115
-129
-160
-175
-185
-196
-226
-256
-262
-261
-283
-289
-285
-300
-289
-300
-310
-291
-305
-312
-306
-289
-281
-290
-273
-251
-248
-250
-241
-240
-217
-196
-186
-146
-121
-103
-83
-65
-36
-4
2
36
76
87
98
116
141
161
188
184
215
232
255
249
249
268
272
290
302
327
340
334
348
348
343
344
348
381
386
390
380
372
369
350
338
327
309
308
295
285
270
250
221
197
182
165
137
115
86
78
51
11
-27
-54
-75
-114
-157
-195
-202
-224
-242
-267
-288
-301
-309
-310
-313
-320
-342
-334
-332
-324
-350
-364
-352
-361
-361
-364
-354
-339
-352
-360
-340
-336
-325
-324
-316
-309
-299
-274
-255
-238
-218
-194
-169
-166
-138
-105
-76
-55
-42
-28
-7
21
53
60
68
90
111
131
149
161
184
196
190
205
238
243
255
251
255
271
274
290
296
300
314
317
317
318
304
301
285
271
256
247
233
196
167
150
134
115
93
62
54
48
29
5
-20
-43
-61
-110
-141
-145
-155
-172
-186
-191
-211
-232
-268
-287
-286
-292
-311
-304
-298
-299
-306
-318
-315
-315
-331
-325
-309
-298
-295
-296
-275
-258
-248
-249
-255
-226
-206
-192
-166
-146
-125
-119
-104
-81
-39
-17
5
14
37
71
77
100
122
142
167
173
191
220
231
246
244
256
255
250
247
268
273
296
302
296
290
280
267
238
247
242
221
216
215
201
189
183
170
150
131
129
114
92
79
62
40
14
-17
-40
-55
-63
-94
-122
-118
-126
-151
-173
-170
-182
-199
-200
-208
-213
-232
-250
-261
-263
-256
-265
-290
-304
-314
-313
-314
-317
-292
-285
-289
-285
-272
-254
-245
-243
-231
-206
-198
-186
-172
-153
-142
-131
-118
-103
-81
-55
-31
-3
13
24
36
59
84
110
141
160
176
190
200
205
213
222
235
243
253
265
269
280
292
288
271
267
269
251
251
242
245
232
219
214
208
199
189
168
154
136
111
101
82
84
80
54
18
6
3
-19
-40
-59
-66
-83
-96
-117
-118
-129
-152
-172
-175
-185
-198
-211
-226
-223
-224
-213
-227
-232
-218
-225
-241
-233
-242
-250
-248
-240
-232
-237
-225
-220
-217
-196
-199
-193
-174
-166
-159
-138
-118
-98
-65
-68
-52
-23
-29
-3
21
35
61
88
104
108
143
179
193
220
235
240
237
241
247
254
263
266
267
253
251
250
252
250
242
240
229
216
210
201
205
198
181
185
194
188
172
151
140
124
97
90
50
44
31
3
-2
-20
-47
-75
-102
-121
-131
-138
-167
-181
-167
-189
-191
-204
-202
-215
-228
-245
-239
-236
-250
-239
-236
-237
-233
-231
-243
-230
-217
-213
-200
-182
-163
-161
-159
-145
-138
-132
-114
-74
-52
-25
-9
6
16
31
44
53
81
94
117
131
149
170
176
176
199
225
239
253
261
279
280
278
277
283
299
281
261
252
256
255
246
236
235
218
212
196
196
194
169
178
178
167
150
139
111
102
77
55
65
60
52
31
3
-16
-37
-70
-76
-72
-84
-110
-138
-156
-171
-199
-224
-223
-227
-248
-258
-271
-279
-286
-300
-302
-299
-308
-322
-312
-308
-299
-296
-300
-266
-251
-252
-233
-219
-195
-191
-176
-161
-144
-125
-117
-92
-70
-67
-66
-56
-34
-8
-9
9
35
69
75
96
122
149
161
162
190
207
228
232
240
259
257
252
240
258
266
262
285
296
289
290
279
281
292
282
267
259
260
249
242
226
232
224
193
169
146
129
108
85
72
64
54
31
14
3
11
-13
-39
-36
-45
-59
-94
-101
-112
-134
-151
-176
-194
-200
-224
-239
-240
-254
-253
-268
-246
-242
-236
-216
-217
-215
-217
-225
-217
-217
-217
-186
-170
-163
-141
-119
-104
-84
-67
-53
-18
3
21
34
55
83
111
127
152
170
193
211
227
241
257
278
283
293
296
303
303
318
338
353
357
348
359
351
349
345
350
345
339
324
330
341
329
321
314
305
275
254
245
238
227
200
167
143
133
96
54
52
45
43
28
18
7
13
-8
-27
-19
-33
-53
-71
-87
-96
-119
-146
-151
-157
-173
-188
-182
-172
-161
-172
-161
-141
-148
-144
-124
-117
-127
-130
-133
-119
-115
-123
-111
-82
-53
-44
-38
-21
-7
-5
0
16
50
71
96
107
136
157
168
183
196
212
207
202
225
260
267
268
274
275
278
282
285
286
280
280
271
272
277
273
261
254
253
256
254
257
258
241
229
213
196
195
194
175
184
180
156
130
107
102
84
63
56
58
51
40
26
16
17
-16
-46
-55
-63
-83
-89
-81
-85
-99
-112
-108
-117
-114
-127
-129
-109
-115
-122
-122
-107
-109
-106
-107
-94
-77
-74
-75
-62
-49
-42
-32
-20
-10
6
24
33
47
54
57
71
99
139
159
170
195
221
235
232
243
257
282
295
281
295
304
301
294
300
287
270
268
276
284
270
270
248
245
254
226
216
214
189
172
167
149
149
144
135
135
126
131
108
90
82
58
39
25
21
12
17
11
3
9
14
0
-7
-18
-24
-18
-16
0
-17
-32
-48
-44
-54
-71
-63
-65
-67
-77
-69
-54
-63
-72
-73
-72
-65
-59
-49
-32
-48
-54
-36
-30
-11
-19
-11
9
36
49
69
90
114
126
140
160
176
205
214
229
242
261
271
286
299
319
318
326
346
348
350
339
330
324
322
305
297
278
282
275
267
274
266
259
248
243
243
236
232
216
203
192
172
156
157
142
117
115
113
105
103
99
70
67
42
10
-1
-30
-42
-67
-67
-64
-85
-80
-84
-86
-102
-108
-107
-102
-105
-110
-108
-100
-102
-93
-87
-100
-104
-111
-111
-111
-109
-102
-98
-82
-66
-55
-55
-45
-24
-37
-51
-37
-22
-15
-13
3
18
18
30
42
50
67
84
94
109
124
135
119
114
131
125
116
93
112
131
114
100
110
127
133
120
113
132
129
118
127
122
120
82
62
63
66
44
25
32
15
-7
-28
-38
-41
-50
-42
-30
-26
-21
-36
-49
-77
-66
-86
-93
-95
-109
-111
-144
-138
-134
-143
-144
-145
-156
-148
-158
-169
-155
-144
-155
-163
-151
-145
-149
-150
-137
-121
-114
-111
-95
-81
-67
-57
-48
-29
-17
-7
13
12
27
44
57
70
80
89
105
121
130
145
155
156
185
207
194
198
194
187
194
192
188
189
176
188
192
187
175
164
168
166
163
155
158
156
155
134
125
105
104
93
69
85
77
56
41
55
36
3
-9
-16
-5
-8
-12
-13
-22
-50
-61
-77
-84
-95
-112
-117
-127
-134
-137
-150
-153
-154
-161
-149
-157
-140
-143
-150
-138
-140
-166
-174
-175
-177
-172
-178
-169
-158
-150
-136
-136
-127
-113
-118
-107
-98
-79
-73
-63
-49
-39
-39
-25
-21
-11
9
15
27
52
75
82
95
105
125
123
92
113
178
161
124
117
115
131
135
131
119
109
130
174
143
108
91
79
90
107
101
66
51
60
71
72
57
49
43
29
39
45
33
30
29
32
31
25
12
-1
-5
-12
-19
-30
-22
-23
-42
-71
-90
-84
-76
-72
-70
-57
-41
-17
-16
-33
-41
-43
-44
-26
-13
-14
-15
-2
-14
-11
-13
-21
-31
-30
-24
-15
-9
-16
-2
4
4
5
7
-10
9
25
31
35
60
60
59
64
69
76
77
95
90
89
79
66
65
90
99
98
113
108
101
91
75
71
48
39
45
51
58
48
32
10
3
-18
-29
-33
-39
-30
-32
-40
-50
-60
-69
-82
-81
-85
-93
-109
-118
-140
-159
-166
-156
-162
-171
-165
-186
-182
-208
-212
-201
-228
-227
-237
-241
-243
-246
-230
-229
-239
-245
-240
-229
-222
-220
-206
-206
-203
-205
-189
-183
-168
-151
-152
-125
-119
-101
-82
-65
-37
-28
-43
-33
-12
-2
6
9
33
55
59
63
81
88
79
96
118
135
142
150
156
155
172
175
165
166
162
153
156
152
161
166
157
138
138
120
105
119
97
84
87
73
59
54
44
52
30
22
16
7
10
-7
-12
-31
-42
-59
-66
-72
-88
-84
-91
-101
-103
-118
-126
-136
-147
-141
-154
-167
-163
-164
-175
-175
-176
-176
-169
-176
-197
-193
-191
-202
-182
-180
-165
-165
-158
-154
-164
-143
-126
-104
-95
-77
-74
-65
-52
-44
-29
-27
-30
-22
-19
-21
-17
-10
4
13
17
19
16
35
57
71
82
81
100
103
106
102
78
86
95
90
77
67
61
62
55
60
61
56
52
55
55
51
47
33
24
8
-7
-3
-34
-49
-41
-53
-75
-84
-91
-91
-91
-102
-103
-100
-98
-105
-107
-114
-120
-125
-129
-127
-129
-129
-121
-133
-134
-128
-139
-130
-114
-110
-92
-84
-82
-69
-69
-67
-67
-79
-76
-51
-52
-31
-22
-13
-15
-17
9
15
21
43
43
49
64
73
67
73
85
78
111
107
95
93
78
83
78
73
70
71
83
88
83
83
89
85
63
58
48
54
52
51
58
43
35
28
17
2
-16
-41
-49
-65
-58
-77
-89
-90
-105
-121
-140
-148
-157
-151
-160
-180
-187
-176
-186
-182
-186
-210
-226
-241
-239
-249
-261
-268
-254
-245
-253
-256
-245
-229
-230
-230
-211
-205
-188
-196
-197
-183
-192
-190
-198
-168
-158
-156
-148
-133
-117
-110
-101
-87
-80
-60
-62
-69
-47
-42
-33
-30
-13
-15
-17
-13
-12
-9
-5
-7
6
14
31
25
4
31
31
43
51
55
61
40
17
23
10
15
11
35
58
55
58
56
56
18
17
23
13
6
-2
-11
-8
-29
-51
-36
-48
-52
-60
-58
-50
-56
-65
-72
-68
-66
-74
-64
-62
-59
-71
-88
-88
-93
-96
-103
-107
-96
-79
-90
-95
-93
-89
-80
-85
-81
-83
-83
-83
-83
-80
-70
-59
-46
-30
-36
-27
-21
-8
-1
0
-13
-10
-6
3
13
6
12
26
28
44
61
69
83
86
87
92
88
83
93
93
99
85
84
91
80
52
55
66
60
56
45
48
48
48
41
39
51
43
46
47
39
36
9
1
-1
-11
-21
-26
-20
-31
-50
-51
-58
-71
-95
-103
-96
-109
-104
-116
-124
-116
-143
-150
-146
-135
-147
-160
-159
-163
-164
-180
-170
-155
-157
-158
-151
-147
-129
-139
-137
-116
-104
-101
-93
-63
-53
-34
-37
-22
0
20
20
17
41
59
43
44
57
51
39
45
63
77
78
91
105
116
131
130
143
169
178
157
145
151
142
140
128
129
149
130
124
125
140
149
141
147
156
135
129
131
133
123
107
109
98
81
68
54
38
29
21
-2
-6
9
4
-13
-24
-31
-34
-56
-85
-89
-91
-105
-110
-137
-118
-117
-137
-144
-149
-158
-172
-170
-171
-168
-173
-167
-173
-178
-165
-161
-165
-160
-161
-156
-167
-164
-145
-157
-148
-132
-120
-103
-110
-92
-92
-95
-92
-95
-80
-78
-67
-62
-44
-31
-32
-22
-11
9
15
28
46
53
47
52
59
60
64
55
60
73
73
53
42
67
51
46
42
35
41
28
26
27
22
16
7
17
15
3
-8
-31
-39
-42
-41
-43
-33
-29
-39
-42
-52
-61
-89
-96
-93
-98
-94
-86
-79
-85
-92
-95
-94
-105
-101
-101
-109
-110
-88
-88
-89
-85
-87
-80
-77
-68
-69
-53
-58
-48
-37
-24
-29
-34
-11
4
8
14
26
19
3
-4
17
7
11
33
45
64
81
93
114
112
102
111
110
127
128
127
129
125
135
126
135
140
141
144
149
148
140
120
109
123
130
125
128
133
125
111
97
100
104
91
70
63
52
41
31
16
-1
-4
-29
-33
-35
-37
-48
-60
-53
-57
-56
-58
-65
-67
-72
-92
-92
-97
-101
-110
-115
-86
-77
-81
-88
-80
-74
-103
-113
-117
-113
-105
-110
-106
-90
-87
-101
-97
-75
-70
-68
-71
-52
-52
-42
-47
-57
-55
-49
-51
-44
-14
-13
-13
-5
7
11
9
15
40
34
52
71
88
95
88
86
78
82
74
75
68
67
82
76
59
52
50
44
28
25
35
21
14
7
21
26
20
22
24
5
6
2
8
17
-1
-5
-6
-20
-27
-36
-40
-26
-31
-26
-27
-20
-15
-27
-36
-33
-20
-18
-14
-2
-16
-12
-27
-38
-31
-58
-49
-35
-32
-32
-40
-46
-46
-55
-66
-70
-57
-58
-73
-69
-52
-52
-54
-61
-46
-40
-37
-32
-22
-11
-4
-4
0
11
14
21
18
27
25
20
22
35
50
54
58
81
94
95
100
110
110
105
111
114
106
100
89
85
86
63
53
35
21
19
10
0
6
11
28
19
18
12
7
-9
-26
-25
-39
-48
-64
-75
-73
-88
-101
-122
-118
-117
-120
-122
-117
-135
-145
-159
-172
-176
-188
-190
-194
-194
-189
-190
-206
-193
-206
-208
-202
-188
-183
-181
-161
-147
-136
-140
-123
-106
-108
-107
-82
-64
-67
-62
-38
-33
-35
-22
-11
0
4
-5
17
29
38
44
55
65
71
80
84
99
116
111
108
137
137
137
144
142
149
147
136
140
148
137
136
132
135
141
146
131
123
114
94
80
70
71
75
76
72
63
62
64
53
50
40
38
21
21
11
-5
3
2
12
13
22
15
8
2
-8
-10
-24
-15
-19
-42
-41
-51
-61
-77
-84
-74
-68
-69
-77
-76
-92
-86
-79
-86
-70
-72
-63
-51
-44
-32
-25
-33
-34
-23
-16
-17
1
14
22
33
24
34
33
29
33
43
31
40
47
34
34
44
63
88
86
81
83
81
