-253
-256
-256
-226
-193
-195
-216
-239
-226
-187
-133
-98
-27
5
-7
16
14
-10
-3
34
97
156
198
175
131
97
52
55
52
48
37
20
20
-14
-46
-43
-58
-49
-54
-57
-45
-35
-16
-24
-45
-69
-102
-139
-118
-134
-150
-174
-196
-223
-221
-229
-242
-262
-266
-242
-244
-241
-256
-299
-334
-372
-387
-378
-395
-375
-349
-343
-349
-327
-292
-290
-268
-229
-172
-116
-57
-37
-27
-15
-21
24
58
79
80
106
117
119
125
134
176
173
155
142
70
58
48
38
24
-18
-10
-25
-24
-40
-84
-133
-164
-150
-105
-92
-62
-70
-100
-139
-209
-201
-165
-147
-116
-107
-147
-175
-190
-208
-213
-236
-243
-251
-218
-184
-185
-186
-221
-235
-243
-270
-253
-221
-188
-137
-54
-8
15
25
36
14
5
66
136
231
279
280
261
255
220
196
205
196
209
226
189
213
204
132
103
54
36
52
47
72
110
121
123
103
62
26
9
4
10
-4
-2
-11
-28
-19
-61
-144
-219
-265
-264
-233
-236
-238
-260
-302
-353
-392
-407
-413
-406
-370
-349
-320
-303
-344
-358
-354
-309
-221
-151
-109
-50
-34
6
31
6
-19
15
88
103
116
106
79
117
157
181
167
106
72
31
23
44
56
69
80
80
57
15
-22
-35
-24
18
16
12
26
-7
-43
-99
-131
-111
-115
-130
-170
-199
-223
-245
-243
-248
-299
-307
-325
-339
-342
-373
-374
-361
-332
-303
-292
-294
-310
-269
-261
-261
-189
-124
-25
37
41
14
-6
-22
27
74
94
88
132
171
165
149
103
114
132
181
194
164
131
98
101
110
72
55
12
-28
-30
-52
-59
-79
-64
-41
-11
-33
-52
-56
-97
-101
-88
-97
-97
-134
-187
-216
-207
-185
-192
-245
-288
-316
-306
-291
-324
-356
-399
-383
-357
-346
-329
-372
-394
-394
-342
-251
-170
-131
-149
-154
-123
-78
-10
26
-6
30
73
124
160
151
136
94
96
147
142
99
37
7
29
49
66
54
23
-15
-81
-120
-140
-161
-169
-134
-85
-104
-121
-158
-187
-193
-217
-222
-199
-182
-180
-189
-225
-246
-252
-235
-245
-272
-310
-312
-306
-306
-281
-315
-341
-316
-310
-282
-289
-306
-272
-240
-196
-135
-102
-64
-15
32
76
98
154
186
200
204
213
292
327
361
379
328
310
317
289
292
257
233
257
257
235
166
73
22
7
37
57
60
62
38
32
15
-7
-13
-2
14
20
6
-7
-16
-26
-4
-15
-37
-58
-92
-138
-152
-175
-175
-123
-102
-112
-165
-193
-188
-203
-210
-212
-187
-132
-35
25
62
81
70
84
135
194
227
256
287
304
357
416
424
407
348
338
358
406
444
404
363
338
303
254
183
118
101
43
20
17
10
16
-11
-37
-74
-137
-140
-127
-111
-86
-103
-91
-75
-76
-91
-128
-163
-172
-168
-154
-151
-176
-173
-181
-187
-219
-245
-269
-286
-274
-272
-263
-221
-173
-139
-76
-64
-67
-60
-16
42
120
212
243
245
281
307
304
321
316
325
383
448
505
507
428
356
339
345
338
326
315
275
239
178
125
92
51
17
29
-10
-20
-13
-32
-51
-67
-50
-16
2
-25
-96
-140
-156
-157
-118
-83
-31
-39
-58
-97
-140
-163
-173
-163
-145
-157
-172
-167
-158
-124
-107
-77
-42
15
46
69
136
170
188
200
214
279
326
318
324
326
356
405
381
342
314
303
318
355
349
324
330
333
281
179
43
-67
-50
11
64
70
28
-36
-90
-144
-186
-188
-190
-164
-134
-107
-109
-137
-148
-183
-214
-247
-263
-226
-207
-207
-194
-207
-214
-244
-264
-267
-282
-253
-207
-167
-107
-77
-41
-47
-86
-64
-69
-43
26
124
183
224
268
256
284
302
329
348
340
335
334
337
326
320
256
242
243
225
197
149
140
131
114
103
77
24
-47
-116
-142
-147
-155
-166
-167
-173
-161
-176
-204
-224
-234
-218
-188
-164
-148
-138
-144
-143
-148
-164
-161
-110
-110
-128
-137
-126
-71
-47
-26
-42
-31
-19
-3
34
49
77
112
157
192
220
246
281
313
328
318
341
357
350
357
369
376
396
364
313
256
212
219
226
222
226
187
96
52
13
-5
-21
-49
-68
-87
-94
-124
-178
-215
-250
-241
-231
-242
-263
-280
-283
-274
-277
-264
-263
-273
-247
-248
-248
-230
-189
-144
-138
-170
-187
-186
-177
-187
-195
-153
-100
-37
-10
4
-3
1
56
125
192
239
269
275
277
315
327
354
363
344
346
352
373
377
375
373
345
319
313
248
204
189
172
190
165
100
56
8
-81
-127
-183
-247
-259
-281
-295
-305
-323
-356
-350
-346
-337
-339
-348
-321
-292
-239
-192
-149
-119
-134
-161
-188
-204
-178
-142
-86
-37
-14
-20
-37
-37
-52
-36
12
80
124
181
213
199
216
240
260
321
365
374
400
381
395
413
405
415
380
320
304
300
275
241
188
147
93
35
-53
-121
-159
-191
-169
-188
-208
-243
-269
-289
-307
-327
-338
-334
-302
-296
-278
-219
-188
-168
-171
-168
-164
-132
-96
-81
-66
-26
-18
11
6
-37
-67
-60
-17
8
27
51
87
124
142
135
135
161
225
296
331
323
283
267
279
291
313
329
341
364
366
321
267
261
268
285
278
226
171
128
94
71
15
-55
-75
-120
-164
-201
-258
-265
-217
-189
-197
-205
-240
-248
-221
-233
-230
-162
-106
-71
-40
-79
-117
-90
-49
8
50
58
89
102
81
82
48
3
0
14
54
99
133
145
143
105
105
125
164
183
227
329
384
429
427
379
321
253
258
279
306
324
295
280
236
184
139
89
8
-63
-88
-67
-58
-92
-160
-206
-235
-249
-261
-298
-306
-294
-290
-282
-276
-276
-261
-238
-217
-194
-152
-128
-70
4
13
34
21
-3
24
44
73
67
71
71
76
76
38
41
72
83
119
149
163
181
204
262
308
329
337
338
346
328
337
377
405
421
411
382
327
272
220
221
230
206
174
154
89
28
-35
-98
-153
-168
-153
-135
-136
-179
-212
-221
-219
-213
-200
-183
-179
-123
-87
-67
-52
-45
-9
0
-2
41
94
114
141
126
98
97
85
70
58
46
63
95
132
136
130
141
148
182
240
265
300
332
328
342
366
364
369
378
364
350
344
305
275
231
213
215
183
153
107
57
-8
-43
-93
-100
-121
-168
-228
-275
-324
-352
-352
-355
-351
-374
-382
-377
-351
-335
-299
-248
-195
-147
-131
-103
-85
-78
-78
-61
-36
-13
7
35
71
92
83
81
71
49
53
73
102
142
188
245
280
263
246
216
229
248
279
351
412
418
423
407
343
323
283
271
284
299
289
265
229
181
119
42
-30
-93
-155
-190
-204
-188
-221
-247
-251
-275
-296
-311
-312
-300
-261
-244
-212
-200
-159
-106
-91
-72
-56
-25
28
65
116
146
165
186
198
223
250
228
192
138
141
159
161
185
214
214
249
260
254
282
288
312
335
373
384
418
398
359
349
327
316
305
294
260
251
214
158
133
99
68
50
-37
-103
-174
-229
-245
-245
-232
-250
-271
-322
-339
-348
-337
-291
-251
-196
-159
-147
-145
-127
-110
-85
-72
-50
-8
0
56
46
20
22
16
33
38
25
26
27
43
68
67
73
59
38
56
94
150
185
197
218
229
212
191
217
252
285
283
301
305
269
209
138
94
68
87
102
69
-7
-78
-105
-116
-138
-160
-183
-188
-170
-178
-180
-168
-200
-192
-183
-205
-193
-204
-197
-160
-116
-97
-76
-47
-32
-18
-2
9
46
101
134
174
170
156
176
164
168
194
209
240
250
252
259
253
262
253
260
282
279
275
278
286
292
321
314
290
268
268
249
225
190
175
202
199
177
110
48
4
-33
-30
-37
-43
-80
-101
-138
-156
-164
-178
-204
-200
-215
-246
-255
-265
-245
-210
-200
-189
-153
-140
-91
-63
-47
-5
-2
28
38
27
40
51
73
94
124
104
86
77
49
59
89
125
146
162
143
110
94
88
101
122
112
140
170
144
128
79
41
22
-11
-41
-51
-82
-118
-135
-152
-183
-190
-195
-191
-203
-230
-227
-222
-235
-248
-249
-246
-235
-267
-250
-250
-256
-250
-275
-242
-249
-257
-226
-216
-185
-132
-112
-114
-118
-121
-88
-53
-16
23
49
69
77
91
117
131
149
146
120
150
138
112
111
108
114
151
159
146
119
98
88
83
91
73
68
80
60
33
37
40
44
47
41
9
-36
-75
-83
-69
-51
-55
-96
-103
-130
-142
-178
-198
-205
-209
-198
-195
-185
-191
-202
-201
-195
-192
-187
-175
-161
-170
-161
-144
-122
-81
-53
-21
3
26
47
91
120
135
139
173
175
164
134
106
118
115
89
79
81
76
92
53
54
38
14
6
-6
-33
-77
-96
-92
-93
-80
-65
-73
-99
-131
-152
-150
-146
-142
-128
-120
-113
-136
-176
-220
-233
-231
-248
-234
-235
-243
-271
-295
-307
-310
-302
-303
-296
-285
-233
-197
-141
-122
-83
-32
-5
28
54
101
153
191
208
231
240
234
197
162
141
139
156
163
159
131
122
111
81
49
51
56
74
51
34
26
-7
-49
-56
-43
-36
-45
-64
-48
-68
-56
-77
-94
-70
-61
-48
-42
-43
-53
-77
-92
-111
-149
-172
-179
-186
-182
-177
-161
-159
-175
-181
-169
-135
-95
-55
-18
4
31
65
93
141
147
187
207
201
227
218
214
202
184
162
111
85
69
70
70
68
61
33
19
6
-2
16
18
31
48
55
47
41
27
8
13
-14
-26
-30
-57
-60
-67
-87
-64
-86
-113
-135
-171
-189
-209
-224
-254
-266
-271
-253
-249
-257
-286
-276
-266
-252
-215
-193
-184
-171
-168
-151
-113
-70
2
24
26
40
54
78
76
68
67
86
75
56
38
3
-15
-29
-46
-31
-27
-29
-44
-73
-99
-94
-66
-68
-60
-62
-36
-31
-54
-75
-87
-92
-99
-112
-120
-117
-141
-131
-128
-140
-135
-169
-186
-201
-230
-248
-259
-263
-287
-300
-305
-291
-311
-314
-290
-274
-231
-208
-201
-189
-174
-148
-110
-75
-47
-25
-15
22
51
84
108
113
135
120
124
114
92
91
88
88
89
68
66
57
21
32
33
63
73
50
76
81
56
45
29
4
12
-5
-2
6
-19
-44
-52
-74
-100
-97
-129
-125
-138
-148
-162
-158
-163
-170
-176
-194
-202
-217
-211
-226
-216
-203
-200
-201
-194
-173
-171
-134
-119
-112
-84
-73
-29
3
-12
-5
23
34
35
19
30
26
32
31
-8
0
-20
-43
-53
-92
-108
-88
-104
-93
-90
-90
-73
-76
-77
-89
-102
-118
-113
-112
-99
-106
-118
-155
-147
-151
-182
-190
-195
-192
-201
-191
-191
-174
-181
-183
-187
-199
-206
-201
-180
-158
-146
-151
-158
-141
-127
-142
-124
-103
-92
-59
-32
-12
24
45
40
54
56
56
60
87
76
63
83
85
73
57
51
63
56
45
53
66
40
24
33
33
29
7
-1
-14
-20
-28
1
-17
-29
-38
-58
-64
-76
-89
-90
-101
-92
-74
-62
-52
-41
-50
-59
-42
-58
-66
-71
-67
-68
-91
-95
-91
-109
-97
-98
-74
-69
-72
-42
-18
-6
5
21
38
39
19
6
8
18
19
28
47
41
36
27
5
20
16
35
42
24
3
-22
-12
-12
-27
-20
-28
-51
-61
-57
-44
-30
-42
-34
-67
-103
-124
-124
-139
-162
-187
-213
-206
-232
-246
-255
-252
-265
-261
-237
-213
-220
-222
-233
-246
-213
-207
-212
-189
-184
-175
-174
-165
-153
-144
-140
-148
-150
-137
-156
-154
-134
-115
-126
-109
-101
-107
-97
-92
-73
-66
-58
-63
-65
-69
-63
-66
-59
-24
-14
1
27
40
35
17
15
18
23
26
30
39
50
10
-3
-14
-44
-50
-57
-75
-61
-64
-77
-53
-58
-69
-68
-65
-61
-50
-43
-19
-11
-11
-30
-52
-54
-56
-49
-45
-51
-42
-45
-49
-56
-79
-69
-66
-73
-86
-51
-20
-9
17
36
56
60
45
39
27
34
25
13
27
22
3
-6
-22
-28
-38
-35
-9
-12
-17
-23
-32
-28
-19
-11
-11
-21
-22
-42
-63
-60
-54
-71
-67
-77
-72
-67
-76
-83
-83
-80
-73
-54
-89
-101
-94
-85
-72
-83
-58
-71
-72
-86
-89
-88
-99
-97
-121
-114
-75
-60
-52
-48
-67
-49
-47
-31
-15
-15
2
4
-3
-6
6
9
7
-5
-9
9
7
9
13
25
12
17
7
-9
-13
-23
-32
-32
-7
-8
-18
-45
-60
-67
-78
-75
-76
-66
-82
-49
-43
-50
-27
-42
-26
-8
-3
-9
18
24
15
17
19
-14
-20
-41
-73
-50
-48
-68
-65
-70
-58
-20
-12
-14
7
-8
-6
13
15
31
47
43
47
53
86
100
113
113
98
105
109
121
132
126
106
88
109
95
83
70
55
58
42
50
60
65
69
57
48
50
52
67
56
28
26
27
43
75
76
85
74
79
83
97
117
112
111
69
29
24
-3
-18
-2
-29
-26
-39
-63
-78
-83
-74
-56
-47
-36
-32
-33
1
30
62
85
95
100
112
110
115
112
114
105
96
91
85
53
28
14
7
6
1
-13
-26
-13
4
-4
-5
-1
11
41
29
23
27
7
5
8
-5
4
16
0
11
-2
-2
16
16
16
33
20
7
-4
-22
-16
-26
-42
-62
-88
-95
-127
-131
-101
-94
-72
-75
-96
-76
-69
-43
8
26
62
45
42
70
71
100
118
96
106
106
100
109
114
106
109
100
94
91
84
87
80
86
89
101
91
67
55
41
48
42
41
52
76
68
68
73
76
96
114
128
146
170
181
175
181
203
192
203
186
151
147
109
62
54
34
40
57
30
33
2
1
2
26
71
82
85
69
83
72
92
115
122
142
155
176
209
235
222
226
207
194
196
197
227
223
185
165
175
187
173
163
164
157
139
117
124
125
109
98
92
86
115
108
103
115
126
154
166
169
163
177
182
164
167
139
110
99
79
27
33
18
-13
18
-18
-26
-20
-33
-16
-25
-19
-27
-21
-2
29
52
57
77
94
100
136
162
146
184
174
168
155
140
153
165
154
148
132
91
77
70
56
66
72
71
48
34
4
1
10
-10
1
-6
23
50
46
55
60
60
84
97
102
134
114
97
90
83
114
114
101
85
64
41
41
66
55
52
55
18
25
25
27
25
23
40
36
39
42
59
100
153
176
190
181
188
203
222
238
266
284
262
241
231
212
208
185
169
168
166
155
119
100
106
83
76
73
60
86
71
64
68
59
82
99
103
120
119
129
129
139
152
143
134
128
135
118
94
60
39
24
24
21
-18
-45
-71
-96
-95
-90
-76
-64
-65
-65
-74
-45
-9
9
38
66
81
100
126
141
187
201
217
207
179
181
182
180
175
155
134
126
112
109
81
52
47
5
24
32
19
18
4
-8
-14
-24
-45
-5
-8
-15
3
-24
-25
1
18
26
19
6
13
17
-9
-33
-26
-47
-73
-96
-113
-119
-140
-180
-193
-191
-191
-188
-196
-201
-189
-169
-127
-102
-65
-40
-22
20
25
73
101
114
130
139
166
172
183
180
175
159
168
144
153
152
120
139
124
126
123
102
105
106
103
125
113
100
113
107
125
126
122
113
121
109
69
81
97
84
90
69
22
5
4
-8
-41
-65
-76
-96
-102
-115
-133
-122
-128
-135
-135
-130
-126
-94
-77
-41
-32
-50
-31
-19
16
66
103
111
113
132
149
151
137
140
145
119
108
85
71
73
65
51
59
28
7
16
21
26
26
18
14
17
34
69
72
59
57
58
39
19
19
14
3
-15
-55
-58
-54
-77
-105
-130
-148
-172
-187
-210
-221
-220
-248
-235
-225
-222
-204
-194
-187
-181
-153
-129
-120
-113
-80
-40
-11
1
39
37
42
58
58
59
59
51
23
-22
-49
-38
-25
-36
-30
-56
-76
-80
-67
-67
-44
-52
-48
-30
-6
17
7
15
45
66
51
46
24
31
50
63
52
31
10
1
-2
-23
-44
-70
-96
-120
-128
-142
-156
-172
-180
-166
-175
-144
-140
-165
-148
-139
-124
-86
-68
-56
-28
-8
33
60
90
91
87
98
119
116
116
94
54
50
26
27
24
11
23
21
4
8
9
1
4
-4
-16
-20
-12
7
15
38
6
10
12
2
5
16
3
-29
-28
-35
-48
-65
-64
-102
-120
-122
-142
-133
-149
-146
-156
-173
-191
-185
-166
-162
-167
-166
-132
-138
-132
-98
-83
-61
-35
-2
9
31
48
60
70
72
80
95
92
82
71
77
69
70
87
94
90
64
44
37
23
18
-4
-25
-33
-50
-80
-75
-71
-86
-85
-80
-68
-70
-81
-98
-119
-132
-122
-109
-123
-145
-165
-184
-201
-191
-172
-169
-179
-173
-182
-178
-191
-188
-200
-181
-167
-167
-170
-178
-190
-172
-150
-108
-84
-72
-34
-22
13
46
62
99
110
108
109
116
119
116
135
145
131
117
121
101
96
79
72
49
10
-2
-44
-56
-77
-70
-60
-75
-80
-84
-78
-83
-75
-58
-64
-72
-64
-59
-40
-45
-46
-48
-64
-62
-76
-75
-96
-123
-109
-105
-111
-98
-117
-115
-107
-116
-104
-109
-129
-115
-105
-99
-100
-109
-104
-86
-75
-43
-8
-4
-11
-36
-24
15
41
90
95
70
53
55
67
87
82
65
60
44
32
0
-32
-33
-37
-40
-41
-54
-85
-83
-91
-99
-91
-99
-97
-118
-154
-139
-142
-138
-140
-155
-161
-163
-173
-178
-172
-162
-158
-162
-147
-169
-172
-167
-165
-163
-195
-188
-208
-238
-215
-201
-201
-179
-182
-176
-134
-122
-126
-122
-108
-126
-97
-53
-13
37
55
39
54
50
63
83
70
57
26
16
-5
-27
-48
-57
-59
-71
-89
-97
-105
-114
-114
-102
-111
-97
-101
-115
-99
-107
-106
-104
-124
-128
-118
-129
-103
-100
-95
-82
-114
-115
-87
-102
-96
-107
-103
-105
-127
-148
-153
-131
-142
-136
-153
-154
-144
-146
-134
-119
-100
-95
-84
-55
-31
-20
29
58
69
88
113
128
151
168
152
133
110
118
108
108
84
82
59
34
9
-21
-49
-71
-100
-114
-111
-145
-149
-155
-150
-165
-175
-173
-179
-152
-134
-128
-98
-112
-130
-126
-120
-118
-104
-111
-112
-118
-143
-148
-164
-173
-135
-118
-126
-146
-192
-207
-205
-200
-175
-171
-170
-167
-166
-146
-120
-73
-38
0
-3
-17
-6
-8
-3
-3
-24
-25
-38
-66
-75
-94
-110
-116
-117
-107
-131
-140
-164
-182
-155
-173
-175
-174
-183
-197
-197
-210
-206
-189
-158
-166
-164
-161
-171
-163
-182
-169
-124
-100
-88
-97
-119
-115
-128
-151
-156
-154
-146
-156
-179
-215
-239
-226
-227
-199
-173
-165
-151
-157
-127
-86
-59
-28
14
45
59
71
71
96
101
126
105
102
97
85
104
87
79
54
55
40
-12
-29
-47
-43
-49
-70
-73
-67
-76
-90
-102
-107
-95
-85
-69
-40
-28
-10
-5
-5
-33
-3
22
16
23
-18
-29
-47
-72
-85
-97
-118
-116
-144
-168
-193
-205
-197
-181
-157
-154
-131
-104
-96
-73
-67
-32
9
37
53
77
56
76
99
93
100
108
126
115
89
76
66
40
35
18
-10
-41
-57
-75
-80
-93
-106
-130
-103
-96
-105
-85
-108
-100
-80
-73
-58
-53
-65
-41
-33
-31
-33
-42
-50
-55
-61
-72
-109
-121
-135
-131
-110
-127
-132
-154
-184
-194
-171
-178
-166
-151
-142
-110
-93
-77
-59
-13
-4
-5
12
24
56
78
67
61
60
35
45
69
85
76
64
59
43
28
13
13
15
7
2
-2
-7
-35
-40
-63
-51
-41
-32
5
16
36
46
49
66
110
109
101
108
104
107
109
100
106
73
35
9
14
12
-10
-34
-42
-39
-16
-21
-20
-20
-6
14
31
41
44
76
96
130
141
174
175
169
185
202
209
213
202
193
172
130
125
103
84
71
18
-1
-9
-17
-37
-60
-90
-89
-87
-93
-97
-108
-84
-51
-55
-67
-49
-28
1
4
-9
-12
-6
19
12
10
17
-16
-31
-70
-89
-119
-115
-119
-129
-165
-182
-170
-162
-135
-141
-138
-124
-127
-83
-38
-16
8
2
31
38
51
65
87
80
69
80
85
83
55
43
24
13
17
-19
-50
-85
-81
-78
-69
-65
-82
-82
-90
-87
-83
-76
-61
-54
-44
-25
-15
-15
-16
-1
10
4
-13
-18
-12
-17
-36
-47
-63
-82
-102
-147
-146
-156
-143
-145
-158
-182
-187
-189
-175
-163
-159
-127
-118
-88
-45
0
36
33
24
39
84
110
113
106
92
89
93
66
42
42
42
63
28
25
63
60
64
86
56
38
21
5
21
53
70
67
117
150
144
140
135
137
182
179
155
130
88
101
90
76
78
72
42
2
-23
-62
-85
-66
-75
-82
-84
-65
-68
-73
-66
-69
-46
-1
58
92
121
125
137
162
157
148
135
146
153
130
158
133
116
92
56
61
46
35
64
64
49
50
39
56
30
29
73
85
93
86
110
113
111
119
122
121
140
129
131
117
72
67
74
64
49
27
16
3
-22
-32
-59
-34
-3
-22
-15
-43
-40
-17
-21
11
39
70
97
113
120
132
160
189
211
198
195
197
181
164
163
159
155
137
119
103
82
65
51
54
64
70
59
46
45
55
94
92
144
169
154
153
137
174
213
253
254
257
261
242
198
163
162
152
161
162
150
149
108
98
57
18
34
20
40
33
25
47
78
88
128
136
139
180
188
223
249
304
323
336
365
286
247
229
184
196
201
183
164
168
125
43
32
28
8
40
61
52
86
96
65
33
31
42
10
75
143
113
109
123
96
75
126
112
60
49
55
2
-21
-14
-27
-76
-58
-69
-122
-103
-124
-130
-135
-93
-96
-72
-30
-39
-38
32
62
62
75
100
104
124
146
203
249
242
222
177
116
19
41
76
73
65
105
60
26
15
-25
-62
-48
-16
9
51
76
96
123
146
176
204
218
253
202
214
233
241
292
271
214
249
269
194
133
158
85
37
84
13
1
84
102
72
77
56
29
-32
-22
-6
17
147
262
247
277
343
231
251
241
199
320
331
267
299
234
107
136
87
53
52
57
104
-25
-53
-4
-103
-74
-34
-73
5
63
50
38
-17
-25
28
126
192
117
254
260
141
189
157
44
83
66
12
21
0
44
-32
-91
-37
-53
-92
-33
-124
-130
-21
-67
-59
-45
-111
-20
78
41
89
94
78
109
181
234
139
171
180
158
90
102
31
-27
-28
-37
-25
-112
-173
-172
-58
-175
-314
-191
-184
-244
-160
-62
-68
-32
61
37
-48
-56
62
49
138
237
253
324
159
225
279
114
49
71
3
7
19
28
-52
-59
84
-56
-79
-159
-99
-20
-74
-14
172
223
131
232
198
239
192
220
259
273
358
398
292
286
283
190
231
81
-67
34
20
-100
-58
-77
-57
-178
-143
-141
-222
-128
-53
-164
-27
67
0
124
236
201
192
237
206
188
213
284
234
155
174
165
54
7
6
-54
-43
-32
-60
-58
-80
-97
-48
-8
-150
-15
8
-32
32
141
172
161
310
325
255
285
396
318
383
315
374
237
145
246
37
61
97
63
-142
-36
-79
-227
-140
-132
-134
-218
-69
-169
-53
-115
-229
-21
39
118
161
160
201
195
184
337
151
86
223
53
94
145
79
108
-70
-159
-164
-269
-8
-172
-283
131
-80
-282
27
-74
-305
-38
-56
-20
257
340
234
371
139
69
322
152
426
340
304
489
128
67
294
46
-249
137
-53
-6
-83
-131
-43
-299
-154
-81
-157
-280
100
-89
-187
20
21
183
82
124
173
211
20
293
334
106
204
106
165
17
64
222
9
-135
-2
-15
-69
-155
-104
-156
-127
-66
35
-45
45
80
93
129
38
365
330
105
435
275
106
669
231
67
537
219
-23
147
173
-134
135
-45
-128
86
-452
-28
69
-387
-245
128
-367
-255
-135
-245
-27
-166
321
266
-268
295
206
-149
372
151
-167
591
133
-125
282
16
-128
85
-43
-218
-73
-220
-203
-90
-120
-111
72
-219
-189
-70
-178
79
-189
-25
448
-196
249
600
5
393
502
177
275
245
234
118
112
260
67
10
11
-38
-223
-270
-369
-286
-165
-343
-181
-170
-191
-48
-343
-120
54
-185
0
140
26
202
252
137
261
17
62
394
-208
109
251
-417
149
-3
-502
305
-246
-579
227
-463
-352
-255
-388
-134
-397
-53
70
-361
195
202
-157
282
129
281
270
317
526
165
486
322
92
534
-139
116
312
-228
53
268
-501
87
-236
-224
-187
-536
139
-353
-365
-56
60
-475
14
9
-11
-88
283
43
46
12
320
269
-169
144
489
-107
46
104
-149
89
-225
180
-239
-282
35
-100
-559
-88
148
-618
-124
96
-265
52
-59
273
208
-217
483
548
-221
599
448
300
196
238
509
150
-30
286
509
-358
79
322
-352
-340
242
-227
-350
-164
91
-357
-199
25
-179
-243
-162
236
-211
-36
378
145
-295
578
-171
-111
161
-166
214
-18
-166
197
-286
-407
-174
-195
-231
-364
-170
-308
-353
-397
-267
-137
-385
-145
-146
-12
-421
263
-7
-58
214
-119
493
156
153
265
192
75
339
-83
218
485
-626
421
-45
-265
-44
-205
-193
-224
-109
-385
135
-286
-491
318
-566
49
225
-295
201
182
-468
437
260
-567
761
-311
-195
495
-271
-168
322
-705
129
219
-654
179
-139
-715
267
-227
-589
207
-662
-117
-87
-395
-232
497
-376
-17
303
-158
363
-143
385
326
-188
431
628
-454
517
384
-389
533
-109
-122
31
138
-483
317
-384
-211
238
-629
203
-99
-721
506
-169
-350
349
-217
56
288
-376
612
-258
-259
807
-343
-154
493
-547
92
-147
-287
-20
-257
-174
-324
-16
-305
-661
7
-158
-855
58
-265
-298
-219
-74
107
-448
378
65
-13
167
-23
351
69
45
684
-116
127
923
-712
226
758
-679
262
251
-749
834
-488
-267
498
-714
-208
896
-1337
538
329
-1166
1213
-326
-627
1247
-621
-154
931
-690
262
751
-604
500
491
-746
841
-609
134
-29
114
-603
577
-528
-675
785
-1259
323
-444
-161
-215
154
-771
661
-714
-46
379
-445
219
319
-206
170
352
49
-27
370
584
-544
896
-508
340
-174
90
233
-408
4
328
-359
-398
724
-1052
569
-26
-430
759
-236
31
204
363
-468
1099
-520
443
404
-528
1054
-483
186
551
-316
78
449
-706
664
-177
-491
672
-388
-342
827
-1624
760
-438
-621
425
-316
-512
527
-154
-1133
1462
-1537
1226
-187
-487
928
-328
91
254
574
-1212
1653
-1001
539
457
-775
676
-381
201
122
128
-653
1014
-1082
445
362
-1073
1143
-318
-100
628
175
-25
451
70
-232
624
-315
501
-331
624
-340
425
-376
209
-55
-925
1221
-1213
437
-51
-152
-493
404
-981
442
-320
-804
695
-840
300
-688
600
-580
-240
700
-829
523
-26
-656
888
-798
42
855
-1140
1072
-835
515
-424
113
-410
208
-90
-324
804
-956
523
-477
433
-337
371
-87
337
141
464
-119
243
32
109
548
351
-479
691
-102
93
201
-461
656
-427
-128
882
-213
-1131
1837
-1682
852
26
-1210
1328
-1046
-186
864
-848
-317
846
-1074
577
-284
-665
1291
-1274
651
-67
-642
1017
-1543
1054
-597
-215
487
-1062
1122
-943
-412
710
-767
-352
658
-853
257
79
-267
730
-1252
1362
-554
109
1050
-993
1070
152
-195
780
-362
456
219
-98
563
-322
315
126
59
-700
1066
-926
536
-515
82
-293
-265
159
-708
402
-584
-225
309
-785
82
-290
180
-419
-94
264
-465
23
-129
-73
-545
243
-76
-681
325
-338
-184
-289
75
-272
-719
762
-919
69
101
-589
232
-518
92
202
-566
479
281
-809
1000
-406
19
527
-937
1779
-1387
380
1164
-1438
998
135
-555
708
-320
-188
551
-657
336
219
-732
563
-615
79
-342
-343
606
-1129
324
208
-967
-203
1021
-1987
968
-39
-1243
1230
-1125
-195
986
-1891
1410
-547
-1079
1084
-639
-473
700
-1108
575
-146
-999
1047
-1397
893
-593
4
115
138
-293
429
159
-392
685
-64
161
87
837
-553
860
78
-326
1285
-726
1131
-374
227
815
-293
22
565
25
-23
755
-994
1285
-799
-98
632
-349
112
-2
-3
161
-282
-633
1073
-1252
163
761
-1071
273
-1
-604
365
-265
-522
293
-540
365
-558
-89
-180
-102
53
-729
846
-1023
316
-344
95
-432
450
-504
103
745
-1514
1463
-507
-481
713
-294
20
121
115
-240
870
-1170
959
-99
-58
433
16
512
-734
1023
-930
240
489
-914
573
52
-707
395
83
-931
701
-964
552
-50
-785
548
-497
-56
-771
564
-1295
746
-687
-322
-267
-296
-67
-1216
1331
-2025
848
-641
399
-264
-786
1390
-1355
170
298
-162
-562
421
290
-456
467
-143
760
-828
724
-26
-288
381
412
-583
1130
-457
227
608
-579
1138
-509
582
40
325
-200
885
-491
662
-59
-199
787
-797
608
-50
198
-377
245
366
-977
545
-472
536
-973
190
344
-866
-219
318
-908
75
-301
-449
905
-1672
1315
-680
-594
811
-785
-202
846
-759
132
1430
-2181
1787
-728
-370
839
-561
-267
1186
-750
461
354
-943
1370
-915
615
234
-138
256
397
-265
713
-681
943
-461
395
454
-86
293
179
173
-27
-111
366
120
-967
1442
-77
-1272
1387
-789
-478
381
-1034
831
-816
179
-636
846
-2027
1602
-1586
166
93
-1366
1067
-427
-229
-155
528
-1031
1064
-1450
766
-78
-681
1018
103
-911
2016
-2013
1213
-188
-280
241
315
90
72
41
231
212
-433
714
138
73
193
562
-308
1093
-1160
1414
-457
263
256
485
-489
1042
-385
-128
660
-950
1426
-1105
637
222
-661
395
-200
-504
627
-1066
688
-499
-259
60
106
-784
541
-291
217
202
-1193
1386
-870
-445
1126
-403
-422
1650
-1351
981
-92
-333
404
-191
-267
906
-682
764
383
-444
1040
-992
1571
-1412
1257
362
-252
1299
-218
767
88
84
766
151
-64
1311
-483
984
232
-299
1768
-1786
1535
182
-1095
2018
-1652
439
583
-1570
1401
-665
-892
980
-1331
428
-187
-1040
671
-973
-268
717
-1613
1301
-802
-71
451
-1453
1650
-1236
612
-171
544
-374
733
-647
703
-506
-575
1797
-1709
1525
-426
-267
1088
-1243
1523
-146
-570
1645
-1012
1090
466
-884
1558
66
-955
2249
-1381
793
633
-666
1014
-584
355
708
-809
554
448
-691
259
421
-570
-13
480
-489
-14
-472
692
-931
-178
316
-1070
433
-473
-78
-382
227
-614
412
-686
825
-776
159
1012
-1359
739
66
-700
419
-304
49
193
-148
1030
-957
840
425
-901
905
553
-388
1008
322
154
842
-609
979
338
-470
1308
-139
12
1743
-1476
1200
523
-1970
2259
-916
-274
1044
-883
198
294
-1011
489
18
-1001
1523
-1642
490
235
-616
-793
790
-911
-591
1187
-917
203
-762
994
-1332
575
-404
525
-1294
1261
-119
-716
1121
-1483
1341
-1569
674
-236
-6
-121
4
554
-823
823
-898
845
-610
-36
1411
-1279
858
347
-46
-107
880
-628
789
-223
62
1265
-1590
1367
474
-1556
1636
-280
-622
861
-830
931
-821
-91
975
-1619
419
372
-1097
773
-973
206
-246
-849
422
-45
-974
921
-676
-132
667
-1773
1455
-835
-331
917
-478
-303
607
-1066
1155
-542
-689
1667
-858
-482
1812
-1689
958
195
-427
1108
-423
-206
1079
-388
-596
2749
-2464
1749
-14
88
-2
534
84
146
486
208
502
-311
492
47
-226
297
314
-530
895
-151
-406
613
-349
-895
1042
-923
-128
-145
-79
-383
-262
190
-1012
-110
-498
-69
-538
-528
168
-229
-871
493
-361
-979
975
-839
1
335
-460
730
-473
124
784
-633
811
82
134
253
276
3
481
538
-245
1041
-281
317
63
268
359
276
-20
758
-830
619
479
-1608
1860
-765
-698
1715
-1431
178
1265
-1839
1651
-232
-497
1005
-475
271
192
-770
1031
-574
-392
504
-332
-192
-370
38
133
-1310
1175
-1943
517
30
-1523
1647
-1892
158
-132
19
-1221
1175
-1463
930
-277
-647
1420
-661
414
376
265
233
205
518
56
532
356
-1
1072
-669
501
372
-183
-176
1085
-801
216
1034
-1196
780
106
-781
1200
-1518
1395
-1260
727
-784
746
-1120
636
-494
-376
754
-586
425
-267
228
-990
1344
-1162
634
-446
586
-1118
834
-330
-1315
1062
-1313
481
-586
43
-15
-174
-1101
1337
-1404
-56
1359
-1755
1675
-992
129
1206
-1583
1624
-193
-624
1441
-680
588
252
-315
-89
1131
-1107
1252
-478
429
502
-1019
1124
-431
-363
730
-311
121
413
-383
96
348
-779
245
589
-235
361
-225
539
-919
489
-267
17
-107
-795
811
-1253
-959
1798
-2383
726
-174
-1032
0
-93
-1169
433
-771
-737
1653
-2692
1750
-846
-930
1033
-147
-948
1491
-1070
567
298
-364
557
192
-284
587
-334
281
411
-468
621
585
-1380
1055
107
-781
820
-1030
1532
-1613
905
31
-68
-477
794
-11
-646
976
-442
1205
-1297
1905
-1219
982
194
-437
251
-127
344
581
-1098
995
-1005
-109
362
-1677
876
-1502
33
-790
26
-1328
542
-1725
639
-1086
-756
970
-2095
2297
-2020
640
-396
173
-628
482
-736
961
-1028
982
-219
-267
505
-1081
1576
-1529
1653
-940
1434
-1661
1625
-1543
901
145
-1163
1271
-759
520
-87
25
443
174
-493
404
515
-729
1304
-970
1052
536
-1492
2864
-2219
321
939
-737
274
273
-5
-357
495
-777
234
-729
289
-325
-508
1292
-1722
997
-375
-501
1107
-2050
1723
-1245
437
87
612
-1092
852
288
-1036
1336
-934
179
283
165
137
401
49
-549
883
-751
464
-414
345
188
-300
227
383
-251
34
424
-787
1413
-1052
575
756
-675
81
1303
-1754
1455
-447
-900
1873
-1854
931
-149
-479
282
308
-1917
2146
-1898
248
178
-1022
1042
-2065
2174
-1593
635
-262
-146
142
34
130
-102
914
-712
1005
-737
836
-596
347
-368
406
-542
152
598
-879
-20
30
-54
-743
1064
-1253
500
-678
360
-564
252
-258
603
-643
240
926
-1672
1739
-1002
398
201
354
-179
450
-272
68
-440
-65
332
-968
760
-916
200
-1148
945
-1499
541
-236
-786
764
-753
-208
712
-1393
833
77
-1435
2364
-1905
699
-167
-48
-41
558
-1276
1581
-575
-577
1251
-1450
1094
-1672
1789
-1482
646
-33
-366
386
199
-558
708
-127
-121
1306
-1550
1780
-425
26
672
129
373
543
-918
2116
-1290
383
1333
-275
81
922
-915
632
146
-621
514
-379
-314
933
-1531
882
-735
-999
1033
-707
-194
207
-917
693
-459
-1139
1526
-1846
570
693
-1749
1853
-1168
-418
1359
-1478
261
787
-1669
580
707
-2518
2931
-2397
120
733
-1498
1182
-969
-127
346
-445
-13
782
-1235
818
-24
-458
652
-674
756
-48
328
492
-828
1901
-1795
1127
254
-1691
1945
-1549
1156
-694
-255
463
-179
-892
794
-46
-1475
2039
-2299
1881
-1050
523
-577
376
-186
280
-112
-260
794
-1056
982
-96
-922
340
7
-419
303
-1041
633
-785
-103
-27
-1111
734
-892
-974
1416
-1610
513
-191
-468
188
-224
-109
182
231
-204
1034
-133
-111
1071
-584
765
156
378
549
-584
1433
-583
1023
-523
1188
-1372
1090
-304
97
561
-506
349
182
-454
-108
591
-1077
895
-92
-126
775
136
-558
1501
-1445
1407
-114
-551
1120
-380
-179
327
407
-1130
954
-420
-59
30
-285
-191
-425
322
-593
320
-1137
1014
-810
192
-247
-15
188
-500
852
35
16
235
495
-332
392
109
793
195
606
-165
1023
-362
-266
1188
-1191
471
1015
-1177
774
-200
-425
41
389
-1293
1212
-877
706
-11
167
-523
975
78
-829
1805
-1776
510
1119
-1442
1161
-230
-1191
1950
-2043
541
53
-470
-451
1144
-2703
1614
-1168
-970
1430
-2884
2107
-2116
640
-113
-453
-1076
1791
-1717
620
753
-1297
1942
-1169
322
1299
-889
1100
215
-315
604
762
-1074
1697
-814
-122
1055
-238
-17
669
-228
-576
1361
-1935
1637
-663
-64
453
-412
132
13
-190
556
-491
477
-110
473
-548
184
358
-975
506
794
-1403
862
283
-1562
1531
-1245
939
-308
-1042
1477
-1488
-62
324
-377
-993
826
-744
-54
-269
252
-132
98
-377
271
974
-1701
2391
-1010
490
555
-456
1075
-750
901
-22
1084
-1228
1287
472
-1279
1354
-508
361
-624
1144
-1051
1279
-1445
1281
179
-1585
2555
-1511
435
-119
86
377
-66
-146
647
-233
-182
137
-45
-316
107
152
133
-1009
1282
-1214
-78
322
-1244
1025
-1690
1187
-864
-757
644
-474
-1078
777
-1473
1215
-1997
998
938
-2599
2455
-1118
-1346
2318
-1230
-426
2524
-3195
2758
-942
-1100
1866
-1830
657
1092
-1593
732
593
-3115
3481
-2546
171
1569
-2631
2575
-2652
1525
-226
-676
609
798
-999
550
1142
-1788
2123
-2341
3482
-2800
1587
1223
-1831
2005
-1184
268
20
655
-1084
1738
-2036
747
-273
-708
179
-541
-389
959
-1733
623
324
-2477
1911
-1313
234
271
-136
232
274
-160
300
-323
599
-800
558
936
-1129
726
1164
-2061
1897
-840
33
275
-514
1561
-1149
91
1184
-1543
588
-311
728
-1046
1068
-327
-26
-211
-217
490
-528
294
-646
1303
-1102
697
15
114
398
-860
1388
-1275
12
767
-755
-240
805
-579
83
-477
-416
728
-707
-74
225
201
-1395
1084
-447
-289
-745
319
602
-953
-301
1156
-1011
-730
1421
-1488
710
260
-976
1422
-1648
710
1064
-1935
1983
146
-1739
2277
-108
-1668
2505
-2029
980
785
-1620
1924
-1362
-282
1263
-1883
1256
-27
-693
864
-415
-643
495
-436
-539
231
-228
-529
-10
-222
-1486
608
-1024
-12
289
-1565
1157
-634
-1199
731
-748
446
-329
-482
335
-216
-1363
1711
-697
-751
1470
-416
-416
125
-521
988
-1140
625
1414
-1200
54
1104
-1652
1001
266
-1333
2596
-2413
1478
639
-1241
1483
-1164
1123
365
-993
1092
328
-1363
577
-1171
206
-781
-1425
2225
-2475
579
883
-1071
-2
27
388
564
-642
1429
-397
-990
1272
-642
14
545
250
591
-540
387
368
-752
964
-500
968
-659
532
221
-269
-857
616
-425
-305
111
86
-260
-334
-335
517
-223
-164
483
-351
-394
719
-453
409
544
-1124
978
-797
261
360
-345
154
259
-286
2
92
-460
55
-738
1463
-780
-297
1207
-1487
171
-291
-303
-38
-18
-289
-245
-707
-524
-89
-793
328
83
-321
542
-264
-450
578
-543
165
602
-185
465
-39
350
457
-464
69
870
-732
1052
111
194
569
-418
389
-537
611
-279
-276
195
261
-533
1094
-828
-222
203
-267
927
-406
457
120
-43
-117
509
-721
130
106
257
-427
318
-205
-1052
558
-894
162
-479
-74
138
-595
-279
-78
-635
-202
96
-361
63
-223
-23
-247
-401
60
-519
252
172
331
292
-82
-12
152
293
-13
302
135
260
277
623
123
-295
439
49
-25
742
580
351
645
449
-562
645
-226
239
-83
486
655
-211
-59
101
-864
-111
51
-405
437
-370
54
8
-24
-548
239
-49
121
303
113
763
-174
-76
252
-506
57
378
-396
313
74
228
-211
-553
523
-533
-325
307
-356
37
-131
-150
41
-716
-4
-13
-454
57
-246
-428
264
183
-87
541
394
254
595
354
458
322
589
948
266
902
396
62
264
-269
-365
-204
-343
-127
-277
-530
-503
-1086
-725
-1069
-1199
-490
-1072
-344
-395
-576
-536
-614
-550
-314
-182
232
-53
229
124
-147
-110
-183
-101
339
202
125
430
-364
-170
-270
-311
-59
173
248
400
377
384
535
213
541
971
1341
2000
2111
2599
2054
2035
2508
2093
2380
2508
1902
1954
1292
1034
580
463
345
29
-88
-661
-1312
-1858
-2208
-2890
-2807
-2643
-2692
-2690
-2805
-3263
-3547
-3458
-3261
-2804
-2338
-1555
-1423
-803
-777
-813
-414
-381
0
816
1366
1564
2140
1770
1636
1654
1205
1213
-87
-551
245
91
708
767
-257
-301
-577
-544
-202
-470
336
284
804
1542
1137
936
831
849
1624
2544
3206
3494
2946
2811
2431
2708
2527
2326
2462
2159
2118
1737
869
342
-1134
-1313
-1337
-1648
-1127
-1600
-2001
-2431
-3050
-2970
-2556
-2321
-1840
-2018
-1864
-1532
-1686
-1310
-1092
-989
-277
154
560
800
978
963
1159
1462
1603
1272
550
-147
-696
-173
576
908
776
-347
-1364
-2052
-2816
-2781
-3215
-2987
-2767
-2468
-2284
-2493
-3262
-3739
-4136
-3039
-2060
-1776
-591
-1489
-1219
-919
-622
275
459
792
1384
1684
2645
3287
3617
4196
4169
4923
5743
6564
7316
7253
7402
7327
6875
7292
6899
6332
6125
4841
3254
2715
1200
1020
475
-368
-1136
-2518
-3269
-4290
-5537
-5963
-6442
-6238
-5326
-5507
-5597
-6112
-7021
-6775
-6390
-4983
-3635
-3255
-2373
-2469
-2070
-882
-270
756
1344
828
932
954
868
1233
1294
1711
1543
1163
808
125
-989
-1729
-1983
-2133
-1305
-951
-1135
-2250
-3494
-4495
-4307
-3525
-2341
-2266
-1629
-1715
-1615
-867
-983
-298
468
1238
2826
4416
4533
4786
4511
4957
6288
7891
9431
10005
10245
10585
9665
9486
7730
6373
5922
2857
3581
4033
4253
3868
-398
-3065
-4380
-6475
-5778
-6689
-6187
-5500
-7553
-7616
-8182
-9597
-9313
-9965
-7578
-5133
-4571
-2917
-3340
-3665
-2945
-1500
1429
3253
3886
4496
3826
3180
3673
4139
5364
5184
4114
4101
2811
1012
-718
-2840
-3017
-3314
-3348
-2477
-3280
-5556
-7530
-9228
-8598
-7333
-6193
-4997
-5003
-5106
-5747
-5484
-4073
-3360
-2029
-365
1058
2436
2511
2594
3008
3602
5402
7144
8427
8767
8099
7715
8031
9269
10947
12391
13087
12696
11406
10530
8859
5929
1956
-423
2446
5089
5963
2699
-2118
-5316
-7921
-9269
-8506
-7269
-5562
-5772
-6882
-7317
-9671
-11602
-11396
-9764
-5462
-2861
-1410
-1709
-4466
-5159
-3520
-16
3794
5616
6179
5186
2803
2344
3791
4542
5365
5290
5818
5002
1944
218
-1732
-2925
-4119
-3523
-1120
-460
-3453
-7665
-11308
-10965
-7632
-5237
-3443
-3814
-5181
-6255
-6015
-4088
-3358
-2234
81
2287
3728
3544
1870
43
30
2678
6123
8006
7937
5323
2840
2335
3597
6531
8203
8767
8289
7012
7327
7381
7505
8588
8941
9362
6260
-735
-2105
125
4100
4960
1451
216
-1453
-4937
-8038
-10799
-8634
-4801
-3648
-1762
-3694
-8476
-12043
-13316
-9333
-4592
-2292
-145
-2406
-5092
-5200
-3665
19
1475
2824
5224
4723
3039
2758
2828
3139
2148
2839
5845
5466
2393
-910
-3653
-3408
-3040
-1897
568
-738
-3354
-6201
-7516
-5381
-4905
-3803
-1930
-1993
-1821
-2761
-3296
-2551
-2867
-1340
1385
2775
3572
1845
289
-34
310
2833
4530
4858
4030
1664
923
988
1739
3735
4448
4739
4333
3963
4574
5225
6447
7361
8959
9239
9045
6287
-1538
-4016
-300
6646
9872
4872
265
-3004
-6163
-7965
-9204
-6122
-1744
-2657
-3126
-5403
-9659
-12455
-14262
-9992
-4379
-1628
33
-3382
-7579
-8284
-5830
-33
3762
5301
6666
4534
1351
1328
3332
6189
6532
6423
8433
7491
3380
-91
-1183
-121
1096
2032
3388
2251
-1723
-6555
-7509
-4909
-2010
-929
-862
-1702
-4016
-5715
-5748
-4468
-3210
-2254
-517
23
-904
-2194
-3795
-3694
-2009
365
2277
1720
-235
-1974
-2625
-1255
551
2676
3780
2971
2425
2444
3947
6224
7313
9200
10549
11233
10483
9405
3745
-1876
-401
6184
12958
10381
3363
-1411
-4527
-6107
-7149
-6580
-2242
-1523
-3541
-5235
-9094
-12220
-14262
-12761
-6405
-2763
-1202
-2541
-7541
-9454
-7454
-1463
4274
5354
5771
5033
1905
979
3198
7093
9121
7489
7353
7974
4869
1208
-264
776
2605
2451
2914
2078
-1787
-6407
-9002
-6373
-2491
-1367
-2011
-3848
-6040
-7587
-7576
-5526
-3830
-2927
-1891
-1243
-2005
-3118
-3459
-2651
-1573
274
1973
2169
504
-1463
-1309
160
1970
3388
3973
4091
2508
2458
3681
6399
8520
9034
9067
9983
10944
9870
8076
111
-1909
2713
9903
12769
6284
-16
-2750
-5440
-6131
-6740
-5132
-827
-2366
-4085
-6142
-10919
-12678
-13258
-9036
-2612
-1123
-884
-4625
-9269
-8025
-3299
3004
6557
5705
5593
3710
738
2291
5884
9272
9286
6886
7343
6364
2058
284
350
2040
2351
1255
1384
-850
-5958
-9517
-8952
-5071
-2247
-3689
-5975
-8314
-9563
-9029
-7883
-5782
-4588
-4007
-2850
-3099
-3747
-3440
-2535
-1205
-61
1911
3174
1895
259
331
1991
3740
4149
4626
4790
4118
3704
4858
7060
9004
9010
9124
9398
9899
10459
9566
7864
198
-1372
2675
9350
11049
4433
-1343
-3821
-6067
-6590
-7278
-5277
-1520
-2945
-4650
-7513
-12034
-12921
-12162
-7608
-2868
-2326
-2458
-6456
-10202
-7965
-2361
3394
5081
3651
3596
1939
-392
1699
5721
9179
8344
6065
6166
4905
967
248
1432
2790
3645
2052
1327
-2038
-6645
-7112
-5412
-2616
-1261
-3998
-5418
-6911
-8238
-7090
-6375
-3927
-2838
-2809
-1820
-3483
-4192
-2738
-1469
161
487
1358
2001
354
6
815
2039
3070
2932
3596
4028
3978
3986
5062
6368
8363
8007
8846
9507
10773
11358
10081
5320
-1686
-313
5580
12076
10277
3346
-1707
-4444
-6330
-6741
-6321
-2264
-268
-2744
-5492
-10042
-13496
-13277
-10697
-4901
-2488
-3004
-4909
-9845
-11279
-7454
-723
4156
3696
2080
1263
-901
-1379
2131
7271
9453
7236
4505
4218
2097
882
1474
2917
5163
4125
2965
-94
-3602
-5597
-4666
-2168
-176
-1266
-3474
-5522
-7526
-7558
-6117
-3696
-2503
-2596
-2593
-3525
-4314
-3687
-1926
-259
124
186
575
231
-346
239
1637
2916
2977
2901
3354
3235
3321
3878
5326
7203
8051
7457
8935
8707
10521
10727
9625
5641
-1939
-1107
5111
11167
10758
3231
-3035
-5323
-7003
-6224
-5072
-1987
251
-3157
-6881
-10719
-13338
-11629
-8806
-4595
-2552
-3694
-5835
-9868
-11286
-6633
342
4261
3529
1024
254
-1181
-1564
2880
8168
9683
6712
3390
3289
2908
2377
3221
4892
5921
4162
1784
257
-1295
-2496
-2360
-757
226
-762
-3164
-5885
-7289
-6371
-4243
-3077
-3408
-4429
-4836
-4553
-4159
-3157
-1646
-850
-1608
-2195
-1246
-134
207
373
960
1929
1927
1735
1922
2579
3351
4485
5723
6919
6901
6808
6300
8622
10886
12587
11277
8108
1946
-2382
1171
7579
13058
8571
583
-5804
-7053
-5847
-4417
-3273
-978
-1939
-5634
-9360
-12430
-12343
-10210
-7456
-4329
-4660
-6285
-8856
-11595
-10110
-4944
1156
3091
437
-1868
-2230
-1694
274
4971
8847
8582
4432
1925
3051
4880
5491
5851
6163
5949
4050
2257
1520
972
771
1053
931
108
-1624
-3433
-3887
-3569
-2959
-3049
-3948
-4990
-5510
-4764
-3471
-2767
-2612
-2718
-3564
-4183
-3686
-1920
-151
-58
-406
-678
-1173
-1186
-830
826
2390
3373
3598
3686
3405
3171
3414
5024
7400
9074
10458
9420
8284
5727
5077
2240
2033
4373
7732
8617
3992
-997
-3037
-2298
-2097
-2314
-2322
-592
-2040
-5415
-7774
-8960
-7937
-6787
-5441
-4176
-5610
-7218
-8722
-9385
-7517
-3631
-321
-18
-2206
-3264
-2355
-1913
430
3701
5988
5264
2754
2612
3380
3875
4513
6352
6738
5234
2484
2429
3494
3718
3082
2811
1839
747
-533
-1070
-626
-932
-1695
-2821
-3915
-4002
-3954
-3345
-3268
-4440
-4456
-4209
-4271
-3867
-3006
-1594
-1641
-2866
-3324
-3248
-2872
-2000
-370
1542
1445
-67
-736
-562
1379
2901
4166
4944
4720
4070
4439
5498
7560
8227
6875
5856
3214
1290
2493
5530
8712
7412
3117
109
-1305
-1225
-94
612
2197
1592
-1602
-4247
-6603
-6382
-4641
-3566
-3129
-4561
-6648
-7718
-8522
-7377
-4666
-2392
-1733
-3473
-4461
-3202
-1770
-36
2171
3702
3391
1481
957
2660
4018
4672
4759
4566
3543
1434
1218
2552
3850
4006
3373
2678
2063
481
-238
-614
-696
-633
-1720
-2251
-3187
-3826
-3694
-3515
-3181
-3020
-3492
-3397
-3548
-2915
-1665
-1178
-945
-1405
-1540
-2031
-2481
-1915
-961
-217
-213
-383
-568
-419
-420
-324
621
1380
1280
1228
1512
2707
3211
4201
4350
4691
4886
3568
3266
1669
2689
4479
6298
6188
4769
2733
2608
1749
2117
3247
3257
3429
1844
633
-414
-1267
-1148
-1255
-1277
-1365
-2163
-3140
-3619
-3493
-2876
-2274
-2315
-2785
-3148
-2713
-2370
-2619
-2355
-2137
-2384
-2692
-2825
-1813
-1107
-970
-1136
-1642
-2315
-2256
-1643
-36
1033
974
218
-1027
-1546
-978
-186
922
1257
1168
848
-153
-724
-455
498
1194
1359
1065
700
199
-117
-60
482
424
202
-471
-1043
-1421
-2205
-2442
-2125
-2185
-2476
-2425
-2667
-2511
-2467
-1730
-568
-708
29
418
301
469
1284
1938
2473
3261
4036
3759
3335
3100
2918
3486
4801
5815
5143
4148
3629
3115
2857
3112
3445
3460
2562
1927
1154
201
-155
-78
-143
-711
-1684
-1930
-2187
-2657
-3030
-3256
-3037
-2858
-2958
-3152
-2892
-2536
-2141
-2038
-1784
-1666
-1635
-1183
-863
-587
-333
-588
-760
-777
-595
-61
-80
-91
-68
-290
-717
-974
-903
-648
-852
-1200
-1454
-1664
-1437
-1397
-1308
-1374
-1511
-1687
-1857
-1938
-2001
-1969
-1507
-1359
-1480
-1495
-1631
-2132
-2179
-1326
-367
339
970
1305
933
717
1173
1910
2315
3103
4004
4211
3561
2963
2727
2768
3015
3536
3848
3058
1904
1147
1164
1460
1822
1829
1500
869
349
104
221
683
1074
1048
855
180
-182
-167
180
458
267
293
192
73
-135
71
500
694
704
629
584
460
493
543
721
555
369
159
76
-23
-433
-879
-1308
-1526
-1731
-2038
-2479
-3012
-3669
-4181
-4574
-4910
-4969
-4686
-4258
-4253
-4615
-4902
-5136
-4826
-4253
-3200
-2541
-2732
-2827
-2628
-2083
-1468
-809
-286
186
587
912
1140
1443
1714
2124
2564
2796
2936
3045
3597
3723
3358
2860
2665
2836
3020
2966
2680
2124
1557
1118
924
971
973
874
629
276
-43
65
181
390
805
1121
1003
676
724
1332
1970
2428
2515
2455
2313
2295
2519
2823
2931
2810
2685
2666
2896
2761
2452
2278
2146
1942
1494
1000
779
620
246
154
-202
-794
-1608
-2399
-2541
-2527
-2386
-2734
-3888
-5133
-5761
-5649
-4869
-3974
-3770
-4435
-5463
-5565
-5203
-5146
-4356
-3195
-2796
-3627
-3847
-2861
-2459
-2237
-1127
-536
-1033
-778
148
497
-145
308
1765
2257
2111
2236
1721
691
886
2150
2696
2001
1526
1710
1941
1707
1336
668
519
879
1340
1718
1527
1067
579
311
409
785
895
922
908
1083
1192
1410
1662
1754
1570
1566
1749
2084
2505
2551
2262
1806
1988
2247
2411
2547
2456
1941
1455
1292
1501
1622
1387
962
648
493
199
-161
-526
-673
-885
-1106
-1305
-1558
-2016
-2569
-2739
-2512
-2367
-2500
-2852
-3080
-3262
-3233
-3115
-2861
-2571
-2454
-2546
-2704
-2544
-2219
-1717
-1433
-1042
-763
-537
-372
-296
-85
340
787
1086
1274
1222
1134
659
614
1136
1361
1287
1100
1012
809
695
736
463
85
231
443
496
314
177
58
-211
-244
-172
-262
-228
-107
116
222
160
201
359
557
724
1084
1733
2088
2004
1781
1886
2267
2593
2893
3254
3331
3049
2640
2580
2795
2776
2578
2304
2020
1805
1457
994
497
33
-204
-410
-911
-1583
-2250
-2666
-2852
-2938
-3003
-3136
-3517
-3918
-4044
-3752
-3249
-2933
-2843
-2906
-2812
-2496
-2136
-1725
-1307
-994
-835
-671
-414
-56
210
486
876
1119
1244
1307
1342
1317
1289
1503
1631
1572
1386
1268
1297
1075
857
659
492
436
454
579
524
132
-303
-402
-506
-462
-403
-458
-570
-675
-770
-757
-744
-644
-671
-671
-434
-108
258
481
729
844
1003
1303
1674
2040
2283
2488
2531
2559
2672
2894
3057
2942
2758
2468
2360
2309
2241
2047
1762
1512
1109
604
263
-66
-313
-591
-862
-1091
-1544
-1927
-2041
-2036
-2111
-2162
-2097
-2001
-1915
-1944
-1867
-1730
-1580
-1412
-1202
-948
-838
-911
-967
-933
-758
-520
-457
-430
-480
-565
-528
-466
-182
25
-97
-288
-386
-218
-20
89
60
-73
-156
-187
-129
-51
80
61
-50
-122
-15
78
57
30
51
120
50
48
187
283
343
397
514
698
823
849
803
844
1042
1424
1702
1848
1924
1848
1760
1712
1935
2254
2362
2136
1793
1521
1328
1249
1373
1534
1430
912
275
-74
-100
31
-97
-218
-460
-981
-1512
-1724
-1680
-1564
-1514
-1575
-1590
-1817
-2098
-2273
-2084
-1719
-1446
-1248
-1209
-1241
-1297
-1201
-868
-451
-176
-46
-120
-235
-188
-152
90
318
443
475
500
592
485
300
113
166
305
391
342
42
-275
-551
-660
-587
-567
-651
-871
-1087
-1138
-1012
-852
-829
-898
-847
-671
-373
-107
80
233
398
529
751
1103
1419
1710
1835
1865
1888
1921
2092
2397
2746
2831
2728
2498
2281
2094
1891
1950
2054
1993
1644
980
496
206
139
231
196
-39
-474
-1032
-1435
-1666
-1682
-1538
-1451
-1496
-1750
-2047
-2274
-2227
-2118
-1934
-1611
-1490
-1449
-1546
-1591
-1405
-1107
-805
-612
-553
-573
-581
-553
-397
-201
39
125
59
48
175
362
331
257
262
379
458
484
487
318
15
-167
-75
-69
-182
-251
-296
-300
-318
-435
-491
-508
-330
-89
27
106
40
-27
-8
163
468
686
642
530
458
621
844
940
1083
1145
1149
1109
1159
1379
1559
1502
1235
1185
1254
1391
1379
1195
1010
914
886
881
1010
993
877
619
436
385
343
247
248
154
-90
-353
-605
-688
-718
-686
-705
-873
-1123
-1435
-1673
-1664
-1563
-1469
-1533
-1829
-2063
-2246
-2360
-2240
-2077
-2021
-1964
-2089
-2035
-1914
-1780
-1489
-1255
-964
-705
-488
-251
-60
60
287
618
892
961
894
943
994
1212
1452
1519
1447
1228
1130
1129
1173
1217
1118
889
603
425
403
424
411
363
275
86
-94
-151
0
177
324
357
273
147
153
350
650
864
894
846
697
676
762
1016
1216
1211
1165
1029
947
934
948
1062
1038
972
931
839
664
444
251
211
221
10
-141
-327
-554
-808
-1032
-1094
-1222
-1444
-1608
-1720
-1781
-1938
-2224
-2276
-2251
-2165
-2078
-2048
-1979
-2063
-2188
-2161
-1970
-1664
-1369
-1216
-1124
-1096
-1042
-858
-597
-289
-36
127
247
271
337
465
599
772
872
982
1003
884
861
823
903
964
987
975
865
752
668
781
899
879
798
775
843
903
818
813
944
926
820
783
856
1011
998
877
770
692
692
680
709
787
732
625
509
428
408
376
353
382
352
185
-35
-172
-93
-15
29
21
-73
-268
-457
-471
-340
-200
-281
-465
-581
-656
-704
-705
-653
-642
-777
-923
-973
-991
-1044
-1107
-1127
-1186
-1258
-1353
-1428
-1450
-1486
-1528
-1504
-1491
-1529
-1571
-1512
-1315
-1237
-1228
-1217
-1190
-1027
-911
-743
-639
-568
-400
-340
-268
-177
18
137
176
256
399
638
791
789
847
954
1099
1191
1286
1391
1403
1370
1449
1610
1726
1729
1544
1430
1428
1463
1558
1588
1531
1396
1229
1152
1144
1073
960
801
738
730
673
507
259
101
-27
-20
75
142
6
-258
-448
-446
-304
-263
-288
-384
-528
-629
-674
-718
-763
-822
-913
-856
-795
-764
-866
-1006
-1027
-934
-763
-718
-782
-813
-819
-781
-717
-628
-483
-476
-510
-538
-491
-472
-535
-553
-438
-351
-439
-599
-682
-724
-769
-774
-673
-608
-677
-886
-1086
-1050
-960
-865
-795
-735
-690
-639
-566
-410
-262
-150
-26
197
499
754
878
830
848
976
1214
1484
1628
1653
1519
1345
1310
1385
1504
1517
1374
1245
1193
1143
1105
1046
971
844
687
586
564
550
483
384
295
162
9
-130
-189
-143
-82
-102
-183
-354
-526
-643
-634
-532
-469
-578
-816
-928
-884
-773
-770
-878
-984
-1022
-970
-863
-792
-770
-798
-869
-814
-649
-529
-482
-464
-444
-460
-485
-504
-436
-362
-365
-409
-411
-389
-452
-512
-605
-565
-540
-531
-476
-505
-560
-611
-630
-581
-496
-375
-303
-192
-48
137
321
382
468
526
689
932
1123
1263
1250
1188
1132
1184
1265
1383
1509
1485
1317
1125
1062
1077
1136
1131
1040
922
803
644
440
348
350
265
133
-81
-292
-461
-604
-688
-715
-813
-1001
-1222
-1368
-1380
-1350
-1342
-1478
-1637
-1753
-1790
-1708
-1620
-1516
-1479
-1543
-1533
-1447
-1264
-1046
-863
-666
-560
-514
-420
-231
18
190
215
205
287
371
481
553
654
678
613
572
545
587
605
578
554
482
389
240
132
104
86
106
60
-1
-68
-155
-205
-170
-48
97
158
169
215
273
346
396
476
586
652
721
754
837
873
803
737
774
828
778
683
638
659
589
465
360
267
193
17
-138
-221
-326
-484
-672
-780
-827
-891
-1011
-1090
-1192
-1305
-1457
-1539
-1503
-1439
-1472
-1532
-1530
-1420
-1363
-1297
-1177
-1069
-910
-821
-680
-471
-285
-122
-1
85
216
290
337
492
577
694
716
748
760
686
645
680
754
690
721
653
621
598
483
356
221
197
20
32
-630
-1453
-961
-357
-9
784
1134
470
931
-78
91
-551
-339
118
140
615
986
809
473
775
-243
209
-233
52
-46
113
147
320
423
-179
-542
-913
-458
-587
700
-52
-869
-1334
-718
-676
232
1166
1390
652
181
-863
-2164
-2036
-1193
348
540
404
-331
-1064
-1792
-1288
-902
421
421
535
-320
-1810
-2168
-2232
-1060
-113
560
1088
463
105
-237
-424
-226
802
620
1381
802
714
573
417
946
861
1024
726
790
-69
181
216
647
1070
1101
338
-75
-1006
-1204
-1097
-735
319
756
888
621
43
-449
-342
-111
695
1218
1151
1217
457
-3
-136
103
820
694
1289
777
816
-451
-67
-757
-80
-183
421
399
-58
82
-479
-98
-561
-649
-525
-318
-570
-665
-794
-949
-840
-726
-1324
-430
-1546
-770
-985
-1700
-879
-1706
-610
-1223
-460
-674
-489
-580
-712
-822
-640
24
-666
-136
-322
-374
433
-421
980
131
470
925
295
586
637
1194
1169
1755
1354
1327
451
-13
161
-371
325
197
513
-7
-327
-446
-950
-384
-678
-73
-299
-568
-300
-728
-610
-302
-96
461
463
789
398
394
109
135
-92
162
436
904
1105
1692
1482
715
1456
532
458
-116
434
875
770
1284
1184
136
347
63
-96
-26
-351
459
445
-46
-408
-910
-1184
-1552
-1286
-878
-584
-76
-245
-705
-1461
-2280
-1604
-1646
-970
-546
-190
-563
-385
-1629
-1432
-1196
-804
601
259
948
583
1019
97
812
238
868
1166
750
342
-1455
-687
-951
-337
234
1261
1442
722
1394
-859
-1721
-2657
-2059
-1715
-369
328
722
377
-1191
-1244
-1997
-1627
-310
685
1448
2730
1003
2066
1273
1153
1809
2359
2754
2523
2269
2222
1667
1245
1764
1304
2658
1068
1426
662
-561
-114
-6
1
580
130
704
359
-1763
-64
-1106
-1290
-611
-1524
-1257
-1564
-1888
-1073
-1794
-2115
-1542
-1562
-1049
-612
-1508
-1004
-2052
-1749
-1266
-1901
-1095
-1632
-891
-131
6
-1086
261
-472
-506
-57
-528
732
-7
1120
1460
708
1661
776
180
362
-884
-348
373
-239
2257
-26
884
613
-1581
-185
-618
-399
196
-515
929
1271
-967
1453
-436
-198
829
-36
756
1238
579
1523
2935
1763
1707
2592
1361
1518
939
562
2577
1843
1132
3183
-173
401
2264
-658
927
2132
-967
2143
1397
-402
122
-2320
754
370
-514
2851
-874
-1933
794
-3085
-967
-657
-2276
1410
-182
-1466
-1050
-2537
-3527
-507
-2231
-1043
2193
-2711
-799
-973
-3598
-1548
-1162
-834
-1216
151
65
301
-1620
-1169
763
-2405
-504
1399
470
-2137
4298
-2450
-733
246
-3113
1912
-1216
50
1845
-95
-70
772
-3948
1268
-2672
-910
5102
-2677
1997
2535
-4055
392
-1829
-1811
3788
-1145
3375
2286
-2081
1645
-939
-1737
1433
1045
3064
4060
1501
1611
-414
-2803
2826
1013
822
5146
2554
156
673
-347
-1395
785
-1059
4421
1401
1437
2193
-963
-3114
-853
-3522
2059
434
708
2852
-1909
-1145
-1248
-2946
-2065
1081
-2629
5430
-2234
2244
886
-5978
919
-1448
-3969
2701
3738
-3927
4701
-1903
-1747
-1716
-2640
3957
-6157
2743
4612
-6283
3386
-104
-4763
1743
-4054
1579
2783
-6927
9034
-6290
-2079
5279
-7972
2993
2193
-5466
5929
-5180
194
2300
-5460
4196
-113
-3169
5565
-3291
-846
2670
-6705
7825
-3370
-71
3727
-2226
1143
2455
-4500
5744
-955
-2183
8772
-4990
2245
2470
-1940
3329
-1962
4165
1272
-1392
4397
-1281
-1155
3957
-3037
1440
3150
-3237
3217
703
-2838
3069
-1191
-1596
1936
324
-2414
2808
-2046
-1017
2644
-3874
2510
-812
-1382
2079
-3417
155
2753
-4694
1570
3789
-6250
2950
796
-3410
1427
-748
-1849
1124
-3103
3491
-3042
-619
1504
-2648
-1205
1838
-4301
-1609
5469
-7600
3893
1102
-3433
1341
-715
-1894
542
-2695
2962
604
-3593
3956
1087
-6552
5058
-3089
-2027
3754
-681
1619
872
-2212
1240
528
-2557
5719
-4204
5717
-1570
4014
692
-1000
3319
1323
-1505
5007
883
302
5290
-6095
9551
-3972
-1161
7116
-4560
4308
-234
-413
2515
-2863
-2028
4430
-4203
-494
4723
-4610
996
566
-5294
2643
-1397
-4036
5554
-1521
-4623
7469
-7051
246
3327
-7276
5142
-447
-467
1691
-1263
-1765
3466
-4768
2871
819
-2624
2802
173
-1614
544
-1328
-1930
1408
-1689
-590
1679
-2217
31
-543
-1026
-2742
-984
2069
-3826
1611
-789
-824
-1126
804
-4307
1511
-2737
-592
1647
-2129
898
-453
-777
818
-2736
1138
1093
-2656
5298
-2294
674
2512
-1947
1610
1894
-424
3360
389
932
4151
-3454
5166
568
-2101
4779
2034
-1271
2763
3151
-3398
3053
1170
493
-328
1450
1077
1093
-2587
4156
-950
-1493
863
-757
-199
-1278
1691
-2197
1866
-2987
1724
-2616
1388
-3270
1560
53
-3078
2992
-3258
-1305
4083
-6803
3585
-1328
-2531
1546
-2767
1026
-1152
-3124
3103
-1060
-4873
5221
-4731
-1542
2584
-3298
523
179
-2218
2725
-4154
1509
-645
-3121
950
-85
-2174
1882
812
-3309
4599
-4428
-358
1274
-862
199
2275
169
959
-359
1506
-1339
368
81
2204
-36
960
2500
-1346
468
2174
-720
-66
2633
424
-214
2750
-2492
4421
-4222
2968
173
-680
3658
-2477
2832
-1500
-201
-837
1633
-318
-624
1966
-209
-1747
1046
521
-3189
2372
-225
-1159
2289
-2798
2632
-2837
1486
847
-3190
2375
-596
-1442
547
183
-1227
1090
-2083
2444
-1521
-933
-215
-835
-1954
1282
-320
-592
-105
180
-1688
2018
-3792
667
647
-3727
4240
-2958
1424
-705
-733
-1215
507
-1134
240
30
-119
-129
-345
704
-2139
2167
-2209
1247
575
-2786
3596
-1738
-1241
3284
-3315
2800
-461
-113
2215
-2410
2034
167
521
808
2579
-1895
2907
979
-876
3418
-1263
2906
-433
2664
769
-355
2407
471
193
1853
378
528
-1489
3827
-2417
1004
2132
-1987
1221
-375
583
-1309
2041
-3119
4460
-5314
3941
-1187
-3820
5073
-5578
2426
128
-1983
316
746
-3119
2104
-3182
1013
-1508
-995
1507
-3905
241
1042
-2876
-663
1599
-4260
3081
-3957
1193
-1502
-1146
153
-31
-5
-1855
2443
-3825
3593
-3701
1773
-889
-931
1742
-1683
942
1
-263
-481
1197
-1407
1686
-1228
2470
-444
-148
1421
-290
-459
2228
-2824
4636
-2050
858
3394
-3333
4550
-1349
1135
854
1212
-335
2958
-701
1432
1716
-1266
2806
-1539
2599
-1222
1304
818
-844
2066
-2251
2677
-2753
1614
599
-1467
939
-965
1400
-2320
723
253
-2732
1933
-641
-1620
1993
-1304
-601
1530
-3930
3220
-3210
-146
1688
-2483
979
322
-2433
263
-122
-3014
2992
-3718
2174
-1416
671
-1510
-167
-1092
429
-1056
-1674
2705
-3646
1088
977
-2907
806
1547
-3953
5244
-4553
452
2619
-3635
2032
257
-3292
3493
-3104
486
2948
-5655
4138
-2499
-485
2725
-2920
2413
-66
-2064
3214
-1652
-131
2469
-2084
2298
1461
-1883
3075
-166
-271
2193
-213
2180
371
1289
1734
113
-515
1009
1769
-1049
2791
191
465
428
460
-1350
2482
-1552
1105
1116
-933
1677
-1898
435
-926
-560
176
485
-687
-356
-1639
216
-1411
-2426
2022
-3104
1410
-1695
-241
-711
-2297
-854
-777
199
-2180
601
-1236
-1045
-893
615
-3286
2254
-3220
823
1832
-4299
2422
-1838
-697
399
-1304
-17
2283
-4296
4127
-1470
-1728
2293
-1214
160
301
1250
-1911
2825
-3072
2540
-197
-1377
3762
-4105
4561
-1198
1012
1793
-94
998
2136
196
1228
2250
-1310
2888
27
1636
1460
-45
3252
-636
1523
2367
-1000
1146
1711
-449
1985
-90
534
381
-76
-250
1142
-1566
1465
-542
-924
1117
-1417
-2403
3205
-4017
-596
2287
-5559
3677
-3080
-663
-1375
285
-3285
2178
-3013
264
-355
-3119
2328
-3177
231
-929
-665
-1692
-234
670
-1958
-695
-315
-221
-1266
662
-1817
111
437
-2411
2489
-3537
2121
-1629
-102
93
-697
-1444
2784
-4022
2975
-965
-1478
2138
-1567
244
639
90
234
710
-118
840
-580
520
822
1692
-1159
3126
-1411
2503
-535
681
2149
-884
1511
2798
-1786
2972
517
-390
3724
-2007
2808
1102
-1816
4135
-395
-766
3476
-1297
649
1908
-1536
2255
-1957
1182
1325
-3284
3277
-2066
-248
727
-859
-663
647
-2360
1461
-1444
-675
1219
-2221
700
-1301
420
-1963
988
-2089
1666
-1628
-20
596
-2737
1038
-943
-595
549
-677
-1870
2228
-3991
1554
-762
-3384
1676
-2641
-300
100
-2911
1575
-3017
-1052
1577
-3909
805
425
-4010
3578
-3698
746
1506
-3859
3702
-1862
797
889
-375
704
881
-1017
1814
573
-1280
4243
-2102
1937
1194
-1314
2713
-528
1039
1925
-537
1403
1997
-896
2118
350
70
775
1304
135
424
1937
-90
576
353
151
-401
1285
-317
724
-252
554
-110
-917
946
-3360
1992
-2202
794
-521
-769
178
-2389
887
-2030
-865
-194
107
-2813
3111
-4268
1146
272
-2861
1887
-2281
-731
490
-1715
-118
1484
-3574
3109
-1926
-1215
1662
-2731
450
-118
-923
-132
1025
-1289
835
-1563
940
-868
-101
728
-1493
2032
-1771
2032
-418
-297
79
2134
-1891
2559
-425
-1386
3644
-4024
3975
111
-1978
4321
-1057
-2050
4826
-4628
2800
818
-1187
2696
-128
-468
1840
-671
298
1072
-797
1703
-1086
1609
-615
1057
-504
423
2069
-2177
1641
-1185
824
-156
314
575
-806
996
-242
412
364
-785
618
223
-1339
1972
-1834
431
1349
-2035
1481
-431
-971
731
-984
-749
1934
-3234
3444
-1741
-1024
799
-1680
-759
1092
-1553
-1609
3114
-5564
3833
-3270
-150
-579
-1050
-1289
1084
-2486
312
616
-4913
3108
-3094
-1218
1277
-2491
420
290
-2154
1655
-1770
-99
754
-680
53
439
531
548
312
1954
-1372
2212
-353
47
3210
-2444
3433
572
-909
3207
226
-1495
4360
-2907
1690
2847
-2464
3587
-1
-45
2678
-811
104
2677
-1806
1638
2569
-3392
4685
-2214
101
2431
-3068
2937
-1505
419
906
-1664
582
430
-1323
896
-794
-494
330
-1460
620
-329
-2184
929
-907
-1199
812
-1749
689
-1396
-376
88
-2093
1112
-1251
-477
-1640
1254
-2726
-253
377
-2658
878
-1576
223
-548
-633
-1011
1080
-1717
-342
1444
-1787
945
-357
-227
105
509
-1287
2721
-1065
-905
3525
-2927
2480
45
-419
1296
-68
242
1561
-507
36
2719
-2893
3756
-1188
1279
626
179
783
-215
677
537
466
-877
2492
-2074
2231
-432
-249
1309
-1207
803
687
-974
811
19
-592
1217
-1297
1133
-80
-455
-3
-356
55
-1165
989
22
-724
738
-828
316
-1167
-213
-29
-45
-458
602
-35
-1459
859
-303
-1357
1612
-1311
-250
1122
-632
-1181
2399
-4107
2782
-1444
-1378
1607
-2647
677
-899
-96
-388
273
-2655
2060
-1952
-1051
1433
-2223
815
-278
20
87
-1756
430
564
-2012
1795
-208
-471
1528
-151
-333
1302
-2262
2532
-1167
212
2129
-1015
641
1296
-999
1273
-761
1034
-13
-43
2032
-907
2271
-262
1209
134
1496
-2196
3655
-2627
2512
407
-68
2037
-929
2093
-227
-429
1203
-556
847
1235
-489
1943
-1021
1142
-453
-865
-96
501
-2090
3043
-2280
342
1192
-2976
2097
-2933
754
-701
-1067
232
-200
-1132
81
-797
-1024
50
-1362
340
-1763
1333
-1616
405
-700
-930
-941
185
-1623
633
-929
-1451
1570
-3365
1576
-1898
-768
434
-430
-605
1794
-2525
2021
-818
-617
2178
-2113
2088
404
-1299
2773
-2223
1848
1492
-1632
2179
-165
-959
2382
-480
-137
1109
-369
348
985
62
743
452
-424
1314
-107
760
308
1468
-1812
2448
-923
-169
2835
-2325
2446
-134
535
764
-240
260
1114
-1613
697
1597
-3627
4059
-2457
-2
630
-2248
1984
-2097
-284
560
-992
-972
1469
-2249
718
-665
-70
205
-2211
2379
-1707
-166
945
-1285
567
129
-354
1219
-1688
-200
955
-1514
634
-48
-856
1267
-1770
1465
-1106
-667
21
-220
200
-770
886
-723
1046
-1635
1779
-1000
-22
896
-559
451
-214
483
-130
1171
-726
2110
-1688
1201
1009
-3155
4566
-2848
390
2237
-1232
254
2153
-2650
1778
-350
-1342
3248
-2411
1951
1155
-1724
2128
375
-1492
2203
-863
38
1579
-1320
2737
-137
-799
2175
-1564
124
134
-406
1078
-1491
1482
342
-1465
1089
-457
-1807
1471
-1868
468
-369
-421
642
-2226
1743
-1983
-191
1444
-2539
1430
-668
-944
1785
-2272
967
-815
-1077
654
61
-439
122
193
-1698
1391
-2300
107
689
-1588
62
1318
-1014
-390
659
-2323
1198
-1200
665
504
-957
2231
-546
592
745
81
-117
593
1016
-856
2391
-858
2440
-633
872
1070
-1784
1927
-440
272
751
550
-372
2457
-2195
1505
-665
-901
1586
-1415
528
1476
-1912
2234
133
-1915
2523
-1325
-144
771
-216
-121
2177
-2837
2106
-69
-2414
2317
-1611
-1661
2382
-1822
-654
1499
-3543
1884
-2052
-1298
1648
-2017
-1028
2240
-3267
444
478
-2892
2388
-2685
1671
-712
-789
634
-1113
-932
700
-961
-109
737
-1335
971
-700
-213
247
-1405
1812
-1224
-508
2435
-2797
2202
423
-1606
2705
-486
-802
3320
-2259
1182
1995
-2248
2765
37
-211
1689
142
-809
1315
-817
622
663
-1524
2195
-1255
144
568
291
-1497
309
-884
66
-850
419
121
-531
623
-206
-273
-884
1285
-640
-688
2003
-739
-415
1793
-1443
864
-590
347
887
-1283
1551
-585
-1190
1267
-857
-159
1489
-2328
1169
175
-1219
1283
-549
-812
1168
-1574
658
81
-2440
2241
-677
-920
2048
-587
-973
881
-381
-519
224
44
1206
-1346
854
-355
-352
-222
447
-577
93
18
-364
632
-588
560
-995
2088
-1603
728
601
-781
177
155
-99
710
-460
1170
297
-210
864
167
-793
553
838
-1721
1706
-392
303
-139
402
-148
-696
629
91
210
-879
1514
-919
194
787
-367
832
-178
682
360
-171
11
864
-773
452
1180
-848
1671
-855
673
342
-140
-76
224
-1039
99
-225
405
182
-359
146
-221
-639
-1195
1032
-1612
-435
1464
-1275
628
166
-349
-1656
704
-1219
25
-129
-8
-257
-819
753
-959
456
-1110
1218
-1513
465
24
-623
260
-299
-823
1905
-1235
20
1395
-599
-507
1436
-96
313
859
245
1010
-1243
2147
-55
-355
1264
1315
-1468
1871
348
-870
1000
-1
-139
1211
-219
413
857
-1011
585
-216
-281
-290
-147
640
-682
399
-311
350
-373
-927
1414
-1126
-1674
2498
-1715
-743
1853
-990
-279
1004
-1541
131
-190
-1663
1577
-1097
-198
1380
-1301
412
-230
-1427
673
-742
-1447
1438
-1406
140
128
-400
-797
944
-952
199
204
-660
747
-533
1151
-271
-536
552
259
-1025
694
514
-770
513
-200
686
-810
381
148
-545
276
-317
330
-126
-2
-172
485
-426
674
-525
84
117
-18
1157
-222
647
911
-1537
579
411
-848
830
-323
-245
859
-1103
-394
554
-1313
-422
567
-1112
382
-897
255
-247
-791
49
1333
-1494
625
326
-914
1382
-1383
970
1277
-1058
630
1933
-2261
1373
286
42
-110
553
922
-856
644
214
-213
-207
263
-295
-650
-77
216
-797
197
-24
-243
-629
1115
-2011
1285
-701
-962
962
-451
-255
408
-614
-3
583
-856
736
-1654
697
-436
-95
164
-89
-319
326
20
-228
-486
156
-670
6
294
235
-220
-215
674
-727
732
-329
-329
1331
651
-308
1723
185
-144
721
-55
1232
-1439
1915
871
-1151
669
1182
-721
-399
771
171
-427
-43
1223
-1214
561
648
-1466
974
-769
556
140
-495
445
-284
493
-797
987
-726
665
-169
304
203
-658
-16
899
-1279
-953
1388
-1752
-609
661
-958
-221
-508
-364
173
-2227
776
-360
-1239
547
559
-475
39
741
-974
1191
-599
587
69
-321
721
991
-637
1345
1279
-1123
1565
530
-1042
1439
-213
-507
1554
-348
-28
1261
-399
-382
1647
-1505
518
432
-1288
1310
-909
532
909
-746
891
794
-1300
764
549
-1421
1105
-403
113
37
92
575
-779
573
-1023
140
-227
-460
-444
631
-844
212
572
-345
-132
-815
-88
-95
-769
105
1101
-1590
672
983
-710
25
466
-34
-126
221
657
1
-424
1128
-285
-467
1355
-1200
1494
-1218
-494
1058
-1468
-64
557
-402
-155
372
-410
740
-1199
405
-327
-1006
778
-763
41
776
-738
157
854
-943
-165
-247
-1135
683
-676
657
318
-821
434
-705
-498
-576
-247
-864
295
-265
-602
890
-1025
-27
381
-1118
731
-97
-893
894
-195
-356
2436
-1338
595
1370
-2169
1009
-23
277
1396
-732
783
347
-87
-436
1248
-1401
1000
-93
148
504
75
235
-593
1063
-1081
1188
-493
335
-346
-35
351
54
72
254
-115
248
-729
-415
-161
-834
72
-568
-270
555
-771
-324
664
-2017
-139
-297
-1568
728
-281
-359
507
543
-589
209
-442
-859
-379
-626
862
465
-207
1564
454
-955
1505
-693
-525
475
-667
1008
429
784
584
398
414
-386
35
493
-657
40
1228
-931
528
897
461
-160
-352
153
167
-1352
1015
4
-965
196
1119
-917
1054
-264
-1078
773
-1462
375
-168
-682
715
-111
-879
949
-513
-1011
686
-786
-649
724
-461
476
-114
-470
371
248
-941
733
-272
30
411
353
337
193
338
-489
-69
82
687
-437
496
39
-490
1120
-372
-469
683
-543
313
407
239
91
105
305
143
408
-205
613
-910
140
1106
-937
1058
946
-275
-13
275
-650
-610
333
-265
834
-559
402
255
-1249
672
-799
-788
-590
81
-905
1295
185
-980
395
-1174
809
-1231
970
-64
-275
141
579
407
-471
995
-62
611
-28
448
176
-702
1198
212
-174
1476
318
284
153
-293
-117
-677
614
646
-402
1007
228
-1100
1177
-180
-617
11
-302
-123
-1138
915
537
-354
237
406
-918
-1307
-504
-51
-1286
-191
572
48
-41
-1321
83
-1030
-1863
-616
135
-642
-270
42
52
-801
-1016
880
-1291
-1465
172
129
-65
321
35
777
211
-332
-126
-45
11
-405
403
531
144
-254
648
-636
-630
444
266
-1034
-812
848
-275
-164
924
488
-476
-102
429
703
254
582
825
-102
41
-14
633
356
-348
774
343
-270
-306
183
-345
-675
32
754
-352
43
896
-344
-415
-26
417
-102
106
604
148
-109
107
377
289
8
299
817
369
-160
676
164
-460
246
246
-98
-164
666
137
-385
172
-128
-559
-644
-589
105
-243
97
-218
-309
-606
-382
-67
-145
-451
19
344
-166
137
61
-11
342
-290
-547
336
100
100
180
405
184
-179
-59
713
59
-110
578
184
-139
-435
463
215
74
49
284
49
-120
-359
-532
374
-455
549
715
234
65
-594
-6
-66
-44
16
501
30
-2
-123
28
-249
-639
-196
259
-446
-468
-381
-708
-349
-383
42
-243
-473
-224
-323
-496
-562
-374
-323
-211
-134
294
-280
-141
100
-336
-519
-24
-85
-427
76
-162
-163
-310
185
9
-355
-257
-629
-310
-514
-514
-93
-414
88
46
-19
169
-321
-285
-699
-469
-60
166
511
752
466
377
24
-154
33
-333
-10
58
507
608
260
483
288
-235
181
91
-73
27
-116
410
47
216
819
292
221
299
186
81
-97
-55
53
84
375
512
198
41
45
-101
242
220
-163
-255
-75
-366
-144
286
131
-35
-33
-303
-648
-451
-399
-232
-537
-531
-269
-212
43
92
-97
-299
-44
-415
-599
-347
-364
-406
-227
251
87
91
-51
-101
-213
-677
-43
-186
-386
69
70
46
338
166
-41
197
-368
-219
-91
-256
-87
162
58
80
533
267
483
413
112
451
210
267
382
360
197
103
309
269
122
282
218
-158
73
-19
28
157
-29
112
185
95
132
3
-65
-274
-427
-203
-404
-281
-162
-137
149
16
-223
-105
-63
-440
-206
-233
-326
-276
-48
-143
-134
-227
-531
-178
-658
-540
-507
-577
-481
-323
0
-87
-123
-227
-222
-229
-141
-234
-275
-319
-323
-391
-265
-31
-19
-167
98
138
-136
141
22
-199
-206
-95
-33
400
217
339
395
-102
-22
70
-89
-213
-136
-124
142
432
395
639
288
179
315
149
295
210
331
-12
130
194
205
294
177
-8
-84
-60
18
-5
-67
-49
87
80
35
85
33
-251
-310
87
0
-154
54
60
-293
-349
-104
-289
-167
-152
-9
-57
2
-86
-43
-93
-240
-276
-64
5
-206
117
-130
-284
-261
-326
-371
-622
-512
-453
-347
-214
30
7
-186
-192
-374
-331
-427
-414
-294
-366
-166
-181
-165
-28
-213
-81
-416
-354
-126
23
61
-91
35
-226
74
228
159
269
57
-76
7
-45
126
247
225
278
307
534
481
328
368
382
211
277
661
647
572
575
307
327
179
184
393
183
364
381
341
304
272
226
132
294
-88
102
41
-5
156
141
71
14
-53
-203
-172
-31
-111
-104
-149
-38
-17
-68
119
-130
-155
-473
-264
-311
-325
-285
-372
-366
-490
-327
-305
-424
-358
-291
-334
-311
-285
-168
-214
-166
-223
-151
-93
-90
-24
-39
118
179
179
160
234
181
211
357
155
235
273
190
413
402
204
316
108
237
295
377
319
323
281
210
432
221
331
67
215
243
101
223
73
4
-93
-52
-39
-75
-89
-102
-210
-39
-162
-151
23
-89
-155
-121
110
-96
119
10
-37
39
-6
89
175
124
110
130
120
76
34
37
-127
-52
-83
111
-48
-92
61
-22
-108
-35
-148
-354
-152
-311
-275
-158
-220
-271
-205
-247
-290
-259
-193
-193
-321
-108
-340
-179
-217
-240
-253
-420
-345
-338
-278
-162
-187
-235
-181
-156
-232
-96
-136
-217
-14
-98
-126
65
17
22
43
-9
-47
12
54
75
193
122
249
230
351
404
185
373
309
226
440
323
362
215
243
119
-29
194
90
247
278
213
227
414
251
280
402
62
163
242
238
269
347
173
142
58
155
57
-122
-106
-227
-203
-51
23
-129
-58
-208
-383
-348
-349
-547
-455
-449
-511
-415
-332
-317
-472
-478
-385
-399
-251
-85
-195
14
-11
63
44
76
-77
-56
-36
-160
131
-138
67
40
31
110
2
142
112
127
179
133
240
203
280
344
247
226
181
221
253
235
291
282
327
361
362
480
229
229
202
244
183
274
172
27
127
6
81
-18
-20
-89
-69
-19
-84
-36
-11
-8
-24
-39
-23
96
70
234
270
126
191
113
221
125
141
112
49
-31
54
-9
-108
-42
-130
-3
67
-32
30
-46
-101
21
-46
-73
-8
89
-11
36
20
-86
19
2
69
130
94
152
103
155
164
105
-13
-11
11
-69
-71
-183
-184
-185
-240
-218
-274
-236
-216
-223
-174
-149
-301
-128
-45
-88
23
-33
-17
-40
169
47
228
265
143
373
366
491
448
527
499
369
472
494
425
267
269
184
267
252
290
303
187
281
151
281
204
248
298
217
373
385
274
288
282
201
205
185
189
154
198
189
208
83
63
5
-152
-138
-307
-245
-389
-410
-344
-476
-355
-508
-441
-339
-433
-401
-268
-288
-186
-10
-27
6
52
58
104
68
4
-35
13
35
121
14
31
55
-34
20
-22
-91
-144
-107
-104
-106
-62
-122
-97
9
1
51
95
115
168
261
287
341
321
238
314
245
315
219
209
200
162
124
48
25
-39
-52
-94
-88
-68
-111
-39
-92
-211
-139
-127
-142
-84
-59
-104
-150
-199
16
-136
-50
-42
-121
-37
-54
-3
-27
-131
-188
-120
-167
-165
-222
-109
-252
-194
-212
-228
-171
-205
-96
-83
-24
0
66
61
162
71
133
98
52
134
121
163
199
161
159
224
159
207
164
144
149
52
126
105
19
-6
-110
-139
-174
-250
-246
-299
-244
-225
-107
-138
-23
-14
-66
93
1
-18
114
14
121
170
76
150
119
120
185
128
168
222
203
155
200
229
135
243
192
147
167
209
186
156
164
186
143
215
203
207
292
275
217
308
232
208
220
124
104
36
-19
-32
-85
-190
-170
-160
-247
-213
-153
-222
-194
-156
-246
-226
-184
-166
-188
-159
-173
-174
-159
-169
-178
-140
-145
-162
-86
-117
-38
-44
-48
-78
-142
-62
0
56
123
78
115
185
148
208
276
214
278
315
274
391
360
343
397
359
287
356
382
295
311
279
236
223
274
246
245
264
128
147
123
107
165
204
207
161
159
169
202
205
202
117
174
89
127
211
194
120
42
20
-3
29
-2
34
-36
14
58
36
68
-59
-63
-115
-122
-92
-94
-36
0
-92
-28
-37
-81
-11
-3
-20
-106
-19
-100
-12
11
-30
0
-95
-138
-142
-93
-113
-30
-80
-18
37
-28
42
6
29
44
20
158
160
191
247
248
254
208
234
147
208
232
163
175
137
86
124
120
74
101
90
-2
89
-55
-55
-12
-76
-78
-126
-87
-60
12
-41
-91
-53
-22
5
43
14
38
45
46
101
154
116
84
85
36
93
79
19
6
-25
-97
-7
-29
-95
-95
-111
-144
-138
-87
-58
-13
0
17
-72
-67
-102
-81
-35
-27
43
18
13
93
25
-38
-73
-86
-81
-108
-116
-142
-109
-148
-141
-105
-154
-80
-139
-187
-180
-248
-194
-93
-78
-22
-18
-3
8
55
69
39
69
145
223
305
275
274
260
265
257
278
265
211
208
264
354
309
351
324
299
297
332
318
347
319
297
290
301
266
260
253
166
213
87
138
154
99
145
52
35
54
56
60
-61
-161
-186
-182
-102
-95
-168
-194
-230
-204
-162
-128
-159
-188
-114
-115
-47
-43
-66
-52
-47
-38
-26
-2
17
-31
-25
3
-60
81
77
59
132
56
90
103
71
82
116
45
85
129
119
137
141
74
88
76
105
146
85
108
119
96
155
160
68
49
25
-11
1
-1
27
4
-49
-21
-15
26
19
48
39
13
18
56
92
63
64
48
67
105
40
49
-21
-49
12
74
93
75
56
41
17
-30
-3
1
-38
14
27
13
0
40
2
-61
-54
-14
-10
-55
-5
-10
-38
-52
-46
-8
-42
-28
15
-53
7
15
28
48
-15
-17
17
-20
-7
3
-11
76
67
84
99
57
78
79
24
47
55
42
79
88
110
122
35
19
0
-59
-49
-44
-15
-5
29
-7
12
-43
3
-2
3
-19
-25
-18
-19
42
35
19
50
51
34
108
39
100
85
79
114
154
146
157
157
131
141
90
119
151
158
115
185
185
157
178
145
178
107
126
115
71
65
62
60
60
9
-44
-40
-95
-67
-54
-47
-65
-108
-69
-88
-87
-87
-107
-112
-181
-158
-178
-153
-142
-200
-216
-246
-239
-194
-180
-144
-175
-204
-123
-141
-104
-61
-139
-133
-106
-129
-126
-88
-73
-115
-67
-109
-42
-54
-39
14
-59
-10
23
63
80
106
107
75
51
89
114
114
77
21
54
80
124
134
157
96
64
129
124
173
165
136
142
114
108
100
27
32
-33
-7
20
-6
23
48
53
22
84
25
53
80
38
84
27
6
37
67
70
40
35
39
31
36
35
40
43
49
44
47
38
68
55
28
-36
-66
-11
-65
-56
-74
-70
-91
-123
-82
-147
-140
-155
-169
-129
-156
-131
-119
-148
-148
-186
-178
-178
-177
-109
-88
-75
-83
-90
-90
-78
-102
-107
-92
-105
-65
-61
-69
-12
21
-11
22
74
55
10
67
111
115
151
195
202
209
172
156
167
177
190
266
254
257
245
193
224
193
170
164
172
166
150
164
142
89
61
-8
-57
-80
-83
-74
-115
-112
-56
-135
-164
-153
-176
-172
-153
-144
-132
-129
-160
-147
-206
-199
-189
-211
-184
-243
-201
-197
-186
-203
-160
-145
-118
-129
-138
-151
-157
-163
-121
-90
-115
-86
-101
-54
-26
-46
-25
16
49
86
132
162
118
142
143
112
117
72
62
77
62
68
50
26
66
75
73
82
51
64
62
75
111
69
38
17
5
37
66
28
36
30
-15
-11
3
4
-5
4
0
0
1
-36
-65
-89
-127
-143
-122
-90
-57
-72
-43
-61
-81
-115
-107
-90
-97
-98
-61
-51
-61
-27
-17
-86
-79
-56
-83
-40
-41
-68
-111
-119
-180
-132
-120
-135
-101
-151
-119
-193
-137
-103
-74
-85
-112
-58
-95
-79
-74
-35
-93
-78
-20
-51
-6
-8
-62
-70
-97
-115
-48
-62
-45
-66
-85
-78
-84
-50
-61
-64
-36
-49
-36
-13
-35
-28
-29
-28
-13
-12
54
16
25
29
0
36
55
50
56
27
14
-1
-28
-6
-10
-27
-36
-58
-52
-52
-74
-90
-121
-83
-108
-112
-79
-93
-69
-60
-83
-69
-75
-60
-46
-44
-22
-13
-32
-27
-29
-79
-63
-60
-77
-62
-66
-59
-54
-80
-56
-70
-114
-71
-78
-80
-58
-44
-20
13
-23
6
3
-18
27
1
4
38
25
38
39
30
43
55
24
37
17
-26
15
-13
-30
-40
-80
-90
-89
-62
-90
-81
-66
-79
-34
-12
12
17
-20
2
16
-17
22
44
-19
21
32
26
45
1
11
11
-14
-18
-27
-42
-69
-49
-41
-60
-65
-109
-108
-116
-105
-84
-85
-72
-91
-93
-81
-85
-78
-58
-43
-24
-2
27
1
-43
-81
-52
-87
-67
-63
-96
-103
-79
-96
-85
-80
-123
-96
-123
-112
-108
-71
-99
-117
-115
-108
-80
-58
-25
-27
12
-2
15
23
27
64
46
32
55
21
7
27
-2
-23
-8
-13
2
28
9
8
-2
8
8
14
48
45
50
19
10
41
47
53
59
16
43
40
39
52
13
-11
-41
-46
-77
-92
-123
-164
-146
-156
-110
-91
-128
-98
-129
-123
-100
-122
-100
-90
-109
-79
-65
-137
-89
-122
-137
-91
-99
-78
-23
22
-22
-15
-14
-40
-64
-42
-56
-66
-23
5
19
12
-29
-49
-61
-73
-53
-50
-44
6
14
26
47
33
50
44
58
54
81
40
34
39
-9
42
8
-32
-49
-62
-44
-29
-51
-48
-62
-76
-81
-81
-126
-143
-132
-168
-135
-142
-147
-119
-128
-117
-103
-102
-97
-116
-130
-116
-120
-101
-96
-99
-71
-84
-76
-86
-99
-111
-113
-134
-119
-100
-103
-65
-77
-81
-101
-153
-139
-174
-159
-157
-186
-144
-144
-142
-144
-146
-130
-123
-172
-172
-156
-152
-143
-143
-136
-150
-155
-160
-142
-147
-108
-117
-92
-79
-84
-34
-29
-46
-54
-42
-23
-51
-44
11
-19
41
60
67
89
78
63
58
64
57
87
109
111
84
81
65
70
77
62
86
103
108
118
113
93
86
82
84
91
86
77
74
44
32
23
13
5
-29
-39
-41
-53
-45
-49
-47
-42
-46
-51
-48
-48
-50
-62
-74
-79
-57
-30
-69
-80
-79
-91
-56
-48
-51
-52
-77
-68
-76
-70
-78
-74
-64
-98
-111
-111
-104
-108
-97
-113
-105
-85
-87
-69
-50
-56
-47
-33
-27
-13
0
-15
-9
15
23
29
37
9
29
28
23
20
-12
-11
-26
-28
-30
-24
-45
-64
-95
-66
-65
-60
-45
-53
-75
-76
-65
-63
-48
-54
-57
-67
-74
-65
-45
-37
-54
-34
-35
-34
-31
-36
-27
-34
-5
-24
-34
-52
-68
-49
-48
-18
-11
2
2
19
9
8
26
52
79
112
140
137
145
120
116
114
102
130
140
136
129
113
121
95
92
69
43
34
43
32
26
13
-1
-9
-55
-55
-68
-40
-24
-22
-7
-34
-25
-19
10
23
13
30
16
28
33
28
38
16
-2
37
30
28
57
43
48
34
32
42
57
47
33
52
13
12
32
28
50
76
63
33
28
-16
-2
-9
-19
6
0
0
-21
-25
-14
-39
-63
-51
-29
-18
-4
-35
-53
-60
-85
-74
-75
-65
-52
-53
-48
-57
-46
-30
-35
-30
-13
-29
-4
-18
-9
35
24
34
13
-11
-19
-28
-73
-56
-53
-63
-42
-43
-62
-35
-28
-33
-13
-52
-34
-4
-11
16
0
20
23
16
21
8
8
7
11
14
36
30
19
39
34
23
39
14
24
14
-12
15
14
14
35
45
18
27
41
23
37
56
59
109
118
143
157
150
139
136
128
121
136
135
130
126
108
87
101
74
80
87
71
85
67
83
66
71
78
54
63
56
70
78
78
57
55
59
52
36
42
66
71
60
75
58
55
62
74
95
87
93
96
96
101
106
90
69
47
42
25
27
17
-7
-14
-36
-26
-14
-17
-41
-46
-63
-73
-84
-91
-89
-68
-49
-58
-41
-61
-65
-74
-79
-65
-50
-22
-27
-27
-37
-27
-29
-32
-20
-43
-38
-30
-25
-22
-27
-23
-31
-34
-40
-39
-26
-32
-54
-46
-33
-39
-21
-38
-59
-58
-70
-57
-48
-48
-57
-49
-61
-73
-90
-114
-88
-90
-83
-62
-41
-26
-1
-36
-19
3
-30
8
-7
-12
34
27
46
25
25
40
43
26
20
17
9
5
6
27
36
33
30
30
44
33
40
31
40
46
32
48
59
68
68
63
70
74
92
120
114
135
121
109
117
90
77
54
58
62
37
43
16
23
22
14
11
-2
-7
4
2
11
2
-2
3
-13
7
11
6
24
30
4
-7
14
10
4
-20
-28
-14
-4
-21
-11
-7
1
7
-10
-1
-23
-49
-62
-50
-43
-23
-23
-35
-51
-58
-64
-48
-34
-28
-1
16
13
23
30
43
64
64
100
96
85
81
69
64
83
83
94
106
81
98
102
75
71
56
43
51
8
-18
-12
-33
-31
-22
-61
-42
-57
-73
-40
-50
-12
-5
8
19
18
45
39
37
45
46
63
83
67
61
61
17
16
-8
-28
-1
-12
-20
-10
-9
-9
-17
-43
-49
-68
-42
-36
-39
-29
-37
-38
-27
8
8
6
16
-1
8
28
48
55
75
77
63
58
15
19
-3
21
52
49
58
53
50
35
42
36
40
54
64
67
67
78
72
91
95
92
77
75
93
103
86
99
96
72
73
76
76
97
97
81
90
93
103
100
84
85
85
83
79
72
69
79
59
93
112
121
147
143
129
128
98
98
107
100
128
131
139
125
135
110
77
44
-10
-12
-40
-36
-45
-79
-93
-102
-114
-120
-125
-125
-116
-103
-93
-123
-119
-107
-106
-65
-56
-81
-85
-69
-55
-30
-35
-22
-26
-40
-13
-15
-13
-10
-22
-31
-42
-52
-54
-52
-41
-44
-38
-41
-51
-55
-70
-49
-34
-17
19
34
31
11
6
14
43
59
77
78
91
75
51
38
35
41
35
43
42
57
75
78
60
49
53
52
41
32
30
3
-2
-7
-19
-11
-7
12
11
9
10
20
-8
20
5
-6
-7
-28
-8
3
-9
-7
-9
-26
1
-26
-4
6
16
32
28
30
32
28
13
13
10
42
39
36
51
60
67
67
46
46
39
25
57
49
49
60
16
-17
-43
-74
-70
-68
-64
-26
-20
-8
-3
1
6
10
29
34
29
9
21
18
45
56
53
75
68
85
107
121
119
109
92
95
78
99
108
76
57
27
32
51
28
21
20
-21
0
15
-2
30
14
-5
15
12
3
12
-2
-42
-30
-8
-14
-26
-22
-24
-43
-61
-55
-45
-31
-32
-49
-82
-101
-116
-128
-108
-97
-83
-71
-45
-56
-56
-49
-67
-75
-92
-65
-29
-14
1
11
33
34
22
9
17
17
27
42
15
6
-6
7
7
8
26
23
43
44
28
38
25
37
51
37
41
31
32
27
-3
-12
11
25
34
41
13
25
35
26
64
67
66
65
24
17
-8
-17
-19
-24
-47
-39
-50
-61
-60
-61
-41
-14
7
14
7
-9
-8
5
0
-12
-42
-17
-5
16
4
-21
-16
-19
-1
6
23
12
14
7
1
-25
-27
-31
-32
-39
-63
-52
-53
-50
-39
-44
-60
-54
-64
-64
-94
-123
-125
-129
-156
-152
-176
-187
-159
-167
-149
-139
-140
-101
-103
-96
-74
-54
-43
-21
-22
-24
-25
-21
-15
-9
-4
-8
3
7
25
51
36
22
28
22
32
24
12
14
-4
-11
-16
-22
-15
-49
-43
-60
-73
-60
-45
-54
-44
-55
-68
-78
-93
-110
-124
-114
-133
-123
-136
-128
-110
-130
-141
-127
-120
-108
-125
-115
-115
-108
-101
-80
-68
-56
-46
-59
-39
-50
-48
-48
-36
-35
-4
23
50
48
31
25
18
2
-4
-22
-27
-22
-38
-46
-73
-81
-95
-115
-106
-104
-73
-28
-4
-3
-21
-8
-7
-17
-37
-32
-15
-8
-16
-7
-15
-62
-63
-77
-77
-76
-87
-80
-101
-108
-112
-140
-137
-124
-112
-76
-36
-37
-65
-58
-37
-16
-2
7
22
41
42
42
53
54
51
38
28
22
19
19
-11
-23
-22
-40
-16
-30
-41
-32
-33
-27
-8
3
3
-4
11
8
-12
7
8
25
37
36
35
33
8
-10
-14
-38
-31
-35
-62
-91
-111
-116
-139
-139
-141
-134
-133
-155
-149
-157
-157
-160
-158
-154
-145
-145
-142
-132
-119
-105
-83
-73
-82
-77
-98
-74
-78
-92
-57
-49
-45
-34
-42
-53
-83
-107
-95
-91
-77
-60
-60
-60
-56
-51
-65
-63
-59
-69
-54
-37
-28
3
-8
-2
-3
-2
16
21
23
18
20
24
15
9
18
12
38
56
58
78
77
75
51
37
21
1
24
0
13
10
11
6
-5
-19
-34
-11
20
42
56
70
54
45
35
24
13
-1
-4
8
-1
16
46
35
38
34
31
52
62
65
93
103
77
56
16
12
25
42
52
47
34
27
25
63
77
71
75
61
50
57
51
30
27
20
19
12
8
3
-12
-40
-51
-47
-46
-38
-12
-9
14
29
8
10
-18
-47
-30
-41
-33
-26
-28
-21
-21
-36
-34
-33
-40
-50
-42
-29
-29
-24
-39
-33
-50
-47
-39
-35
-49
-78
-67
-54
-23
18
26
24
16
13
20
12
-4
1
-23
-48
-59
-83
-95
-111
-120
-120
-125
-120
-96
-109
-121
-133
-147
-146
-127
-106
-90
-91
-94
-83
-66
-30
-21
23
45
34
40
13
2
22
20
39
54
47
51
32
20
29
54
54
88
123
152
182
165
157
154
151
171
174
163
176
168
180
168
137
128
96
104
91
95
78
71
72
64
43
50
67
68
55
61
59
58
84
101
128
125
119
122
125
133
125
132
108
106
87
40
43
42
35
45
49
43
56
63
64
71
68
92
117
132
155
145
138
132
127
131
144
151
157
140
150
120
100
111
82
57
30
16
26
27
-3
7
15
-14
-33
-42
-57
-61
-34
-28
-16
-25
-26
-36
-59
-49
-42
-11
4
-8
-30
-43
-73
-95
-77
-65
-62
-65
-66
-83
-97
-92
-100
-96
-102
-95
-94
-72
-57
-52
-61
-83
-67
-35
5
12
13
17
28
34
42
41
49
39
26
19
8
12
32
28
3
3
14
43
57
51
41
53
63
47
57
84
82
114
87
83
91
70
63
65
71
76
72
59
47
70
78
70
66
34
38
46
71
62
70
79
53
89
87
103
126
116
109
77
62
93
113
100
115
102
106
157
173
166
178
152
132
112
108
113
123
107
89
97
94
94
87
49
63
73
76
100
86
50
35
33
42
56
46
40
58
36
55
55
44
55
50
52
75
85
72
60
25
-14
-11
-12
6
34
-5
-28
-59
-73
-71
-61
-60
-56
-48
-52
-34
-51
-72
-94
-82
-62
-37
-28
-24
1
-16
-23
-30
-53
-50
-46
-45
-39
-45
-61
-74
-104
-111
-97
-68
-66
-72
-72
-83
-69
-91
-79
-49
-33
10
13
15
18
23
16
18
37
28
32
62
59
57
40
18
8
-21
-7
28
19
33
45
38
37
40
46
61
87
98
98
99
121
116
96
69
43
32
50
59
60
71
61
49
34
15
39
48
28
35
39
26
46
17
22
24
27
19
5
15
29
58
70
68
50
25
-1
16
22
33
49
41
41
30
23
55
90
90
70
64
75
87
88
73
58
74
82
101
103
82
57
57
37
14
5
1
0
-15
-23
-59
-78
-100
-117
-137
-142
-111
-92
-103
-127
-141
-140
-115
-81
-69
-68
-62
-60
-40
-38
-40
-14
-1
-4
2
0
-8
-17
5
20
43
66
47
88
105
105
95
71
79
78
88
96
108
96
72
18
-15
-17
-16
-17
-4
-7
-35
-14
-41
-55
-80
-95
-81
-67
-59
-71
-60
-69
-94
-90
-61
-33
-9
-7
-1
15
37
33
37
46
38
56
73
85
86
78
67
55
47
56
90
88
98
112
104
131
114
104
98
90
97
114
135
142
116
107
101
77
79
72
80
95
62
25
-10
-65
-62
-61
-60
-53
-51
-56
-70
-85
-92
-75
-60
-29
-29
-40
-28
-43
-36
-26
-44
-11
-5
-6
31
30
27
35
23
15
-5
-14
-7
-9
5
4
4
-1
-3
-6
11
34
35
20
27
31
41
54
59
54
31
23
21
24
13
-2
-15
-31
-42
-29
-22
-42
-31
-53
-78
-67
-76
-73
-53
-33
-10
5
-20
-17
-27
-11
2
-14
0
19
37
26
18
12
3
-15
-32
-22
-23
10
17
17
14
15
14
7
28
59
72
95
81
58
63
62
53
53
66
59
78
72
44
39
34
18
25
34
46
57
55
53
20
14
-4
-11
11
43
51
65
46
17
-3
-11
11
54
71
69
69
81
93
70
65
66
83
81
75
73
53
34
41
22
28
29
42
44
36
43
15
-2
-18
-25
-25
-32
-46
-63
-88
-73
-85
-76
-49
-41
-16
-1
6
-9
6
24
11
15
53
94
115
105
93
114
132
115
110
99
105
126
146
154
148
111
76
74
58
61
47
71
69
31
8
8
-2
-2
-11
-27
-18
-11
-7
-21
-35
-50
-64
-71
-38
-25
-8
-11
-20
-24
-34
-20
9
21
31
55
42
39
20
7
46
61
74
131
147
153
162
148
142
123
112
106
137
153
151
138
113
102
83
96
102
121
103
94
90
75
55
26
24
3
-10
-12
-22
-31
-65
-114
-135
-133
-159
-151
-112
-109
-130
-130
-130
-132
-133
-109
-106
-68
-47
-38
-25
-33
-40
-53
-52
-22
-9
-11
27
53
32
40
43
35
36
51
46
38
54
37
37
41
43
38
32
8
-24
-30
-38
-27
-46
-46
-45
-88
-88
-73
-73
-75
-88
-107
-116
-152
-142
-106
-89
-48
-51
-43
-60
-64
-57
-16
47
51
94
108
100
91
81
95
97
105
139
132
141
139
139
129
110
96
106
105
110
95
75
30
-2
-10
-26
-14
-42
-35
-22
-8
-14
-35
-49
-91
-123
-104
-102
-73
-67
-95
-112
-116
-129
-132
-114
-94
-92
-63
-71
-76
-58
-75
-82
-53
-12
-11
-12
-7
9
15
31
49
66
89
101
108
88
71
55
34
15
23
26
18
8
-11
-52
-56
-68
-80
-76
-73
-87
-118
-123
-136
-147
-160
-167
-180
-176
-156
-154
-151
-151
-161
-162
-144
-133
-124
-113
-110
-90
-87
-78
-57
-54
-35
12
21
34
44
55
60
75
82
85
99
64
29
65
74
66
64
24
6
31
34
26
38
-3
-2
-27
-49
-43
-45
-37
-36
-11
-26
-38
-34
-59
-77
-87
-95
-75
-45
-48
-55
-64
-92
-79
-93
-90
-46
-46
-47
-32
-20
-28
-9
18
30
57
69
102
110
81
81
84
81
104
94
95
123
109
113
90
50
14
14
12
7
3
-5
-14
-14
-18
-20
-18
-25
-40
-35
-59
-71
-79
-73
-60
-74
-88
-105
-119
-101
-78
-83
-83
-113
-125
-128
-114
-83
-80
-70
-58
-46
-41
-6
16
29
53
57
54
65
83
96
78
68
56
31
46
61
72
51
24
-14
-37
-33
-37
-35
-47
-65
-82
-91
-87
-85
-90
-88
-81
-78
-101
-102
-80
-82
-65
-50
-65
-66
-40
-26
-6
-5
-7
-10
20
3
-15
3
-3
-16
-34
-29
-33
-26
-26
-26
-38
-41
-34
-22
-21
-58
-50
-41
-71
-74
-101
-112
-90
-121
-117
-115
-150
-141
-126
-134
-143
-159
-164
-171
-165
-149
-158
-140
-148
-153
-126
-121
-88
-59
-47
-36
-25
-9
26
43
60
88
90
80
94
111
132
148
143
140
133
108
141
154
147
156
151
160
164
131
103
82
64
43
31
8
-12
7
4
2
-31
-73
-53
-53
-78
-65
-100
-137
-148
-146
-147
-130
-130
-137
-129
-133
-111
-103
-88
-67
-86
-56
-32
-32
-4
6
8
21
40
54
82
103
108
107
100
85
92
93
94
118
121
91
91
61
45
46
5
-1
-15
-45
-82
-83
-95
-121
-124
-139
-167
-180
-199
-219
-222
-238
-254
-249
-261
-227
-218
-206
-166
-180
-182
-158
-139
-132
-110
-89
-89
-73
-71
-15
-11
-31
-17
-26
-27
-16
-22
-13
13
4
1
-9
2
9
10
42
52
42
50
73
76
77
72
72
64
57
50
56
62
63
28
31
35
16
46
75
76
40
13
-5
-13
-11
-10
-23
-22
-24
-30
-21
-22
-6
-9
3
32
34
56
80
73
70
80
71
65
86
65
61
51
54
66
31
18
12
9
0
-8
-26
-46
-52
-67
-78
-101
-91
-109
-108
-85
-118
-118
-110
-99
-76
-90
-106
-83
-61
-48
-22
-23
-26
-2
-17
3
25
25
41
63
66
51
75
77
101
90
90
121
108
103
75
57
59
58
49
42
39
40
36
8
-17
-41
-35
-39
-27
-46
-59
-41
-62
-83
-124
-139
-142
-154
-128
-114
-103
-90
-117
-138
-148
-141
-124
-101
-72
-62
-40
-67
-63
-23
-13
-9
4
21
21
44
48
58
54
33
0
0
31
24
29
-6
-14
-30
-40
-42
-61
-66
-72
-72
-92
-112
-124
-137
-104
-94
-110
-122
-134
-141
-153
-151
-164
-149
-133
-127
-126
-120
-122
-116
-102
-95
-78
-68
-17
10
32
42
59
75
84
110
144
177
205
208
220
234
233
234
224
224
231
218
208
211
185
174
155
140
102
122
138
96
90
58
36
14
2
-16
-9
-35
-37
-47
-86
-77
-98
-110
-102
-108
-94
-52
-58
-35
-46
-77
-65
-57
-31
-28
-7
20
21
0
-3
5
-3
-18
-5
17
32
57
26
12
-5
-51
-45
-58
-87
-78
-80
-97
-118
-135
-176
-191
-192
-182
-156
-137
-146
-168
-198
-184
-165
-162
-149
-100
-93
-125
-126
-105
-103
-111
-62
-39
-26
-21
-16
-17
1
-19
-28
-12
1
15
38
56
39
14
4
36
36
41
60
75
68
46
25
21
6
13
10
-16
-8
-15
-28
-45
-82
-119
-137
-140
-160
-135
-116
-144
-159
-180
-192
-171
-159
-167
-128
-104
-103
-100
-98
-82
-61
-53
-44
8
23
19
41
55
50
56
37
42
79
110
134
131
112
110
119
127
143
147
149
108
98
103
84
74
47
17
26
4
-25
-41
-48
-56
-108
-153
-168
-188
-160
-130
-115
-105
-108
-100
-96
-107
-96
-68
-70
-60
-26
2
11
-5
-14
-9
6
-2
15
51
67
73
74
57
48
55
86
90
89
79
37
54
66
54
57
58
67
81
78
59
60
56
51
23
25
38
26
24
14
-22
-51
-66
-93
-100
-99
-108
-125
-133
-167
-177
-172
-186
-146
-140
-143
-125
-121
-123
-92
-92
-92
-55
-43
-40
-7
23
29
36
31
36
27
53
69
112
92
79
82
64
53
63
74
83
78
48
44
35
23
6
-4
-5
5
0
-9
-15
-55
-83
-72
-67
-77
-80
-94
-77
-81
-91
-79
-71
-43
-24
-21
21
11
13
50
40
68
76
105
131
122
142
153
149
148
118
127
124
108
121
117
111
77
59
59
50
87
81
54
66
54
45
66
62
66
61
33
45
52
50
34
-1
-4
-5
21
38
39
20
4
2
-14
-37
-42
-31
-12
2
-8
-15
-26
-19
-40
-36
-18
4
22
46
61
24
-7
-27
-9
0
-8
-27
-36
-25
-55
-45
-57
-67
-67
-87
-77
-69
-80
-102
-97
-121
-130
-111
-129
-130
-129
-133
-129
-150
-163
-154
-141
-117
-112
-103
-83
-67
-77
-94
-65
-55
-56
-63
-25
14
25
41
54
72
67
55
46
80
102
128
130
121
158
143
127
130
113
93
90
66
51
57
34
28
4
-6
9
24
18
6
-10
-19
-22
-38
-59
-61
-57
-88
-102
-91
-103
-93
-94
-113
-72
-58
-64
-50
-51
-60
-42
-35
-47
-30
-39
-13
18
28
38
25
36
38
73
96
89
92
108
116
132
117
100
93
68
78
73
71
54
57
55
29
24
11
-3
-11
-11
-30
-49
-48
-67
-66
-68
-93
-99
-83
-83
-102
-100
-85
-55
-45
-48
-56
-45
-57
-36
-2
8
22
37
29
43
75
72
89
116
129
158
145
163
179
184
188
169
194
190
194
196
187
187
193
146
143
128
94
107
98
70
75
79
52
41
28
25
39
43
28
0
-7
14
-1
-4
3
-14
-23
-35
-51
-60
-74
-80
-104
-97
-80
-62
-34
-44
-36
-21
-59
-47
-3
38
66
84
78
90
124
102
92
105
87
71
77
67
74
67
74
67
47
67
33
21
6
-35
-24
-11
8
-16
-39
-9
8
-1
6
15
31
43
49
79
88
96
118
111
125
124
129
137
125
107
94
120
104
78
74
86
104
107
126
121
117
104
96
85
82
74
64
44
7
20
-2
-29
-2
-17
-8
3
-8
-36
-68
-95
-104
-89
-85
-64
-29
5
-10
-7
17
55
62
60
56
79
92
87
99
120
116
110
145
154
151
131
125
132
125
126
126
115
76
75
68
77
122
119
105
71
55
27
26
21
15
59
84
50
15
-1
-39
-62
-91
-59
-18
-18
-47
-76
-70
-90
-88
-67
-58
-54
-69
-47
-44
-64
-44
-44
-47
-17
6
25
54
48
15
20
47
50
58
59
42
33
31
28
31
7
21
10
-3
12
6
22
20
25
52
38
13
0
-15
-14
-21
-8
0
13
9
-20
-31
-27
-47
-55
-41
-31
-16
-19
-56
-40
-53
-31
8
33
74
81
76
52
92
128
133
153
173
179
188
151
93
82
61
84
107
63
58
40
-7
-15
-45
-61
-75
-96
-100
-94
-92
-51
-25
-20
-1
-15
-5
45
90
133
156
142
133
149
165
164
158
158
145
154
155
152
156
149
126
132
141
135
148
160
173
141
129
133
136
161
164
155
151
138
117
98
80
73
71
72
60
32
-5
-63
-81
-78
-107
-124
-153
-174
-185
-177
-173
-172
-172
-127
-97
-98
-89
-104
-116
-110
-116
-135
-120
-83
-60
-50
-16
-29
-48
-28
-7
-4
-7
-17
-11
5
38
64
72
92
102
102
90
84
83
58
24
40
21
-22
-14
-21
-30
-43
-84
-114
-155
-176
-169
-172
-147
-132
-131
-146
-149
-151
-150
-113
-74
-6
39
49
74
69
105
138
163
187
222
265
284
281
255
220
217
224
225
243
254
249
212
154
125
139
102
114
115
81
71
73
63
86
94
92
120
119
106
86
41
8
-22
-40
-16
-19
-30
-51
-73
-92
-109
-97
-62
-53
-76
-84
-97
-102
-103
-101
-76
-47
-13
-2
11
48
64
100
110
127
154
131
131
145
135
155
156
134
130
100
78
49
20
7
0
3
-24
-42
-44
-70
-74
-67
-77
-67
-83
-83
-107
-131
-148
-173
-159
-151
-132
-137
-155
-157
-188
-190
-163
-153
-153
-133
-143
-137
-146
-144
-114
-97
-100
-84
-72
-57
-20
4
24
43
70
85
91
90
92
57
49
53
41
31
7
-6
-12
-42
-48
-41
-37
-53
-85
-94
-107
-110
-100
-83
-72
-61
-86
-85
-81
-74
-36
-37
-1
50
55
37
14
13
26
30
43
56
59
82
77
56
56
49
74
78
84
120
120
119
109
83
113
151
145
127
99
84
33
7
19
12
-7
-15
-28
-36
-46
-77
-60
-53
-61
-37
-43
-48
-71
-80
-89
-70
-47
-47
-10
-10
2
35
28
38
65
54
78
89
67
34
35
52
40
49
62
41
27
35
44
64
77
79
83
81
71
73
78
64
58
79
85
95
63
25
24
16
16
26
36
15
-8
-63
-103
-108
-133
-125
-139
-147
-122
-163
-198
-190
-214
-194
-174
-148
-101
-88
-91
-83
-71
-34
27
41
58
61
66
79
95
104
103
92
89
80
69
63
36
8
24
43
48
87
77
64
59
50
62
70
65
69
57
35
28
36
32
44
25
1
-2
-16
-25
-44
-55
-56
-50
-71
-53
-75
-85
-59
-74
-52
-38
-6
6
1
22
31
47
63
59
84
96
115
112
99
113
102
114
124
129
147
126
110
124
123
118
133
128
111
118
97
88
74
80
77
81
78
36
33
29
27
27
35
31
28
-12
-40
-62
-77
-78
-75
-75
-49
-63
-89
-90
-93
-69
-35
-29
-11
23
20
22
17
20
15
2
26
29
18
-14
-58
-57
