112
119
139
137
137
137
127
131
150
136
152
181
177
186
195
185
187
178
187
183
181
194
192
180
167
171
146
151
159
155
166
156
149
160
160
179
172
183
199
187
174
198
192
174
185
159
154
154
159
162
156
145
139
146
137
116
127
124
117
115
117
136
131
128
124
125
109
103
113
106
113
103
102
93
100
98
67
65
76
69
78
86
73
77
75
65
64
68
75
57
55
43
51
46
26
41
36
29
11
31
3
8
18
-15
-20
-12
-20
-12
-12
-23
-17
-20
-17
-15
-12
5
14
19
11
37
31
21
21
19
17
17
11
17
22
22
29
32
42
40
34
32
34
34
45
24
24
49
49
34
51
52
60
58
73
71
62
55
53
55
40
55
56
45
41
77
80
66
77
78
90
89
82
77
83
78
89
96
86
78
82
59
72
78
75
88
81
86
77
72
76
75
83
99
104
109
115
116
95
85
69
70
75
80
84
68
83
96
91
99
98
93
95
83
77
92
78
81
100
92
77
81
83
65
88
74
72
94
71
69
71
45
59
53
25
28
24
33
28
10
24
14
-1
-1
15
13
10
14
24
31
28
33
4
14
16
11
-2
-5
7
10
-10
-11
-1
10
7
8
18
29
27
26
30
50
42
29
38
38
17
13
21
6
15
-6
-1
18
17
31
11
17
17
-7
-9
4
-6
13
17
25
24
23
14
22
29
42
39
47
55
44
55
48
56
50
45
66
54
53
70
57
65
87
83
96
99
82
103
115
104
95
107
104
105
105
90
89
92
98
92
105
96
93
94
103
96
88
86
79
70
58
64
74
73
79
97
107
89
95
104
86
74
81
80
74
73
66
57
50
56
74
65
42
63
49
51
59
71
63
54
57
65
67
59
64
60
61
35
30
43
33
34
40
32
27
18
33
27
11
22
16
20
37
23
6
16
-16
4
5
-21
-16
-31
-46
-29
-32
-38
-40
-50
-34
-56
-48
-47
-59
-63
-76
-69
-73
-62
-71
-77
-66
-65
-66
-60
-67
-69
-59
-64
-68
-49
-50
-66
-83
-69
-71
-64
-53
-48
-39
-41
-29
-20
-33
-30
-38
-38
-32
-44
-50
-43
-34
-48
-37
-55
-56
-50
-57
-46
-50
-49
-43
-53
-32
-14
-39
-28
-41
-27
-24
-26
-16
-18
-23
-4
-17
-33
4
-12
4
6
-11
-4
-16
-3
-1
-2
-14
-18
5
-2
1
5
6
4
7
17
2
9
10
-1
4
5
4
5
-3
0
7
1
-4
9
4
-9
-19
-22
-29
-41
-32
-35
-55
-48
-40
-38
-39
-55
-55
-43
-62
-67
-44
-46
-57
-54
-44
-44
-41
-53
-46
-28
-41
-43
-29
-20
-12
-16
-24
-11
-4
-5
-13
-8
2
-4
7
4
-9
0
-1
-6
-12
-11
-28
-23
-25
-13
-22
-22
-33
-45
-41
-49
-49
-66
-73
-97
-116
-108
-122
-142
-138
-146
-144
-150
-164
-152
-148
-164
-156
-149
-159
-151
-147
-161
-165
-149
-147
-135
-156
-155
-122
-144
-136
-132
-137
-123
-103
-102
-102
-81
-90
-83
-84
-93
-76
-86
-108
-91
-96
-100
-96
-98
-83
-86
-57
-50
-45
-31
-28
-40
-19
-31
-23
-14
-17
-2
-21
-34
-37
-38
-30
-48
-46
-27
-47
-28
-43
-37
-47
-59
-45
-52
-57
-65
-62
-73
-91
-85
-70
-85
-77
-84
-77
-72
-87
-71
-72
-75
-79
-64
-58
-50
-53
-37
-31
-36
-28
-22
-12
-1
7
-10
-9
-6
-6
-4
-18
-22
-13
-26
-23
-30
-29
-19
-7
6
10
19
24
10
35
31
15
24
21
9
22
36
19
32
3
-2
1
-26
-13
-41
-33
-37
-73
-71
-77
-72
-79
-83
-94
-104
-99
-119
-131
-131
-149
-158
-128
-144
-150
-138
-148
-133
-135
-124
-122
-124
-127
-141
-117
-110
-117
-101
-90
-104
-117
-124
-122
-119
-128
-115
-102
-94
-87
-80
-89
-81
-77
-105
-96
-77
-104
-90
-89
-83
-57
-65
-59
-49
-39
-50
-67
-67
-78
-71
-62
-56
-50
-33
-56
-43
-36
-50
-40
-50
-47
-49
-66
-60
-80
-80
-83
-99
-81
-105
-86
-122
-120
-122
-126
-119
-135
-133
-132
-121
-127
-110
-101
-99
-86
-69
-64
-48
-41
-54
-56
-54
-56
-40
-37
-45
-34
-36
-36
-38
-22
-29
-25
-23
-13
-4
4
-3
5
21
28
15
32
33
49
47
28
38
26
38
20
14
18
22
19
29
12
7
10
-13
-11
-23
-18
-14
-16
-36
-53
-38
-33
-26
-27
-46
-50
-36
-61
-58
-66
-93
-86
-89
-102
-104
-91
-95
-89
-91
-105
-86
-100
-108
-104
-117
-130
-120
-119
-117
-109
-123
-122
-117
-137
-138
-129
-129
-144
-155
-151
-149
-160
-158
-145
-154
-157
-155
-159
-161
-156
-157
-147
-134
-134
-128
-127
-119
-111
-99
-88
-80
-88
-54
-37
-51
-32
-30
-25
-16
-17
-23
8
-10
-24
-19
-42
-26
-39
-35
-21
-9
-12
-23
-24
-21
1
0
-14
-12
0
-1
6
-21
-22
0
-24
-17
-22
-26
-20
-41
-35
-41
-54
-45
-68
-50
-52
-63
-65
-59
-70
-64
-51
-68
-47
-64
-77
-54
-71
-64
-30
-38
-36
-33
-38
-33
-38
-37
-31
-35
-15
-16
8
8
7
32
12
19
8
-3
-10
-41
-23
-18
-7
-21
-14
-3
-14
7
7
-13
-9
-1
-11
-8
16
14
25
24
4
1
-8
-25
-29
-40
-51
-44
-49
-42
-76
-82
-94
-86
-103
-96
-78
-93
-98
-104
-92
-101
-111
-110
-104
-136
-129
-114
-144
-143
-153
-165
-141
-150
-149
-152
-170
-160
-153
-155
-169
-161
-161
-144
-153
-142
-94
-117
-98
-70
-89
-72
-75
-36
-37
-37
-14
-24
-27
-33
-38
-26
-18
-3
-11
-18
12
-12
-15
-20
-19
-21
-4
-27
-25
-21
-26
-43
-41
-56
-74
-49
-77
-63
-52
-54
-63
-62
-70
-60
-50
-54
-37
-51
-72
-68
-79
-89
-83
-78
-78
-71
-75
-67
-52
-77
-83
-68
-55
-55
-54
-37
-38
-30
-19
-10
-7
7
8
13
14
25
33
33
53
49
48
70
45
62
73
72
87
95
94
86
90
84
72
81
66
90
87
65
82
48
42
51
30
36
42
20
6
-1
10
5
-9
5
-1
-12
-3
-2
-1
-3
-2
-14
-17
-16
-39
-27
-53
-62
-45
-49
-38
-59
-52
-51
-49
-53
-50
-52
-42
-40
-59
-31
-38
-31
-3
-1
-19
8
2
-12
1
-22
7
10
-16
-11
-27
-14
-26
-18
-17
-9
4
3
7
-12
-29
-33
-29
-33
-25
-19
-23
-18
-18
5
10
-5
4
-17
-2
33
9
24
19
-3
-1
-24
-14
-12
-19
-28
-12
2
-2
-6
-22
-14
-17
-5
-17
8
18
-1
12
-6
14
35
50
58
47
65
53
31
36
28
26
64
58
50
56
35
55
37
37
30
68
86
69
93
89
94
74
60
80
65
62
78
90
93
106
83
106
115
100
115
97
105
113
88
75
105
82
86
69
54
86
73
74
78
67
44
49
49
45
30
18
4
0
5
15
1
27
36
40
54
44
66
76
88
85
98
95
89
95
81
83
79
77
83
62
75
87
98
107
118
101
105
123
110
121
117
110
134
126
133
154
137
143
144
114
128
131
111
125
115
99
102
110
111
115
109
101
100
107
102
103
121
108
105
102
89
88
84
71
84
82
79
63
81
69
61
87
69
86
86
85
99
92
84
69
81
63
67
74
84
83
68
89
87
69
71
62
55
49
62
36
28
42
25
24
7
-12
3
-1
-3
0
-8
0
1
0
26
42
52
46
50
37
43
45
33
36
46
41
47
49
43
53
16
28
31
40
43
43
60
64
62
65
72
85
103
79
98
102
122
98
112
139
112
136
143
133
139
135
125
125
116
113
128
108
82
89
69
31
41
39
41
64
54
77
97
77
74
57
60
75
57
79
67
64
62
64
72
62
71
40
55
44
44
70
58
71
79
74
82
81
82
91
79
92
99
99
117
109
107
100
87
89
81
89
103
99
82
102
90
90
106
99
107
105
99
93
87
88
70
67
62
64
76
80
84
94
87
78
73
38
28
8
0
8
11
3
-11
-12
0
-1
2
-6
-7
-14
-17
-29
-34
-39
-30
-23
-31
-9
-38
-55
-47
-51
-42
-54
-35
-15
-22
-35
-25
-11
4
23
17
19
41
63
62
71
72
82
87
73
96
100
106
129
113
133
111
101
111
109
114
108
93
90
95
103
87
77
94
106
94
86
100
70
73
83
57
74
65
59
51
37
24
5
12
-3
-9
-4
-6
-15
-6
14
15
37
27
32
43
29
41
44
28
30
34
34
36
23
17
15
14
23
22
17
39
38
35
53
43
48
50
41
50
45
13
1
6
-6
7
-1
0
0
-5
-3
1
16
28
15
9
18
20
31
20
35
20
26
21
30
30
35
34
25
31
22
47
34
38
22
16
-2
1
13
4
28
5
15
1
-20
-10
-21
-37
-19
-20
-15
8
7
7
6
-12
-19
-25
-42
-43
-41
-43
-45
-64
-39
-63
-79
-80
-92
-79
-81
-72
-86
-58
-68
-63
-50
-50
-40
-45
-55
-37
-4
-6
8
-3
-6
12
-20
-14
-16
-26
-17
-26
-21
-36
-18
-33
-34
-46
-45
-39
-52
-30
-31
-19
-23
-7
8
0
9
-7
-17
3
-10
-12
-14
-15
-9
-31
-33
-26
-38
-42
-37
-33
-11
-9
-13
-4
-1
-8
-11
-5
-12
-22
-37
-39
-15
-19
-16
-20
-32
-8
-28
-7
-6
-19
-9
-3
-3
13
30
25
42
28
28
16
26
13
12
28
25
31
11
19
30
11
5
17
3
-23
0
-7
2
-3
-10
-14
-10
-24
-38
-13
-35
-18
-12
-32
-29
-12
-19
-33
-12
-41
-11
-19
-34
-35
-39
-56
-48
-48
-47
-46
-57
-55
-52
-56
-54
-72
-76
-61
-67
-64
-59
-56
-62
-53
-50
-45
-35
-17
-33
-33
-30
-31
-34
-10
-5
-2
-6
-1
10
-10
-5
-35
-31
-8
-31
-25
-12
-26
-26
-11
-34
-39
-11
-20
-10
-16
-20
-25
-15
-17
-30
-21
-1
5
-10
-3
15
12
3
10
8
-12
-9
-6
-6
-16
-42
-34
-65
-70
-60
-67
-70
-63
-56
-51
-54
-67
-50
-52
-68
-79
-79
-85
-98
-97
-96
-103
-85
-93
-75
-75
-73
-56
-61
-60
-70
-48
-58
-54
-35
-45
-31
-34
-28
-22
-12
-15
-14
1
-8
3
17
26
34
40
54
41
41
44
56
57
44
49
49
54
58
62
50
58
49
49
64
46
37
37
39
30
23
24
14
12
20
15
27
6
-6
-10
-38
-34
-23
-35
-36
-47
-43
-39
-38
-22
-21
-28
-33
-20
-36
-44
-40
-49
-51
-64
-81
-65
-89
-108
-87
-102
-95
-82
-75
-67
-75
-74
-67
-57
-67
-55
-47
-85
-78
-63
-87
-61
-80
-81
-63
-92
-70
-63
-61
-35
-39
-34
-24
-31
-30
-27
-42
-20
-32
-28
-30
-38
-36
-41
-36
-46
-24
-17
-10
-16
-20
-15
-24
-18
-8
-14
-37
-38
-54
-60
-53
-70
-74
-55
-55
-45
-52
-51
-37
-45
-27
-29
-17
-20
-32
-33
-50
-42
-40
-55
-73
-60
-81
-70
-43
-54
-34
-23
-22
-8
0
4
1
-8
-11
0
-19
2
-9
-22
-27
-21
-17
-22
-29
-36
-25
-53
-61
-39
-37
-52
-50
-47
-50
-56
-66
-57
-63
-71
-55
-64
-64
-57
-60
-48
-51
-72
-65
-76
-71
-64
-49
-45
-47
-25
-24
-23
-34
-32
-5
-17
0
-11
-7
-2
-20
-16
2
0
3
11
-4
2
-6
4
12
4
18
10
6
35
37
51
39
38
32
26
40
20
22
15
17
6
6
11
9
-7
-9
-11
-9
-16
-26
-14
-9
-1
-2
-1
-3
14
10
16
24
22
38
24
38
35
20
27
30
31
36
45
49
70
44
63
67
63
63
47
30
25
37
25
20
23
-2
10
2
0
8
-15
-11
4
-3
12
18
5
5
-10
-5
-9
-7
-4
11
8
5
7
2
1
-1
-15
-7
-5
-12
7
5
-2
3
-8
-18
-31
-28
-20
-48
-34
-29
-43
-45
-54
-46
-52
-56
-61
-42
-37
-49
-34
-27
-31
-27
-21
-31
-27
-11
-2
-14
-5
-4
-8
1
-2
14
4
-4
22
5
7
24
26
32
43
28
31
37
21
32
31
37
53
44
38
21
15
28
9
5
9
7
15
16
-12
5
-2
-6
-1
-36
-15
3
-7
-14
16
13
6
22
22
33
26
11
13
20
0
0
5
-3
10
4
-13
-17
-30
-17
-25
-32
-31
-38
-52
-49
-50
-54
-59
-74
-79
-75
-71
-80
-71
-81
-63
-65
-79
-62
-68
-42
-38
-43
-32
-24
-26
-25
-22
-14
-15
-5
7
-9
6
-6
0
15
-3
3
12
-12
-14
-5
-11
-17
-12
-14
-10
-4
-7
-10
-6
-7
-4
14
5
10
26
33
46
59
56
59
58
73
69
61
60
52
59
57
53
57
62
58
51
50
53
46
36
28
24
21
12
19
21
23
31
30
48
52
42
51
38
44
42
31
26
14
37
42
34
23
25
25
16
18
31
31
26
37
21
20
17
5
11
13
1
15
17
21
37
48
63
67
78
81
88
73
89
87
85
92
82
96
95
80
95
98
82
112
107
100
134
108
120
117
98
98
94
82
90
92
101
96
102
100
108
125
105
100
107
92
100
100
88
81
71
83
70
69
66
74
81
83
85
46
31
35
37
42
25
15
17
-13
5
-3
-26
-9
-20
-24
-23
-26
-15
-12
-21
-23
-11
-18
-13
-11
-15
-13
-8
-13
-6
-34
-31
-25
-19
-11
-26
9
2
23
9
22
31
7
22
26
13
11
21
16
9
-4
8
21
16
12
26
32
13
17
24
29
28
36
30
23
20
-2
-1
0
9
17
-2
-12
4
5
8
24
15
18
15
1
15
26
24
14
17
14
14
24
27
42
59
61
75
74
72
92
80
72
94
103
90
93
94
69
65
52
35
30
16
16
19
13
10
15
12
26
15
16
13
12
18
35
56
33
56
49
41
47
49
75
70
71
77
60
43
51
44
49
54
32
54
48
23
14
1
0
3
7
11
5
15
19
7
29
5
9
18
8
36
33
15
31
35
24
49
14
3
28
2
6
9
14
10
17
9
9
17
17
12
3
19
19
16
8
14
15
0
-16
-26
-30
-33
-42
-33
-40
-39
-40
-25
-30
-31
-18
-23
-26
-23
-20
-27
-23
-21
-26
-25
-24
-36
-48
-32
-42
-43
-39
-38
-41
-34
-24
-12
-24
-23
-1
-10
-10
-10
-5
-3
-7
-13
-12
4
17
29
36
34
24
41
33
26
50
51
53
46
45
58
48
30
45
35
41
41
39
61
43
33
38
37
33
44
32
39
32
27
27
27
30
29
23
24
22
29
45
26
31
28
9
33
28
24
34
14
17
19
11
17
30
25
52
61
77
91
63
96
92
91
93
95
110
104
83
88
90
98
118
127
123
120
137
125
110
128
112
115
125
105
113
96
85
95
83
88
79
75
81
69
74
60
44
43
34
31
28
21
37
32
43
44
6
22
15
11
2
-1
-2
-33
-31
-40
-35
-53
-62
-48
-62
-55
-59
-60
-66
-68
-55
-62
-38
-37
-37
-38
-48
-46
-51
-62
-52
-49
-55
-37
-37
-36
-38
-38
-32
-43
-17
-15
-19
2
-15
-3
11
-4
3
3
-8
5
-4
1
4
3
6
7
8
1
14
17
5
8
-10
-6
-7
-7
-3
17
11
15
28
15
37
13
24
21
21
28
36
32
17
31
16
9
21
16
14
19
15
35
37
29
34
24
14
26
26
39
43
32
45
33
55
53
43
55
33
34
24
19
24
16
19
9
13
13
7
15
10
13
16
8
11
12
-13
0
-15
-3
6
-9
-4
1
10
16
2
-3
-14
-4
11
2
-2
1
-17
-14
-16
-30
-30
-36
-25
-31
-22
-26
-20
-5
-30
-18
-4
-26
-20
-35
-41
-40
-79
-69
-74
-93
-87
-106
-117
-123
-124
-106
-117
-116
-126
-129
-135
-108
-150
-118
-191
-172
-258
-249
-417
-349
-984
-1981
-1823
-1572
-1341
-2385
-2737
-3142
-2721
-1785
-1978
-2569
-2695
-2011
-1582
-1009
-809
-864
-918
-268
392
199
670
1003
1250
1835
2614
3284
3225
3787
4586
5100
6178
6673
6363
5862
5561
5013
5019
4263
1547
1790
1948
2742
2354
217
-1231
-2423
-3031
-2579
-2829
-3646
-3181
-3850
-4077
-4498
-5304
-4726
-4708
-4076
-3301
-2899
-2346
-2459
-2062
-1034
262
1295
1702
1699
2066
2351
2763
3554
3758
3905
3156
2521
2598
2352
2262
1674
928
596
292
-149
-592
-1467
-1750
-1817
-1766
-1740
-2141
-2859
-3351
-3954
-3169
-2357
-2753
-1556
-1874
-1792
-1707
-1544
-764
-491
266
429
-2
88
517
731
1159
842
378
166
30
408
-107
-105
-124
-443
10
-478
-710
-1143
-1264
-885
-750
-149
0
-183
-217
151
462
1253
1581
2342
2729
3179
4363
4377
5035
5223
5056
5373
5440
5599
5204
2278
1420
2404
2979
3685
1796
-226
-1398
-2484
-2205
-2475
-3558
-3492
-3888
-4268
-4598
-5733
-5716
-5558
-5228
-4082
-3707
-3292
-3369
-3571
-2403
-1045
400
1213
1066
1343
1653
2064
3138
3739
4122
3816
2961
2965
2800
2623
2396
1702
1358
1165
360
-334
-1258
-2416
-2995
-2816
-2280
-1904
-2631
-4160
-5299
-5003
-3617
-2982
-2929
-3025
-3383
-3183
-2369
-1428
-1168
-1169
-502
4
274
633
773
910
1361
2043
2393
2019
1724
1480
1505
2216
2802
3289
3114
2452
2341
2530
3203
4220
3966
4008
3847
4324
4612
4599
3553
3686
1435
-368
1770
2276
3294
1333
-945
-1607
-2087
-2228
-1937
-3268
-3561
-2895
-3322
-2874
-4323
-5146
-4580
-4530
-3045
-2537
-2301
-2304
-2846
-2072
-588
540
1229
1233
967
1647
1730
2365
2992
2683
2807
2028
1861
1934
1424
1176
624
255
378
57
-597
-1264
-2270
-2038
-1584
-1262
-1458
-2065
-3556
-4984
-4513
-2658
-1173
-1667
-2282
-3100
-3204
-2658
-1592
-1050
-1142
-821
-672
-505
-471
-637
-583
-214
269
307
238
-74
-349
-421
187
972
1151
973
565
781
1414
2581
3475
3842
3921
3982
4326
4481
5290
6334
6203
6986
6161
5784
3764
231
1855
3694
5215
4861
1818
-430
-1578
-2940
-2120
-2239
-2896
-2017
-3407
-4100
-5625
-7285
-6071
-5304
-4047
-3265
-3755
-3983
-4338
-3933
-1588
357
1255
1448
368
659
1095
2028
3788
3915
3949
3086
2135
2327
2176
2200
2150
1460
1321
897
-433
-1388
-2787
-2734
-1469
-1363
-1463
-3944
-5981
-6274
-5374
-3385
-2359
-2922
-4193
-4650
-4169
-3872
-3466
-1798
-1330
-1142
-834
-1200
-1457
-1433
50
1235
1655
1996
1071
227
436
1551
2693
3353
3378
2530
1857
2207
3505
4776
5247
5186
4822
4789
5704
6333
6865
6549
7055
6877
5786
1679
-155
2215
4411
5752
3587
871
-1188
-2540
-3223
-2936
-3476
-2992
-2584
-3693
-4798
-7179
-7718
-6593
-5579
-3887
-3426
-3529
-4306
-4963
-3735
-1266
649
1476
1369
926
1062
1163
2331
3774
4268
4289
3195
2450
2219
1920
1768
1538
1402
1417
604
-905
-2430
-3345
-2612
-1621
-1264
-2417
-5478
-6266
-6167
-5216
-2966
-2785
-3803
-4445
-4207
-4085
-4002
-2829
-1359
-1141
-846
-713
-1606
-1720
-973
433
1229
1591
1542
331
6
632
1474
2383
2683
2331
1707
1654
2694
3359
4144
4917
4650
4641
4594
5237
5710
7003
7496
7302
6948
4954
726
39
2553
5285
6528
3551
939
-1234
-3065
-2891
-2989
-3025
-2027
-2390
-3424
-5325
-7984
-7980
-6566
-4915
-3312
-3700
-4282
-5290
-5732
-3500
-711
1320
1831
717
414
881
1671
3670
4740
4960
4524
3135
2901
2611
2313
2440
2131
2143
2035
490
-1150
-2701
-3179
-1979
-936
-1271
-4022
-6420
-7193
-6337
-5013
-3986
-4284
-5572
-6118
-5602
-5346
-5098
-3605
-2566
-2070
-2189
-2457
-2650
-2470
-1013
577
1458
1665
1084
329
588
1727
3069
3849
4186
3653
3364
3549
4611
6036
6531
6967
6302
6188
6706
7494
7948
8180
8786
7876
6921
1853
-626
1589
4439
6648
4350
688
-1624
-3239
-4068
-3524
-4345
-3496
-3038
-4641
-5512
-8493
-9451
-8199
-6977
-4675
-4232
-4887
-5785
-6534
-5087
-1629
636
1809
1420
276
926
1219
3099
5101
5220
5022
3505
2803
3111
2785
2654
2391
1911
2107
1142
-528
-1955
-2974
-2415
-1000
-1499
-2709
-5372
-6421
-5481
-5264
-3864
-3718
-4519
-4694
-4969
-4908
-4407
-3475
-1667
-1455
-1995
-2327
-3020
-2524
-1463
-273
996
667
257
-458
-509
736
1913
2431
2588
2638
2094
2329
3062
4434
4712
4924
5761
5669
6592
7126
6505
7469
8194
9226
9064
6289
1849
1093
3545
7282
7978
4234
1396
-1041
-1670
-1518
-2000
-2566
-2634
-3087
-3643
-5148
-7724
-8415
-8020
-6180
-4277
-4406
-4837
-6448
-6832
-4634
-1598
981
1523
178
-535
-140
1210
3718
5056
4894
3838
2411
2625
2908
2881
2539
1725
1542
1451
332
-803
-2242
-3198
-2392
-2843
-3084
-3874
-5127
-5871
-6236
-6086
-5252
-4065
-3808
-4552
-5389
-4889
-4044
-2650
-1292
-1337
-2138
-2554
-1747
-1177
-984
356
653
747
807
785
907
1393
2371
2857
3235
3218
3504
3851
4652
5290
5571
5603
5781
6088
6153
6808
7449
8145
8238
7937
6159
1110
-644
2185
5748
7432
3979
-105
-2237
-3244
-2715
-2602
-3754
-3507
-3908
-4764
-5711
-8203
-8752
-7831
-6592
-4763
-4678
-5236
-5876
-6477
-4395
-951
1113
1925
751
-33
977
1824
4099
5948
5725
4900
3113
2621
3219
3182
3009
2310
1377
997
-18
-1290
-2437
-3841
-4037
-3862
-3232
-3650
-5622
-6792
-7005
-6226
-4375
-3465
-4080
-5469
-5590
-4484
-3370
-1857
-901
-1234
-1865
-2261
-1573
-727
109
1268
1642
1934
1987
1651
1917
2380
3154
4009
4611
5054
4897
4768
5685
6255
7093
7434
7240
7642
7878
9572
9167
8403
6920
1008
-107
2213
5484
7327
3642
-8
-1553
-3498
-3261
-3238
-4795
-3124
-3642
-4325
-5156
-9016
-9403
-8464
-7149
-4720
-5160
-5947
-6321
-7589
-5471
-1673
419
2077
491
-312
1286
1536
3828
5713
5986
6402
4594
3355
3444
2738
3085
3113
2299
2333
260
-2086
-3249
-4269
-4231
-3807
-3153
-4071
-6467
-7843
-8139
-7425
-5276
-3814
-4354
-6086
-6370
-5268
-4125
-2586
-1463
-1157
-1209
-1544
-1427
-1096
-142
1293
2018
2537
2703
2148
1993
2485
3371
4687
5484
6193
6083
6153
6699
7127
7713
8624
8666
9264
9609
9898
8918
8569
6176
627
1444
3706
7370
6613
1278
-1768
-2962
-3155
-2129
-3776
-5360
-4418
-5663
-5199
-6610
-9553
-8740
-8691
-7082
-5710
-6817
-6677
-7335
-7453
-4148
-1168
72
517
-1272
-141
1852
2574
5296
5866
5838
5523
3967
4626
5235
4442
4108
3094
2801
3110
1034
-2139
-3133
-4653
-3159
-1858
-2921
-4810
-8773
-8693
-7516
-6645
-4864
-4901
-6305
-6680
-6341
-5117
-3969
-3392
-1768
-1786
-2002
-1708
-1712
-423
371
1565
2257
2046
2097
1602
2129
3540
4967
5720
6242
6145
6338
7023
8049
9174
9379
9129
9885
10093
11920
11007
9375
6232
10
2103
5383
8343
7175
1039
-2575
-2984
-3687
-2802
-4112
-6352
-4864
-6284
-6567
-7563
-11211
-9991
-8923
-7503
-5872
-7490
-8454
-8501
-8360
-4403
-611
-275
-61
-2161
-1504
1703
2878
5857
6676
5513
5161
4053
4734
6039
5148
4118
3866
3067
3965
986
-1813
-3095
-4171
-1934
-1977
-3228
-6063
-8912
-8884
-7499
-6964
-6000
-6231
-7121
-7311
-7072
-5195
-4357
-3306
-2030
-2145
-1863
-1961
-1162
125
1259
2635
2597
2230
2068
1826
2447
3950
5511
6124
6284
5820
6092
6717
8593
9397
9203
9185
9059
10558
11227
11139
8809
2116
-53
3765
7915
9830
4925
-419
-2058
-2803
-1994
-1892
-4144
-3498
-4130
-5404
-5868
-9216
-9654
-8147
-7198
-5061
-5803
-7842
-8359
-9277
-6821
-2026
-448
-95
-2232
-4083
-1743
184
3082
5601
4718
3802
2210
1559
3630
4119
4055
3839
2467
2274
1557
-994
-2147
-2079
-1767
-199
-947
-3533
-6815
-8696
-7043
-5451
-4478
-3766
-5450
-7835
-8113
-6802
-4476
-2732
-1897
-2112
-3453
-3482
-2810
-1726
252
1887
2486
1728
932
469
1104
2666
4710
6001
6417
6394
5640
6023
7907
9581
10560
11263
10482
10777
11203
10014
10235
4859
2160
5332
7304
9336
5450
-249
-1115
-1738
-1894
-817
-4298
-4677
-4208
-6584
-5639
-8482
-10496
-8349
-8473
-6508
-5798
-8371
-8363
-8520
-7540
-2165
-685
-617
-954
-3834
-1504
823
2521
6044
5283
3818
3164
1455
3001
4573
3692
4334
2833
1391
1315
-2077
-1719
-1242
-1937
-687
-2113
-3830
-5950
-7577
-6731
-5776
-5603
-4484
-5692
-7281
-7231
-7175
-5042
-3595
-2539
-2593
-3728
-3386
-2693
-1273
436
1638
1937
1708
920
1102
2048
3652
5390
6246
6423
6725
6088
7156
8515
9593
10847
11220
11138
11654
11145
9637
9056
3353
2770
5919
7920
9121
3735
-1158
-1368
-2270
-1779
-1697
-4654
-3791
-4221
-6377
-5870
-9221
-9639
-7049
-7036
-4764
-5336
-8015
-7448
-7625
-5394
-316
216
357
-622
-2884
-96
1580
3389
6502
5288
4246
2916
1061
2525
3473
2810
4006
1548
-252
-1150
-4773
-2608
-2135
-2621
-2269
-4551
-5727
-7193
-8913
-7405
-6729
-6046
-4365
-6438
-7905
-8299
-7634
-4394
-2925
-1576
-1908
-3795
-3525
-2838
-616
1547
2792
2985
1872
1055
1217
2309
4478
6334
6765
7260
6860
6409
7284
8220
9861
11146
11531
11212
11301
10784
9659
7626
1901
3353
6551
8744
8125
1499
-2156
-1738
-1875
-1155
-2596
-5436
-3662
-4347
-5924
-6335
-9889
-8800
-6487
-6009
-4011
-5422
-7527
-7009
-6763
-3283
1276
879
505
-941
-1650
1622
2572
4507
6458
5250
4420
3190
1886
3235
2958
2403
2913
1042
787
-2193
-3895
-3626
-3357
-2829
-3072
-3788
-5771
-8166
-9130
-8157
-7074
-5306
-5589
-7080
-8564
-8791
-6459
-5111
-3288
-2427
-3220
-3260
-3410
-2058
-530
669
1905
1936
1418
1385
1234
2176
4613
5564
6792
6517
6468
7073
7253
8978
10135
11414
12055
11439
11582
10916
10435
7767
2898
4455
7411
9473
7799
1573
-1537
-1375
-1479
-609
-2714
-5208
-3874
-5187
-5978
-7211
-10379
-8742
-7308
-6711
-4832
-6397
-7677
-7132
-6868
-2635
1068
748
850
-888
-429
2748
3781
6053
7262
5978
5574
4274
3884
5130
4482
3956
3600
2181
677
-1187
-2822
-2419
-2497
-3133
-3565
-4945
-6664
-8434
-9348
-8784
-7469
-6826
-7280
-8764
-10257
-9394
-7733
-6145
-4795
-4678
-4662
-4770
-4015
-2639
-1156
249
1370
1670
1484
1166
1336
3081
5056
6583
7327
7074
6789
7162
8315
9616
10946
11575
12145
11620
12272
10913
9833
6074
3148
6493
8326
9449
5514
48
-1041
-691
-1174
-1159
-4057
-5044
-3563
-5619
-6147
-8501
-11016
-8389
-7600
-6522
-5698
-8122
-8650
-7742
-6429
-1548
775
-153
-33
-1594
448
3952
5037
7485
7427
6123
6050
5200
5600
6799
5461
5138
4954
2682
2188
-626
-1986
-883
-1943
-1999
-2745
-5168
-6721
-8727
-9332
-7630
-7644
-7326
-8075
-10435
-10176
-9332
-8003
-6525
-6384
-5715
-5586
-5436
-4290
-3127
-1693
-231
574
993
880
791
1854
3343
5726
6755
7083
7098
6789
7857
8530
10052
11784
12209
12252
11164
11417
10886
10838
5829
4024
6391
8362
9913
4579
3
-790
-649
-61
-750
-4370
-4326
-3864
-5702
-5810
-9205
-10175
-7964
-8165
-6723
-7173
-9169
-9065
-8579
-6809
-2440
-1520
-1942
-1833
-2721
308
2599
3653
5959
5902
5636
5625
4901
5860
6992
6037
5938
4651
4053
3517
1078
361
673
24
-94
-1209
-3802
-5627
-7278
-6749
-6191
-6879
-7190
-8710
-9942
-9442
-8619
-8145
-7648
-7401
-6813
-6519
-6565
-5283
-4408
-2998
-1506
-1168
-785
-1105
-653
684
2973
5018
5942
6056
6129
6559
7577
9449
10707
12148
12331
11665
11815
12183
11693
10718
6096
5518
8076
9304
9101
4139
244
534
610
329
-808
-4110
-3873
-3363
-5322
-6048
-8761
-9730
-7581
-7720
-7201
-7419
-9438
-9155
-8118
-6570
-2905
-2507
-3303
-2758
-2920
-164
2142
2854
4806
4912
4442
4836
4468
5315
6887
5891
5458
5524
4082
3287
1489
1111
2231
1635
1052
-732
-3643
-4886
-5064
-5199
-5127
-5852
-7086
-7893
-9006
-8661
-7942
-7931
-7376
-7115
-6825
-6595
-6439
-5780
-4545
-3172
-1955
-1505
-1855
-1593
-996
846
2947
4106
5091
5021
5395
6435
7672
8963
10618
11219
11621
11395
11563
11713
11199
9327
6670
7383
8814
9494
7465
3379
1556
1589
1355
865
-1497
-3240
-2802
-3419
-4596
-6208
-8385
-7807
-7129
-7275
-7051
-8119
-8887
-8315
-7559
-5562
-3747
-3983
-3617
-3365
-2404
-220
625
1736
2863
3060
3490
3289
3650
4606
4923
4843
4702
4428
3557
2752
2164
2688
2724
2100
892
-714
-1776
-2541
-3031
-3371
-3942
-4483
-5551
-6430
-6982
-6837
-6438
-6199
-6101
-6318
-6185
-6051
-5583
-4509
-3483
-2800
-2283
-2309
-1982
-1088
-79
1710
2995
3839
4161
4373
5432
7049
8676
9653
10134
10555
11263
10864
9976
7882
7697
9544
10638
10205
7161
4183
3597
3541
3326
2189
-211
-1438
-1939
-3057
-4075
-5970
-7114
-6684
-6863
-7180
-8277
-9668
-9658
-8516
-7226
-5999
-5901
-6246
-5935
-5294
-3477
-1463
-260
373
573
574
1355
2102
3429
4801
4522
4098
3602
3295
3883
3972
3782
3358
2496
2500
1858
469
-482
-1210
-1283
-1348
-2531
-3657
-4960
-5573
-5363
-5267
-5190
-5653
-6359
-6457
-6092
-5358
-4500
-4137
-3755
-3067
-2407
-1678
-738
-19
1044
1717
2711
3867
4975
6375
7024
7628
8963
9331
9344
7182
6169
8733
11153
11696
9316
5937
5385
6241
5733
5066
3192
2157
2535
815
-1686
-3749
-5147
-4011
-3426
-4737
-6347
-8338
-9678
-8784
-7805
-6499
-5906
-7451
-7966
-7654
-6779
-4692
-3649
-2740
-1809
-1835
-1976
-1612
65
2403
3369
2821
2736
3036
3196
3842
4249
4758
4995
4610
3900
2552
1738
1833
2158
1964
1169
-256
-1680
-2213
-2303
-1964
-2199
-3137
-4109
-4870
-5081
-4811
-4384
-4191
-3648
-3566
-3127
-2460
-1965
-978
-177
868
2022
3102
3868
4802
4852
5431
3312
2944
6623
8836
9766
6761
3998
5468
7091
6853
6123
3616
3877
5627
4073
2050
-549
-2366
-254
-258
-1640
-3148
-5831
-6974
-6352
-6418
-5171
-4876
-6931
-7131
-7514
-6865
-4961
-5209
-4685
-3807
-3973
-3647
-3769
-3663
-1318
-257
-523
568
613
748
892
1256
3518
4348
4060
4087
2860
2457
3517
4214
4629
4279
3158
2568
1415
1150
2031
1850
1646
855
-623
-1493
-1979
-1733
-1141
-1514
-1923
-2733
-3351
-2695
-2343
-1402
-687
-577
-13
208
661
1945
2819
2952
-456
412
3775
6701
6359
2544
1200
3712
5097
4845
3055
1088
3265
5074
3573
1381
-1791
-1762
919
847
-83
-2094
-4584
-4809
-4211
-4102
-2730
-3867
-5493
-5584
-6042
-4944
-4410
-5066
-4020
-3507
-3474
-3418
-3880
-3166
-1491
-1602
-1538
-491
159
411
-604
-248
1907
2695
3472
3297
2233
2179
2866
3702
3969
3752
3940
3904
2683
2455
2715
2711
3064
2712
2176
1453
518
305
341
439
662
258
-775
-826
-656
-482
-450
-648
-629
197
247
561
602
1078
716
-2754
-1429
1644
4363
3719
-266
-1224
1453
2796
2431
427
-1105
1395
2844
713
-1463
-4056
-2736
54
-360
-1924
-3867
-5603
-5162
-4433
-4143
-2253
-3061
-4844
-5124
-5565
-3801
-2785
-3364
-2476
-2225
-2765
-2977
-3526
-2377
19
-273
-618
26
311
689
-156
118
2666
3571
3834
3253
1538
1854
3262
4258
4797
4288
4014
3634
2475
2780
4139
4409
4196
3044
2256
2096
1701
1749
1952
2075
2053
1176
16
411
781
1379
1605
1161
1038
1072
949
1272
1989
2524
2030
-2499
-2757
532
3236
3228
-668
-2496
-373
587
-165
-1351
-2794
-618
1292
-897
-2957
-5304
-4878
-1821
-1796
-3240
-4942
-6975
-6769
-5239
-4769
-3190
-3578
-5495
-5238
-5125
-3992
-2514
-2781
-1785
-893
-1732
-2180
-2506
-1694
865
994
114
638
685
736
486
886
3433
4108
3439
3091
1964
2064
3330
4229
4886
4217
3345
3042
2421
2983
4267
4179
3803
3040
2521
2337
2022
2337
2741
2711
2414
1660
922
1218
1758
2270
2362
2038
1780
1728
1990
2412
3311
3368
3180
-619
-2141
790
3502
4293
797
-2347
-1231
381
-211
-1347
-3221
-2296
338
-1325
-3988
-6246
-6852
-3631
-2665
-4416
-5955
-7658
-7967
-6297
-6144
-5112
-4349
-6098
-6235
-5960
-5529
-3446
-3096
-2634
-1428
-2086
-2594
-2257
-1873
664
1695
361
728
964
1121
1483
1095
2792
4031
3421
3420
2433
1812
3077
4015
4599
4020
2788
2905
2897
2819
3715
3670
3336
3182
2377
2182
2037
2037
2594
2504
2293
2045
1341
1239
1756
2227
2701
2858
2453
2274
2380
2672
3669
4137
4129
2549
-1059
-240
3047
5133
3884
-241
-1794
153
972
-20
-1704
-3002
-1283
-505
-3022
-5410
-7138
-6097
-3491
-3896
-5892
-7617
-9033
-8330
-6849
-6437
-5276
-5784
-7083
-6747
-6497
-5219
-3892
-3739
-2893
-2289
-2864
-3264
-2974
-1555
1009
1102
-180
-83
465
1410
1687
1913
3345
3702
3089
2789
2148
2384
3724
4409
4045
2860
1934
2258
2474
2915
3562
2911
2279
1798
1539
1807
1961
2194
2398
2121
1788
1350
1131
1694
2524
3275
3287
2644
2391
2793
3816
4831
5172
5187
5120
3303
688
1828
5019
7275
5671
1541
277
1714
2435
1747
246
-450
673
79
-2605
-4890
-6146
-4872
-3418
-4372
-6304
-8418
-9843
-9235
-7951
-7152
-6387
-7451
-8698
-8521
-7952
-6529
-5458
-5049
-4107
-3911
-4755
-5044
-4190
-2064
100
-346
-1345
-1059
-206
834
946
1712
3390
3427
2798
2397
2234
2990
3992
4382
3995
2920
2360
2728
2815
3173
3504
2935
2379
1816
1549
1755
1684
1856
1898
1697
1425
842
823
1609
2593
2864
2574
2108
2480
3311
4194
4803
5124
5609
5553
4219
1633
2384
5949
8275
7071
3078
1104
2638
4119
3823
2658
1393
1529
1600
-340
-2187
-3633
-3523
-2103
-2360
-4364
-7075
-8975
-8633
-6889
-6268
-6458
-7740
-9277
-9140
-8401
-7500
-6611
-6334
-5940
-5758
-6602
-6876
-5644
-3609
-1609
-1825
-3303
-3191
-1851
-220
471
674
1788
2121
1602
1647
2164
2986
3854
4084
3835
3068
2280
2800
3484
3897
4152
3275
2222
1780
1818
2329
2485
2238
1934
1347
765
586
766
1464
2138
2131
1727
1280
1368
2430
3657
4334
4459
4655
4769
4606
3418
2225
3844
6623
7832
5874
2387
1635
3769
5180
4865
3254
1678
1711
1726
635
-514
-1880
-1990
-1202
-1898
-3915
-6148
-7151
-6243
-5168
-5474
-6284
-7480
-8288
-8078
-7638
-6813
-6321
-6580
-6859
-6986
-7199
-6581
-5458
-4332
-3462
-3975
-4724
-3898
-2359
-1100
-785
-873
-261
13
91
946
1756
1915
1923
2059
2411
2448
2276
2734
3264
3523
3320
2552
2086
2356
2844
3025
2825
2231
1710
1228
1142
1745
2155
2071
1682
1221
1316
1663
2118
2710
3274
3504
3583
3665
3962
4390
4145
2980
2446
3973
5916
6121
4032
2046
2683
4479
4722
3360
1851
1658
2494
2229
798
-634
-1606
-1377
-1097
-1760
-2973
-4533
-5500
-5261
-4679
-4497
-4886
-6207
-7081
-6866
-6260
-5638
-5901
-6445
-6252
-5866
-5810
-5742
-5523
-4687
-3758
-3864
-3960
-3250
-2362
-1788
-1918
-1684
-607
70
308
602
442
441
889
1394
2129
2109
1833
2014
1929
2142
2495
2529
2657
2487
2197
2197
1986
1845
1793
1710
1988
1954
1522
1331
1225
1567
2162
2176
2292
2334
2410
2775
2996
3688
4286
4182
3442
2599
2018
2651
4486
5748
5276
3039
1878
2866
3927
3919
3213
2426
2110
2004
1362
602
-310
-925
-546
-424
-1210
-2899
-4388
-4488
-3635
-3163
-3355
-4136
-5254
-5865
-5766
-5105
-4347
-4474
-5086
-5416
-5530
-5259
-4707
-4216
-3641
-3293
-3487
-3470
-3050
-2531
-1958
-1610
-1003
-361
-413
-638
-435
-93
520
1132
1409
1380
823
562
1179
1821
2294
2209
1670
1535
1517
1477
1774
1990
2022
1712
1157
1142
1244
1053
1448
2002
1904
1465
1191
1558
1856
1825
2406
2633
2627
2580
2037
2220
2656
2899
2419
1766
2150
3488
3840
3259
2432
1916
2590
2939
2763
2466
1992
1699
1535
1097
649
153
-210
-256
-582
-1093
-1599
-2256
-2607
-2623
-2366
-2215
-2637
-3459
-3968
-4002
-3710
-3303
-3126
-3229
-3694
-4104
-4062
-3583
-3050
-2758
-2774
-2881
-2810
-2743
-2515
-2055
-1595
-1392
-1458
-1372
-1166
-1077
-1037
-729
-158
257
308
63
-7
241
614
867
858
796
647
534
603
639
721
835
835
452
259
391
285
364
771
735
349
339
329
487
422
592
666
718
1272
1152
779
1117
1634
1828
2109
2095
2184
2007
1868
2378
2910
3450
3685
3371
2951
2661
2729
3183
3645
3471
2912
2276
1804
1750
1666
1481
1236
987
456
-245
-883
-1223
-1154
-1017
-1047
-1541
-2351
-3078
-3306
-2884
-2396
-2519
-3116
-3633
-3700
-3356
-2998
-2885
-2988
-3099
-3113
-2996
-2815
-2498
-2260
-2164
-2073
-2004
-1811
-1635
-1338
-924
-747
-611
-712
-810
-661
-416
-100
52
4
-178
-313
-317
-181
94
-9
-195
-465
-776
-773
-618
-429
-470
-596
-792
-745
-592
-371
-243
-244
-136
-16
219
337
361
609
962
1264
1398
1493
1722
2051
2386
2571
2714
2910
3224
3349
3245
3298
3496
3845
4101
4012
3883
3833
3747
3625
3466
3407
3433
3243
2829
2308
1813
1564
1355
1135
861
264
-345
-745
-876
-881
-1220
-1728
-2091
-2174
-2135
-2211
-2505
-2750
-2813
-2900
-2874
-2883
-2953
-2888
-2880
-2905
-2908
-2965
-2837
-2646
-2585
-2634
-2584
-2478
-2295
-2197
-2225
-2122
-2047
-1884
-1717
-1650
-1536
-1526
-1541
-1419
-1272
-1173
-1098
-1055
-905
-703
-660
-682
-623
-334
-39
-21
-39
77
266
507
597
591
763
1036
1227
1310
1398
1597
1805
1900
1994
2086
2224
2369
2491
2677
2797
2773
2726
2888
3185
3449
3433
3275
3260
3222
3277
3347
3316
3313
3238
3054
2844
2641
2556
2524
2379
2067
1658
1234
914
668
350
123
-176
-617
-1103
-1572
-1686
-1705
-1926
-2219
-2536
-2703
-2830
-2935
-2952
-2902
-2946
-3074
-3177
-3098
-2888
-2873
-2988
-2982
-2770
-2633
-2631
-2643
-2511
-2279
-2226
-2210
-2147
-2029
-1779
-1701
-1675
-1570
-1462
-1354
-1260
-1138
-965
-829
-830
-818
-736
-617
-413
-296
-210
-160
-158
4
159
298
393
389
488
628
799
994
1149
1262
1405
1575
1712
1896
2087
2308
2480
2516
2585
2639
2682
2883
2978
2947
2907
2892
2887
2816
2689
2616
2682
2576
2330
2060
1842
1714
1580
1417
1150
901
625
339
209
160
35
-226
-465
-605
-749
-902
-1052
-1064
-1011
-1050
-1202
-1421
-1540
-1508
-1467
-1515
-1563
-1559
-1543
-1609
-1701
-1712
-1641
-1492
-1475
-1582
-1590
-1578
-1506
-1480
-1526
-1542
-1649
-1731
-1690
-1619
-1635
-1775
-1877
-1929
-1860
-1820
-1864
-1854
-1839
-1763
-1698
-1682
-1613
-1488
-1317
-1149
-987
-885
-686
-443
-172
105
304
565
879
1153
1469
1744
1968
2189
2346
2512
2693
2877
2999
3081
3063
3089
3082
3038
3051
2930
2838
2751
2561
2331
2099
1930
1749
1519
1280
1029
765
418
136
-92
-244
-439
-667
-837
-1028
-1107
-1191
-1265
-1199
-1155
-1121
-1203
-1228
-1137
-983
-849
-817
-657
-533
-510
-580
-607
-376
-168
-101
-136
-202
-205
-301
-395
-378
-291
-295
-500
-788
-1008
-1060
-1143
-1199
-1252
-1362
-1527
-1747
-1869
-1784
-1664
-1722
-1803
-1772
-1678
-1611
-1580
-1483
-1281
-1039
-862
-703
-509
-276
-10
252
528
810
1089
1333
1562
1755
1956
2110
2294
2450
2581
2714
2757
2741
2771
2801
2744
2655
2539
2440
2399
2202
1929
1604
1409
1361
1188
919
532
201
-52
-244
-397
-512
-692
-926
-1104
-1283
-1400
-1413
-1444
-1455
-1440
-1451
-1445
-1444
-1429
-1400
-1306
-1121
-981
-970
-1009
-959
-904
-797
-719
-698
-683
-742
-776
-792
-795
-794
-772
-836
-965
-1096
-1197
-1171
-1169
-1162
-1173
-1267
-1356
-1402
-1353
-1131
-1012
-1068
-1074
-972
-797
-630
-480
-221
97
260
279
338
613
1036
1326
1536
1731
1813
1862
1933
2105
2444
2698
2715
2646
2534
2500
2553
2620
2677
2621
2417
2193
1926
1735
1678
1558
1399
1089
645
280
66
-122
-268
-484
-706
-952
-1289
-1527
-1629
-1623
-1599
-1684
-1823
-1954
-2067
-2055
-1892
-1690
-1531
-1568
-1658
-1625
-1460
-1266
-1129
-1062
-1002
-1024
-1024
-967
-880
-759
-702
-689
-715
-789
-887
-829
-705
-610
-677
-874
-938
-923
-904
-847
-799
-765
-820
-892
-874
-737
-574
-458
-411
-389
-269
-127
38
204
399
628
752
848
957
1126
1389
1595
1752
1889
2010
2102
2158
2266
2450
2608
2635
2580
2533
2507
2515
2476
2397
2316
2206
2034
1761
1506
1328
1222
1049
817
484
154
-95
-314
-511
-739
-974
-1250
-1531
-1761
-1840
-1841
-1868
-1983
-2163
-2270
-2288
-2224
-2135
-2093
-2075
-2137
-2160
-2105
-1997
-1859
-1715
-1587
-1494
-1461
-1484
-1463
-1273
-1071
-921
-932
-990
-947
-896
-774
-616
-543
-507
-490
-500
-422
-304
-180
-29
85
83
32
38
180
353
447
473
510
555
565
572
626
788
947
1019
1037
1029
1084
1179
1299
1483
1621
1653
1637
1650
1732
1862
1923
1964
1970
1947
1940
1887
1865
1884
1848
1782
1704
1556
1379
1259
1131
1057
897
666
498
291
103
-97
-276
-368
-495
-638
-781
-969
-1077
-1199
-1300
-1364
-1449
-1570
-1677
-1750
-1824
-1804
-1834
-1805
-1787
-1907
-1971
-1905
-1791
-1725
-1756
-1806
-1726
-1628
-1577
-1542
-1473
-1389
-1301
-1261
-1174
-1041
-919
-817
-772
-688
-599
-507
-400
-269
-102
-24
-25
-15
77
163
221
272
356
441
443
456
545
652
708
754
850
925
989
998
987
1046
1153
1321
1364
1302
1286
1332
1421
1508
1533
1573
1605
1574
1512
1492
1535
1562
1588
1507
1395
1281
1172
1151
1196
1187
1114
969
771
665
578
526
457
368
278
103
-104
-292
-357
-405
-482
-611
-794
-978
-1114
-1223
-1294
-1360
-1467
-1582
-1669
-1761
-1827
-1906
-1959
-1955
-1938
-1920
-1909
-1862
-1807
-1755
-1726
-1659
-1529
-1382
-1324
-1302
-1217
-1102
-952
-825
-763
-695
-653
-607
-515
-410
-307
-271
-245
-190
-94
28
63
39
50
82
166
230
258
296
309
294
315
403
513
617
701
747
791
841
925
1052
1196
1344
1411
1433
1461
1493
1543
1627
1727
1787
1798
1729
1650
1616
1637
1677
1685
1627
1480
1331
1174
1101
1116
1084
1009
856
638
452
300
225
161
60
-55
-227
-423
-627
-758
-788
-796
-911
-1095
-1286
-1416
-1387
-1363
-1408
-1468
-1532
-1544
-1533
-1580
-1567
-1538
-1507
-1482
-1515
-1550
-1526
-1483
-1438
-1369
-1345
-1341
-1343
-1352
-1331
-1261
-1226
-1224
-1273
-1338
-1249
-1158
-1102
-1069
-1074
-1046
-1016
-970
-815
-660
-621
-597
-522
-378
-192
-53
95
272
471
596
691
865
1070
1282
1456
1574
1728
1849
1954
2079
2246
2378
2420
2391
2317
2355
2395
2376
2314
2203
2102
2013
1824
1681
1590
1495
1392
1211
989
796
624
505
418
250
107
-47
-201
-288
-359
-429
-494
-567
-681
-763
-792
-800
-760
-776
-787
-788
-845
-880
-887
-838
-779
-775
-836
-884
-905
-941
-961
-960
-954
-959
-1055
-1150
-1191
-1218
-1191
-1249
-1307
-1345
-1421
-1503
-1570
-1571
-1509
-1444
-1442
-1506
-1550
-1545
-1478
-1337
-1205
-1081
-1014
-989
-926
-775
-537
-322
-154
-5
131
286
449
665
923
1146
1337
1472
1517
1620
1772
1938
2088
2128
2151
2157
2152
2135
2153
2138
2156
2061
1839
1706
1664
1621
1533
1420
1253
1123
931
796
706
580
516
388
262
123
-65
-160
-142
-202
-297
-414
-529
-624
-675
-677
-651
-688
-765
-825
-842
-830
-847
-857
-882
-866
-882
-953
-1028
-1065
-1049
-1023
-1018
-1081
-1150
-1192
-1236
-1214
-1177
-1176
-1187
-1234
-1263
-1252
-1232
-1203
-1165
-1113
-1083
-1052
-1041
-996
-886
-772
-690
-637
-554
-419
-296
-169
-59
47
180
290
431
552
672
741
800
912
997
1096
1168
1204
1230
1246
1258
1266
1289
1306
1329
1308
1249
1182
1117
1127
1112
1132
1091
992
927
813
760
727
733
708
625
488
390
368
332
324
253
162
88
12
-93
-128
-157
-187
-217
-312
-403
-490
-522
-530
-563
-651
-691
-725
-769
-819
-898
-905
-897
-890
-928
-963
-1003
-1015
-984
-954
-923
-979
-1027
-983
-902
-844
-867
-921
-857
-753
-695
-668
-642
-598
-549
-473
-409
-325
-269
-244
-172
-88
-2
23
83
166
241
314
347
400
485
557
573
611
677
767
844
815
827
892
932
969
989
980
988
983
944
973
978
1001
987
958
916
857
787
739
720
723
703
597
492
402
314
264
232
189
92
-63
-197
-306
-379
-456
-502
-551
-661
-798
-910
-932
-941
-1003
-1069
-1088
-1120
-1156
-1204
-1198
-1129
-1096
-1103
-1065
-1027
-967
-918
-850
-757
-699
-658
-603
-495
-420
-389
-350
-298
-198
-123
-90
-27
37
95
134
165
213
270
324
346
355
373
388
456
539
554
552
574
655
749
747
717
744
834
952
1001
975
962
1005
1055
1115
1146
1158
1133
1079
1080
1105
1100
1075
1055
1052
1024
932
832
779
765
745
671
556
446
316
197
118
54
-34
-145
-329
-492
-605
-692
-721
-811
-927
-1059
-1204
-1242
-1272
-1315
-1368
-1448
-1464
-1439
-1428
-1439
-1428
-1373
-1315
-1260
-1228
-1183
-1110
-1037
-941
-854
-791
-693
-605
-512
-405
-343
-267
-180
-122
-45
19
64
132
200
211
245
270
317
404
449
481
522
585
627
665
699
762
846
900
914
948
995
1058
1118
1142
1163
1183
1191
1180
1205
1208
1201
1182
1152
1114
1044
999
946
903
853
754
632
526
414
342
271
145
-8
-130
-283
-416
-501
-578
-636
-718
-873
-1014
-1099
-1169
-1196
-1270
-1335
-1401
-1459
-1482
-1435
-1378
-1377
-1400
-1426
-1356
-1292
-1221
-1168
-1110
-1009
-952
-900
-820
-726
-595
-481
-395
-308
-267
-212
-122
-4
93
162
210
251
286
312
386
461
529
545
543
586
630
713
777
833
860
872
886
899
1007
1062
1087
1121
1110
1154
1193
1175
1226
1266
1266
1265
1215
1242
1231
1207
1170
1132
1113
1057
994
867
791
684
662
556
438
311
158
64
-61
-157
-308
-438
-575
-652
-765
-910
-1047
-1132
-1205
-1271
-1331
-1400
-1490
-1547
-1561
-1543
-1508
-1509
-1537
-1500
-1434
-1387
-1291
-1264
-1212
-1186
-1127
-1009
-890
-789
-723
-666
-619
-519
-429
-328
-242
-145
-71
-12
52
129
216
272
327
363
422
458
490
557
622
715
750
760
801
887
983
1048
1115
1155
1194
1237
1313
1374
1423
1467
1484
1492
1507
1534
1558
1578
1569
1560
1538
1506
1456
1423
1381
1304
1229
1117
1017
945
831
729
637
509
375
222
111
38
-60
-166
-291
-416
-500
-617
-702
-779
-842
-914
-1006
-1078
-1143
-1199
-1198
-1212
-1233
-1220
-1240
-1248
-1249
-1237
-1188
-1136
-1127
-1062
-1027
-1008
-1004
-972
-897
-816
-770
-775
-766
-736
-673
-630
-595
-578
-543
-499
-469
-459
-408
-368
-326
-250
-197
-165
-132
-53
36
131
211
251
298
381
448
560
682
727
777
836
938
1020
1090
1154
1232
1299
1324
1357
1378
1435
1486
1480
1436
1404
1415
1423
1371
1309
1269
1203
1158
1085
1001
930
850
786
717
599
501
422
322
257
179
99
-9
-121
-220
-261
-330
-398
-477
-570
-611
-693
-734
-785
-837
-876
-928
-982
-1019
-1038
-1056
-1091
-1145
-1152
-1161
-1203
-1245
-1268
-1260
-1262
-1261
-1276
-1265
-1276
-1287
-1256
-1272
-1205
-1159
-1142
-1137
-1114
-1057
-977
-917
-856
-743
-663
-555
-493
-410
-308
-178
-69
32
148
235
342
426
535
651
795
898
971
1045
1088
1156
1250
1308
1365
1429
1437
1473
1478
1484
1552
1571
1557
1521
1501
1465
1442
1405
1353
1343
1294
1240
1201
1151
1079
1031
962
887
842
746
657
609
537
454
379
296
199
119
40
-30
-106
-209
-299
-386
-464
-541
-635
-710
-815
-887
-958
-1052
-1115
-1145
-1180
-1251
-1293
-1353
-1402
-1412
-1429
-1441
-1430
-1422
-1432
-1417
-1395
-1339
-1289
-1256
-1194
-1133
-1087
-1015
-917
-808
-705
-632
-574
-455
-338
-219
-107
-24
72
140
247
340
409
507
576
670
742
781
852
923
981
1047
1095
1123
1154
1167
1194
1246
1274
1286
1289
1297
1297
1304
1300
1295
1308
1308
1285
1277
1260
1238
1224
1212
1198
1182
1122
1078
1036
958
926
858
802
725
620
526
435
362
283
184
83
-13
-133
-235
-311
-388
-476
-576
-681
-772
-842
-909
-965
-1036
-1103
-1144
-1183
-1221
-1236
-1247
-1243
-1247
-1280
-1279
-1244
-1203
-1162
-1113
-1076
-1023
-970
-927
-840
-755
-673
-622
-569
-475
-404
-333
-236
-174
-112
-33
1
87
176
207
300
336
376
442
476
544
612
638
686
714
740
788
832
900
921
945
968
959
983
994
1029
1057
1064
1067
1029
993
1003
1013
997
985
949
925
886
851
804
776
725
656
603
526
459
389
304
251
181
98
16
-76
-148
-214
-297
-353
-431
-508
-594
-664
-684
-742
-768
-819
-862
-906
-955
-988
-1003
-1027
-1032
-1038
-1074
-1078
-1074
-1055
-1019
-1006
-990
-984
-979
-938
-900
-849
-825
-792
-771
-745
-676
-626
-586
-527
-467
-420
-359
-308
-275
-193
-98
-39
13
57
125
198
272
337
397
465
522
560
603
665
720
762
839
860
870
893
923
971
985
1010
1023
1027
1010
986
968
977
956
931
910
850
828
786
725
682
643
585
519
451
381
331
299
229
158
94
16
-26
-100
-146
-194
-242
-296
-366
-417
-456
-499
-551
-572
-587
-660
-685
-685
-698
-704
-743
-782
-786
-781
-809
-809
-811
-826
-833
-844
-836
-833
-825
-786
-762
-744
-721
-681
-632
-603
-552
-489
-428
-374
-335
-280
-195
-120
-49
7
83
153
203
293
360
418
483
565
617
654
706
755
826
907
932
970
1014
1019
1046
1079
1093
1109
1085
1064
1070
1045
1013
974
975
951
898
835
767
717
697
635
589
522
449
395
307
242
214
157
70
11
-68
-120
-181
-234
-260
-294
-347
-415
-449
-473
-495
-540
-581
-616
-651
-682
-718
-728
-750
-760
-770
-781
-790
-798
-798
-767
-746
-748
-726
-741
-735
-693
-677
-631
-608
-565
-526
-467
-400
-351
-298
-245
-184
-132
-82
-25
53
137
228
291
364
410
440
486
533
591
658
693
720
751
767
808
841
872
912
910
916
904
888
890
872
881
851
822
802
743
704
680
640
594
546
477
414
356
306
259
196
149
97
37
-6
-63
-104
-144
-179
-243
-304
-341
-399
-420
-466
-501
-495
-559
-610
-648
-669
-693
-710
-726
-747
-748
-788
-803
-766
-742
-753
-753
-741
-691
-695
-692
-653
-628
-563
-546
-519
-463
-424
-387
-320
-260
-217
-174
-156
-85
-3
59
105
137
149
195
239
270
332
360
377
400
429
446
442
474
490
500
508
494
494
522
526
526
547
512
495
477
441
441
425
389
388
355
318
273
224
220
186
148
108
68
34
-4
-58
-89
-101
-134
-192
-241
-258
-300
-325
-370
-392
-410
-453
-464
-498
-523
-529
-541
-558
-568
-600
-602
-602
-597
-614
-625
-623
-635
-607
-604
-572
-548
-539
-514
-501
-453
-415
-372
-334
-279
-226
-186
-142
-84
-32
24
75
114
161
229
275
311
361
414
446
473
506
531
564
607
635
641
651
661
656
648
663
679
688
646
624
624
593
592
560
535
523
479
423
388
365
334
321
259
240
197
128
113
92
54
8
-44
-81
-115
-146
-159
-192
-207
-246
-290
-305
-330
-337
-383
-399
-406
-439
-443
-467
-475
-484
-494
-514
-524
-523
-544
-539
-525
-504
-508
-526
-527
-510
-491
-484
-456
-436
-414
-407
-382
-360
-331
-308
-295
-256
-229
-226
-199
-163
-104
-53
-27
0
22
50
101
142
160
188
227
262
286
318
351
396
420
448
460
462
460
480
510
534
542
523
545
543
529
517
542
536
536
527
499
491
475
461
447
451
413
365
335
330
316
301
252
230
200
147
119
97
77
33
0
-39
-47
-94
-143
-173
-197
-217
-252
-279
-303
-330
-373
-397
-420
-462
-499
-529
-550
-563
-579
-591
-610
-636
-637
-664
-669
-672
-701
-694
-691
-671
-674
-679
-680
-666
-631
-629
-610
-574
-558
-527
-492
-454
-390
-354
-320
-274
-215
-167
-128
-64
-9
38
93
142
192
241
268
301
347
389
418
453
479
493
516
553
565
579
564
568
581
583
579
570
595
585
554
556
547
529
541
527
506
494
439
409
395
343
295
281
219
190
152
81
43
-15
-98
-183
-301
-434
-636
-955
-1623
-3191
-3235
-1541
-1225
-2007
-1938
-1199
-1163
-1566
-1454
-1038
-1482
-669
694
-49
-962
-842
-664
-813
-994
-692
-418
-262
130
229
137
-723
-472
-29
-286
-919
-1033
-560
-426
-564
-777
-703
-1195
-677
-596
-734
-507
-806
-451
157
-45
-406
178
585
448
-41
200
523
61
134
453
644
899
941
882
798
741
743
920
1122
1412
1531
1727
1677
1316
1155
1036
1123
1247
1401
1346
1371
1318
1207
1069
835
1005
1121
1020
946
916
879
530
242
279
350
336
508
532
377
129
-126
-133
-51
48
164
198
88
-247
-535
-599
-681
-720
-646
-488
-509
-720
-961
-1195
-1268
-1178
-933
-693
-586
-723
-1004
-1224
-1312
-1222
-1027
-749
-563
-499
-659
-792
-774
-723
-623
-358
-47
109
98
17
-79
-86
36
283
569
690
647
555
437
398
480
647
913
1009
912
796
684
661
705
809
993
1041
936
781
677
583
521
633
783
778
680
588
489
480
472
487
599
654
642
532
447
379
271
240
258
234
176
28
-136
-178
-186
-259
-292
-266
-319
-422
-484
-515
-546
-584
-629
-586
-609
-689
-729
-744
-729
-700
-699
-736
-739
-826
-908
-916
-924
-876
-826
-788
-777
-749
-707
-712
-597
-416
-380
-338
-269
-245
-227
-269
-249
-194
-95
-135
-193
-279
-573
-639
-552
-306
44
277
317
127
-48
-62
-23
222
567
685
724
733
569
468
521
595
823
981
1153
1268
1078
936
902
1029
1163
1238
1340
1317
1127
938
826
886
970
949
922
822
736
576
367
254
229
222
239
170
45
-46
-218
-312
-350
-294
-265
-367
-493
-572
-653
-666
-643
-663
-665
-697
-761
-837
-902
-927
-943
-922
-916
-896
-878
-873
-851
-894
-954
-938
-863
-813
-792
-732
-722
-746
-753
-694
-612
-568
-537
-489
-438
-427
-349
-237
-142
-96
-65
-19
47
141
267
345
380
371
384
441
531
617
666
733
755
757
816
866
980
1008
1022
1024
901
871
853
822
839
876
885
896
877
864
810
758
750
753
756
698
675
635
566
482
387
343
323
286
247
160
34
-27
-68
-141
-274
-311
-339
-395
-491
-583
-595
-599
-646
-691
-705
-764
-744
-800
-871
-851
-841
-845
-857
-792
-797
-849
-838
-810
-772
-722
-662
-596
-577
-594
-588
-539
-435
-375
-313
-236
-182
-156
-108
-89
-34
25
47
74
121
148
141
197
246
273
320
376
398
431
477
518
583
647
699
753
775
768
752
745
735
723
748
776
800
780
753
710
642
623
615
651
700
707
594
475
416
381
370
373
370
309
223
120
55
20
-37
-80
-114
-177
-223
-272
-305
-286
-295
-363
-395
-383
-391
-402
-444
-456
-480
-533
-504
-476
-507
-522
-506
-488
-451
-427
-436
-422
-408
-399
-408
-417
-375
-323
-322
-348
-287
-257
-270
-250
-214
-207
-224
-168
-127
-61
-59
-59
-14
23
25
18
35
97
143
180
232
207
204
221
243
308
349
423
481
488
505
477
513
567
579
576
539
502
484
472
411
356
347
351
327
332
312
252
199
125
113
105
64
61
31
-1
-61
-90
-66
-88
-93
-98
-61
-68
-125
-139
-149
-190
-216
-274
-291
-264
-256
-283
-299
-317
-335
-290
-313
-295
-267
-274
-328
-362
-356
-374
-370
-381
-389
-380
-392
-414
-360
-302
-303
-283
-230
-180
-178
-175
-160
-114
-68
-23
-16
28
72
105
127
136
165
197
233
229
252
305
334
299
298
298
310
343
355
331
288
256
228
205
185
161
137
116
101
94
112
91
53
39
11
-8
-28
-34
-26
-57
-124
-156
-168
-168
-199
-196
-167
-195
-194
-191
-178
-168
-201
-193
-171
-170
-133
-123
-101
-95
-75
-22
-4
3
36
59
14
-13
15
19
18
26
29
13
-22
-14
-9
-20
-51
-46
-25
-47
-75
-76
-76
-71
-68
-57
-43
-65
-85
-119
-159
-177
-156
-152
-158
-155
-161
-152
-159
-128
-118
-90
-56
-31
16
37
44
72
87
78
76
78
92
69
102
121
116
151
180
214
237
229
257
297
312
340
346
329
291
281
263
267
249
252
275
283
248
188
213
199
167
201
210
204
164
133
120
70
20
12
19
-25
-71
-128
-180
-213
-246
-267
-264
-282
-315
-342
-380
-376
-386
-383
-379
-381
-399
-446
-454
-451
-441
-423
-433
-436
-400
-407
-382
-359
-319
-274
-285
-245
-205
-167
-168
-153
-77
-48
-27
27
92
145
157
175
210
242
274
312
341
358
365
365
355
342
341
356
376
373
356
343
324
294
304
306
299
310
292
281
266
225
207
205
232
230
195
174
123
124
118
90
74
52
35
-30
-55
-63
-50
-70
-128
-143
-120
-135
-172
-172
-193
-208
-244
-256
-257
-298
-354
-384
-388
-414
-447
-477
-465
-483
-505
-500
-490
-477
-491
-485
-481
-496
-496
-455
-431
-405
-374
-342
-306
-289
-273
-248
-194
-149
-100
-100
-64
-55
-65
-24
20
64
103
141
182
198
229
250
283
321
339
347
351
324
308
325
334
363
383
401
377
351
365
383
372
379
404
397
382
393
351
337
351
327
325
321
314
305
267
226
241
232
221
194
146
121
69
-12
-31
-51
-82
-132
-175
-212
-255
-325
-356
-356
-375
-410
-436
-431
-468
-519
-537
-554
-560
-578
-576
-569
-598
-576
-585
-587
-555
-516
-481
-452
-407
-412
-384
-346
-315
-285
-264
-232
-224
-205
-179
-126
-71
-14
51
71
103
148
173
226
272
307
324
338
363
390
398
381
385
424
448
472
482
475
459
435
441
457
441
448
437
419
415
402
416
418
378
365
370
363
324
291
256
204
169
126
114
93
38
-10
-37
-71
-110
-135
-147
-171
-210
-259
-290
-300
-352
-391
-386
-414
-436
-466
-461
-443
-475
-494
-484
-474
-475
-475
-492
-464
-469
-432
-434
-429
-366
-369
-359
-341
-297
-302
-307
-276
-250
-247
-237
-199
-144
-121
-150
-123
-90
-45
-41
2
61
88
126
153
199
214
258
293
338
386
407
429
457
476
487
511
527
565
580
584
568
559
554
577
573
557
541
514
460
416
380
368
349
298
262
220
177
124
54
-14
-32
-62
-113
-171
-203
-239
-260
-300
-319
-319
-332
-348
-366
-364
-375
-375
-384
-396
-394
-435
-436
-437
-448
-465
-480
-472
-487
-472
-494
-495
-500
-499
-494
-476
-474
-461
-430
-437
-426
-413
-395
-375
-321
-293
-277
-260
-219
-193
-164
-115
-65
-35
-33
1
75
99
141
212
258
298
316
347
394
443
482
497
497
515
513
525
554
555
550
555
545
553
540
502
532
523
512
505
472
479
459
430
412
382
358
348
302
277
239
201
143
112
99
65
16
-25
-55
-93
-151
-176
-188
-220
-265
-334
-346
-391
-426
-445
-488
-504
-529
-530
-555
-575
-591
-606
-611
-615
-629
-635
-622
-637
-609
-589
-583
-533
-496
-475
-427
-420
-406
-359
-329
-283
-247
-215
-156
-132
-125
-102
-40
-16
26
75
118
150
158
209
237
283
285
309
353
374
409
411
446
465
470
474
485
500
525
537
546
554
555
551
549
547
550
536
488
446
438
406
349
325
298
241
198
159
145
136
82
62
36
4
-35
-76
-78
-109
-159
-185
-225
-282
-325
-335
-337
-342
-354
-386
-395
-393
-414
-407
-401
-393
-394
-406
-374
-386
-388
-394
-360
-315
-330
-338
-309
-295
-303
-300
-259
-212
-216
-190
-182
-178
-164
-152
-138
-87
-63
-60
-29
-20
9
26
33
75
104
117
146
176
179
197
199
200
253
260
254
316
331
332
350
351
363
386
370
353
357
338
339
331
327
305
289
265
222
224
193
164
164
161
114
75
70
52
18
-15
-43
-38
-65
-105
-101
-119
-146
-156
-163
-189
-189
-195
-221
-217
-225
-243
-229
-263
-277
-293
-324
-324
-328
-328
-320
-333
-343
-347
-352
-347
-345
-349
-347
-357
-376
-393
-393
-362
-362
-362
-340
-343
-311
-288
-288
-232
-214
-169
-126
-91
-39
-26
5
10
30
66
103
149
187
185
185
214
214
243
232
239
269
257
255
233
227
211
213
203
207
165
162
161
115
111
111
87
64
64
44
44
23
11
12
-18
-24
-26
-38
-47
-71
-81
-104
-116
-122
-117
-116
-145
-131
-136
-150
-171
-178
-160
-170
-174
-166
-156
-161
-184
-181
-155
-168
-162
-156
-137
-140
-138
-146
-125
-82
-78
-67
-66
-21
-2
-3
2
39
41
49
78
103
90
82
88
95
96
90
110
128
126
113
100
90
99
101
81
89
109
83
105
107
91
93
87
101
104
93
89
99
75
72
67
73
84
78
67
68
66
55
66
65
75
68
73
68
71
72
61
54
62
71
46
60
50
18
6
2
-4
-7
-18
-3
-14
-48
-42
-60
-55
-46
-62
-87
-80
-81
-101
-108
-92
-81
-107
-105
-106
-87
-69
-79
-52
-61
-82
-41
-34
-47
-43
-55
-52
-47
-42
-32
-48
-44
-49
-48
-56
-68
-76
-76
-76
-78
-84
-56
-47
-51
-34
-36
-28
-16
-23
1
18
18
47
54
58
76
84
88
117
123
151
150
152
156
149
153
141
153
165
158
143
145
135
130
144
150
167
164
149
148
145
120
101
119
107
97
91
82
75
83
69
43
42
32
31
23
18
41
28
13
42
33
30
41
10
30
34
-3
10
-22
-8
-22
-38
-26
-30
-29
-49
-71
-77
-91
-98
-99
-109
-99
-97
-122
-125
-127
-129
-136
-135
-123
-115
-122
-126
-99
-96
-76
-60
-68
-40
-36
-24
0
-21
-10
10
-16
1
-8
-8
30
28
30
50
52
67
100
97
148
161
166
178
176
194
206
217
240
239
225
229
243
224
233
244
222
222
199
182
190
156
153
131
108
100
85
82
84
60
61
39
38
41
24
30
12
36
15
4
2
-15
-28
-45
-44
-48
-64
-61
-60
-79
-70
-71
-88
-71
-77
-82
-81
-85
-82
-99
-107
-84
-95
-103
-123
-125
-116
-144
-121
-123
-113
-117
-114
-95
-95
-81
-64
-45
-39
-16
1
10
30
50
68
68
85
120
130
153
177
180
207
216
231
247
255
248
273
288
283
296
285
277
292
273
267
261
245
245
224
217
218
199
199
193
181
180
161
165
148
142
118
88
89
52
34
43
36
40
37
10
2
-17
-35
-48
-66
-69
-103
-129
-126
-141
-144
-166
-175
-187
-197
-187
-191
-195
-185
-176
-188
-169
-167
-173
-162
-164
-153
-128
-111
-102
-80
-50
-52
-18
-4
17
60
73
107
130
156
163
184
199
201
222
224
241
258
270
291
291
327
335
330
339
348
350
356
355
353
352
336
353
349
331
345
325
317
311
269
285
282
252
252
248
213
218
201
172
178
157
152
126
107
83
72
54
42
34
-8
-38
-40
-73
-112
-116
-138
-163
-171
-197
-202
-227
-223
-232
-245
-226
-230
-221
-219
-198
-193
-167
-174
-184
-165
-166
-148
-129
-128
-114
-93
-82
-48
-50
-51
-45
-32
2
6
22
39
34
50
67
95
108
121
128
136
156
166
183
207
206
219
207
204
224
233
241
223
236
235
229
254
250
266
246
235
251
235
249
259
259
247
234
219
211
207
192
187
165
160
154
133
118
84
55
62
18
7
6
-37
-42
-96
-112
-129
-185
-187
-204
-237
-252
-290
-285
-308
-337
-341
-350
-356
-358
-384
-405
-388
-413
-418
-416
-408
-408
-424
-400
-400
-402
-373
-364
-326
-289
-288
-264
-254
-227
-182
-175
-143
-119
-99
-41
-44
6
36
59
87
97
133
166
190
208
234
254
282
308
334
332
344
367
354
380
395
401
422
428
440
451
441
446
439
433
446
406
419
423
401
402
371
356
329
315
307
274
258
242
226
200
176
143
136
113
94
53
29
5
-30
-36
-85
-123
-155
-180
-186
-215
-242
-237
-273
-288
-293
-304
-308
-326
-330
-333
-355
-356
-355
-361
-380
-382
-381
-357
-345
-335
-324
-315
-295
-296
-256
-230
-209
-180
-182
-164
-132
-114
-84
-46
-48
-26
-1
11
42
57
78
111
143
160
182
175
191
210
201
232
240
247
288
295
307
311
312
316
313
302
300
302
309
322
314
320
322
317
322
307
282
264
258
259
243
215
216
201
191
172
137
113
101
83
41
21
1
-26
-40
-81
-106
-126
-161
-190
-206
-233
-245
-268
-286
-299
-327
-326
-333
-324
-343
-344
-343
-359
-350
-352
-342
-341
-322
-321
-328
-297
-292
-273
-241
-236
-219
-182
-156
-121
-93
-78
-47
-30
0
35
60
98
137
161
183
203
232
254
273
292
313
343
346
379
395
396
410
407
412
388
390
407
389
379
366
347
363
343
340
321
287
269
249
210
201
177
153
141
111
91
71
51
27
15
-5
-15
-50
-60
-89
-127
-127
-148
-168
-182
-222
-227
-230
-253
-259
-293
-327
-335
-343
-369
-383
-380
-394
-419
-420
-416
-426
-403
-384
-374
-348
-332
-327
-304
-298
-291
-261
-237
-239
-229
-234
-215
-183
-170
-135
-117
-115
-90
-67
-39
-20
-29
-7
6
6
21
55
74
86
99
127
141
147
151
161
183
175
184
189
177
183
201
216
232
232
216
228
215
214
216
194
191
186
169
169
165
155
155
127
114
108
90
83
74
50
55
34
11
-5
-14
-33
-47
-69
-63
-69
-87
-97
-92
-94
-107
-124
-126
-148
-159
-162
-167
-165
-170
-160
-160
-156
-153
-148
-166
-160
-155
-146
-135
-141
-121
-113
-120
-99
-65
-78
-58
-53
-65
-49
-48
-39
-34
-28
-10
15
16
22
17
24
41
48
44
56
65
42
61
66
66
86
71
80
93
87
104
100
84
117
112
102
116
118
94
121
110
97
115
98
85
74
72
63
68
59
49
48
33
35
48
37
41
56
45
33
46
34
41
20
1
-2
3
-29
-40
-28
-61
-32
-60
-72
-60
-62
-76
-72
-84
-82
-102
-117
-103
-135
-117
-127
-158
-132
-139
-154
-149
-157
-161
-156
-167
-148
-139
-162
-144
-147
-140
-123
-138
-108
-106
-112
-100
-80
-60
-51
-38
-22
-25
4
12
18
37
51
70
86
112
112
131
136
160
172
182
208
225
221
210
217
224
232
246
246
243
253
247
261
262
283
283
284
289
281
285
272
259
244
237
215
226
223
218
212
183
163
144
123
103
98
84
50
63
38
4
-1
-38
-46
-45
-90
-92
-97
-104
-106
-145
-137
-156
-158
-162
-191
-177
-189
-201
-207
-208
-211
-212
-207
-202
-205
-227
-209
-204
-195
-201
-181
-173
-163
-153
-166
-171
-145
-139
-140
-106
-130
-106
-111
-114
-101
-111
-104
-84
-88
-90
-89
-94
-78
-89
-89
-94
-93
-82
-76
-76
-86
-69
-72
-59
-51
-49
-38
-32
-6
-14
-21
-7
6
3
28
8
-13
-1
-33
-38
-28
-46
-65
-69
-87
-98
-91
-117
-124
-125
-128
-135
-139
-156
-163
-148
-180
-183
-176
-202
-222
-218
-247
-250
-258
-251
-237
-229
-237
-259
-229
-223
-216
-208
-202
-199
-189
-179
-185
-167
-159
-139
-141
-129
-115
-94
-63
-72
-49
-25
-22
8
18
40
52
53
70
89
95
111
125
128
128
154
149
152
169
170
186
184
184
212
190
176
196
169
156
150
150
155
145
113
117
109
100
89
70
67
57
41
39
23
2
9
-1
-15
5
-8
-10
-6
-28
-41
-39
-58
-75
-85
-106
-71
-110
-121
-116
-153
-153
-167
-189
-203
-204
-217
-205
-212
-216
-210
-216
-217
-188
-202
-200
-188
-165
-160
-147
-149
-163
-152
-144
-140
-123
-96
-110
-119
-88
-67
-54
-45
-57
-31
-13
-30
-12
-4
-2
5
35
16
18
33
17
17
29
21
20
17
9
12
29
34
47
73
70
76
84
75
85
73
60
50
57
46
27
11
-3
-3
-8
-15
-29
-45
-68
-40
-54
-69
-78
-112
-128
-133
-153
-162
-170
-193
-179
-176
-185
-198
-206
-169
-186
-176
-177
-196
-181
-176
-192
-175
-170
-177
-163
-178
-171
-171
-159
-162
-160
-151
-145
-145
-136
-123
-115
-110
-100
-90
-86
-89
-87
-79
-92
-86
-66
-56
-46
-23
-20
-11
12
12
28
52
59
71
87
86
94
76
81
86
100
112
112
127
128
122
138
120
111
122
113
108
120
116
110
92
79
99
80
61
57
49
21
25
22
12
3
-24
-27
-67
-72
-72
-94
-99
-123
-123
-152
-167
-162
-191
-192
-197
-217
-243
-250
-263
-243
-262
-270
-257
-287
-261
-281
-277
-263
-279
-293
-281
-280
-283
-273
-268
-283
-258
-256
-263
-237
-235
-231
-222
-194
-178
-173
-177
-164
-161
-116
-116
-118
-77
-57
-32
-36
-17
-5
-3
40
45
73
85
100
122
144
157
157
156
160
181
173
175
185
197
204
209
214
235
261
257
254
264
249
244
247
215
218
201
177
181
153
143
161
125
129
132
119
110
79
68
43
24
26
-8
-19
-55
-74
-88
-119
-120
-140
-155
-169
-172
-181
-194
-206
-207
-200
-200
-213
-206
-214
-227
-229
-227
-221
-233
-242
-210
-206
-206
-202
-180
-159
-166
-134
-101
-85
-76
-49
-42
-5
9
23
35
47
80
107
129
146
172
170
195
211
192
226
220
230
236
236
252
257
270
254
269
253
258
249
226
211
200
203
190
185
182
173
165
158
136
139
118
82
76
28
12
9
-23
-27
-56
-80
-78
-95
-120
-145
-149
-160
-155
-187
-189
-184
-214
-222
-218
-236
-209
-236
-235
-207
-219
-221
-243
-231
-236
-233
-269
-257
-240
-232
-212
-195
-169
-189
-177
-183
-166
-177
-189
-172
-169
-133
-114
-88
-82
-51
-40
-33
2
18
23
45
78
63
87
109
112
141
146
159
183
191
186
209
210
212
224
215
231
234
225
224
236
219
225
214
213
211
200
206
213
205
170
181
165
146
134
116
101
117
104
82
106
79
82
66
47
47
37
62
48
16
10
14
5
-8
-16
-28
-31
-60
-39
-48
-44
-59
-73
-83
-37
60
45
30
3
-10
-25
-21
19
8
37
18
31
101
73
49
4
6
42
76
66
70
105
110
120
150
142
152
156
128
162
176
193
192
202
182
159
151
139
151
151
137
158
153
153
161
143
101
70
62
60
58
39
15
20
21
23
28
12
14
16
16
22
32
32
43
50
39
55
44
28
41
34
34
33
33
50
39
43
46
32
64
54
58
63
33
54
74
74
52
53
62
59
52
40
46
55
51
52
75
61
63
56
43
28
3
-1
-7
-4
-39
-38
-38
-53
-53
-68
-77
-70
-76
-91
-87
-83
-101
-100
-93
-70
-79
-79
-73
-87
-74
-61
-67
-37
-21
-14
4
5
5
11
22
30
44
41
46
58
72
74
71
61
76
88
100
100
92
76
85
100
111
113
103
103
103
104
111
114
103
96
88
83
81
82
75
47
65
67
50
44
57
57
41
28
22
11
-16
-28
-18
-33
-18
-24
-25
-1
-25
-34
-43
-38
-30
-58
-58
-64
-85
-99
-112
-129
-126
-139
-134
-138
-154
-161
-180
-166
-176
-178
-180
-194
-196
-200
-199
-199
-214
-207
-200
-208
-192
-192
-178
-193
-204
-186
-177
-169
-163
-142
-124
-112
-98
-80
-72
-72
-65
-39
-16
-6
19
33
30
50
66
64
94
92
91
116
126
130
133
133
133
132
138
123
141
144
108
111
116
114
117
103
99
111
95
89
95
75
86
65
58
59
46
63
57
51
46
62
45
25
18
0
5
-14
-15
-23
-29
-41
-40
-53
-69
-75
-86
-85
-90
-85
-80
-90
-82
-73
-66
-77
-81
-75
-75
-59
-62
-64
-36
-43
-52
-33
-40
-30
-24
-27
-11
3
-4
-17
23
36
19
-8
-17
0
10
-5
12
36
15
33
35
29
29
14
29
44
50
48
56
47
32
47
22
30
34
42
35
33
41
55
52
28
29
11
1
12
17
7
5
3
-2
-3
0
-20
-21
-16
-21
2
-17
-20
7
6
-8
-30
-48
-27
-29
-55
-47
-43
-43
-28
-24
-37
-25
-36
-42
-8
-18
-41
-32
-36
-39
-36
-52
-42
-20
-18
-32
-43
-40
-35
-34
-29
-35
13
-21
-31
-9
-1
10
29
25
31
44
46
58
63
79
86
93
96
117
132
125
138
136
149
168
156
167
179
172
187
215
199
195
193
170
180
174
162
166
151
138
136
136
135
130
108
102
89
89
77
70
77
34
45
27
4
0
-10
-11
-11
-16
-25
-25
-13
-24
-41
-40
-45
-54
-61
-70
-71
-73
-96
-96
-89
-98
-93
-100
-100
-117
-111
-116
-123
-132
-134
-130
-141
-122
-136
-127
-134
-126
-116
-125
-129
-125
-100
-105
-95
-86
-63
-46
-34
-35
-31
-7
-30
-6
10
12
4
-1
6
32
21
15
41
49
58
50
44
41
68
70
61
74
64
62
68
71
64
66
32
28
26
31
33
28
34
3
27
40
23
11
12
-6
-11
-2
-22
-11
-24
-31
-38
-59
-55
-47
-60
-72
-68
-86
-103
-90
-105
-112
-100
-128
-110
-126
-128
-138
-140
-122
-137
-143
-137
-131
-115
-120
-114
-94
-100
-101
-82
-82
-80
-69
-64
-54
-58
-32
-26
-9
10
30
43
52
74
96
100
106
121
135
141
134
142
148
155
171
173
188
191
181
165
172
173
178
168
163
165
156
152
137
140
125
102
107
116
91
85
78
50
66
42
18
20
-14
-14
-6
-35
-67
-56
-77
-88
-83
-114
-124
-121
-152
-152
-140
-159
-169
-157
-191
-191
-195
-207
-203
-210
-200
-210
-209
-210
-198
-203
-195
-193
-179
-150
-163
-177
-147
-145
-131
-107
-107
-87
-76
-70
-56
-45
-43
-38
-43
-17
-23
-3
8
4
13
14
18
21
19
29
34
23
39
47
46
60
54
53
69
69
76
104
97
85
99
102
79
77
76
70
75
73
60
75
72
53
48
52
41
13
18
8
5
-28
-13
-25
-30
-42
-72
-78
-70
-91
-114
-91
-115
-99
-123
-137
-134
-143
-150
-155
-141
-169
-153
-168
-176
-183
-192
-188
-184
-156
-164
-166
-157
-149
-143
-135
-134
-127
-106
-115
-100
-96
-88
-86
-62
-60
-47
-47
-50
-20
-27
-18
-10
-14
-9
16
6
10
32
24
51
50
59
71
73
89
93
96
115
119
120
129
123
130
136
140
130
131
121
116
106
93
78
70
68
76
44
25
32
28
-9
-5
-18
-38
-23
-67
-66
-53
-90
-89
-83
-132
-134
-138
-139
-143
-159
-166
-167
-165
-194
-204
-193
-193
-195
-208
-211
-221
-218
-215
-191
-192
-188
-162
-168
-148
-153
-156
-140
-138
-129
-117
-145
-121
-105
-122
-100
-89
-76
-61
-47
-49
-38
-43
-58
-38
-34
-35
-5
5
5
21
17
26
32
47
52
63
68
76
89
86
88
95
95
84
107
92
92
114
122
110
128
126
136
167
145
138
144
128
126
135
122
116
93
65
88
73
67
80
75
46
34
15
2
-10
-16
-5
-25
-29
-35
-49
-52
-80
-84
-72
-84
-92
-95
-94
-100
-96
-112
-126
-109
