-22
-7
3
-5
-15
-19
-39
-46
-17
2
28
57
50
53
36
30
32
39
38
44
80
102
104
82
82
107
105
120
132
111
107
104
111
121
114
98
97
99
99
118
106
55
23
15
29
37
36
37
32
38
13
-21
-21
-21
-10
14
4
3
-9
-16
-12
-28
-48
-55
-31
-17
-15
-23
-38
-42
-60
-73
-87
-85
-75
-84
-80
-87
-106
-120
-128
-111
-91
-96
-110
-105
-114
-102
-101
-114
-116
-134
-120
-68
-54
-58
-58
-41
-56
-67
-77
-101
-74
-68
-56
-45
-20
22
60
53
31
23
41
57
67
84
102
118
119
99
85
75
58
79
55
67
112
122
139
135
94
79
53
30
67
66
91
119
84
76
46
12
1
-5
-29
-12
-7
-12
2
-9
-41
-64
-68
-79
-69
-74
-85
-85
-84
-72
-67
-89
-124
-147
-124
-118
-111
-118
-172
-166
-163
-161
-153
-159
-182
-163
-172
-180
-182
-183
-177
-163
-142
-161
-144
-161
-147
-116
-108
-72
-48
-19
23
16
21
38
31
45
49
45
58
88
67
72
101
85
88
53
36
71
76
93
125
103
50
33
-10
-27
-40
-12
-9
-25
-30
-49
-53
-65
-88
-96
-89
-88
-96
-102
-94
-97
-95
-101
-116
-116
-122
-130
-123
-88
-78
-61
-64
-84
-59
-43
-53
-56
-55
-64
-44
-63
-61
-23
1
13
9
3
-24
-14
-10
-15
13
11
14
34
5
-12
-36
-79
-73
-70
-68
-54
-55
-46
-34
-17
-22
-16
-52
-47
-21
-10
12
-5
-27
-47
-46
-58
-64
-52
-64
-33
-4
-5
16
23
22
24
12
13
7
3
22
58
81
50
55
46
28
34
19
7
8
-3
17
57
40
35
13
-5
3
2
11
34
45
44
33
19
-13
-13
-22
-21
-25
-43
-52
-45
-60
-59
-60
-77
-87
-100
-107
-118
-112
-137
-148
-160
-200
-203
-200
-197
-186
-196
-210
-217
-201
-191
-187
-198
-212
-234
-225
-233
-230
-228
-251
-256
-274
-264
-265
-279
-263
-233
-242
-236
-235
-247
-252
-241
-249
-258
-265
-259
-244
-248
-240
-249
-228
-213
-194
-198
-208
-185
-194
-194
-181
-197
-191
-168
-174
-176
-150
-156
-143
-138
-130
-125
-131
-134
-111
-55
-58
-75
-63
-61
-94
-63
-66
-56
-54
-67
-68
-61
-25
-34
-31
3
6
31
35
28
36
5
2
23
-13
1
5
1
36
37
46
27
21
25
50
42
34
39
52
62
66
52
27
48
65
70
63
49
48
53
53
40
30
11
-13
-40
-47
-50
-71
-83
-97
-74
-51
-48
-42
-80
-79
-51
-52
-50
-53
-78
-69
-46
-35
-11
-40
-64
-60
-48
-40
-24
-43
-41
-47
-46
-17
-35
-24
-7
-9
14
12
6
34
10
4
-5
-21
-25
-6
6
4
17
8
13
20
5
-1
4
-17
-36
-41
-65
-72
-63
-88
-99
-113
-119
-123
-118
-129
-144
-124
-124
-137
-126
-121
-125
-127
-147
-143
-157
-163
-155
-154
-156
-180
-196
-192
-166
-154
-144
-130
-126
-113
-119
-113
-138
-144
-124
-118
-93
-88
-89
-99
-95
-76
-65
-57
-60
-50
-31
-35
-30
-41
-26
-19
-14
-22
-28
-10
-1
-2
6
5
-12
-6
1
2
2
-1
-37
-30
-22
-31
-28
-9
-11
-9
0
-4
-17
-15
-18
-23
-29
-41
-37
-56
-72
-96
-114
-111
-96
-89
-91
-83
-84
-63
-56
-81
-94
-75
-62
-55
-46
-52
-55
-72
-83
-80
-88
-84
-56
-47
-40
-42
-33
-46
-33
-28
-35
-22
-26
-11
-9
-16
-11
8
8
5
29
41
47
53
72
72
56
39
43
56
68
56
72
70
39
37
21
28
9
0
-7
-18
-9
1
27
32
14
7
16
19
29
25
20
19
26
49
34
21
12
20
12
19
23
12
38
35
38
57
68
74
88
78
74
93
72
73
73
74
81
60
43
51
41
33
51
33
13
-19
-24
-11
4
7
-12
-14
-26
-39
-39
-53
-65
-53
-46
-58
-69
-57
-65
-66
-70
-80
-71
-61
-59
-53
-46
-71
-62
-47
-67
-50
-52
-53
-36
-25
-29
-37
-42
-47
-25
-41
-39
-31
-56
-21
-42
-41
-49
-59
-52
-66
-64
-73
-86
-72
-64
-58
-38
-52
-31
-31
-42
-22
-34
-23
-24
-41
-14
-23
-33
-37
-11
-16
-26
-19
-14
-10
-16
-23
-30
-28
-44
-37
-39
-43
-39
-50
-30
-32
-39
-18
-16
2
2
-8
0
24
27
58
37
35
39
44
60
45
50
25
25
22
23
43
63
84
83
76
86
93
79
87
77
71
66
82
66
57
96
92
108
121
126
141
141
141
155
174
151
165
163
162
180
157
174
160
141
133
138
146
123
137
128
113
128
116
129
114
98
89
73
68
64
56
52
49
26
28
12
25
30
30
33
39
35
42
58
46
57
9
2
-2
-6
7
4
15
5
19
29
46
37
39
31
28
28
9
-12
-15
-29
-49
-47
-42
-34
-43
-44
-57
-76
-77
-71
-76
-48
-28
-26
-17
-21
-18
-22
-18
-15
-21
0
-19
-20
-12
-21
-11
-30
-10
-3
8
17
44
70
59
67
54
90
109
99
95
115
112
113
120
116
124
133
122
120
109
108
137
145
154
159
158
168
173
175
202
183
182
175
192
211
201
226
225
223
227
209
211
206
206
212
224
233
225
178
173
144
134
153
145
125
131
139
138
154
129
124
121
119
113
113
105
97
83
93
76
58
53
54
51
49
39
32
45
28
55
43
53
58
55
72
68
66
69
74
85
82
78
87
77
61
56
61
69
75
77
57
54
73
52
63
70
38
46
61
60
64
76
76
77
94
101
86
96
84
86
88
82
90
68
67
83
72
93
111
90
117
108
124
141
145
150
112
107
109
100
122
125
127
142
123
130
121
117
126
122
135
134
140
120
116
129
138
141
135
117
133
127
115
94
93
117
124
118
117
109
98
112
92
88
87
74
78
77
98
89
94
90
88
125
118
128
117
106
117
101
105
122
116
122
131
138
128
146
151
146
168
160
144
145
150
167
180
173
175
164
159
172
180
170
172
197
159
177
192
177
174
176
166
169
183
167
162
145
152
146
151
143
128
116
118
101
109
105
88
100
77
72
66
48
39
48
30
32
36
17
24
13
9
10
-1
-16
-3
18
-6
10
-2
-31
-15
-27
-55
-49
-44
-50
-52
-33
-32
-34
-27
-37
-31
-19
-10
-13
-9
-14
-2
4
39
47
60
73
73
92
104
114
126
125
134
149
134
153
162
175
194
181
190
207
192
213
227
231
221
237
216
198
221
210
204
208
204
213
206
204
196
168
183
183
187
192
171
182
179
178
185
163
166
174
169
170
146
144
135
131
144
121
109
91
86
73
70
55
40
27
3
-7
-10
-20
-27
-32
-35
-33
-43
-31
-28
-25
-20
-35
-32
-23
-18
-8
-9
-11
12
5
-5
-7
-4
-6
13
33
43
59
76
83
92
87
95
105
92
76
79
79
72
82
77
79
85
101
118
114
120
121
132
117
99
123
109
96
102
81
68
65
64
63
61
50
61
72
58
43
62
56
49
38
47
44
17
26
36
23
15
23
1
-21
-24
-14
-5
-3
-8
-9
-9
-1
-14
-6
5
-9
0
15
21
14
1
-6
5
16
23
12
19
12
3
36
31
28
24
7
33
26
25
21
9
24
23
22
23
26
29
19
38
40
53
42
28
55
52
47
58
47
28
56
62
57
55
43
46
50
28
16
34
12
30
37
29
36
43
53
38
34
35
37
49
49
53
62
51
50
44
31
18
-1
16
15
-14
5
10
5
17
9
25
7
-6
-11
-16
-9
-28
-25
-23
-3
2
-10
0
-14
-17
-7
-10
-31
-15
-20
-4
-9
-16
-5
-38
-48
-33
-51
-60
-60
-71
-53
-60
-47
-55
-47
-51
-57
-35
-43
-27
-10
-7
-45
-53
-55
-48
-44
-57
-49
-55
-64
-75
-69
-77
-90
-75
-68
-73
-83
-74
-63
-85
-74
-60
-51
-52
-61
-45
-14
-8
-14
-47
-49
-20
-33
-19
-9
-10
-23
-46
-48
-49
-16
-3
-8
3
-14
-23
-5
-6
-17
-26
25
-1
-32
-56
-39
37
15
18
-11
-16
-56
-67
-27
-7
8
-42
-81
-98
-119
-75
-48
-52
-66
-58
-57
-28
-61
-87
-83
-90
-72
-126
-35
-1
-31
-2
3
-35
-45
-32
-58
-43
-7
-42
-10
-12
-12
-6
-12
37
52
24
28
35
26
42
65
92
62
64
87
86
131
140
119
114
80
69
103
105
74
75
89
49
72
75
70
85
90
88
89
94
87
115
132
128
136
167
162
152
139
145
144
144
164
163
151
138
143
152
138
138
105
92
71
59
31
11
2
-13
-28
-33
-19
-19
-30
-78
-68
-63
-66
-69
-63
-50
-42
-52
-51
-72
-58
-39
-44
-44
-42
-2
-10
-60
-58
-37
-25
-33
-84
-39
-57
-48
-68
-44
-30
-27
2
-42
-23
-31
-13
12
-19
-42
-22
0
-45
-20
6
4
-5
-44
-25
-44
-45
-75
-57
-6
-35
-35
-54
-73
-96
-84
-27
-14
-7
-18
-51
-68
-54
-47
-83
-80
-68
-110
-98
-103
-114
-92
-132
-130
-114
-148
-137
-152
-121
-134
-135
-141
-161
-149
-196
-189
-178
-189
-187
-181
-181
-166
-157
-171
-152
-154
-162
-137
-160
-182
-157
-150
-170
-180
-159
-180
-148
-146
-140
-109
-141
-128
-129
-122
-136
-108
-92
-97
-65
-67
-46
-59
-62
-42
-52
-53
-52
-27
-65
-58
-38
-27
-12
-31
1
-12
-11
-33
-29
-21
-23
-27
-46
-33
-21
-10
-11
-8
-28
-25
-21
-24
-52
-28
-27
-37
-27
-35
-37
-20
-15
-15
-42
-11
-39
-44
-29
-64
-65
-69
-71
-59
-77
-84
-58
-65
-66
-61
-54
-59
-63
-80
-99
-76
-71
-90
-67
-61
-55
-54
-61
-71
-60
-71
-81
-73
-85
-74
-73
-89
-71
-84
-71
-85
-105
-99
-87
-85
-72
-55
-75
-74
-70
-95
-106
-74
-95
-82
-66
-68
-56
-56
-58
-40
-40
-48
-39
-49
-59
-64
-32
-33
-48
-28
-11
-3
21
27
19
45
48
37
61
44
29
44
40
66
71
85
96
73
88
74
70
66
44
78
65
43
43
47
53
21
37
59
65
54
9
51
16
-11
22
-14
20
-4
-17
16
1
-25
1
-7
-3
-17
-19
22
3
-29
-18
6
-27
-23
-37
-38
-39
-48
-43
-42
-42
-58
-42
-27
-29
-4
-30
-54
-30
-35
-16
-15
0
-16
-39
-41
-44
-11
-18
-26
-32
-37
-29
-27
-32
-21
-34
-44
-23
-36
-17
-25
-11
1
-23
-4
-23
-37
-51
-22
-19
-27
-10
-29
-18
-29
-47
-32
-24
-25
-26
-23
-36
-56
-48
-50
-46
-35
-22
-42
-39
-41
-57
-38
-56
-61
-58
-73
-84
-73
-80
-88
-94
-101
-100
-113
-117
-141
-159
-161
-167
-162
-156
-182
-167
-170
-195
-190
-185
-177
-198
-195
-190
-185
-182
-164
-146
-155
-170
-140
-160
-139
-148
-145
-130
-154
-136
-141
-131
-142
-141
-103
-134
-132
-104
-137
-118
-118
-119
-84
-88
-96
-84
-74
-66
-55
-52
-42
-28
-28
-26
-18
-6
-11
-1
6
1
21
8
4
37
65
62
70
74
47
59
63
67
91
70
76
61
76
67
51
57
53
63
32
52
48
55
48
42
35
23
13
24
20
1
5
-9
-7
-22
-28
-25
-26
-42
-59
-47
-58
-71
-69
-74
-69
-63
-51
-45
-40
-55
-63
-58
-49
-87
-101
-97
-107
-116
-107
-108
-108
-97
-85
-72
-81
-67
-70
-51
-52
-51
-39
-39
-46
-50
-22
-20
-26
-14
-1
14
-6
-8
-13
-11
3
1
13
17
2
-1
-6
-9
-17
-13
1
-10
-8
1
-4
-14
-3
1
6
6
-2
9
9
-3
6
-12
1
18
-10
7
0
-12
-2
-16
-24
-21
-4
-21
-40
-31
-36
-47
-49
-50
-58
-55
-58
-50
-52
-40
-42
-46
-48
-69
-55
-60
-67
-59
-42
-46
-61
-56
-45
-36
-34
-30
-38
-14
-17
-28
-5
-13
-29
-34
-9
-18
12
-17
-17
-12
-23
-16
-10
-18
-18
-19
-10
-3
-25
-11
-27
-28
-55
-34
-20
-31
-19
-26
-22
-13
-23
-37
-21
-21
3
5
8
21
36
37
31
46
55
68
53
25
39
24
19
28
26
19
21
14
4
21
5
-3
-21
-26
-23
-38
-32
-35
-38
-31
-54
-63
-61
-45
-46
-64
-80
-72
-63
-76
-78
-82
-64
-93
-106
-113
-120
-113
-128
-120
-117
-132
-135
-109
-122
-132
-103
-94
-110
-86
-84
-92
-94
-93
-86
-72
-79
-81
-80
-74
-58
-58
-65
-54
-48
-61
-72
-68
-68
-49
-33
-9
-8
-32
-32
-35
-15
-5
-7
-9
24
35
8
27
4
2
24
-5
-3
18
3
-3
1
-30
-2
-22
-17
-16
-28
-10
-19
5
-34
-16
-13
-12
-30
-20
4
-13
-4
11
-12
-4
3
-7
25
-17
-16
0
-20
-26
-9
-28
-9
-4
-17
-10
-9
-2
3
13
-12
-4
-6
-12
10
-21
-36
-12
-26
-23
-11
-11
-1
5
-14
-9
0
13
21
12
22
8
13
-1
-7
9
10
23
29
39
47
52
62
49
54
58
68
90
77
96
95
76
92
68
64
79
75
83
77
69
68
70
77
84
67
80
57
66
101
80
84
83
72
85
81
65
34
59
69
53
70
45
33
56
12
3
45
12
28
30
21
33
25
21
20
16
10
20
-1
-7
-14
-15
-21
-27
-28
-26
-19
-29
-40
-51
-62
-78
-85
-66
-71
-84
-77
-120
-100
-95
-108
-99
-90
-80
-97
-87
-76
-55
-74
-70
-68
-80
-58
-48
-36
-25
-12
-20
-26
-21
-11
26
19
18
21
20
10
-6
10
30
26
16
22
32
42
25
21
23
10
14
8
-20
-19
-26
-24
-22
-11
-18
-3
-14
-50
-10
4
3
8
-41
-37
-28
-31
-24
-34
-43
-33
-52
-62
-43
-58
-27
-23
-36
-22
-34
-14
-5
-38
-12
12
-19
-6
24
31
58
34
48
57
36
12
31
33
25
36
55
68
73
95
86
71
78
83
79
85
81
86
88
98
111
102
92
97
97
89
78
93
122
102
130
138
167
173
151
148
98
80
94
86
78
73
81
100
125
103
122
94
107
96
89
91
95
110
96
106
109
112
94
84
40
43
33
8
20
45
47
53
73
85
93
71
49
65
44
35
49
22
19
2
-22
3
-12
8
29
7
19
53
58
70
69
66
83
85
22
-12
-17
-22
-6
-14
-5
8
16
-4
-8
29
31
28
29
21
30
40
36
45
49
57
56
37
16
12
46
70
83
100
118
127
133
157
180
189
159
115
137
131
125
103
105
82
69
108
88
75
98
93
95
76
66
85
111
74
79
59
55
86
99
109
123
113
62
76
97
88
63
58
54
29
42
1
-25
-29
-39
-22
-46
-43
-22
30
50
22
-56
-71
-41
-66
-71
-43
-16
-11
-28
4
-2
29
69
41
51
1
23
61
57
37
33
33
41
53
15
-2
-39
-11
16
16
39
42
83
87
116
102
68
68
115
118
138
154
92
84
85
91
95
51
67
65
65
53
56
139
68
55
44
65
112
98
57
16
-15
-38
-17
-98
-95
-52
-22
10
22
82
83
72
54
33
-10
-33
-13
-41
-38
-72
-55
-53
-90
-84
-94
-29
-60
-47
-51
-85
-64
-61
-46
-54
-49
-8
18
22
-1
6
14
6
15
-10
-23
-48
-57
-26
-5
-14
-4
23
23
10
-54
-85
-66
-59
-54
-39
2
47
72
51
61
65
83
88
77
47
62
56
38
76
21
22
9
38
70
64
17
22
57
52
85
74
70
73
125
122
132
115
119
153
112
102
81
118
132
150
147
121
110
93
63
25
43
14
19
31
6
34
85
89
77
78
83
65
52
23
49
50
26
53
67
36
-9
-44
-58
-69
-58
-52
-75
-33
-12
-13
-16
-25
-29
-26
-86
-41
-9
-10
-37
-75
-58
-80
-100
-71
-87
-49
-26
12
51
43
48
23
2
34
31
16
-1
-41
-30
-4
-8
-25
-44
-79
-57
-39
-4
1
55
36
17
20
0
-26
-80
-70
-67
-58
-48
-45
-66
-62
-70
-50
-44
-69
-91
-100
-128
-79
-94
-122
-90
-89
-128
-117
-118
-94
-96
-99
-79
-53
-58
-77
-73
-46
-52
-83
-44
-44
-43
-76
-102
-81
-94
-113
-126
-120
-151
-99
-99
-95
-62
-45
10
-45
-25
-41
-33
-19
-50
-40
-93
-79
-99
-101
-81
-86
-66
-55
-56
-55
-27
-29
-35
-66
-108
-107
-36
3
37
34
15
31
52
11
-23
-64
-46
-75
-44
3
-32
-21
0
-26
-12
12
-15
36
37
28
44
6
33
24
20
8
-2
-19
-31
2
17
22
53
79
64
41
-2
15
-5
15
20
-25
0
-2
-14
-20
-16
-11
-54
-114
-102
-90
-92
-50
3
-5
-50
-32
-28
-31
-15
-6
0
36
-10
-79
-116
-100
-131
-154
-140
-126
-133
-117
-104
-118
-19
-10
14
1
12
34
37
52
26
4
-46
-28
3
-27
-6
21
32
51
74
54
12
11
8
28
-35
-65
-23
-47
-55
-42
-70
-46
28
-1
6
27
-15
8
7
86
140
106
68
49
19
-39
-3
-2
18
29
25
1
17
-1
-28
6
13
74
56
32
34
-6
12
92
78
38
1
-28
-32
-19
-25
-24
-4
8
8
19
-11
-33
-33
-12
21
55
16
18
12
-4
-3
-30
-41
-96
-58
-28
5
-10
-3
32
10
8
27
1
12
55
23
-7
-44
-68
-83
-99
-88
-65
-26
-19
-19
-40
-93
-67
-45
-37
-23
-7
-15
-5
16
-9
-40
9
65
14
7
-29
-21
-28
-17
8
41
74
53
-10
14
16
-21
30
17
12
31
20
13
15
-26
-22
-1
30
18
55
38
32
67
37
30
36
7
16
30
2
-21
4
-47
-71
-94
-83
-73
-30
-21
-6
13
-25
-9
-83
-74
-86
-79
-66
-109
-122
-120
-95
-98
-102
-152
-143
-138
-154
-143
-168
-144
-114
-94
-122
-109
-106
-83
-66
-61
-28
-48
-69
-52
-7
-27
-44
-24
-36
-50
-54
-21
-32
-42
-31
-48
-33
-35
-59
-36
-35
-75
-86
-91
-82
-102
-78
-92
-61
-48
-44
-8
-29
-4
-10
-58
-42
-28
-86
-116
-168
-135
-129
-106
-97
-120
-111
-142
-141
-176
-170
-139
-118
-88
-77
-71
-54
-48
-61
-56
-95
-101
-111
-114
-126
-127
-117
-79
-76
-97
-107
-116
-71
-73
-52
-51
-114
-128
-145
-86
-61
-101
-119
-94
-125
-102
-96
-52
5
10
43
46
63
54
49
61
19
38
21
-4
40
42
78
77
58
36
53
84
118
129
85
63
79
91
126
114
97
122
98
115
98
114
107
110
136
152
155
133
162
140
131
115
100
81
43
46
59
35
48
58
48
47
54
82
66
29
-15
-43
-38
-11
15
17
-4
-8
-19
3
11
-32
-81
-66
-61
-77
-80
-92
-129
-154
-198
-178
-207
-225
-188
-186
-170
-170
-145
-158
-158
-146
-119
-108
-113
-127
-160
-196
-212
-213
-197
-208
-190
-154
-112
-60
-59
-71
-73
-78
-79
-72
-72
-64
-71
-48
-32
-75
-63
-49
-66
-62
-68
-69
-50
-63
-60
-48
-46
-60
-65
-79
-99
-45
-74
-72
-87
-99
-80
-81
-73
-74
-74
-44
-44
-29
-60
-52
-46
-62
-11
-57
-46
-34
-54
-35
-42
-57
-75
-98
-88
-94
-91
-61
-80
-127
-98
-83
-98
-51
-52
-49
-15
-14
-28
-42
-23
12
3
-17
17
11
4
-16
4
29
40
36
32
51
46
74
48
75
86
28
93
79
80
73
65
63
75
60
43
55
25
54
23
2
7
9
44
30
-18
-24
-13
-5
-26
-35
-20
-37
8
-3
-40
-48
-37
-44
-22
-23
-17
-19
-11
-9
-18
-55
-57
-55
-29
30
7
40
13
5
7
3
8
-19
-18
-19
-41
-28
-11
-15
-8
-41
-30
-20
-48
-51
-80
-62
-76
-79
-38
-68
-76
-88
-89
-56
-77
-71
-60
-57
-62
-68
-51
-85
-83
-99
-107
-64
-70
-45
-64
-49
-54
-86
-56
-60
-20
-5
7
-3
-2
1
10
7
-3
5
29
45
74
82
78
57
80
93
90
82
90
89
101
101
94
123
98
81
75
102
127
141
138
189
142
156
153
127
121
114
141
147
132
107
119
112
96
112
104
128
133
101
148
163
136
161
103
85
144
123
104
99
88
89
94
88
109
116
92
75
51
82
88
117
110
88
81
76
60
19
40
21
44
30
26
25
7
0
26
5
-2
23
15
42
-3
20
1
21
22
6
33
17
43
4
10
-11
-33
-79
-63
-44
-17
-5
-31
-45
-62
-50
-56
-40
-17
11
8
26
-8
-16
1
14
-3
-16
-7
-2
36
16
15
-2
17
25
2
18
19
44
15
-13
-17
-16
17
-22
-51
-38
-8
31
33
23
43
60
80
66
73
68
45
24
34
39
33
33
14
33
18
-5
-7
-16
-34
-37
-3
21
-8
-52
-47
-31
-53
-55
-49
-78
-82
-106
-85
-97
-85
-48
-59
-39
-67
-54
-80
-70
-73
-48
-62
-27
-2
-9
5
17
8
50
66
58
99
37
74
44
72
78
97
82
102
156
111
144
169
141
136
136
137
178
163
161
133
94
105
99
100
105
148
161
179
206
147
152
172
133
141
166
154
105
106
89
100
108
74
102
92
78
138
119
119
135
85
67
59
42
15
6
-9
3
24
36
68
51
45
53
30
61
29
48
37
3
14
4
-8
-11
-1
7
-25
-39
-34
-29
-36
-17
-6
-13
-20
-10
-33
-39
-38
-53
-42
-3
21
38
41
19
70
55
72
78
43
54
37
16
24
31
42
67
71
51
67
85
81
107
123
122
110
120
126
100
117
114
100
108
121
127
128
131
127
125
106
102
113
93
94
123
134
130
125
118
107
82
74
110
125
110
131
113
107
92
64
47
51
51
19
33
26
23
44
68
70
65
63
10
17
-20
-30
-5
-35
-43
-66
-25
-25
-24
-23
-31
9
1
-41
-7
-20
-7
-18
-35
22
25
50
62
63
55
91
89
111
105
120
119
117
158
132
163
149
163
175
152
145
169
182
172
197
198
192
195
164
167
158
112
98
119
119
131
136
106
81
67
93
95
72
55
29
42
38
23
-17
-7
-25
-40
-41
-43
-55
-56
-43
-41
-38
-48
-58
-65
-48
-30
-97
-104
-128
-103
-98
-110
-100
-100
-90
-98
-86
-92
-72
-79
-75
-72
-38
-73
-54
-66
-60
-66
-83
-55
-94
-66
-64
-34
-32
-64
-31
-60
-15
-34
-47
-9
-25
-16
-33
-35
-24
-49
-37
-7
-15
-15
23
2
-10
-23
5
-30
-42
-28
-42
-56
-90
-21
-30
-16
-4
-7
-1
2
38
8
40
48
71
103
88
84
38
63
89
103
99
65
110
114
119
143
112
109
103
129
150
113
97
90
102
115
107
118
128
128
108
115
103
125
137
141
143
151
139
139
124
97
110
101
119
97
119
101
88
84
70
78
75
86
91
143
146
112
97
102
100
95
123
95
121
133
95
97
100
95
84
66
60
62
80
63
84
108
53
56
61
66
63
6
12
44
35
33
57
22
0
19
-7
34
2
-10
24
31
37
14
33
10
-15
-7
-40
-63
-43
-54
-32
-46
-65
-22
-41
-60
-58
-94
-65
-60
-42
-59
-40
-48
-69
-65
-68
-79
-94
-110
-84
-71
-82
-54
-85
-84
-93
-118
-126
-123
-119
-83
-66
-70
-69
-77
-84
-82
-69
-57
-59
-95
-85
-55
-76
-68
-33
-37
-20
-13
-10
-42
-58
-55
-15
-2
-22
2
-3
18
40
31
35
39
31
37
38
26
52
42
49
93
85
62
72
94
91
81
79
92
82
78
82
91
63
74
51
65
95
98
85
51
55
56
55
33
52
9
-3
0
5
18
2
2
-14
5
14
26
48
8
13
-4
-7
0
-2
7
-1
-10
-4
4
14
7
18
32
55
31
10
-4
-15
-16
-41
-24
-52
-60
-55
-79
-54
-59
-63
-56
-63
-54
-46
-61
-85
-83
-112
-126
-97
-86
-86
-93
-88
-76
-95
-98
-98
-103
-82
-88
-90
-103
-104
-83
-72
-46
-67
-67
-60
-62
-77
-63
-46
-60
-55
-15
-17
-4
-24
-2
5
-15
13
5
9
-2
-10
8
-2
-16
-21
20
3
1
-15
-25
11
-27
-35
-44
-60
-62
-38
-57
-71
-91
-94
-108
-109
-82
-90
-124
-145
-129
-127
-119
-138
-115
-99
-113
-89
-85
-77
-62
-54
-35
-47
-50
-49
-74
-56
-53
-41
-10
-7
16
26
43
36
52
49
39
48
55
32
6
22
21
10
17
33
41
24
4
40
48
36
31
27
27
43
46
28
34
34
35
31
43
24
21
24
41
54
56
70
74
68
79
70
88
87
81
116
114
129
126
107
102
105
79
71
78
69
88
82
83
66
59
72
80
68
35
46
51
27
43
30
23
20
21
47
44
22
37
40
36
9
-2
-6
-1
-4
-21
13
0
2
2
23
27
17
18
20
6
32
32
11
24
-10
-24
-39
-16
-5
10
24
26
25
4
30
1
10
8
-8
10
-3
2
6
16
-10
-10
-11
-39
-33
-52
-35
-37
-38
-61
-74
-78
-97
-81
-111
-81
-59
-83
-76
-86
-83
-72
-82
-91
-107
-62
-93
-88
-91
-100
-76
-61
-44
-53
-71
-81
-72
-70
-69
-82
-77
-70
-80
-77
-87
-112
-119
-133
-131
-133
-117
-146
-149
-163
-167
-147
-139
-159
-169
-172
-185
-158
-153
-174
-169
-172
-167
-133
-151
-191
-179
-166
-169
-136
-143
-150
-165
-159
-158
-167
-189
-197
-249
-205
-292
-308
-402
-428
-660
-906
-1966
-3556
-2655
-2001
-440
249
-955
-1347
-2251
-2254
-1547
-1619
-392
271
22
644
-305
-610
9
-119
1364
1697
2055
2047
299
1050
1645
2956
4145
3472
3023
2960
3243
3999
4074
3900
3434
1947
2183
1336
884
1027
728
1086
466
-487
-1267
-2595
-2565
-1782
-1795
-1328
-1981
-3046
-3415
-4098
-3307
-2506
-2199
-1366
-1871
-2220
-1799
-1583
-523
311
730
1424
948
873
1240
1100
1965
2491
2595
2456
1444
813
557
393
938
861
71
-477
-1479
-1796
-1804
-1898
-1802
-2238
-2466
-2559
-2738
-2915
-2687
-2361
-1894
-1444
-1529
-1704
-2010
-1432
-715
-90
263
206
127
144
633
765
956
1049
1010
991
1018
1032
793
975
1285
1614
1832
1709
1675
1678
2480
2933
3579
3768
3515
3682
2503
2343
2788
2927
2545
1768
817
1493
1282
925
355
-1395
-1109
-950
-1487
-1677
-2842
-3092
-2609
-2942
-2667
-3136
-3969
-3271
-3197
-2557
-1646
-1984
-1673
-1592
-975
398
508
676
984
816
1460
1700
1678
1887
1355
1403
1532
1063
1167
523
-1
-389
-591
-826
-977
-1265
-1670
-1816
-2361
-2268
-2600
-2590
-2896
-2788
-2752
-2719
-2522
-2371
-1858
-1578
-1186
-935
-814
-362
-37
90
428
582
852
1312
1241
1334
1278
1176
1943
1931
2541
2722
2670
3475
3739
4437
4859
4965
5074
5341
4369
4141
3769
4033
2417
844
1510
1967
2457
1055
-990
-2573
-2816
-2025
-1619
-3110
-3688
-3783
-4174
-3863
-4646
-4814
-4510
-4273
-2803
-2681
-2983
-2646
-2628
-1707
57
1029
1471
891
638
1872
2095
2731
3330
2802
2597
2036
1807
1812
1242
1037
657
-187
-160
-784
-1807
-2183
-2769
-1954
-2314
-2543
-2596
-3958
-4159
-4220
-3372
-2518
-2837
-2506
-2670
-2612
-1342
-1344
-981
-528
-448
451
297
360
617
395
1486
1596
1360
1203
646
863
1825
2288
2756
2629
2751
3725
4141
4682
4988
4768
5543
5902
4975
4345
3501
3853
1318
1625
2515
2843
2470
-30
-1577
-2400
-2751
-1653
-2185
-4198
-3587
-4271
-4265
-4532
-6128
-5188
-5165
-4311
-2523
-3511
-3608
-2957
-2707
-726
758
986
1640
496
1315
3046
2643
3691
3516
3068
3320
2602
2749
2614
1426
1604
1170
314
327
-738
-1526
-3025
-2240
-1755
-1811
-2620
-3660
-4715
-5025
-3511
-3188
-3259
-3533
-3248
-2910
-2246
-2067
-2100
-1644
-805
127
-58
112
-139
-90
995
1215
1507
992
607
873
1169
1979
2504
2171
2627
3532
3925
5307
5225
4934
4925
4617
6073
6289
5957
4746
4880
1414
1086
2310
2895
3788
660
-881
-1614
-2760
-2255
-2266
-4907
-3367
-3161
-3707
-3593
-7049
-6348
-5140
-4449
-1516
-2425
-3714
-3253
-3205
-1299
1310
1241
2411
1771
1073
3565
2930
3419
4259
3507
4415
3684
2734
2828
1096
833
1693
915
722
-390
-2651
-2923
-3304
-2347
-1581
-3491
-3637
-4682
-5881
-4770
-4797
-3764
-3349
-3727
-3022
-3605
-3341
-2311
-1961
-611
-250
-509
-164
-641
-18
423
717
1599
886
1039
601
728
1780
1649
3035
3300
3814
4606
4023
4481
5149
5221
6368
6666
7322
8027
6881
4944
3899
-125
2482
4389
4719
4261
-111
-1580
-1854
-3052
-2298
-2525
-4603
-2411
-3829
-4955
-5258
-8359
-6110
-4625
-4019
-1923
-4175
-5373
-4137
-3521
-599
1738
892
2018
950
811
3371
2765
4152
4832
3692
4401
3220
2376
2710
1255
1560
2286
680
443
-1383
-3484
-2692
-3028
-1959
-1989
-4049
-5024
-5770
-6280
-5209
-4533
-4049
-3484
-4372
-3732
-3753
-3433
-1825
-1180
-643
-401
-439
-377
-193
155
1048
1434
1592
1188
509
1163
707
2352
2578
2616
4396
2906
4476
4314
4324
6244
5159
6841
6633
5655
6429
6955
6611
5956
3751
316
1287
2131
4314
3333
-260
-1887
-2690
-2803
-2479
-3358
-5442
-4012
-4561
-4152
-4870
-7801
-6611
-5948
-4003
-2107
-2769
-3593
-3812
-3020
-611
2129
2187
2868
1929
1712
3635
3751
4750
4813
4015
4175
3630
2950
2880
1627
908
924
406
38
-1049
-2780
-3383
-4286
-3568
-3072
-4280
-5036
-6473
-6958
-6021
-4641
-3941
-3858
-4640
-4456
-3692
-2628
-1425
-1471
-1010
-560
-184
259
297
369
583
1246
1367
1586
1170
1636
871
2044
3044
3115
4293
3184
3921
4221
4932
6570
6103
6471
6659
5683
7079
7651
7491
7499
4627
3651
1249
1273
4007
3715
2584
55
-2150
-2248
-3058
-4152
-4065
-5443
-4504
-3793
-5338
-6227
-7980
-7823
-5240
-4017
-2884
-2966
-4904
-4200
-2519
-856
2161
2007
2127
2410
1749
3526
3956
4063
5030
4698
4568
4306
2736
2200
1634
1113
1697
1253
-17
-1203
-3102
-3917
-3715
-3697
-2598
-4513
-5858
-6384
-6490
-4934
-4018
-3642
-4153
-4364
-3432
-2451
-2519
-1736
-1499
-821
-114
-274
-304
-947
-573
107
661
1127
617
129
197
891
2018
2352
2540
2837
2832
3517
4404
4546
4990
5203
5058
6699
7419
8153
8159
6815
7311
6862
5949
4904
1514
2300
4614
4973
4093
-42
-2815
-2671
-3235
-2632
-2904
-5114
-4294
-4995
-5705
-5946
-7813
-6993
-5507
-4818
-3182
-3522
-4954
-4005
-3250
-720
2304
1889
2326
1541
951
3058
3818
4928
5793
4552
3949
3266
2221
2970
2382
1663
1535
-207
-1548
-2144
-3736
-3868
-4335
-4259
-3660
-5444
-6007
-7547
-7456
-5991
-4174
-3126
-3975
-4793
-4854
-3980
-2429
-1227
-895
-439
-760
-599
-139
-110
970
1165
1786
2290
1616
1511
1160
1376
2174
2875
2877
2784
2155
2530
3310
3599
4064
4079
3589
3548
4256
5092
6227
6852
6603
6738
5530
5445
4657
4722
4042
2222
3690
3982
4152
1794
-726
-1380
-864
-1014
-445
-2890
-4424
-3997
-4664
-3518
-4647
-5784
-5068
-5275
-4315
-3554
-3829
-3585
-2686
-2188
-203
464
61
987
399
1788
3093
2529
2811
2327
1991
2556
1919
1763
1515
6
-1209
-1487
-1741
-2064
-2519
-4026
-3883
-4804
-3843
-4338
-5648
-4956
-4906
-4819
-5575
-4795
-4993
-3959
-3418
-3078
-2993
-2994
-1858
-1758
-1263
-1078
-458
-58
630
1037
1018
1654
1577
2057
2328
2826
3081
3099
3751
4287
5297
6046
6402
6064
6135
5991
7298
8000
8780
9034
7682
8228
6436
4444
1606
1658
4694
6627
4959
1276
-2020
-3136
-1896
-1924
-1835
-3359
-4034
-4097
-5747
-6791
-7986
-7325
-5642
-4345
-4020
-4690
-5792
-5967
-3742
-1398
1331
1860
998
555
295
1785
3312
4228
4830
4216
2720
1728
1199
1324
1711
973
801
-1204
-2324
-3155
-4135
-4467
-5195
-4343
-4016
-4703
-6388
-7431
-7513
-5463
-3755
-3295
-4261
-5319
-4624
-3438
-2098
-1236
-821
-663
-508
-390
-273
231
747
1501
2163
2515
1914
1218
1172
1786
3047
3774
3476
2896
3046
3435
4909
5792
6219
6363
5905
6259
6667
8199
8806
9316
9139
8279
5272
762
2119
5405
8559
7193
2756
-714
-1637
-1725
-1114
-1818
-3438
-2180
-2834
-4183
-6605
-9352
-8027
-5932
-4097
-3230
-5016
-7438
-7615
-6075
-2505
863
673
299
-1124
-1405
663
1650
3035
4187
3715
3281
1955
806
1187
1020
1178
2122
656
-707
-2377
-4273
-4478
-4286
-2690
-2230
-3877
-6155
-7022
-7641
-5719
-3425
-3096
-3665
-4882
-4784
-3807
-3039
-2017
-1089
-873
-533
-671
-1315
-777
-290
798
2097
1882
1441
645
731
1591
2691
2978
3372
2993
3144
4002
4242
6092
6554
6910
6553
6090
7033
8211
9147
9572
10159
9171
7172
1498
1006
4806
8135
9004
4021
-98
-1729
-1886
-1297
-1482
-3681
-3020
-2544
-4396
-6200
-10126
-9959
-7179
-5559
-3526
-5051
-8030
-9080
-8257
-4889
-196
701
70
-1191
-2555
-299
1401
2819
4763
4740
4159
3195
1465
1736
2354
2457
3536
2841
580
-681
-3127
-3876
-3467
-2653
-1445
-3092
-5712
-7035
-8140
-7339
-4281
-3538
-3484
-4985
-5996
-5273
-4558
-2847
-1564
-1412
-1114
-1300
-2022
-1771
-1278
5
1590
2025
1645
558
257
1008
2399
3966
4147
3870
3284
3253
4533
5809
6780
6976
6800
6886
7704
8169
8593
8760
9441
10195
8993
3189
596
3189
7149
9728
5476
598
-1359
-2248
-1203
-814
-3497
-3116
-2819
-3859
-4737
-9056
-10139
-7906
-6785
-4130
-4395
-7721
-8837
-9256
-6876
-1578
-252
-82
-913
-3183
-1399
284
1729
4541
4777
4320
3448
1229
1694
2630
2548
3718
3318
1330
-367
-2716
-3962
-3204
-2820
-1726
-2397
-5647
-6653
-7769
-8075
-5127
-3776
-3568
-4463
-6382
-5669
-4964
-3822
-1575
-1728
-1645
-1461
-2392
-1936
-1462
-429
1200
1500
1441
714
147
992
2260
3244
4248
3597
3581
3666
4772
5809
6518
7129
7230
7426
7943
8250
8464
8986
9495
11104
10713
6529
1072
1721
5841
10217
8288
2823
-842
-2110
-1157
-231
-2291
-3783
-3125
-3502
-4044
-7820
-11061
-9940
-8361
-5692
-4639
-7262
-9697
-10801
-9396
-4440
-1046
-768
-1257
-3566
-2889
-404
1099
3788
4590
4375
4001
2466
2219
3121
2972
3587
4170
3054
1425
-1379
-3174
-3586
-2483
-1481
-1758
-3916
-6436
-7013
-7928
-6855
-4354
-4227
-4352
-5677
-6468
-5531
-4990
-3475
-2087
-2208
-1539
-1973
-2593
-1856
-1458
496
1562
2008
1774
1143
1329
1798
3242
4307
5121
4803
4320
4814
5335
6652
7408
7730
7645
7478
8471
8400
9235
8948
10123
10086
8666
2756
762
3775
7657
9655
4497
143
-1854
-1866
-612
-1060
-3932
-3715
-3234
-4411
-5809
-10241
-10971
-8314
-7105
-4824
-6217
-9577
-10527
-10035
-6817
-1700
-1076
-1560
-2330
-3816
-1012
775
2066
4570
4547
4393
3674
1875
2357
3375
3367
4706
4131
2078
81
-2365
-3129
-2018
-1281
-1004
-2274
-5469
-6184
-6986
-7485
-5113
-4195
-4224
-4949
-6697
-6314
-5655
-4638
-2552
-2441
-2386
-2335
-3375
-2989
-2111
-849
814
1137
1212
799
605
1331
2434
3746
4581
4530
4044
4132
5136
6061
6864
7109
7389
7642
8025
8316
8614
8990
8736
10240
10178
8023
1985
863
4721
9117
9295
3561
-966
-2232
-1026
369
-1133
-4349
-4422
-3804
-4337
-6719
-10979
-10985
-8731
-7040
-5683
-7800
-10570
-11296
-10162
-6289
-2174
-1992
-2607
-4012
-4212
-1144
612
2426
3992
3917
3592
2416
1656
2983
4006
4332
4794
3752
1784
-6
-1788
-1673
-937
219
3
-2839
-5242
-6201
-6299
-5844
-4235
-4014
-4298
-5736
-6237
-6214
-5956
-4388
-3036
-2378
-2703
-3509
-4218
-3529
-2185
-471
696
760
509
-12
501
1466
2780
3964
4289
4399
4381
4461
5219
6020
6968
7946
8000
8232
7921
8391
8846
9629
10108
10853
10214
6906
1624
2491
6757
10205
8793
2249
-1051
-1140
-206
766
-1837
-4597
-3451
-3507
-4527
-7929
-11888
-10679
-7931
-6786
-6241
-9432
-12157
-11596
-9895
-5453
-2411
-3545
-4047
-5179
-4400
-833
587
2281
3739
3314
3091
2365
1981
3907
4831
4905
5360
3702
1813
477
-943
67
602
932
360
-2943
-4972
-5367
-5653
-4522
-3183
-3566
-4445
-6491
-6578
-5792
-5356
-3695
-3019
-3219
-3488
-4281
-4429
-3507
-2183
-499
453
203
-285
-622
210
1783
3304
4253
4149
3840
3828
4529
5599
6617
7789
7860
7887
8007
7900
8383
9665
10500
10966
11083
10002
8055
2647
2979
7501
10655
9845
3603
-746
-480
595
1165
-408
-4104
-3588
-2955
-4644
-7485
-11695
-11275
-7989
-7178
-7494
-10189
-13172
-12686
-10417
-7370
-4180
-4919
-5990
-6242
-5877
-2521
-224
824
2331
2381
1864
1769
1669
3373
5081
4919
5005
3947
2190
1412
517
1165
1916
2121
1223
-1654
-3807
-3911
-3307
-3208
-2425
-2957
-4025
-5410
-5831
-5110
-4920
-3868
-3075
-3332
-4202
-4802
-4981
-3974
-2517
-1354
-524
-1038
-1454
-1343
-317
1483
2686
3298
3240
3332
3373
4353
5095
6192
7266
7463
7790
7727
7889
8403
9294
10483
10972
11163
10595
9596
5206
2829
6239
9866
11202
6030
795
-355
1109
1747
935
-2985
-4198
-2848
-3533
-5957
-10523
-12187
-9347
-7547
-7826
-9890
-12920
-13696
-11696
-9395
-6374
-5600
-6949
-6977
-6843
-4374
-1295
-256
913
1711
1570
1818
2035
3008
4919
5199
4929
4712
3391
2977
2599
2383
2576
2723
2501
694
-1583
-2396
-2009
-1933
-1645
-1965
-3304
-4724
-5102
-4652
-4435
-4108
-3650
-3706
-4521
-5353
-5358
-4691
-3482
-2465
-1901
-1827
-2262
-2079
-1116
546
1755
2441
2501
2739
3195
3768
4726
5841
6847
7401
7100
7300
7599
8288
9400
10001
10776
10232
10942
10370
8345
3995
3993
8001
11056
9412
3439
36
342
2425
2056
-634
-3861
-3662
-2266
-3749
-7606
-11239
-10894
-8207
-7432
-8505
-11177
-13098
-12922
-10710
-8310
-6466
-6663
-7542
-7157
-6016
-3399
-1597
-761
329
915
1075
1319
2073
3489
4494
4411
4346
3978
3689
3410
3325
2994
3038
3538
2594
980
-412
-261
-82
-253
-725
-1783
-2772
-3238
-2877
-2828
-3334
-3246
-3203
-3748
-4678
-5238
-4879
-3831
-3136
-2815
-2817
-3169
-2839
-2060
-693
374
841
1130
1355
2025
2794
3799
4534
5482
6309
6160
6804
7089
7853
8647
9651
10471
10917
10670
10749
10450
8563
5804
6033
8981
10633
8762
3892
1497
1955
2887
2138
-597
-3328
-2956
-2424
-4207
-7785
-10884
-10552
-8210
-7794
-9136
-11748
-13594
-12727
-10538
-8636
-7384
-7736
-7850
-7138
-6050
-3923
-2324
-1360
-258
485
942
1647
2169
2933
3953
4231
4461
4551
3843
3871
3802
3257
3600
3107
2927
1924
831
889
361
-337
-600
-1523
-2036
-2213
-2324
-2411
-3263
-3564
-3416
-4160
-4420
-4607
-4354
-3713
-3715
-3381
-3253
-3062
-2361
-1590
-896
-271
123
724
1468
2068
2675
3516
4403
5306
5437
5914
6163
7051
7823
8870
9594
9725
9952
10085
10430
9207
7190
5494
7588
9796
9637
6116
2510
1881
3013
3238
1442
-1273
-2599
-2153
-2938
-5617
-8546
-9597
-8326
-7131
-8125
-10300
-12441
-12713
-11052
-9154
-8136
-7805
-8257
-8040
-7198
-5845
-3951
-2613
-1542
-780
-392
-98
534
1574
2859
3743
3768
3550
3190
3522
3661
3658
3148
3370
3790
3044
2234
1343
958
1086
760
161
-681
-1473
-1075
-1270
-2041
-2511
-2849
-2936
-3295
-3928
-3941
-3816
-3468
-3254
-3384
-3033
-2603
-2234
-1653
-1140
-377
394
786
1193
1800
2829
4254
4787
5113
5236
5911
7038
7854
8872
9452
9962
10025
10167
9317
7800
6113
7487
9918
10376
7988
4046
2345
2982
3773
3012
835
-1327
-1573
-2204
-4501
-7136
-8486
-7710
-6742
-7931
-9893
-11900
-12563
-11697
-10248
-9030
-8326
-8724
-9198
-8716
-7506
-5382
-3762
-2815
-1649
-1186
-1227
-852
254
2215
3767
3813
3346
3089
3162
4028
3965
3990
4776
4644
4261
2744
1928
2469
2661
1957
1367
515
-125
-253
-911
-963
-1547
-1905
-2065
-3013
-3619
-3764
-3645
-3464
-3211
-3452
-3416
-3243
-2747
-1886
-1468
-705
-431
327
1323
2235
3062
3639
4461
5346
6136
6748
7446
8222
9214
9907
10161
9626
8365
6915
7886
9872
10577
8977
6066
4602
4878
4798
3763
2077
557
576
-75
-2348
-4893
-6511
-6228
-5739
-6975
-8732
-10262
-11156
-10820
-10273
-9900
-9366
-9616
-9648
-9145
-8453
-7049
-5702
-4730
-3590
-2997
-2610
-1664
-457
939
1691
1728
2398
2878
3270
3473
3525
3933
4249
4573
4318
3312
2795
2845
2641
2315
2211
1451
712
181
-313
-442
-759
-1037
-1529
-2296
-2894
-2841
-3071
-2982
-2983
-3398
-3154
-2954
-2754
-2182
-1699
-773
-110
332
1235
1645
2509
3214
4330
5910
6852
7646
7417
7613
7773
7532
6651
7591
9623
10427
9378
6442
5613
6139
6821
6103
4204
2495
2512
2452
489
-2029
-3750
-3467
-2644
-4052
-6076
-8202
-9048
-8829
-8666
-8685
-8771
-9233
-9900
-9993
-9653
-8469
-7474
-6951
-6130
-5389
-4987
-4492
-3759
-2075
-563
90
435
658
1096
1697
2482
2927
3892
4592
4418
3543
2855
3172
3366
3334
3537
3091
2219
1337
554
542
771
538
28
-975
-1618
-1812
-2187
-2056
-2033
-2070
-2005
-2218
-2558
-2089
-1794
-952
-101
152
737
1167
2094
3116
4368
5226
6218
6173
6004
5338
4201
5913
8855
10305
8767
5779
4648
6143
7236
6783
5425
3934
4213
4200
2031
-232
-1380
-550
203
-1395
-4174
-5995
-6861
-6460
-5767
-5899
-6141
-7362
-8690
-8852
-8485
-7521
-6821
-6961
-6656
-6423
-6700
-6483
-5474
-3874
-2476
-2497
-2630
-2094
-1629
-778
316
1201
2068
2303
2000
1672
2068
3363
3868
3325
2758
2790
2873
2407
2234
2122
1915
1934
1273
357
-400
-765
-488
-304
-606
-1005
-1743
-2055
-1746
-1418
-714
-521
-449
-23
317
851
1607
2199
3364
4179
4713
4935
4662
4127
3263
4291
7017
8561
7426
4848
3767
5158
6433
6022
4728
3658
3737
3882
2247
107
-923
-366
570
-202
-2454
-4355
-5376
-5252
-4380
-3878
-4143
-5401
-6937
-7209
-6422
-5505
-5034
-5237
-5426
-5324
-5370
-5292
-4653
-3737
-2931
-2845
-3024
-2749
-2509
-2216
-1303
-485
93
209
51
-56
96
792
1515
1530
1427
1489
1307
1058
1202
1667
1882
1563
1106
765
453
517
421
386
302
222
215
-179
-174
-125
342
913
1249
1289
1257
1764
2267
3035
3661
4165
4834
4935
4411
2726
1740
4242
7212
7794
5219
2503
2552
4767
5352
4277
2566
1941
3022
2900
770
-1311
-2084
-938
46
-1169
-3359
-5047
-5873
-5080
-3883
-3386
-3566
-5097
-6136
-5817
-5158
-4208
-3703
-3690
-3451
-3664
-4154
-3881
-2866
-1761
-1195
-1532
-1584
-1452
-1474
-1222
-623
-50
381
486
69
-606
-896
-372
370
472
330
-28
-656
-772
-508
-159
19
-205
-477
-713
-1184
-1232
-1007
-631
-392
-442
-579
-552
-442
-128
573
1252
1970
2152
2284
2754
2983
3750
4593
5300
6008
5390
4064
2216
2739
5862
8260
7204
4069
2167
3262
4928
4675
3269
2001
1945
2522
1445
-720
-2254
-2281
-1149
-1071
-2672
-4717
-5924
-6094
-5023
-4104
-3923
-4666
-6094
-6372
-5523
-4464
-3807
-3699
-3578
-3258
-3029
-2915
-2119
-1132
-389
-71
-140
392
809
807
977
1416
1843
2326
2421
1773
1135
773
1128
1656
1395
838
-47
-770
-827
-634
-716
-1167
-1885
-2264
-2374
-2701
-2897
-3003
-2775
-2542
-2520
-2573
-2494
-2344
-1751
-870
51
861
748
1063
2108
3104
4480
5178
5618
6144
5677
4176
3393
5163
8372
9588
7030
3892
3538
5340
6547
5563
3643
2751
2907
2680
1275
-575
-1646
-1416
-1138
-1743
-3341
-5212
-6372
-6386
-5383
-4289
-4488
-6146
-7513
-7299
-5917
-4610
-4456
-4674
-4636
-4566
-4164
-3545
-2377
-1216
-1012
-1156
-721
244
989
1265
1425
2210
2859
3120
3275
2870
2572
2663
2992
3291
2854
2152
1625
1178
1296
1264
546
-268
-946
-1334
-1598
-2157
-2619
-2883
-3181
-3394
-3583
-3740
-3697
-3666
-3318
-2639
-1849
-1503
-1464
-984
-212
947
2200
2894
3495
3535
2933
2110
2473
5228
8219
8436
5889
3738
4352
6475
7384
6573
5292
4565
4441
4016
2937
1716
816
698
724
33
-1647
-3584
-4799
-4574
-3550
-2997
-3859
-5858
-7233
-7001
-5755
-4903
-5038
-5548
-5948
-5983
-5676
-4844
-3737
-3020
-2894
-2868
-2347
-1568
-1103
-653
87
1060
1662
1851
2112
2146
2141
2478
3252
4062
4125
3317
2483
2474
3088
3522
3141
2173
1303
861
597
385
-17
-485
-984
-1411
-1828
-2388
-2765
-3010
-2802
-2252
-1991
-2394
-2794
-2796
-1995
-926
-215
322
647
332
-164
-662
-386
1859
4301
4998
3548
1527
1652
3655
5118
5366
4743
3881
3743
3727
3469
3331
2845
2476
2480
2002
971
-276
-1409
-1435
-743
-496
-950
-2315
-3907
-4442
-4165
-3380
-3012
-3620
-4519
-5181
-5374
-4804
-3965
-3553
-3490
-3938
-4135
-3582
-2940
-2256
-1736
-1354
-793
-278
25
93
-45
240
1230
2250
2726
2381
1743
1673
2267
3068
3602
3292
2569
1836
1497
1771
2098
2077
1601
987
442
-66
-563
-621
-317
-114
-220
-840
-1658
-1893
-1544
-1094
-609
-259
-360
-828
-1018
-972
-819
-1011
-561
921
2153
2327
1150
178
764
2342
3300
3254
2623
2271
2573
2541
2306
2290
2411
2657
2372
1687
1182
816
592
628
749
984
812
-226
-1329
-1836
-1726
-1279
-1112
-1251
-1763
-2768
-3638
-3647
-2785
-1871
-1896
-2903
-3634
-3467
-2854
-2130
-1861
-1765
-1754
-1926
-1835
-1464
-997
-510
-292
-115
334
572
558
571
737
1219
1580
1570
1441
1088
817
872
1104
1501
1602
1056
144
-279
6
494
574
157
-415
-927
-1131
-1021
-810
-721
-936
-1019
-985
-860
-913
-938
-592
-277
-275
-452
-732
-618
450
1639
2039
1488
900
1217
1857
2291
2630
2895
3159
3092
2531
2027
1971
2213
2650
2805
2380
1865
1335
1012
978
1022
1089
973
520
30
-406
-859
-1092
-1072
-804
-702
-1287
-2145
-2609
-2549
-2100
-1871
-1969
-2074
-2394
-2708
-2776
-2477
-1798
-1341
-1483
-1863
-2007
-1864
-1503
-1071
-522
-97
-146
-345
-452
-295
61
247
370
522
488
42
-572
-709
-280
88
19
-527
-1231
-1515
-1419
-1330
-1337
-1229
-1168
-1465
-1918
-1997
-1711
-1360
-1185
-1202
-999
-915
-834
-550
-89
343
485
646
1058
1402
1607
1865
2152
2724
3415
3889
4058
3822
3670
3863
4288
4619
4775
4750
4536
4144
3727
3534
3392
3274
3082
2734
2280
1688
1108
778
685
624
327
-164
-673
-1076
-1372
-1529
-1642
-1694
-1809
-2100
-2454
-2633
-2619
-2586
-2556
-2569
-2664
-2786
-2879
-2837
-2615
-2340
-2229
-2178
-2167
-2153
-2092
-1890
-1491
-1203
-1148
-1289
-1358
-1261
-1031
-828
-909
-1185
-1525
-1672
-1671
-1697
-1767
-1923
-2067
-2139
-2222
-2265
-2225
-2220
-2125
-1953
-1799
-1684
-1648
-1581
-1407
-1130
-836
-571
-316
-62
266
669
1000
1292
1669
2091
2522
2803
2983
3288
3660
4001
4248
4417
4669
4975
5194
5292
5311
5438
5462
5366
5175
4908
4729
4616
4438
4134
3660
3164
2752
2263
1781
1420
1119
793
376
-81
-491
-869
-1166
-1375
-1519
-1604
-1829
-2207
-2478
-2568
-2516
-2600
-2827
-2919
-2912
-2919
-3061
-3153
-2947
-2810
-2840
-3086
-3183
-2946
-2635
-2454
-2430
-2463
-2495
-2510
-2499
-2371
-2137
-2007
-2023
-2142
-2282
-2267
-2272
-2212
-2011
-1918
-1939
-2052
-2179
-2056
-1836
-1674
-1525
-1410
-1246
-992
-877
-737
-453
-142
232
626
877
1065
1209
1374
1731
2160
2493
2696
2887
3104
3303
3408
3532
3781
4074
4225
4213
4173
4187
4320
4407
4371
4278
4234
4149
4007
3893
3772
3651
3436
3176
2985
2800
2555
2253
1959
1732
1531
1208
813
457
137
-203
-560
-882
-1013
-1173
-1436
-1790
-2098
-2252
-2370
-2525
-2758
-2930
-2989
-3038
-3137
-3244
-3375
-3493
-3571
-3610
-3535
-3444
-3498
-3567
-3581
-3542
-3542
-3478
-3314
-3114
-3014
-3036
-3084
-2980
-2807
-2610
-2444
-2322
-2229
-2076
-1839
-1576
-1304
-1146
-1037
-892
-591
-238
-43
40
169
410
640
894
1157
1429
1591
1664
1767
1964
2255
2546
2644
2608
2630
2718
2895
3062
3144
3138
3121
3068
3074
3152
3155
3229
3123
3006
2968
2920
2903
2830
2787
2836
2815
2637
2470
2364
2277
2219
2095
1962
1942
1773
1576
1360
1181
1081
906
652
383
139
-150
-408
-696
-949
-1248
-1607
-1974
-2271
-2461
-2649
-2901
-3134
-3322
-3516
-3716
-3826
-3833
-3813
-3850
-3924
-3884
-3842
-3870
-3781
-3659
-3474
-3314
-3179
-3003
-2810
-2617
-2471
-2331
-2086
-1763
-1484
-1289
-1220
-1064
-814
-619
-390
-95
131
320
366
395
643
921
1167
1281
1351
1395
1397
1449
1637
1892
1999
2027
1964
1961
2061
2180
2322
2450
2521
2531
2460
2389
2515
2648
2819
2917
2783
2695
2680
2648
2694
2736
2749
2669
2498
2307
2158
2077
2050
1976
1792
1554
1218
987
865
808
687
405
48
-288
-544
-729
-891
-1083
-1370
-1700
-1988
-2211
-2303
-2422
-2606
-2784
-2955
-3051
-3155
-3210
-3226
-3177
-3098
-3110
-3073
-2960
-2750
-2586
-2438
-2314
-2071
-1776
-1606
-1433
-1288
-1033
-784
-665
-459
-205
55
220
234
191
277
456
635
781
816
748
637
609
688
800
846
769
646
599
577
568
610
690
807
864
798
727
853
1025
1250
1408
1452
1603
1674
1768
1905
2125
2350
2488
2543
2512
2514
2545
2690
2837
2888
2816
2619
2391
2251
2197
2114
1919
1685
1358
1021
675
298
39
-260
-582
-970
-1335
-1645
-1925
-2251
-2576
-2801
-3043
-3252
-3496
-3704
-3799
-3798
-3843
-3872
-3871
-3797
-3635
-3465
-3241
-2998
-2708
-2455
-2209
-1925
-1561
-1237
-898
-512
-159
217
463
629
880
1163
1401
1569
1717
1844
1945
1947
1926
1922
1921
1932
1820
1715
1588
1467
1331
1173
1087
1012
844
652
521
463
415
314
201
189
261
309
271
212
270
376
486
551
680
800
842
915
1074
1330
1527
1562
1571
1593
1698
1786
1838
1879
1860
1752
1586
1419
1292
1148
931
678
465
221
-62
-387
-693
-949
-1207
-1472
-1780
-2064
-2302
-2591
-2803
-2928
-2974
-3048
-3170
-3257
-3286
-3278
-3224
-3094
-2956
-2853
-2749
-2632
-2392
-2064
-1783
-1568
-1373
-1133
-823
-521
-258
25
336
567
829
1050
1244
1475
1615
1745
1862
1984
2069
2053
2067
2086
2120
2089
1960
1855
1802
1788
1744
1609
1446
1303
1240
1204
1163
1077
988
829
715
684
731
759
717
665
642
673
692
696
690
753
809
776
815
849
866
839
773
762
708
661
595
535
417
290
129
-34
-165
-326
-485
-675
-828
-1003
-1190
-1459
-1693
-1822
-1936
-2035
-2134
-2264
-2407
-2504
-2593
-2541
-2495
-2517
-2509
-2509
-2440
-2308
-2152
-2026
-1956
-1862
-1714
-1534
-1316
-1131
-920
-772
-608
-419
-191
36
199
380
568
805
968
1057
1153
1311
1533
1681
1752
1735
1778
1885
1961
1995
2060
2089
2096
2060
2005
1999
1994
1995
1946
1878
1819
1787
1721
1657
1634
1623
1548
1382
1284
1261
1270
1240
1152
1031
960
877
785
727
592
539
438
294
173
64
-21
-131
-274
-447
-570
-674
-745
-798
-922
-1108
-1261
-1310
-1332
-1397
-1461
-1554
-1654
-1782
-1843
-1867
-1913
-1959
-2021
-2082
-2131
-2132
-2160
-2170
-2125
-2123
-2111
-2110
-2055
-1993
-1938
-1862
-1779
-1730
-1652
-1566
-1453
-1304
-1130
-953
-844
-756
-639
-442
-202
-11
116
268
479
682
881
1036
1155
1331
1493
1675
1839
1949
2041
2086
2131
2249
2342
2427
2495
2492
2572
2524
2399
2392
2333
2422
2467
2269
2144
2028
1962
1881
1721
1657
1591
1319
1097
1003
859
788
538
333
245
57
-93
-288
-462
-495
-565
-718
-938
-1079
-1100
-1120
-1148
-1236
-1296
-1387
-1423
-1502
-1532
-1562
-1618
-1674
-1747
-1799
-1881
-1931
-1985
-2062
-2138
-2133
-2159
-2258
-2322
-2358
-2383
-2342
-2339
-2358
-2353
-2336
-2279
-2177
-2078
-2013
-1956
-1854
-1675
-1502
-1326
-1180
-988
-767
-513
-302
-98
132
372
645
880
1214
1319
1643
1763
1987
2287
2372
2669
2669
2839
2991
3016
2984
3050
3045
3106
3076
2979
2976
2827
2750
2667
2518
2470
2368
2148
2039
1774
1675
1567
1434
1313
1112
908
767
655
540
480
308
203
95
-57
-132
-140
-209
-250
-439
-559
-621
-672
-676
-798
-877
-999
-1110
-1234
-1257
-1378
-1491
-1619
-1760
-1893
-2047
-2166
-2383
-2472
-2599
-2723
-2871
-3003
-3096
-3140
-3188
-3212
-3262
-3268
-3222
-3166
-3111
-2974
-2864
-2656
-2510
-2333
-2055
-1851
-1506
-1249
-986
-722
-404
-83
240
559
838
1116
1425
1724
2008
2273
2485
2621
2778
2970
3153
3344
3389
3417
3436
3413
3423
3417
3395
3316
3144
3009
2867
2706
2564
2411
2256
2041
1824
1612
1433
1304
1130
989
845
703
533
396
346
315
285
230
102
1
-64
-104
-145
-188
-220
-276
-361
-441
-523
-586
-612
-678
-792
-947
-1090
-1256
-1399
-1581
-1725
-1869
-2106
-2276
-2438
-2570
-2691
-2861
-3041
-3156
-3247
-3362
-3413
-3464
-3483
-3457
-3494
-3421
-3353
-3251
-3097
-2961
-2785
-2581
-2367
-2167
-1898
-1600
-1305
-1015
-738
-496
-212
133
434
690
905
1117
1403
1698
1954
2166
2321
2434
2572
2731
2877
3014
3060
3035
3072
3070
3029
3018
2982
2906
2783
2654
2554
2483
2380
2261
2141
2004
1815
1638
1508
1427
1378
1269
1056
900
795
736
677
585
481
393
277
147
76
13
-18
-93
-188
-275
-408
-561
-673
-742
-818
-919
-1067
-1252
-1362
-1464
-1579
-1697
-1843
-1963
-2089
-2227
-2304
-2387
-2447
-2545
-2610
-2661
-2706
-2681
-2712
-2703
-2663
-2605
-2525
-2462
-2348
-2197
-2057
-1917
-1757
-1588
-1378
-1196
-976
-763
-556
-365
-159
65
306
540
735
891
1031
1182
1378
1571
1705
1804
1884
1974
2022
2094
2147
2152
2146
2138
2100
2095
2081
2077
2103
2063
1975
1908
1853
1840
1849
1782
1669
1560
1507
1459
1408
1343
1223
1145
1055
971
889
814
766
723
585
454
353
217
92
-21
-124
-241
-356
-513
-650
-747
-885
-995
-1103
-1239
-1342
-1463
-1569
-1676
-1770
-1828
-1917
-1996
-2047
-2068
-2083
-2117
-2135
-2135
-2133
-2115
-2055
-2003
-1947
-1891
-1874
-1804
-1701
-1557
-1405
-1290
-1169
-1053
-908
-735
-525
-336
-190
-55
84
279
457
611
729
853
995
1100
1172
1257
1331
1391
1471
1499
1558
1582
1600
1642
1621
1616
1593
1578
1597
1596
1573
1528
1481
1444
1445
1416
1384
1337
1281
1235
1166
1122
1092
1024
930
847
776
692
628
542
453
368
265
171
43
-86
-181
-275
-375
-493
-647
-762
-868
-945
-1004
-1155
-1271
-1405
-1492
-1518
-1569
-1607
-1693
-1763
-1809
-1821
-1797
-1782
-1797
-1798
-1769
-1758
-1721
-1688
-1631
-1530
-1439
-1352
-1310
-1239
-1140
-980
-845
-719
-607
-533
-393
-271
-139
12
112
206
301
385
447
532
600
623
692
741
761
803
845
885
907
889
882
885
908
942
977
952
917
884
864
871
908
947
885
850
800
795
851
857
833
783
763
695
647
616
583
572
517
412
277
199
175
101
61
-47
-189
-308
-431
-504
-568
-659
-774
-889
-983
-1056
-1161
-1238
-1272
-1292
-1377
-1446
-1481
-1494
-1497
-1490
-1454
-1465
-1465
-1455
-1443
-1372
-1287
-1233
-1182
-1137
-1104
-1001
-879
-749
-659
-563
-464
-365
-253
-168
-56
64
133
225
286
342
436
514
588
623
649
682
763
842
850
852
871
874
897
949
967
970
971
983
969
969
964
966
979
944
913
927
955
935
934
930
915
887
867
849
838
847
827
767
693
652
654
624
551
454
357
280
197
105
-21
-114
-211
-311
-413
-516
-595
-716
-804
-878
-970
-1018
-1043
-1113
-1157
-1222
-1224
-1198
-1188
-1172
-1183
-1178
-1155
-1095
-1031
-970
-922
-868
-782
-717
-671
-563
-460
-362
-285
-202
-155
-116
-11
61
132
184
176
203
227
246
296
337
398
374
352
367
368
372
389
415
399
402
387
398
417
426
446
463
466
442
465
489
529
580
564
554
568
573
593
601
612
629
612
587
561
545
563
583
561
497
432
389
340
287
262
186
70
-42
-153
-253
-309
-409
-535
-633
-716
-798
-891
-966
-1037
-1080
-1137
-1203
-1219
-1232
-1231
-1240
-1253
-1210
-1182
-1117
-1038
-974
-894
-861
-794
-683
-535
-429
-346
-292
-232
-130
-46
50
148
209
220
267
313
363
406
468
515
521
527
519
521
571
608
603
607
578
562
576
579
627
661
649
617
609
645
661
738
780
788
803
793
765
783
820
881
910
910
881
839
832
835
842
804
777
707
668
574
506
463
403
342
229
136
45
-71
-186
-271
-376
-481
-586
-698
-828
-952
-1029
-1130
-1187
-1244
-1305
-1367
-1431
-1437
-1460
-1446
-1391
-1359
-1314
-1281
-1272
-1208
-1097
-969
-838
-757
-703
-618
-519
-411
-320
-192
-82
-32
0
53
118
217
300
334
375
386
419
477
523
571
604
633
642
637
644
652
686
715
752
759
760
763
798
846
897
948
957
956
999
1023
1070
1103
1106
1142
1156
1142
1138
1139
1172
1186
1172
1137
1087
984
962
912
828
797
696
599
521
427
301
168
59
-5
-99
-255
-382
-501
-614
-723
-790
-884
-991
-1072
-1157
-1245
-1315
-1346
-1368
-1374
-1373
-1382
-1393
-1389
-1372
-1322
-1237
-1158
-1096
-1066
-991
-938
-868
-756
-668
-565
-476
-465
-428
-348
-272
-178
-106
-72
-48
-1
47
93
170
220
275
336
325
368
424
462
553
608
650
698
725
778
857
925
975
1029
1064
1103
1156
1229
1303
1363
1417
1426
1455
1464
1485
1511
1514
1484
1463
1435
1386
1352
1307
1260
1181
1096
991
909
771
633
525
407
309
171
38
-107
-242
-351
-451
-553
-622
-734
-865
-951
-1044
-1093
-1130
-1178
-1217
-1300
-1371
-1400
-1410
-1402
-1403
-1391
-1396
-1420
-1451
-1420
-1382
-1336
-1298
-1285
-1257
-1253
-1195
-1127
-1053
-988
-962
-925
-889
-811
-751
-698
-604
-549
-489
-423
-379
-331
-259
-191
-124
-61
7
73
133
229
316
382
452
556
611
683
779
863
971
1040
1114
1207
1260
1321
1397
1430
1489
1534
1546
1571
1586
1608
1583
1568
1563
1535
1504
1449
1368
1288
1188
1108
1055
961
865
727
609
520
397
294
203
113
27
-84
-194
-285
-376
-441
-504
-571
-663
-743
-822
-881
-921
-988
-1037
-1074
-1133
-1141
-1199
-1246
-1256
-1267
-1273
-1294
-1312
-1301
-1292
-1282
-1245
-1207
-1190
-1156
-1126
-1089
-1038
-956
-904
-835
-756
-729
-655
-591
-483
-386
-317
-282
-230
-152
-59
23
102
185
248
329
430
506
585
657
728
784
838
905
942
1000
1062
1117
1135
1159
1158
1196
1223
1253
1261
1248
1251
1230
1196
1165
1147
1113
1083
1004
967
908
856
808
735
691
661
606
558
499
431
384
342
288
232
156
52
-3
-93
-129
-179
-253
-346
-432
-499
-575
-620
-684
-743
-821
-880
-954
-1013
-1067
-1084
-1141
-1188
-1233
-1276
-1263
-1286
-1308
-1291
-1285
-1265
-1212
-1188
-1136
-1121
-1068
-976
-908
-835
-742
-660
-549
-450
-383
-281
-157
-51
29
146
247
352
443
521
628
717
817
874
943
991
1016
1068
1120
1148
1162
1176
1184
1187
1193
1209
1175
1134
1097
1087
1055
1035
977
933
923
853
825
773
729
711
661
592
583
563
542
508
464
424
402
360
283
257
247
202
163
116
53
22
-60
-134
-186
-226
-304
-383
-468
-541
-572
-653
-718
-798
-872
-961
-1029
-1079
-1142
-1178
-1223
-1250
-1263
-1268
-1296
-1308
-1317
-1314
-1284
-1242
-1233
-1194
-1135
-1078
-1015
-935
-867
-789
-700
-650
-578
-471
-335
-254
-168
-79
-10
102
177
220
364
439
471
533
588
678
707
730
748
784
784
792
815
799
794
807
807
795
785
740
728
741
730
698
663
630
608
581
576
578
549
566
504
457
436
446
440
427
390
360
305
234
236
212
172
125
62
23
-38
-103
-117
-183
-221
-268
-363
-410
-443
-478
-532
-593
-643
-718
-765
-798
-855
-881
-899
-894
-952
-985
-970
-961
-950
-981
-955
-944
-898
-848
-816
-754
-691
-626
-564
-540
-451
-383
-308
-219
-169
-54
25
73
157
272
328
428
484
540
620
659
697
694
720
778
799
818
863
836
828
825
785
796
783
796
776
728
701
634
632
608
597
600
542
500
468
438
409
371
335
315
265
229
200
166
141
103
53
25
-6
-7
-49
-89
-92
-148
-194
-245
-288
-295
-325
-370
-386
-450
-478
-511
-563
-616
-666
-676
-705
-730
-747
-765
-810
-811
-811
-836
-831
-839
-821
-840
-797
-771
-746
-723
-682
-638
-585
-541
-496
-445
-383
-320
-285
-208
-202
-127
-47
7
72
112
167
200
218
247
303
371
411
407
367
396
380
-433
-447
586
731
-909
-1557
143
1128
286
-486
-1166
-2886
-2348
1137
2151
-853
-2276
-678
-111
-2007
-2602
-104
797
143
454
627
-485
-2261
-1317
723
827
511
2730
2632
134
-1258
-1180
663
968
1522
2110
1345
83
-311
-133
6
-84
-150
794
823
306
-63
-1135
-1858
-1457
-182
372
-126
36
-458
-1397
-1559
-877
-592
-131
369
594
702
-11
-393
-294
-299
-304
388
1322
1546
983
379
45
-227
-199
649
1142
1290
1220
789
514
327
36
158
746
1047
1086
779
427
188
68
23
433
855
881
998
723
273
-106
214
662
739
798
874
666
99
-18
123
253
560
865
753
297
-30
-148
-108
39
179
439
360
93
-259
-458
-537
-536
-204
132
196
-95
-444
-764
-796
-729
-963
-1115
-1208
-977
-469
-313
-477
-798
-1057
-1008
-886
-583
-302
-410
-483
-420
-552
-666
-733
-653
-516
-411
-64
58
-94
-215
-373
-211
201
396
459
359
109
-73
97
392
446
457
481
486
428
298
247
225
231
534
854
936
812
641
505
329
364
668
841
785
698
574
510
484
547
675
549
489
503
549
597
487
329
237
279
350
395
211
-75
-170
-125
-78
-58
8
-34
-258
-385
-374
-393
-389
-366
-360
-423
-559
-657
-602
-560
-586
-579
-551
-493
-613
-743
-778
-646
-395
-379
-435
-563
-752
-665
-441
-354
-376
-435
-483
-531
-480
-391
-228
-183
-224
-152
-149
-192
-190
-60
-55
-85
82
244
301
148
26
29
66
298
607
636
517
375
386
515
496
587
845
876
703
583
623
727
587
590
863
920
858
808
725
644
650
705
751
816
830
720
475
370
331
307
307
193
116
54
44
-5
-183
-365
-393
-314
-400
-441
-582
-673
-791
-954
-940
-894
-884
-960
-1076
-1174
-1230
-1259
-1258
-1272
-1199
-1028
-1002
-1040
-1096
-1203
-1208
-1173
-996
-782
-691
-717
-821
-849
-737
-621
-549
-392
-366
-380
-257
-206
-195
-168
-62
-19
52
155
245
254
297
360
363
419
524
639
607
593
643
711
850
822
793
752
766
862
955
1001
1016
1096
1044
962
941
972
1006
1064
1040
953
894
905
993
929
753
696
647
633
633
563
531
473
302
224
199
156
14
-133
-178
-242
-258
-302
-429
-546
-702
-720
-719
-763
-814
-904
-972
-1049
-1108
-1152
-1179
-1135
-1035
-1073
-1098
-1057
-1138
-1136
-1070
-971
-880
-834
-840
-883
-828
-716
-593
-531
-495
-445
-344
-299
-297
-195
-138
-157
-117
-9
87
174
178
132
79
140
309
403
417
363
319
337
414
511
513
495
532
550
569
629
572
567
589
689
825
799
731
624
626
662
681
712
736
778
752
686
625
576
567
541
600
562
372
355
353
293
194
68
85
53
4
-20
-88
-183
-338
-324
-262
-323
-410
-434
-482
-579
-635
-665
-672
-715
-601
-559
-667
-689
-732
-738
-825
-854
-742
-660
-594
-540
-632
-790
-861
-788
-608
-591
-640
-610
-495
-489
-521
-438
-421
-404
-367
-295
-226
-217
-207
-129
-90
-76
-23
59
83
121
217
228
238
277
334
405
489
510
581
615
617
592
635
718
747
840
881
901
860
830
925
999
964
969
1033
1018
914
847
829
875
857
890
925
798
602
546
538
432
371
323
259
129
19
-80
-165
-278
-422
-529
-625
-679
-656
-701
-888
-1034
-1063
-1088
-1161
-1167
-1140
-1223
-1299
-1308
-1232
-1233
-1214
-1139
-1014
-960
-961
-926
-910
-857
-821
-663
-497
-420
-317
-301
-325
-306
-267
-154
-8
164
268
298
295
232
245
286
359
498
614
588
581
537
513
557
598
682
767
835
818
776
752
725
754
836
932
957
935
928
899
808
749
811
809
839
854
904
916
868
793
752
702
660
716
724
684
662
622
545
394
266
267
261
254
201
205
125
6
-81
-148
-194
-288
-341
-405
-523
-633
-669
-629
-630
-712
-764
-909
-1014
-1005
-968
-968
-941
-879
-883
-910
-980
-1029
-958
-964
-881
-755
-704
-685
-655
-625
-657
-596
-479
-358
-319
-319
-266
-237
-234
-222
-141
-87
-51
35
60
97
168
178
177
177
198
285
398
430
459
501
541
479
426
458
493
522
601
647
611
592
592
634
644
635
661
675
666
613
598
604
539
523
581
614
514
421
390
328
279
314
341
292
178
92
22
-53
-173
-199
-155
-224
-345
-454
-498
-548
-551
-565
-626
-671
-721
-772
-839
-841
-836
-765
-699
-680
-699
-732
-822
-866
-831
-734
-655
-569
-461
-391
-436
-496
-439
-405
-376
-272
-187
-113
-60
15
41
22
-1
-16
67
74
122
246
326
341
369
274
212
194
156
204
247
307
352
430
453
309
218
147
126
162
234
339
483
528
481
405
328
303
280
296
345
385
483
511
490
409
319
234
231
284
304
298
275
287
214
225
202
128
46
-88
-148
-177
-149
-133
-176
-227
-260
-331
-409
-453
-462
-521
-544
-538
-502
-394
-399
-457
-573
-617
-579
-541
-457
-438
-441
-384
-351
-331
-331
-330
-277
-291
-246
-202
-116
-82
-138
-104
-43
-40
-66
-26
4
10
15
37
77
88
112
117
138
71
75
125
153
220
207
205
209
245
250
268
325
368
390
405
422
475
502
531
585
551
576
619
604
639
639
611
550
546
602
643
667
636
552
458
410
395
391
380
359
297
219
203
168
84
27
-37
-118
-150
-172
-233
-258
-289
-356
-379
-373
-405
-434
-490
-528
-563
-587
-585
-506
-465
-478
-482
-509
-493
-525
-552
-486
-431
-390
-333
-306
-285
-274
-277
-288
-233
-208
-170
-98
-116
-141
-95
-50
-49
-2
57
103
55
71
115
112
166
206
241
251
256
266
271
269
273
350
407
426
464
480
419
368
398
404
482
509
519
526
478
428
384
367
339
348
345
360
347
311
262
257
265
227
250
231
157
93
-15
-68
-69
-19
12
33
4
-71
-152
-243
-332
-344
-345
-335
-348
-380
-434
-479
-495
-482
-518
-555
-597
-608
-585
-633
-640
-655
-670
-663
-630
-609
-591
-618
-623
-578
-576
-533
-480
-397
-368
-385
-319
-294
-256
-181
-134
-62
7
46
111
166
145
165
213
197
271
372
428
419
405
422
432
448
432
438
491
519
503
475
483
474
486
494
457
468
429
414
423
376
367
378
374
342
294
254
218
145
100
90
103
121
87
47
-18
-62
-135
-174
-170
-175
-195
-275
-315
-323
-372
-422
-471
-473
-497
-497
-466
-480
-505
-553
-548
-535
-549
-557
-547
-543
-591
-555
-565
-546
-512
-501
-458
-444
-457
-466
-443
-414
-360
-337
-290
-256
-198
-211
-193
-124
-66
-2
71
116
106
137
204
286
350
387
456
510
548
602
628
655
707
717
739
781
803
805
828
842
835
827
812
801
798
766
734
701
651
592
548
506
461
400
369
346
307
283
196
164
103
1
-22
-36
-74
-116
-151
-188
-222
-273
-281
-319
-352
-350
-403
-453
-426
-407
-436
-461
-509
-498
-455
-462
-454
-457
-476
-480
-489
-493
-495
-498
-473
-435
-450
-430
-446
-480
-465
-422
-387
-350
-308
-321
-269
-289
-308
-237
-178
-145
-92
-24
26
36
36
106
188
227
291
357
362
398
438
501
562
593
637
662
659
655
681
686
708
716
718
706
628
643
566
534
555
487
443
400
364
315
308
209
168
142
92
66
23
33
-13
-64
-89
-166
-157
-135
-160
-199
-191
-203
-279
-301
-293
-302
-317
-326
-325
-351
-362
-419
-436
-442
-454
-405
-411
-422
-453
-495
-545
-533
-492
-461
-457
-468
-491
-534
-546
-532
-508
-492
-450
-479
-466
-434
-430
-423
-391
-378
-324
-240
-233
-173
-138
-119
-87
-4
68
83
157
222
259
261
265
336
399
404
432
469
492
496
508
503
524
528
519
498
493
486
464
444
417
379
375
365
309
291
273
245
232
203
153
104
82
31
14
25
8
-7
-72
-93
-121
-148
-168
-195
-208
-249
-307
-292
-308
-335
-363
-403
-413
-430
-445
-468
-469
-504
-540
-539
-553
-515
-536
-577
-558
-563
-574
-552
-515
-519
-513
-477
-473
-445
-437
-415
-382
-351
-318
-262
-210
-196
-168
-151
-104
-68
-21
24
85
148
207
233
288
312
331
377
413
468
479
504
575
604
631
638
676
691
725
726
735
747
718
718
733
743
713
727
712
666
673
624
602
592
554
507
475
458
438
421
366
322
310
271
213
188
153
95
67
28
-21
-58
-95
-100
-119
-158
-248
-237
-259
-304
-310
-327
-312
-340
-379
-418
-426
-452
-459
-427
-429
-435
-473
-455
-446
-469
-480
-455
-443
-454
-434
-407
-376
-367
-359
-330
-294
-321
-291
-238
-203
-154
-119
-88
-71
-43
-8
17
87
128
159
174
198
252
287
339
347
371
418
428
458
505
519
533
559
559
554
574
534
542
554
545
536
551
537
529
533
493
483
456
413
412
385
334
324
299
267
216
192
158
93
45
-5
-45
-78
-110
-130
-143
-167
-194
-259
-307
-354
-386
-397
-404
-431
-453
-454
-464
-485
-496
-505
-498
-505
-499
-494
-507
-477
-458
-485
-484
-457
-431
-402
-388
-401
-363
-344
-386
-321
-324
-328
-294
-261
-236
-232
-256
-246
-192
-189
-142
-115
-124
-118
-130
-149
-131
-111
-48
-32
-25
6
4
30
42
66
74
103
139
160
203
228
210
212
251
277
311
312
327
326
320
313
309
333
317
324
291
275
253
215
177
162
150
105
74
42
23
-29
-69
-115
-133
-167
-200
-221
-248
-276
-291
-337
-379
-397
-410
-402
-439
-405
-452
-479
-454
-488
-478
-483
-505
-496
-464
-490
-476
-448
-445
-409
-392
-353
-376
-336
-330
-347
-316
-320
-286
-240
-229
-187
-175
-159
-120
-95
-73
-67
-23
3
32
67
86
89
100
110
132
162
194
224
260
267
257
280
295
322
348
361
390
393
410
432
420
411
400
382
390
388
381
368
366
350
331
333
320
310
275
257
264
238
213
211
176
140
106
104
95
50
2
1
-28
-69
-66
-129
-141
-140
-176
-177
-216
-218
-229
-257
-287
-317
-314
-316
-316
-327
-330
-338
-360
-358
-394
-386
-378
-388
-388
-397
-409
-421
-399
-419
-393
-358
-360
-365
-337
-336
-332
-299
-295
-283
-258
-277
-237
-189
-203
-156
-122
-115
-95
-53
-22
20
33
55
127
141
153
187
237
245
277
306
325
336
338
354
362
426
420
441
461
469
501
499
517
501
506
511
515
510
466
470
455
445
426
403
376
333
318
265
268
220
183
173
109
56
33
2
-44
-63
-98
-139
-204
-238
-254
-273
-291
-312
-331
-373
-411
-419
-433
-481
-496
-504
-492
-490
-510
-516
-532
-522
-532
-530
-518
-504
-493
-478
-480
-485
-473
-441
-413
-410
-352
-328
-297
-279
-259
-234
-190
-144
-104
-67
-52
7
49
56
90
115
146
166
205
229
216
245
272
283
297
324
339
328
300
323
317
302
307
288
278
283
253
258
224
222
207
175
194
179
150
110
52
33
16
8
-23
-48
-93
-110
-118
-130
-152
-187
-211
-220
-252
-276
-295
-296
-273
-319
-315
-335
-334
-346
-368
-374
-389
-365
-357
-350
-371
-370
-365
-355
-333
-319
-318
-335
-315
-303
-286
-253
-223
-186
-190
-160
-169
-153
-124
-107
-75
-42
-29
6
44
68
97
133
161
162
189
235
265
298
313
338
355
354
361
380
384
402
417
420
433
441
453
446
439
466
470
479
465
455
445
428
409
408
399
364
349
284
271
252
225
203
191
153
103
89
59
14
-32
-40
-46
-79
-103
-120
-154
-216
-237
-265
-256
-291
-357
-323
-331
-351
-349
-369
-402
-394
-382
-391
-372
-400
-390
-375
-388
-358
-356
-352
-346
-310
-307
-287
-271
-251
-226
-200
-191
-177
-144
-142
-136
-112
-86
-66
-46
2
8
24
55
68
98
146
150
170
202
212
254
247
253
286
324
343
362
380
376
392
409
423
427
426
398
399
388
369
380
350
332
291
240
220
201
195
163
137
121
99
77
34
19
-8
-66
-77
-105
-131
-157
-193
-184
-203
-227
-216
-236
-246
-235
-260
-241
-261
-264
-265
-261
-254
-238
-242
-250
-232
-252
-236
-239
-222
-206
-199
-192
-182
-185
-193
-166
-158
-157
-155
-111
-97
-107
-98
-106
-86
-67
-32
-14
-5
26
17
20
45
58
65
99
101
155
158
183
224
233
256
235
246
302
314
326
330
322
330
311
338
333
310
299
289
270
266
232
217
215
202
189
192
172
126
97
66
44
17
-12
-31
-42
-63
-93
-111
-136
-156
-141
-159
-179
-186
-204
-238
-265
-272
-282
-258
-256
-276
-273
-298
-311
-291
-305
-315
-315
-285
-285
-298
-298
-319
-300
-288
-259
-245
-223
-220
-213
-202
-190
-176
-168
-146
-92
-74
-54
-50
-47
-13
-4
24
41
64
68
75
80
113
104
133
147
160
174
199
222
229
237
250
269
252
257
271
290
278
271
279
270
283
274
255
281
242
229
240
212
189
202
175
131
120
104
57
50
29
-3
-21
-55
-74
-93
-122
-135
-147
-168
-176
-170
-179
-214
-233
-252
-271
-281
-294
-298
-309
-313
-315
-310
-315
-316
-330
-332
-322
-325
-325
-296
-297
-279
-267
-307
-245
-247
-260
-234
-211
-174
-160
-136
-127
-107
-78
-62
-45
-6
20
36
53
73
96
121
146
160
200
233
235
297
297
314
353
350
355
377
382
404
415
393
383
394
399
390
410
395
367
367
334
319
308
282
248
248
219
198
202
158
134
107
100
58
66
54
23
2
-32
-47
-56
-64
-77
-88
-110
-130
-108
-139
-137
-150
-192
-200
-217
-240
-254
-252
-272
-303
-295
-311
-323
-310
-347
-347
-365
-362
-337
-341
-312
-311
-317
-328
-310
-324
-327
-299
-320
-329
-323
-315
-333
-299
-241
-205
-206
-144
-94
-74
-17
-20
-2
23
67
118
169
159
171
175
154
176
178
180
207
220
216
225
234
204
194
186
145
158
165
157
151
134
110
130
91
67
83
43
34
41
37
31
45
43
46
54
43
16
-7
-15
-33
-52
-19
-45
-84
-84
-132
-144
-157
-180
-187
-188
-203
-207
-224
-242
-256
-270
-266
-265
-291
-295
-276
-290
-288
-273
-283
-278
-287
-274
-283
-263
-240
-236
-211
-201
-194
-154
-146
-140
-104
-89
-66
-45
-24
-9
28
27
71
106
114
135
160
174
205
215
214
236
241
259
273
257
274
302
282
277
295
295
281
294
284
285
288
274
260
257
237
234
222
209
202
182
160
148
132
97
106
97
72
68
43
30
19
3
0
-13
-24
-60
-48
-55
-57
-51
-91
-82
-85
-124
-140
-151
-159
-174
-174
-168
-183
-176
-201
-218
-213
-231
-233
-232
-212
-208
-202
-211
-191
-189
-198
-154
-148
-137
-109
-115
-116
-97
-89
-73
-53
-36
-17
35
37
29
67
60
85
112
109
125
148
166
178
198
213
214
215
214
223
234
242
280
296
313
320
331
336
356
345
340
343
339
324
325
314
283
291
278
265
254
235
213
221
213
202
207
174
168
175
150
135
118
96
94
62
49
43
39
25
7
-21
-30
-34
-59
-64
-69
-69
-64
-85
-94
-71
-97
-112
-124
-145
-134
-135
-163
-147
-161
-176
-191
-191
-189
-180
-178
-193
-175
-182
-185
-162
-180
-163
-179
-173
-157
-144
-147
-133
-107
-107
-78
-67
-55
-65
-36
-32
-24
-29
3
25
48
80
68
114
122
133
168
162
170
186
183
190
218
238
251
245
261
250
242
258
241
254
270
275
281
281
280
280
269
273
264
263
253
246
229
212
181
140
135
122
103
82
81
68
32
28
16
-1
-26
-35
-2
-17
-26
-35
-51
-64
-53
-56
-61
-48
-85
-88
-93
-99
-100
-106
-106
-92
-103
-102
-97
-97
-98
-79
-58
-64
-48
-59
-94
-69
-85
-83
-60
-57
-40
-20
-25
-17
-8
19
13
27
63
59
68
97
88
97
110
108
120
132
166
141
162
172
182
195
176
212
216
203
219
210
228
211
194
219
195
199
191
169
181
165
162
174
143
127
126
104
82
79
49
60
56
21
31
7
-22
-37
-43
-67
-64
-70
-73
-85
-96
-129
-138
-156
-171
-159
-158
-147
-169
-175
-180
-171
-193
-182
-185
-178
-177
-185
-186
-202
-190
-204
-191
-201
-182
-164
-191
-165
-163
-167
-130
-136
-106
-97
-73
-50
-43
-18
-28
-7
21
20
52
51
67
96
109
136
141
151
163
182
207
234
236
226
240
272
281
285
284
274
275
279
276
269
281
258
268
268
231
230
213
190
177
160
126
131
127
109
98
87
67
40
49
-3
27
8
-10
-18
-53
-64
-64
-78
-70
-83
-83
-87
-120
-103
-102
-115
-122
-139
-141
-121
-140
-143
-144
-143
-160
-153
-162
-153
-140
-146
-138
-134
-127
-111
-97
-95
-74
-71
-62
-48
-53
-40
-28
-33
-17
-11
-19
-23
-19
6
13
12
45
80
66
88
109
101
109
141
119
127
125
118
140
135
132
123
123
126
113
109
93
63
61
57
52
59
33
22
30
0
-9
-26
-24
-38
-66
-55
-55
-81
-84
-84
-96
-102
-140
-160
-153
-164
-167
-173
-174
-180
-174
-179
-178
-165
-184
-172
-160
-164
-150
-162
-158
-149
-173
-144
-133
-109
-90
-93
-72
-57
-39
-42
-23
-3
-12
-3
10
32
36
24
54
84
101
99
102
130
139
148
162
169
184
205
190
217
222
223
245
247
245
234
252
232
232
222
209
206
197
192
167
169
173
154
154
127
119
98
92
78
69
70
45
45
20
40
38
36
40
10
-23
-18
-35
-33
-24
-61
-26
-37
-80
-50
-78
-94
-79
-124
-135
-132
-153
-156
-168
-159
-191
-203
-201
-222
-194
-206
-205
-176
-189
-191
-184
-180
-181
-184
-176
-157
-170
-161
-143
-138
-121
-115
-96
-95
-99
-80
-82
-45
-43
-22
-8
-7
24
34
23
60
76
91
114
114
126
151
152
145
195
188
184
207
204
211
230
210
214
217
192
220
215
200
217
190
187
171
155
166
159
137
129
112
95
78
69
47
22
34
20
14
-6
-18
-42
-58
-41
-54
-73
-64
-84
-95
-97
-120
-118
-107
-121
-121
-128
-138
-103
-99
-115
-91
-101
-81
-95
-96
-79
-82
-58
-58
-61
-37
-33
-25
-20
-15
-8
0
30
25
35
47
51
51
92
86
82
95
78
102
80
73
77
94
106
91
118
108
106
112
81
107
114
136
131
106
114
99
82
77
87
83
89
71
82
84
78
82
54
46
51
47
38
41
20
4
-33
-35
-68
-69
-68
-100
-106
-145
-145
-149
-160
-170
-169
-196
-205
-208
-220
-204
-206
-213
-211
-204
-203
-211
-206
-236
-237
-220
-236
-234
-254
-225
-207
-239
-233
-202
-199
-201
-173
-158
-138
-134
-141
-94
-81
-75
-54
-56
-51
-26
-13
14
39
54
75
80
117
151
130
138
180
170
188
191
193
212
213
238
237
243
257
254
256
287
267
268
252
257
260
253
246
240
278
247
253
237
221
223
203
198
207
213
195
193
184
166
144
166
146
123
128
113
89
76
58
50
47
19
24
1
-18
-24
-35
-31
-48
-67
-86
-97
-100
-82
-123
-124
-143
-135
-142
-165
-165
-171
-167
-176
-161
-162
-136
-132
-131
-110
-114
-106
-91
-84
-63
-49
-55
-20
-39
0
22
7
22
44
58
79
86
87
129
122
137
162
162
179
179
166
186
190
198
217
213
208
219
224
210
216
218
215
219
212
203
204
196
195
214
201
190
211
190
187
186
167
182
146
131
129
114
90
95
51
51
57
2
0
-14
-40
-74
-81
-70
-89
-96
-111
-127
-122
-152
-139
-155
-191
-162
-180
-188
-188
-190
-188
-191
-176
-195
-190
-180
-205
-194
-194
-205
-212
-219
-189
-198
-203
-201
-186
-184
-167
-158
-137
-127
-115
-101
-72
-59
-80
-73
-55
-28
-49
-2
-16
-28
9
2
-4
11
5
-1
4
32
38
35
59
53
59
65
80
94
107
109
127
134
129
130
118
119
118
115
112
117
106
111
94
81
95
51
51
46
44
56
27
-2
-5
0
-9
-32
-9
-39
-83
-57
-92
-106
-99
-115
-101
-111
-127
-111
-137
-145
-141
-157
-138
-161
-163
-153
-145
-153
-181
-155
-156
-185
-155
-164
-155
-164
-170
-153
-141
-119
-127
-123
-104
-73
-62
-39
-48
-41
-29
-16
-8
1
10
2
-6
8
12
28
23
34
59
45
74
68
76
95
92
113
111
130
133
114
120
127
138
158
149
154
162
148
141
141
125
139
128
124
133
116
103
100
74
73
67
43
58
35
9
10
7
-8
-9
-33
-49
-51
-47
-74
-98
-124
-133
-158
-164
-160
-189
-208
-201
-225
-218
-213
-235
-221
-233
-237
-214
-213
-207
-195
-201
-192
-170
-172
-165
-166
-181
-174
-159
-165
-143
-138
-143
-118
-121
-111
-85
-73
-56
-16
-30
-25
-20
-5
12
17
49
47
77
96
101
133
151
167
182
194
189
199
188
198
208
200
214
210
218
202
204
219
227
212
218
216
206
217
211
229
236
231
215
225
199
217
213
186
181
158
149
127
119
108
89
68
66
49
15
4
2
-41
-19
-44
-64
-68
-115
-107
-83
-108
-124
-144
-169
-152
-163
-187
-180
-181
-188
-177
-215
-209
-217
-232
-238
-234
-214
-243
-212
-215
-235
-198
-227
-212
-177
-225
-198
-188
-174
-145
-145
-146
-127
-124
-113
-59
-67
-66
-69
-65
-68
-50
-37
-29
4
-9
-8
5
9
19
25
16
26
35
30
49
50
54
50
50
48
60
61
23
29
35
28
28
2
0
-18
-10
18
-6
13
-38
-33
-2
-12
4
-1
4
-26
1
-6
-23
-38
-54
-53
-32
-40
-77
-86
-98
-95
-81
-106
-99
-121
-150
-132
-164
-178
-176
-169
-189
-183
-183
-188
-171
-182
-181
-160
-164
-163
-127
-126
-113
-101
-70
-66
-48
-59
-44
-22
-29
-2
14
19
40
49
55
99
84
102
118
118
115
129
130
151
177
167
188
179
173
184
199
175
172
162
168
165
159
137
146
121
127
121
72
99
68
47
35
25
24
0
-30
-9
-17
-31
-23
-42
-68
-78
-98
-105
-86
-107
-128
-144
-157
-171
-179
-195
-203
-204
-202
-207
