6
8
17
3
14
14
15
25
17
23
24
31
42
33
29
35
34
42
41
36
38
19
10
19
18
5
9
-2
-2
19
14
16
-2
-22
-13
-7
-14
-21
-11
0
-7
-16
-16
-27
-24
-45
-42
-34
-47
-34
-25
-16
-24
-33
-16
-32
-37
-37
-40
-47
-51
-61
-60
-74
-80
-77
-83
-80
-84
-60
-57
-43
-34
-25
-9
-19
-23
-35
-44
-47
-43
-35
-52
-43
-36
-42
-31
-31
-17
-8
-19
-5
-5
-14
-1
-6
-5
-23
-25
-37
-53
-46
-51
-36
-15
-7
-16
-17
-14
-20
-12
-6
6
16
13
8
10
17
19
32
38
37
49
56
56
71
76
66
74
76
73
92
84
73
84
91
96
83
69
75
68
74
76
66
77
79
94
92
73
94
87
87
81
90
105
103
108
112
117
127
129
129
122
103
118
119
112
122
117
130
121
118
122
120
101
89
106
93
97
108
123
129
130
129
124
132
101
99
112
95
90
108
109
115
108
103
116
115
117
114
120
106
104
98
76
62
62
49
32
15
11
12
11
24
36
39
33
54
57
63
59
66
76
65
69
67
56
41
59
61
64
59
64
56
61
65
69
61
51
50
48
48
40
19
1
0
-15
-15
-17
-6
-6
-9
8
0
0
8
11
12
18
18
7
-5
-11
-27
-42
-43
-31
-38
-36
-14
-17
-18
-29
-33
-46
-48
-58
-60
-68
-73
-90
-77
-63
-70
-56
-41
-37
-17
-4
-7
-14
-9
-32
-40
-53
-62
-62
-61
-44
-55
-37
-35
-41
-25
-15
-25
-20
-14
-21
-17
-47
-54
-56
-54
-44
-38
-30
-41
-44
-53
-31
-28
-3
21
25
18
7
13
6
-5
-16
-2
12
29
32
34
53
52
55
60
59
46
33
29
33
31
26
24
27
17
18
32
24
33
36
34
37
43
48
39
20
0
14
3
-16
1
-1
-2
-10
8
3
-5
2
12
14
18
39
43
51
44
50
50
50
52
53
60
64
89
104
113
118
117
107
119
132
122
119
133
128
126
127
124
121
109
110
98
94
99
92
88
100
94
97
109
110
108
99
84
72
66
59
71
71
89
89
88
102
104
113
115
109
110
110
106
98
99
108
100
105
95
91
102
109
113
110
117
129
125
126
142
151
175
185
194
204
204
180
175
175
171
171
176
189
183
178
179
177
181
188
177
177
181
164
178
161
136
135
132
138
145
141
147
146
147
153
155
137
139
133
112
100
91
90
90
96
89
109
108
84
81
84
89
78
77
65
46
33
21
31
25
12
-1
-14
-21
-18
-15
-11
-24
-29
-20
-21
-23
-47
-31
-28
-43
-44
-42
-28
-36
-32
-24
-37
-41
-65
-77
-69
-74
-63
-68
-61
-52
-44
-37
-26
-35
-59
-49
-51
-62
-62
-52
-62
-66
-66
-54
-60
-63
-48
-49
-59
-57
-46
-42
-56
-57
-46
-61
-57
-61
-54
-76
-91
-89
-75
-82
-83
-69
-63
-60
-55
-50
-47
-47
-57
-44
-49
-51
-67
-63
-57
-73
-84
-76
-70
-62
-40
-48
-48
-29
-19
-9
2
16
17
15
22
19
18
26
33
33
41
56
68
74
93
91
82
88
79
86
69
69
60
61
78
60
70
76
80
77
87
97
95
95
91
100
98
80
62
53
54
62
77
79
93
101
120
119
108
105
88
91
90
85
78
88
91
93
95
81
76
63
55
41
37
33
33
20
16
9
-2
14
14
3
-7
-12
-3
-11
-15
-5
-1
-1
-7
2
1
5
11
10
7
6
-5
-2
-1
11
5
-4
4
15
11
4
3
4
1
-11
17
14
22
17
19
24
13
18
-5
-6
6
7
-1
6
9
33
41
53
55
60
66
55
47
46
52
29
15
13
8
-18
-33
-29
-37
-41
-25
-27
-20
-16
-13
-4
-8
-14
-9
-12
-14
-30
-39
-38
-43
-50
-34
-31
-34
-21
-2
9
16
30
19
7
-13
-14
-3
2
16
7
26
36
40
42
51
68
78
90
100
102
94
90
91
86
87
93
90
101
88
86
98
98
84
84
82
93
86
77
86
72
57
60
53
32
27
28
10
14
28
24
17
7
-6
-18
-25
-22
-6
-21
-29
-41
-56
-57
-60
-72
-76
-66
-72
-56
-41
-54
-42
-69
-77
-84
-84
-83
-103
-105
-100
-105
-112
-118
-101
-116
-130
-107
-101
-98
-100
-95
-117
-120
-125
-123
-112
-103
-95
-100
-95
-108
-112
-118
-123
-123
-109
-105
-112
-79
-66
-66
-63
-56
-36
-41
-42
-46
-32
-41
-37
-35
-38
-47
-54
-50
-55
-63
-44
-18
0
12
24
25
33
22
16
26
8
13
20
19
15
32
29
12
10
10
14
16
32
40
57
56
46
59
44
37
47
39
31
23
23
51
41
42
57
78
85
70
70
58
49
44
53
58
66
83
83
72
77
94
103
105
101
104
82
79
89
76
70
79
80
74
70
62
52
50
56
67
62
61
80
77
74
64
64
62
46
56
64
76
61
26
8
17
44
48
35
32
16
8
11
-6
-3
-11
-28
-21
0
16
0
-18
-22
-44
-35
-32
-47
-43
-54
-56
-53
-33
-29
-26
-25
-35
-15
-9
3
-1
-29
-17
-30
-44
-47
-52
-54
-48
-48
-58
-41
-28
-9
-11
-14
-11
0
-10
-14
-7
-18
-33
-30
-11
10
22
10
10
0
-1
12
8
28
19
37
55
67
88
62
62
36
25
19
-1
6
29
35
51
52
61
68
50
45
50
67
64
60
64
65
53
39
29
27
15
13
40
35
50
59
60
62
50
40
56
40
26
37
32
38
42
66
65
76
92
101
118
105
114
119
98
105
92
93
100
99
106
85
81
101
88
111
118
132
124
115
135
109
100
79
65
49
40
26
16
20
13
-1
-8
-1
-11
-14
-8
-5
-2
7
7
-5
-2
-21
-28
-28
-47
-44
-44
-30
-7
-7
-4
1
9
4
3
15
6
-12
-26
-28
-31
-33
-21
-41
-41
-20
-22
-11
12
19
8
18
18
25
29
17
13
3
-5
-17
-22
-24
-28
-34
-33
-38
-24
-37
-23
-33
-35
-31
-58
-59
-69
-77
-70
-66
-69
-78
-86
-98
-109
-103
-113
-93
-85
-67
-42
-65
-44
-63
-85
-100
-89
-69
-74
-73
-80
-82
-90
-92
-93
-100
-90
-73
-48
-42
-54
-37
-35
-48
-43
-28
-42
-37
-51
-52
-48
-51
-54
-54
-61
-85
-71
-70
-52
-38
-22
-4
-5
2
2
-11
-26
-12
-16
-16
-9
-6
-4
-15
-16
-11
-9
18
41
53
62
68
74
74
76
55
44
46
52
47
56
60
65
70
64
75
81
60
52
56
56
59
64
60
74
56
57
60
63
52
52
69
70
89
82
105
115
108
109
97
101
91
83
88
89
82
71
83
95
72
91
91
96
89
78
86
72
71
68
57
69
67
60
60
45
44
44
67
55
62
70
69
68
72
75
74
59
42
36
24
24
2
-9
-6
-3
0
-12
-14
-23
-38
-38
-46
-29
-34
-49
-51
-69
-53
-65
-65
-60
-56
-66
-66
-42
-43
-44
-65
-69
-65
-68
-53
-63
-73
-76
-92
-91
-93
-99
-108
-139
-158
-163
-161
-142
-141
-137
-115
-100
-100
-110
-105
-104
-102
-93
-107
-110
-100
-93
-82
-71
-56
-48
-54
-18
-4
7
13
25
21
13
21
8
-1
4
11
21
26
18
47
32
30
43
35
51
39
35
32
19
9
-8
1
-5
-5
13
12
8
10
3
16
2
13
23
-9
-5
-29
-40
-53
-56
-39
-52
-42
-32
-52
-50
-59
-66
-61
-84
-72
-96
-89
-83
-96
-89
-115
-104
-101
-117
-102
-118
-106
-89
-88
-63
-63
-56
-47
-38
-32
-32
-27
-44
-42
-41
-50
-55
-83
-81
-93
-107
-93
-92
-86
-87
-89
-108
-100
-88
-117
-125
-152
-166
-182
-191
-173
-167
-165
-168
-161
-153
-152
-135
-147
-149
-137
-140
-121
-132
-141
-158
-172
-169
-167
-163
-154
-150
-148
-149
-153
-159
-164
-177
-195
-184
-183
-167
-149
-144
-149
-146
-143
-121
-103
-94
-84
-94
-83
-74
-79
-84
-85
-91
-94
-96
-74
-62
-62
-71
-74
-74
-70
-67
-67
-55
-76
-68
-54
-38
-19
-15
-4
5
29
47
52
56
45
56
57
53
52
61
63
71
80
71
83
64
64
70
55
64
50
54
41
24
23
12
5
11
19
7
16
16
42
50
22
19
3
-11
-24
-15
7
17
15
0
-1
-12
-21
-15
-23
-18
-26
-25
-2
-12
-13
-37
-43
-58
-72
-79
-78
-77
-74
-82
-77
-85
-81
-69
-61
-56
-59
-52
-63
-57
-58
-67
-79
-87
-93
-99
-105
-106
-112
-114
-126
-136
-147
-146
-138
-165
-156
-136
-140
-146
-139
-124
-132
-144
-138
-156
-160
-156
-164
-158
-153
-156
-142
-141
-136
-130
-134
-143
-146
-142
-151
-136
-131
-140
-123
-125
-126
-139
-123
-116
-111
-114
-115
-106
-100
-84
-79
-60
-54
-48
-48
-29
-32
-39
-38
-42
-49
-65
-69
-60
-51
-57
-47
-52
-57
-43
-40
-32
-35
-24
4
-15
-9
12
9
-10
-16
-13
-31
-7
6
5
24
14
27
21
27
32
37
40
35
67
65
75
73
82
95
90
73
83
78
67
50
35
49
38
37
28
24
25
20
28
27
34
18
16
15
-16
-21
-29
-60
-48
-75
-96
-94
-97
-95
-82
-79
-74
-62
-45
-42
-44
-37
-60
-61
-75
-59
-65
-68
-65
-71
-59
-68
-89
-83
-85
-97
-93
-98
-70
-63
-64
-61
-88
-105
-102
-126
-129
-144
-137
-134
-133
-100
-120
-108
-105
-131
-125
-127
-125
-116
-114
-119
-116
-125
-132
-120
-134
-144
-144
-154
-142
-141
-149
-146
-170
-169
-160
-158
-148
-147
-148
-133
-143
-145
-126
-124
-123
-120
-109
-91
-91
-93
-72
-100
-121
-113
-98
-99
-100
-77
-81
-80
-90
-75
-43
-40
-40
-22
2
-9
-29
-31
-38
-38
-40
-38
-11
-6
-8
5
-4
0
3
19
26
20
33
33
40
30
26
38
32
34
50
50
58
47
44
32
-6
-5
-9
-4
-12
-9
24
2
3
18
13
38
32
44
59
56
66
62
53
63
44
68
78
103
120
133
141
135
153
146
128
130
112
114
104
104
119
110
114
103
105
107
96
108
102
77
83
77
107
101
93
93
81
92
72
67
79
62
63
64
80
81
86
93
71
74
67
54
59
64
68
63
51
45
44
35
26
48
31
23
8
23
53
39
36
28
24
21
15
7
10
-3
4
16
27
43
52
57
51
39
46
54
31
36
16
18
17
18
41
12
9
17
8
19
8
31
39
31
55
33
23
2
-17
-10
-35
-25
-24
-11
-8
-17
10
29
14
14
22
26
29
20
46
57
54
50
60
68
58
58
56
53
56
44
38
40
39
32
22
41
48
42
43
30
45
37
20
39
16
-1
-8
-21
-28
-38
-36
-28
-12
-9
4
32
33
9
3
-9
-23
-55
-43
-39
-33
-29
-45
-38
-45
-43
-23
-14
12
20
28
72
55
58
55
56
63
45
60
49
52
45
29
45
54
77
89
77
101
76
88
80
77
75
60
60
35
22
8
-3
-1
-10
-8
16
32
51
52
52
49
55
52
41
59
48
35
21
-2
5
-5
7
4
0
25
18
53
56
54
66
35
45
28
28
5
-17
6
4
1
2
-8
-18
-38
-41
-31
-21
-25
-32
-20
-52
-58
-49
-56
-39
-33
-23
-33
-48
-54
-45
-37
-33
-14
-13
-12
7
33
64
63
71
85
89
97
57
50
63
51
56
91
95
80
101
103
119
144
152
154
159
155
155
138
130
134
115
126
114
120
138
140
144
151
130
133
139
132
153
115
117
119
84
100
95
105
124
108
106
116
113
114
107
106
104
118
134
130
142
141
149
151
137
135
126
130
144
135
142
128
132
165
164
162
173
171
151
148
158
146
146
141
124
145
133
108
122
96
100
82
80
91
79
83
66
45
51
30
43
13
3
20
-3
11
-6
-19
-29
-43
-20
-23
-11
6
0
19
14
3
10
6
18
-4
2
5
-16
-4
-32
-36
-54
-61
-64
-91
-79
-84
-78
-73
-68
-45
-75
-72
-81
-95
-109
-141
-138
-145
-135
-144
-127
-117
-128
-144
-164
-140
-117
-103
-46
-38
-20
-8
-34
7
-7
-16
-10
-6
1
12
14
6
18
31
16
16
35
56
63
68
67
79
121
95
103
114
100
88
69
86
75
72
54
74
97
99
104
94
99
71
69
84
70
78
54
63
87
65
72
48
42
30
6
23
15
30
47
50
36
30
49
13
-12
5
-21
-15
-26
-31
-21
-62
-39
-57
-45
-23
-29
14
-8
-2
-1
-27
11
-10
-6
4
-7
7
-13
14
13
-16
-2
-35
5
9
16
48
-4
12
10
-19
-3
-37
-19
-29
-16
8
-26
0
-34
-47
-40
-78
-32
-28
-16
-8
-39
-9
-31
-39
-55
-80
-51
-90
-62
-51
-76
-57
-99
-83
-93
-91
-54
-67
-23
-23
-3
16
-9
32
28
10
16
-12
-6
-4
11
10
9
54
53
53
68
49
73
39
36
49
29
44
13
33
28
0
47
26
38
36
21
48
26
35
42
40
50
25
50
30
16
39
-17
19
-5
-9
30
36
60
55
54
54
65
84
96
106
139
139
173
162
154
142
119
147
119
143
119
133
157
132
151
155
140
156
118
124
116
103
104
85
81
49
44
35
24
42
33
61
66
90
100
94
119
118
114
91
83
88
83
87
97
91
90
71
81
100
102
101
96
112
98
103
98
78
87
69
79
68
57
63
33
39
5
8
20
-20
-1
-27
-39
-52
-69
-61
-86
-82
-88
-94
-80
-88
-82
-98
-119
-113
-142
-127
-134
-149
-123
-123
-104
-100
-104
-106
-107
-129
-135
-129
-118
-135
-141
-153
-162
-141
-133
-105
-80
-85
-73
-68
-71
-75
-76
-57
-68
-52
-53
-53
-53
-41
-30
-63
-44
-17
10
33
22
14
-10
-29
-50
-35
-24
-14
-12
25
24
31
3
9
18
39
73
94
141
148
151
133
123
111
97
78
88
80
81
82
73
54
46
21
26
36
33
45
35
29
-5
-26
-34
-54
-70
-76
-66
-86
-114
-99
-112
-93
-99
-84
-47
-36
-45
-42
-38
-59
-76
-90
-78
-74
-95
-105
-113
-107
-121
-108
-93
-102
-82
-82
-98
-100
-98
-86
-99
-87
-105
-105
-128
-176
-157
-153
-153
-137
-127
-96
-123
-120
-119
-136
-106
-102
-87
-75
-81
-64
-79
-75
-70
-87
-73
-103
-68
-40
-60
-11
-1
30
27
75
94
77
76
38
34
30
37
39
46
41
36
32
51
67
72
55
44
98
86
97
120
74
42
26
-3
-16
-10
-46
-82
-49
-83
-86
-83
-112
-117
-141
-111
-82
-70
-47
-73
-101
-125
-143
-163
-187
-188
-215
-170
-153
-164
-130
-162
-157
-163
-183
-144
-143
-137
-143
-172
-176
-208
-204
-208
-229
-221
-233
-208
-210
-215
-215
-230
-216
-213
-201
-167
-165
-165
-166
-165
-163
-201
-167
-171
-178
-141
-138
-88
-68
-64
-16
-25
-62
30
75
91
135
174
142
166
210
122
168
60
178
226
189
324
385
343
295
386
383
371
359
434
442
429
434
489
375
317
384
318
360
397
430
431
446
451
445
424
403
387
390
350
303
317
291
271
211
208
171
151
153
138
138
126
107
134
101
62
96
46
0
-15
-48
-106
-138
-121
-173
-207
-215
-250
-248
-276
-296
-310
-361
-400
-452
-461
-509
-552
-600
-671
-685
-693
-730
-743
-770
-800
-816
-809
-774
-764
-730
-700
-680
-681
-690
-640
-638
-650
-600
-565
-618
-565
-381
-453
-553
-221
-249
-451
1
-255
-160
42
-303
72
243
-154
221
427
-82
262
462
158
246
691
387
485
820
685
563
702
792
691
724
727
886
847
573
792
917
494
706
951
620
658
929
687
624
753
685
601
644
632
522
564
518
472
398
441
409
283
279
259
117
76
73
-1
-70
-134
-164
-219
-303
-354
-435
-557
-653
-692
-715
-786
-776
-815
-924
-954
-996
-1061
-1090
-1091
-1079
-1095
-1038
-991
-977
-973
-975
-943
-923
-844
-762
-672
-620
-606
-567
-504
-383
-397
-340
-247
-338
-361
-244
-344
-284
-271
-274
-234
-192
-201
-161
-68
-216
-8
44
124
47
226
248
40
48
360
106
44
604
299
329
442
468
434
341
542
672
565
579
910
895
687
824
902
779
627
1045
965
804
1159
1034
963
1168
1174
1010
1294
1164
1106
1267
1081
1157
1173
1032
1053
1002
848
809
777
640
473
454
355
272
221
138
38
-81
-206
-309
-433
-528
-666
-761
-853
-975
-1032
-1130
-1163
-1175
-1263
-1301
-1327
-1346
-1341
-1349
-1309
-1304
-1322
-1206
-1177
-1114
-997
-933
-875
-802
-679
-613
-540
-472
-406
-378
-362
-216
-108
-265
-183
54
-195
-206
-8
-28
-284
-73
49
-97
-6
71
-95
15
6
-11
-49
29
110
-154
33
3
-54
-282
59
-56
-178
-57
-14
51
-150
177
37
-95
-53
140
-83
147
187
88
304
234
380
216
424
432
542
488
642
944
607
822
965
850
800
992
1010
999
1155
1048
1162
1283
1118
1224
1321
1143
1194
1302
1142
1118
1181
971
900
906
734
573
546
442
273
170
74
-57
-237
-313
-450
-596
-686
-788
-938
-1029
-1133
-1252
-1334
-1391
-1465
-1558
-1582
-1640
-1634
-1621
-1596
-1530
-1430
-1404
-1309
-1186
-1111
-980
-885
-821
-756
-684
-613
-584
-573
-433
-368
-333
-311
-210
-235
-184
-101
-139
-50
35
54
48
229
155
94
197
163
57
252
24
310
173
161
167
298
231
53
224
76
349
-29
234
142
157
-115
-137
305
-260
8
82
137
28
60
235
7
404
89
417
616
413
628
639
756
547
687
701
849
842
935
1081
1095
1184
1090
1288
1266
1146
1337
1454
1327
1425
1393
1284
1292
1125
970
1046
912
851
918
786
677
622
458
341
268
144
-3
-97
-185
-394
-487
-594
-763
-928
-999
-1130
-1214
-1198
-1271
-1295
-1312
-1305
-1332
-1291
-1229
-1204
-1123
-1028
-952
-903
-782
-742
-744
-672
-620
-587
-472
-402
-453
-127
-97
-478
-18
-76
-515
-66
-59
-285
-60
113
48
17
-71
26
58
-283
8
261
-417
264
283
-108
-106
154
-147
-295
-246
-44
-205
-501
31
-148
-398
-421
-100
-492
-552
-138
-300
-312
-144
-159
-124
-117
-177
-6
-189
-54
44
237
100
332
504
302
353
716
516
613
833
849
872
917
1089
1042
1097
1011
1196
1256
1086
1311
1390
1208
1282
1374
1124
1147
1152
1003
941
952
803
700
680
524
414
292
198
72
-87
-167
-238
-404
-556
-644
-788
-928
-1053
-1118
-1239
-1316
-1301
-1354
-1341
-1345
-1311
-1264
-1254
-1177
-1104
-1002
-931
-891
-913
-849
-809
-815
-652
-741
-659
-538
-627
-659
-494
-656
-632
-432
-500
-405
-148
-346
-244
-92
-355
-414
48
-423
-405
426
-413
-148
243
-190
-314
-21
-320
-191
-5
-316
-7
193
-382
-211
228
-431
-400
-27
-79
-519
230
122
-397
280
144
-315
340
218
71
516
423
372
892
435
567
1258
396
784
1216
924
860
1394
1162
1200
1428
1251
1576
1473
1453
1655
1497
1557
1734
1482
1591
1626
1363
1335
1449
1164
1152
1253
1045
1010
969
816
699
640
419
274
159
-27
-217
-227
-459
-684
-704
-900
-1100
-1117
-1208
-1337
-1282
-1298
-1325
-1279
-1234
-1249
-1226
-1219
-1165
-1105
-1111
-1024
-991
-965
-1012
-827
-961
-966
-772
-676
-810
-772
-583
-683
-674
-668
-480
-532
-637
-377
-420
-384
-685
-61
-433
-636
51
-417
-318
-235
-80
-594
-85
-406
-395
-340
-317
-549
-450
-227
-764
-350
-464
-631
-405
-441
-656
-40
-394
-506
72
-166
-352
-28
18
-83
93
192
260
229
471
508
386
809
846
494
1152
1243
815
1304
1502
1141
1538
1441
1455
1697
1592
1497
1998
1672
1607
2035
1774
1734
1876
1782
1607
1647
1559
1450
1347
1358
1182
1032
1002
776
538
483
235
49
-83
-258
-347
-556
-664
-871
-1015
-1223
-1346
-1439
-1514
-1603
-1619
-1587
-1631
-1607
-1533
-1533
-1518
-1429
-1397
-1369
-1248
-1243
-1046
-961
-1223
-811
-1121
-783
-970
-875
-590
-780
-680
-610
-71
-925
-183
-207
-478
-308
-117
-101
-424
62
3
-435
-117
241
-421
-224
105
-344
-263
-325
-417
-31
-637
-576
43
-627
-653
103
-837
-579
18
-1111
-61
-346
-685
-60
-299
-349
-185
252
-728
538
-27
-110
705
50
394
984
424
624
1343
710
816
1710
1099
1091
1951
1235
1656
1878
1672
1779
2055
1782
1925
2244
1829
2139
2064
2069
1956
1957
1791
1761
1627
1541
1465
1452
1271
1183
1078
819
680
474
311
79
27
-223
-354
-469
-714
-838
-1008
-1170
-1262
-1354
-1381
-1360
-1418
-1330
-1314
-1352
-1324
-1314
-1375
-1317
-1215
-1237
-1017
-1023
-1112
-859
-857
-904
-765
-1009
-602
-821
-653
-561
-499
-503
-638
-208
-573
-616
-433
-241
-932
24
-481
-624
-47
-788
-351
-504
-795
-592
-303
-1001
-616
-222
-1114
-585
-515
-1176
-578
-647
-1071
-591
-374
-980
-654
-72
-999
-456
-243
-678
-267
190
-484
151
546
-359
321
844
-16
425
1335
227
1351
1238
886
1670
1294
1278
1744
1637
1437
2188
1904
1842
2232
2102
1851
2185
2208
2020
1982
2504
2028
2042
2298
1901
1825
1711
1701
1441
1461
1303
1333
1002
897
798
376
296
121
-146
-246
-376
-557
-642
-860
-979
-1202
-1325
-1408
-1457
-1491
-1496
-1458
-1418
-1458
-1496
-1514
-1529
-1639
-1472
-1321
-1596
-1096
-1023
-1351
-1214
-956
-1453
-1198
-1295
-1099
-891
-1258
-838
-606
-1099
-1070
-333
-1553
-607
-774
-986
-470
-793
-474
-1035
-412
-1102
-684
-866
-972
-486
-1165
-448
-807
-667
-957
-902
-488
-1248
-689
-597
-558
-1181
-126
-327
-1229
64
-177
-1094
212
37
-645
547
371
-474
888
354
93
945
557
503
1266
816
823
1785
942
1044
1957
1260
1261
2281
1454
1736
2273
1715
1813
2218
1888
1764
2306
1896
2128
2100
2046
2061
1849
1653
1803
1558
1250
1560
1334
1024
1206
942
588
608
337
2
50
-123
-404
-323
-466
-679
-740
-896
-1099
-1131
-1214
-1272
-1229
-1228
-1243
-1195
-1216
-1337
-1385
-1219
-1355
-1286
-983
-1169
-1079
-813
-1039
-1009
-934
-912
-1051
-783
-754
-811
-722
-612
-730
-718
-615
-830
-658
-629
-746
-615
-657
-533
-936
-617
-533
-930
-934
-322
-817
-993
-356
-892
-655
-798
-722
-443
-993
-461
-451
-595
-446
-477
-249
-477
-185
-318
292
-526
199
657
-374
507
497
342
563
471
1104
493
1155
1007
1110
1407
1035
1481
1495
1588
1387
2028
1609
1670
2355
1386
1927
2425
1526
2023
2429
1723
2153
2193
1880
2136
1845
1673
2116
1393
1471
1728
1117
1129
1306
773
827
814
366
330
209
-143
-194
-344
-478
-612
-735
-808
-1018
-1128
-1277
-1361
-1400
-1562
-1524
-1436
-1559
-1424
-1502
-1604
-1475
-1469
-1518
-1420
-1344
-1166
-1357
-1187
-920
-1477
-1054
-1148
-995
-1227
-1013
-1060
-540
-1475
-916
-449
-1477
-867
-867
-929
-1171
-697
-912
-895
-995
-721
-1012
-795
-794
-811
-1105
-701
-786
-1127
-449
-808
-878
-748
-434
-1039
-111
-1101
-149
-501
-707
-181
50
-573
-67
586
-690
142
975
-356
448
942
468
556
1043
1206
645
1448
1036
1363
1410
1446
1518
1842
1588
1678
2169
1580
2070
1963
2155
1772
2380
1789
1982
2428
1900
2077
2145
2103
1675
2015
1758
1521
1408
1440
1322
1078
1095
1001
727
515
476
157
-66
-62
-240
-447
-476
-642
-756
-957
-986
-1186
-1375
-1362
-1415
-1505
-1426
-1315
-1480
-1373
-1503
-1384
-1502
-1385
-1299
-1469
-1145
-1197
-1203
-1134
-1154
-1353
-806
-1583
-770
-1200
-828
-1213
-852
-1021
-1045
-774
-1546
-293
-1479
-762
-891
-972
-878
-940
-999
-1035
-803
-1076
-1217
-558
-871
-1222
-440
-1150
-465
-1295
-524
-464
-1446
-182
-536
-489
-656
71
-792
-42
79
-384
333
-152
410
183
296
505
816
195
739
1178
614
892
1317
1572
627
1517
1896
1139
1591
2070
1538
1781
1833
2207
2154
1682
2535
2020
2069
2434
2143
2291
2229
2233
2149
2179
1945
2132
1795
1535
1921
1384
1118
1597
1087
926
991
812
476
463
251
107
-54
-264
-116
-468
-477
-563
-722
-981
-976
-1104
-1202
-1209
-1259
-1226
-1331
-1280
-1206
-1394
-1342
-1247
-1360
-1377
-1344
-1132
-1266
-1172
-1182
-1170
-1313
-1178
-1285
-1238
-1043
-1503
-837
-1302
-1445
-799
-1344
-1253
-1235
-1208
-1289
-1428
-866
-1824
-751
-1601
-1434
-839
-1553
-1208
-1378
-710
-1956
-350
-1468
-1134
-394
-1702
-477
-770
-866
-1058
219
-1138
-523
156
-1010
50
-8
-991
731
-1
-420
828
425
-42
945
678
436
1160
695
1084
1522
946
1215
2035
734
1855
1877
1304
1806
2495
1537
1920
2694
1572
2324
2000
1987
2368
2077
1904
2607
2150
1637
2582
1795
1505
1875
1452
1306
1543
1352
1052
1327
1001
630
849
402
182
337
57
-151
78
-333
-516
-284
-861
-954
-771
-1022
-1214
-974
-1095
-1227
-1077
-1182
-1230
-1357
-1300
-1292
-1347
-1458
-905
-1402
-1142
-1096
-1622
-798
-2094
-954
-1312
-1788
-1249
-1143
-1627
-1208
-1316
-1794
-843
-2383
-840
-1669
-1379
-1492
-1152
-1579
-1556
-824
-1813
-1055
-1319
-1279
-1429
-728
-1259
-812
-1126
-1186
9
-1437
-499
96
-1410
-195
-192
-279
-611
272
-332
220
-357
300
1020
-835
896
1045
268
363
1774
144
1514
1083
847
2021
756
1688
1980
1482
1735
2118
1657
1893
2108
1797
2381
1862
2489
2149
1981
2769
1845
2019
2744
1840
1991
2706
1784
2064
2032
1429
1882
1424
1170
1746
1156
975
1381
727
755
693
271
339
88
-138
48
-308
-456
-370
-783
-839
-783
-1168
-1019
-1051
-1319
-1230
-1221
-1350
-1427
-1280
-1504
-1412
-1518
-1490
-1715
-1290
-1505
-2010
-1096
-1728
-1927
-1470
-1676
-1802
-1623
-1892
-1651
-1875
-1742
-1693
-1878
-1736
-1465
-2346
-1428
-1621
-2159
-1253
-1707
-1829
-1119
-1874
-1350
-1019
-1677
-1082
-700
-1966
-273
-636
-1516
-620
-103
-1390
166
-444
-389
231
-560
237
167
-104
291
827
-335
1285
567
548
986
1152
728
1265
1423
951
2140
1074
1665
2078
1822
1565
1975
2395
1788
1942
2804
1987
2160
2596
2080
2535
2211
2078
2834
2412
1562
3025
2392
1463
2619
2187
1498
1959
1703
1352
1568
1169
1209
1110
819
909
676
301
534
17
-113
-8
-258
-301
-561
-464
-795
-734
-1121
-881
-1113
-1257
-1202
-1227
-1395
-1385
-1209
-1316
-1438
-1472
-1228
-1572
-1576
-1015
-1584
-1697
-891
-1932
-1361
-1221
-1937
-1330
-1560
-1855
-1353
-1414
-2015
-1014
-1670
-1751
-1201
-1898
-1278
-1538
-1646
-1144
-1643
-1120
-1595
-804
-1431
-1237
-879
-1105
-630
-1471
227
-1084
-574
-400
-409
-473
-395
-72
-520
530
-865
471
683
-649
1062
428
-157
1198
595
568
1292
988
339
2194
980
677
2624
1016
869
2516
1719
1182
2909
1468
2148
2738
1246
2729
2514
1306
2600
2727
1344
2862
2597
1621
2588
2185
1799
2196
1904
1765
1978
1147
1737
1456
1001
1322
1107
764
670
699
288
323
12
-17
-285
-368
-354
-607
-767
-628
-1180
-1090
-1117
-1387
-1133
-1378
-1493
-1354
-1388
-1723
-1179
-1540
-1711
-1388
-1628
-1708
-1408
-1337
-1892
-1259
-1705
-1761
-1298
-1989
-1722
-1133
-2218
-1782
-943
-2626
-1556
-1086
-2524
-1344
-1741
-1937
-1209
-1987
-1447
-1084
-2207
-1077
-1081
-1714
-1326
-553
-1555
-1206
-614
-1339
-195
-1765
48
-772
-861
-240
-506
407
-960
366
33
-424
340
709
-329
808
554
252
1248
585
601
1639
372
1588
1594
1057
1782
1735
1916
1301
2433
1789
2067
2313
2139
2802
1529
2919
2443
2422
2380
2256
2945
1781
2777
2766
2199
2243
2709
2107
2005
2366
1475
2005
1551
1406
1745
1210
1066
1387
728
543
874
128
68
455
-196
-133
-79
-511
-592
-711
-894
-1070
-1202
-1109
-1208
-1406
-1183
-1444
-1337
-1641
-1335
-1530
-1661
-1483
-1401
-1733
-1426
-1456
-1963
-1208
-2002
-1457
-1900
-1496
-2014
-1529
-1410
-2395
-1252
-1587
-1863
-1778
-888
-2284
-1714
-750
-2573
-786
-1080
-2494
-79
-1685
-2158
-95
-1265
-2000
-233
-787
-1798
351
-1224
-988
-268
-953
-515
-289
-212
-644
83
-740
352
-114
-145
78
757
122
297
1296
492
594
972
1300
709
1371
1371
2105
628
2366
1969
1383
2120
2099
1602
2280
2671
1673
3277
2271
2272
3167
2109
2468
2928
2043
2848
3050
2193
2524
2966
1793
2068
2282
1678
1721
1798
1755
1338
1324
1084
865
631
309
372
170
-66
-47
-246
-417
-644
-892
-1100
-1022
-1293
-1288
-1332
-1507
-1293
-1607
-1779
-1427
-1913
-1799
-1754
-1857
-1830
-1832
-1696
-2188
-1713
-2248
-2253
-1865
-2073
-2200
-2094
-1604
-2554
-2124
-1197
-2685
-2174
-519
-3093
-1628
-632
-2861
-1780
-471
-2637
-1380
-692
-2361
-285
-1869
-948
-889
-1176
-1441
-610
-194
-1734
75
-193
-1277
-230
485
-1202
-51
419
-822
-11
505
62
622
340
529
441
693
346
1397
663
842
2186
332
2153
1712
1156
2302
1282
1423
2772
1717
1927
3157
2038
1785
3397
1850
2581
2970
1920
3014
2937
2540
2803
3317
1883
2626
2355
1859
2128
2280
1984
1810
2051
1333
1175
1263
966
473
801
399
200
67
-102
-433
-580
-852
-1147
-917
-1411
-1279
-1060
-1718
-1466
-1564
-1812
-1777
-1435
-1869
-1706
-1655
-2010
-1820
-1865
-2055
-1608
-2606
-1692
-1720
-2464
-1528
-1613
-2230
-2322
-1356
-2564
-1732
-1695
-1666
-1972
-1368
-1729
-1544
-1379
-2116
-943
-1718
-1710
-1115
-946
-1614
-1239
-505
-1385
-1227
179
-2079
107
-128
-1765
466
-55
-1217
184
72
-787
-113
158
150
107
607
-63
1222
-330
1118
817
542
976
1108
1323
423
1940
1216
1458
1558
2025
1967
1631
1784
2663
1878
1666
3063
2306
2496
3476
2078
2553
3281
2246
3135
3089
2333
2679
2573
2253
2938
2220
1904
2447
1880
1522
2011
1524
1090
1273
868
680
317
314
142
-346
-442
-483
-997
-918
-922
-1192
-1419
-1345
-1439
-1686
-1505
-1384
-1601
-1804
-1599
-1593
-1909
-1801
-1559
-1941
-2180
-1740
-2220
-1852
-1559
-2115
-1291
-1985
-2056
-1463
-1805
-2451
-1297
-1602
-2138
-1346
-1058
-1724
-1992
-1148
-1617
-1600
-1706
-1471
-606
-1413
-1708
-89
-1378
-1765
-291
-1094
-1482
176
-984
-995
212
-1255
-382
-347
-893
-601
244
-1334
556
138
-221
398
-399
539
312
714
141
1373
405
949
1296
428
1698
1332
1244
1460
2232
1703
1361
2578
2462
1626
2593
2685
2560
2968
2938
2747
2922
1906
2279
3061
1785
2678
3272
2072
2318
2535
1440
1541
1616
1032
1061
1402
1086
647
568
151
-583
-824
-564
-939
-783
-696
-1136
-1110
-1393
-1796
-1691
-1434
-1788
-1252
-1225
-1449
-1553
-1118
-1894
-1815
-1536
-1943
-1545
-1685
-1010
-1918
-1601
-1781
-1638
-2275
-1477
-1241
-1711
-810
-1677
-1699
-1414
-1748
-1942
-148
-2666
-620
-633
-2099
-249
-1461
-1419
-1235
-1549
-945
-64
-1539
-331
-153
-1360
-931
-315
-884
-650
203
-48
-404
-106
-602
-982
1109
-734
112
1592
91
-63
2147
-470
680
1941
-886
2050
2329
411
1755
2304
301
1599
2313
1571
2696
2508
2354
2388
2456
2197
2059
2025
1723
1967
2493
2314
2320
2339
1491
937
1277
853
1000
1304
870
637
552
123
-493
-745
-670
-874
-1214
-879
-844
-1336
-1393
-1662
-1938
-1744
-1750
-1508
-1066
-1217
-1116
-1310
-1497
-1439
-1010
-1108
-1102
-947
-806
-1282
-1020
-706
-1356
-1451
-1489
-1192
-601
-1013
-1000
-595
-1489
-1393
-1322
-893
-1015
-975
-503
-1251
-874
-800
-360
-458
-672
-735
-680
-210
-420
558
-566
5
98
333
-307
600
492
-324
868
348
215
172
1140
708
681
697
1185
410
1021
1401
1645
1488
1318
2065
2457
2383
2136
2546
1400
2202
2503
2697
2819
3519
1389
1104
1675
1002
1687
1937
1969
1245
744
-132
134
-288
-106
-368
-688
-780
-820
-1461
-2103
-2219
-2668
-2729
-2679
-2049
-1966
-2176
-2803
-3010
-3050
-2726
-2342
-1550
-1145
-1199
-1219
-1654
-1480
-739
-648
-361
230
193
333
268
149
577
258
30
562
530
961
1227
689
-334
287
-497
-230
746
308
797
-169
-621
19
-440
-213
278
303
-70
232
-138
145
474
214
252
549
-91
729
1382
93
871
662
137
489
1922
1524
2085
1361
1033
1084
1621
2136
2546
3267
1850
3180
2404
2187
2929
3535
2031
3524
3662
1987
1972
1373
1226
1146
1443
1288
1572
236
-192
-1117
-1818
-2000
-1690
-2218
-2291
-2332
-3267
-4250
-4766
-4645
-5389
-5111
-4715
-4758
-5276
-5333
-5876
-5684
-5251
-4702
-4400
-3913
-3750
-3686
-3660
-3329
-2347
-2341
-1844
-1215
-784
-600
-408
-200
209
396
875
1399
2019
2103
1845
1785
1765
1798
2113
2758
2593
2571
2581
2132
2053
2275
2451
2333
2034
2285
2321
2278
2078
2349
2515
1926
2112
2790
2197
2177
2811
2612
2337
2422
2916
3158
2699
3237
3989
2964
3693
4220
3851
4155
4615
4144
4662
4212
4334
4780
3609
2691
2746
2330
2783
3219
2288
1764
520
-710
-935
-777
-882
-1161
-2335
-2966
-3703
-4624
-4909
-5379
-5690
-5775
-6275
-6488
-6474
-6757
-7487
-7871
-7472
-6968
-6396
-6156
-5867
-6291
-6447
-6423
-5680
-4830
-3990
-3901
-3600
-3425
-3417
-3125
-2459
-1566
-1242
-974
-892
-594
-394
99
193
524
685
869
1186
1483
1502
1536
1515
1548
1922
2292
2771
2619
2754
2563
2616
2718
3151
3704
3826
3743
3901
4005
3996
4247
4885
5184
5537
5616
5498
5799
6005
6471
6900
7197
7486
7392
7111
7006
5378
6778
6164
5365
6075
5182
5617
4817
3172
2885
2431
1061
1697
1462
565
-196
-1802
-3112
-2914
-3685
-4001
-4165
-5161
-5204
-6430
-7049
-6980
-7086
-7129
-7180
-7158
-6746
-6925
-7484
-6932
-6754
-6276
-5881
-6038
-5021
-5034
-5148
-4755
-4348
-3769
-3463
-3211
-2662
-2325
-2622
-2343
-1855
-1618
-1155
-904
-919
-907
-1132
-883
-719
-352
-40
-56
-216
-76
78
322
422
437
664
678
1092
1210
1693
1695
1684
2033
2483
2742
3478
3826
4028
4637
5136
5590
6057
6390
6658
7787
7896
8756
6866
6800
6962
6562
7852
7496
7775
7168
5486
4577
4734
3871
4022
3658
2585
1970
1091
-515
-627
-1437
-2273
-2551
-3631
-3522
-4168
-5303
-5756
-6386
-6205
-5615
-5887
-5406
-5678
-6484
-6529
-6454
-5620
-4158
-4688
-3986
-4045
-4443
-3789
-3281
-2244
-1491
-1778
-1558
-1311
-1184
-545
-110
-131
-230
-109
-170
112
-14
268
-238
-435
-199
15
99
10
-427
-710
-1024
-878
-351
-551
-456
-874
-942
-914
-320
249
267
635
628
893
1630
2168
3168
3610
3675
4484
4000
5093
6223
5491
5054
3890
4070
5211
6018
5908
5942
4184
2856
2743
2479
3173
3076
1572
670
-221
-991
-1104
-1971
-2294
-3031
-4077
-4241
-4217
-4628
-4898
-6203
-6228
-5636
-4942
-4340
-4500
-5237
-5967
-5714
-5005
-3020
-2146
-2266
-2837
-3252
-2690
-1557
-467
495
556
35
-34
483
1317
1903
2159
2055
1611
1540
2223
2207
2206
2212
1796
1882
2135
2290
2173
1519
983
734
964
1356
1348
1235
498
185
135
683
1069
1732
1822
1709
1741
1762
2814
3011
3935
4522
4852
4211
5296
2905
3413
2926
3336
5440
4616
4526
3282
2044
907
1921
1260
1923
1222
-296
-1214
-1923
-3048
-2785
-3656
-3789
-4168
-5521
-5517
-6445
-6523
-6979
-6972
-6578
-5721
-5896
-5846
-6551
-6953
-6769
-5666
-4594
-3156
-3267
-3840
-4047
-3954
-2292
-1393
-527
-228
-512
-790
-375
609
1500
1736
1665
1414
1337
1286
1945
2087
2039
2173
2105
2205
2246
2070
1847
1490
1491
1828
2034
1874
1390
986
544
1254
1503
2418
2277
2215
2129
2325
3180
4109
4547
5194
5453
5898
5608
5297
5028
3551
4956
5048
6869
6178
5231
3775
3017
2629
3034
3520
2826
2084
599
-646
-1077
-1459
-2132
-2262
-3365
-3758
-5005
-5589
-6264
-6496
-6888
-6622
-6232
-6094
-6074
-7079
-7401
-7522
-6934
-5403
-4775
-4018
-4468
-5335
-5002
-4099
-2220
-1196
-1008
-1139
-1277
-1494
-511
942
1676
1804
1494
1228
1275
1316
2061
2110
2082
2206
2143
2110
1884
1680
1204
1100
1109
1578
1440
840
124
-511
-588
-172
647
1126
641
70
-166
187
1263
2573
3031
3647
3394
3485
3597
2474
1980
2346
3458
4982
5320
4207
3178
1743
1380
2375
3065
3242
2687
1039
146
-464
-907
-740
-982
-1387
-1924
-2973
-3608
-4039
-4546
-4440
-4459
-3804
-3294
-3616
-4383
-4956
-4966
-4256
-3368
-2503
-1668
-2279
-2944
-3090
-2481
-977
-27
616
455
-256
-331
341
1239
2254
2608
2200
1654
1346
1656
2186
2266
2523
2329
1950
1956
1841
1749
1531
1289
1242
1177
1102
1116
321
-160
-519
-19
336
634
628
32
-396
324
567
1780
2109
2710
2960
2962
2586
2741
1937
-556
2020
2390
4600
3827
1585
818
-88
-494
732
1483
529
60
-1966
-2822
-2252
-2895
-3474
-3553
-4639
-4141
-5474
-6116
-6163
-6628
-6722
-6055
-5293
-4270
-4820
-6265
-6337
-5776
-4699
-3054
-2285
-1779
-2189
-3748
-2502
-1167
787
1612
1289
1150
966
1255
2726
4086
4442
4415
3853
3447
3863
4134
4879
4859
4425
4540
4228
4234
3921
3705
3320
3128
3008
3267
2656
2113
1347
685
1050
1525
1905
1748
1041
663
647
1001
2327
2803
3767
3367
3651
2910
3010
2211
639
944
2852
4782
4477
2642
407
0
-465
321
1450
1279
-452
-1655
-3239
-3054
-2799
-3672
-4147
-4877
-5345
-6033
-6775
-7442
-7225
-7853
-7369
-6655
-5752
-5962
-7146
-8191
-7390
-6236
-4594
-3363
-3404
-3494
-4949
-4740
-2996
-752
337
275
-469
-683
-308
1049
2851
3387
3286
2980
2511
2687
3384
4188
4470
3830
3878
4004
3892
3841
3669
3395
3317
3258
3369
3117
2546
1993
1434
1534
2208
2762
2303
1579
1045
1518
1925
2662
3709
3752
3485
4281
3342
4087
3383
2489
2049
2286
4016
4358
3992
541
1682
1260
1606
1973
679
161
-962
-2088
-1988
-1421
-2336
-3227
-4447
-4987
-4847
-5352
-6460
-6045
-6892
-6429
-6459
-6033
-5179
-5988
-6448
-6712
-5699
-4031
-3990
-3938
-3644
-3494
-3265
-2614
-1348
-161
-157
-964
-261
152
1110
2189
2416
2547
2324
2315
2714
2977
3497
3735
3385
2969
3240
3499
3448
3347
3087
2987
2555
2431
2434
2220
2023
1944
1559
1503
1850
1386
1640
1508
1893
2300
2209
2417
3339
3224
4356
4430
3865
3126
1223
-94
1947
4319
4910
4347
860
117
-348
-512
547
906
-466
-1364
-2787
-3282
-2962
-3946
-4979
-5441
-5696
-5539
-5914
-7424
-7589
-8574
-8059
-6840
-5723
-5071
-6400
-7985
-8366
-6597
-4232
-2625
-2479
-3160
-3856
-4506
-2523
-189
1385
1598
672
487
710
2115
4086
4697
4533
4321
4210
4189
4560
5311
5576
5432
5164
5568
5381
4973
4438
4092
4089
4449
4625
3923
3114
2323
1781
1995
2702
3158
2688
1558
1297
1294
1774
2806
3421
3758
4029
3885
3656
2961
2060
1597
1267
2579
3792
3738
2428
640
-304
-429
286
461
341
-1383
-2718
-3529
-4161
-3966
-4282
-5436
-6376
-7022
-7696
-8011
-8801
-9301
-9448
-9190
-8758
-8203
-8716
-9053
-9611
-9509
-7966
-6521
-5561
-5636
-6032
-6083
-5463
-3912
-2233
-1294
-1085
-1202
-1272
-408
1152
2592
3398
3149
3185
3358
3601
4497
5215
5629
5680
5486
5364
5526
5574
5532
5563
5542
5530
5223
4481
4291
4144
4204
4521
4430
4397
3688
3673
3105
4313
4451
5039
5176
5445
5717
6196
6041
4764
4346
3411
3873
4906
5457
4855
4199
1915
2050
2127
2183
1970
897
-630
-1304
-1564
-2239
-2242
-3760
-4742
-5815
-6316
-6319
-6925
-8097
-9024
-9494
-8899
-8224
-8244
-8783
-9549
-10157
-9744
-8342
-6973
-6029
-6740
-7079
-7091
-6279
-4476
-3371
-2589
-2509
-2605
-2373
-1272
-11
1298
1771
1497
1750
2049
2685
3450
3816
4033
4116
3979
4310
4403
4437
4290
4078
4106
4125
3982
3456
3166
2730
2934
3086
3377
3297
2804
2413
2727
2739
3886
4259
4812
5055
4706
5539
4623
4565
3553
3994
3722
5137
5245
4746
4131
2533
2907
2728
2671
2479
1562
344
183
-517
-858
-1326
-2323
-3520
-3887
-4770
-4812
-5397
-6420
-6758
-7040
-6771
-6266
-6700
-7213
-8157
-8241
-7338
-6075
-4935
-5210
-5573
-6355
-5808
-4795
-3114
-2236
-2037
-2178
-2365
-1734
-605
452
1283
1517
1572
1436
1703
2436
3049
3420
3491
3795
3744
3748
3654
3591
3488
3594
3834
3752
3465
2756
2234
1871
2528
2682
3236
2597
1731
1781
1331
2622
3028
3531
3810
3516
4011
4168
3591
2653
1817
1735
2305
3967
3530
3143
1446
179
827
607
1305
664
-328
-1576
-2003
-2285
-2289
-2702
-3872
-4732
-5509
-5699
-5749
-6432
-7003
-7572
-7544
-6739
-6356
-6501
-7818
-8119
-8268
-6871
-5084
-4546
-4360
-5401
-5742
-5187
-3736
-1959
-881
-971
-1360
-1344
-767
569
2020
2924
3234
2795
2810
3124
3717
4794
5123
5320
5332
5099
5089
5120
5153
5401
5450
5306
5315
4700
4114
3799
3536
4059
4378
4484
3800
3517
2673
3198
3606
4329
5044
5070
5383
4920
4639
3155
1965
2262
2630
3999
4240
2736
1571
-123
-271
-58
529
5
-970
-2355
-3587
-3308
-3811
-3848
-4721
-5863
-6469
-7180
-7403
-7720
-8236
-8758
-8697
-8204
-7414
-7646
-8629
-8928
-9157
-7953
-6355
-5371
-4996
-5550
-6403
-5943
-4987
-3048
-1570
-1645
-1881
-2006
-1963
-762
902
2064
2680
2131
1944
2065
2493
3707
4568
4766
4952
4527
4344
4391
4528
5129
5104
5104
5118
4660
4191
3951
3685
4227
4793
4783
4978
4139
3706
3766
4135
5345
5856
6637
6641
6923
6045
5372
3914
3597
4145
4855
6314
5235
4132
2127
972
994
1686
1686
1302
-380
-2014
-2747
-3208
-3163
-3351
-4475
-5580
-6457
-7321
-7389
-7885
-8386
-8383
-8318
-7724
-7732
-8147
-8490
-9172
-8786
-7540
-5938
-5089
-4988
-5772
-6257
-5861
-4499
-2398
-1525
-1183
-1513
-2245
-1844
-577
1154
2236
2459
2088
1407
1320
2113
3338
4068
4278
3965
3453
3278
3427
3799
4104
4179
3984
3713
3206
3042
2820
3040
3434
3676
3927
3836
2938
3181
3181
3904
5448
5218
6596
6307
5639
5185
3738
2723
3486
3715
5120
5337
3643
2362
594
-181
546
977
455
-36
-2448
-3280
-3642
-4142
-3801
-4432
-5821
-6520
-7473
-7888
-7565
-8365
-8278
-8227
-8090
-7477
-7403
-7687
-7891
-8332
-7551
-5979
-4852
-3893
-4029
-4924
-5025
-4317
-2793
-1072
-408
-220
-744
-1157
-353
993
2232
3198
3205
2624
2231
2245
3228
4156
4576
4796
4331
3921
3896
3965
4134
4524
4262
4234
4010
3715
3772
3558
3555
3895
4303
4342
4099
4173
3925
4300
5128
5475
6527
7133
6515
6246
4171
2642
3230
3030
5109
5539
4442
2834
671
-807
-582
-163
-73
-182
-2123
-3521
-4356
-5266
-4993
-5279
-6259
-6590
-7825
-8235
-8399
-9039
-8896
-8676
-8600
-7769
-7467
-7595
-7833
-8472
-7998
-6437
-5154
-3610
-3272
-4220
-4588
-4731
-3543
-1736
-572
227
-182
-1102
-975
-312
815
2223
2851
2510
1979
1353
1850
2658
3253
4061
3799
3498
3346
3143
3347
3655
3679
3955
4153
4146
4471
4178
4159
4561
4644
5503
5825
6083
6570
6012
6730
7401
8132
9329
8670
7966
5443
4146
3817
5053
6826
6513
5825
2910
1056
-344
-465
-32
-103
-995
-2489
-4018
-4833
-5483
-5692
-6390
-7124
-7767
-8354
-8389
-8770
-8846
-9044
-9005
-8278
-7405
-7025
-6678
-7243
-7152
-6688
-5557
-3894
-2517
-2184
-2564
-3095
-3074
-2022
-1022
310
865
548
199
-48
259
982
1468
1937
1652
1257
1104
1107
1352
1539
1699
1647
1563
1575
1670
1486
1338
1289
1275
1739
2182
2841
2798
2834
2808
2898
3584
4359
5309
5696
5942
6426
6871
7948
8189
7845
6669
4971
4572
4113
5458
6175
5984
4686
2383
860
-83
-290
-250
-714
-1851
-3051
-4210
-4842
-5198
-5537
-6521
-7168
-8051
-8123
-8080
-8229
-7653
-7918
-7587
-7167
-6445
-5912
-5506
-5456
-5148
-4014
-3084
-1593
-803
-571
-329
-611
-469
411
1128
1978
2284
2290
2263
2110
2138
2395
2506
2411
2407
2053
2003
1894
1799
1693
1445
1267
1205
1169
1111
1007
591
508
536
861
1419
1762
2155
2119
1880
1916
2882
3393
4871
5059
5504
5433
5922
6784
6652
6905
4585
4038
2779
2800
4124
4429
3981
2848
188
-1141
-2001
-2676
-2293
-3074
-4169
-5335
-6328
-7130
-6790
-7781
-8313
-9000
-9873
-9539
-9342
-9126
-8254
-8448
-7992
-7608
-7279
-5918
-5606
-5049
-4346
-3644
-2424
-1071
-479
419
489
211
778
1302
2137
3076
3187
3321
3451
3263
3630
3815
3860
3769
3310
3153
3391
3632
3969
3655
3251
2825
2615
2789
2981
3153
2971
2806
2373
2800
3004
3697
4032
3820
3817
4000
3831
5177
5478
6078
6680
6059
7276
7254
6891
6537
4543
3523
2286
2356
3548
3862
3739
2016
-104
-1947
-3190
-3817
-3825
-4207
-4794
-5764
-6596
-7432
-7648
-8566
-9317
-9910
-10467
-10193
-9738
-9081
-8657
-8614
-8609
-8298
-8032
-7032
-6784
-5743
-4813
-4163
-3115
-2564
-1662
-812
-761
-575
-333
189
1179
1891
2564
2707
2661
2717
3012
3280
3502
3372
3192
3222
3234
3585
3899
3985
3825
3561
3206
3217
3466
3669
3901
3911
3854
4071
4334
4414
4940
4677
4430
4521
4226
5109
4960
5652
6067
5337
5664
5146
5184
4095
2937
1746
1258
1532
2483
2973
2882
1654
422
-1270
-2758
-2833
-2822
-2301
-2174
-2393
-3069
-3621
-4480
-5317
-6160
-6702
-6922
-6336
-5904
-5410
-5302
-5875
-6235
-6637
-6768
-6393
-5937
-5040
-4069
-3542
-2707
-2451
-2208
-2166
-2525
-2467
-2065
-1134
-392
-46
694
529
507
513
343
608
1256
2234
2904
2918
2935
3321
3450
3628
3790
3691
3840
3892
4223
4376
3761
3534
3291
2745
2364
1654
1205
1201
1086
826
574
131
-273
-486
-1064
-1570
-1730
-1490
-885
-468
-541
-836
-1085
-911
-411
96
419
610
737
742
790
800
977
1213
1354
1481
1449
1523
1655
1743
1654
1337
935
687
591
527
454
138
-152
-408
-746
-1044
-1361
-1667
-1716
-1826
-1856
-1867
-2037
-2178
-2466
-2759
-3042
-3126
-3014
-2706
-2435
-2286
-2362
-2512
-2629
-2519
-2248
-1948
-1678
-1535
-1398
-1251
-1051
-674
-458
-253
-161
-143
14
61
249
401
517
706
749
858
805
704
697
627
712
753
796
688
530
347
283
452
674
958
1100
1073
1072
1072
1174
1570
1852
2171
2203
2143
2135
2047
2135
2235
2396
2541
2596
2580
2517
2334
2103
1926
1843
1841
1852
1722
1593
1437
1225
921
547
199
-101
-428
-689
-787
-882
-889
-1154
-1463
-1862
-2384
-2790
-3020
-3050
-2799
-2565
-2318
-2198
-2306
-2479
-2579
-2480
-2263
-1907
-1744
-1558
-1533
-1432
-1353
-1255
-1352
-1386
-1763
-1422
-594
203
535
-155
-443
-273
2
-357
-1064
-1766
-1288
-195
783
639
-445
-1163
-1049
-414
-198
-219
-189
452
984
1109
615
122
222
688
994
861
696
818
1220
1472
1319
1040
999
1193
1525
1667
1946
2108
2266
2386
2096
1875
1827
1882
2185
2323
2526
2590
2505
2159
1680
1125
1029
1327
1750
1964
1887
1679
1294
797
57
-592
-1103
-1182
-944
-441
-229
-369
-1008
-1742
-2594
-3296
-3743
-3831
-3483
-3006
-2449
-2135
-2058
-2244
-2633
-2991
-3123
-3075
-2876
-2359
-1770
-1162
-1495
-2394
-3169
-3170
-2679
-2546
-2202
-2515
-1844
-1438
-1488
-1868
-2454
-1857
-890
-533
-414
-884
-1344
-1028
-368
-495
-370
453
881
1308
1162
885
486
704
1001
1069
1853
2402
2967
3598
2408
1719
1506
1118
2157
2744
2215
2596
3337
3871
3087
1350
1622
2459
3035
3418
3337
3862
4341
4758
4526
3554
2416
2429
3034
2473
1566
772
1513
2654
2845
1656
433
-315
-747
-1323
-2216
-3179
-3429
-2569
-1793
-1922
-2919
-3899
-4669
-5225
-5920
-6216
-5496
-3921
-2541
-2043
-2454
-3006
-3220
-3066
-2748
-2284
-1567
-635
383
1039
1257
913
629
530
533
624
609
767
1109
1368
871
3
-674
-688
-185
13
-137
-495
-611
-610
-540
-420
-738
-1239
-1160
-398
-493
-726
-722
-1252
-1342
-1053
-926
-856
-1145
-528
195
-509
-306
-361
-467
-500
713
364
-262
629
1282
2196
1787
1126
1429
2057
2792
3766
3619
3634
3973
4476
4797
4766
4183
2863
2066
1325
998
1565
2510
3081
2678
1795
330
-910
-1577
-2016
-2330
-2402
-1724
-750
-9
-284
-1118
-1930
-2597
-2892
-2661
-1719
-259
1081
2021
2345
2180
1722
1293
1228
1391
1603
1742
2429
3143
3393
2600
1219
-81
-1148
-1816
-2330
-2378
-2305
-2044
-2105
-2181
-2563
-3434
-4514
-5447
-6034
-6149
-5847
-5083
-4276
-3962
-4034
-4484
-4700
-4770
-4487
-4282
-3879
-2958
-1771
-995
55
321
216
52
11
570
987
1866
3027
4105
4248
4706
5243
5717
6309
6836
7250
7400
7314
7179
7116
6944
5928
3783
1298
770
1537
2706
2809
1964
916
-52
-919
-2217
-3627
-4421
-4168
-3174
-1894
-1383
-1363
-1440
-1369
-1806
-2492
-2990
-2100
-268
1183
2227
2800
3446
3809
3464
2671
1851
1366
1466
1710
2245
2019
1375
291
-756
-1622
-2912
-3851
-4708
-4853
-4999
-5094
-4901
-4759
-4821
-5358
-6194
-6797
-7126
-6842
-6273
-5570
-4658
-4184
-3489
-2875
-2183
-1672
-1337
-793
-20
711
1513
2343
3222
3670
3899
3850
4156
4402
4801
5511
6315
7273
7897
8069
8346
8565
8427
8119
6884
6391
4264
2762
343
-403
-38
685
1175
166
-673
-2262
-3359
-4977
-6458
-7647
-7634
-6432
-4493
-3476
-2933
-3177
-3113
-3167
-3672
-3729
-3189
-1468
255
1773
2895
3907
4752
5046
4451
3405
1960
1307
1192
1880
2362
2314
2015
1256
578
-833
-2313
-3592
-4290
-4533
-4339
-3777
-3088
-2793
-3188
-4017
-5017
-5750
-6114
-5815
-5173
-4380
-3406
-2034
-561
435
611
213
-124
63
679
1738
2652
3535
4086
4545
4916
5347
5657
5865
6371
6608
7438
7803
8903
9212
9184
7997
6550
4305
1721
-619
-2049
-1410
-861
99
-351
-668
-1535
-2827
-4597
-6648
-7977
-8127
-7027
-5419
-4014
-3245
-2428
-1565
-1012
-1359
-2025
-2299
-1531
-362
899
2257
3797
5224
6027
5754
4820
3427
1675
556
-671
-800
-1182
-1038
-773
-980
-1378
-2733
-3888
-5255
-6362
-7122
-7265
-6676
-5845
-5111
-4434
-4219
-4100
-4499
-4902
-4980
-4871
-4095
-3154
-1520
128
1397
2359
2828
3370
3419
3695
3803
3938
4172
4232
4952
5592
6677
7379
8126
8451
8823
8796
9025
8970
8370
7646
6185
4948
2310
-7
-2423
-2230
-1922
-1127
-1355
-2116
-2596
-3875
-4758
-6444
-7378
-7855
-7193
-5933
-4605
-3739
-2867
-1754
-751
-613
-1053
-1465
-1080
-225
628
1564
2597
4092
4972
5457
4442
3316
1725
640
13
-998
-1510
-2513
-2615
-2600
-2759
-3122
-3809
-4159
-4472
-4925
-5093
-5126
-4714
-4204
-3656
-3014
-2740
-2252
-1866
-1295
-1077
-1077
-624
143
1149
1841
2261
2948
3541
4126
4396
4273
4335
4007
3990
3826
3811
4038
4517
5533
6432
6973
7333
7662
7629
7233
5991
4941
2371
-201
-3104
-4454
-3902
-3496
-2481
-2718
-2537
-2886
-3810
-4968
-6552
-7836
-8374
-8091
-7031
-5811
-4517
-2708
-1026
286
432
167
37
154
155
174
624
1759
3011
3963
4625
4483
4202
3022
1843
517
-952
-2202
-3289
-3633
-3720
-3558
-3105
-2730
-2479
-2588
-2815
-2738
-2748
-2810
-2927
-2746
-2346
-1870
-1120
-175
738
1349
1723
1978
2320
2433
2464
2501
2603
2815
3159
3594
4184
4352
4350
4129
3842
3515
3200
3386
3615
4497
4734
5623
6187
6465
6305
5232
4228
1909
-920
-3594
-4992
-4627
-4180
-3693
-3492
-3189
-2902
-3285
-4109
-5304
-6405
-7038
-7045
-6624
-5938
-5012
-3386
-1576
-298
429
820
1485
1738
1649
1394
1587
1977
2188
2342
2409
3205
3378
3193
2227
923
-87
-1296
-2455
-3702
-4651
-4946
-4578
-4083
-3623
-3332
-2615
-1692
-1192
-1263
-1598
-1670
-1609
-1661
-1545
-1123
-222
714
1564
2335
2894
3362
3593
3640
3302
2799
2475
2482
2627
2777
2880
3265
3651
4054
4376
4754
5578
5830
6373
6169
6403
6024
5705
5525
4529
3009
325
-1658
-2553
-2735
-3031
-3264
-3528
-3124
-3195
-3686
-4320
-5343
-5895
-6446
-6694
-6548
-6313
-5413
-4010
-2623
-1688
-1246
-453
248
631
407
547
1110
1681
1635
1394
1651
2098
2658
2218
1346
281
-715
-1456
-2013
-3115
-3546
-3998
-3625
-3118
-3277
-2881
-2547
-1555
-997
-968
-832
-773
-796
-1028
-1299
-1062
-694
-163
414
1043
1750
2383
2884
3144
2910
2701
2530
2508
2582
2415
2624
2734
3045
3209
3644
4351
5279
6024
6649
7173
7596
7496
6888
6017
4479
2146
-421
-2273
-2760
-2951
-3123
-3091
-3134
-2664
-3012
-3514
-4338
-5269
-6092
-6736
-7113
-7169
-6844
-5892
-4464
-3393
-2394
-1476
-262
630
889
920
1159
1501
1470
727
598
718
1564
2043
2043
1884
1170
711
-271
-1167
-2298
-3038
-3468
-3580
-3415
-3022
-2249
-1395
-644
-127
224
354
258
-228
-612
-701
-611
-630
-598
-262
494
1312
2047
2693
3141
3423
3381
3249
2845
2521
2373
2339
2420
2557
2888
3826
4818
5836
6965
7670
8822
8656
8091
7166
5641
3658
798
-1734
-3098
-3766
-4471
-4460
-4658
-3827
-3492
-3644
-3837
-4880
-5680
-6791
-7733
-8243
-8658
-8311
-7249
-6032
-4622
-3212
-1518
102
988
1362
1553
1853
1701
891
351
68
617
1012
1258
1382
1351
1398
1083
641
-243
-1060
-2098
-2834
-3315
-3443
-3105
-2683
-1878
-1080
-193
621
1058
1030
717
416
108
-434
-1030
-1255
-969
-348
395
1224
2141
2978
3626
3899
3871
3639
3237
3091
2634
2489
2391
2882
3777
4775
6279
7696
9223
9883
9913
9387
8562
6503
3539
567
-1676
-2574
-3828
-4252
-4286
-3769
-2855
-2679
-2397
-2589
-3182
-3984
-5128
-6204
-6999
-7465
-7307
-6775
-6101
-4840
-3173
-1371
221
1132
2126
2650
2654
1926
759
-6
-732
-1052
-1383
-1440
-1275
-978
-884
-738
-1012
-1367
-2005
-3025
-3488
-3980
-4003
-4124
-3952
-3243
-2453
-1499
-771
-344
18
349
609
574
263
37
-90
-138
-102
191
890
1667
2503
3175
3751
4312
4607
4932
4807
4676
4505
4508
4828
5173
6017
7114
8291
9163
9532
9694
9358
7777
5459
3047
980
-621
-2649
-4022
-4646
-4778
-4333
-4150
-3555
-3111
-2994
-3010
-3644
-4283
-4906
-5528
-5876
-6322
-6422
-5862
-4764
-3214
-1798
-342
928
2000
2410
2258
1857
1077
214
-965
-1919
-2455
-2863
-3150
-3293
-3319
-2988
-2837
-2896
-3144
-3364
-3244
-3191
-3276
-3273
-3060
-2488
-1864
-1363
-758
-311
305
828
1146
1347
1417
1628
1658
1682
1890
2209
2636
2924
3144
3553
3767
4171
4478
4694
5026
5062
5398
5522
5780
6150
6546
6996
7332
7332
7331
6754
5545
3821
2103
707
-754
-2281
-3735
-4477
-5003
-5230
-5434
-5306
-5011
-4811
-4648
-4753
-4823
-4857
-4861
-4985
-5182
-5263
-4918
-4309
-3572
-2578
-1478
-223
800
1402
1903
2072
1944
1291
297
-523
-1320
-1816
-2388
-3003
-3259
-3330
-3025
-2866
-2898
-2708
-2489
-2138
-1946
-1762
-1389
-1085
-645
-325
-1
402
706
1141
1402
1644
1921
2096
2250
2336
2530
2862
3187
3454
3686
3879
3950
3985
3974
4187
4287
4567
4891
5231
5670
6013
6474
6814
7084
6781
6702
5779
4451
2456
784
-257
-1569
-2773
-4144
-4711
-5091
-5354
-5513
-5561
-5476
-5309
-5339
-5342
-5310
-5226
-4977
-4939
-4942
-4886
-4547
-4007
-3435
-2677
-1726
-673
314
962
1500
1871
1820
1459
538
-410
-1248
-1940
-2522
-3413
-3844
-4048
-3784
-3493
-3276
-2796
-2484
-2062
-1753
-1477
-1172
-919
-582
-367
-201
87
476
986
1359
1774
2219
2543
2753
2863
3104
3382
3585
3747
3996
4263
4354
4487
4449
4573
4685
4882
5235
5571
6143
6780
7347
7742
7857
7790
7510
6381
4819
2614
1141
-246
-1402
-2563
-3610
-3959
-4394
-4520
-4699
-4727
-4742
-4884
-5117
-5365
-5504
-5405
-5323
-5253
-5218
-5019
-4527
-3870
-3162
-2356
-1515
-652
96
561
1055
1155
1121
788
185
-361
-1188
-1781
-2595
-3358
-3758
-4163
-4165
-4217
-3947
-3408
-3106
-2678
-2358
-1956
-1581
-1309
-1015
-895
-759
-497
-166
216
636
1143
1727
2169
2509
2779
3108
3409
3633
3878
4143
4407
4511
4606
4624
4748
4886
4911
5090
5332
5830
6396
6720
6990
6974
7105
6521
5430
3456
1467
31
-1531
-2678
-4080
-4678
-5066
-5217
-5164
-5052
-4603
-4381
-4272
-4334
-4490
-4485
-4441
-4437
-4413
-4423
-4123
-3596
-2909
-2060
-1168
-172
693
1477
2108
2431
2505
2192
1643
903
72
-853
-1784
-2802
-3487
-3898
-4152
-4205
-4131
-3631
-3138
-2608
-2209
-1878
-1583
-1383
-1149
-1147
-1218
-1190
-1019
-710
-427
98
775
1502
2146
2687
3145
3557
3791
3968
4057
4081
4181
4121
4142
4054
4137
4333
4517
4785
4946
5287
5539
5743
5768
5718
5480
4709
3409
1421
-135
-1722
-3014
-4417
-5546
-6039
-6404
-6339
-6279
-5770
-5199
-4735
-4376
-4162
-3890
-3612
-3513
-3480
-3478
-3407
-3132
-2705
-2022
-1223
-363
547
1450
2384
3093
3467
3502
3172
2587
1759
734
-461
-1694
-2849
-3659
-4246
-4632
-4796
-4634
-4176
-3640
-3086
-2651
-2229
-1963
-1808
-1757
-1900
-2046
-2125
-1995
-1815
-1590
-1047
-270
607
1379
2126
2858
3378
3743
3834
3819
3732
3622
3587
3428
3281
3292
3510
3930
4299
4806
5165
5420
5507
5378
5288
4538
3692
1869
232
-1341
-2746
-3820
-5175
-5703
-6140
-6061
-5953
-5655
-5069
-4516
-4040
-3712
-3385
-2973
-2629
-2495
-2408
-2414
-2177
-1880
-1363
-669
-7
798
1559
2481
3293
3799
4098
4031
3705
2989
2086
967
-196
-1585
-2836
-3790
-4522
-4946
-5230
-5071
-4747
-4133
-3491
-2912
-2442
-2113
-1956
-2037
-2274
-2506
-2584
-2660
-2611
-2371
-1796
-990
-16
979
1891
2745
3489
4036
4259
4423
4372
4291
4006
3769
3599
3404
3527
3742
4166
4595
4889
5217
5302
5351
5101
4426
3460
1565
57
-1556
-2861
-4042
-5279
-5832
-6264
-6226
-6082
-5692
-5008
-4402
-3765
-3311
-2930
-2290
-1938
-1729
-1784
-1802
-1619
-1480
-1098
-649
-66
604
1387
2276
3058
3579
3947
3986
3723
3144
2314
1361
217
-979
-2178
-3167
-3923
-4429
-4675
-4606
-4212
-3653
-2956
-2239
-1569
-1056
-808
-807
-975
-1213
-1392
-1551
-1648
-1537
-1159
-504
256
1198
2169
3100
3820
4289
4581
4762
4812
4689
4378
3993
3700
3398
3372
3356
3623
3917
4086
4252
4318
4469
4147
3499
2072
542
-896
-2320
-3640
-5049
-6062
-6777
-7110
-7207
-7009
-6523
-5906
-5310
-4746
-4294
-3653
-3075
-2699
-2547
-2502
-2334
-2214
-1918
-1659
-1309
-908
-377
340
1068
1748
2323
2762
3029
3002
2739
2265
1600
758
-286
-1234
-2067
-2744
-3251
-3534
-3528
-3251
-2734
-1968
-1054
-185
554
1054
1311
1353
1304
1170
885
598
456
508
770
1305
2094
2968
3855
4601
5128
5576
5842
5970
5812
5394
4980
4446
4055
3773
3634
3623
3514
3594
3634
3817
3652
3389
2668
1355
212
-1166
-2324
-3677
-4889
-5912
-6735
-7132
-7297
-7138
-6861
-6406
-5826
-5334
-4752
-4052
-3447
-3032
-2841
-2614
-2491
-2331
-2121
-1983
-1822
-1662
-1299
-747
-173
341
800
1196
1477
1514
1361
1066
611
-59
-855
-1633
-2261
-2787
-3215
-3484
-3579
-3400
-2994
-2337
-1518
-659
159
856
1412
1860
2187
2311
2265
2134
1953
1903
1992
2307
2835
3505
4212
4941
5633
6211
6701
7034
7124
6920
6512
6080
5700
5170
4737
4274
3920
3745
3654
3457
3161
2779
1861
908
-131
-1035
-2003
-3166
-4192
-5090
-5675
-6116
-6324
-6392
-6338
-6028
-5681
-5193
-4600
-3994
-3511
-3132
-2713
-2443
-2152
-1901
-1766
-1696
-1719
-1654
-1483
-1244
-997
-808
-604
-438
-283
-145
-111
-151
-441
-878
-1329
-1836
-2282
-2741
-3121
-3410
-3507
-3330
-2980
-2425
-1728
-957
-237
424
1134
1830
2410
2781
2987
3085
3123
3143
3161
3270
3465
3811
4273
4843
5429
5976
6547
6950
7164
7183
7081
6867
6482
6036
5500
4936
4487
4106
3741
3236
2823
2131
1192
480
-248
-874
-1741
-2565
-3323
-4043
-4565
-5047
-5383
-5634
-5688
-5554
-5411
-5023
-4452
-3966
-3587
-3227
-2805
-2417
-2070
-1753
-1550
-1448
-1414
-1370
-1226
-1099
-1007
-977
-955
-920
-838
-711
-604
-607
-755
-983
-1231
-1485
-1749
-2039
-2368
-2612
-2709
-2663
-2460
-2104
-1601
-1059
-513
84
764
1451
1992
2435
2721
2971
3176
3306
3440
3504
3644
3822
4067
4387
4752
5175
5543
5840
6092
6297
6444
6424
6329
6066
5596
5156
4706
4214
3536
2907
2216
1317
464
-165
-618
-1159
-1800
-2426
-2915
-3294
-3611
-3950
-4262
-4484
-4584
-4665
-4639
-4341
-3967
-3681
-3404
-3063
-2660
-2273
-1901
-1579
-1421
-1302
-1186
-1053
-927
-869
-817
-878
-978
-1053
-1081
-1033
-1057
-1116
-1209
-1320
-1441
-1557
-1680
-1893
-2126
-2263
-2279
-2162
-1958
-1630
-1246
-836
-404
77
663
1174
1619
1958
2222
2491
2684
2896
3054
3227
3447
3628
3865
4146
4487
4788
5010
5173
5260
5370
5431
5424
5372
5193
4959
4624
4318
3916
3497
3000
2214
1356
499
-85
-623
-1151
-1726
-2277
-2644
-2903
-3059
-3241
-3369
-3422
-3473
-3501
-3365
-3070
-2751
-2548
-2339
-2137
-1896
-1583
-1284
-1040
-963
-866
-792
-690
-562
-503
-449
-521
-623
-724
-749
-804
-924
-1081
-1260
-1435
-1583
-1661
-1786
-1965
-2146
-2241
-2265
-2214
-2044
-1780
-1496
-1175
-807
-385
83
508
896
1191
1418
1623
1789
1960
2086
2248
2405
2599
2885
3216
3600
3870
4066
4221
4348
4448
4424
4348
4211
4026
3788
3520
3299
3052
2810
2440
1896
1316
779
342
-75
-584
-1124
-1632
-2034
-2274
-2456
-2599
-2678
-2692
-2674
-2576
-2342
-2011
-1699
-1443
-1216
-1067
-875
-680
-516
-420
-406
-355
-302
-193
-99
-37
-11
-52
-70
-55
-51
-82
-215
-348
-513
-714
-892
-1104
-1317
-1523
-1698
-1811
-1863
-1827
-1702
-1543
-1364
-1150
-823
-453
-77
269
563
856
1090
1276
1437
1576
1664
1757
1868
1988
2189
2456
2735
2980
3245
3446
3627
3802
3873
3866
3721
3530
3313
3073
2839
2554
2247
1822
1328
840
380
21
-375
-841
-1317
-1743
-2097
-2408
-2629
-2785
-2887
-2917
-2929
-2770
-2518
-2251
-1962
-1713
-1475
-1279
-1080
-849
-688
-633
-565
-491
-405
-325
-236
-168
-150
-145
-111
-60
-33
-29
-98
-154
-223
-311
-390
-543
-700
-866
-997
-1067
-1097
-1029
-919
-779
-626
-414
-120
200
516
763
1015
1244
1464
1663
1785
1883
1976
2026
2068
2085
2148
2323
2458
2565
2688
2863
3039
3178
3261
3254
3157
2999
2787
2568
2278
1935
1615
1181
731
297
-80
-442
-837
-1224
-1636
-2039
-2393
-2693
-2962
-3178
-3317
-3344
-3321
-3213
-2996
-2758
-2491
-2245
-1981
-1707
-1462
-1254
-1094
-961
-857
-763
-631
-501
-370
-261
-158
-44
29
128
220
260
237
176
136
63
-69
-211
-373
-522
-649
-734
-780
-796
-724
-639
-527
-372
-174
68
298
536
748
908
1063
1178
1239
1268
1350
1422
1472
1550
1683
1856
2004
2157
2324
2502
2668
2814
2945
3009
3020
2969
2838
2673
2475
2272
2007
1694
1370
1050
706
315
-73
-440
-876
-1325
-1778
-2168
-2502
-2801
-3007
-3146
-3188
-3129
-2981
-2795
-2601
-2410
-2159
-1922
-1700
-1507
-1332
-1168
-1056
-943
-840
-728
-618
-517
-386
-248
-145
-5
157
284
333
353
348
296
220
111
-9
-143
-297
-453
-593
-696
-727
-724
-694
-650
-538
-357
-158
58
257
444
606
753
872
986
1090
1177
1239
1276
1344
1434
1547
1690
1864
2043
2249
2455
2631
2794
2934
3024
3009
2919
2813
2675
2452
2192
1903
1622
1337
970
585
190
-215
-671
-1155
-1599
-1999
-2333
-2656
-2931
-3141
-3207
-3174
-3111
-3038
-2927
-2748
-2574
-2395
-2202
-2027
-1881
-1727
-1580
-1437
-1275
-1074
-895
-726
-543
-359
-147
44
230
361
440
490
510
521
497
472
430
348
265
180
111
6
-93
-142
-195
-199
-140
-35
100
246
425
594
729
882
1017
1160
1270
1362
1449
1499
1558
1621
1683
1800
1954
2093
2242
2409
2571
2723
2829
2875
2848
2798
2715
2553
2343
2135
1928
1691
1405
1119
814
487
138
-284
-784
-1286
-1750
-2218
-2647
-3007
-3275
-3444
-3522
-3520
-3464
-3341
-3141
-2911
-2672
-2425
-2204
-1990
-1831
-1704
-1623
-1522
-1388
-1300
-1229
-1091
-912
-732
-539
-350
-157
-18
103
215
326
424
472
462
405
329
247
126
-1
-139
-293
-412
-508
-537
-501
-388
-224
-26
194
419
661
890
1083
1217
1297
1367
1416
1419
1401
1402
1451
1554
1676
1828
2051
2277
2469
2602
2727
2793
2785
2726
2572
2377
2135
1865
1579
1259
977
669
327
21
-262
-531
-829
-1099
-1367
-1622
-1810
-1921
-2024
-2095
-2127
-2108
-2056
-1958
-1795
-1665
-1553
-1454
-1390
-1365
-1309
-1273
-1310
-1376
-1362
-1308
-1282
-1230
-1176
-1139
-1107
-1069
-1045
-1004
-973
-959
-926
-910
-875
-810
-770
-759
-754
-775
-765
-766
-773
-773
-769
-698
-590
-432
-270
-57
198
424
643
842
1009
1151
1231
1254
1261
1265
1285
1288
1341
1459
1607
1781
1971
2164
2368
2549
2681
2737
2725
2671
2550
2372
2143
1904
1683
1448
1214
1048
901
765
649
544
419
291
191
70
-86
-236
-387
-523
-665
-826
-951
-1055
-1114
-1195
-1268
-1296
-1330
-1359
-1406
-1408
-1406
-1391
-1394
-1407
-1419
-1453
-1496
-1565
-1678
-1787
-1897
-1980
-2030
-2061
-2038
-1949
-1818
-1668
-1490
-1293
-1110
-974
-842
-747
-672
-575
-512
-472
-436
-350
-213
-60
111
300
513
722
917
1112
1266
1367
1423
1436
1465
1496
1550
1622
1664
1764
1892
2015
2143
2207
2261
2238
2157
2036
1861
1670
1462
1257
1048
896
812
754
721
694
645
586
531
452
332
186
38
-124
-262
-372
-424
-448
-475
-501
-511
-503
-488
-464
-486
-527
-565
-610
-644
-687
-755
-817
-882
-973
-1055
-1129
-1218
-1287
-1369
-1428
-1431
-1409
-1334
-1252
-1173
-1067
-966
-861
-789
-760
-741
-709
-676
-659
-611
-534
-430
-304
-140
46
215
406
597
754
866
925
946
904
840
778
717
663
625
635
659
709
781
852
914
938
933
879
786
654
446
238
34
-138
-251
-296
-266
-207
-79
49
198
341
433
502
517
505
465
426
367
322
285
225
167
113
75
38
-15
-53
-95
-155
-199
-226
-267
-339
-384
-468
-579
-691
-811
-885
-999
-1070
-1126
-1153
-1118
-1106
-1047
-983
-892
-786
-689
-600
-557
-545
-554
-575
-606
-634
-638
-633
-622
-553
-450
-333
-227
-90
17
97
163
232
286
264
243
220
192
153
155
183
201
232
271
297
309
267
206
132
36
-83
-197
-281
-331
-357
-325
-245
-145
-26
112
256
339
393
439
481
481
461
430
418
413
421
466
493
527
543
542
538
500
462
406
301
149
14
-117
-236
-353
-466
-543
-650
-745
-793
-812
-831
-829
-779
-707
-648
-548
-444
-330
-243
-157
-75
-33
20
66
117
138
148
167
198
233
275
338
404
453
481
517
558
536
502
455
376
282
174
114
22
-80
-155
-217
-258
-312
-344
-395
-451
-500
-561
-617
-658
-669
-668
-682
-673
-616
-523
-432
-340
-262
-170
-69
15
53
109
153
159
171
181
225
253
292
304
301
279
256
215
124
20
-85
-213
-330
-402
-472
-531
-576
-574
-549
-496
-434
-352
-264
-169
-78
-8
75
153
211
270
338
346
359
406
467
503
546
616
681
756
834
898
946
966
981
943
862
759
649
538
392
263
145
63
2
-77
-134
-189
-249
-300
-354
-419
-516
-598
-680
-764
-846
-903
-926
-958
-957
-912
-833
-741
-638
-500
-377
-291
-189
-99
-52
-23
13
5
-35
-71
-90
-100
-134
-144
-163
-179
-212
-259
-292
-354
-419
-505
-584
-646
-712
-746
-785
-812
-811
-816
-748
-663
-590
-466
-334
-218
-101
54
186
307
389
463
538
595
680
734
775
792
830
898
952
991
1058
1070
1073
1045
999
949
868
778
656
576
476
406
337
278
220
145
106
41
-50
-157
-257
-349
-438
-504
-542
-551
-538
-512
-430
-318
-207
-108
-17
75
138
186
230
240
208
188
154
105
24
-41
-99
-169
-217
-257
-287
-335
-396
-472
-558
-655
-813
-966
-1125
-1293
-1369
-1408
-1412
-1409
-1356
-1248
-1132
-1001
-848
-692
-568
-458
-327
-198
-107
-28
11
41
71
104
178
251
279
354
449
587
718
846
960
1050
1116
1156
1167
1127
1051
941
826
723
653
572
490
437
421
410
389
379
367
340
314
272
243
201
199
176
148
137
164
217
237
301
377
438
489
546
616
663
681
670
648
572
477
362
248
151
39
-79
-201
-326
-415
-505
-623
-743
-876
-1017
-1137
-1263
-1477
-1554
-1561
-1625
-1657
-1607
-1516
-1442
-1298
-1099
-978
-820
-659
-483
-271
-157
-107
-98
-57
-8
42
70
39
6
28
102
169
230
295
331
393
519
609
615
583
522
427
390
338
261
178
130
135
155
219
252
255
258
288
317
321
333
320
316
361
401
425
403
417
461
508
560
576
633
662
644
653
672
630
534
439
359
270
187
91
8
-60
-143
-208
-269
-318
-397
-475
-536
-629
-751
-861
-974
-1039
-1102
-1154
-1141
-1103
-1054
-958
-799
-665
-521
-406
-315
-204
-95
-30
29
97
187
263
291
333
352
411
477
534
604
656
709
755
796
859
866
817
737
654
566
484
396
297
205
109
59
41
25
18
11
13
21
38
42
57
74
86
91
83
96
148
169
200
266
331
389
425
463
473
460
420
368
307
222
154
67
-7
-74
-136
-185
-201
-221
-242
-203
-194
-201
-205
-230
-292
-349
-410
-471
-492
-497
-517
-496
-457
-405
-311
-223
-133
-74
-39
-8
0
19
22
14
-17
-64
-73
-70
-60
-28
4
37
60
130
201
238
240
206
176
120
62
15
-40
-109
-171
-212
-240
-244
-262
-241
-214
-179
-122
-75
-29
-19
-2
11
21
11
-20
-9
6
18
59
105
163
218
279
334
356
382
377
367
330
295
262
217
144
63
1
-70
-137
-178
-204
-216
-210
-201
-171
-140
-111
-65
-48
-43
-24
-6
28
45
87
129
158
201
230
241
225
208
183
154
123
85
42
-1
-36
-58
-48
-50
-38
-18
-16
-9
16
39
27
8
-42
-74
-91
-124
-135
-158
-163
-159
-143
-119
-122
-119
-115
-97
-87
-109
-122
-130
-130
-143
-157
-174
-211
-222
-217
-189
-159
-126
-84
-62
-26
8
33
32
-18
-60
-89
-134
-166
-220
-252
-281
-282
-245
-223
-204
-193
-145
-86
-19
24
41
55
78
119
179
211
234
266
309
364
411
440
440
410
402
402
403
348
270
223
151
89
22
-37
-114
-167
-192
-190
-187
-228
-247
-261
-279
-310
-342
-389
-443
-447
-444
-452
-464
-460
-440
-431
-402
-361
-331
-291
-251
-213
-163
-125
-95
-78
-82
-97
-112
-120
-112
-142
-149
-144
-138
-128
-118
-100
-110
-109
-104
-122
-144
-192
-214
-254
-303
-330
-370
-380
-376
-361
-339
-295
-254
-209
-153
-98
-47
10
57
111
185
270
352
431
498
525
579
643
672
666
653
628
585
566
535
478
414
357
307
249
207
168
150
129
101
98
72
61
26
-18
-52
-114
-146
-153
-176
-185
-198
-200
-168
-130
-101
-75
-61
-51
-37
-9
17
18
-6
-31
-31
-26
-30
-46
-61
-70
-63
-53
-47
-45
-58
-87
-92
-117
-159
-207
-254
-299
-351
-377
-429
-451
-452
-449
-424
-395
-357
-312
-247
-176
-113
-58
-25
7
36
71
105
131
170
203
259
307
337
359
354
346
329
314
289
256
208
147
76
18
-49
-108
-158
-206
-242
-261
-271
-269
-275
-282
-298
-335
-336
-338
-353
-341
-344
-338
-298
-283
-261
-224
-193
-150
-115
-61
-31
-14
4
14
19
-3
-25
-23
-35
-30
-20
-8
16
36
50
64
69
49
25
1
-16
-52
-94
-156
-194
-228
-254
-276
-305
-298
-288
-239
-179
-160
-129
-106
-67
-19
-15
-5
0
-1
11
24
42
62
82
84
102
139
164
186
178
154
135
104
56
-17
-105
-194
-274
-316
-336
-362
-394
-413
-419
-413
-401
-392
-394
-387
-369
-366
-356
-337
-342
-342
-312
-277
-235
-184
-136
-78
-14
39
88
128
162
182
206
204
207
202
199
194
189
195
196
189
163
151
136
102
62
14
-47
-110
-156
-200
-241
-278
-300
-312
-320
-311
-300
-280
-246
-220
-181
-150
-121
-95
-82
-62
-30
-5
18
43
68
125
157
189
200
216
203
198
205
177
151
121
83
28
-35
-113
-187
-239
-279
-327
-336
-331
-317
-297
-274
-259
-263
-262
-269
-276
-278
-279
-275
-277
-266
-221
-200
-168
-128
-84
-33
17
80
112
112
128
132
129
104
94
88
67
77
78
75
73
70
82
91
80
76
58
28
15
-6
-30
-40
-49
-68
-69
-59
-51
-44
-3
40
67
98
142
172
210
246
252
275
293
298
313
340
351
361
374
370
356
332
303
266
227
189
143
76
0
-75
-156
-224
-304
-377
-430
-491
-526
-540
-541
-522
-528
-502
-499
-488
-490
-491
-473
-460
-440
-421
-382
-344
-300
-251
-178
-116
-63
-26
14
42
58
76
79
88
97
113
122
138
149
155
162
162
171
172
155
144
118
92
58
34
5
-37
-73
-91
-89
-87
-72
-54
-38
-29
-9
9
12
16
14
25
39
50
52
35
16
19
30
39
40
34
30
8
-24
-44
-95
-161
-226
-294
-351
-406
-459
-498
-526
-549
-568
-591
-609
-612
-600
-559
-529
-504
-489
-462
-430
-400
-379
-371
-358
-327
-280
-234
-197
-177
-132
-91
-44
-13
12
20
25
34
33
29
17
12
1
18
27
51
74
81
103
120
126
133
129
110
109
96
89
93
78
83
92
99
122
142
176
206
234
263
276
279
278
278
280
266
261
247
248
261
291
303
298
291
273
261
242
208
155
99
50
1
-60
-107
-164
-204
-229
-266
-290
-296
-286
-283
-270
-262
-255
-250
-252
-258
-237
-204
-182
-157
-129
-83
-52
-27
-18
2
39
62
85
94
103
100
89
84
52
18
-7
-25
-18
-29
-20
-27
-52
-50
-53
-46
-58
-68
-74
-91
-100
-102
-112
-115
-129
-133
-125
-117
-103
-69
-39
-12
9
32
59
65
81
85
82
84
83
104
135
169
184
202
212
213
232
242
247
229
221
199
172
142
99
61
33
-8
-28
-41
-43
-43
-27
-13
-12
-8
-1
7
19
42
53
71
78
103
137
155
174
188
200
223
242
245
261
268
269
257
251
226
182
135
117
105
95
82
79
71
52
49
45
44
20
-2
-14
-39
-72
-94
-125
-138
-132
-123
-124
-107
-111
-95
-63
-39
-16
-19
-9
-10
3
11
3
10
12
16
31
46
57
71
76
86
87
75
90
76
76
58
13
-24
-74
-116
-137
-165
-192
-214
-225
-222
-239
-236
-261
-279
-283
-279
-266
-253
-236
-225
-201
-170
-135
-109
-92
-64
-31
1
39
44
65
81
88
89
80
83
80
78
70
52
25
6
2
-5
-23
-49
-49
-35
-28
-34
-51
-82
-107
-129
-149
-154
-171
-181
-171
-167
-151
-131
-119
-111
-115
-83
-75
-63
-68
-64
-50
-45
-24
-28
-22
-13
-4
31
43
46
44
47
59
42
15
-10
-30
-54
-70
-92
-124
-161
-182
-182
-185
-208
-201
-192
-190
-161
-154
-152
-140
-124
-100
-70
-61
-50
-22
29
81
130
162
192
208
229
256
261
283
298
299
298
302
284
275
254
234
238
231
212
207
206
202
185
168
156
136
122
107
86
71
51
27
9
-15
-15
-18
-1
18
34
45
50
66
80
101
110
134
146
161
181
187
186
204
212
210
210
217
216
224
228
223
217
200
177
142
117
77
28
-25
-74
-91
-131
-155
-179
-207
-212
-226
-213
-218
-209
-198
-177
-165
-160
-149
-133
-111
-86
-69
-63
-45
-32
-17
-1
5
3
2
10
14
31
34
55
72
64
64
65
53
33
16
-2
3
14
13
12
32
49
72
95
108
109
108
120
123
137
143
151
154
150
171
198
211
230
244
252
271
287
303
296
287
282
263
240
205
167
154
134
106
70
23
-14
-56
-94
-143
-188
-242
-301
-331
-374
-440
-487
-518
-557
-563
-572
-578
-575
-555
-521
-504
-480
-442
-417
-383
-343
-313
-271
-219
-186
-142
-99
-53
-12
38
90
132
176
211
248
284
306
314
337
349
353
357
367
383
382
401
438
455
452
448
456
460
471
469
466
449
416
387
343
327
310
303
307
303
308
315
317
328
310
294
269
239
227
206
176
130
78
14
-38
-90
-140
-182
-221
-267
-318
-369
-427
-476
-524
-574
-630
-671
-725
-762
-778
-791
-794
-795
-775
-756
-725
-698
-670
-634
-592
-534
-487
-461
-424
-379
-320
-274
-235
-191
-135
-68
5
85
157
221
261
323
352
368
380
405
435
456
458
473
484
498
534
563
599
616
636
658
669
672
670
649
622
600
569
554
539
540
550
550
560
562
553
556
539
510
478
446
406
357
312
267
214
161
109
80
55
11
-9
-48
-87
-117
-161
-206
-261
-329
-395
-460
-526
-583
-629
-662
-679
-699
-707
-703
-702
-669
-642
-604
-564
-509
-472
-446
-414
-397
-373
-345
-313
-275
-221
-161
-104
-41
19
74
137
182
230
281
308
313
330
341
365
372
375
387
393
416
430
456
468
470
474
485
486
471
458
431
415
402
405
400
398
394
404
423
439
436
421
419
410
401
384
356
311
270
216
160
114
66
25
-15
-45
-80
-122
-164
-216
-272
-324
-387
-451
-502
-559
-612
-674
-697
-700
-737
-735
-737
-729
-713
-693
-695
-696
-671
-670
-635
-616
-598
-560
-525
-479
-444
-391
-348
-314
-259
-211
-176
-142
-113
-80
-53
-22
12
31
36
62
79
101
141
157
176
186
203
229
249
258
264
263
280
294
296
303
278
265
273
275
286
305
321
344
362
378
396
387
373
349
320
291
256
227
197
175
149
121
97
77
41
4
-18
-68
-106
-145
-194
-236
-297
-351
-387
-414
-429
-436
-432
-419
-406
-390
-381
-364
-368
-351
-341
-330
-311
-307
-276
-262
-252
-227
-195
-163
-138
-94
-41
1
35
65
84
89
94
95
95
96
127
165
179
201
209
209
218
231
251
255
266
273
291
304
308
308
308
289
268
279
289
300
311
338
353
366
365
364
357
352
348
326
289
280
248
199
176
143
106
82
67
58
47
19
8
-10
-62
-111
-155
-207
-257
-300
-310
-324
-338
-324
-311
-291
-289
-287
-272
-256
-232
-216
-179
-173
-165
-161
-156
-154
-159
-156
-143
-131
-112
-78
-57
-39
-19
-1
2
2
22
4
9
13
18
31
44
65
74
87
96
124
146
170
177
198
214
211
220
222
232
236
247
255
252
277
289
283
300
311
322
323
340
338
337
334
325
331
311
300
292
293
276
268
266
254
225
210
186
159
129
89
60
19
-12
-39
-69
-88
-92
-99
-109
-125
-128
-127
-134
-144
-141
-155
-176
-175
-189
-195
-213
-218
-220
-229
-217
-206
-187
-188
-180
-177
-179
-170
-172
-172
-175
-181
-185
-184
-193
-191
-178
-163
-138
-116
-92
-77
-57
-11
18
37
49
60
67
69
80
96
106
106
128
154
164
188
213
220
234
252
252
244
233
215
195
172
139
118
105
82
64
48
6
-24
-55
-83
-138
-167
-191
-236
-266
-301
-331
-366
-391
-397
-422
-443
-428
-402
-397
-395
-384
-366
-349
-336
-332
-330
-318
-309
-282
-270
-245
-225
-206
-184
-175
-149
-131
-120
-106
-78
-55
-40
-17
2
18
38
64
91
130
188
232
278
326
371
418
457
488
518
545
574
581
604
613
616
628
619
612
606
613
612
621
621
625
618
600
573
534
498
452
388
356
337
300
262
216
175
126
85
44
-5
-48
-93
-124
-165
-205
-237
-277
-319
-364
-386
-410
-408
-388
-385
-386
-374
-357
-349
-344
-345
-334
-319
-298
-274
-248
-245
-230
-208
-196
-186
-167
-147
-122
-99
-71
-45
-36
-41
-33
-6
-4
18
51
84
119
156
187
228
248
279
309
339
376
411
446
464
488
493
506
509
512
520
533
533
557
570
573
593
572
557
543
499
458
413
370
334
302
253
199
144
102
52
11
-22
-80
-109
-145
-193
-235
-295
-334
-382
-435
-464
-504
-545
-558
-578
-576
-570
-562
-563
-564
-556
-554
-548
-545
-542
-543
-539
-531
-507
-496
-476
-452
-417
-391
-367
-334
-312
-299
-271
-235
-211
-192
-176
-141
-110
-61
-21
0
38
70
112
157
209
260
312
364
390
432
456
464
489
491
501
513
505
517
528
537
549
555
554
548
535
522
528
497
469
430
390
336
275
226
162
91
40
-11
-61
-90
-133
-180
-249
-304
-360
-406
-453
-499
-544
-570
-612
-640
-661
-683
-698
-709
-700
-705
-702
-701
-710
-703
-692
-679
-669
-659
-639
-629
-602
-575
-558
-545
-523
-503
-489
-448
-436
-396
-361
-330
-276
-235
-191
-146
-100
-60
-19
25
58
108
150
200
263
309
353
393
423
461
489
521
545
557
592
625
645
642
646
645
622
609
598
568
531
474
437
401
356
307
246
192
148
109
62
23
-30
-91
-129
-162
-216
-280
-310
-344
-378
-408
-439
-464
-497
-521
-530
-552
-554
-542
-531
-518
-511
-490
-482
-472
-460
-455
-438
-426
-382
-360
-349
-310
-278
-245
-232
-194
-148
-103
-70
-29
4
21
60
88
124
148
179
236
279
317
341
380
426
462
502
524
557
584
617
650
683
708
717
720
724
719
716
716
700
701
689
684
675
643
625
589
543
508
461
401
354
307
245
178
122
72
4
-44
-91
-139
-176
-214
-238
-293
-345
-380
-409
-445
-476
-485
-497
-518
-511
-500
-502
-501
-507
-510
-514
-509
-504
-497
-491
-490
-478
-469
-452
-425
-398
-356
-329
-298
-261
-239
-222
-201
-182
-159
-137
-110
-76
-39
10
35
78
114
144
179
211
251
287
315
338
363
385
407
413
425
442
427
437
449
451
445
439
429
414
409
384
367
334
306
299
281
249
210
188
140
81
45
-11
-57
-82
-121
-150
-178
-220
-255
-291
-323
-347
-373
-391
-403
-428
-447
-465
-490
-503
-511
-512
-501
-502
-495
-483
-488
-477
-486
-470
-461
-453
-449
-437
-425
-415
-384
-372
-337
-326
-309
-293
-268
-250
-230
-195
-173
-143
-104
-61
-33
0
40
59
89
125
153
178
201
223
244
270
291
297
317
350
365
379
378
390
394
385
384
369
372
371
370
380
371
349
336
317
289
253
211
186
174
145
101
61
36
-11
-57
-97
-145
-194
-233
-254
-284
-306
-318
-338
-370
-374
-382
-397
-401
-401
-388
-396
-406
-391
-380
-388
-383
-365
-350
-336
-304
-272
-244
-214
-201
-176
-150
-115
-90
-48
-27
1
29
45
65
80
108
126
151
180
209
225
246
286
309
310
314
341
361
362
362
365
368
355
351
349
338
328
331
316
312
290
274
283
253
224
210
199
176
157
139
109
82
60
33
2
-32
-57
-73
-100
-115
-162
-184
-206
-237
-256
-264
-257
-272
-261
-267
-264
-251
-254
-244
-223
-215
-205
-191
-187
-184
-181
-166
-157
-124
-95
-80
-64
-40
-21
-14
-7
18
27
50
72
82
106
106
110
131
155
170
178
175
189
211
224
227
241
252
263
279
258
244
227
209
195
171
157
147
138
128
109
86
74
46
33
12
-18
-39
-64
-83
-100
-117
-153
-172
-192
-223
-228
-236
-243
-256
-277
-289
-306
-316
-313
-324
-334
-332
-345
-353
-354
-357
-363
-367
-359
-348
-324
-300
-302
-304
-300
-293
-303
-298
-286
-290
-271
-253
-231
-227
-218
-190
-173
-157
-129
-94
-67
-47
-29
-16
3
19
23
34
59
58
63
72
80
102
109
145
163
174
173
186
190
176
170
175
165
163
164
155
142
135
144
134
112
100
95
76
66
41
9
-3
-24
-44
-67
-67
-82
-96
-107
-119
-120
-133
-140
-160
-167
-167
-186
-198
-207
-226
-229
-231
-241
-237
-237
-246
-235
-236
-221
-208
-199
-190
-171
-166
-161
-128
-115
-112
-105
-110
-90
-70
-55
-35
-24
19
35
72
99
118
130
148
162
179
189
199
223
231
245
254
274
286
291
321
336
333
332
325
326
319
315
304
283
271
258
244
238
226
210
190
180
174
155
128
91
73
45
12
-11
-29
-58
-77
-90
-128
-149
-192
-215
-224
-245
-268
-299
-321
-325
-341
-373
-392
-394
-397
-406
-405
-397
-382
-390
-398
-402
-380
-366
-351
-336
-324
-310
-288
-271
-257
-238
-223
-205
-186
-153
-117
-84
-47
-19
10
37
38
69
106
129
153
178
200
229
242
261
290
309
339
356
374
405
419
426
440
431
436
435
422
419
414
414
405
392
375
369
356
334
322
306
285
265
250
232
203
182
160
124
89
53
12
-22
-44
-78
-109
-139
-151
-175
-224
-259
-277
-296
-334
-344
-367
-371
-372
-388
-395
-395
-398
-392
-393
-394
-387
-376
-368
-362
-333
-336
-326
-305
-292
-280
-248
-215
-189
-166
-133
-102
-82
-49
-36
-1
13
38
76
94
113
143
161
178
201
234
264
300
324
326
316
320
319
312
305
306
304
307
311
300
305
292
285
258
250
223
218
205
171
155
129
91
54
37
7
-18
-46
-79
-100
-118
-142
-165
-181
-206
-242
-257
-284
-318
-322
-336
-343
-355
-371
-373
-372
-380
-391
-396
-389
-387
-392
-380
-357
-354
-340
-319
-309
-287
-271
-260
-245
-218
-186
-177
-158
-140
-123
-95
-69
-38
-15
21
46
60
77
100
126
149
169
184
205
242
269
287
311
331
344
354
374
379
383
385
391
403
395
394
395
379
379
394
386
372
369
344
321
308
275
245
212
186
173
167
140
101
72
47
28
12
-23
-61
-84
-97
-119
-145
-180
-179
-206
-237
-241
-254
-262
-269
-282
-292
-299
-308
-300
-304
-301
-307
-318
-283
-268
-270
-249
-234
-218
-197
-197
-175
-149
-130
-112
-80
-58
-37
-9
3
21
42
67
84
88
100
123
141
167
193
199
222
236
248
259
254
269
296
288
262
254
264
248
218
223
220
215
216
202
190
165
136
104
77
26
-4
-18
-42
-57
-88
-122
-156
-190
-231
-252
-288
-323
-343
-373
-398
-410
-430
-451
-457
-473
-488
-503
-511
-506
-493
-506
-512
-512
-513
-514
-513
-496
-471
-460
-439
-427
-398
-376
-339
-309
-290
-262
-234
-190
-155
-115
-101
-66
-37
-12
8
39
57
78
104
115
151
169
196
207
227
236
247
266
271
267
253
246
239
225
220
221
208
207
188
180
175
174
148
137
135
101
88
70
35
20
9
-22
-56
-75
-94
-127
-143
-149
-152
-176
-189
-200
-216
-223
-236
-262
-281
-287
-296
-314
-329
-336
-334
-328
-311
-307
-295
-278
-276
-266
-253
-238
-239
-235
-227
-211
-197
-195
-170
-148
-131
-109
-92
-79
-56
-25
-4
6
35
60
81
93
107
141
158
173
172
175
193
197
195
201
212
196
210
219
213
218
208
194
198
194
178
158
148
130
112
106
96
83
66
65
38
18
13
3
2
-27
-39
-46
-67
-75
-99
-122
-129
-130
-135
-167
-183
-186
-196
-208
-238
-234
-241
-238
-235
-250
-260
-264
-251
-258
-239
-240
-221
-201
-211
-198
-173
-169
-154
-134
-110
-83
-82
-55
-30
-20
-13
-3
11
26
26
51
60
96
133
137
150
173
192
196
212
231
231
239
252
258
264
269
286
296
299
295
304
308
298
302
287
254
248
239
225
212
191
188
173
152
117
85
85
47
3
-23
-50
-79
-93
-109
-148
-151
-168
-180
-206
-219
-232
-243
-251
-267
-276
-277
-279
-295
-297
-311
-307
-303
-314
-329
-318
-311
-318
-302
-289
-283
-268
-258
-247
-238
-228
-213
-208
-196
-193
-158
-138
-133
-111
-100
-88
-67
-52
-50
-27
-11
12
37
48
76
87
98
116
131
138
150
161
165
178
191
209
202
197
203
198
206
197
191
185
176
168
152
138
121
124
120
111
96
80
84
65
45
17
2
-13
-41
-66
-90
-93
-102
-119
-142
-161
-185
-208
-220
-226
-228
-215
-216
-224
-218
-209
-210
-220
-203
-192
-190
-181
-176
-164
-143
-122
-105
-98
-84
-78
-70
-45
-34
-24
-8
22
36
50
57
76
98
118
136
151
171
182
202
236
249
267
281
288
299
313
323
322
337
341
354
354
361
357
355
359
333
314
314
313
294
278
251
231
227
193
177
154
135
124
89
61
38
20
5
-13
-24
-48
-73
-85
-96
-115
-140
-150
-174
-182
-188
-192
-184
-189
-201
-189
-178
-192
-192
-188
-197
-200
-194
-190
-188
-172
-146
-127
-114
-96
-74
-54
-48
-30
-14
-3
4
25
40
56
96
124
136
162
173
174
199
217
227
241
251
266
287
303
317
316
325
335
340
341
346
352
350
348
350
348
337
338
345
335
324
323
314
296
279
262
239
221
203
176
160
151
130
117
88
68
37
12
6
-8
-33
-46
-56
-75
-85
-113
-137
-143
-157
-164
-182
-202
-205
-208
-203
-225
-224
-213
-228
-225
-242
-246
-241
-222
-201
-191
-171
-174
-166
-144
-132
-128
-107
-92
-95
-65
-38
-30
-5
30
49
65
90
100
121
141
177
205
212
225
231
235
241
259
266
281
295
311
313
308
308
297
276
263
236
228
219
193
186
173
158
124
121
108
102
72
20
10
-14
-56
-91
-109
-129
-144
-174
-195
-218
-234
-258
-288
-312
-315
-340
-357
-359
-383
-381
-377
-367
-361
-363
-347
-339
-328
-318
-323
-309
-297
-295
-283
-262
-248
-233
-206
-187
-170
-132
-110
-86
-54
-38
-14
8
42
80
101
135
164
217
248
250
280
293
310
305
315
336
347
378
389
395
409
427
420
418
421
410
399
386
372
369
351
347
323
297
281
255
240
222
204
193
178
161
132
107
76
41
20
6
-14
-44
-38
-53
-71
-86
-93
-110
-134
-123
-127
-147
-150
-174
-177
-197
-208
-194
-203
-198
-194
-189
-185
-162
-145
-156
-144
-128
-126
-123
-113
-88
-56
-21
-16
-8
14
18
36
33
38
65
72
79
93
109
115
123
131
147
158
173
177
196
208
207
221
231
222
235
229
223
224
211
209
191
175
184
190
173
159
157
152
143
118
107
86
88
76
48
12
-1
7
-19
-27
-31
-32
-40
-66
-83
-84
-92
-112
-122
-120
-114
-134
-146
-180
-188
-189
-192
-188
-195
-188
-194
-182
-187
-191
-186
-174
-167
-159
-149
-147
-128
-125
-111
-98
-88
-83
-73
-42
-33
-8
5
10
35
43
61
62
77
101
120
127
141
150
154
164
161
169
176
168
165
176
184
188
183
186
192
184
192
211
193
190
193
190
180
182
152
119
113
107
99
79
56
40
19
7
-10
-42
-69
-90
-89
-97
-125
-138
-139
-143
-157
-178
-201
-206
-222
-222
-231
-237
-233
-223
-228
-225
-212
-225
-225
-226
-228
-213
-197
-189
-172
-154
-125
-104
-93
-66
-56
-46
-34
-13
18
24
52
66
72
97
117
126
129
149
175
198
217
221
234
264
280
270
278
285
272
277
279
295
291
284
286
286
294
276
253
247
260
236
201
187
168
153
132
123
106
100
85
60
46
31
6
-18
-25
-27
-41
-48
-59
-69
-70
-81
-85
-90
-108
-111
-121
-144
-153
-151
-152
-159
-172
-166
-169
-178
-160
-169
-173
-179
-172
-177
-175
-161
-157
-130
-115
-113
-90
-80
-67
-49
-32
-24
-17
-7
3
16
33
70
75
97
126
125
139
161
174
182
188
204
202
207
212
216
221
209
209
211
211
197
200
216
205
200
196
191
185
175
165
155
152
136
118
105
81
79
77
64
51
49
45
34
21
27
25
24
25
20
23
17
14
20
15
-6
-20
-18
-20
-26
-20
-12
-9
-9
-26
-21
-7
-16
-13
-19
-24
-3
1
-5
-10
-3
22
-1
1
18
0
10
14
1
33
42
28
51
69
65
75
92
96
118
108
104
120
113
132
136
114
117
144
138
130
119
105
107
102
81
76
75
68
65
54
48
53
48
34
24
11
14
9
-5
-9
-7
-15
-25
-14
-4
-33
-49
-46
-34
-44
-74
-73
-77
-88
-101
-116
-138
-152
-153
-169
-175
-176
-188
-195
-203
-205
-188
-195
-198
-192
-194
-201
-196
-186
-178
-155
-146
-123
-102
-86
-69
-60
-43
-31
-24
-24
-11
-9
-5
4
13
40
54
60
62
79
98
122
122
135
147
160
181
186
187
186
200
202
193
195
192
194
200
195
192
193
203
212
219
214
211
203
196
187
159
150
144
130
121
120
107
95
99
89
75
76
68
56
43
42
37
30
28
22
18
11
8
-4
-23
-26
-35
-32
-15
-9
8
1
10
34
28
27
26
34
27
17
26
22
20
19
35
26
13
20
22
28
27
32
28
32
36
39
47
38
33
47
43
55
44
52
41
23
25
3
8
-8
-16
-16
-20
-12
-33
-22
-30
-28
-21
-37
-41
-46
-35
-45
-42
-28
-37
-52
-49
-44
-43
-45
-60
-49
-41
-40
-41
-36
-48
-58
-58
-55
-58
-47
-53
-55
-46
-59
-44
-51
-61
-46
-45
-43
-31
-39
-27
-22
-28
-56
-71
-70
-71
-80
-83
-62
-67
-77
-70
-65
-79
-88
-81
-71
-78
-92
-85
-86
-80
-70
-70
-64
-60
-65
-53
-28
-23
-30
-38
-43
-59
-55
-47
-51
-64
-74
-54
-37
-37
-48
-51
-52
-52
-64
-64
-66
-85
-85
-74
-67
-90
-97
-82
-69
-59
-58
-52
-51
-55
-50
-39
-48
-45
-42
-27
-30
-45
-45
-57
-59
-60
-73
-85
-78
-76
-83
-88
-84
-86
-86
-96
-92
-87
-74
-84
-94
-86
-87
-59
-67
-74
-70
-73
-75
-75
-60
-36
-31
-21
-12
-11
-22
-37
-37
-28
-18
-9
-10
-2
3
0
0
13
12
23
32
36
35
48
71
82
74
83
92
75
86
77
88
89
96
97
88
79
73
79
79
75
64
71
72
70
75
68
67
62
44
53
51
49
53
49
42
35
42
41
38
17
22
44
33
24
36
37
30
37
31
35
52
41
47
59
60
59
62
76
70
64
70
86
90
89
114
133
145
162
165
167
176
170
170
182
184
185
191
206
227
209
208
208
211
208
204
193
197
199
193
200
191
191
196
182
171
163
143
144
132
114
100
76
59
40
26
30
10
-14
-19
-29
-54
-72
-75
-97
-107
-106
-118
-124
-132
-150
-176
-186
-203
-216
-213
-223
-231
-233
-203
-193
-211
-193
-188
-190
-178
-180
-179
-179
-184
-182
-185
-180
-175
-171
-160
-143
-123
-113
-98
-80
-74
-64
-43
-34
-27
-14
19
36
31
44
58
60
68
61
59
70
71
70
74
63
60
67
66
56
62
64
50
46
38
52
37
6
5
-3
-32
-47
-49
-59
-82
-101
-110
-98
-100
-125
-131
-138
-151
-156
-162
-175
-183
-175
-186
-209
-213
-213
-214
-241
-242
-233
-218
-205
-212
-216
-194
-191
-198
-180
-168
-147
-138
-126
-117
-114
-130
-120
-93
-93
-103
-96
-78
-58
-43
-36
-10
4
18
35
58
69
67
83
97
97
109
109
88
101
109
116
120
141
153
157
162
169
181
185
194
207
225
217
215
216
209
198
203
192
183
169
162
171
126
105
93
90
85
68
68
73
70
67
69
56
58
55
39
27
21
15
6
-7
-11
-13
-11
-16
-21
-17
-11
-28
-37
-18
-4
14
8
13
36
44
38
50
46
46
44
48
55
50
60
77
82
89
105
112
121
130
160
180
175
179
202
211
214
221
212
202
191
184
204
208
221
229
226
232
224
235
232
231
235
222
223
226
226
210
202
191
164
169
157
149
137
116
103
109
96
79
75
71
55
27
17
16
17
11
0
-2
-30
-39
-47
-60
-85
-95
-110
-111
-117
-122
-114
-124
-131
-133
-125
-124
-126
-114
-114
-106
-103
-103
-93
-92
-90
-90
-66
-66
-54
-47
-45
-27
-4
6
8
27
39
41
58
66
60
45
57
72
68
76
75
70
80
95
90
98
100
110
125
116
127
