58
34
38
46
59
60
57
45
45
46
37
39
36
25
22
24
19
27
29
27
5
-3
11
19
22
1
5
8
-6
10
11
8
9
-1
-13
-23
-15
-8
-21
-18
-26
-33
-22
-28
-27
-42
-36
-41
-49
-59
-51
-60
-67
-67
-73
-85
-83
-85
-84
-74
-75
-66
-64
-75
-76
-53
-52
-48
-56
-56
-62
-59
-54
-41
-26
-22
-11
-14
-9
-27
-14
-14
-16
-14
-7
-6
-1
1
15
16
20
47
57
63
76
84
76
68
80
97
76
81
73
56
45
62
57
45
55
54
58
64
64
47
56
67
77
70
59
72
69
73
62
53
71
60
68
70
64
36
28
20
16
15
-7
-1
-2
12
-1
-7
4
-5
-16
11
1
-6
-14
-21
-18
-4
14
16
12
13
18
8
12
12
14
29
34
24
19
12
-5
3
-18
-27
-15
-19
-14
-6
-2
4
28
41
37
29
20
10
22
21
18
28
42
44
48
34
30
48
44
53
54
47
48
50
51
50
49
45
60
70
46
52
60
62
80
71
66
75
63
52
37
51
60
71
73
58
64
55
50
53
44
46
42
21
36
25
4
10
17
-1
19
38
22
9
18
21
34
30
28
56
44
55
62
67
77
72
68
70
78
74
91
79
68
62
69
75
68
63
53
41
36
40
49
50
42
44
68
58
51
43
31
30
40
42
47
50
42
43
47
29
22
16
28
23
18
19
6
3
-1
12
10
4
6
14
6
8
-2
1
4
10
-1
-9
-7
-26
-35
-58
-42
-41
-35
-31
-30
-35
-43
-31
-48
-56
-64
-70
-76
-52
-52
-53
-48
-59
-47
-52
-62
-67
-60
-60
-54
-46
-61
-56
-47
-56
-57
-40
-45
-45
-44
-56
-64
-61
-64
-70
-57
-64
-85
-82
-75
-70
-63
-38
-53
-54
-41
-31
-28
-36
-30
-32
-40
-41
-33
-38
-35
-42
-41
-42
-47
-50
-38
-29
-36
-48
-45
-31
-19
-24
-26
-14
-22
-32
-34
-25
-16
-15
-18
-40
-24
-17
-24
-4
-7
-10
-8
-10
6
13
17
6
10
14
15
8
0
12
3
6
17
-8
-3
8
9
26
25
35
34
14
8
8
2
-1
-16
-10
-4
-7
-4
-4
-11
-16
-19
-14
-6
-18
-52
-55
-47
-63
-60
-80
-75
-88
-108
-89
-86
-102
-100
-99
-104
-101
-99
-107
-111
-96
-106
-110
-112
-109
-94
-79
-98
-95
-101
-112
-100
-112
-111
-122
-115
-110
-112
-100
-89
-93
-90
-99
-122
-113
-107
-96
-87
-82
-79
-76
-83
-79
-69
-69
-67
-89
-74
-76
-77
-64
-86
-79
-77
-94
-87
-85
-91
-106
-106
-104
-91
-85
-94
-87
-95
-102
-102
-104
-99
-96
-93
-84
-101
-106
-102
-106
-97
-92
-105
-93
-85
-84
-87
-90
-72
-64
-82
-71
-47
-58
-51
-45
-34
-15
-17
-18
-19
-25
-6
-6
7
7
-7
16
-5
-8
7
-5
-2
2
8
13
11
12
10
2
13
32
36
43
41
25
25
40
39
29
44
47
61
52
48
32
8
14
12
-5
-12
1
-15
-20
-20
-11
-5
-11
-11
-4
20
24
9
-5
3
-4
0
15
21
-2
-8
-6
-6
-9
-13
-10
-12
-22
-19
-2
-26
-45
-37
-34
-32
-17
-23
-16
-17
-22
-9
-9
-6
-11
-12
-25
-32
-31
-36
-40
-40
-38
-46
-36
-64
-67
-52
-46
-57
-57
-50
-57
-68
-53
-64
-61
-54
-86
-91
-91
-77
-69
-66
-71
-72
-66
-61
-60
-62
-56
-67
-72
-72
-55
-55
-85
-82
-69
-71
-61
-51
-74
-78
-90
-86
-80
-83
-61
-50
-35
-39
-47
-53
-54
-53
-49
-42
-46
-41
-47
-64
-55
-40
-41
-34
-35
-38
-35
-41
-40
-33
-40
-29
-39
-48
-37
-38
-22
-33
-15
1
8
-5
-16
-7
-3
7
10
23
23
28
27
46
36
40
42
55
63
44
53
49
62
64
54
53
55
41
52
64
50
48
40
44
32
19
14
10
12
16
28
24
-3
-13
-25
-32
-36
-40
-41
-57
-72
-59
-51
-56
-59
-49
-42
-45
-31
-44
-46
-56
-55
-57
-48
-39
-43
-43
-47
-51
-41
-22
-5
-10
-13
-8
-12
-6
3
17
7
11
9
4
-10
-8
-21
-14
-5
-12
-1
-12
-18
3
-9
-26
-13
-19
-25
-36
-38
-33
-38
-40
-69
-74
-67
-64
-69
-70
-58
-80
-62
-41
-44
-31
-37
-62
-56
-41
-39
-41
-27
-29
-37
-34
-13
1
-3
-13
-15
-24
-32
-47
-53
-54
-58
-53
-42
-39
-34
-33
-26
-22
-13
-9
4
23
26
33
53
55
58
81
80
56
58
64
64
64
56
51
45
54
57
71
69
58
74
81
74
64
68
58
56
48
52
53
48
50
56
47
38
40
46
43
26
51
50
46
40
40
38
19
22
8
-1
-8
-27
-23
-13
-9
1
9
2
-2
-15
-14
-18
-15
-12
-16
-9
-17
-33
-35
-21
-27
-17
-3
-2
0
-3
5
15
19
16
23
21
22
24
19
23
9
6
-2
3
8
-2
19
28
24
8
3
6
7
10
26
28
18
31
41
30
13
9
6
-6
-1
-21
-31
-33
-39
-34
-42
-47
-40
-29
-14
-10
-4
-1
-4
-4
-27
-23
-13
-6
8
5
5
1
14
15
15
8
-13
-11
-6
-8
-25
-23
-15
-22
-37
-32
-40
-52
-36
-54
-78
-73
-76
-76
-71
-69
-68
-63
-56
-49
-36
-41
-38
-32
-41
-43
-32
-36
-28
-37
-19
-31
-22
0
-14
-11
-23
-7
-11
-16
-20
-19
-17
-20
-11
-15
-26
-24
-3
-15
-25
-13
4
10
18
37
38
40
45
48
57
60
59
60
59
76
78
70
81
63
56
68
70
63
59
72
76
68
78
80
64
69
55
61
59
55
50
37
50
43
32
41
39
41
47
37
23
41
49
47
41
50
46
42
41
26
50
55
61
55
51
49
55
55
61
53
55
69
63
70
61
70
64
43
32
24
47
54
38
38
25
15
14
12
15
10
2
6
6
2
3
-3
8
3
-7
3
-22
-22
-22
-27
-29
-26
-21
-13
-5
-3
-5
-2
-6
1
-10
-3
8
4
-6
-12
0
-14
-23
-12
2
-24
-21
-6
-8
-7
-11
-3
-4
-4
19
26
28
20
10
21
21
18
29
16
13
15
16
29
19
20
11
13
9
6
7
-1
4
13
38
38
28
16
14
29
43
42
45
53
59
53
44
42
48
53
29
38
43
29
45
39
14
8
13
20
14
5
15
-3
-5
0
-2
20
24
19
27
46
35
24
35
29
29
22
28
28
20
22
34
54
60
56
59
65
71
58
69
91
83
70
59
59
44
32
26
28
16
10
19
33
28
17
19
20
35
36
35
20
19
21
9
5
3
-1
-14
-18
-27
-27
-22
-32
-30
-24
-39
-33
-32
-55
-57
-52
-50
-56
-70
-85
-87
-91
-76
-74
-78
-62
-50
-49
-52
-56
-56
-40
-26
-25
-18
-20
-12
-9
-16
-16
-12
3
23
26
9
21
19
17
30
39
37
19
9
3
-1
-17
-33
-36
-35
-31
-16
-30
-12
-7
-13
5
-12
0
-1
7
-2
-17
-11
-20
-25
-44
-60
-70
-71
-74
-79
-82
-72
-75
-82
-83
-83
-79
-70
-85
-99
-99
-91
-83
-86
-81
-79
-76
-66
-57
-59
-47
-37
-22
-7
-22
-26
-16
0
5
15
17
11
16
22
33
37
32
46
51
57
62
57
52
32
23
28
34
34
33
22
23
19
3
9
-10
-12
-1
7
13
16
8
16
18
0
-16
-9
-2
-15
-15
-11
-1
-17
-16
-12
-3
1
-6
4
12
8
2
7
26
33
34
46
35
29
30
30
6
11
20
16
20
11
7
-1
0
-3
-11
5
-9
-11
-9
-16
-13
-5
3
6
7
14
36
41
60
46
59
71
43
50
56
72
51
59
46
33
34
37
40
37
52
60
61
62
65
54
69
62
59
59
55
52
52
56
43
40
44
51
44
33
30
41
41
51
57
43
34
23
24
13
10
10
14
22
31
27
36
45
35
42
55
49
49
56
66
72
74
75
77
72
75
87
74
62
75
75
70
65
52
57
63
61
51
41
46
46
47
38
25
45
32
22
26
36
32
24
43
55
74
75
71
92
96
90
107
102
99
88
74
86
93
93
97
98
93
88
82
86
98
104
87
91
96
73
88
87
96
102
111
113
105
113
90
71
84
72
64
62
52
64
47
40
23
14
-3
-1
9
7
34
10
7
5
-1
4
-3
19
28
21
19
29
42
30
25
9
27
33
6
26
40
39
23
20
15
16
14
18
17
4
11
15
25
30
32
38
44
40
39
53
56
47
48
47
52
36
30
44
38
38
41
54
46
28
25
58
50
51
60
48
60
45
31
36
45
53
45
46
74
63
92
98
111
132
125
146
129
135
138
134
143
122
98
98
105
92
91
99
104
97
84
102
110
96
86
76
59
44
43
45
34
30
23
42
38
42
38
48
31
35
46
42
52
50
49
36
42
34
39
38
40
47
55
49
51
52
36
58
54
30
15
-2
-3
10
15
11
-6
-19
-37
-48
-38
-48
-52
-44
-46
-30
-21
-20
-17
-30
-26
-13
-2
25
4
12
20
16
28
28
39
33
30
33
32
36
33
31
31
29
29
25
25
22
37
49
53
38
22
40
46
55
46
31
35
26
9
14
-10
-36
-41
-26
-29
-25
-17
-13
-14
-7
-7
-11
-11
-25
-31
-46
-34
-17
-26
-32
-28
-20
-17
-9
-10
-1
10
8
32
41
31
33
10
19
19
25
27
0
8
16
15
27
16
23
11
2
0
-10
4
-2
7
11
-2
19
22
34
44
29
19
24
36
33
38
48
57
54
55
33
43
49
62
67
62
39
47
44
33
29
26
27
18
21
29
24
29
8
9
19
4
9
13
37
37
11
25
15
2
17
9
13
-10
-24
-28
-38
-40
-28
-27
-53
-63
-62
-53
-65
-67
-59
-76
-50
-44
-53
-39
-31
-39
-33
-11
7
14
12
14
-6
-25
-27
-42
-51
-57
-54
-64
-62
-43
-49
-56
-53
-51
-48
-55
-51
-28
-29
-28
-34
-38
-36
-25
-28
-18
-10
-21
-7
-6
-17
-25
-32
-43
-48
-24
-15
-20
-5
1
-13
-13
-26
-25
-22
-32
-42
-57
-50
-46
-23
-21
-22
5
13
20
19
27
23
48
42
21
28
1
10
20
5
-3
-6
-7
-2
-15
-10
0
-8
-11
-17
-21
-17
-7
-17
-18
-31
-40
-34
-31
-27
-20
1
14
-1
8
21
21
44
42
73
61
45
44
47
46
31
32
14
-9
3
-1
-7
-11
-18
-6
-11
-13
-13
-10
-7
-14
-21
-34
-49
-39
-43
-49
-37
-32
-48
-52
-54
-50
-70
-74
-60
-57
-39
-27
-52
-67
-64
-81
-47
-33
-45
-44
-46
-46
-59
-70
-88
-74
-86
-92
-80
-72
-60
-77
-60
-43
-44
-25
-23
-11
-20
-41
-24
-11
-18
-22
-16
-36
-31
-26
-29
-27
-25
-8
-24
-2
-10
6
26
12
17
18
38
6
-16
-22
-46
-44
-50
-52
-71
-72
-54
-66
-60
-59
-60
-51
-66
-62
-78
-74
-57
-67
-65
-57
-44
-63
-65
-57
-74
-71
-48
-53
-81
-74
-67
-82
-80
-54
-53
-32
-51
-43
-25
-21
-13
-17
-10
-4
1
6
-9
-12
9
4
15
6
9
19
33
23
12
13
0
16
22
44
40
50
57
62
79
68
89
75
95
89
82
90
112
137
109
89
63
65
63
69
64
47
40
29
39
3
-18
-10
-9
-7
-6
-17
-40
-48
-49
-44
-43
-31
-28
-21
-22
-34
-18
-25
-32
-36
-30
-33
-36
-29
-43
-44
-45
-39
-51
-42
-52
-57
-64
-72
-68
-59
-76
-70
-53
-81
-76
-65
-56
-79
-79
-78
-98
-106
-84
-81
-90
-113
-126
-114
-117
-80
-88
-97
-103
-107
-86
-82
-64
-59
-82
-89
-86
-75
-55
-65
-76
-79
-75
-78
-64
-45
-43
-38
-33
-48
-40
-38
-34
-45
-52
-51
-63
-74
-64
-76
-71
-62
-67
-62
-66
-41
-46
-51
-55
-48
-55
-72
-63
-58
-47
-54
-38
-38
-37
-23
-32
-20
-22
-43
-36
-36
-38
-25
-29
-44
-61
-56
-64
-59
-38
-51
-46
-51
-56
-17
-14
-15
-16
-11
-15
-11
-1
-14
15
11
18
14
1
15
29
42
30
27
32
40
43
39
40
19
-1
1
-6
8
25
-9
-22
-13
-9
-7
12
6
3
-4
-14
-23
-24
-22
-41
-35
-43
-39
-28
-17
-20
-20
-21
-17
-23
-15
-15
-14
-25
-22
-6
3
11
-3
2
-19
-4
10
6
22
16
21
37
32
43
11
-13
-12
-20
-31
-29
9
-5
6
-6
-34
-45
-35
-8
12
37
30
26
31
27
15
39
38
24
14
-3
13
5
-25
-32
-38
-40
-46
-31
-15
6
-9
-15
-30
-15
-4
-18
-25
-35
-42
-50
-38
-69
-56
-37
-49
-45
-45
-26
-3
12
26
25
20
19
9
19
4
-11
1
-20
-38
-12
-6
-23
-11
-14
-5
8
16
44
42
33
40
36
32
20
15
15
20
35
35
43
37
33
56
45
24
5
8
13
20
17
2
5
10
6
32
43
31
12
15
29
26
44
50
62
31
17
27
0
2
-23
-29
-41
-32
-34
-36
-16
-17
-26
-35
-33
-33
-31
-43
-16
-23
-39
-52
-16
-44
-65
-14
-20
-27
-31
-24
-32
-25
-22
-20
-29
-35
-16
-33
-42
-38
-57
-39
-58
-76
-40
-50
-63
-26
-24
-18
-24
-18
-2
-3
-10
0
6
-4
-26
-34
-18
-45
-47
-42
-43
-53
-63
-57
-45
-25
-53
-80
-63
-79
-73
-59
-55
-87
-82
-62
-64
-65
-75
-79
-75
-78
-76
-67
-63
-72
-92
-100
-98
-105
-105
-101
-92
-92
-73
-68
-72
-67
-75
-88
-73
-84
-88
-83
-99
-105
-99
-89
-104
-104
-90
-80
-91
-96
-89
-80
-104
-107
-100
-97
-107
-87
-65
-69
-63
-71
-58
-45
-51
-25
-13
-17
-23
-27
-11
3
3
9
3
5
9
-5
-2
-10
-22
-48
-30
-10
-15
-1
-21
-18
-22
-12
2
-3
10
7
10
3
3
30
29
21
40
19
39
48
32
32
25
44
50
48
46
33
34
43
52
49
31
40
56
59
49
50
46
44
35
22
4
4
6
11
38
16
-5
2
-15
-29
-8
-17
-34
-60
-73
-67
-57
-50
-78
-92
-65
-68
-60
-43
-54
-77
-94
-64
-55
-48
-29
-42
-66
-52
-46
-45
-35
-41
-51
-23
-22
-44
-34
-27
-37
-34
-29
-13
-16
-17
3
-4
7
11
7
-18
-25
-30
-26
-10
-13
-19
-20
-23
1
0
-7
-2
-3
-12
-19
-14
-23
-47
-32
-34
-39
-31
-59
-61
-61
-58
-42
-44
-29
-22
-33
-42
-50
-22
-10
-24
-23
-32
-31
-21
-8
15
22
-3
3
26
24
39
37
12
2
5
16
4
24
19
12
22
23
30
30
25
19
-3
-8
-22
-2
18
-12
-13
-17
-3
-5
-9
-4
-13
4
13
11
32
16
-4
-13
0
-2
24
29
-3
-10
-2
-3
16
8
-2
-5
-29
1
10
10
13
8
23
29
25
45
72
72
53
77
59
75
77
83
91
75
59
43
55
47
43
25
35
31
29
32
38
15
7
-22
-7
4
-22
-21
-30
-30
-41
-40
-40
-19
-43
-66
-61
-54
-61
-80
-90
-95
-90
-100
-105
-98
-103
-109
-77
-74
-87
-67
-19
-21
-43
-8
13
22
28
38
25
22
23
26
29
17
-2
5
-6
-9
-5
-27
-35
-38
-54
-44
-24
-25
-41
-37
-14
-25
-17
-5
13
2
-7
-1
22
27
-3
3
-13
-10
-28
-21
-5
-33
-6
-11
-9
11
23
19
-5
11
27
49
60
55
52
50
56
61
81
96
84
63
55
59
55
40
54
52
47
39
29
20
25
45
27
21
23
15
12
30
21
-10
1
-6
-14
-10
-1
15
16
-9
-11
-25
-36
-36
-28
-32
-37
-22
-13
-15
-31
-31
-10
-13
-7
16
-8
-9
0
-1
20
7
-8
1
-13
-42
-37
-24
-43
-63
-63
-61
-40
-64
-77
-65
-61
-56
-53
-54
-48
-64
-56
-74
-80
-59
-65
-63
-67
-66
-69
-51
-47
-41
-21
-42
-57
-34
-65
-84
-83
-66
-35
-40
-33
-37
-41
-43
-44
-30
-37
-27
-34
1
-3
-10
-14
-25
-28
-39
-25
-17
-27
-43
-39
-23
-8
-8
-16
-18
-18
-28
-18
12
9
12
25
21
6
18
44
27
16
8
-7
8
11
8
9
-12
-27
-21
4
0
12
8
-15
-6
30
44
65
72
77
78
66
97
104
89
90
91
81
68
70
69
60
64
62
46
59
44
69
78
76
69
53
51
66
110
114
112
102
83
67
93
107
96
65
62
49
36
44
36
30
14
22
20
35
44
24
35
31
37
46
51
39
35
31
32
53
57
70
46
16
12
15
10
8
-1
-35
-77
-73
-72
-56
-52
-81
-85
-81
-74
-42
-44
-59
-54
-67
-48
-26
-22
-40
-66
-91
-95
-86
-71
-55
-71
-90
-100
-90
-71
-43
-29
-51
-58
-44
-28
-22
-11
0
-14
-16
-17
5
31
33
16
16
25
25
28
37
34
18
26
0
-8
13
19
9
2
-5
1
26
38
41
22
39
45
55
74
87
85
74
71
85
108
123
109
100
75
49
52
32
31
25
15
11
1
7
-6
9
8
5
13
11
23
26
18
9
6
4
6
11
22
29
54
58
53
48
47
66
75
63
40
36
52
56
49
65
66
73
57
46
55
68
48
43
52
34
43
60
63
48
18
4
14
1
4
-3
-1
-35
-49
-40
-37
-53
-47
-31
-38
-13
-21
-6
-12
-20
-9
-25
-19
-22
-22
-33
-52
-49
-54
-69
-60
-53
-52
-44
-49
-30
-32
-31
-23
-9
15
8
13
7
5
15
22
7
10
-5
-6
-3
-4
-8
7
24
11
38
29
36
46
31
6
5
-4
-10
21
20
6
16
29
36
62
62
65
50
69
97
87
93
65
51
54
65
67
58
49
44
47
40
47
53
45
58
40
43
44
55
55
12
7
24
35
49
51
39
19
13
18
15
33
19
20
15
25
26
21
25
23
32
46
61
62
57
52
62
62
62
76
61
50
73
77
87
91
92
88
104
100
90
88
77
79
77
65
75
55
68
87
93
88
89
116
97
90
94
97
103
103
73
59
61
46
41
23
7
-3
-9
8
37
36
41
28
26
48
57
54
44
49
30
21
16
15
11
-6
-16
-45
-44
-22
-10
-14
-30
-36
-30
-22
-33
-20
-16
-26
-15
-33
-37
-37
-48
-23
-24
-28
-23
-28
-18
-17
-5
3
-7
-13
-8
-21
-48
-45
-63
-53
-36
-57
-32
-29
-23
-21
-31
-15
-3
10
7
1
2
-6
13
6
-30
-37
-35
-50
-42
-22
-26
-29
-35
-41
-17
9
1
18
21
49
37
30
44
31
39
42
28
20
30
53
72
73
72
66
60
56
80
107
106
70
34
22
28
44
68
53
51
42
46
92
88
102
100
85
69
96
125
152
122
85
76
66
74
66
71
56
21
12
38
49
49
53
37
13
1
36
47
23
33
54
39
44
55
71
49
47
71
72
59
51
66
82
56
48
79
90
91
73
51
41
21
8
31
34
31
29
25
17
14
2
3
25
6
-15
11
17
10
33
28
38
32
28
70
78
72
90
89
63
40
45
66
55
44
18
8
-4
-4
0
-15
-18
-13
-2
-2
19
49
34
14
6
22
49
31
45
26
5
-16
-10
14
1
-6
0
-1
6
21
6
13
23
21
47
54
57
61
55
72
69
88
75
68
78
70
56
51
52
53
45
24
26
29
33
32
31
11
4
3
-19
-17
-33
-40
-40
-29
-39
-42
-15
-15
-22
-4
-10
15
32
-2
0
15
13
6
4
14
5
5
4
-1
14
32
24
44
46
41
79
109
117
96
109
98
99
109
120
135
124
120
105
128
110
103
107
81
84
93
123
117
124
111
89
72
62
72
80
51
59
70
63
51
56
70
65
62
45
37
38
13
18
23
23
11
-5
12
-4
-2
22
-13
-28
-35
-45
-35
-37
-49
-45
-66
-98
-104
-104
-104
-86
-104
-111
-130
-119
-99
-108
-108
-125
-124
-148
-142
-127
-132
-108
-114
-123
-99
-93
-79
-63
-77
-103
-105
-91
-54
-39
-60
-63
-60
-32
-24
0
0
4
23
25
62
85
97
112
103
66
89
103
103
108
124
143
134
142
105
118
117
82
104
96
75
80
94
83
60
41
52
66
64
65
101
100
76
103
109
103
110
98
92
86
71
62
42
33
37
71
67
57
58
43
23
-6
-8
-23
-33
-53
-69
-46
-67
-84
-92
-154
-193
-235
-231
-207
-203
-198
-207
-236
-254
-238
-207
-233
-243
-243
-240
-220
-228
-220
-229
-245
-252
-240
-212
-197
-176
-171
-169
-166
-179
-164
-166
-161
-135
-140
-135
-119
-97
-69
-59
-45
-47
-57
-50
-49
-56
-57
-60
-28
-43
-3
34
41
52
61
75
49
52
72
110
102
96
105
94
69
69
78
57
57
78
104
98
114
150
158
127
121
139
141
144
143
126
103
81
62
66
90
97
87
71
58
15
18
13
-42
-84
-107
-93
-83
-71
-81
-99
-124
-174
-189
-210
-220
-252
-245
-231
-228
-189
-173
-219
-243
-244
-247
-234
-249
-231
-204
-213
-197
-188
-174
-148
-144
-115
-107
-85
-55
-69
-80
-82
-79
-77
-46
-3
34
56
44
61
77
95
118
142
130
146
195
226
261
235
225
251
258
261
301
274
260
282
339
346
343
377
386
373
380
415
416
428
391
384
387
390
394
366
327
281
272
285
308
293
266
258
260
232
202
208
150
105
92
90
129
97
73
28
4
6
-8
-42
-78
-100
-132
-178
-232
-272
-309
-332
-360
-408
-456
-503
-527
-566
-602
-658
-701
-709
-693
-678
-688
-707
-773
-764
-732
-699
-688
-669
-643
-589
-573
-592
-592
-590
-559
-504
-446
-435
-403
-355
-327
-281
-220
-199
-196
-158
-52
62
145
159
197
241
279
363
404
411
454
513
604
634
670
695
740
787
816
868
900
931
958
1004
1050
1036
1041
1087
1130
1137
1134
1155
1145
1136
1090
1063
1028
973
919
841
750
685
585
482
416
318
234
130
20
-97
-216
-348
-510
-670
-785
-914
-1028
-1113
-1218
-1273
-1353
-1452
-1490
-1526
-1512
-1467
-1400
-1377
-1349
-1322
-1274
-1214
-1123
-1010
-927
-839
-758
-681
-578
-508
-488
-428
-365
-284
-192
-163
-123
-70
-65
-47
-85
-114
-137
-154
-170
-195
-220
-226
-239
-224
-186
-158
-112
-60
-22
30
92
146
153
172
177
221
264
310
358
352
399
449
532
610
674
721
753
798
886
1001
1090
1154
1241
1286
1342
1413
1473
1529
1542
1554
1561
1578
1600
1601
1560
1477
1374
1256
1103
952
794
577
317
50
-176
-358
-554
-765
-997
-1206
-1382
-1466
-1521
-1563
-1639
-1749
-1806
-1798
-1785
-1729
-1682
-1670
-1650
-1635
-1562
-1466
-1350
-1239
-1138
-1030
-893
-738
-566
-430
-333
-238
-187
-103
-16
53
104
120
93
72
90
110
157
167
129
109
101
104
143
158
136
98
58
56
41
55
39
-4
-79
-158
-194
-240
-264
-299
-331
-366
-377
-338
-263
-190
-179
-192
-212
-192
-93
-5
118
210
261
348
485
661
837
959
1063
1185
1277
1437
1604
1726
1869
1943
2005
2068
2153
2237
2259
2231
2155
2077
1991
1875
1777
1629
1414
1183
950
717
454
158
-100
-380
-643
-884
-1088
-1291
-1502
-1653
-1768
-1915
-2050
-2133
-2171
-2218
-2271
-2237
-2192
-2155
-2125
-2037
-1909
-1802
-1669
-1548
-1420
-1274
-1095
-859
-673
-539
-408
-300
-203
-105
21
103
141
160
186
236
250
295
311
308
236
204
205
188
178
144
137
92
64
38
9
-18
-91
-163
-199
-239
-277
-301
-336
-377
-423
-432
-384
-365
-376
-356
-353
-335
-298
-247
-193
-150
-81
4
128
277
449
604
731
861
1007
1150
1298
1477
1659
1831
1983
2116
2246
2388
2498
2570
2591
2588
2559
2495
2394
2264
2108
1926
1703
1403
1115
796
472
181
-116
-415
-727
-1031
-1307
-1542
-1744
-1932
-2133
-2317
-2453
-2572
-2631
-2664
-2691
-2704
-2703
-2647
-2547
-2419
-2263
-2104
-1935
-1757
-1547
-1306
-1058
-837
-625
-434
-303
-157
5
185
325
398
447
471
519
574
623
659
665
617
588
591
630
665
676
656
604
559
556
573
566
504
374
225
121
51
25
14
-78
-142
-201
-241
-216
-179
-164
-194
-235
-290
-273
-210
-147
-123
-114
-103
-19
74
193
337
442
558
698
873
1074
1252
1406
1535
1660
1802
1941
2105
2241
2320
2380
2391
2355
2271
2169
2031
1881
1709
1458
1174
847
527
240
-15
-308
-618
-926
-1229
-1475
-1639
-1793
-1976
-2207
-2429
-2547
-2605
-2616
-2603
-2625
-2642
-2636
-2549
-2364
-2193
-2026
-1844
-1686
-1459
-1174
-844
-527
-286
-111
50
231
452
626
788
893
910
918
880
836
865
882
860
818
720
663
614
606
647
688
649
582
551
548
583
615
567
373
126
-70
-152
-194
-260
-349
-503
-625
-626
-518
-437
-422
-492
-614
-648
-562
-417
-338
-346
-387
-393
-328
-167
47
174
261
340
501
763
1084
1370
1538
1674
1830
2086
2347
2577
2764
2812
2842
2888
2966
2986
2922
2809
2620
2416
2191
1915
1575
1203
792
428
61
-291
-623
-950
-1302
-1582
-1800
-2013
-2209
-2430
-2632
-2780
-2854
-2890
-2892
-2892
-2898
-2874
-2779
-2626
-2447
-2280
-2107
-1891
-1620
-1296
-950
-629
-341
-127
109
336
545
725
816
838
819
829
868
889
892
857
765
681
625
642
672
661
619
595
552
513
518
512
430
339
224
131
9
-124
-260
-419
-567
-659
-709
-721
-706
-680
-668
-686
-677
-661
-657
-670
-696
-671
-670
-651
-592
-504
-402
-302
-161
3
222
458
712
947
1198
1477
1738
1975
2198
2434
2613
2757
2901
3024
3120
3158
3146
3073
2937
2766
2607
2382
2054
1692
1296
881
485
100
-232
-596
-982
-1338
-1628
-1871
-2063
-2269
-2495
-2696
-2844
-2912
-2915
-2885
-2872
-2885
-2857
-2783
-2634
-2384
-2153
-1909
-1669
-1388
-1047
-670
-278
66
321
542
769
964
1121
1258
1308
1313
1221
1099
1055
1051
1002
908
763
642
541
487
485
467
382
267
184
111
72
96
59
-40
-176
-339
-424
-456
-523
-639
-830
-1011
-1019
-961
-874
-780
-725
-771
-805
-824
-764
-686
-657
-678
-695
-645
-515
-360
-204
-12
164
341
591
918
1268
1587
1872
2123
2401
2721
3018
3248
3423
3549
3639
3704
3733
3673
3524
3295
3038
2719
2321
1883
1440
961
439
-19
-439
-814
-1222
-1587
-1882
-2153
-2407
-2600
-2802
-3024
-3196
-3294
-3335
-3364
-3381
-3356
-3282
-3174
-2990
-2739
-2470
-2199
-1886
-1542
-1147
-736
-324
80
443
747
1057
1324
1516
1631
1676
1679
1576
1455
1395
1355
1280
1163
1017
901
784
684
601
527
397
264
118
-6
-94
-173
-252
-353
-464
-534
-544
-540
-560
-634
-766
-931
-1019
-1008
-952
-907
-887
-871
-805
-734
-644
-570
-562
-557
-526
-435
-264
-72
114
326
533
756
1030
1374
1732
2062
2364
2668
2979
3321
3649
3916
4107
4248
4361
4438
4370
4206
3927
3615
3257
2797
2231
1672
1105
508
-101
-644
-1105
-1528
-1988
-2358
-2662
-2880
-3103
-3320
-3498
-3751
-3871
-3985
-4050
-4117
-4121
-4095
-4025
-3877
-3636
-3302
-2959
-2587
-2158
-1718
-1210
-700
-199
297
721
1075
1337
1577
1726
1784
1758
1681
1550
1457
1361
1256
1107
994
936
825
739
664
573
471
349
182
31
-172
-340
-504
-669
-783
-809
-759
-696
-576
-437
-366
-301
-269
-318
-407
-506
-630
-740
-770
-737
-710
-733
-658
-588
-526
-442
-336
-193
27
258
545
882
1225
1580
1931
2292
2660
3026
3413
3789
4131
4415
4690
4883
5028
5117
5021
4789
4408
3955
3424
2768
2055
1349
606
-132
-865
-1491
-2006
-2480
-2900
-3181
-3431
-3592
-3706
-3788
-3896
-4043
-4162
-4236
-4335
-4369
-4306
-4239
-4064
-3845
-3528
-3078
-2584
-2032
-1469
-887
-264
311
851
1295
1643
1876
2015
2046
1990
1894
1768
1577
1368
1193
1068
848
616
462
401
368
302
191
107
-41
-189
-332
-511
-686
-863
-1047
-1157
-1139
-1059
-881
-698
-458
-192
61
275
461
418
364
-5
-275
-487
-778
-759
-849
-927
-832
-772
-725
-494
-453
-209
109
414
984
1397
1889
2341
2802
3301
3727
4245
4716
5059
5334
5519
5681
5799
5707
5417
4978
4327
3514
2676
1811
1029
78
-1007
-1883
-2639
-3212
-3673
-4108
-4343
-4481
-4559
-4542
-4422
-4305
-4179
-4198
-4218
-4144
-4076
-3897
-3804
-3692
-3455
-3150
-2633
-2003
-1387
-676
-7
553
1107
1617
2010
2226
2160
1963
1710
1388
1095
776
445
168
-113
-264
-304
-221
-152
-191
-196
-87
1
41
-22
-148
-260
-485
-662
-811
-845
-859
-863
-812
-697
-427
-108
197
543
780
896
956
975
838
530
189
-138
-490
-787
-961
-1060
-1138
-1152
-989
-684
-294
185
708
1272
1906
2559
3164
3722
4264
4701
5100
5493
5907
6240
6418
6522
6392
5993
5354
4511
3562
2536
1406
313
-868
-1966
-2886
-3707
-4275
-4712
-4968
-5010
-5046
-4931
-4649
-4314
-3966
-3765
-3623
-3378
-3184
-2981
-2701
-2579
-2395
-2220
-1893
-1345
-814
-316
155
533
868
1188
1401
1452
1249
748
253
-245
-799
-1317
-1849
-2301
-2625
-2800
-2643
-2279
-1838
-1346
-738
-197
165
532
862
1134
1111
832
646
516
441
373
261
259
291
407
651
885
1053
1123
1023
795
411
63
-181
-497
-989
-1510
-1790
-1828
-1768
-1615
-1350
-974
-579
-82
520
1186
1911
2517
3125
3688
4198
4840
5461
5932
6237
6424
6768
7035
7084
6893
6318
5321
3944
2442
1187
-177
-1675
-3091
-4388
-5294
-6004
-6322
-6098
-5950
-5640
-5049
-4250
-3186
-2445
-1721
-1006
-697
-525
-351
-159
33
-218
-497
-458
-298
-46
321
682
857
746
664
544
242
-413
-1197
-2083
-3220
-4381
-5210
-5648
-5931
-6146
-6014
-5371
-4478
-3226
-1811
-259
1099
2123
2932
3459
3662
3725
3625
3236
2481
1797
1414
1159
838
404
128
32
-157
-214
-156
-182
-418
-866
-1285
-1664
-1890
-1934
-1850
-1983
-2111
-1843
-1150
-349
274
954
1697
2363
2956
3606
4343
4956
5417
5615
5872
6132
6384
6615
6687
6580
6391
6196
5956
5071
3561
1575
-478
-2195
-3817
-5395
-6599
-7569
-7904
-7740
-7265
-6051
-4599
-3177
-1695
-411
960
2061
2746
3356
3401
2973
2585
2259
2113
1589
870
711
558
277
47
-136
-394
-1189
-2320
-3152
-4123
-5356
-6451
-7406
-8309
-9004
-9081
-8283
-7167
-5984
-4365
-2293
-292
1550
3400
5085
6211
6533
6572
6211
5082
3896
2719
1488
75
-1427
-2023
-2250
-2620
-2686
-2654
-2533
-2525
-2560
-2113
-1820
-1907
-1779
-1454
-1167
-764
-35
1039
1783
2087
2605
3319
3766
4009
4212
4351
4204
3770
3686
3716
3485
3342
3320
3342
3282
3258
3635
4078
4144
4230
4225
4113
3537
2224
508
-1709
-3520
-4447
-5394
-6154
-6543
-6157
-5034
-4167
-2861
-1077
248
1459
2328
2959
3354
3002
2952
2882
1816
907
647
733
511
-314
-322
38
-319
-820
-1293
-1877
-3020
-4629
-5722
-6651
-7724
-8212
-7928
-7570
-7153
-5908
-3668
-1615
-121
1383
3167
4262
4450
4594
4624
4072
2998
1668
271
-1335
-2508
-2791
-3117
-3895
-4274
-3878
-3245
-3142
-3153
-2623
-2249
-2177
-1861
-1123
-288
477
1331
2133
2528
2986
3823
4413
4206
3747
3613
3587
3116
2564
2553
2497
2097
1784
1691
1859
2070
2258
2485
2467
2588
3398
4112
4540
4965
5428
5987
5899
4737
3030
397
-2011
-3475
-4955
-6271
-7339
-7445
-6358
-5811
-4817
-2716
-1064
165
1089
1999
2990
2765
2730
3183
2685
1938
1643
1992
2174
1124
584
831
217
-981
-2091
-3032
-4332
-6272
-7397
-7722
-8105
-8009
-6980
-5567
-4254
-2656
-362
1637
2537
3061
3785
3981
3184
2233
1514
624
-423
-1294
-1988
-2807
-3523
-3570
-3355
-3780
-4291
-4215
-4147
-4189
-4179
-3714
-2967
-2415
-1434
-38
1250
2554
3717
4484
4751
4618
4692
4695
4030
3294
2834
2528
2317
2109
2118
2169
1946
1965
2158
2231
2570
2779
3016
3345
3748
4726
5603
6352
7060
7124
7015
6537
4535
1409
-2437
-5463
-6707
-8408
-9653
-9764
-8948
-6981
-5406
-3090
-310
1076
2329
3388
3599
3330
2388
2540
2733
1294
771
1345
1965
1791
581
329
170
-1307
-2887
-4478
-6157
-7774
-9055
-8900
-8262
-7226
-4787
-2081
135
1946
3798
5642
6021
5127
4044
2759
1219
-613
-2203
-3191
-4053
-4321
-4097
-4010
-3957
-3726
-3327
-3654
-4539
-4825
-4625
-4517
-4467
-3890
-2583
-1205
128
1546
2795
3602
3994
4092
3737
3216
2822
2744
2635
2335
2538
3187
3603
3662
3393
2921
2369
1687
1221
1055
1250
2063
2934
3969
5503
7311
9440
10923
11141
10361
9011
7229
3798
-1686
-7301
-10857
-12175
-12701
-12848
-11189
-7742
-4250
-1397
1269
3464
4411
4544
4301
3237
1381
151
603
1089
398
202
1523
2840
2137
67
-1299
-2562
-5074
-7874
-9800
-10537
-10542
-9617
-7180
-4060
-643
3211
6311
7910
8254
8084
7594
5505
2417
-200
-1877
-3042
-4104
-4990
-5051
-4622
-4271
-3590
-3670
-4156
-4086
-4415
-5018
-5578
-5629
-4287
-3077
-2171
-923
79
1105
1285
879
867
389
1
-32
-18
860
2002
3360
4581
4960
5242
5169
4384
3029
1331
-6
-794
-965
-537
774
3198
5865
8390
10401
12158
13858
14657
13977
11458
7825
4178
-736
-6918
-11968
-14372
-13643
-11926
-10447
-7391
-3094
728
3411
4602
4880
4204
2875
2303
1361
-158
-102
1056
2073
1790
961
1559
1370
-1461
-5111
-7949
-9460
-10900
-12470
-11942
-9944
-7426
-3943
-192
3487
6450
8223
9086
8122
6085
4498
2979
1319
-647
-2115
-2011
-1499
-1376
-1597
-2261
-2774
-3561
-4728
-5730
-6587
-6486
-5724
-5078
-3788
-2045
-140
1246
1435
1206
420
-615
-1735
-2759
-3005
-2487
-1529
80
1743
3603
4927
5566
5601
4282
2587
1050
-456
-1973
-2738
-2712
-1890
-42
2048
4596
7824
10616
12986
14455
14981
14671
13322
10912
7055
3127
-396
-5318
-10302
-13428
-13618
-10932
-8959
-6741
-3074
22
2881
4312
4744
5216
3962
3325
3490
2194
1605
1825
2430
2212
-416
-1818
-2201
-4372
-7229
-10278
-11239
-10657
-11108
-10079
-7583
-5048
-2039
211
2364
4211
4628
5145
4667
3075
2142
1449
1430
1272
411
570
483
-213
-852
-2337
-3190
-3919
-5165
-5435
-5671
-5030
-3154
-2227
-1231
-580
229
1269
400
-524
-1049
-1988
-2399
-2742
-2236
-613
506
1799
2901
3410
3964
3713
3001
1851
-229
-1650
-2439
-3098
-2866
-2334
-997
1232
3481
6419
9210
11411
13189
14068
14070
13334
11769
9324
6135
2984
-1025
-6477
-11218
-13690
-13140
-10814
-8749
-5978
-2175
1612
4630
6162
7053
6964
5771
5115
4334
3129
2450
2169
2051
440
-2081
-3352
-4222
-5981
-8894
-11143
-10820
-9736
-9021
-7032
-4350
-1773
127
1210
2457
3021
2806
2213
742
-557
-1094
-829
395
1108
1483
2209
2422
1965
741
-841
-2257
-4005
-5310
-5816
-5962
-4910
-3473
-2575
-1938
-1724
-1045
-468
-998
-1342
-1345
-1026
-434
-3
1313
2931
3487
3375
2724
2029
1303
137
-879
-1939
-2742
-2781
-2648
-1987
-1052
19
1915
4021
6337
8458
10487
12557
13283
13525
13173
11384
9155
5988
2486
-1428
-7372
-12753
-15272
-14750
-11912
-9379
-5990
-1384
2406
5649
7564
8269
7917
6254
5469
4798
3346
2799
2733
2604
1237
-1571
-3095
-4273
-6754
-9520
-11700
-11267
-9380
-7711
-4789
-1480
1129
2724
3033
3187
2788
1432
-108
-2389
-4135
-4021
-2719
-885
412
1058
2182
2997
2532
1467
77
-1181
-2469
-3807
-4148
-3726
-2908
-2201
-2485
-3150
-3463
-3382
-3012
-2902
-2548
-1278
250
1822
3335
4610
5598
5391
4069
2531
1034
-96
-1062
-2228
-3018
-3166
-2724
-1824
-1025
101
1756
3171
4785
6784
8745
10800
12833
13862
14103
13258
11139
8384
4719
-89
-6338
-12806
-16489
-16760
-14323
-10646
-7094
-2567
1897
4854
6545
6996
6587
5247
3677
3176
3026
3118
3994
4439
3576
1379
-1322
-3518
-6262
-9768
-12288
-12483
-10463
-7659
-4497
-456
2734
3843
3919
3423
2400
468
-2038
-4033
-5212
-4974
-3251
-1114
893
1950
2103
2223
1727
538
-515
-1251
-1619
-2025
-2135
-1506
-1047
-981
-1784
-3521
-4812
-5267
-5045
-4296
-3019
-949
1350
3314
4870
5946
6323
5599
3896
1978
505
-489
-1039
-1255
-1113
-1097
-1268
-1154
-869
-139
745
2268
4384
6299
8487
10689
12709
14236
14501
13641
10977
7428
3459
-2950
-9639
-14512
-16087
-13016
-9432
-6274
-2079
1476
4269
4718
3594
3017
1070
-282
-61
404
1997
3335
4780
5586
2986
-190
-2838
-5549
-8029
-11366
-12030
-9022
-6146
-3182
127
2732
3876
2586
724
-782
-2729
-4325
-5509
-5682
-4291
-2552
-370
1661
1949
1629
1173
292
-606
-1581
-1493
-326
499
1272
1489
620
-546
-2537
-5061
-7055
-7859
-6744
-4820
-2745
-71
2901
5459
6350
5637
4920
4037
2626
1421
1012
1503
2207
2546
2395
1864
889
-204
-1447
-2314
-1800
-324
1997
4639
6648
8811
10809
12241
13062
12226
9716
6340
2565
-2347
-8212
-11901
-11899
-8688
-4600
-1789
1209
4083
4916
3944
1971
216
-1388
-2783
-2455
-1059
423
2004
3281
3570
1308
-2196
-4512
-6244
-7611
-8441
-7424
-3857
-457
1692
3482
3957
2631
-116
-3059
-4918
-6443
-7316
-6507
-4753
-2818
-1040
588
1564
946
-597
-1404
-1469
-1259
-789
244
2069
3423
3378
2335
360
-2143
-4641
-6929
-8222
-8032
-6514
-3798
-1044
1286
3648
5181
5308
4280
3021
2544
2703
3298
4094
4979
5798
5822
5217
4062
2254
539
-941
-1718
-1157
438
2910
5195
6634
7707
8502
9184
8922
6761
3904
1524
-1421
-5655
-9332
-9769
-6533
-2153
866
2706
4557
5653
4798
2532
453
-1130
-2387
-2415
-1214
70
780
1038
851
-913
-4235
-6872
-7933
-8043
-7597
-6123
-2299
2192
4661
5679
5643
3777
588
-2715
-4657
-5613
-6757
-6586
-4817
-3012
-1821
-1580
-1492
-1650
-3007
-4171
-3850
-2104
82
1381
2311
3271
3333
2249
-121
-3000
-5338
-7105
-7947
-7406
-5708
-3036
-626
730
1589
1869
1591
1232
859
878
1772
3339
5354
7089
7937
8110
7560
6493
5229
4041
3520
3506
3932
4543
5128
6110
6745
7284
7430
6531
4981
2224
-227
-2323
-6845
-10922
-11647
-8626
-2319
2162
4900
7629
8315
7491
4529
997
-306
-1988
-2582
-1303
-596
811
1274
173
-1538
-6059
-9975
-11295
-12266
-11088
-8389
-4235
1844
5451
6873
7490
5487
2199
-1469
-4193
-4328
-4440
-4394
-2912
-1495
-292
-513
-2131
-3248
-4655
-5800
-5694
-4749
-1911
1304
2997
3964
3792
2474
258
-3243
-6115
-7339
-7575
-6640
-4984
-2719
-404
555
619
297
-643
-1505
-2059
-1733
-233
1582
3570
5197
6235
6683
6278
5583
5398
5498
6165
7301
8351
9348
10053
10403
10494
10119
9558
8716
6385
2657
-1247
-4348
-7600
-11787
-14225
-12288
-6916
-1041
3178
6281
8740
9013
7117
4635
2702
1651
1004
1430
2296
2202
1564
85
-2808
-7029
-11358
-13485
-13617
-13093
-10692
-5911
-219
4009
5290
5317
4569
2022
-1418
-3804
-3834
-2498
-1525
-931
-579
-818
-1276
-2471
-4321
-5825
-6293
-5473
-3732
-1544
1153
3505
4301
3617
1748
-656
-3324
-5842
-7024
-6782
-5544
-3754
-2070
-525
304
-112
-1028
-2117
-2723
-2605
-1705
-176
1409
2927
4008
4435
4275
3509
2891
2760
3166
4607
6142
8198
10796
12794
14121
14430
13930
13321
11819
8460
4056
51
-3218
-7627
-12306
-13879
-10870
-5701
-1731
615
2852
4867
4988
4016
3367
3405
4136
5389
6910
7909
6945
4671
1548
-3509
-9361
-13591
-14695
-13724
-12484
-9681
-4586
367
3000
3103
2252
776
-1902
-4120
-3950
-1907
170
1280
1635
1027
-1085
-3819
-6153
-7543
-8082
-7519
-5586
-2712
344
2841
4028
3568
1869
-402
-2828
-4835
-5822
-5779
-4884
-3465
-2124
-1169
-756
-1040
-1688
-2451
-2961
-2553
-1390
217
1676
2536
3084
2970
2372
1783
1204
1121
1235
1665
3119
4863
6871
8984
10660
12269
13171
13604
14045
13192
10178
5747
1423
-2356
-6973
-10949
-11237
-7705
-2743
201
1726
3537
4180
2916
1194
500
1694
3454
5598
8163
9038
7969
5704
2063
-2901
-8685
-12485
-12885
-12246
-10852
-7264
-2179
2060
2850
1500
472
-960
-3046
-4100
-3031
-308
1570
1890
1350
-276
-2638
-5313
-7878
-9326
-9014
-7124
-4261
-1740
224
1742
2302
1406
-367
-2306
-3932
-4763
-4813
-4091
-2854
-1769
-1220
-1587
-2761
-3843
-4243
-3882
-2947
-1676
63
1645
2517
2853
3037
2985
2408
1713
1563
2074
2931
3558
4216
5050
5884
7018
8290
9653
10944
12217
12849
11632
8190
4212
166
-4346
-9096
-11161
-8463
-3246
617
2366
3724
4904
4232
2299
965
1546
3655
6019
8819
10461
9438
6847
3125
-1690
-6872
-10961
-11742
-10915
-10503
-8483
-4286
-87
1549
156
-987
-1253
-2204
-2263
-160
3438
6312
6217
4343
1824
-1847
-5572
-8542
-10289
-10107
-8664
-6308
-3580
-1781
-537
83
-488
-1808
-3386
-4407
-4048
-3105
-2105
-1070
-530
-519
-1350
-3187
-4759
-5292
-5000
-3984
-2612
-807
1018
1561
1119
853
866
1123
1462
2217
3843
5164
5636
6071
6468
7037
7307
7289
7844
9189
10674
11335
9663
5900
2193
-1561
-6179
-10219
-11039
-7594
-2473
190
1490
2787
3218
2218
232
-313
2023
5049
8929
12443
13433
12470
9210
4712
-113
-5921
-9285
-9523
-9580
-9091
-7643
-4549
-1688
-2679
-5025
-5896
-5748
-4746
-3088
762
6044
9024
9607
8593
5879
2113
-2449
-6000
-7374
-7181
-5756
-4150
-3159
-2955
-3356
-3845
-4852
-5985
-6373
-5857
-4249
-2149
-14
1430
1466
532
-1103
-3119
-4451
-4868
-4022
-2483
-1266
231
1548
1484
318
-927
-1231
-830
-220
1076
3161
4996
5701
5768
6216
7007
7492
7706
8334
9239
10251
10309
8437
5127
1054
-3845
-8454
-10829
-9459
-5299
-2081
-808
-117
286
-393
-2275
-3456
-1883
1260
5362
9758
12819
13534
11451
7933
4628
469
-3136
-4431
-4714
-5057
-5509
-4344
-1879
-2087
-5315
-8316
-9394
-8681
-7391
-4172
1584
6085
7877
8036
7310
5768
2373
-1137
-2761
-2848
-2114
-1226
-599
-736
-2229
-3935
-5416
-6940
-8024
-8180
-7116
-5331
-3338
-1126
840
1316
228
-1288
-2260
-2981
-3285
-2764
-1460
20
977
1320
1125
358
-528
-794
-34
1480
2937
4173
4882
5146
5599
6342
7114
7534
7805
8141
8368
7752
6139
3951
1346
-2149
-5444
-6748
-5441
-3095
-1829
-1621
-1527
-1502
-2471
-4295
-5084
-3871
-1361
2222
5866
8483
9181
7506
4942
2723
856
144
223
380
-86
-1050
-923
-479
-1636
-4070
-6573
-7691
-7546
-6985
-4790
-1053
2074
3740
4259
4644
4549
2991
1063
116
478
1313
1566
1422
768
-849
-2689
-4195
-5119
-5708
-6165
-6169
-5438
-4328
-3019
-1720
-899
-952
-1552
-1833
-1595
-1337
-1228
-952
-330
351
445
201
-5
-392
-962
-1205
-511
1011
2312
2982
3644
4553
5431
5900
5978
6118
6404
6382
5758
4665
3371
2029
425
-1018
-1488
-843
-241
-460
-1271
-1740
-1630
-1673
-2121
-2461
-2297
-1524
-383
971
2218
2477
1788
673
-286
-421
319
1243
1540
837
-49
-220
-137
-517
-1373
-2276
-2868
-3209
-3048
-2146
-1080
-457
-299
-42
794
1804
2402
2314
1650
947
660
798
862
331
-622
-1646
-2661
-3496
-4096
-4436
-4699
-4967
-4801
-3867
-2514
-1318
-598
-327
-229
-216
-235
-240
-338
-434
-516
-637
-749
-956
-1262
-1714
-2100
-2058
-1407
-297
1080
2445
3889
5308
6453
7216
7551
7614
7535
7413
7115
6686
6174
5634
5406
5076
4341
3114
1448
-254
-1539
-2087
-1789
-1216
-1238
-1620
-1779
-1487
-1228
-1641
-2504
-3514
-4348
-4680
-4061
-2608
-1562
-1847
-2687
-3028
-2699
-2328
-2449
-2819
-3265
-3707
-3609
-2768
-1628
-1094
-1297
-1541
-1296
-595
207
922
1215
981
654
744
1497
2271
2332
1701
866
-28
-814
-1516
-2206
-2738
-3123
-3202
-2777
-1895
-810
2
433
788
1209
1619
1871
2057
2240
2214
1819
1221
584
-82
-656
-1079
-1218
-964
-404
607
2081
3682
5346
6751
7658
7935
7336
6412
5445
4516
4282
4448
4677
4486
3220
1643
230
-1179
-2402
-3464
-4484
-5190
-5218
-4316
-2734
-1694
-1614
-2228
-2941
-3213
-3064
-2465
-1984
-2370
-3020
-2998
-2118
-912
-319
-567
-1173
-1878
-2208
-1632
-597
-61
-564
-1654
-2308
-2171
-1666
-1303
-1317
-1628
-1763
-1414
-458
844
1732
1877
1444
857
530
369
79
-419
-971
-1402
-1673
-1836
-1938
-2005
-2075
-2142
-1981
-1303
-361
492
1175
1820
2371
2684
2762
2579
2562
2684
2563
2300
1984
1811
1831
1943
2207
2727
3545
4590
5787
6854
7303
6923
6074
5408
5037
4856
4578
3807
2626
1487
721
233
-418
-1987
-4130
-5762
-6386
-5920
-5024
-4438
-4492
-4969
-5200
-4672
-3440
-2483
-2733
-3758
-4332
-3750
-2237
-722
-89
-222
-727
-1173
-979
-302
-10
-346
-1061
-1590
-1275
-421
220
54
-927
-2043
-2540
-2144
-1188
-298
140
331
379
515
751
765
624
209
-225
-391
-396
-455
-904
-1569
-2255
-2757
-2806
-2501
-1929
-1100
-220
541
973
1191
1386
1675
2106
2507
3020
3597
4016
4352
4573
4750
4874
4779
4623
4690
4965
5335
5650
5624
5566
5706
5677
5246
4300
3086
2219
1695
1058
421
-432
-1938
-3623
-4790
-5081
-4999
-5280
-6125
-6765
-6415
-5431
-4195
-3164
-3078
-3911
-4524
-4284
-3343
-2277
-2000
-2184
-2388
-2342
-1612
-330
490
71
-1022
-1729
-1306
-123
848
1175
899
235
-338
-297
410
1143
1124
488
11
-9
166
114
-331
-851
-1184
-1173
-773
-134
303
177
-408
-1088
-1616
-1820
-1969
-2121
-2016
-1761
-1446
-1102
-664
-208
271
740
1167
1850
2567
3285
4088
4696
5163
5448
5450
5500
5715
5630
5299
4730
4145
4160
4432
4605
4496
3808
2646
1631
1124
802
428
-754
-2429
-3670
-4274
-4411
-4593
-4963
-5814
-6653
-6704
-5834
-4185
-3033
-2992
-3240
-3071
-2411
-1370
-461
-167
-484
-1184
-1389
-597
358
603
45
-859
-1330
-1137
-489
391
791
480
50
0
614
1467
1809
1701
1299
868
592
443
277
-181
-904
-1629
-2121
-2282
-2296
-2411
-2514
-2651
-2806
-2800
-2625
-2425
-2192
-1966
-1884
-1730
-1550
-1443
-1150
-734
-163
623
1392
2104
2914
3780
4646
5424
5952
6199
6295
6221
5903
5544
5163
4867
4805
4732
4508
4243
3596
2774
2310
1920
1580
956
-244
-1285
-1878
-2180
-2510
-3145
-4146
-5235
-5850
-5844
-5184
-4405
-4240
-4425
-4251
-3556
-2489
-1456
-988
-944
-984
-813
-75
957
1413
930
-85
-1048
-1382
-1174
-970
-1058
-1512
-2075
-2239
-1706
-712
103
354
269
90
98
246
366
397
91
-512
-996
-1083
-915
-909
-1197
-1643
-2102
-2405
-2536
-2478
-2195
-1933
-1858
-1874
-1753
-1379
-762
-44
475
851
1206
1605
2294
3223
4045
4714
5258
5623
5944
6430
6718
6460
5893
4893
4169
4311
4593
4613
4218
3119
1826
1197
881
717
408
-692
-1810
-2226
-2054
-1848
-1924
-2758
-4297
-5427
-5788
-5301
-4421
-4276
-4735
-4857
-4426
-3599
-2527
-1750
-1599
-1800
-1716
-870
561
1609
1637
1046
353
39
160
491
568
-80
-1055
-1690
-1669
-1047
-496
-465
-627
-799
-747
-330
211
456
253
-139
-565
-804
-739
-804
-1064
-1394
-1824
-2003
-1856
-1661
-1534
-1405
-1469
-1568
-1385
-1055
-622
-91
328
620
874
1096
1454
2092
2836
3548
4286
5053
5637
6115
6189
5686
4883
3953
3421
3517
3769
3792
3409
2484
1555
1034
627
311
-538
-1668
-2425
-2565
-2125
-1745
-1659
-2275
-3303
-3935
-3927
-3261
-2784
-3007
-3421
-3491
-3172
-2532
-1867
-1490
-1511
-1682
-1492
-522
775
1376
1243
738
291
272
415
556
514
29
-593
-891
-698
-307
-277
-775
-1460
-1910
-1970
-1741
-1400
-1177
-1241
-1412
-1594
-1660
-1628
-1809
-2081
-2264
-2347
-2207
-1901
-1622
-1413
-1400
-1606
-1709
-1509
-1054
-395
401
1264
1983
2487
2828
3118
3413
3714
3891
4075
4493
4985
5496
5746
5500
4975
4313
3860
3859
3926
3817
3260
2217
1392
881
461
84
-809
-1787
-2473
-2761
-2567
-2432
-2545
-3209
-4080
-4503
-4344
-3605
-3158
-3349
-3518
-3416
-3054
-2447
-1921
-1649
-1657
-1816
-1586
-554
575
1079
1034
617
282
352
527
815
892
415
-124
-239
49
450
446
32
-497
-1025
-1327
-1339
-978
-634
-573
-567
-614
-628
-833
-1410
-2017
-2538
-2980
-3127
-2972
-2601
-2163
-1919
-1987
-2069
-1961
-1714
-1257
-601
168
1000
1833
2685
3464
4127
4631
4880
4998
5052
5063
5142
4972
4406
3638
3006
2884
3220
3515
3521
3036
2159
1501
1021
787
520
-398
-1309
-1927
-2065
-1753
-1619
-1903
-2728
-3588
-3981
-3627
-2784
-2393
-2476
-2640
-2675
-2374
-1826
-1337
-1093
-1309
-1697
-1533
-590
400
818
817
539
294
313
394
628
644
158
-346
-457
-193
107
80
-281
-815
-1305
-1703
-1934
-1796
-1597
-1490
-1240
-955
-567
-294
-394
-754
-1305
-1824
-2246
-2445
-2382
-2267
-2244
-2396
-2546
-2512
-2350
-2046
-1535
-941
-361
314
1055
1928
3022
3924
4471
4882
5088
5219
5454
5241
4639
3885
2920
2456
2687
2953
3037
2608
1529
712
451
316
212
-369
-1125
-1668
-1760
-1424
-1069
-926
-1609
-2568
-2934
-2691
-1930
-1403
-1470
-1645
-1656
-1449
-894
-300
-44
-294
-722
-837
-272
517
826
814
544
308
434
673
909
891
366
-244
-465
-292
-9
25
-139
-535
-1022
-1405
-1831
-1958
-2062
-2456
-2563
-2579
-2379
-2100
-1958
-1739
-1689
-1806
-2050
-2161
-1970
-1846
-1784
-1893
-2008
-1997
-2020
-1815
-1479
-1137
-757
-511
-55
766
1586
2494
3305
4055
4780
5304
5662
5483
4841
3878
2934
2564
2669
2765
2610
2075
1134
540
255
-25
-271
-1063
-1989
-2442
-2402
-1911
-1451
-1437
-2012
-2589
-2613
-2156
-1298
-858
-1040
-1231
-1257
-901
-153
452
646
395
21
-68
435
995
953
647
108
-293
-141
153
578
776
405
-20
-197
-128
24
32
-111
-463
-903
-1301
-1617
-1631
-1697
-2005
-2242
-2532
-2713
-2798
-2901
-2849
-2758
-2741
-2723
-2519
-2157
-1894
-1806
-1910
-2035
-1981
-1766
-1365
-822
-367
-96
57
265
712
1267
1775
2356
3003
3674
4372
4927
5001
4657
3841
2930
2603
2603
2486
2109
1311
275
-326
-643
-914
-981
-1637
-2407
-2638
-2399
-1841
-1375
-1389
-1923
-2267
-2234
-1736
-782
-298
-449
-560
-508
-124
608
1165
1400
1302
1038
1106
1765
2445
2525
2177
1484
893
731
687
802
748
256
-235
-405
-201
135
270
109
-241
-521
-868
-1071
-995
-1111
-1307
-1524
-1737
-1730
-1839
-2199
-2574
-2938
-3220
-3300
-3156
-2865
-2537
-2418
-2531
-2615
-2572
-2459
-2213
-1855
-1422
-958
-549
-151
339
795
1178
1642
2191
2817
3527
3994
4004
3697
3148
2762
2818
2974
2887
2511
1652
661
275
-49
-356
-831
-1868
-2637
-2872
-2627
-2103
-1662
-1768
-2341
-2548
-2296
-1499
-535
-345
-523
-596
-548
-64
717
1232
1273
936
587
687
1348
1818
1785
1553
985
570
637
901
1225
1253
807
314
167
275
455
619
574
186
-226
-522
-730
-517
-515
-783
-919
-1120
-1132
-1092
-1079
-1146
-1485
-1907
-2342
-2368
-2045
-1870
-1848
-2014
-2198
-2167
-2042
-1702
-1205
-793
-574
-482
-202
233
661
979
1202
1537
1998
2603
3071
3099
2822
2336
1985
2181
2475
2507
2275
1422
481
103
-191
-415
-927
-2014
-2870
-3217
-3061
-2749
-2526
-2752
-3394
-3492
-3042
-2116
-1070
-782
-896
-881
-703
-141
645
1123
1112
911
851
1170
1964
2369
2152
1771
1181
852
990
1284
1591
1642
1295
1006
1066
1310
1470
1534
1496
1179
830
546
354
520
423
81
-189
-642
-964
-1252
-1443
-1503
-1721
-2016
-2310
-2293
-2007
-1887
-1860
-2010
-2268
-2322
-2227
-1799
-1243
-843
-532
-339
20
514
897
1261
1500
1708
2022
2443
2706
2614
2236
1617
1266
1542
1884
1979
1749
908
95
-154
-398
-557
-916
-1891
-2621
-2868
-2727
-2382
-2219
-2680
-3518
-3765
-3440
-2516
-1442
-1133
-1129
-989
-692
20
900
1420
1457
1259
1152
1505
2243
2692
2550
2116
1524
1155
1243
1470
1656
1657
1397
1142
1222
1492
1697
1811
1739
1363
985
722
436
529
587
432
323
85
-220
-540
-860
-1136
-1440
-1734
-2040
-2074
-1753
-1615
-1552
-1600
-1793
-1809
-1790
-1543
-1048
-613
-243
-9
328
787
1194
1531
1739
1987
2278
2695
2976
2803
2357
1778
1321
1445
1713
1695
1499
744
-161
-448
-707
-921
-1287
-2225
-2952
-3189
-2973
-2586
-2302
-2580
-3360
-3577
-3330
-2633
-1697
-1430
-1513
-1446
-1293
-630
342
968
1104
985
974
1303
2019
2503
2517
2314
1774
1369
1412
1632
1804
1671
1212
864
842
1051
1313
1606
1839
1616
1291
1028
806
928
871
706
672
498
373
189
44
-61
-452
-893
-1276
-1352
-1088
-933
-809
-808
-974
-1014
-974
-617
-132
208
470
694
1075
1506
1852
2125
2324
2531
2713
3001
3172
2952
2488
1766
1340
1559
1800
1819
1544
704
-77
-388
-722
-875
-1276
-2261
-2965
-3185
-3023
-2651
-2472
-2913
-3617
-3834
-3637
-2918
-2167
-2103
-2271
-2340
-2231
-1560
-639
-12
226
219
335
823
1632
2171
2233
2086
1642
1378
1596
1975
2271
2340
2006
1580
1434
1441
1543
1748
1868
1593
1319
1135
954
1154
1186
1058
984
696
445
277
246
170
-188
-590
-1052
-1159
-883
-781
-625
-653
-867
-910
-878
-531
-103
240
519
741
1177
1701
2178
2524
2713
2890
3084
3441
3524
3114
2541
1713
1252
1546
1761
1778
1528
581
-210
-400
-667
-867
-1325
-2335
-3076
-3247
-3022
-2655
-2470
-3061
-3867
-3924
-3605
-2773
-1890
-1824
-2001
-2165
-2242
-1725
-964
-582
-630
-772
-672
-74
871
1460
1598
1454
1021
812
1085
1533
1897
1964
1730
1557
1595
1786
1917
2040
2051
1633
1293
1041
874
1063
1090
1040
954
729
606
428
446
386
21
-301
-721
-815
-561
-479
-350
-399
-581
-642
-624
-253
188
521
728
902
1283
1703
2119
2469
2662
2939
3120
3429
3743
3410
2808
2044
1392
1461
1727
1704
1480
805
-88
-445
-621
-838
-1134
-1974
-2753
-3030
-2803
-2497
-2350
-2735
-3673
-4045
-3880
-3268
-2375
-2083
-2159
-2223
-2199
-1714
-959
-474
-502
-838
-1002
-708
7
680
962
921
503
252
391
765
1307
1390
1220
1137
1089
1382
1800
2182
2372
2119
1684
1299
1227
1355
1409
1440
1282
993
855
719
750
797
447
9
-332
-465
-264
-84
-23
-106
-342
-496
-509
-179
263
514
774
964
1196
1642
1994
2306
2626
2824
3045
3344
3465
3080
2392
1611
1010
1049
1265
1205
1011
446
-344
-621
-878
-1181
-1543
-2401
-3028
-3147
-2843
-2457
-2347
-2650
-3432
-3770
-3605
-3149
-2446
-2236
-2335
-2304
-2108
-1532
-776
-268
-213
-488
-597
-318
245
777
964
828
473
253
348
706
1136
1165
1027
921
871
1145
1550
1887
2036
1844
1367
1036
958
914
978
949
801
618
449
447
484
489
157
-285
-497
-597
-343
-35
64
102
-89
-244
-199
52
447
676
861
1035
1238
1637
1846
2083
2399
2593
2965
3424
3631
3386
2820
2097
1555
1574
1615
1452
1229
478
-280
-438
-723
-1025
-1476
-2385
-2931
-3008
-2759
-2447
-2260
-2685
-3469
-3622
-3429
-2913
-2323
-2336
-2510
-2525
-2397
-1821
-996
-511
-543
-788
-815
-430
225
752
882
668
236
-41
64
421
704
698
499
381
498
817
1300
1648
1736
1487
1015
859
914
996
996
821
624
384
269
300
361
343
-12
-382
-477
-353
43
320
400
396
227
187
297
610
976
1180
1381
1541
1784
2069
2164
2333
2444
2557
2881
3217
3445
3230
2685
2064
1617
1628
1711
1630
1471
918
273
-63
-489
-886
-1381
-2267
-2878
-3040
-2837
-2552
-2414
-2656
-3208
-3401
-3345
-3001
-2487
-2403
-2511
-2531
-2408
-1941
-1309
-898
-853
-1035
-1064
-835
-296
260
466
428
157
-116
-88
175
360
327
219
106
188
517
967
1282
1435
1288
905
831
824
900
1074
1027
989
851
764
791
783
731
334
22
-157
-238
52
239
407
511
366
372
474
788
1155
1395
1719
1860
2035
2258
2289
2469
2583
2672
2907
3147
3202
2896
2389
1767
1389
1418
1412
1343
1183
623
109
-125
-475
-761
-1274
-2121
-2667
-2832
-2777
-2606
-2559
-2951
-3428
-3554
-3415
-2929
-2469
-2414
-2519
-2519
-2346
-1842
-1237
-972
-970
-1164
-1215
-906
-336
195
388
278
13
-147
-25
230
379
330
84
-110
-111
200
678
948
1050
856
537
503
567
770
896
824
682
505
512
565
645
621
251
-34
-182
-181
115
278
342
278
52
-13
82
463
840
1112
1402
1560
1822
2137
2323
2525
2637
2627
2756
3033
3196
3024
2644
1992
1456
1343
1314
1327
1276
805
141
-181
-534
-759
-929
-1594
-2067
-2242
-2300
-2176
-2072
-2298
-2796
-3093
-3209
-2997
-2521
-2432
-2476
-2446
-2428
-2085
-1493
-1039
-840
-918
-985
-820
-324
206
410
422
179
-98
-130
-31
141
190
30
-144
-156
91
425
654
781
609
373
321
318
478
668
694
627
511
485
494
527
445
216
66
-92
-54
236
467
605
587
406
286
302
505
744
982
1191
1316
1525
1802
2058
2342
2483
2511
2678
2871
2949
2776
2325
1698
1230
1098
1100
1139
1034
461
-141
-493
-819
-983
-1322
-1887
-2287
-2509
-2481
-2229
-2054
-2326
-2826
-3134
-3158
-2747
-2300
-2219
-2253
-2351
-2363
-1990
-1446
-1009
-869
-1050
-1123
-862
-301
277
554
514
274
-4
-61
91
271
255
-13
-258
-296
-66
206
418
543
357
76
-31
26
220
384
359
263
200
183
225
313
271
58
-160
-323
-253
66
287
413
435
324
278
360
599
898
1135
1276
1336
1469
1699
1897
2114
2267
2384
2569
2754
2915
2880
2568
2031
1480
1246
1227
1259
1228
916
360
-141
-528
-836
-1035
-1476
-1929
-2118
-2109
-1864
-1659
-1679
-2016
-2411
-2596
-2499
-2092
-1863
-1894
-1928
-1946
-1714
-1253
-848
-642
-728
-913
-902
-504
97
426
494
320
2
-60
18
179
271
25
-300
-452
-335
-46
190
248
46
-197
-331
-315
-110
59
42
-29
-63
30
186
261
206
43
-169
-281
-191
44
245
325
310
239
265
384
577
815
1024
1174
1274
1455
1710
1926
2084
2175
2264
2405
2593
2734
2708
2335
1727
1248
982
979
1073
965
566
4
-509
-816
-896
-1111
-1607
-2099
-2425
-2409
-2053
-1751
-1760
-2050
-2496
-2654
-2329
-1853
-1605
-1647
-1874
-2001
-1778
-1334
-874
-666
-854
-1186
-1180
-747
-173
263
371
144
-102
-183
-57
254
426
245
-48
-163
-52
201
428
428
214
-78
-364
-355
-116
81
142
98
69
125
238
333
353
306
128
-77
-33
143
316
395
298
194
154
180
351
613
888
1079
1180
1308
1457
1580
1679
1748
1833
1989
2124
2236
2253
2005
1519
1038
835
793
883
853
513
121
-344
-691
-764
-964
-1363
-1816
-2166
-2165
-1842
-1593
-1643
-1869
-2269
-2465
-2140
-1706
-1417
-1368
-1580
-1664
-1398
-975
-594
-463
-709
-1066
-1103
-719
-146
297
269
-69
-327
-344
-110
235
352
203
-2
-87
118
402
582
520
244
10
-109
-62
38
60
9
-103
-121
-27
53
104
22
-80
-137
-233
-200
-110
-78
-81
-134
-150
-146
-107
14
173
386
611
790
927
1046
1140
1237
1343
1435
1526
1579
1592
1597
1525
1328
973
697
549
522
642
592
367
91
-356
-668
-782
-975
-1200
-1466
-1666
-1664
-1485
-1394
-1451
-1556
-1792
-1882
-1633
-1403
-1223
-1167
-1268
-1204
-995
-785
-583
-467
-530
-610
-523
-343
-95
85
50
-35
-88
-134
-79
61
154
188
174
121
210
325
410
516
511
447
268
157
177
281
421
427
378
334
288
329
356
371
305
109
-37
-83
35
154
180
151
60
65
152
354
628
754
828
852
892
1034
1159
1278
1332
1299
1243
1168
1151
1108
1014
838
582
418
379
390
343
198
-72
-396
-688
-853
-936
-1007
-1167
-1430
-1554
-1603
-1598
-1497
-1463
-1482
-1531
-1546
-1520
-1386
-1265
-1338
-1326
-1228
-1118
-904
-703
-653
-668
-689
-634
-391
-113
-64
-98
-130
-167
-58
55
73
22
-65
-133
0
322
516
505
369
204
172
297
431
493
474
347
296
414
555
605
480
219
19
-36
47
160
225
194
73
20
68
167
302
310
329
401
495
651
804
910
951
950
920
919
1002
1013
980
972
899
856
846
763
696
632
425
231
102
-49
-191
-252
-412
-582
-700
-938
-1100
-1157
-1289
-1325
-1280
-1284
-1240
-1187
-1243
-1276
-1243
-1273
-1211
-1070
-1043
-955
-863
-812
-677
-540
-569
-504
-533
-536
-435
198
-463
-338
321
-273
273
519
506
267
752
667
384
303
294
337
341
127
487
671
392
757
847
568
451
690
335
309
406
304
545
231
403
572
147
344
223
220
96
-65
36
147
496
527
323
423
430
412
485
682
702
477
404
310
280
359
358
397
270
94
-47
-142
-143
19
-148
-500
-734
-576
-595
-679
-905
-1271
-1319
-1472
-1216
-953
-809
-956
-1058
-1039
-1234
-1185
-993
-894
-774
-780
-754
-718
-705
-649
-679
-670
-558
-474
-349
-257
-180
-234
-199
-16
110
202
294
323
252
239
310
474
546
492
429
433
464
487
621
731
743
644
523
453
443
558
605
577
524
401
243
165
227
222
173
136
24
-85
-250
-70
864
799
334
-33
201
1002
925
740
332
5
332
396
416
649
760
573
381
237
704
1063
265
-136
-73
-55
175
-9
-315
-490
-490
-669
-695
-654
-967
-1174
-1153
-964
-1062
-1095
-973
-934
-1081
-1043
-994
-1004
-895
-898
-861
-855
-766
-707
-718
-614
-758
-947
-755
-370
-12
-1
38
-33
2
140
37
362
460
231
147
92
202
363
376
253
47
86
41
159
277
183
303
336
93
-49
-185
-110
11
-183
-119
-281
-414
-223
-257
-174
-16
146
40
28
284
575
832
728
515
372
292
639
805
908
1072
871
723
698
890
948
959
976
1010
991
846
705
647
596
483
330
283
102
-312
-552
-705
-765
-683
-747
-739
-697
-941
-1046
-1021
-859
-859
-1132
-1292
-1401
-1406
-1357
-1230
-1190
-1294
-1341
-1408
-1141
-884
-858
-838
-942
-863
-769
-526
-273
-179
-275
-366
-410
-413
-231
-118
-23
28
75
33
-29
-231
-105
14
86
84
113
200
93
147
96
32
34
-5
-6
-1
5
-54
-91
239
376
324
561
569
512
697
607
881
1043
1105
1275
1260
1272
1191
1088
1102
1279
1305
1326
1313
1107
1125
1152
1067
1156
1073
958
1029
933
810
529
277
87
-186
-266
-177
-211
-495
-755
-888
-969
-1008
-987
-1145
-1352
-1177
-1025
-1005
-1151
-1497
-1659
-1629
-1373
-1334
-1423
-1524
-1325
-1118
-1179
-1148
-1132
-891
-875
-1037
-906
-859
-648
-488
-440
-323
-372
-464
-492
-554
-498
-342
-389
-231
-106
-148
-57
-94
-53
30
-93
-199
-46
167
170
108
140
120
168
234
336
393
395
413
491
768
970
1021
1124
1182
1384
1373
1192
1282
1494
1486
1561
1482
1269
1257
1202
1266
1290
1294
1208
1059
994
1057
974
1061
980
837
818
574
436
377
366
245
234
151
-129
-379
-405
-455
-547
-420
-521
-756
-864
-882
-960
-984
-1100
-1200
-1178
-1079
-1035
-1132
-1254
-1303
-1224
-1220
-1087
-1136
-1249
-1251
-1218
-1093
-966
-1031
-1247
-1273
-1202
-1226
-1098
-1002
-1000
-1010
-1059
-1073
-909
-585
-487
-596
-660
-704
-698
-524
-240
-33
61
120
188
291
379
435
476
570
898
1108
1071
1162
1229
1314
1346
1402
1474
1626
1744
1624
1558
1445
1438
1477
1465
1429
1333
1229
1187
1193
1096
1054
965
754
684
593
509
414
300
324
221
112
64
-88
-136
-66
-185
-224
-196
-376
-604
-742
-507
-458
-437
-375
-510
-635
-752
-767
-723
-577
-597
-715
-743
-753
-818
-753
-725
-789
-971
-1123
-1317
-1218
-1010
-1084
-1077
-1197
-1426
-1511
-1469
-1314
-1152
-1171
-1220
-1320
-1350
-1161
-1082
-1000
-928
-921
-891
-752
-548
-422
-224
-91
-102
-91
88
231
466
690
855
918
959
934
1026
1366
1479
1534
1565
1567
1475
1571
1697
1597
1679
1689
1588
1507
1436
1382
1327
1234
1233
1314
1206
1112
1053
831
605
638
570
519
481
346
240
76
41
4
-183
-229
-229
-279
-225
-264
-397
-464
-483
-269
-208
-439
-635
-622
-594
-523
-508
-556
-608
-730
-808
-897
-768
-882
-931
-1019
-1153
-1139
-1203
-1102
-1082
-1120
-1187
-1250
-1265
-1283
-1185
-1190
-1166
-1125
-1061
-902
-815
-750
-800
-861
-774
-715
-514
-349
-219
-114
-50
21
-4
72
256
474
572
588
733
825
740
779
893
1015
1024
1054
1066
1027
1102
1101
1028
1153
1193
1096
927
842
871
869
924
823
726
709
686
716
661
644
554
514
445
239
210
264
226
85
137
158
91
54
-1
-112
-110
-36
-176
-305
-296
-227
-234
-261
-395
-568
-591
-660
-747
-760
-767
-727
-864
-949
-930
-1015
-1079
-998
-863
-921
-992
-956
-957
-1023
-989
-842
-813
-820
-705
-611
-546
-371
-250
-232
-225
-198
-119
91
256
266
226
213
235
451
591
550
544
631
652
675
825
730
686
729
762
781
771
756
628
590
578
639
560
501
488
390
343
365
344
313
357
298
222
208
195
185
189
194
150
162
213
238
168
112
85
154
168
253
255
256
326
189
138
145
137
93
65
68
29
-64
-132
-230
-340
-429
-460
-433
-457
-555
-618
-663
-677
-781
-864
-877
-826
-787
-820
-817
-828
-810
-769
-695
-693
-776
-760
-685
-601
-603
-567
-418
-303
-232
-73
54
63
56
45
96
265
418
356
399
377
370
458
489
512
457
443
467
487
503
493
448
452
549
605
561
526
498
388
341
421
421
360
343
236
168
223
182
89
150
216
198
221
238
157
145
225
253
225
198
175
154
120
45
30
54
93
161
78
36
-55
-174
-172
-197
-239
-294
-298
-370
-430
-495
-550
-538
-591
-551
-563
-696
-756
-673
-562
-526
-499
-461
-411
-394
-394
-388
-405
-344
-217
-128
-70
-39
-117
-82
-2
102
128
109
124
177
319
357
332
261
319
351
311
439
470
401
452
485
464
431
400
320
263
237
233
270
277
373
342
251
231
278
348
337
238
114
59
42
72
106
97
-58
-126
-58
-16
-19
-18
-45
-82
-80
-33
38
78
124
74
-35
-73
-122
-98
-117
-156
-160
-245
-312
-307
-264
-284
-309
-393
-500
-530
-519
-516
-540
-503
-469
-390
-373
-439
-358
-350
-330
-223
-236
-251
-149
-100
-12
63
69
98
57
137
191
220
258
259
261
303
349
366
420
404
298
264
302
307
344
340
345
298
254
189
168
225
187
175
138
29
33
105
77
87
90
87
40
-26
-64
-43
1
-22
-29
-19
-8
-11
-38
-30
-53
-20
36
30
61
47
31
68
25
58
16
-59
-72
-87
-29
-36
-83
-208
-294
-293
-284
-246
-292
-359
-429
-504
-511
-522
-561
-519
-523
-618
-576
-534
-471
-432
-403
-311
-276
-256
-278
-284
-193
-66
-24
32
79
107
91
130
231
214
145
234
267
285
384
375
372
417
430
351
292
290
272
291
286
262
189
131
127
25
4
17
0
40
29
3
-40
-72
-61
-83
-152
-171
-155
-150
-168
-171
-136
-141
-181
-144
-74
-48
-39
-101
-159
-110
-1
121
159
115
36
-23
1
22
-6
-12
27
-27
-117
-90
-57
-49
-102
-203
-223
-209
-147
-165
-232
-275
-298
-318
-324
-354
-402
-372
-324
-349
-341
-283
-210
-205
-221
-142
-68
-63
-77
-81
-23
43
69
67
120
134
170
234
200
213
313
352
340
374
440
444
463
508
468
472
470
484
465
490
491
427
394
389
389
345
348
294
249
324
343
321
274
186
166
129
124
145
80
41
24
-7
-12
-18
-24
-50
-63
-48
-43
-59
-72
-115
-121
-77
-82
-40
-48
-178
-297
-252
-236
-256
-250
-227
-261
-272
-280
-292
-301
-291
-221
-206
-206
-253
-244
-244
-219
-172
-199
-206
-175
-172
-174
-123
-150
-195
-164
-129
-83
-25
-21
-45
-69
-79
-69
-30
47
21
24
22
-46
-46
2
52
33
-17
20
118
140
141
135
103
95
118
163
207
138
72
24
29
99
163
184
154
111
76
82
161
225
219
178
168
163
189
178
159
202
145
119
160
158
109
66
56
51
84
122
110
92
48
3
5
-18
-41
-18
-65
-133
-164
-181
-180
-191
-201
-230
-242
-260
-270
-212
-194
-197
-204
-164
-156
-157
-117
-109
-47
11
-13
-9
18
-39
-20
16
64
91
94
122
117
90
90
112
147
174
142
115
117
137
154
159
152
114
125
165
164
154
103
91
98
115
98
74
24
-19
-22
-28
-31
-15
1
-10
-60
-62
-27
-58
-67
-1
2
-13
6
-15
-14
-9
-24
-67
-52
-52
-71
-95
-89
-60
-71
-72
-109
-105
-119
-141
-131
-132
-170
-195
-188
-208
-239
-259
-245
-261
-317
-309
-293
-313
-317
-303
-286
-269
-246
-270
-265
-219
-200
-183
-171
-171
-129
-92
-57
-33
-45
-40
-4
33
14
11
30
63
100
119
148
143
147
221
238
257
281
261
254
247
267
337
344
343
346
297
232
221
247
291
329
300
272
245
208
236
217
180
229
233
196
140
127
146
142
85
130
143
80
45
1
-28
-35
-25
-36
-43
-10
4
-50
-108
-121
-99
-82
-88
-89
-113
-142
-150
-154
-132
-178
-217
-179
-165
-139
-117
-120
-145
-211
-215
-181
-174
-162
-131
-111
-79
-72
-40
7
26
29
50
105
109
116
124
103
104
119
140
155
167
185
158
169
222
251
291
314
266
207
218
260
301
337
335
257
204
191
203
180
195
142
26
-10
-9
19
58
95
60
32
-17
-46
-47
-23
-8
-20
-55
-95
-83
-80
-98
-109
-114
-126
-140
-206
-245
-240
-208
-231
-237
-244
-283
-309
-288
-258
-260
-304
-330
-319
-286
-263
-235
-244
-281
-266
-231
-168
-115
-83
-117
-163
-161
-147
-125
-44
5
7
26
67
73
108
135
122
141
171
233
267
292
297
307
280
279
326
370
386
382
379
369
370
357
341
356
364
340
346
339
338
320
305
315
314
337
317
258
249
265
261
252
237
214
191
178
178
170
162
116
111
100
69
46
58
31
-57
-97
-134
-144
-111
-90
-157
-189
-192
-261
-273
-301
-316
-288
-305
-318
-345
-367
-352
-349
-338
-337
-355
-333
-338
-308
-264
-256
-249
-275
-292
-249
-184
-183
-170
-130
-164
-138
-79
-30
10
21
45
93
167
199
182
205
235
232
232
250
255
251
279
277
282
318
350
352
349
359
337
357
378
376
358
365
404
398
356
308
252
218
194
170
164
151
166
161
171
197
195
172
132
128
123
101
107
67
27
28
19
4
-30
-83
-133
-131
-132
-138
-122
-113
-152
-218
-197
-159
-167
-177
-209
-231
-249
-243
-218
-213
-209
-226
-214
-212
-207
-173
-178
-188
-202
-197
-175
-135
-126
-156
-133
-121
-146
-138
-132
-97
-36
-38
-8
17
54
69
69
82
104
158
185
151
142
172
184
227
266
272
275
307
326
337
303
267
279
313
361
380
387
366
368
387
381
383
369
374
382
365
348
357
358
346
387
409
404
390
334
330
314
283
252
219
171
116
115
96
93
60
-27
-95
-101
-139
-154
-175
-211
-254
-296
-298
-325
-336
-380
-420
-454
-462
-463
-469
-485
-525
-538
-537
-536
-507
-525
-551
-557
-558
-519
-497
-461
-449
-452
-430
-388
-362
-321
-281
-264
-250
-220
-167
-118
-93
-57
-31
2
36
58
89
83
79
123
165
184
188
184
205
256
306
334
353
393
397
392
401
413
422
451
483
475
448
457
480
489
490
530
563
547
553
551
571
571
539
501
468
452
447
441
384
312
265
224
203
163
102
90
22
-20
-46
-74
-94
-174
-214
-232
-258
-307
-323
-350
-363
-408
-447
-454
-509
-530
-537
-546
-536
-530
-554
-575
-603
-626
-615
-596
-577
-563
-562
-550
-522
-494
-468
-430
-402
-372
-327
-275
-238
-213
-169
-145
-91
-53
-22
9
32
59
101
115
138
169
179
234
274
287
299
321
328
351
368
389
398
403
407
405
437
450
426
425
420
404
420
415
397
368
358
339
341
374
355
327
308
255
239
256
245
228
199
163
99
54
34
10
-19
-78
-131
-171
-187
-200
-226
-282
-324
-343
-386
-427
-445
-456
-478
-495
-549
-542
-565
-574
-567
-609
-608
-589
-570
-555
-558
-562
-562
-551
-556
-562
-533
-530
-510
-495
-461
-408
-385
-361
-365
-331
-261
-202
-142
-101
-84
-51
-15
13
66
107
142
178
217
239
257
292
306
339
368
395
432
439
439
445
477
520
532
531
533
521
519
531
533
548
570
546
520
517
510
493
466
465
474
449
442
431
405
399
373
346
304
259
213
169
133
121
96
64
34
-9
-66
-121
-158
-206
-233
-252
-285
-357
-372
-390
-412
-443
-479
-486
-481
-487
-500
-501
-522
-563
-600
-595
-596
-599
-591
-564
-543
-545
-569
-561
-542
-531
-510
-472
-432
-396
-364
-346
-320
-292
-258
-226
-210
-187
-146
-120
-77
-50
-41
6
48
110
158
175
203
201
237
273
311
353
378
390
391
425
459
484
488
505
524
528
551
568
560
543
541
518
495
479
480
477
464
437
407
371
348
326
306
284
256
228
170
130
72
11
-17
-59
-98
-133
-187
-247
-287
-320
-374
-414
-425
-451
-470
-487
-504
-524
-546
-558
-570
-574
-602
-633
-652
-662
-637
-646
-652
-640
-628
-618
-614
-593
-570
-559
-527
-509
-478
-450
-426
-360
-318
-293
-246
-206
-172
-124
-89
-52
-12
12
55
107
168
211
230
253
271
287
311
359
400
418
411
425
471
516
554
594
607
598
589
592
616
618
594
586
562
525
500
493
485
443
406
395
390
375
359
323
287
241
204
174
129
74
42
7
-40
-94
-164
-220
-242
-264
-302
-349
-380
-420
-467
-477
-524
-537
-560
-575
-580
-589
-613
-623
-615
-627
-637
-626
-615
-623
-627
-612
-580
-566
-544
-532
-508
-506
-465
-404
-353
-288
-276
-264
-239
-185
-131
-121
-104
-68
-46
-14
35
87
128
155
186
214
252
294
321
348
362
371
403
439
468
457
463
494
507
543
573
596
596
594
627
626
634
628
609
607
594
580
544
525
491
475
456
411
365
335
304
266
249
248
240
198
151
94
40
17
0
-20
-72
-126
-155
-192
-222
-242
-252
-297
-319
-336
-355
-351
-376
-400
-410
-418
-423
-424
-428
-420
-417
-421
-414
-421
-414
-390
-391
-384
-365
-341
-279
-236
-203
-169
-143
-107
-80
-85
-64
-41
-23
-2
5
18
55
84
106
131
150
177
209
244
280
309
336
356
369
391
405
422
437
452
470
479
484
503
508
518
520
510
498
483
474
447
411
398
383
371
378
366
323
286
250
234
224
196
143
91
29
-24
-30
-78
-142
-187
-233
-263
-301
-317
-344
-371
-407
-451
-444
-446
-472
-480
-482
-491
-478
-478
-488
-519
-548
-555
-550
-528
-517
-496
-489
-496
-485
-456
-423
-384
-355
-314
-296
-287
-240
-218
-210
-217
-202
-156
-127
-95
-53
0
32
42
77
120
161
175
194
224
259
281
308
333
353
372
394
413
434
460
469
485
511
529
540
554
549
554
560
533
523
530
532
511
471
468
455
414
382
345
313
291
295
289
280
249
197
140
107
80
39
-11
-61
-105
-157
-189
-216
-246
-276
-301
-312
-342
-347
-353
-356
-364
-375
-400
-397
-406
-428
-433
-434
-430
-434
-419
-412
-427
-410
-379
-357
-319
-304
-287
-270
-257
-251
-232
-214
-200
-209
-202
-180
-166
-167
-164
-115
-92
-82
-65
-53
-21
8
22
29
57
73
89
102
107
142
165
174
197
211
221
240
270
282
299
312
303
322
332
334
331
325
321
319
306
285
259
223
179
163
165
142
129
95
63
54
36
29
-9
-62
-130
-183
-199
-211
-231
-256
-300
-320
-330
-319
-327
-357
-351
-386
-395
-388
-370
-350
-366
-383
-382
-366
-367
-364
-353
-358
-350
-326
-302
-283
-291
-277
-252
-209
-169
-155
-137
-128
-86
-44
-12
-1
0
-7
-3
28
61
100
121
132
163
181
206
228
242
255
256
269
271
308
312
311
322
318
319
333
337
326
329
321
343
358
346
338
324
313
302
280
264
233
206
183
160
142
117
82
38
18
-14
-32
-56
-94
-119
-164
-198
-216
-246
-299
-334
-365
-392
-413
-429
-458
-463
-479
-494
-512
-526
-508
-516
-528
-512
-490
-474
-467
-477
-458
-455
-462
-464
-470
-467
-475
-467
-445
-431
-426
-428
-411
-382
-361
-351
-344
-318
-303
-297
-262
-232
-207
-193
-169
-141
-123
-106
-96
-61
-34
5
28
56
83
95
133
163
202
216
228
252
258
267
278
278
302
320
314
320
329
352
334
340
349
343
323
285
278
258
227
210
194
167
139
118
94
74
37
10
-1
-1
-14
-23
-55
-78
-93
-112
-129
-133
-132
-153
-167
-174
-198
-195
-196
-193
-185
-196
-190
-193
-194
-191
-204
-207
-210
-218
-225
-226
-222
-231
-228
-220
-197
-178
-184
-188
-190
-172
-164
-141
-135
-143
-111
-106
-74
-63
-62
-60
-46
-13
-2
21
53
69
64
98
129
159
178
176
199
226
240
258
277
273
271
288
298
317
321
309
305
292
294
289
311
300
274
264
263
283
271
265
238
201
183
167
147
131
103
60
50
42
21
1
-7
-25
-32
-33
-47
-58
-79
-113
-125
-134
-140
-148
-161
-192
-214
-209
-207
-185
-167
-176
-196
-198
-195
-195
-207
-210
-237
-238
-220
-217
-217
-229
-213
-191
-161
-136
-138
-145
-120
-99
-57
-32
-2
17
11
35
63
93
122
142
161
180
216
260
287
305
321
338
362
399
418
437
438
452
480
494
509
503
488
452
437
426
438
436
419
432
426
423
413
384
349
321
312
304
306
299
280
237
200
186
174
171
164
134
111
96
93
86
73
47
15
-12
-48
-64
-84
-113
-129
-145
-152
-158
-177
-196
-210
-206
-213
-212
-221
-234
-244
-238
-238
-258
-272
-289
-303
-305
-300
-306
-305
-298
-290
-274
-234
-197
-166
-157
-156
-161
-145
-125
-111
-81
-57
-53
-27
9
38
70
69
88
98
113
152
173
213
235
236
244
233
238
226
217
224
215
223
221
208
217
213
224
219
216
217
193
180
160
168
167
162
167
143
150
143
139
137
112
97
81
65
54
51
47
26
8
-20
-41
-44
-65
-74
-86
-83
-88
-106
-128
-115
-102
-119
-133
-154
-164
-167
-175
-175
-176
-183
-178
-193
-208
-233
-230
-229
-237
-221
-205
-177
-162
-145
-122
-111
-99
-78
-54
-35
-16
9
58
83
106
117
115
126
133
156
169
182
201
220
241
236
227
232
228
242
244
225
217
214
221
226
244
237
236
239
211
210
215
204
193
187
192
187
180
175
178
174
136
112
100
93
93
101
103
94
74
73
82
67
66
45
21
-9
-27
-36
-58
-70
-74
-80
-100
-106
-107
-118
-104
-114
-130
-133
-150
-167
-178
-176
-160
-165
-168
-171
-165
-142
-117
-110
-98
-99
-84
-52
-50
-30
-29
-14
-5
13
37
38
59
68
76
100
96
115
135
145
142
140
155
149
168
181
185
203
207
202
206
208
220
235
239
224
224
214
210
225
244
241
224
236
234
243
228
212
220
218
213
217
209
212
209
196
205
201
187
178
172
166
151
143
142
134
130
111
105
74
51
41
36
45
18
-9
-12
-11
-29
-65
-76
-79
-99
-107
-107
-121
-139
-137
-127
-118
-127
-119
-104
-104
-91
-70
-72
-62
-60
-59
-34
-44
-38
-29
-50
-58
-60
-34
-15
-14
-5
-18
-10
0
12
41
25
27
48
49
61
47
39
61
84
104
89
84
95
84
92
99
108
112
105
105
126
120
117
107
101
105
104
105
135
152
161
153
148
147
115
104
88
77
65
64
68
73
64
62
53
38
32
36
31
25
25
28
22
21
13
-9
-12
-20
-39
-42
-43
-43
-35
-33
-38
-33
-19
-26
-4
11
12
10
5
15
17
35
40
43
35
16
26
12
20
27
15
20
41
62
79
87
82
74
71
73
71
72
77
83
64
65
60
74
70
81
90
103
125
130
136
132
136
145
151
164
150
137
125
129
133
121
99
108
118
113
113
106
103
78
79
76
74
65
69
70
59
76
72
80
77
64
52
45
45
23
14
24
26
17
1
-10
-13
-18
-21
-20
-27
-36
-45
-54
-41
-27
-31
-27
-21
-20
-19
-12
4
14
9
13
15
19
7
-1
5
10
16
10
22
14
10
10
-5
-9
-7
-1
-2
9
17
4
13
15
8
6
10
2
0
12
7
-7
-15
-1
-2
11
14
25
19
0
-9
-14
-12
-24
-26
-24
-30
-22
-18
-20
-11
-18
-9
-10
-11
-11
-26
-36
-48
-53
-39
-59
-69
-61
-67
-49
-57
-46
-48
-62
-65
-60
-60
-59
-65
-77
-98
-115
-114
-104
-93
-92
-83
-65
-58
-58
-47
-56
-50
-39
-34
-20
-23
-26
-18
-13
-6
-22
-15
-17
1
14
5
15
15
2
17
32
44
51
37
36
27
16
23
38
35
32
32
47
53
54
48
32
15
-2
-7
-1
-3
7
16
21
11
16
17
6
6
-2
7
10
7
9
5
-3
5
1
6
2
-12
-15
-4
-10
-12
-5
-37
-51
-53
-65
-62
-85
-94
-94
-101
-101
-110
-106
-99
-93
-97
-99
-82
-77
-79
-80
-85
-67
-46
-34
-34
-36
-27
-17
-35
-46
-18
-17
-8
-17
-17
-24
-28
-16
-8
-2
-7
-9
-11
-4
-10
-13
-16
-12
-30
-39
-33
-35
-28
-14
-9
-5
7
11
18
1
-12
-10
-5
-9
10
17
25
21
11
27
39
58
60
47
45
49
39
59
58
63
72
73
68
63
64
79
87
79
75
69
70
65
57
56
43
42
31
28
23
2
-15
-30
-38
-43
-56
-54
-47
-46
-34
-37
-46
-44
-39
-43
-42
-49
-55
-54
-72
-69
-62
-75
-56
-46
-40
-32
-38
-33
-50
-53
-33
-8
18
18
27
26
26
38
54
68
74
70
86
96
106
114
108
114
125
122
133
135
156
152
152
137
138
142
124
123
108
127
112
94
105
99
94
83
53
47
37
19
28
16
1
-8
-12
-8
-10
-13
-20
-36
-59
-62
-60
-56
-61
-73
-95
-109
-100
-104
-87
-78
-77
-62
-63
-59
-56
-43
-31
-31
-21
-32
-14
-12
-31
-39
-35
-32
-34
-35
-38
-37
-60
-57
-53
-67
-60
-63
-69
-56
-46
-34
-30
-48
-30
-18
-18
-8
10
9
5
20
24
43
56
60
71
90
100
109
119
116
112
89
84
92
89
98
94
87
91
101
101
106
97
105
115
117
130
126
105
95
100
95
96
86
66
65
52
36
24
31
34
41
47
42
38
28
15
11
-4
-8
-18
-41
-46
-59
-54
-57
-59
-69
-67
-72
-69
-65
-87
-89
-84
-90
-91
-106
-100
-92
-88
-104
-106
-94
-91
-92
-81
-71
-68
-51
-47
-39
-35
-32
-25
-16
-1
-8
-8
-2
-18
-12
-15
-5
11
8
17
30
32
50
46
36
43
43
43
42
45
62
60
51
40
42
45
49
34
36
17
2
8
0
4
-3
-15
-23
-31
-49
-52
-64
-77
-84
-85
-89
-95
-100
-118
-111
-117
-125
-134
-150
-149
-152
-140
-140
-156
-169
-158
-159
-156
-159
-159
-173
-187
-193
-194
-201
-192
-185
-192
-190
-181
-179
-192
-197
-193
-189
-206
-205
-202
-192
-176
-175
-154
-140
-121
-93
-83
-45
-26
-28
-16
-7
1
16
38
54
73
92
98
93
83
63
62
71
85
95
114
135
136
151
143
153
155
141
146
151
156
152
128
112
99
104
99
83
95
86
61
51
20
14
9
-3
-16
-34
-27
-30
-17
-13
-9
-12
-13
-9
-28
-45
-61
-74
-60
-55
-52
-58
-55
-56
-71
-68
-69
-69
-67
-70
-72
-45
-55
-78
-87
-92
-93
-84
-81
-89
-106
-121
-123
-132
-124
-112
-109
-96
-89
-82
-95
-94
-91
-97
-89
-82
-82
-79
-81
-52
-31
-42
-41
-33
-14
-28
-30
-34
-38
-23
-15
-2
14
33
45
50
54
59
53
57
64
75
87
99
106
97
99
96
86
85
77
80
85
91
87
63
55
42
42
51
59
54
38
34
7
-16
-19
-34
-37
-41
-38
-41
-54
-49
-58
-67
-82
-95
-94
-89
-87
-95
-100
-102
-111
-113
-96
-86
-95
-99
-107
-102
-98
-107
-114
-115
-105
-97
-96
-95
-96
-106
-102
-89
-85
-70
-76
-60
-37
-25
-19
-19
-23
-7
-5
4
10
5
14
-4
1
1
10
19
35
43
58
59
55
61
72
83
100
102
105
116
104
97
100
112
112
103
95
91
89
93
81
65
45
42
37
33
25
3
-10
-31
-34
-21
-35
-33
-42
-48
-41
-22
-27
-41
-73
-86
-102
-110
-105
-126
-125
-137
-137
-135
-137
-145
-155
-143
-127
-138
-136
-137
-137
-124
-121
-112
-112
-111
-128
-140
-137
-140
-135
-121
-116
-114
-114
-81
-67
-59
-41
-36
-31
-17
-6
6
20
29
37
35
33
24
48
61
64
72
58
63
61
75
77
96
114
120
129
130
138
136
140
143
143
137
138
136
143
148
151
153
152
145
153
138
146
135
105
103
101
100
99
100
99
71
68
76
67
55
23
7
0
-12
-19
-21
-18
-36
-74
-93
-92
-97
-113
-107
-115
-125
-130
-123
-97
-115
-123
-116
-113
-113
-102
-119
-130
-109
-103
-89
-98
-82
-75
-46
-42
-44
-28
-33
-27
-10
-9
-4
13
15
19
6
26
37
56
72
79
79
77
58
44
52
63
86
79
101
109
110
129
118
117
114
106
111
105
93
83
73
76
60
61
69
58
62
57
62
49
37
16
-1
5
-5
-2
-23
-44
-48
-51
-50
-61
-70
-74
-73
-70
-88
-103
-103
-116
-122
-125
-122
-129
-130
-129
-129
-145
-146
-141
-139
-149
-161
-153
-169
-179
-189
-198
-197
-185
-190
-188
-184
-169
-159
-160
-148
-143
-139
-132
-117
-97
-82
-87
-84
-73
-63
-67
-44
-57
-57
-48
-34
-7
-10
8
19
19
14
25
41
45
56
66
71
80
89
95
100
102
94
103
108
105
100
92
86
85
70
60
54
51
57
46
36
21
7
5
7
14
16
28
29
26
3
-7
-17
-30
-35
-50
-44
-36
-44
-47
-54
-72
-70
-77
-79
-70
-65
-73
-89
-102
-104
-122
-122
-126
-138
-126
-121
-118
-132
-133
-137
-138
-132
-137
-128
-113
-119
-118
-105
-113
-104
-92
-97
-81
-71
-69
-77
-76
-61
-62
-47
-32
-27
-11
6
28
43
59
68
78
79
94
108
111
107
121
136
152
163
172
183
184
196
200
184
186
185
163
157
178
166
163
151
134
141
131
118
103
102
106
106
97
99
85
81
61
53
52
61
62
31
11
-9
-2
-17
-35
-29
-30
-35
-45
-41
-50
-40
-48
-64
-79
-86
-87
-115
-112
-119
-116
-132
-122
-101
-101
-103
-94
-97
-102
-97
-101
-103
-105
-78
-70
-75
-73
-66
-58
-44
-16
-6
7
8
3
6
14
15
32
62
72
72
64
49
44
56
60
75
101
109
117
148
172
182
179
178
178
183
178
172
186
185
185
188
179
171
161
157
159
155
154
167
161
154
159
132
122
118
102
105
91
81
56
34
30
19
11
-5
-34
-54
-61
-72
-87
-103
-93
-98
-112
-126
-125
-124
-140
-148
-147
-138
-131
-124
-129
-124
-130
-138
-140
-146
-151
-147
-162
-163
-161
-164
-146
-117
-103
-95
-93
-81
-58
-62
-50
-55
-53
-43
-37
-21
-20
-21
-31
-5
1
5
15
24
21
29
55
57
63
75
80
101
102
120
138
113
144
157
145
152
158
147
141
139
149
156
139
130
128
114
112
119
99
91
83
66
69
54
38
12
1
-3
-23
-38
-63
-67
-55
-65
-69
-91
-99
-108
-112
-117
-128
-136
-157
-175
-183
-184
-187
-195
-210
-202
-206
-198
-195
-199
-191
-212
-227
-227
-225
-221
-199
-203
-182
-169
-163
-154
-144
-129
-117
-111
-96
-67
-49
-32
-25
-9
1
38
65
60
59
81
97
117
124
130
145
166
173
154
159
165
158
146
147
144
135
132
131
125
116
103
82
97
106
101
118
110
100
89
64
72
76
71
74
79
63
54
42
38
47
47
27
30
25
25
12
-8
-18
-18
-36
-41
-60
-72
-73
-99
-103
-128
-137
-151
-152
-169
-171
-168
-161
-175
-198
-202
-203
-213
-233
-237
-256
-256
-270
-269
-256
-255
-230
-217
-208
-194
-187
-182
-173
-150
-123
-92
-61
-41
-12
-1
10
36
55
75
82
87
121
137
145
169
168
183
190
203
208
198
200
196
196
201
215
216
208
196
202
219
205
195
195
186
175
171
170
163
148
137
125
116
96
78
80
65
64
66
44
49
42
26
28
25
10
11
1
-2
-1
-21
-10
-18
-45
-55
-56
-59
-63
-75
-65
-67
-75
-70
-59
-66
-80
-85
-98
-94
-101
-92
-102
-112
-103
-94
-108
-112
-101
-119
-105
-95
-70
-60
-56
-49
-38
-18
-27
-27
-37
-33
-10
11
15
33
34
29
30
50
68
72
74
72
72
90
93
95
97
79
98
91
93
92
88
107
111
112
115
105
101
88
82
75
58
51
51
47
36
28
6
-9
-22
-40
-49
-58
-59
-67
-73
-72
-66
-73
-80
-95
-99
-96
-108
-108
-125
-130
-134
-150
-139
-126
-118
-109
-107
-111
-106
-108
-113
-120
-122
-108
-87
-72
-68
-49
-53
-50
-21
-22
-20
-28
-25
-23
-29
-26
-25
-18
-23
-23
-11
-5
4
14
14
17
19
40
56
72
88
90
91
88
95
101
111
126
123
134
135
138
132
134
154
146
148
158
163
184
213
199
191
191
177
177
160
161
165
159
136
119
115
94
99
102
107
87
92
88
67
61
37
34
15
-11
-18
-35
-39
-55
-83
-93
-101
-96
-81
-83
-82
-84
-93
-109
-96
-89
-96
-91
-89
-94
-86
-95
-91
-76
-92
-70
-57
-43
-44
-48
-30
-21
-5
-6
3
-3
0
14
8
13
31
14
20
41
37
43
29
38
50
54
57
57
57
51
32
30
44
47
59
74
81
93
101
110
118
109
116
120
123
127
138
133
129
147
149
158
162
171
165
163
170
159
155
159
156
148
154
132
121
119
99
79
73
60
41
35
15
5
-1
-15
-17
-32
-33
-57
-75
-87
-110
-115
-145
-155
-159
-148
-132
-133
-133
-115
-118
-114
-119
-134
-120
-124
-110
-101
-106
-107
-103
-103
-93
-90
-74
-58
-56
-46
-19
1
25
43
47
58
60
71
68
72
88
83
75
69
61
52
44
50
32
31
38
26
33
32
42
31
27
33
22
18
16
30
25
9
28
19
4
5
-14
-13
-4
10
6
-21
-18
-13
-18
-10
-12
-3
8
3
6
-3
-13
-12
-15
-15
-8
1
0
-11
-28
-33
-51
-67
-57
-73
-82
-104
-111
-110
-116
-103
-108
-118
-130
-121
-117
-117
-104
-108
-105
-96
-100
-110
-108
-109
-108
-89
-72
-61
-46
-49
-41
-41
-34
-20
1
11
10
26
36
47
56
71
82
101
97
88
112
132
143
146
140
137
140
144
138
140
135
142
142
132
132
132
125
127
130
124
118
103
102
98
88
81
70
50
38
34
36
34
24
13
3
-11
-14
-23
-36
-46
-63
-67
-68
-81
-73
-79
-75
-71
-82
-86
-95
-109
-96
-88
-81
-71
-73
-84
-104
-94
-83
-73
-67
-60
-61
-67
-67
-57
-65
-61
-63
-60
-60
-76
-59
-57
-68
-57
-70
-56
-53
-55
-51
-56
-55
-42
-34
-43
-36
-48
-32
-26
-15
-9
7
26
29
48
56
70
82
77
92
110
123
112
110
125
114
124
135
139
135
138
132
137
154
141
142
123
99
80
80
61
50
39
35
32
29
12
-1
-9
-29
-39
-42
-35
-34
-40
-51
-44
-47
-70
-82
-85
-86
-68
-56
-68
-63
-63
-75
-75
-58
-54
-22
-8
-10
-9
-19
-4
-8
15
22
27
42
43
57
53
52
49
56
53
34
29
34
24
26
33
22
23
17
13
8
12
14
12
14
7
0
7
5
9
25
8
11
13
36
25
13
17
24
50
61
67
74
75
88
87
94
107
106
116
104
97
83
69
50
35
35
34
48
35
28
7
-15
-23
-49
-49
-59
-68
-89
-111
-121
-129
-140
-150
-158
-166
-163
-163
-159
-179
-188
-177
-183
-197
-201
-196
-177
-190
-183
-168
-162
-150
-127
-107
-91
-75
-76
-64
-58
-56
-47
-32
-27
-10
8
3
4
-3
14
8
-6
-6
-28
-6
7
8
-13
-25
-22
-29
-36
-37
-31
-53
-53
-40
-42
-44
-43
-54
-51
-39
-41
-41
-33
-29
-24
-23
-6
-23
-31
-24
-22
-1
8
9
10
19
24
37
44
53
61
57
57
75
60
58
74
73
65
69
58
54
56
35
33
19
22
10
0
-6
-10
-2
-12
-14
-9
-24
-24
-23
-40
-50
-55
-65
-78
-88
-82
-76
-79
-77
-80
-88
-92
-78
-76
-64
-57
-53
-47
-46
-40
-27
-20
-10
9
13
14
29
34
36
69
52
57
75
67
78
95
95
111
111
110
117
122
124
131
122
95
96
93
90
98
95
98
95
92
91
88
90
66
71
68
54
53
61
64
49
38
25
17
8
-5
-8
4
-4
-2
4
-19
-24
-24
-33
-37
-40
-40
-46
-40
-33
-31
-23
-20
-9
16
15
15
12
1
-5
-15
4
-2
-3
12
6
6
10
2
9
-6
-12
-10
-8
-7
-3
-3
-16
-12
-28
-11
1
3
11
21
31
26
35
37
32
44
54
53
43
38
40
42
46
62
82
102
131
145
147
164
172
178
189
172
163
175
170
156
144
144
147
138
146
140
134
129
115
99
90
75
69
72
58
52
40
31
8
-9
-9
-17
-33
-48
-57
-68
-76
-82
-99
-110
-105
-100
-88
-77
-75
-94
-97
-75
-70
-49
-33
-28
-36
-33
-35
-37
-34
-44
-53
-55
-53
-38
-38
-46
-42
-31
-16
6
12
22
27
29
30
23
21
19
17
25
18
8
3
-1
6
7
18
20
15
13
19
18
36
32
17
9
-8
1
1
-9
-7
-8
5
18
24
24
29
51
42
39
56
61
67
63
75
80
81
78
66
57
53
63
62
68
61
61
69
56
57
49
44
30
25
35
24
23
25
16
17
16
-3
-8
-36
-44
-46
-63
-41
-53
-52
-67
-66
-58
-65
-56
-52
-44
-31
-28
-39
-27
-28
-16
0
8
11
32
25
21
48
54
67
68
59
65
71
85
98
101
109
98
111
117
112
120
112
112
110
117
104
118
122
112
112
83
71
71
54
54
35
25
19
11
2
2
3
23
18
7
11
-6
-14
-13
-13
-27
-31
-16
-18
-22
-30
-35
-31
-35
-19
-16
-16
-28
-25
-8
1
4
3
-14
-12
-17
-29
-29
-43
-55
-58
-55
-51
-65
-65
-58
-53
-59
-50
-60
-63
-76
-87
-71
-78
-79
-73
-75
-80
-76
-80
-87
-73
-57
-41
-30
-33
-18
-6
-19
-25
-9
-7
1
15
22
23
24
16
19
32
29
23
30
47
53
55
49
46
57
52
35
46
26
17
30
23
17
14
0
-14
-13
-15
-21
-18
-22
-34
-31
-42
-46
-67
-86
-74
-69
-75
-59
-60
-51
-38
-43
-38
-30
-36
-45
-38
-47
-30
-27
-44
-47
-36
-38
-33
-37
-18
-25
-21
-10
-9
-7
-13
-9
-26
-31
-22
-38
-60
-49
-49
-59
-44
-49
-65
-78
-88
-78
-73
-80
-78
-72
-60
-49
-45
-60
-61
-56
-39
-34
-16
-14
-7
-4
-17
-20
-9
11
14
26
33
31
39
61
53
51
46
42
65
71
68
71
66
73
78
64
42
47
46
50
58
56
64
42
39
27
-10
-17
-31
-32
-49
-60
-57
-61
-65
-76
-103
-108
-119
-127
-138
-153
-161
-151
-138
-134
-127
-115
-115
-115
-97
-99
-60
-53
-51
-57
-58
-51
-51
-60
-62
-65
-64
-54
-56
-42
-43
-37
-12
-21
-30
-24
-24
-28
-31
-26
-24
-24
-19
-13
-25
-32
-33
-33
-24
-17
-19
-5
0
4
0
16
23
25
15
30
38
35
38
15
15
11
26
30
34
18
9
17
24
42
44
48
40
42
40
52
66
57
56
46
43
39
48
56
47
38
23
15
3
4
13
2
2
-6
-4
-4
-17
-9
-16
-16
-1
-7
-12
-9
-4
14
18
47
45
51
55
55
46
26
25
24
21
14
5
11
14
2
-4
-12
-15
-4
-1
-8
3
-21
-17
-11
-21
-9
6
-6
-4
2
4
14
21
25
24
25
5
18
23
31
46
42
48
45
55
42
37
13
30
29
42
41
20
30
23
33
41
32
36
48
54
57
43
46
36
44
45
42
48
37
38
26
18
31
21
16
22
18
12
17
8
-15
-5
-1
-11
-10
-35
-53
-51
-46
-43
-45
-38
-38
-35
-23
-30
-29
-15
-22
-20
-24
-11
-4
3
14
-5
-10
-13
4
18
16
26
36
37
49
58
57
50
53
61
54
44
40
37
31
36
43
50
54
40
20
26
12
14
11
9
-9
-3
5
-21
-26
-41
-45
-62
-42
-28
-38
-32
-44
-61
-76
-89
-102
-107
-101
-96
-110
-106
-123
-129
-132
-139
-125
-113
-96
-90
-91
-85
-70
-57
-55
-37
-27
-24
-39
-47
-44
-47
-49
-49
-32
-25
-41
-40
-56
-64
-69
-79
-79
-76
-70
-69
-88
-94
-92
-83
-69
-92
-97
-116
-118
-112
-123
-130
-149
-153
-139
-134
-131
-134
-121
-111
-116
-125
-123
