83
95
93
85
84
91
103
106
96
106
105
108
108
116
110
105
100
93
81
75
64
50
55
51
56
52
36
41
38
26
24
32
37
22
9
36
40
14
13
1
2
-2
-20
-40
-35
-47
-63
-62
-61
-46
-51
-58
-66
-44
-34
-39
-41
-13
1
-12
-15
-3
0
-20
-36
-23
-30
-48
-47
-52
-52
-49
-62
-67
-47
-43
-48
-48
-39
-43
-52
-66
-64
-59
-73
-64
-71
-65
-56
-61
-52
-33
-39
-37
-34
-38
-45
-60
-69
-64
-80
-102
-88
-88
-79
-84
-84
-81
-72
-68
-82
-75
-74
-76
-78
-74
-75
-87
-99
-101
-83
-80
-85
-85
-77
-71
-65
-71
-61
-49
-42
-56
-52
-32
-34
-26
-31
-22
-14
-11
-3
13
27
27
39
31
48
58
26
32
51
47
33
39
37
36
38
41
54
56
39
29
32
28
23
14
36
27
26
33
25
15
4
-14
-4
0
-3
-5
-13
-3
-9
-13
-29
-24
-29
-31
-26
-30
-22
-19
-7
-13
-20
-8
-9
-15
-10
-9
-5
-8
-15
-14
-18
-15
1
0
-18
-19
-16
-19
-16
-13
-21
-22
-31
-32
-41
-30
-17
-20
-22
-22
-19
-26
-22
-22
-20
-11
-3
13
13
4
7
3
12
9
16
-4
-18
-17
-28
-35
-21
-26
-34
-40
-47
-46
-47
-61
-68
-53
-42
-40
-40
-33
-51
-63
-74
-80
-97
-90
-89
-89
-86
-78
-69
-68
-62
-64
-53
-45
-23
-25
-36
-43
-55
-60
-70
-69
-56
-68
-63
-53
-58
-56
-53
-47
-52
-39
-56
-61
-66
-69
-47
-52
-49
-50
-47
-26
-27
-22
-15
-16
-5
5
-3
4
9
23
40
38
28
37
61
70
64
57
64
61
63
54
55
66
61
60
68
76
75
75
75
83
89
83
87
96
90
74
75
77
88
80
66
64
55
60
45
57
77
83
99
86
95
102
87
79
71
80
82
90
89
87
98
100
103
105
100
83
86
104
95
84
80
80
97
97
96
109
103
102
100
110
112
113
99
97
80
69
74
72
69
61
49
43
50
37
21
6
-11
-13
-6
-27
-25
-26
-25
-22
-23
-16
-19
-11
-24
-31
-22
-21
-16
-29
-35
-51
-75
-85
-94
-95
-114
-114
-97
-96
-105
-99
-86
-93
-76
-75
-63
-53
-49
-65
-61
-43
-47
-45
-67
-64
-63
-73
-56
-49
-42
-50
-41
-46
-53
-55
-51
-41
-37
-20
-24
-25
-10
8
-6
-6
4
1
-15
-15
4
8
1
4
17
29
27
25
22
19
17
7
18
19
21
38
45
59
58
56
65
71
69
56
64
65
65
66
62
66
74
64
48
51
38
43
42
43
43
50
48
40
48
41
44
46
54
51
64
67
69
76
58
67
77
70
80
72
73
87
70
70
77
85
93
85
88
90
98
83
74
79
93
88
90
77
75
91
77
82
77
76
68
56
78
84
81
76
79
83
58
45
63
66
51
45
39
37
32
33
31
40
42
35
34
31
21
-1
5
5
9
-12
-22
-20
-25
-27
-44
-37
-34
-42
-36
-27
-15
-11
-32
-41
-34
-44
-53
-57
-57
-52
-49
-54
-59
-38
-32
-37
-25
-8
2
-7
-4
13
11
-5
-2
4
-11
-2
-15
-6
-2
-4
6
-4
7
16
21
24
29
33
38
38
41
35
31
25
21
25
31
31
33
36
38
37
27
27
33
37
29
37
50
62
58
60
74
75
56
64
70
82
86
64
77
72
60
50
47
51
45
41
47
46
42
50
42
42
42
30
33
42
33
28
16
11
3
3
11
15
4
-1
-1
11
13
11
18
16
16
15
10
-9
-1
-3
-20
-20
-32
-23
-25
-32
-36
-40
-34
-39
-55
-45
-44
-50
-51
-61
-80
-86
-83
-86
-69
-66
-69
-62
-69
-66
-68
-78
-80
-79
-70
-60
-60
-60
-58
-52
-30
-35
-42
-37
-21
-19
-18
-12
2
-1
-13
-32
-25
-27
-34
-38
-36
-41
-44
-43
-44
-31
-31
-24
-15
-9
-3
21
3
14
33
18
11
5
0
-1
-15
0
7
6
15
24
37
33
31
36
33
34
36
35
39
44
37
18
19
4
11
-4
1
7
6
12
-8
5
3
3
11
15
12
22
27
20
23
5
2
7
5
10
-8
-10
-6
10
7
18
29
20
25
18
28
28
25
29
28
29
13
13
6
13
7
-4
6
5
2
-12
-4
-1
1
-1
17
23
38
34
28
23
6
5
-5
-5
-8
-6
-17
-14
-6
0
-4
-14
3
9
-8
-5
-10
-7
3
-16
-22
-17
-12
-13
-25
-22
-13
-13
-26
-11
-3
-9
-13
-17
-10
2
-16
-4
12
-1
-8
-9
7
14
0
-6
3
16
11
3
15
15
23
18
14
13
-6
-10
-10
-2
13
9
15
22
14
12
17
24
23
26
16
20
21
17
21
30
21
27
23
17
40
41
55
55
47
47
38
38
58
55
55
61
59
59
47
40
34
37
40
49
43
53
65
61
68
66
62
59
52
54
61
50
66
65
65
73
61
55
59
69
58
49
57
50
42
35
22
27
19
13
13
13
21
4
-1
4
8
-10
-5
-6
-9
-30
-39
-30
-18
-24
-31
-21
-9
13
0
0
16
14
16
6
4
14
19
17
24
14
9
13
1
1
10
5
10
20
-5
6
16
26
40
34
55
53
52
55
59
44
38
43
35
38
47
49
39
54
49
55
62
59
59
66
55
64
65
49
60
50
39
63
65
61
68
64
78
73
54
61
48
36
34
22
24
27
28
33
23
20
24
30
41
47
42
46
35
27
36
37
42
45
52
45
52
50
42
53
53
40
30
13
1
3
3
9
9
18
23
22
39
32
27
37
44
40
39
42
37
41
38
30
18
22
18
14
19
20
30
39
45
56
57
50
48
48
51
33
33
37
33
17
24
25
27
34
32
41
33
36
26
9
7
-10
-19
-25
-30
-31
-20
-16
-24
-29
-16
-22
-34
-26
-10
-10
-20
-23
-18
-8
-11
-1
-1
14
6
3
14
-2
8
8
21
24
26
25
33
49
49
48
40
53
76
73
57
65
71
47
52
54
62
55
40
28
25
28
8
5
7
3
-4
-1
5
4
19
26
35
36
40
43
37
32
30
29
12
15
-2
-3
-13
-22
-9
-14
-23
-30
-35
-37
-35
-41
-41
-25
-34
-30
-18
-14
-17
-33
-32
-39
-35
-31
-27
-13
-7
-11
-19
-34
-20
-9
-10
13
17
22
26
25
29
34
29
36
41
49
57
45
49
58
41
24
24
25
43
35
33
56
62
50
31
34
34
23
29
43
46
35
28
44
69
64
77
83
89
84
74
78
79
80
73
77
78
68
69
81
82
75
85
91
91
87
84
96
89
96
100
93
95
86
88
87
83
79
87
82
73
72
64
72
57
64
54
49
57
58
60
50
57
51
50
52
41
32
50
44
29
31
18
22
21
16
11
5
7
10
4
-6
-1
-23
-23
-12
-11
-24
-23
-27
-27
-31
-33
-18
-17
-16
-19
-16
-15
-22
-32
-24
-16
-12
-33
-19
-8
-23
-20
-30
-15
-31
-29
-18
-20
-21
-23
-23
-15
-9
-16
-9
3
1
-8
0
-1
16
-1
5
2
-5
-14
-27
-27
-16
-12
-16
3
-8
10
1
-8
-11
-17
-13
-30
-19
-12
1
-2
2
17
15
17
15
14
19
22
30
19
30
31
37
42
46
46
38
34
35
28
23
20
16
26
26
22
21
17
21
15
2
14
14
-2
-13
-11
-14
-24
-35
-30
-35
-28
-43
-43
-35
-46
-44
-40
-22
-18
-23
-22
-9
0
-8
-6
9
11
16
7
6
19
10
13
14
23
13
-3
10
34
23
22
32
24
6
-9
6
3
19
16
19
20
10
9
12
8
5
4
-9
-5
-2
-5
-11
-12
-11
-19
-15
-15
-18
-29
-37
-31
-29
-19
-20
-27
-33
-37
-35
-21
-37
-26
-33
-46
-29
-32
-38
-36
-42
-29
-34
-37
-37
-27
-19
-19
-20
-27
-21
-19
-18
-24
-24
-20
-5
13
11
11
7
13
24
16
16
17
9
9
-1
13
20
18
8
6
9
22
37
29
21
18
15
14
0
-3
3
2
-4
-13
4
5
10
4
3
-6
-26
-27
-36
-39
-37
-30
-12
-4
3
7
5
-5
9
-5
-8
-7
-3
-4
-7
-12
-19
-30
-34
-26
-27
-25
-23
-21
-10
-8
-13
-8
-2
17
18
20
42
59
56
55
62
62
69
59
67
74
57
53
63
62
48
41
47
51
51
45
55
48
60
58
69
70
60
69
56
38
16
20
22
19
20
29
31
28
25
25
21
19
9
14
5
-10
1
-10
-20
-12
-14
-5
-3
-9
-10
3
3
14
11
7
18
16
13
-4
-10
-19
-8
-13
-27
-22
-23
-31
-38
-44
-41
-41
-27
-20
-18
-17
-23
-11
-5
0
5
7
14
10
5
-2
-2
9
-2
1
3
7
10
9
7
-2
3
-4
-17
-28
-11
-2
-9
-10
-20
-21
-16
-21
-29
-19
-19
-34
-36
-44
-42
-38
-46
-45
-38
-43
-40
-39
-42
-42
-40
-33
-33
-42
-59
-57
-53
-57
-75
-79
-63
-78
-85
-93
-95
-84
-78
-73
-62
-56
-38
-36
-30
-23
-36
-35
-31
-36
-37
-25
-21
-7
-8
0
3
15
16
9
21
30
27
33
25
13
16
7
1
-9
-17
-8
-10
-15
-1
-9
-8
1
-3
-11
-15
-27
-30
-25
-31
-44
-50
-56
-67
-71
-75
-83
-90
-95
-98
-107
-107
-119
-120
-109
-116
-112
-123
-134
-143
-148
-144
-146
-147
-167
-172
-172
-177
-184
-203
-195
-197
-213
-197
-198
-189
-191
-191
-185
-177
-179
-179
-178
-178
-180
-188
-188
-197
-202
-194
-186
-203
-206
-204
-217
-219
-214
-208
-204
-207
-209
-213
-203
-213
-219
-230
-249
-248
-255
-251
-252
-258
-252
-246
-243
-237
-233
-228
-230
-240
-240
-232
-225
-224
-213
-202
-183
-174
-166
-168
-162
-174
-181
-169
-177
-166
-159
-149
-139
-135
-137
-145
-134
-120
-115
-114
-102
-101
-98
-97
-81
-75
-79
-96
-95
-93
-101
-106
-114
-91
-92
-99
-93
-92
-85
-82
-74
-74
-66
-65
-72
-75
-83
-90
-93
-98
-94
-105
-115
-108
-117
-108
-111
-111
-107
-114
-115
-116
-112
-105
-100
-92
-89
-88
-85
-90
-91
-94
-96
-91
-95
-106
-102
-100
-104
-108
-114
-102
-101
-107
-103
-100
-97
-98
-104
-104
-112
-111
-118
-117
-110
-112
-119
-102
-85
-118
-108
-100
-117
-125
-137
-133
-137
-142
-135
-145
-149
-159
-162
-164
-156
-178
-172
-166
-186
-176
-177
-178
-169
-171
-168
-152
-146
-145
-147
-144
-138
-138
-126
-122
-119
-113
-110
-112
-102
-103
-112
-128
-126
-120
-114
-107
-112
-123
-140
-141
-141
-138
-135
-137
-140
-137
-142
-150
-156
-153
-148
-149
-137
-127
-141
-147
-146
-119
-106
-118
-106
-98
-98
-92
-98
-83
-66
-73
-77
-70
-62
-45
-53
-51
-41
-51
-59
-60
-60
-74
-80
-59
-49
-54
-56
-54
-44
-47
-61
-51
-44
-42
-42
-46
-42
-41
-43
-37
-45
-55
-44
-44
-48
-69
-67
-54
-61
-54
-54
-40
-39
-38
-30
-26
-28
-33
-29
-22
-36
-45
-45
-50
-69
-61
-64
-68
-54
-57
-54
-62
-67
-73
-69
-77
-81
-83
-95
-112
-128
-119
-121
-127
-135
-144
-145
-149
-161
-169
-177
-164
-161
-168
-175
-175
-174
-178
-176
-178
-175
-160
-147
-134
-128
-115
-111
-116
-111
-102
-114
-109
-108
-116
-112
-114
-109
-96
-102
-107
-114
-113
-110
-119
-102
-89
-65
-62
-59
-34
-24
-19
-15
-20
-15
-23
-26
-23
-24
-22
-22
-6
-13
-8
1
1
4
-17
-15
-4
-13
-18
-2
14
16
24
40
55
65
83
76
76
69
89
87
90
89
80
87
83
89
92
99
104
118
111
112
101
85
98
83
74
85
74
65
71
63
52
55
54
35
50
47
47
66
43
39
36
36
45
24
13
13
3
-14
-32
-36
-43
-53
-48
-45
-47
-55
-67
-53
-63
-93
-104
-116
-96
-89
-96
-91
-85
-86
-99
-99
-98
-106
-105
-102
-90
-82
-77
-79
-77
-64
-64
-77
-81
-82
-99
-81
-75
-65
-52
-50
-46
-53
-51
-54
-59
-61
-63
-56
-54
-40
-39
-36
-34
-49
-55
-42
-37
-32
-45
-34
-28
-35
-39
-46
-38
-38
-37
-39
-33
-23
-24
-34
-21
-9
-6
5
4
2
12
16
19
33
26
33
41
46
40
40
48
55
55
56
54
46
60
69
88
85
98
98
93
98
95
109
113
128
127
134
142
144
149
156
163
176
193
189
197
208
216
229
229
240
239
234
250
248
239
229
230
245
257
247
230
240
240
229
217
215
227
216
220
220
221
218
204
200
189
178
172
155
157
150
137
124
118
128
124
126
135
135
139
133
129
129
115
111
108
111
109
107
114
108
111
119
121
134
138
137
140
147
141
139
137
137
134
135
140
138
127
117
124
123
120
115
111
99
89
84
98
95
91
96
92
96
103
106
107
109
108
112
111
120
119
118
115
108
111
104
107
114
112
121
127
131
145
130
131
144
143
147
143
140
139
142
146
140
135
131
118
126
130
130
127
137
139
131
121
108
109
102
91
94
87
93
100
114
116
120
122
131
145
145
135
133
143
121
135
133
130
138
142
151
153
162
166
158
147
146
155
155
147
133
125
127
127
116
101
111
109
102
107
103
109
113
112
121
110
104
108
104
99
105
116
117
103
111
102
107
95
76
75
76
81
64
67
65
67
65
61
52
61
69
60
66
66
60
47
36
37
44
30
36
39
26
25
35
28
37
49
44
49
57
64
50
43
44
46
48
57
61
65
71
67
67
79
73
65
71
44
51
74
62
68
58
65
88
81
82
93
108
108
105
103
90
87
82
89
77
68
66
62
62
52
55
67
68
74
61
55
38
33
36
31
35
39
28
25
35
34
30
25
32
25
32
43
29
27
19
26
24
18
21
1
7
-6
-9
4
12
20
19
25
11
16
19
13
19
24
9
18
17
21
22
13
28
32
32
28
24
31
42
43
52
56
55
50
47
59
64
56
58
68
69
70
78
77
79
83
81
68
72
75
81
75
87
102
90
82
84
95
78
68
70
62
66
44
50
48
43
30
15
12
-4
-5
-9
-15
-23
-31
-38
-26
-19
-18
-30
-35
-26
-22
-29
-28
-20
-5
-9
-12
16
19
19
19
17
26
25
19
30
40
41
35
42
52
43
37
21
25
34
42
57
70
70
71
62
55
54
28
19
18
17
15
19
38
31
28
26
23
28
23
23
16
12
4
0
-7
-16
-12
-10
-6
0
-14
-7
-13
-22
-19
-36
-16
-19
-19
-2
3
4
19
16
16
11
23
20
29
47
46
51
54
65
67
74
72
66
75
79
82
89
93
97
106
110
114
122
132
134
128
135
143
142
133
139
138
136
129
124
123
110
112
134
136
129
129
109
104
98
79
97
98
97
88
71
87
89
99
91
103
93
87
98
99
101
97
88
76
54
39
50
43
48
50
45
44
35
44
52
47
35
26
28
28
41
39
27
30
28
36
39
35
41
34
36
45
47
54
46
38
41
29
31
36
34
44
37
48
52
46
45
45
58
65
65
73
80
74
67
57
72
70
51
47
50
51
50
50
41
28
26
16
17
6
4
2
4
13
23
33
35
27
33
35
22
15
11
-1
-24
-33
-24
-13
-21
-30
-31
-16
-4
-6
9
13
13
17
2
12
19
0
-2
8
7
10
1
11
9
-1
-1
14
32
28
37
43
47
61
65
56
55
48
49
56
50
51
52
56
52
54
57
65
73
72
68
68
78
77
100
99
96
78
57
53
41
34
28
13
6
15
30
32
15
6
-3
-18
-8
4
7
17
15
-5
-18
-12
-6
-6
-6
-3
-20
-15
-11
-1
13
14
13
10
12
16
28
32
25
13
8
13
25
29
30
38
29
23
27
46
59
64
67
55
55
54
44
51
41
31
40
49
60
68
66
63
62
65
72
72
90
79
68
64
50
54
51
33
14
5
-1
17
23
34
37
35
42
52
48
37
28
9
11
-1
3
7
-1
-13
-3
16
26
23
9
3
0
1
0
14
6
-7
-17
-12
2
9
14
4
-1
-8
4
25
38
45
42
37
45
64
72
70
68
63
58
72
71
77
83
58
45
41
41
60
75
70
73
76
101
103
106
104
95
85
73
70
80
88
90
95
92
73
64
59
46
54
53
45
45
61
75
85
87
80
67
66
77
95
106
99
83
70
63
57
75
86
91
81
59
47
42
67
65
56
48
36
67
80
98
105
66
65
56
65
90
86
88
60
41
48
65
78
65
71
66
67
92
100
112
102
79
58
49
59
82
74
65
68
71
87
106
117
111
107
84
94
97
115
133
108
86
69
57
62
67
48
26
14
9
23
20
16
-6
-26
-40
-39
-23
-17
-20
-28
-47
-67
-74
-92
-96
-108
-131
-118
-97
-96
-97
-85
-112
-121
-101
-102
-94
-109
-121
-101
-87
-77
-88
-94
-99
-98
-84
-76
-54
-61
-55
-49
-38
-24
-21
-20
-9
1
-1
10
6
10
10
5
8
5
7
21
30
41
48
55
53
46
39
51
34
1
-21
-38
-35
-40
-37
-38
-33
-37
-23
-11
-10
-1
-10
4
7
16
26
25
5
4
25
36
46
33
31
31
42
39
79
78
61
62
70
78
106
107
104
92
83
96
105
117
110
90
78
83
95
123
121
116
90
87
104
126
150
145
134
112
105
100
119
111
103
90
97
114
121
121
118
123
91
97
88
92
92
72
52
35
34
33
35
32
18
4
4
10
24
25
23
28
11
2
2
3
-2
-18
-30
-42
-47
-57
-57
-45
-50
-61
-72
-82
-71
-52
-37
-37
-50
-73
-76
-75
-74
-69
-81
-89
-105
-101
-93
-78
-66
-64
-78
-80
-76
-60
-56
-52
-52
-53
-57
-62
-54
-49
-41
-68
-63
-55
-53
-30
-12
3
1
-12
-4
17
38
40
35
20
26
58
71
91
98
82
66
65
94
113
102
93
86
74
84
89
108
97
67
61
68
81
86
87
59
44
39
55
71
58
58
49
27
24
40
59
54
32
26
32
29
22
21
14
0
6
21
20
15
13
24
25
43
51
53
62
52
47
49
51
65
60
46
40
44
57
48
35
26
19
14
24
44
34
22
37
39
44
38
31
17
-3
-17
-15
-17
-36
-50
-59
-80
-62
-54
-53
-50
-80
-93
-93
-89
-84
-98
-119
-135
-158
-158
-157
-155
-167
-188
-200
-189
-181
-180
-157
-182
-205
-205
-187
-144
-147
-158
-172
-188
-184
-150
-139
-136
-161
-181
-163
-126
-101
-93
-90
-112
-108
-78
-52
-28
-41
-58
-55
-48
-14
-5
-10
-28
-53
-50
-33
-19
-14
-16
-16
-14
5
18
39
54
50
44
47
57
66
79
84
62
39
40
55
63
50
55
38
22
27
46
51
35
21
12
3
6
11
24
17
-16
-18
1
6
10
17
10
1
-8
10
24
18
-16
-42
-35
-39
-32
-36
-41
-61
-78
-51
-38
-36
-41
-49
-42
-19
-2
17
11
-6
-31
-27
-8
6
12
5
2
-15
-5
22
34
14
-4
-5
7
21
18
14
26
0
-7
9
5
-2
-23
-42
-44
-51
-36
-43
-59
-65
-65
-46
-46
-51
-73
-93
-104
-103
-88
-77
-86
-87
-111
-101
-92
-85
-78
-103
-97
-91
-81
-58
-63
-71
-83
-94
-91
-84
-76
-79
-85
-111
-108
-96
-95
-88
-102
-113
-119
-124
-98
-90
-93
-79
-77
-90
-103
-77
-58
-70
-78
-68
-68
-83
-72
-64
-54
-57
-57
-46
-27
-31
-19
-10
-12
-25
-28
2
6
3
3
16
23
28
45
62
60
56
43
40
31
47
60
65
59
47
60
67
63
66
64
60
43
35
35
41
46
22
30
10
1
16
24
44
33
13
19
19
10
4
1
10
6
2
9
6
-5
-11
0
0
-5
-16
6
1
-8
-4
-15
-36
-44
-63
-50
-28
-37
-45
-63
-82
-102
-105
-108
-113
-127
-144
-157
-159
-152
-160
-160
-160
-159
-161
-164
-159
-160
-168
-184
-195
-195
-206
-198
-210
-215
-212
-221
-213
-212
-201
-184
-184
-185
-187
-180
-183
-171
-178
-181
-180
-176
-162
-151
-143
-126
-120
-137
-153
-143
-120
-129
-109
-103
-95
-85
-78
-60
-54
-75
-72
-51
-53
-50
-18
-10
-32
-39
-26
1
9
25
53
63
59
77
75
70
58
60
68
56
58
63
59
39
31
18
9
8
-1
1
9
-7
-16
-5
-8
-12
-17
-43
-53
-71
-82
-92
-92
-80
-81
-96
-89
-108
-122
-113
-121
-138
-158
-161
-167
-183
-190
-196
-209
-220
-233
-249
-241
-254
-264
-255
-261
-274
-270
-267
-259
-261
-261
-249
-237
-235
-228
-203
-184
-175
-167
-153
-132
-115
-89
-65
-49
-23
-13
-2
26
37
47
56
62
77
95
112
118
124
145
141
156
173
177
166
171
182
188
185
187
187
181
179
166
158
152
157
160
142
140
140
120
112
120
127
111
97
97
75
50
41
40
25
-5
-27
-31
-63
-75
-67
-62
-96
-118
-134
-142
-154
-176
-195
-237
-271
-297
-322
-338
-349
-370
-396
-436
-444
-443
-441
-455
-474
-483
-492
-489
-473
-456
-456
-465
-457
-460
-441
-419
-409
-399
-390
-362
-336
-305
-267
-242
-223
-208
-174
-118
-74
-50
-27
11
10
16
50
73
87
107
112
113
138
159
176
195
205
217
239
270
291
315
345
368
382
392
404
430
445
464
479
479
498
514
530
545
534
547
532
526
539
536
518
490
464
422
404
382
360
344
317
283
257
233
229
222
198
208
182
160
121
38
-38
-124
-188
-259
-328
-434
-545
-668
-781
-860
-927
-978
-1017
-1068
-1086
-1098
-1075
-1046
-1042
-1035
-1026
-988
-949
-910
-882
-856
-838
-803
-767
-704
-632
-606
-580
-534
-478
-405
-340
-290
-261
-255
-250
-220
-168
-128
-112
-115
-97
-61
-4
67
109
137
157
194
256
306
355
390
409
438
454
483
526
573
611
648
687
763
862
947
1018
1086
1126
1166
1210
1259
1308
1327
1339
1349
1350
1356
1363
1360
1309
1249
1180
1109
1017
912
809
688
522
348
185
-8
-218
-444
-635
-817
-994
-1167
-1305
-1428
-1543
-1606
-1633
-1651
-1650
-1630
-1590
-1552
-1503
-1401
-1323
-1271
-1207
-1128
-1030
-940
-850
-746
-652
-580
-490
-395
-287
-185
-93
-15
54
145
238
292
327
362
354
343
302
270
235
172
120
88
33
-27
-54
-72
-108
-145
-143
-142
-165
-165
-166
-169
-184
-173
-187
-213
-213
-197
-180
-165
-156
-161
-169
-178
-143
-105
-96
-80
-51
-12
33
104
188
250
291
352
438
556
678
785
878
976
1087
1228
1359
1468
1555
1588
1637
1709
1762
1796
1811
1776
1696
1622
1533
1449
1321
1150
993
816
638
477
306
98
-141
-393
-602
-803
-1013
-1187
-1372
-1545
-1686
-1800
-1869
-1918
-1969
-1989
-1999
-1983
-1945
-1874
-1797
-1732
-1642
-1539
-1408
-1297
-1159
-1011
-881
-748
-597
-460
-306
-159
-33
64
149
247
340
407
465
495
492
465
439
406
364
340
273
229
180
140
116
81
43
15
-12
-34
-46
-51
-57
-72
-98
-132
-160
-148
-143
-148
-165
-220
-252
-245
-221
-192
-168
-156
-137
-116
-63
14
84
131
170
235
334
463
575
687
770
843
971
1110
1268
1410
1515
1599
1707
1792
1882
1959
2004
2021
1993
1936
1856
1761
1625
1462
1274
1076
883
669
451
221
-40
-312
-579
-826
-1053
-1263
-1453
-1619
-1771
-1911
-2024
-2112
-2171
-2200
-2220
-2218
-2185
-2141
-2084
-1981
-1869
-1753
-1625
-1473
-1327
-1146
-964
-778
-576
-391
-219
-53
84
215
319
423
512
579
618
635
651
636
607
582
536
493
431
389
355
309
265
232
192
173
148
122
118
111
113
115
123
107
118
144
150
106
71
33
38
46
47
80
95
111
143
216
292
373
416
427
485
565
655
743
797
858
919
1034
1152
1283
1385
1464
1532
1615
1703
1811
1881
1901
1832
1730
1596
1454
1321
1129
904
621
354
82
-185
-476
-742
-1015
-1261
-1500
-1678
-1794
-1900
-2016
-2123
-2205
-2252
-2253
-2226
-2189
-2166
-2145
-2092
-1984
-1879
-1753
-1617
-1461
-1278
-1112
-903
-656
-406
-191
-2
201
408
590
753
903
1038
1130
1178
1232
1278
1289
1262
1214
1141
1040
932
836
728
604
458
329
197
75
-31
-134
-209
-310
-375
-434
-453
-443
-426
-411
-387
-375
-375
-358
-382
-415
-450
-482
-483
-460
-410
-349
-284
-217
-151
-49
90
207
323
449
593
761
937
1103
1294
1465
1633
1791
1963
2134
2309
2440
2535
2629
2694
2716
2649
2507
2320
2132
1925
1645
1297
933
560
169
-223
-582
-923
-1241
-1563
-1828
-2028
-2179
-2285
-2411
-2517
-2591
-2596
-2543
-2493
-2467
-2420
-2360
-2276
-2182
-2054
-1878
-1707
-1596
-1468
-1253
-960
-691
-468
-265
-74
101
285
517
667
778
851
901
947
992
1030
1046
982
859
776
752
716
610
446
310
188
70
-23
-71
-152
-271
-399
-479
-508
-506
-492
-472
-457
-440
-352
-221
-99
-24
0
36
36
-5
-17
-6
-6
-52
-92
-49
-5
30
74
158
229
318
453
644
811
983
1179
1398
1633
1847
2088
2298
2472
2588
2725
2852
2929
2906
2808
2633
2413
2175
1924
1547
1087
601
156
-278
-735
-1153
-1513
-1880
-2208
-2453
-2585
-2659
-2718
-2767
-2800
-2773
-2686
-2515
-2356
-2277
-2172
-2016
-1862
-1680
-1487
-1263
-1056
-886
-650
-333
20
330
556
763
937
1121
1303
1423
1463
1418
1314
1222
1111
1019
896
729
509
285
128
50
-27
-147
-306
-466
-618
-717
-788
-864
-975
-1136
-1276
-1353
-1371
-1356
-1340
-1372
-1357
-1268
-1097
-844
-612
-418
-253
-126
-6
117
241
296
246
140
66
55
89
106
104
90
115
252
431
648
845
1055
1268
1518
1853
2217
2545
2785
2958
3129
3342
3519
3677
3734
3707
3516
3260
2969
2679
2343
1803
1100
414
-191
-740
-1372
-1976
-2507
-3008
-3424
-3686
-3791
-3844
-3890
-3877
-3799
-3717
-3499
-3141
-2815
-2666
-2524
-2226
-1876
-1631
-1396
-1070
-723
-512
-251
180
660
1056
1344
1631
1865
2017
2263
2465
2426
2256
2124
2023
1775
1433
1210
966
575
111
-147
-242
-410
-649
-842
-1014
-1152
-1255
-1230
-1256
-1397
-1503
-1533
-1562
-1598
-1555
-1420
-1416
-1481
-1374
-1103
-841
-701
-571
-370
-231
-116
61
214
272
225
185
141
88
81
88
55
-27
-7
199
452
641
881
1191
1530
1816
2191
2677
3100
3416
3689
3968
4207
4409
4592
4637
4531
4351
4079
3727
3194
2687
2108
1322
390
-413
-1103
-1850
-2707
-3417
-3983
-4479
-4859
-5018
-5057
-5107
-5073
-4813
-4570
-4354
-3955
-3394
-2979
-2799
-2443
-1870
-1461
-1241
-909
-422
-49
194
628
1156
1532
1761
2096
2421
2527
2509
2660
2652
2331
2001
1819
1558
1065
619
365
48
-491
-853
-913
-970
-1138
-1218
-1175
-1141
-1188
-1124
-947
-925
-972
-845
-754
-737
-700
-519
-339
-385
-406
-196
13
60
73
167
230
140
84
118
58
-103
-218
-283
-362
-418
-344
-217
-163
-95
189
603
920
1260
1717
2249
2736
3115
3639
4134
4523
4810
5079
5260
5365
5376
5313
5139
4710
4130
3479
2725
1792
766
-324
-1337
-2379
-3453
-4338
-4956
-5513
-5957
-6264
-6217
-6057
-5883
-5507
-4908
-4433
-3986
-3409
-2683
-2136
-1743
-1232
-650
-336
-122
341
866
1170
1351
1740
2163
2329
2412
2707
2832
2618
2342
2220
1994
1475
937
597
83
-856
-1423
-1660
-1780
-2162
-2456
-2304
-2083
-1929
-1521
-1012
-730
-565
-135
287
486
505
704
918
594
325
455
534
295
-35
-209
-166
-347
-458
-439
-618
-936
-1051
-1106
-1201
-1399
-1347
-1191
-1280
-1341
-958
-429
-39
264
825
1559
2163
2795
3576
4339
4849
5408
5954
6393
6677
6944
7116
6970
6501
6196
5956
5276
4189
2938
1647
297
-1185
-2584
-3862
-5158
-6408
-7225
-7758
-8047
-8000
-7741
-7265
-6680
-5915
-4802
-3703
-2844
-1964
-1057
-252
431
952
1454
1774
1848
1877
2026
2162
2241
2246
2142
1983
1752
1575
1437
1034
529
-34
-699
-1306
-1926
-2425
-2802
-3245
-3536
-3693
-3541
-3049
-2371
-1662
-1056
-325
646
1606
2412
3001
3345
3519
3513
3355
3087
2633
1983
1302
488
-261
-766
-1163
-1712
-2245
-2748
-2974
-3078
-3182
-3186
-3100
-2990
-2770
-2466
-1994
-1426
-845
-329
224
826
1556
2323
3014
3563
4115
4678
5229
5699
6141
6477
6752
6885
6913
6897
6790
6619
6195
5552
4721
3916
2834
1371
-386
-2058
-3523
-4979
-6418
-7453
-8219
-8533
-8571
-8255
-7549
-6596
-5409
-3951
-2734
-1511
-185
991
1798
2236
2505
2858
2831
2403
2026
1599
1107
620
174
-142
-429
-840
-1159
-1522
-2004
-2397
-2744
-3307
-3937
-4472
-4674
-4745
-4717
-4362
-3628
-2757
-1855
-636
843
2306
3532
4556
5448
6113
6433
6458
5980
4976
3765
2528
1141
-369
-1774
-2799
-3728
-4631
-5172
-5262
-5122
-4949
-4669
-4206
-3563
-2787
-1900
-1084
-469
186
965
1583
2047
2511
3033
3334
3359
3440
3686
3828
3800
3733
3776
3910
4160
4532
4799
4933
5063
5181
5339
5378
5328
5162
4581
3810
3107
2071
689
-1007
-2639
-3922
-5111
-6144
-6681
-6989
-6957
-6487
-5819
-4815
-3682
-2502
-1212
-388
177
908
1342
1393
1135
724
482
46
-597
-940
-1331
-1675
-1899
-2024
-2071
-2101
-2218
-2296
-2686
-3240
-3588
-3833
-4179
-4508
-4508
-4037
-3351
-2409
-1096
467
1947
3312
4570
5679
6498
6918
6894
6297
5331
4232
2991
1479
-191
-1751
-3073
-4127
-4916
-5284
-5288
-5109
-4809
-4281
-3556
-2663
-1764
-950
-222
453
1045
1693
2125
2378
2529
2501
2407
2210
1967
1775
1554
1250
1048
879
950
1221
1620
2120
2701
3318
3944
4570
5233
5905
6403
6652
6764
6825
6676
6263
5665
4401
2685
551
-1482
-2878
-4344
-5883
-6908
-7603
-7579
-7049
-6421
-5198
-4008
-2940
-1294
11
1002
1854
2090
2237
1830
1001
764
294
-713
-1671
-2601
-2989
-3374
-3990
-4157
-4366
-4869
-5163
-5429
-5461
-5429
-5425
-5176
-4864
-4353
-3025
-1402
103
1450
2899
4510
5762
6575
7181
7383
6802
5620
4398
3145
1816
420
-1034
-2457
-3571
-4195
-4326
-4385
-4384
-3871
-3207
-2649
-1891
-920
114
792
1132
1636
2193
2438
2635
2547
2130
1676
1233
871
344
-231
-426
-561
-826
-827
-392
417
1156
1837
2669
3393
4115
4832
5480
6061
6474
7014
7514
7464
7236
6895
6233
5055
2839
201
-2283
-4418
-5951
-7430
-8915
-9331
-8807
-7435
-5846
-4254
-2070
171
1950
3697
4807
5533
5644
4927
3759
2262
796
-84
-1524
-3357
-4741
-5447
-5673
-6131
-6782
-6831
-7026
-7477
-7745
-7660
-7069
-6313
-5517
-4460
-3200
-1402
833
2887
4405
5525
6449
6893
6653
6032
5312
4095
2283
316
-1152
-2051
-2661
-3349
-3973
-4348
-4137
-3455
-2739
-2127
-1474
-900
-317
255
1105
2178
2851
2969
2889
2863
2829
2632
1995
1167
259
-601
-1157
-1463
-1561
-1396
-1197
-1085
-779
-14
1101
2178
2751
3313
4014
4804
5546
6101
6575
7067
7432
7761
7752
7078
6099
4839
2997
229
-3354
-6259
-7879
-9002
-9891
-10181
-9192
-6877
-4280
-1625
1197
3413
5278
6666
7261
7160
6372
5280
3846
1494
-683
-1748
-2434
-3568
-5120
-6086
-6182
-6589
-7325
-7848
-8207
-8555
-8931
-8850
-7885
-6421
-4466
-2323
-448
1549
3732
5723
6911
6813
6227
5415
3975
2261
679
-726
-1972
-3403
-4367
-4355
-3856
-3007
-2301
-1952
-1365
-634
73
605
841
1262
1779
1980
2352
3023
3651
3971
3680
3157
2645
1972
1266
489
-450
-1143
-1486
-1644
-1474
-1058
-488
39
277
802
1554
2242
2938
3405
3882
4624
5274
6032
6835
7408
7860
7848
7200
6345
5101
3563
1392
-1914
-5737
-8992
-10539
-10575
-10391
-9684
-7690
-4556
-1148
1713
4367
6528
7500
7714
7413
6493
5316
3842
2517
868
-1043
-1758
-1767
-2520
-3821
-5147
-5885
-6734
-8273
-9253
-9502
-9693
-9428
-8634
-6640
-3846
-968
1785
3845
5078
6022
6341
5699
4169
1859
-280
-2179
-3683
-4221
-4330
-4112
-3735
-3322
-2373
-1268
-422
248
313
0
-171
-342
-43
495
1009
1656
2189
2815
3601
4061
4116
3768
2989
2139
1174
451
260
33
-175
-337
-367
51
661
994
1204
1074
1156
1858
2443
3298
4212
5194
6253
6669
7124
7776
8007
7632
6314
4442
2656
828
-916
-3556
-7022
-9824
-11295
-10706
-9373
-7997
-5408
-2635
155
2682
4241
5909
6729
6072
5519
4391
3580
3330
2317
1745
754
-449
-578
-1532
-3148
-4669
-6576
-7789
-9077
-10340
-9739
-8797
-7492
-5622
-3751
-788
1896
3737
5243
5095
4394
3641
1955
384
-1501
-3340
-4128
-5109
-5298
-4609
-4015
-3067
-2574
-2354
-1678
-1379
-936
-491
-581
-301
-33
340
1233
1950
2652
2954
2732
2712
2583
2307
2247
1968
1730
1573
1459
1613
1825
1728
1540
1174
711
367
274
529
915
1545
2452
3585
4970
6403
7575
8239
8279
8099
7760
7005
5795
3784
1629
-435
-2156
-3267
-5170
-7416
-9044
-9588
-8544
-7171
-5743
-3366
-1115
1083
2864
3661
4891
5332
5041
4796
3635
2919
2463
1408
576
-626
-1713
-2158
-3638
-5049
-5979
-6719
-6656
-7007
-6762
-5321
-3899
-2282
-771
636
2454
3457
3742
3513
2491
1648
263
-1362
-2655
-4113
-4942
-5484
-6071
-5817
-5329
-4695
-3885
-3582
-2861
-1958
-1256
-386
1
380
789
763
814
853
925
1095
839
756
961
1225
1772
2105
2584
3090
2967
2709
2286
1702
1351
793
344
132
262
1152
2209
3247
4717
5886
6974
8111
8521
8579
8505
7727
7026
6205
4912
3524
1609
-223
-1367
-2475
-4401
-6807
-9054
-9872
-9271
-8044
-6465
-4139
-1463
1230
3335
4257
4948
5123
4300
3290
1891
409
-386
-1315
-2448
-3160
-3538
-3441
-3703
-4628
-5272
-5478
-5370
-5138
-4559
-3375
-1856
-387
879
2289
3827
4579
4475
3609
2025
713
-785
-2279
-3146
-4040
-4688
-5138
-5387
-4896
-4313
-3839
-3651
-3732
-3268
-2529
-1572
-568
-118
309
394
233
126
-67
88
-134
-560
-388
59
899
1759
2156
2467
2359
1717
934
220
-184
-484
-565
-333
267
1594
3285
4634
5802
6892
7892
8872
9157
9208
9263
8775
8182
7378
6390
5417
3684
1525
-305
-1893
-3968
-6507
-9022
-10736
-10214
-8331
-6387
-3420
-410
2301
4646
4966
4779
4360
2928
1616
-116
-1719
-2135
-2550
-2884
-3111
-3671
-3788
-4007
-5079
-6211
-6647
-6534
-6113
-5050
-3616
-1634
763
2437
3761
4671
4875
4972
3951
1969
210
-1342
-2252
-2893
-3654
-3804
-3794
-3725
-3583
-3624
-3565
-3577
-3674
-3814
-3638
-2681
-1578
-677
-44
174
200
-118
-434
-451
-518
-268
106
435
1157
1801
2171
2023
1168
195
-713
-1393
-1548
-1306
-695
-102
860
2196
3463
4847
5921
6976
8081
8549
8929
9187
9402
10031
9905
9216
8259
6702
4992
2547
-298
-2298
-4756
-7423
-9559
-10759
-9247
-6212
-3420
-172
2586
4686
6198
5602
4055
2525
723
-607
-1859
-2945
-2714
-1983
-1891
-2255
-3144
-3942
-4613
-6219
-7955
-8403
-7914
-6764
-5115
-3193
-643
1848
3170
3725
3971
3753
3048
1717
7
-849
-907
-784
-552
-864
-1360
-1574
-2292
-3171
-3832
-4197
-4109
-4000
-3831
-2862
-1317
44
536
261
-297
-646
-1055
-1489
-1249
-638
173
996
1421
1839
1845
1113
40
-991
-1779
-2217
-1948
-1263
-381
901
2003
2828
3697
4365
4892
5371
5877
6708
7310
8162
9179
9446
9885
9941
8893
7460
5112
1992
-401
-2674
-5598
-8261
-9955
-9575
-6877
-3692
-306
3231
5575
6911
6761
4845
3156
1260
-876
-1954
-2736
-2953
-2263
-1940
-2273
-2981
-4079
-5251
-6679
-8217
-8705
-7723
-6277
-4554
-2482
-537
1341
2369
2038
1670
1125
201
-443
-1070
-1218
-469
310
921
1235
799
11
-1129
-2575
-3831
-4466
-4508
-3940
-3189
-2448
-1345
-332
-13
-214
-905
-1412
-1513
-1563
-1015
396
2005
3421
3753
3211
2335
1069
-456
-1881
-2823
-3038
-2478
-1449
-263
1280
2763
3607
3723
3727
4112
4477
5043
5898
6677
7479
8043
8233
8564
8889
8854
7253
4485
1196
-1645
-3791
-6465
-9505
-11083
-10267
-6424
-2212
1170
5136
7824
8764
8305
6196
4047
2411
442
-800
-1611
-2000
-1762
-1974
-3288
-5060
-7037
-8595
-9522
-10430
-10252
-7946
-4759
-1896
532
2480
3607
3391
2092
500
-920
-1944
-2532
-2384
-1689
-536
780
1530
1314
358
-1193
-2473
-3645
-4697
-4687
-3463
-1848
-633
-147
-3
-210
-1255
-2541
-3581
-3833
-3140
-1992
-535
1487
3573
4944
4892
3597
1871
313
-905
-1655
-2047
-1674
-645
385
936
1745
2546
3139
3317
3410
3870
4820
5919
7151
8287
9216
9602
9454
8989
8245
7403
5311
1673
-1916
-4831
-7876
-10289
-12327
-12398
-9286
-4751
-699
3021
5628
7507
7811
6478
5334
4742
4064
3747
3329
2279
1048
-466
-2536
-5293
-8372
-11011
-12509
-12889
-11909
-9422
-5792
-2119
858
2722
3263
3128
2569
1586
562
-618
-1083
-68
1271
1780
1417
663
-154
-1375
-3360
-5350
-5774
-4848
-3528
-2313
-1240
-19
585
27
-964
-1945
-2534
-2704
-2731
-2354
-1297
610
2349
3126
3044
2267
1282
457
-236
-314
-113
437
1022
1216
1293
1599
1746
1483
1303
1595
2405
3918
6124
7724
8932
9725
10105
10380
10680
10714
9981
7976
4658
659
-2906
-6140
-9010
-11499
-12957
-11561
-7828
-4064
-761
1689
3522
4541
4310
3625
3423
4011
4880
5655
5838
5030
3527
1106
-2657
-6515
-9917
-12204
-13034
-13076
-11822
-9170
-6277
-3764
-1942
-610
243
465
408
560
1245
2307
3486
4496
4740
3788
2060
-221
-2262
-3561
-4607
-5376
-5062
-3900
-2093
-497
442
677
-330
-1775
-3028
-3621
-3148
-2289
-1137
254
1424
2710
3307
3182
2667
1358
161
-618
-605
560
1754
2802
2954
2034
1234
466
-1
161
518
1541
3140
4824
6451
7378
8352
9185
9892
10307
10510
10584
9676
7004
3585
467
-2790
-6399
-10540
-12853
-11928
-8694
-5081
-2059
-163
1545
2624
2400
1556
994
2047
3948
5518
6295
5981
5100
3246
-396
-4402
-7734
-9683
-10330
-10866
-10214
-7986
-5546
-3698
-3350
-3897
-4494
-4960
-4335
-3052
-1810
112
2737
5164
6048
4796
3181
1670
-417
-2593
-4494
-5074
-4190
-2735
-1023
-3
17
-669
-2049
-3396
-4339
-4615
-3581
-2282
-950
364
1228
2239
2780
2567
2131
1374
1128
1664
2345
3317
4017
4155
3666
2371
1313
563
107
229
993
2007
3071
3967
4622
5259
6110
7447
8788
9703
10544
11342
11173
8943
5124
1451
-1950
-6193
-10537
-12152
-9884
-5911
-3278
-1766
-735
-261
-919
-2085
-2290
-1016
1175
4179
6931
8291
8002
6204
3265
-778
-4982
-7409
-8162
-8721
-9097
-7790
-4812
-2643
-3079
-4579
-5756
-6797
-7709
-7338
-4895
-1946
492
2790
4374
4223
2482
416
-905
-2179
-3475
-3437
-2134
-603
471
1200
1316
12
-2510
-4874
-5928
-5704
-4658
-2895
-999
208
673
600
124
-413
-556
60
1063
2268
3799
5424
6583
6820
6232
5115
3672
2383
1652
2052
3017
3901
4327
3970
3157
2310
2125
3137
5113
7143
9043
10891
11978
11478
8790
5179
1885
-1515
-5875
-9069
-8728
-5310
-2033
-1027
-1670
-2772
-4729
-7213
-8289
-6859
-3355
1158
5252
7619
7809
6410
4357
1391
-2579
-5483
-5622
-4486
-4262
-4452
-3170
-1375
-2029
-5203
-8388
-10085
-10805
-10167
-7258
-2955
627
2720
3893
3691
1587
-1251
-2692
-2881
-3236
-3177
-1425
1254
2510
1746
503
-676
-2770
-5533
-6948
-6168
-4480
-2741
-953
386
458
-892
-2430
-3069
-3006
-2296
-565
1806
3765
4952
5646
6034
5869
5200
4994
5486
6133
6586
7023
7398
7150
5988
4675
3543
2861
2724
3367
4749
6314
7716
9007
9544
8223
5587
2950
547
-2274
-4465
-4144
-995
2354
3251
1948
-175
-3552
-7872
-11042
-11172
-8099
-3555
550
3314
4027
2702
549
-1525
-3316
-4321
-3585
-1667
-414
-179
121
856
448
-2385
-6352
-9355
-10986
-11356
-10001
-6759
-3031
-396
812
883
-219
-2152
-3584
-3610
-2560
-1250
631
3243
4971
4287
1723
-863
-2615
-4108
-5176
-5026
-3706
-2415
-2166
-2383
-2429
-2636
-3333
-3943
-3771
-2714
-1244
202
1738
3061
3549
3436
3138
3027
3348
4278
5823
7593
8952
9446
9101
8041
6412
4786
3715
3418
3721
4283
4832
5417
5752
5463
4635
3469
2399
1769
1478
1734
2804
4445
6131
7083
6701
5282
3177
667
-1692
-3472
-4343
-4229
-3657
-3533
-4208
-5451
-6763
-7765
-8154
-7572
-5798
-3483
-1892
-1275
-988
-663
-465
-651
-1080
-1412
-1877
-2723
-3539
-4017
-4477
-5210
-5808
-5757
-5335
-4904
-4612
-4380
-4385
-4582
-4547
-3434
-1425
271
1193
1407
998
63
-1003
-1652
-1521
-1077
-1097
-1509
-1929
-2213
-2444
-2570
-2576
-2345
-1928
-1763
-1663
-1220
-531
163
678
1171
1947
2915
3722
4373
5176
6046
6821
7453
8083
8596
8847
8754
8302
7809
7389
7130
7245
7484
7216
6831
6345
5562
5213
5276
5382
5624
5568
4994
4782
4551
3865
3305
2184
588
-957
-2355
-3360
-4344
-5792
-7648
-9055
-9676
-9688
-8991
-8013
-7514
-7337
-6864
-6100
-4778
-3431
-2813
-2564
-2702
-2971
-2773
-2528
-2536
-2858
-3570
-4159
-4444
-4357
-3981
-3941
-4272
-4691
-4952
-4532
-3502
-2235
-1063
-470
-283
-160
41
220
7
-142
-14
-65
-43
51
165
298
-136
-993
-1431
-1546
-1542
-1378
-1371
-1108
-630
-298
122
600
1095
1599
2054
2797
3858
5052
6243
7312
8311
9036
9309
9347
9283
9150
8984
8455
7774
7189
6184
5585
5659
5774
5864
5560
4517
3641
3086
2379
2243
1932
850
-44
-639
-1013
-1328
-2134
-3584
-5016
-6142
-6900
-6752
-6001
-5767
-6111
-6288
-5958
-4986
-3879
-3374
-3276
-3370
-3764
-3639
-2867
-2240
-2246
-3035
-3920
-4452
-4510
-4158
-3834
-3633
-3779
-4234
-4142
-3507
-2986
-2614
-2478
-2475
-2182
-1866
-1415
-759
-536
-785
-1174
-1232
-899
-627
-526
-637
-806
-860
-940
-1001
-883
-812
-846
-903
-976
-687
-66
426
842
1134
1420
1845
2150
2625
3510
4679
5954
7129
8227
9083
9662
10007
9964
9585
8952
8067
7347
7288
7434
7475
7226
6079
4486
3252
2340
1930
1954
1329
181
-769
-1552
-1822
-1884
-2715
-4150
-5390
-6290
-6453
-5651
-4683
-4272
-4526
-5061
-5218
-4557
-3600
-3064
-2851
-3059
-3315
-2806
-1953
-1391
-1428
-2188
-3305
-4159
-4444
-4186
-3629
-3286
-3377
-3504
-3216
-2699
-2185
-1826
-1945
-2281
-2444
-2254
-1587
-932
-665
-625
-821
-1157
-1413
-1446
-1299
-1367
-1618
-1804
-1861
-1761
-1649
-1712
-1745
-1819
-1898
-1497
-762
67
944
1518
1768
1850
1888
2249
2950
3875
4924
6004
6942
7567
8088
8527
8670
8262
7620
6856
6411
6767
7384
7834
7680
6505
4737
3397
2326
1837
1854
1225
318
-470
-1091
-1315
-1560
-2512
-3978
-5287
-6133
-5997
-4917
-3943
-3618
-3727
-3884
-3741
-3126
-2411
-1925
-1652
-1808
-1826
-1124
-242
268
-53
-1067
-2093
-2813
-3056
-2893
-2716
-2709
-2951
-3161
-2904
-2497
-2212
-2187
-2415
-2567
-2578
-2343
-1882
-1502
-1531
-1910
-2354
-2423
-2272
-2089
-1764
-1548
-1426
-1417
-1680
-1813
-1883
-2201
-2511
-2710
-2648
-2299
-1760
-1088
-431
99
437
575
797
1333
2108
3213
4317
5285
6385
7247
7746
8142
8358
8419
8311
7792
7166
6932
6931
7038
7049
6555
5488
4068
2947
2277
2061
1771
942
88
-629
-1111
-1213
-1256
-1771
-2640
-3604
-4181
-3764
-2970
-2567
-2616
-3000
-3289
-3238
-2717
-1940
-1397
-1234
-1482
-1589
-1171
-707
-572
-868
-1628
-2454
-2827
-2748
-2392
-2141
-2445
-2956
-3250
-3229
-2941
-2591
-2468
-2781
-3087
-3213
-3198
-2876
-2689
-2766
-2906
-3029
-2890
-2499
-2049
-1790
-1574
-1413
-1435
-1344
-1161
-1005
-950
-1031
-1154
-1145
-914
-607
-132
480
924
1233
1587
1941
2396
3074
3880
4693
5582
6386
7014
7670
7943
7907
8048
7883
7286
6640
6142
5879
5843
5595
4910
4095
3062
2075
1599
1354
685
-228
-1106
-1922
-2246
-2318
-2601
-2919
-3525
-4267
-4153
-3357
-2719
-2390
-2477
-2709
-2780
-2604
-2116
-1436
-1078
-1190
-1311
-1074
-696
-541
-708
-1113
-1686
-2129
-2113
-1767
-1357
-1332
-1779
-2064
-1998
-1845
-1552
-1260
-1414
-1790
-2035
-2237
-2154
-2046
-2332
-2544
-2677
-2811
-2607
-2279
-2021
-1813
-1572
-1497
-1520
-1478
-1675
-1833
-1903
-2036
-1949
-1753
-1427
-1016
-417
316
853
1403
1802
2243
2929
3683
4573
5451
6220
6706
7115
7459
7475
7296
6905
6259
5499
5069
4911
4802
4693
4114
3129
2358
1531
932
966
631
12
-467
-1147
-1569
-1703
-2166
-2721
-3240
-3938
-4063
-3381
-2736
-2453
-2423
-2561
-2650
-2484
-2128
-1724
-1310
-1301
-1384
-845
-61
413
424
-65
-846
-1505
-1763
-1659
-1292
-1205
-1616
-1926
-1873
-1676
-1470
-1280
-1502
-1904
-2055
-2026
-1577
-1117
-1147
-1428
-1885
-2296
-2395
-2218
-1954
-1835
-1641
-1420
-1293
-1076
-1017
-1163
-1459
-1930
-2363
-2447
-2201
-1823
-1121
-354
283
855
1201
1715
2470
3283
4277
5315
6311
7192
7785
8219
8547
8509
8125
7424
6467
5713
5345
5090
4840
4285
3167
1894
897
243
187
266
-128
-660
-1161
-1565
-1719
-1889
-2420
-3178
-4078
-4795
-4539
-3816
-3372
-3251
-3521
-3794
-3853
-3718
-3302
-2795
-2573
-2591
-2286
-1503
-506
145
181
-120
-632
-1040
-1030
-753
-358
-251
-668
-1016
-1043
-1015
-929
-893
-1238
-1620
-1713
-1711
-1284
-728
-619
-768
-1160
-1635
-1837
-1700
-1429
-1176
-917
-891
-841
-659
-690
-770
-1048
-1508
-1907
-2109
-1855
-1340
-643
65
416
627
920
1433
2291
3372
4311
5096
5916
6348
6682
7056
7137
7036
6678
6019
5546
5637
5713
5469
5083
3855
2248
1177
223
-244
-245
-840
-1369
-1513
-1820
-1819
-1561
-1846
-2372
-2890
-3468
-3323
-2749
-2442
-2435
-2657
-2956
-3243
-3154
-3006
-2978
-2944
-3157
-3127
-2656
-2173
-1645
-1365
-1476
-1616
-1663
-1452
-980
-546
-222
-55
-106
-155
-203
-356
-457
-790
-1304
-1569
-1736
-1786
-1590
-1383
-1278
-1354
-1541
-1696
-1725
-1551
-1380
-1044
-779
-800
-634
-507
-472
-495
-746
-940
-995
-910
-646
-180
481
895
1038
1221
1576
2266
3197
4220
5207
6062
6639
6946
7175
7148
6851
6291
5521
4838
4544
4624
4601
4443
3815
2641
1732
991
421
100
-664
-1491
-1982
-2269
-2271
-2170
-2340
-2795
-3322
-3768
-3668
-3047
-2581
-2377
-2428
-2467
-2429
-2250
-1971
-1967
-2121
-2562
-2867
-2517
-2074
-1807
-1768
-2092
-2420
-2583
-2555
-2235
-1847
-1664
-1569
-1315
-900
-388
-103
-48
-136
-414
-695
-802
-788
-819
-870
-986
-1243
-1466
-1660
-1922
-1876
-1771
-1560
-1102
-879
-625
-294
-110
-26
-107
-320
-516
-428
-81
437
1121
1670
1978
2139
2342
2737
3291
3945
4684
5411
6123
6727
7229
7530
7462
6940
6134
5315
4563
4323
4254
3944
3652
2793
1628
912
232
-171
-421
-1237
-1982
-2251
-2406
-2232
-1996
-2297
-2805
-3362
-3868
-3636
-3050
-2679
-2541
-2585
-2583
-2500
-2197
-1943
-1862
-1951
-2410
-2498
-2041
-1616
-1331
-1411
-1812
-2180
-2413
-2423
-2150
-1934
-1966
-2060
-1935
-1520
-1145
-941
-927
-1157
-1367
-1433
-1278
-994
-820
-754
-787
-914
-1101
-1262
-1455
-1600
-1723
-1606
-1332
-1207
-982
-798
-641
-405
-399
-385
-257
-16
499
1193
1910
2416
2707
2894
3188
3707
4271
4931
5520
6002
6357
6621
7015
7205
6944
6343
5405
4476
4019
3786
3674
3552
2932
1915
1100
407
-79
-193
-824
-1632
-2162
-2632
-2635
-2396
-2499
-2833
-3183
-3619
-3636
-3069
-2625
-2322
-2247
-2373
-2241
-1954
-1720
-1572
-1548
-1786
-2062
-1949
-1596
-1231
-1132
-1466
-1851
-2152
-2285
-2201
-2002
-1903
-2098
-2234
-2183
-1889
-1545
-1409
-1444
-1641
-1898
-1957
-1734
-1406
-1163
-1047
-1041
-1074
-1071
-1062
-1008
-1016
-1029
-931
-801
-579
-376
-248
-200
-299
-339
-312
-90
370
874
1540
2195
2631
2971
3352
3752
4283
4874
5398
6003
6521
6659
6870
7006
6788
6455
5781
4869
4084
3509
3157
2968
2620
1920
1057
331
-175
-596
-733
-1107
-1722
-2038
-2341
-2389
-2269
-2588
-3106
-3445
-3772
-3733
-3258
-2950
-2828
-2814
-2861
-2736
-2412
-2080
-1945
-1880
-1982
-2118
-1829
-1453
-1304
-1282
-1626
-2065
-2240
-2310
-2118
-1796
-1680
-1802
-1856
-1751
-1550
-1316
-1228
-1317
-1488
-1625
-1668
-1483
-1222
-1167
-1048
-963
-972
-807
-694
-590
-491
-472
-407
-325
-164
-32
30
120
75
1
36
148
394
769
1228
1677
2022
2272
2600
3053
3630
4331
4907
5479
5941
6107
6376
6497
6384
6226
5739
5127
4554
3962
3599
3365
2881
2286
1500
689
241
-263
-566
-859
-1496
-1870
-2135
-2284
-2200
-2299
-2584
-2823
-3033
-3054
-2749
-2526
-2527
-2635
-2810
-2883
-2829
-2594
-2368
-2222
-2167
-2283
-2192
-1995
-1932
-1835
-1911
-2109
-2222
-2259
-2066
-1764
-1566
-1484
-1514
-1421
-1260
-1110
-906
-852
-1030
-1240
-1434
-1572
-1439
-1332
-1262
-1177
-1296
-1355
-1242
-1037
-820
-650
-496
-496
-454
-229
-57
197
393
381
453
600
794
1170
1590
1877
2087
2265
2471
2795
3257
3804
4393
4932
5432
5772
6068
6342
6342
6207
5816
5196
4564
3977
3687
3514
3150
2647
1818
880
316
-240
-627
-858
-1532
-2133
-2520
-2944
-2962
-2886
-3132
-3284
-3370
-3488
-3220
-2859
-2691
-2574
-2667
-2836
-2817
-2653
-2466
-2288
-2190
-2330
-2398
-2275
-2201
-2078
-2013
-2134
-2229
-2303
-2215
-1843
-1464
-1122
-933
-870
-719
-563
-394
-115
-114
-302
-486
-801
-839
-737
-690
-543
-573
-698
-740
-638
-460
-313
-165
-181
-202
-97
-14
188
419
440
506
652
850
1253
1704
1994
2240
2418
2485
2655
2908
3247
3672
4057
4374
4640
4901
5091
5211
5287
5082
4680
4242
3697
3437
3429
3180
2892
2390
1443
755
246
-346
-532
-1010
-1825
-2320
-2873
-3245
-3209
-3349
-3597
-3645
-3775
-3697
-3223
-2855
-2591
-2419
-2480
-2535
-2396
-2217
-2056
-1912
-2061
-2295
-2388
-2471
-2360
-2200
-2255
-2311
-2450
-2609
-2474
-2161
-1785
-1363
-1105
-920
-659
-406
-119
134
203
51
-215
-390
-429
-290
-155
-152
-225
-396
-489
-347
-177
-48
57
-23
-79
9
153
392
555
549
571
681
889
1276
1692
2052
2325
2462
2558
2687
2884
3192
3529
3815
4077
4234
4350
4473
4543
4500
4221
3894
3475
3132
3101
3070
2993
2795
2238
1564
1107
560
126
-161
-924
-1635
-2252
-2907
-3120
-3262
-3628
-3931
-4165
-4375
-4204
-3793
-3389
-2950
-2755
-2750
-2592
-2395
-2228
-2028
-1978
-2128
-2267
-2299
-2244
-2038
-1941
-2006
-2067
-2261
-2418
-2313
-2033
-1686
-1320
-1062
-854
-559
-303
-12
257
305
160
-51
-130
-38
188
372
377
279
68
-39
97
263
420
456
312
263
315
515
806
946
961
878
944
1209
1642
2152
2523
2669
2594
2518
2619
2904
3293
3599
3797
3887
3916
3986
4144
4253
3905
3379
2913
2416
2389
2666
2700
2707
2335
1470
1026
650
113
-51
-566
-1388
-1874
-2415
-2761
-2766
-3201
-3883
-4259
-4626
-4694
-4304
-3950
-3569
-3301
-3318
-3242
-2942
-2743
-2636
-2477
-2489
-2569
-2447
-2304
-2046
-1757
-1842
-1961
-2060
-2245
-2224
-1989
-1698
-1342
-1147
-1050
-816
-597
-374
-122
8
0
-27
18
225
565
766
833
830
708
696
858
1012
1110
1133
984
867
883
918
1060
1100
1021
968
1026
1331
1794
2267
2637
2783
2770
2740
2810
3050
3371
3643
3774
3903
3981
4023
4169
4183
3872
3360
2788
2265
2081
2190
2254
2268
2012
1367
825
505
44
-250
-552
-1219
-1662
-2069
-2491
-2598
-2926
-3613
-4143
-4572
-4837
-4641
-4394
-4141
-3894
-3893
-3857
-3635
-3371
-3164
-2973
-2852
-2833
-2710
-2447
-2128
-1755
-1636
-1751
-1827
-1922
-1925
-1718
-1484
-1262
-1101
-1025
-795
-511
-273
-89
-97
-116
-124
-31
275
587
878
1031
1093
1177
1278
1430
1548
1597
1600
1547
1556
1633
1700
1710
1639
1484
1321
1309
1452
1754
2091
2362
2536
2620
2706
2839
3016
3244
3396
3543
3716
3859
4040
4115
4114
3872
3309
2762
2334
2017
1962
2015
1841
1633
1178
456
105
-340
-989
-1310
-1819
-2300
-2451
-2781
-3026
-3156
-3662
-4229
-4454
-4658
-4691
-4478
-4425
-4271
-4116
-4132
-3953
-3682
-3518
-3397
-3231
-3090
-2857
-2499
-2175
-1779
-1462
-1407
-1371
-1351
-1338
-1236
-1098
-889
-679
-522
-383
-176
32
152
187
147
137
170
379
772
1148
1471
1642
1714
1823
1921
2091
2167
2138
2089
1960
1993
2024
2010
1947
1698
1465
1379
1494
1822
2151
2359
2440
2451
2464
2588
2872
3092
3340
3528
3673
3972
4206
4349
4309
3914
3251
2604
2129
1801
1901
1902
1689
1488
834
258
-129
-734
-1180
-1582
-2186
-2525
-2720
-2974
-3087
-3362
-3954
-4338
-4613
-4800
-4542
-4316
-4201
-4075
-4127
-4085
-3846
-3598
-3479
-3360
-3325
-3358
-3065
-2632
-2129
-1593
-1414
-1470
-1487
-1495
-1380
-1060
-807
-708
-562
-465
-263
82
175
144
6
-136
-134
127
525
818
1097
1168
1236
1478
1665
1905
2091
2115
2147
2229
2332
2425
2452
2267
2035
1852
1709
1791
2049
2282
2508
2659
2737
2792
2861
2917
2986
3147
3253
3476
3745
3929
4049
4017
3816
3433
2930
2332
1787
1497
1380
1328
1257
961
404
-190
-741
-1249
-1534
-1842
-2282
-2588
-2931
-3193
-3277
-3562
-3963
-4381
-4801
-4990
-4826
-4584
-4442
-4361
-4426
-4424
-4270
-4097
-3894
-3723
-3607
-3425
-3071
-2586
-2160
-1885
-1737
-1671
-1572
-1398
-1195
-939
-662
-413
-181
75
175
181
220
216
319
526
653
822
991
1143
1411
1702
1922
2048
2129
2227
2430
2719
2897
2994
2965
2795
2744
2736
2789
2845
2776
2742
2745
2827
3020
3184
3267
3222
3149
3130
3141
3308
3465
3538
3639
3608
3474
3308
2872
2226
1564
1033
791
761
756
486
-22
-659
-1401
-1711
-1874
-2277
-2540
-2952
-3270
-3232
-3200
-3271
-3393
-3916
-4505
-4542
-4427
-4188
-3962
-4129
-4291
-4395
-4509
-4349
-4120
-4084
-4119
-4030
-3726
-3194
-2680
-2359
-2078
-1994
-2001
-1812
-1447
-992
-628
-378
-213
-48
22
117
378
499
610
637
608
787
969
1247
1515
1663
1743
1716
1839
2061
2387
2746
2879
2959
2905
2819
2864
2912
2979
2929
2835
2777
2785
3037
3261
3361
3387
3200
3053
3027
3069
3211
3375
3356
3223
3206
3131
3106
3046
2675
2132
1461
894
700
736
741
461
-94
-771
-1398
-1726
-1824
-2009
-2317
-2758
-3142
-3200
-3098
-3069
-3202
-3627
-4172
-4425
-4312
-3973
-3643
-3641
-3902
-4151
-4280
-4136
-3809
-3585
-3625
-3800
-3823
-3534
-2934
-2358
-2034
-1977
-2086
-2032
-1631
-983
-426
-121
-105
-135
83
418
792
1004
885
666
539
691
1077
1424
1607
1527
1423
1397
1545
1886
2143
2344
2438
2483
2655
2908
3124
3220
3180
3026
2899
2919
3032
3243
3408
3376
3256
3058
2882
2839
2852
2871
2907
2826
2684
2668
2589
2532
2430
2013
1579
1109
605
416
364
183
-83
-552
-1191
-1588
-1883
-2095
-2232
-2516
-2863
-3084
-3204
-3229
-3170
-3273
-3553
-3861
-4096
-4140
-4010
-3936
-3966
-3977
-4054
-4042
-3841
-3753
-3625
-3561
-3586
-3355
-3014
-2654
-2230
-1963
-1900
-1849
-1792
-1621
-1230
-914
-626
-286
-85
129
358
580
794
904
959
980
1143
1325
1498
1693
1724
1759
1743
1718
1874
2030
2192
2358
2527
2743
2936
3102
3216
3286
3261
3227
3343
3480
3608
3733
3703
3654
3519
3331
3155
3029
2914
2803
2816
2711
2558
2380
2001
1716
1418
1098
844
534
241
-42
-314
-654
-962
-1290
-1691
-1941
-2167
-2336
-2442
-2646
-2762
-2880
-3001
-3105
-3241
-3396
-3614
-3747
-3773
-3715
-3584
-3621
-3791
-3895
-3931
-3889
-3689
-3499
-3383
-3217
-3069
-2753
-2319
-2045
-1950
-1930
-1924
-1792
-1415
-1006
-698
-516
-558
-533
-352
-147
116
269
327
419
613
912
1204
1391
1404
1355
1388
1508
1777
2013
2171
2334
2422
2584
2790
2944
3068
3090
3096
3186
3357
3503
3660
3785
3731
3723
3653
3530
3499
3394
3314
3324
3224
3110
2907
2585
2291
1944
1643
1367
1098
831
502
217
-138
-539
-950
-1324
-1606
-1823
-1913
-2090
-2270
-2456
-2726
-2860
-3030
-3185
-3239
-3384
-3454
-3500
-3597
-3670
-3755
-3840
-3955
-3997
-4054
-4010
-3856
-3711
-3500
-3331
-3166
-2998
-2778
-2571
-2322
-1998
-1805
-1576
-1329
-1073
-713
-473
-272
-122
-73
48
170
388
613
759
900
965
1089
1209
1325
1490
1593
1737
1882
2060
2323
2522
2715
2847
2950
3037
3046
3113
3206
3327
3414
3475
3534
3541
3557
3558
3562
3531
3432
3379
3313
3243
3199
3049
2846
2584
2216
1944
1650
1351
1174
887
651
372
-6
-349
-755
-1121
-1436
-1622
-1802
-1970
-2099
-2348
-2491
-2656
-2839
-2972
-3159
-3249
-3352
-3388
-3365
-3406
-3422
-3563
-3677
-3719
-3838
-3823
-3806
-3791
-3678
-3587
-3409
-3167
-2975
-2809
-2655
-2546
-2375
-2130
-1845
-1491
-1186
-943
-741
-571
-439
-314
-165
-51
91
226
378
596
775
947
1061
1096
1164
1260
1393
1607
1824
2028
2246
2474
2628
2761
2877
2906
3004
3123
3235
3402
3527
3559
3594
3636
3597
3578
3570
3478
3480
3487
3419
3390
3289
3121
2892
2628
2318
1969
1690
1432
1247
1139
921
609
318
-55
-385
-573
-895
-1128
-1292
-1533
-1668
-1781
-1970
-2203
-2421
-2726
-2918
-3021
-3185
-3226
-3271
-3372
-3402
-3493
-3652
-3822
-3981
-4050
-4020
-3882
-3763
-3596
-3460
-3391
-3209
-3083
-2966
-2808
-2722
-2499
-2225
-1882
-1498
-1209
-970
-863
-762
-649
-488
-271
-103
78
280
513
750
952
1140
1267
1369
1513
1721
1979
2219
2432
2625
2782
2894
2948
2996
3025
3096
3234
3411
3586
3668
3681
3695
3677
3673
3672
3583
3487
3386
3316
3276
3172
2921
2598
2254
1910
1812
1630
1392
1142
774
606
397
284
101
-149
-344
-595
-622
-786
-941
-1202
-1531
-1637
-1813
-1847
-1998
-2280
-2493
-2767
-2825
-2842
-2881
-2956
-3187
-3291
-3403
-3433
-3480
-3659
-3705
-3854
-3839
-3671
-3552
-3355
-3338
-3265
-3116
-2963
-2751
-2580
-2377
-2204
-1972
-1696
-1410
-1106
-926
-780
-643
-528
-348
-152
28
253
476
739
1021
1306
1539
1701
1887
2081
2325
2588
2807
3005
3151
3278
3384
3470
3540
3561
3589
3641
3697
3792
3828
3813
3791
3710
3606
3467
3339
3236
3136
3015
2878
2688
2453
2219
1925
1700
1431
1084
929
759
585
567
396
250
107
-151
-275
-367
-490
-584
-678
-921
-1159
-1377
-1691
-1842
-2015
-2266
-2416
-2701
-3002
-3175
-3324
-3385
-3438
-3537
-3706
-3840
-3892
-3915
-3811
-3808
-3870
-3803
-3761
-3521
-3235
-3124
-3007
-3070
-3037
-2805
-2457
-2001
-1749
-1543
-1435
-1284
-957
-666
-360
-215
-131
41
293
739
1074
1325
1461
1512
1712
1941
2270
2561
2711
2876
3015
3270
3509
3666
3763
3707
3714
3731
3837
3978
3996
3992
3865
3725
3586
3418
3255
3043
2880
2711
2580
2462
2257
2051
1721
1443
1259
1043
859
651
471
309
188
129
34
-92
-271
-418
-467
-510
-542
-665
-832
-1047
-1209
-1244
-1392
-1545
-1807
-2161
-2317
-2417
-2460
-2452
-2608
-2871
-3097
-3261
-3340
-3301
-3336
-3440
-3462
-3514
-3413
-3222
-3164
-3125
-3162
-3185
-3064
-2847
-2621
-2392
-2217
-2111
-1929
-1705
-1484
-1271
-1114
-966
-765
-482
-137
210
493
701
913
1115
1383
1662
1917
2179
2397
2618
2851
3080
3283
3373
3447
3496
3547
3630
3710
3799
3815
3781
3715
3625
3531
3375
3234
3070
2835
2640
2428
2260
2094
1893
1647
1394
1092
852
714
588
504
427
301
175
54
-79
-161
-248
-378
-459
-541
-663
-697
-813
-961
-1077
-1312
-1480
-1626
-1763
-1825
-1908
-2032
-2182
-2283
-2457
-2606
-2730
-2929
-3043
-3153
-3182
-3129
-3076
-3069
-3084
-3063
-3079
-3013
-2893
-2829
-2710
-2570
-2443
-2226
-1995
-1862
-1736
-1619
-1531
-1352
-1118
-903
-635
-432
-232
44
287
530
762
999
1213
1477
1759
2044
2342
2520
2658
2784
2903
3032
3133
3239
3296
3334
3361
3384
3406
3350
3263
3123
2976
2845
2710
2596
2443
2237
2041
1832
1626
1435
1222
1020
837
699
577
497
393
259
142
23
-72
-127
-189
-266
-350
-491
-602
-647
-750
-840
-964
-1152
-1251
-1312
-1385
-1427
-1530
-1733
-1857
-1925
-2003
-1984
-2073
-2225
-2290
-2425
-2441
-2330
-2316
-2363
-2388
-2442
-2386
-2225
-2145
-2020
-1938
-1940
-1801
-1657
-1513
-1342
-1226
-1147
-1044
-876
-712
-495
-306
-189
-43
90
283
512
716
933
1088
1269
1453
1636
1840
1970
2135
2269
2375
2515
2583
2650
2692
2723
2725
2677
2631
2539
2439
2342
2232
2143
2011
1822
1629
1441
1258
1133
1018
861
732
598
455
383
276
172
91
-22
-55
-84
-119
-150
-214
-266
-332
-384
-445
-496
-566
-654
-700
-789
-849
-902
-992
-1070
-1178
-1254
-1334
-1440
-1478
-1540
-1596
-1628
-1728
-1769
-1797
-1883
-1879
-1916
-1999
-1965
-1929
-1862
-1703
-1632
-1603
-1536
-1498
-1388
-1204
-1072
-936
-822
-752
-597
-449
-291
-150
-79
19
139
329
547
745
921
1047
1185
1317
1491
1688
1826
1954
2031
2102
2209
2273
2304
2296
2246
2198
2152
2084
2029
1940
1810
1691
1569
1443
1311
1134
931
748
578
451
354
260
157
48
-54
-134
-193
-268
-304
-353
-378
-393
-408
-408
-431
-448
-497
-557
-596
-642
-658
-695
-727
-760
-822
-880
-954
-1045
-1110
-1152
-1155
-1143
-1148
-1143
-1167
-1168
-1198
-1221
-1268
-1303
-1308
-1276
-1200
-1124
-1082
-1087
-1058
-1019
-956
-844
-753
-678
-554
-427
-270
-97
-27
48
115
208
376
558
729
847
945
1058
1203
1372
1502
1594
1701
1791
1919
2089
2199
2236
2219
2150
2132
2148
2113
2048
1921
1739
1572
1437
1319
1199
1021
802
605
442
294
184
63
-103
-261
-399
-494
-583
-672
-768
-872
-952
-1005
-1037
-1033
-1043
-1051
-1049
-1065
-1054
-1047
-1027
-1009
-989
-963
-953
-940
-970
-1000
-1056
-1108
-1142
-1138
-1144
-1149
-1123
-1112
-1069
-1042
-1026
-1022
-1034
-1031
-1011
-946
-857
-784
-729
-707
-695
-644
-580
-507
-408
-304
-201
-81
47
184
312
380
462
545
625
757
881
996
1119
1190
1271
1389
1492
1607
1733
1828
1931
2047
2126
2217
2306
2278
2229
2196
2119
2077
1984
1868
1747
1584
1441
1296
1155
980
769
595
432
312
188
68
-59
-242
-405
-575
-678
-793
-890
-950
-1062
-1118
-1175
-1234
-1239
-1278
-1325
-1348
-1367
-1356
-1323
-1280
-1254
-1228
-1260
-1322
-1355
-1418
-1445
-1435
-1402
-1357
-1324
-1299
-1260
-1229
-1215
-1178
-1138
-1109
-1027
-954
-866
-755
-717
-682
-636
-610
-537
-446
-327
-189
-82
26
135
226
293
396
502
578
694
774
841
941
1020
1136
1241
1323
1362
1430
1506
1588
1712
1782
1856
1869
1872
1878
1872
1873
1834
1777
1717
1652
1580
1502
1380
1233
1072
922
773
619
434
287
186
68
-54
-200
-374
-537
-664
-737
-780
-850
-953
-1063
-1131
-1137
-1111
-1118
-1150
-1222
-1264
-1235
-1162
-1095
-1082
-1139
-1201
-1226
-1199
-1129
-1139
-1187
-1256
-1301
-1291
-1236
-1196
-1205
-1249
-1261
-1195
-1083
-971
-888
-848
-841
-775
-685
-565
-483
-458
-425
-388
-276
-149
-62
18
49
117
248
384
519
614
699
766
854
989
1113
1179
1230
1293
1392
1531
1645
1713
1728
1730
1769
1845
1933
1955
1902
1820
1753
1757
1745
1668
1523
1336
1156
1066
1012
919
774
557
335
192
81
-8
-123
-307
-470
-613
-711
-799
-944
-1081
-1208
-1318
-1365
-1372
-1392
-1423
-1457
-1457
-1424
-1382
-1366
-1343
-1315
-1287
-1216
-1158
-1122
-1134
-1168
-1170
-1161
-1151
-1153
-1150
-1144
-1136
-1072
-1018
-983
-957
-944
-878
-804
-724
-645
-577
-507
-451
-385
-303
-228
-186
-169
-99
-16
89
182
276
336
390
455
514
624
705
771
888
1002
1119
1232
1314
1399
1473
1547
1623
1733
1826
1894
1955
1965
1958
1924
1866
1811
1762
1704
1653
1563
1477
1376
1241
1119
985
831
663
509
366
268
146
-1
-156
-338
-505
-644
-758
-853
-967
-1107
-1211
-1281
-1320
-1341
-1379
-1425
-1482
-1527
-1501
-1462
-1441
-1448
-1465
-1468
-1428
-1388
-1346
-1322
-1328
-1307
-1263
-1194
-1125
-1101
-1054
-1016
-974
-882
-810
-757
-733
-717
-665
-582
-482
-390
-319
-271
-218
-122
-20
88
195
285
350
439
500
574
633
654
686
693
740
790
855
913
948
984
1013
1088
1203
1300
1377
1434
1475
1517
1557
1587
1584
1551
1496
1428
1381
1331
1245
1141
1018
902
804
728
636
516
383
229
93
-19
-108
-220
-356
-474
-591
-692
-788
-907
-1028
-1158
-1268
-1345
-1375
-1400
-1436
-1473
-1497
-1547
-1576
-1561
-1536
-1508
-1484
-1443
-1393
-1363
-1345
-1314
-1290
-1250
-1196
-1124
-1029
-941
-852
-762
-673
-593
-520
-446
-378
-295
-221
-138
-62
3
35
91
142
196
243
297
377
443
511
590
676
713
740
790
859
900
935
954
974
978
990
1036
1044
1035
1036
1048
1084
1117
1166
1183
1187
1188
1194
1196
1165
1103
1008
920
846
786
707
629
530
402
287
180
77
-48
-185
-314
-415
-487
-559
-641
-741
-864
-980
-1085
-1182
-1254
-1317
-1386
-1420
-1443
-1456
-1474
-1515
-1535
-1541
-1524
-1502
-1468
-1442
-1432
-1411
-1397
-1363
-1343
-1332
-1334
-1315
-1271
-1187
-1080
-997
-916
-837
-756
-683
-600
-518
-452
-387
-343
-268
-193
-109
-36
14
61
96
146
211
298
407
486
572
648
700
781
850
894
925
955
995
1042
1075
1095
1082
1063
1023
982
985
1010
1020
1018
1024
1019
1019
985
933
866
792
702
637
571
480
375
239
136
20
-104
-238
-366
-494
-623
-702
-769
-831
-919
-1026
-1109
-1190
-1252
-1307
-1359
-1408
-1466
-1502
-1484
-1466
-1440
-1447
-1443
-1413
-1375
-1299
-1198
-1115
-1081
-1042
-1015
-972
-935
-902
-866
-828
-787
-731
-632
-533
-479
-398
-321
-236
-135
-27
79
156
207
248
317
376
440
478
493
526
546
591
662
734
779
794
830
862
927
995
1053
1096
1101
1106
1131
1157
1156
1145
1120
1077
1042
1025
1014
996
958
909
860
815
804
771
698
624
526
435
353
258
131
-7
-142
-287
-414
-540
-676
-797
-939
-1068
-1173
-1270
-1340
-1426
-1520
-1603
-1664
-1709
-1749
-1782
-1829
-1852
-1864
-1846
-1812
-1782
-1749
-1723
-1675
-1621
-1556
-1476
-1391
-1309
-1234
-1147
-1044
-967
-900
-810
-725
-640
-545
-428
-301
-200
-102
3
96
180
255
324
417
483
571
647
708
773
804
822
860
894
943
998
1050
1099
1152
1204
1232
1252
1279
1307
1327
1342
1355
1374
1373
1355
1353
1342
1303
1270
1237
1204
1180
1153
1115
1062
994
907
831
730
637
533
412
300
172
66
-71
-211
-351
-483
-617
-767
-892
-1023
-1132
-1251
-1351
-1443
-1544
-1659
-1772
-1855
-1905
-1935
-1951
-1959
-1966
-1957
-1956
-1911
-1857
-1819
-1778
-1742
-1677
-1584
-1489
-1382
-1280
-1205
-1124
-1031
-929
-825
-734
-628
-517
-405
-263
-138
-25
67
159
250
353
459
546
640
730
818
891
935
982
1019
1055
1107
1161
1208
1227
1253
1285
1338
1388
1414
1446
1445
1451
1469
1470
1475
1466
1428
1398
1363
1333
1304
1256
1198
1117
1056
997
958
905
829
737
641
529
420
323
220
93
-45
-163
-287
-424
-555
-690
-830
-959
-1090
-1188
-1277
-1358
-1444
-1524
-1606
-1687
-1741
-1788
-1812
-1821
-1841
-1834
-1807
-1789
-1754
-1732
-1705
-1666
-1621
-1559
-1478
-1395
-1301
-1220
-1148
-1067
-972
-866
-759
-659
-553
-430
-314
-191
-79
22
101
169
226
301
392
482
571
669
759
835
891
967
1036
1087
1153
1211
1279
1337
1381
1428
1453
1465
1485
1507
1529
1549
1578
1587
1590
1588
1574
1569
1544
1514
1486
1447
1407
1360
1293
1214
1138
1052
964
868
763
660
544
420
301
187
72
-52
-180
-307
-438
-571
-686
-820
-942
-1036
-1150
-1259
-1380
-1472
-1558
-1631
-1680
-1720
-1759
-1776
-1785
-1769
-1750
-1722
-1684
-1640
-1578
-1514
-1448
-1374
-1298
-1227
-1152
-1057
-970
-888
-802
-721
-625
-520
-417
-309
-211
-120
-11
85
202
305
410
488
573
666
753
848
922
987
1035
1100
1152
1242
1303
1348
1391
1425
1464
1499
1546
1579
1606
1641
1667
1681
1690
1704
1716
1697
1681
1663
1637
1615
1596
1563
1528
1481
1425
1361
1292
1204
1113
1014
913
822
713
592
447
305
200
74
-55
-188
-306
-424
-563
-645
-742
-846
-937
-1028
-1108
-1182
-1233
-1285
-1351
-1400
-1443
-1488
-1500
-1509
-1525
-1527
-1531
-1505
-1483
-1425
-1360
-1307
-1231
-1164
-1081
-988
-912
-819
-726
-654
-567
-477
-367
-269
-179
-75
41
146
244
339
419
510
595
667
748
824
887
948
1014
1057
1116
1162
1202
1249
1299
1348
1395
1443
1472
1514
1545
1583
1621
1629
1653
1658
1648
1642
1611
1585
1554
1517
1483
1462
1435
1391
1356
1307
1255
1197
1121
1062
985
893
803
699
605
506
387
276
178
65
-58
-165
-273
-377
-491
-605
-703
-803
-895
-985
-1074
-1141
-1222
-1287
-1329
-1358
-1385
-1390
-1391
-1386
-1374
-1336
-1286
-1264
-1214
-1179
-1130
-1088
-1038
-982
-919
-868
-812
-741
-656
-572
-506
-419
-323
-223
-143
-52
35
106
175
254
330
439
519
575
661
732
798
882
949
1001
1048
1077
1128
1169
1210
1263
1306
1336
1364
1409
1453
1476
1493
1502
1504
1506
1508
1505
1484
1454
1427
1405
1357
1311
1268
1220
1159
1108
1037
962
877
774
682
573
482
386
292
196
90
-28
-126
-222
-315
-412
-507
-600
-687
-758
-826
-889
-944
-998
-1049
-1096
-1130
-1167
-1201
-1208
-1225
-1226
-1213
-1219
-1189
-1161
-1130
-1073
-1033
-967
-920
-875
-818
-769
-711
-659
-615
-555
-492
-415
-331
-246
-176
-112
-32
39
106
165
236
296
357
424
472
531
580
630
683
744
807
859
926
982
1023
1074
1138
1190
1245
1276
1294
1322
1341
1355
1361
1351
1322
1289
1249
1218
1184
1152
1112
1063
1016
964
906
860
806
735
646
567
474
385
298
235
143
53
-35
-135
-225
-326
-410
-504
-578
-665
-736
-795
-852
-906
-961
-1003
-1042
-1094
-1112
-1131
-1161
-1179
-1155
-1150
-1137
-1111
-1091
-1062
-1026
-988
-950
-903
-873
-818
-754
-706
-666
-620
-575
-526
-468
-391
-317
-254
-187
-128
-75
-13
43
109
170
218
289
331
392
464
513
565
596
644
671
713
757
793
820
855
882
912
938
961
983
998
1015
1022
1036
1043
1041
1033
1009
1012
985
949
921
878
855
819
762
717
647
578
510
420
340
281
208
140
75
17
-60
-139
-225
-303
-392
-498
-553
-610
-665
-699
-739
-764
-794
-814
-837
-872
-885
-896
-902
-888
-878
-873
-869
-847
-821
-800
-759
-721
-671
-637
-597
-535
-481
-434
-386
-336
-275
-212
-153
-85
-24
36
79
125
187
219
251
279
324
351
379
419
440
471
486
509
532
549
572
606
640
671
700
737
771
783
797
801
804
795
802
792
781
768
746
737
729
727
700
673
651
611
570
522
478
431
379
322
256
199
125
74
21
-35
-98
-150
-198
-266
-328
-376
-422
-472
-519
-574
-616
-668
-706
-728
-759
-781
-801
-832
-829
-812
-792
-774
-751
-742
-722
-683
-637
-574
-537
-491
-448
-404
-368
-313
-270
-230
-195
-148
-118
-71
-11
35
77
120
167
209
259
300
337
373
410
440
473
511
541
553
585
588
592
601
603
618
632
623
625
657
664
664
665
658
645
641
637
603
598
574
550
529
501
467
434
408
385
357
330
297
242
197
149
90
26
-29
-80
-135
-198
-252
-301
-352
-419
-485
-541
-604
-643
-672
-700
-724
-747
-779
-793
-802
-817
-823
-827
-831
-836
-831
-817
-803
-774
-767
-751
-719
-690
-652
-629
-575
-531
-484
-432
-379
-330
-278
-218
-158
-86
-8
47
106
166
213
266
288
329
355
381
421
436
468
502
525
547
562
579
607
619
639
648
665
677
673
684
704
711
705
713
707
707
712
709
688
662
634
606
575
546
516
485
458
424
384
347
307
263
200
134
71
13
-50
-106
-159
-222
-276
-332
-387
-453
-511
-572
-638
-691
-737
-765
-787
-823
-839
-846
-877
-890
-901
-901
-903
-902
-878
-844
-818
-821
-784
-740
-691
-637
-589
-529
-470
-413
-337
-277
-237
-167
-102
-36
9
52
103
155
209
259
314
362
409
444
490
524
553
580
604
640
662
661
669
683
689
687
674
665
648
642
623
612
616
594
577
564
561
558
531
501
473
440
397
366
344
317
286
258
234
208
183
140
110
55
5
-54
-105
-143
-188
-225
-277
-306
-362
-425
-459
-508
-570
-641
-692
-724
-779
-813
-831
-829
-840
-842
-845
-843
-823
-819
-802
-794
-792
-761
-735
-702
-673
-646
-604
-556
-503
-451
-393
-325
-270
-211
-159
-99
-32
8
63
124
166
222
259
309
365
410
454
473
490
505
523
530
550
550
560
572
580
589
606
605
616
607
586
579
560
578
564
574
568
565
554
559
543
508
480
426
390
346
304
269
227
181
144
96
70
45
8
-41
-89
-147
-217
-275
-337
-366
-416
-467
-493
-523
-556
-592
-623
-676
-711
-750
-782
-790
-823
-836
-858
-849
-850
-858
-855
-844
-830
-817
-801
-765
-715
-693
-646
-613
-556
-497
-459
-407
-373
-318
-278
-223
-168
-134
-78
-34
10
53
99
161
208
250
297
347
390
412
437
443
451
467
481
503
508
522
544
574
588
599
610
597
587
573
559
543
538
543
535
519
507
496
479
455
418
377
328
280
239
196
151
103
54
27
-6
-41
-67
-109
-151
-200
-246
-294
-320
-344
-373
-390
-429
-469
-496
-530
-555
-597
-651
-678
-716
-737
-763
-766
-759
-765
-765
-749
-735
-727
-705
-701
-673
-652
-640
-608
-561
-518
-472
-431
-383
-349
-309
-257
-213
-152
-130
-85
-51
-22
35
71
104
155
205
259
308
361
402
422
469
495
505
536
540
554
571
579
582
604
616
620
639
640
613
580
554
537
514
481
468
447
426
402
385
363
342
316
301
278
234
204
172
146
110
88
48
26
-22
-82
-121
-163
-204
-245
-291
-329
-357
-386
-398
-431
-462
-500
-521
-544
-569
-596
-624
-633
-661
-695
-696
-713
-709
-705
-713
-703
-695
-693
-678
-660
-648
-619
-592
-563
-525
-477
-426
-373
-320
-260
-198
-135
-96
-46
0
37
88
125
164
191
236
265
300
341
380
412
440
463
491
513
511
525
533
529
534
547
537
535
534
520
515
501
486
480
478
476
469
457
435
421
407
391
364
336
306
287
245
206
163
129
94
56
39
6
-22
-50
-85
-111
-132
-172
-212
-251
-273
-307
-329
-354
-376
-393
-427
-446
-475
-490
-518
-542
-556
-589
-600
-600
-614
-608
-612
-608
-590
-581
-550
-520
-496
-469
-440
-415
-379
-333
-283
-260
-212
-167
-129
-88
-44
8
36
56
90
116
151
178
188
208
206
216
231
235
247
252
266
272
273
269
288
304
306
302
295
293
285
273
259
247
222
204
191
183
162
130
126
94
79
65
49
53
36
17
-7
-13
-28
-62
-73
-90
-107
-117
-141
-151
-168
-180
-203
-223
-246
-261
-276
-296
-312
-336
-356
-372
-389
-406
-407
-416
-399
-393
-416
-397
-384
-367
-362
-360
-334
-320
-320
-308
-291
-267
-250
-231
-189
-170
-159
-131
-96
-59
-35
-10
19
38
60
86
117
135
177
197
226
262
290
326
346
358
371
388
393
389
381
376
358
344
334
326
315
309
297
278
258
243
226
205
177
158
141
118
99
71
66
46
18
-12
-20
-39
-72
-92
-107
-118
-131
-146
-145
-154
-173
-173
-193
-199
-211
-232
-244
-244
-258
-279
-283
-288
-295
-297
-287
-314
-333
-335
-341
-339
-336
-317
-319
-288
-285
-272
-246
-243
-232
-205
-180
-173
-142
-116
-81
-64
-48
-32
-8
15
33
63
93
116
144
160
193
227
233
236
240
263
269
275
282
284
298
301
313
301
296
304
280
277
278
263
253
242
225
212
194
179
163
139
116
100
81
68
49
36
33
23
-3
-20
-13
-46
-63
-87
-107
-130
-165
-190
-183
-187
-211
-221
-215
-215
-223
-227
-236
-244
-267
-276
-276
-289
-297
-287
-268
-275
-268
-258
-255
-246
-255
-240
-219
-217
-207
-195
-184
-173
-163
-149
-140
-117
-94
-60
-24
3
33
71
97
115
140
164
197
205
215
246
281
307
338
369
389
408
417
426
448
441
446
444
440
427
421
422
409
401
391
362
333
299
269
268
261
234
218
198
184
161
134
108
78
54
18
-9
-44
-73
-105
-138
-157
-173
-189
-203
-228
-242
-260
-273
-273
-287
-295
-304
-298
-310
-322
-320
-333
-339
-335
-345
-325
-321
-324
-320
-324
-312
-296
-290
-294
-283
-264
-253
-251
-236
-222
-203
-202
-168
-141
-120
-80
-39
-2
38
76
114
171
183
201
242
268
296
299
313
342
373
377
412
437
450
457
458
478
479
479
484
500
497
486
494
499
496
477
454
460
439
401
380
340
308
281
259
249
207
164
135
110
86
47
30
-11
-48
-75
-90
-106
-138
-153
-165
-176
-199
-212
-216
-232
-249
-253
-262
-285
-302
-301
-311
-312
-323
-332
-339
-357
-363
-373
-370
-363
-360
-356
-366
-369
-356
-341
-338
-315
-297
-265
-236
-206
-185
-164
-142
-127
-108
-93
-47
-24
17
58
81
117
149
191
223
237
262
278
300
319
329
351
369
392
426
450
465
490
496
493
494
482
474
469
445
432
396
379
362
323
298
261
219
181
149
120
104
85
53
19
-5
-25
-50
-68
-98
-134
-169
-196
-217
-236
-274
-305
-322
-355
-389
-412
-429
-446
-470
-487
-508
-514
-524
-541
-546
-566
-562
-559
-553
-536
-528
-515
-493
-474
-461
-428
-419
-403
-386
-377
-341
-309
-290
-259
-222
-201
-179
-155
-132
-93
-74
-48
-16
18
50
95
131
170
214
240
287
334
371
392
412
425
445
441
438
453
450
456
473
483
476
481
476
469
469
455
439
416
415
393
369
353
321
299
277
253
231
200
173
137
113
88
59
34
15
-6
-32
-76
-118
-154
-190
-206
-240
-275
-306
-324
-335
-344
-360
-372
-382
-392
-385
-395
-414
-448
-458
-459
-481
-485
-484
-500
-500
-496
-498
-482
-459
-441
-435
-434
-424
-404
-396
-364
-334
-335
-300
-266
-228
-190
-165
-129
-89
-74
-49
-4
34
75
100
139
181
225
257
301
342
366
375
394
425
444
443
459
473
485
502
490
491
488
484
482
475
469
450
435
421
411
394
359
338
310
281
254
237
205
179
161
116
104
75
56
29
7
-9
-31
-58
-78
-96
-131
-169
-201
-228
-253
-296
-318
-334
-355
-365
-377
-376
-373
-369
-368
-380
-387
-399
-427
-431
-438
-443
-439
-413
-398
-398
-386
-371
-356
-346
-324
-288
-262
-230
-187
-142
-128
-112
-95
-68
-39
-31
-2
18
48
89
131
162
199
232
254
296
309
318
341
354
365
385
408
427
437
450
453
466
474
475
473
464
453
452
443
451
433
430
431
415
410
369
347
312
290
265
237
212
164
129
105
52
33
2
-35
-52
-86
-120
-144
-178
-204
-231
-263
-287
-312
-338
-364
-384
-396
-417
-436
-439
-451
-443
-446
-462
-472
-458
-461
-464
-465
-452
-443
-439
-418
-396
-363
-356
-344
-319
-307
-279
-244
-218
-201
-166
-140
-120
-83
-62
-39
-26
-24
-4
37
65
93
121
151
182
211
238
250
291
297
301
324
347
379
389
399
420
433
428
429
448
443
427
428
440
438
439
425
411
390
361
350
327
301
263
224
218
180
161
141
108
66
28
6
-21
-38
-67
-90
-109
-109
-150
-155
-164
-201
-232
-251
-244
-248
-261
-280
-296
-319
-329
-331
-323
-325
-314
-295
-295
-291
-278
-277
-270
-249
-240
-215
-191
-181
-172
-167
-162
-147
-125
-120
-81
-64
-36
18
18
44
75
87
104
121
122
163
189
211
249
270
305
318
343
378
392
399
435
466
475
495
495
483
474
466
477
469
441
432
420
409
405
394
382
377
351
329
320
303
256
227
207
165
144
110
102
67
34
14
-23
-43
-75
-108
-142
-156
-183
-203
-208
-230
-241
-248
-263
-274
-284
-291
-293
-294
-285
-298
-286
-279
-301
-302
-300
-305
-301
-307
-290
-278
-265
-241
-209
-182
-183
-181
-158
-142
-131
-103
-80
-55
-34
0
19
41
68
84
107
127
158
188
220
248
264
290
319
346
360
363
371
377
391
402
405
398
400
415
424
430
445
433
428
424
411
441
417
385
362
327
305
281
280
271
244
228
200
172
158
116
97
82
59
53
46
18
-12
-30
-58
-86
-102
-95
-116
-154
-155
-161
-159
-178
-204
-229
-270
-287
-302
-301
-301
-332
-323
-304
-303
-315
-306
-300
-306
-297
-295
-295
-265
-241
-237
-207
-193
-187
-154
-140
-122
-95
-82
-54
-34
-5
45
65
85
113
126
144
185
198
214
219
247
258
289
312
324
356
368
378
389
394
396
397
381
368
355
355
341
324
305
296
288
286
279
251
236
240
243
245
232
189
186
145
125
121
77
43
7
-22
-46
-86
-120
-136
-163
-189
-202
-225
-246
-283
-308
-297
-301
-307
-325
-333
-352
-364
-373
-389
-403
-410
-419
-416
-400
-388
-391
-377
-353
-352
-333
-326
-297
-256
-237
-223
-205
-174
-152
-146
-128
-120
-98
-48
0
51
81
84
119
147
166
186
202
233
237
245
287
294
289
323
332
336
369
382
379
387
395
405
396
414
419
415
412
403
416
388
390
371
356
351
356
360
356
349
320
303
300
287
249
225
210
176
146
129
97
74
40
4
-23
-60
-90
-110
-137
-158
-191
-223
-241
-278
-311
-331
-344
-367
-406
-416
-424
-435
-428
-417
-424
-426
-427
-431
-414
-408
-399
-376
-370
-370
-344
-319
-297
-292
-259
-233
-222
-190
-153
-141
-127
-99
-82
-59
-59
-27
2
27
59
86
112
122
144
177
205
210
218
232
261
271
277
282
293
307
315
338
360
358
379
392
369
357
367
365
343
329
316
289
275
268
248
233
213
196
187
170
139
93
65
18
-26
-35
-57
-79
-118
-145
-142
-179
-219
-247
-275
-282
-306
-331
-337
-339
-374
-399
-401
-405
-404
-396
-399
-416
-412
-415
-427
-425
-408
-416
-404
-370
-334
-323
-322
-304
-286
-268
-306
-288
-267
-266
-227
-198
-177
-141
-104
-71
-31
-22
-10
4
36
44
72
118
163
184
210
245
239
258
278
313
314
290
331
346
361
372
366
372
387
389
391
403
389
361
353
359
390
368
339
338
307
277
250
256
230
197
179
144
148
122
61
50
25
-8
-18
-39
-80
-120
-119
-170
-193
-195
-235
-252
-279
-274
-285
-319
-356
-397
-401
-412
-421
-428
-447
-472
-479
-468
-457
-486
-508
-488
-497
-503
-467
-432
-419
-417
-392
-351
-333
-335
-329
-297
-278
-265
-243
-213
-180
-156
-148
-117
-84
-57
-58
-34
2
35
100
114
120
178
201
239
239
247
281
295
309
340
377
400
400
407
401
396
424
409
397
410
389
358
350
335
342
329
298
282
294
251
218
195
148
118
112
106
97
66
28
26
-2
-3
-21
-43
-82
-114
-130
-160
-182
-211
-232
-267
-299
-310
-310
-337
-355
-358
-349
-347
-361
-385
-386
-375
-387
-395
-380
-381
-388
-384
-378
-352
-318
-278
-252
-218
-191
-202
-174
-173
-179
-141
-128
-84
-52
-44
-9
2
20
66
104
142
151
176
220
219
236
274
319
343
341
350
351
332
338
354
354
348
351
374
385
392
394
383
377
366
365
364
335
295
248
222
233
220
190
173
155
156
155
123
105
86
64
32
5
-22
-60
-90
-121
-138
-157
-178
-212
-236
-249
-272
-294
-312
-312
-352
-379
-382
-405
-407
-389
-384
-392
-392
-397
-398
-374
-392
-391
-388
-370
-360
-362
-356
-360
-301
-255
-242
-238
-237
-251
-232
-184
-164
-116
-76
-38
-29
-21
4
30
65
67
77
91
114
137
168
186
200
217
233
254
262
278
271
258
268
281
290
309
294
283
295
293
276
257
266
258
236
216
222
207
189
161
145
134
117
110
100
86
66
64
41
37
43
16
-33
-78
-113
-140
-154
-181
-197
-192
-202
-196
-213
-241
-261
-260
-264
-286
-290
-291
-275
-288
-313
-312
-303
-291
-275
-267
-265
-268
-313
-324
-308
-307
-318
-307
-266
-240
-230
-238
-227
-217
-212
-193
-166
-123
-102
-85
-73
-65
-46
-20
-4
-2
7
26
39
57
74
82
100
120
109
127
150
136
126
134
137
158
153
144
137
132
108
109
134
141
156
148
110
95
95
114
92
56
64
28
2
-18
-33
-25
-25
-62
-58
-47
-45
-56
-80
-102
-119
-124
-102
-91
-103
-116
-120
-110
-121
-138
-149
-135
-139
-141
-123
-119
-136
-147
-157
-156
-160
-185
-205
-207
-190
-203
-197
-206
-218
-201
-170
-159
-163
-145
-127
-122
-122
-105
-86
-85
-51
-29
-9
-22
-16
36
48
51
54
79
71
75
93
109
116
102
117
148
156
143
130
150
168
166
162
177
181
162
160
156
152
122
138
136
123
133
109
109
78
50
46
50
52
36
24
13
-16
-34
-46
-70
-90
-79
-76
-96
-117
-145
-166
-161
-180
-201
-185
-165
-190
-235
-243
-265
-289
-301
-308
-334
-342
-349
-333
-311
-300
-303
-313
-313
-323
-293
-301
-297
-293
-289
-266
-263
-257
-237
-211
-206
-181
-149
-137
-131
-138
-109
-74
-65
-67
-56
-42
-30
-25
-8
6
7
31
48
77
107
119
130
158
183
184
189
193
203
218
245
229
233
249
243
229
210
223
208
183
185
185
161
149
126
110
104
78
69
63
70
56
30
7
-18
-21
-37
-37
-60
-88
-88
-92
-97
-127
-158
-173
-184
-220
-233
-219
-219
-238
-224
-212
-233
-251
-266
-267
-255
-267
-258
-229
-220
-204
-196
-181
-143
-153
-168
-161
-161
-159
-156
-136
-140
-141
-115
-105
-106
-110
-104
-83
-66
-50
-26
-18
-14
-9
16
22
40
44
67
90
84
96
125
149
151
165
188
198
207
197
175
183
174
159
155
132
110
134
131
118
94
45
40
42
14
6
5
-12
-31
-50
-53
-69
-93
-84
-96
-118
-146
-155
-154
-168
-164
-164
-181
-167
-185
-220
-231
-249
-241
-218
-229
-215
-208
-224
-221
-219
-201
-192
-216
-222
-193
-184
-188
-205
-226
-222
-226
-223
-195
-171
-151
-132
-145
-143
-115
-100
-107
-81
-60
-57
-33
-16
13
59
79
99
130
142
161
155
152
182
190
187
183
192
214
224
218
229
235
232
242
245
235
228
209
204
174
156
167
148
139
143
123
107
107
101
114
148
155
133
104
91
65
51
66
31
-1
-28
-33
-41
-67
-94
-113
-120
-111
-127
-141
-143
-170
-172
-188
-206
-222
-212
-215
-235
-231
-219
-193
-192
-187
-180
-184
-208
-216
-226
-218
-185
-185
-178
-179
-185
-163
-168
-162
-155
-161
-148
-117
-81
-58
-61
-42
-40
-33
-35
-33
-18
-19
-11
13
43
49
49
57
68
45
32
34
42
70
86
91
75
81
67
75
91
93
106
125
135
136
141
136
137
128
124
109
97
89
87
68
37
7
-5
0
-8
-27
-17
-23
-35
-47
-57
-68
-101
-106
-127
-145
-151
-154
-149
-157
-148
-140
-137
-114
-108
-120
-139
-129
-139
-142
-160
-205
-209
-223
-228
-207
-209
-209
-182
-175
-179
-165
-168
-169
-152
-141
-130
-109
-106
-83
-61
-72
-48
-28
2
-2
-1
14
16
-1
4
26
34
42
55
58
58
91
104
102
105
111
128
155
176
181
176
196
204
210
230
240
237
229
204
204
214
207
216
200
178
174
173
161
142
122
111
113
107
93
78
61
48
28
15
22
15
19
12
-13
-57
-88
-87
-108
-126
-140
-119
-122
-150
-155
-172
-172
-182
-180
-161
-167
-185
-190
-177
-167
-200
-208
-182
-163
-137
-118
-112
-119
-110
-88
-80
-82
-72
-88
-101
-73
-63
-70
-49
-25
-33
-17
-13
-7
10
15
23
26
50
80
116
117
123
129
154
167
183
186
168
191
189
187
186
206
195
202
201
175
191
193
179
158
149
152
174
171
159
156
162
164
159
156
135
132
114
97
113
88
70
47
25
3
2
10
19
15
-2
7
-3
-11
-8
-22
-30
-23
-46
-54
-66
-66
-59
-57
-58
-66
-49
-60
-64
-72
-71
-84
-99
-110
-113
-105
-89
-81
-75
-77
-85
-64
-52
-58
-58
-60
-48
-48
-36
-24
-26
-1
19
37
56
66
88
120
134
137
129
120
138
157
167
180
186
187
173
159
171
179
173
174
186
182
186
186
180
163
164
162
140
138
124
104
96
103
92
75
60
38
53
54
48
33
44
23
-6
-3
-4
12
-3
-10
-8
-5
-18
-23
-26
-21
-40
-58
-62
-65
-70
-86
-70
-75
-98
-105
-94
-92
-89
-97
-102
-103
-99
-77
-57
-45
-50
-51
-34
-19
-24
-8
16
0
2
6
26
46
57
53
62
74
84
107
121
148
154
156
179
172
175
206
214
213
199
212
213
212
216
200
182
174
149
133
138
142
147
136
134
134
127
129
116
126
124
104
82
57
49
47
44
38
52
43
17
-9
-30
-52
-63
-63
-68
-65
-90
-89
-97
-122
-126
-132
-142
-143
-145
-127
-131
-125
-126
-132
-123
-123
-122
-97
-72
-66
-78
-102
-101
-98
-96
-95
-68
-69
-54
-64
-71
-66
-61
-58
-47
-22
-32
-23
-22
-12
8
24
46
66
86
99
85
93
116
116
135
134
142
161
160
161
156
157
166
145
147
154
146
161
159
146
156
152
145
131
105
102
80
56
68
66
53
41
43
10
-14
-34
-59
-62
-77
-90
-97
-79
-68
-62
-70
-72
-78
-91
-84
-72
-66
-63
-52
-49
-49
-68
-94
-90
-93
-92
-98
-86
-66
-73
-67
-65
-75
-68
-60
-55
-59
-62
-61
-55
-39
-46
-28
-15
-13
-1
-25
-10
8
21
25
50
68
81
77
88
108
78
98
105
123
111
112
100
96
92
94
94
87
99
105
116
96
102
106
112
122
103
105
121
103
98
93
113
121
91
77
85
70
63
49
26
30
29
22
-13
-36
-12
-20
-39
-38
-31
-17
-37
-71
-93
-90
-110
-123
-124
-143
-164
-175
-177
-168
-169
-169
-149
-134
-128
-148
-139
-106
-106
-107
-96
-87
-91
-91
-82
-76
-59
-65
-64
-50
-36
-18
-23
-21
-24
-14
-1
-3
6
17
16
9
4
23
55
85
102
123
153
168
177
159
159
174
179
191
199
189
198
202
209
209
185
201
212
196
172
154
139
136
139
116
106
86
77
69
63
55
43
44
28
40
49
53
50
40
49
39
43
28
16
18
6
-1
8
-1
5
6
0
-11
-22
-29
-31
-33
-39
-33
-31
-43
-66
-58
-42
-52
-46
-50
-66
-62
-60
-53
-57
-60
-49
-51
-31
-6
-12
-6
-7
3
21
25
22
45
57
73
90
97
111
124
134
129
133
149
173
175
175
186
198
188
196
204
193
207
213
198
204
201
209
233
245
252
259
255
242
233
244
239
216
215
193
187
184
186
176
175
152
137
123
111
113
104
89
64
47
39
36
10
-1
-10
-28
-42
-54
-75
-69
-82
-96
-97
-106
-88
-83
-79
-80
-82
-101
-106
-101
-113
-110
-105
-111
-125
-129
-120
-105
-107
-110
-94
-72
-76
-67
-56
-45
-32
-22
-6
21
30
34
50
38
52
56
60
91
97
98
116
146
148
148
180
206
230
241
245
249
261
266
258
262
245
245
229
214
206
190
182
170
152
145
155
162
158
155
146
126
124
140
127
109
92
92
98
92
69
47
48
22
10
1
4
16
5
0
-3
2
-2
-4
-18
-46
-60
-50
-63
-68
-66
-92
-79
-92
-102
-87
-80
-77
-107
-106
-88
-81
-74
-62
-39
-38
-25
-37
-32
-31
-42
-40
-33
-28
-21
9
5
-2
15
13
14
17
25
27
30
56
69
76
76
70
71
72
68
63
61
80
96
112
111
109
122
113
105
117
120
114
118
125
137
123
122
141
154
160
158
161
153
141
126
122
102
66
40
28
30
26
16
-1
-8
-9
-13
-20
-20
-19
-25
-23
-20
-31
-36
-43
-49
-68
-79
-97
-96
-119
-122
-112
-117
-90
-95
-96
-96
-91
-63
-61
-64
-53
-53
-64
-71
-54
-45
-52
-52
-52
-39
-24
-28
-19
-9
-13
-14
7
18
22
19
26
49
63
95
115
146
149
156
160
167
180
186
206
216
215
222
233
250
278
269
286
267
244
239
242
231
219
227
219
228
221
194
177
168
166
162
161
156
133
121
119
110
109
102
92
85
76
71
55
41
15
15
17
-10
-30
-32
-54
-53
-68
-79
-84
-85
-94
-117
-114
-130
-142
-146
-150
-133
-109
-98
-92
-76
-67
-70
-85
-94
-118
-126
-109
-114
-111
-119
-117
-133
-124
-98
-100
-76
-67
-69
-63
-47
-27
-15
-10
32
42
50
63
72
94
101
104
119
128
132
145
160
167
172
154
137
153
156
161
160
161
168
180
164
167
166
156
152
145
136
115
128
126
127
116
100
99
93
105
76
69
62
52
47
45
32
22
4
-13
-15
-15
-20
-38
-52
-62
-46
-56
-80
-84
-77
-97
-121
-127
-139
-143
-162
-181
-193
-185
-193
-186
-178
-166
-157
-139
-145
-156
-140
-119
-81
-74
-46
-19
-15
-15
8
27
50
48
40
57
84
80
83
98
102
95
112
124
133
139
123
136
131
127
118
121
96
95
110
115
101
98
105
106
91
84
105
105
120
103
75
83
71
70
70
61
52
32
22
24
4
-6
-15
-41
-45
-57
-57
-71
-99
-110
-129
-132
-135
-153
-174
-194
-185
-193
-213
-223
-226
-222
-235
-242
-235
-249
-265
-264
-248
-230
-219
-209
-205
-194
-171
-167
-156
-153
-168
-154
-143
-127
-108
-99
-95
-91
-79
-70
-70
-70
-68
-46
-37
-11
15
46
50
41
51
53
49
56
71
87
84
99
92
91
106
115
107
86
99
94
94
96
103
93
103
102
104
89
95
106
90
102
94
55
56
55
43
59
45
24
36
107
108
55
43
60
50
16
8
7
-12
2
26
-9
-32
-42
-41
-55
-84
-80
-92
-121
-147
-150
-128
-144
-159
-171
-184
-173
-171
-162
-166
-158
-144
-141
-128
-131
-138
-126
-98
-93
-101
-102
-99
-84
-49
-33
-51
-64
-54
-44
-32
-14
-13
-9
10
23
30
51
59
72
65
67
64
69
85
94
112
104
106
94
86
99
79
74
72
71
60
65
81
79
90
88
77
69
61
69
65
59
39
43
40
20
23
8
7
0
-27
-40
-48
-47
-42
-50
-58
-77
-87
-102
-102
-116
-112
-107
-123
-141
-135
-129
-140
-150
-164
-162
-168
-183
-175
-167
-178
-171
-164
-148
-148
-128
-105
-105
-113
-115
-118
-102
-100
-101
-75
-57
-58
-61
-43
-25
-41
-39
-7
12
10
25
53
48
53
93
112
112
118
114
104
109
114
115
128
123
106
121
149
157
146
161
184
188
203
193
195
193
185
184
176
175
173
181
192
192
175
178
181
181
181
175
147
129
119
92
81
75
58
43
29
17
-1
-29
-52
-61
-60
-60
-89
-94
-81
-81
-87
-83
-97
-95
-104
-130
-121
-100
-109
-133
-143
-152
-138
-153
-170
-177
-182
-176
-195
-203
-202
-193
-177
-179
-166
-145
-136
-125
-119
-111
-102
-73
-83
-77
-73
-70
-72
-62
-62
-56
-46
-51
-31
-13
-9
-1
11
4
15
26
32
41
45
39
47
32
35
24
31
34
16
23
9
6
28
37
25
9
11
25
19
24
33
18
46
34
31
41
20
19
0
-5
-3
-14
-36
-38
-9
-2
-1
-40
-66
-49
-45
-46
-68
-75
-72
-56
-60
-91
-114
-114
-110
-102
-120
-120
-130
-137
-126
-110
-79
-75
-76
-64
-46
-49
-38
-35
-36
-14
3
5
12
24
24
10
9
20
19
20
30
43
33
16
30
44
49
59
53
40
49
53
40
33
47
63
71
87
95
125
148
135
122
90
86
96
108
107
109
109
127
133
103
90
72
33
11
2
6
-6
35
84
53
25
9
-25
-80
-97
-79
-63
-82
-88
-73
-55
-55
-73
-77
-95
-97
-106
-119
-147
-169
-176
-189
-192
-183
-182
-179
-169
-188
-198
-201
-193
-177
-174
-171
-170
-185
-182
-163
-157
-160
-150
-144
-157
-161
-172
-169
-158
-158
-149
-139
-124
-130
-130
-120
-113
-92
-74
-57
-59
-54
-44
-44
-25
-24
-20
-3
7
25
27
20
39
46
65
61
59
74
77
84
97
119
127
121
127
112
119
104
98
94
69
80
69
56
40
38
33
17
-5
-16
-19
-13
-16
-15
-12
-25
-28
-49
-69
-96
-113
-112
-105
-86
-97
-130
-158
-160
-166
-176
-175
-168
-183
-172
-173
-184
-170
-175
-178
-179
-169
-159
-191
-191
-187
-202
-192
-205
-200
-197
-188
-162
-154
-139
-133
-138
-117
-97
-85
-79
-77
-56
-59
-62
-51
-32
-15
10
30
34
36
27
38
37
35
31
29
41
35
36
48
47
47
52
43
55
60
52
57
51
61
60
49
49
32
21
8
-5
-10
-29
-32
-44
-57
-64
-76
-74
-80
-95
-101
-119
-137
-142
-134
-136
-142
-133
-133
-139
-137
-136
-131
-130
-132
-144
-151
-142
-142
-144
-150
-146
-146
-148
-155
-154
-152
-156
-147
-139
-134
-131
-125
-122
-125
-126
-107
-79
-89
-82
-48
-55
-47
-48
-43
-34
-36
-40
-43
-16
-19
-25
-8
-3
-9
-11
-5
19
31
29
46
43
36
32
35
44
45
42
52
78
75
73
68
57
63
49
58
61
49
40
22
12
7
4
1
-6
-11
-19
-26
-20
-45
-61
-56
-48
-58
-59
-73
-64
-46
-58
-57
-71
-82
-94
-95
-110
-100
-115
-124
-126
-130
-122
-123
-128
-140
-130
-128
-134
-147
-165
-169
-176
-191
-191
-180
-184
-179
-174
-168
-147
-133
-127
-124
-120
-116
-110
-83
-79
-62
-57
-48
-43
-50
-40
-33
-12
-6
-3
9
26
43
31
42
46
50
38
34
50
47
39
39
35
21
24
24
25
20
18
14
0
-22
-14
-23
-18
-15
-10
-8
-11
9
17
7
-2
-12
-9
-4
-9
2
-10
-24
-43
-60
-64
-77
-83
-84
-84
-82
-94
-110
-106
-105
-117
-125
-121
-109
-113
-104
-105
-93
-83
-87
-90
-75
-65
-49
-47
-42
-66
-77
-73
-75
-73
-62
-46
-46
-44
-55
-41
-53
-56
-57
-48
-40
-44
-13
6
3
-2
11
9
9
14
23
34
34
27
33
58
69
69
68
65
70
70
63
56
66
47
30
60
68
82
93
89
98
103
96
101
104
103
100
119
109
96
106
100
100
88
77
59
58
56
46
62
47
32
31
15
22
13
-7
-11
-18
-13
-14
-30
-27
-37
-50
-57
-65
-79
-92
-92
-98
-120
-130
-140
-148
-154
-166
-181
-169
-154
-148
-141
-141
-132
-121
-125
-118
-113
-99
-88
-77
-73
-81
-61
-41
-18
8
16
11
4
15
17
4
12
24
21
30
45
35
26
35
44
51
60
71
88
93
80
88
97
103
104
94
97
98
94
100
92
87
84
87
86
81
90
89
93
96
92
95
83
77
77
79
72
72
74
67
49
45
27
6
4
-15
-23
-39
-53
-60
-67
-67
-67
-61
-82
-81
-83
-89
-89
-69
-78
-82
-73
-69
-44
-46
-34
-40
-26
-19
-29
-24
-21
-10
-1
4
-6
-11
-8
-14
-18
-12
-2
4
4
-5
-1
3
16
25
26
39
41
56
65
70
70
66
73
99
107
101
99
87
84
86
85
90
74
80
81
69
60
52
44
48
41
31
25
29
29
15
8
4
-8
-20
-34
-42
-40
-56
-54
-42
-44
-66
-70
-70
-84
-88
-94
-101
-109
-127
-140
-167
-185
-179
-198
-204
-205
-213
-223
-229
-229
-228
-229
-236
-241
-228
-215
-199
-181
-187
-181
-169
-152
-144
-132
-115
-112
-115
-108
-90
-96
-108
-92
-83
-75
-75
-76
-72
-62
-61
-64
-60
-52
-44
-36
-38
-35
-41
-41
-40
-32
-10
-5
-3
26
21
36
38
37
52
57
75
76
91
90
95
101
94
94
84
80
83
65
63
81
65
54
43
35
38
29
13
2
3
-2
-2
-3
-15
-21
-32
-31
-44
-51
-47
-51
-59
-56
-66
-70
-90
-91
-83
-79
-70
-82
-82
-66
-55
-49
-45
-32
-31
-39
-22
-13
-12
-18
-33
-43
-47
-41
-30
-32
-34
-29
-35
-31
-33
-25
-6
-4
-6
-9
2
18
4
-3
2
4
10
8
0
7
12
28
43
32
27
37
39
39
47
36
20
31
23
15
23
27
13
15
12
2
1
-10
-5
-26
-17
-31
-36
-33
-32
-22
-39
-53
-52
-59
-60
-51
-51
-40
-70
-77
-77
-77
-66
-65
-63
-50
-53
-56
-57
-70
-60
-71
-75
-57
-54
-53
-36
-47
-47
-42
-33
-35
-29
-39
-48
-45
-56
-61
-65
-66
-55
-66
-56
-28
-25
-27
-40
-34
-16
-18
-8
-2
1
18
13
22
54
68
71
88
88
98
96
112
136
141
152
158
172
167
175
183
181
188
187
184
184
180
181
193
211
204
204
196
193
198
185
179
172
160
143
150
131
141
123
109
99
100
101
86
87
65
64
51
48
43
39
25
33
21
20
31
26
7
-13
-10
-4
-5
-21
-36
-53
-61
-78
-79
-86
-90
-114
-147
-146
-138
-136
-147
-153
-158
-157
-156
-146
-138
-126
-121
-124
-125
-115
-98
-79
-85
-91
-95
-95
-91
-87
-78
-87
-81
-63
-55
-43
-28
-13
-3
0
-1
9
21
3
23
49
52
62
83
102
107
106
124
142
163
158
144
146
137
120
117
107
100
89
93
106
109
108
104
113
114
120
118
119
110
93
91
94
103
103
99
86
80
75
73
60
68
78
85
68
64
58
47
46
33
33
39
42
44
49
49
66
58
61
64
60
73
62
34
32
40
31
40
36
36
60
66
62
62
79
85
78
70
77
97
94
120
130
136
143
135
137
151
142
133
138
152
158
164
164
166
179
173
177
175
173
168
171
174
166
156
166
169
181
182
180
194
199
190
184
192
189
181
191
190
180
168
162
164
153
143
134
128
98
88
69
42
28
31
21
-3
-8
-6
-14
-14
-26
-14
-23
-40
-45
-58
-47
-65
-72
-57
-64
-76
-69
-65
-74
-71
-64
-67
-66
-59
-55
-54
-37
-33
-28
-22
-12
-8
-4
5
12
17
21
22
15
25
44
60
64
92
98
111
117
119
126
131
135
125
128
115
124
144
172
180
194
184
204
215
202
224
222
226
214
208
212
186
192
183
183
183
177
168
155
148
144
128
108
105
105
104
93
90
84
90
94
82
67
51
52
56
65
56
40
57
66
74
71
51
46
15
19
26
20
21
13
-5
-24
-25
-39
-41
-30
-42
-53
-40
-33
-32
-23
-27
-23
-12
-7
-8
-5
12
-2
10
18
25
32
23
18
11
20
37
35
44
43
37
45
52
39
49
49
24
18
10
28
20
6
13
19
23
9
14
7
18
-6
-9
-9
-15
-21
-31
-13
-19
-2
-9
-7
-2
-14
-27
-15
-18
-27
-34
-46
-51
-55
-68
-67
-57
-62
-63
-70
-66
-72
-88
-68
-61
-73
-90
-83
-74
-73
-72
-81
-85
-87
-90
-94
-81
-75
-83
-75
-79
-84
-89
-82
-87
-98
-96
-109
-107
-105
-83
-59
-59
-40
-25
-12
-9
-14
-13
10
6
21
40
31
29
39
44
40
46
45
50
57
53
39
41
38
26
22
27
33
29
29
41
39
28
48
42
40
64
62
69
68
71
74
71
54
52
47
53
56
50
66
54
64
58
76
74
64
74
57
50
59
51
55
36
20
30
24
-9
-7
2
-23
-14
-31
-32
-16
-34
-44
-39
-26
-37
-48
-31
-43
-68
-71
-73
-76
-94
-100
-77
-68
-78
-64
-56
-46
-47
-45
-30
-37
-35
-43
-51
-41
-34
-17
9
16
22
22
7
12
3
-8
5
6
2
0
0
12
22
23
13
11
16
18
11
15
-1
-3
8
2
17
20
14
17
17
9
11
12
10
7
-1
12
15
12
5
11
18
21
15
15
21
12
27
28
19
9
-10
-20
-17
-28
-40
-33
-26
-25
-30
-32
-36
-33
-33
-40
-27
-19
-17
-26
-20
-16
-19
-24
-26
-24
-32
-34
-39
-44
-47
-31
-37
-46
-37
-28
-28
-23
-37
-47
-38
-51
-55
-53
-39
-46
-35
-31
-30
-32
-31
5
1
3
20
23
25
19
9
25
11
-6
-2
7
9
-10
0
-3
-11
-11
2
-4
-1
-3
2
14
10
12
14
4
-7
5
6
2
-15
-29
-26
-34
-47
-57
-61
-66
-79
-100
-100
-117
-120
-118
-115
-123
-127
-124
-142
-146
-135
-122
-123
-142
-145
-141
-143
-133
-130
-136
-131
-130
-129
-126
-125
-121
-119
-116
-104
-102
-94
-82
-84
-73
-83
-100
-93
-72
-80
-64
-57
-65
-54
-51
-41
-46
-37
-37
-31
-24
-19
-6
10
1
-1
-1
5
12
15
15
23
45
42
45
38
47
45
52
48
55
46
54
66
63
64
57
66
54
56
58
47
50
60
60
57
34
21
23
21
18
21
24
21
-5
-24
-35
-58
-67
-65
-61
-63
-70
-63
-62
-55
-55
-61
-67
-68
-69
-69
-64
-78
-68
-57
-65
-66
-80
-71
-59
-60
-57
-57
-44
-44
-34
-5
8
17
19
26
31
35
41
48
41
46
41
34
41
48
44
42
37
40
41
41
52
45
46
47
58
60
57
68
64
56
50
39
57
56
52
49
47
50
56
62
84
99
97
90
82
91
62
68
76
68
54
62
63
54
52
27
32
2
-7
-1
-12
-18
-11
-19
-24
-29
-31
-20
-19
-11
-28
-34
-41
-51
-46
-57
-44
-37
-49
-41
-41
-42
-38
-34
-47
-50
-33
-35
-34
-25
-22
-20
-19
-21
-10
4
9
-16
-18
2
6
-11
4
1
-5
15
15
33
29
22
15
14
-4
8
13
-6
-4
-24
-7
3
3
8
4
-3
-3
-3
4
16
10
8
14
18
4
10
22
16
29
34
17
22
14
20
16
-6
-13
-17
-26
-12
4
-1
-7
-14
-25
-34
-29
-40
-35
-41
-47
-44
-56
-51
-59
-62
-58
-63
-79
-78
-99
-105
-99
-111
-115
-122
-118
-116
-113
-121
-135
-120
-119
-116
-108
-115
-122
-130
-120
-120
-147
-147
-144
-143
-142
-148
-150
-154
-152
-138
-122
-118
-120
-117
-133
-132
-132
-131
-108
-136
-132
-105
-109
-103
-89
-79
-75
-82
-82
-75
-71
-63
-71
-60
-55
-52
-60
-66
-56
-74
-85
-102
-95
-91
-78
-95
-98
-92
-107
-106
-107
-118
-109
-104
-109
-111
-115
-116
-101
-95
-98
-93
-96
-92
-97
-85
-86
-92
-87
-81
-71
-69
-76
-69
-55
-54
-52
-64
-62
-59
-68
-51
-52
-35
-32
-40
-39
-41
-53
-59
-69
-82
-77
-74
-73
-80
-68
-80
-72
-59
-68
-71
-80
-61
-57
-64
-50
-55
-56
-49
-63
-69
-65
-68
-61
-45
-38
-47
-44
-27
-49
-161
-218
-223
-186
-92
-62
-75
-91
-41
37
130
141
73
63
26
110
155
97
42
-27
-22
-40
-24
-33
-32
-9
22
31
1
-14
-8
3
-20
-72
-66
-39
20
40
20
-5
-35
-26
-24
-20
-6
-7
-6
-7
30
31
26
15
20
-15
-60
-52
-78
-90
-125
-150
-143
-171
-173
-140
-121
-68
-45
2
42
77
89
87
82
63
27
-6
-12
-45
-60
-70
-77
-59
-72
-68
-40
-35
-28
-10
16
18
31
44
46
46
45
51
29
10
-1
-10
-18
-32
-36
-54
-55
-43
-39
-24
-8
8
20
8
21
13
-7
-17
-45
-56
-81
-96
-76
-81
-74
-64
-41
-25
-9
17
28
32
24
19
9
-3
-7
-13
-34
-55
-91
-96
-103
-108
-100
-83
-84
-71
-67
-73
-47
-53
-39
-46
-64
-88
-105
-91
-95
-104
-112
-91
-91
-91
-86
-47
-32
-25
11
16
28
39
50
55
35
18
29
15
7
1
-6
6
25
23
25
46
42
42
69
80
72
82
67
81
83
54
47
28
27
34
33
26
21
25
37
42
52
57
56
51
38
35
22
-6
-44
-44
-49
-80
-90
-102
-93
-85
-95
-94
-92
-96
-100
-93
-80
-83
-89
-88
-95
-91
-96
-105
-95
-84
-87
-81
-80
-73
-62
-46
-34
-24
-18
-9
4
-3
-12
-12
-26
-14
-27
-25
-7
-21
-21
-26
-3
10
23
28
50
56
56
70
73
72
62
65
56
47
52
72
80
81
86
88
88
91
97
100
83
83
80
75
81
65
76
67
55
52
47
56
40
36
34
28
29
33
32
25
30
34
29
26
19
7
-2
3
-1
-1
5
1
10
7
8
24
16
14
15
9
-3
-12
-8
-16
-17
-10
-23
-29
-41
-32
-22
-28
-25
-14
-10
-4
12
15
19
21
18
19
37
41
46
47
41
40
40
25
25
30
10
25
18
8
25
8
12
26
23
24
23
20
12
-4
-9
-18
-12
-17
-15
-11
-48
-34
-33
-36
-28
-40
-34
-39
-46
-48
-38
-53
-46
-42
-34
-21
-37
-46
-36
-42
-69
-64
-67
-70
-81
-79
-72
-78
-70
-77
-56
-56
-58
-55
-47
-38
-40
-39
-33
-35
-19
4
-10
-10
-5
-1
-12
-13
-17
-14
-9
-4
10
1
-1
19
24
0
9
17
12
7
7
15
11
1
-10
3
-14
-16
-18
-12
8
6
21
22
19
10
12
3
7
6
-9
-1
3
-6
-6
-4
-2
0
2
-6
1
19
25
38
36
38
18
3
6
3
0
-9
2
9
12
8
21
15
3
-10
-15
-3
-11
-9
-5
-6
-20
-36
-33
-25
-15
-13
-19
-25
-17
-19
-23
-36
-52
-44
-54
-67
-57
-52
-54
-45
-49
-51
-68
-88
-95
-95
-104
-103
-116
-132
-115
-102
-100
-114
-120
-118
-124
-115
-104
-116
-119
-133
-129
-128
-136
-138
-138
-130
-130
-129
-134
-136
-140
-140
-133
-121
-114
-115
-103
-102
-103
-95
-87
-71
-69
-67
-43
-21
-19
-25
-17
-27
-21
-22
-19
-5
-2
1
4
2
-14
-6
-20
-39
-35
-59
-65
-57
-57
-51
-52
-36
-39
-25
-25
-12
-8
-11
-1
-9
-8
-2
-19
-16
5
-15
-12
1
1
4
-4
-8
5
-1
6
9
3
9
1
7
-4
-9
5
-16
-30
-32
-39
-35
-49
-57
-58
-40
-43
-57
-47
-38
-31
-18
-14
-13
-10
-13
-16
-29
-22
-24
-26
-29
-26
-23
-29
-18
-29
-26
-17
-18
-5
8
14
1
0
9
8
6
7
2
-3
-18
4
6
-6
-7
2
23
13
11
11
19
1
-6
0
-2
-9
0
2
9
6
6
18
15
5
-10
-19
-30
-40
-54
-49
-58
-82
-81
-72
-66
-66
-67
-54
-48
-52
-57
-45
-55
-58
-69
-55
-61
-73
-77
-87
-89
-103
-96
-84
-88
-73
-81
-91
-76
-72
-49
-58
-49
-32
-38
-27
-15
-6
-13
-19
-21
-12
-16
-19
-13
-6
-15
-16
12
29
17
25
31
33
35
31
51
46
35
43
37
47
44
30
35
31
46
53
61
51
61
80
62
54
49
48
35
36
23
39
48
28
55
49
27
44
62
60
70
80
78
113
84
78
95
79
71
65
68
71
81
67
61
60
51
39
50
29
20
39
13
24
21
7
-2
-12
-15
-18
-9
-18
2
8
-9
-6
2
6
4
6
-5
5
6
-2
-2
-2
-11
-24
-20
-19
-27
-17
-13
-6
-5
5
16
17
21
34
44
37
32
33
26
4
-5
-2
-11
-22
-16
-11
-22
-15
-14
-11
-10
-29
-16
-12
-35
-23
-16
-22
-23
-13
-8
5
8
4
-3
-11
-14
-27
-12
-11
-9
4
3
0
12
8
-4
-4
1
6
5
-2
2
13
-6
11
24
10
-5
-3
10
9
5
15
21
10
-7
9
21
8
8
12
8
4
9
13
22
8
15
31
30
41
42
42
53
50
47
63
61
43
46
55
52
62
70
67
75
69
71
92
87
82
79
81
92
102
98
113
120
106
101
107
105
112
125
139
144
130
136
132
133
141
144
147
151
148
134
140
148
149
142
133
117
121
113
111
114
103
107
110
114
110
107
102
90
83
87
90
82
77
88
78
63
75
60
59
54
44
52
51
41
39
41
27
18
19
28
28
20
22
27
12
12
10
14
11
5
15
22
18
35
27
36
34
34
42
38
39
26
30
37
30
21
20
30
34
32
47
41
50
54
62
57
56
76
80
81
80
78
86
86
79
70
58
45
45
50
54
70
65
63
63
65
50
49
51
48
55
52
74
83
87
85
73
66
71
80
85
85
96
86
81
89
91
96
90
89
89
86
89
95
85
94
96
97
97
88
91
85
75
58
65
61
62
65
68
54
66
66
70
75
68
92
90
73
69
76
67
61
62
49
30
26
33
35
27
42
60
55
41
45
51
50
62
60
61
60
66
61
54
48
43
51
46
49
41
55
56
54
64
65
65
66
78
74
66
53
62
57
50
47
39
35
16
28
13
7
2
-16
-9
0
-8
-15
-9
-21
-18
-19
-15
-12
-30
-45
-34
-41
-58
-58
-73
-68
-64
-56
-49
-50
-51
-54
-41
-39
-30
0
-1
3
-5
-10
-17
-22
-30
-31
-22
-17
-12
-18
-17
-12
-2
-5
10
-8
-13
-2
12
24
18
24
46
49
49
52
46
53
32
34
50
39
40
51
56
50
45
35
49
53
44
57
54
58
62
70
68
72
72
74
86
85
79
84
100
98
86
102
100
89
96
106
92
91
88
86
90
78
74
72
72
75
69
73
65
56
58
48
44
54
62
71
55
60
48
44
50
59
