-119
-117
-114
-125
-111
-106
-112
-104
-98
-91
-94
-106
-116
-114
-117
-115
-101
-79
-83
-57
-46
-49
-27
-51
-34
-19
-13
-3
5
13
20
25
25
27
25
28
40
51
36
38
46
72
92
97
117
135
144
157
164
164
173
172
175
182
183
185
210
192
181
190
182
188
174
181
181
164
162
161
146
164
167
142
152
140
118
138
124
99
117
108
104
107
106
104
88
76
70
44
43
21
-2
4
2
10
1
-16
-16
-8
-7
2
16
14
35
32
4
6
3
-7
-6
-2
3
2
-7
-13
-12
-9
1
-3
1
-2
-11
-2
6
11
7
12
11
-4
-16
-1
-15
2
-6
-16
-17
-11
-28
-42
-24
-31
-51
-55
-70
-87
-85
-99
-109
-107
-94
-88
-85
-102
-96
-106
-124
-107
-116
-111
-101
-99
-97
-79
-76
-88
-70
-66
-83
-81
-83
-85
-92
-106
-100
-94
-88
-74
-61
-46
-41
-40
-27
-15
-10
9
6
-4
0
-2
-3
-9
-2
8
10
30
35
56
56
62
67
73
78
83
77
82
102
93
111
100
104
133
116
116
114
98
96
95
97
95
104
98
91
100
87
74
86
69
39
59
50
41
56
56
46
39
36
16
23
45
31
33
29
33
31
27
19
11
21
15
6
10
15
13
16
4
-4
5
15
24
28
22
32
38
37
36
31
39
60
59
68
53
46
54
53
59
62
75
61
45
48
39
28
22
6
-7
-20
-19
-5
9
4
-15
-12
-32
-33
-30
-41
-26
-29
-34
-35
-46
-47
-40
-57
-49
-55
-51
-40
-50
-51
-34
-25
-39
-14
-19
-17
0
0
6
4
15
20
13
24
30
26
15
32
42
40
36
43
43
45
59
46
57
62
56
49
52
51
48
49
59
54
43
54
64
60
65
68
68
69
69
61
53
41
49
45
53
56
35
27
43
35
40
46
26
39
57
53
17
29
40
31
53
64
54
69
83
70
70
68
62
72
77
78
83
96
88
83
106
108
119
118
113
118
122
130
135
127
100
104
106
108
126
112
109
120
109
87
77
74
63
49
50
38
43
42
24
16
3
3
-19
-22
-10
-24
-29
-13
-5
-5
-8
-10
-17
-30
-51
-52
-64
-76
-81
-90
-76
-98
-86
-84
-97
-96
-95
-91
-101
-116
-98
-101
-105
-110
-95
-61
-74
-63
-52
-60
-62
-49
-50
-37
-27
-17
-13
-2
4
1
-6
-27
-16
0
-4
29
44
35
66
61
69
88
76
60
73
73
64
86
83
66
48
40
74
69
64
86
97
80
100
111
109
116
114
134
145
126
145
149
121
135
137
149
137
137
142
133
132
137
140
143
136
122
142
126
113
114
112
111
98
89
91
74
71
84
73
62
46
62
59
47
66
63
37
54
46
35
39
24
29
25
27
42
51
54
54
62
72
69
71
76
69
64
53
68
73
41
50
40
41
42
26
44
37
13
31
27
33
26
20
44
35
27
44
25
31
43
30
47
42
48
64
55
38
49
53
17
28
39
14
23
30
32
47
33
32
38
25
30
24
27
27
22
38
34
41
50
31
61
51
56
74
77
77
88
97
101
103
98
103
111
107
103
103
106
100
111
114
106
92
92
93
103
103
89
90
96
78
71
70
75
94
102
102
112
119
107
106
105
108
116
95
113
132
121
120
119
106
91
98
105
107
99
95
97
94
87
82
76
63
71
86
74
58
54
55
47
47
57
56
53
55
62
59
45
30
37
22
24
30
33
29
31
24
29
14
10
12
17
22
4
-3
3
4
1
9
2
-1
6
-4
-16
-14
-22
-29
-32
-20
-28
-22
-31
-35
-10
-6
5
14
22
23
10
1
-16
-13
-16
-23
-8
-12
-23
-21
-27
-32
-21
-17
-21
-24
-37
-44
-49
-37
-19
-17
-16
-32
-22
-27
-34
-25
-19
-33
-35
-32
-34
-33
-29
-44
-57
-61
-62
-67
-63
-64
-65
-59
-47
-50
-56
-39
-45
-39
-39
-44
-54
-66
-54
-53
-49
-34
-21
-11
-11
18
27
22
34
42
30
51
63
62
62
63
72
101
106
114
124
106
118
110
100
108
107
95
104
106
91
109
103
113
109
118
124
101
111
111
106
107
106
94
93
69
64
65
50
74
71
79
101
89
89
81
65
65
50
50
47
46
50
34
46
54
40
56
63
63
70
69
75
84
51
52
48
41
52
54
60
66
50
48
41
36
35
27
27
22
24
0
-12
-16
-26
-21
-36
-23
-11
-21
-18
-29
-37
-49
-61
-62
-68
-78
-87
-91
-95
-113
-115
-110
-121
-118
-119
-108
-104
-98
-92
-86
-70
-71
-78
-74
-61
-67
-71
-69
-71
-71
-76
-72
-57
-54
-67
-51
-67
-65
-45
-53
-28
-16
-19
-11
-1
-6
-25
-24
-27
-22
-21
-33
-19
-4
-11
5
18
33
50
58
69
64
83
78
75
80
75
76
79
88
100
92
91
99
109
107
103
89
106
102
86
84
77
93
100
102
108
95
94
96
81
84
78
67
73
77
80
82
69
69
64
73
86
90
103
99
103
112
112
89
86
92
99
103
85
89
100
88
80
67
70
59
46
70
68
61
55
35
26
35
29
38
52
39
48
41
31
21
9
7
-9
5
-19
-31
-55
-66
-56
-63
-68
-67
-59
-75
-60
-60
-78
-80
-75
-90
-95
-100
-102
-96
-95
-108
-125
-129
-135
-138
-139
-151
-160
-146
-161
-158
-173
-164
-149
-166
-157
-155
-165
-182
-172
-171
-165
-153
-157
-153
-129
-136
-106
-95
-103
-74
-78
-92
-86
-91
-87
-71
-54
-51
-44
-35
-34
-22
-17
-17
0
5
6
19
20
15
29
35
43
48
29
32
35
43
29
28
28
27
23
4
6
5
-2
14
18
23
23
17
20
9
12
6
12
23
12
17
3
-3
-23
-25
-16
-20
-8
-23
-29
-26
-15
-19
-14
-26
-28
-28
-34
-46
-36
-24
-38
-21
-12
-11
10
8
11
7
-3
-5
-11
-7
-18
-20
-7
-5
-12
-5
-9
-20
-12
-17
-13
-2
-1
6
19
13
10
10
5
4
-8
-5
-1
2
7
15
18
25
35
44
38
36
38
31
39
31
27
12
-6
-1
9
-1
6
2
4
-12
-21
-9
-30
-36
-27
-30
-23
-28
-27
-7
-13
-20
-17
-14
-24
-32
-35
-44
-38
-56
-49
-48
-50
-50
-49
-45
-62
-77
-67
-60
-63
-58
-76
-92
-89
-78
-81
-76
-64
-70
-88
-84
-85
-89
-85
-91
-89
-98
-107
-108
-95
-107
-119
-109
-112
-115
-121
-119
-128
-139
-126
-121
-102
-94
-100
-76
-74
-90
-93
-93
-93
-112
-111
-101
-106
-102
-93
-86
-104
-110
-100
-105
-92
-105
-89
-84
-78
-74
-82
-83
-100
-87
-64
-80
-62
-56
-54
-37
-26
-33
-25
-39
-36
-34
-31
-21
-4
20
15
21
28
34
47
46
69
74
45
64
72
78
71
88
77
70
85
90
87
76
85
71
77
57
64
57
44
50
43
30
14
12
35
22
11
10
-14
-18
-21
-30
-19
-15
-22
-30
-33
-52
-58
-48
-61
-56
-69
-66
-63
-70
-76
-76
-91
-100
-91
-72
-70
-65
-58
-59
-55
-45
-53
-65
-78
-74
-55
-58
-69
-83
-84
-93
-68
-80
-79
-88
-53
-61
-63
-71
-85
-62
-77
-81
-80
-70
-91
-81
-90
-107
-111
-122
-113
-128
-111
-117
-93
-118
-114
-63
-83
-94
-85
-84
-80
-56
-78
-60
-69
-63
-51
-49
-28
-32
-25
-33
-13
-21
-17
-30
-25
-24
8
16
9
35
-28
-18
-13
-3
12
-13
-5
-27
-1
-30
-2
-19
-15
-32
-16
-38
-44
-46
-51
-52
-54
-48
-49
-53
-61
-42
-65
-27
-32
-29
-30
-23
-21
-10
-1
12
9
25
12
28
20
38
42
34
62
30
59
17
64
57
52
48
53
56
40
80
45
116
34
92
77
66
103
89
112
72
95
106
103
94
91
70
102
69
61
54
78
29
81
74
87
54
52
63
51
90
26
60
2
51
-20
40
-35
9
-40
30
-16
20
19
-10
33
-27
77
-5
66
-35
25
-33
24
21
26
23
12
25
6
30
-22
-6
-10
2
-18
-11
-30
8
-44
-7
-23
18
-32
-11
-66
-14
-18
-46
-19
-99
-40
-151
-14
-150
-68
-131
-79
-63
-91
-60
-101
-60
-114
-62
-115
-57
-106
-116
-118
-134
-93
-100
-57
-94
-44
-86
-29
-48
-43
-11
-45
-36
-46
-13
-14
-20
-15
9
7
23
-31
15
-21
14
20
25
40
27
40
17
49
9
67
-11
70
36
68
61
77
103
89
67
67
66
93
116
116
153
128
144
160
138
144
143
131
170
183
183
182
178
189
193
168
203
164
218
183
193
190
187
179
151
169
105
146
111
136
101
105
76
74
41
36
53
20
14
19
4
14
-37
-11
-57
-59
-43
-36
-12
-49
-51
-71
-51
-103
-48
-79
-47
-81
-104
-67
-142
-131
-88
-89
-98
-30
-85
-44
-49
-121
-55
-130
-62
-42
-39
15
-55
-51
-63
-82
-27
-69
-64
-31
-37
-64
-13
-52
-51
-69
-45
-10
-45
-51
-77
-116
-84
-116
-81
-92
-73
-114
-150
-145
-147
-128
-125
-77
-144
-109
-141
-87
-5
-92
-57
-91
-98
-19
-12
-41
-66
-86
-35
-31
-28
-34
-71
-66
-30
37
48
17
33
65
41
71
73
43
44
-19
55
47
-1
5
5
-7
51
5
79
89
26
94
51
62
57
46
56
35
12
84
60
57
51
54
48
60
70
80
77
74
80
62
85
71
77
90
84
104
88
89
117
61
103
121
102
130
121
160
160
138
178
132
118
127
152
157
131
116
115
97
125
97
106
115
80
95
75
102
49
46
32
34
12
32
3
-28
-5
0
47
0
-38
-62
-98
-49
-75
-51
-78
-85
-124
-92
-118
-138
-124
-165
-113
-143
-147
-172
-163
-171
-145
-144
-93
-137
-163
-128
-162
-141
-148
-122
-147
-90
-150
-134
-121
-147
-122
-115
-125
-102
-150
-75
-116
-112
-97
-141
-112
-131
-108
-139
-123
-98
-72
-127
2
-93
-58
-59
-80
-60
-115
-38
-43
-48
-85
-2
-111
-33
-104
-80
-46
-112
-7
-62
-29
-79
-28
-74
3
-4
-5
-3
-24
38
-80
35
-7
13
53
10
5
-5
-70
69
27
51
120
28
70
30
25
37
77
95
145
154
137
140
157
112
128
120
132
150
143
191
117
159
141
159
120
178
158
126
186
177
123
114
151
60
116
74
154
132
45
89
42
18
57
58
29
24
-4
5
0
-10
-87
-56
-33
-37
1
-41
-71
-31
-35
-10
-4
-80
-59
-40
-36
-65
-11
-113
56
-135
-75
-21
-177
-44
-107
-114
-99
-123
-153
-6
-159
-107
-131
-197
-49
-167
-127
-101
-132
-211
-84
-232
-141
-134
-131
-11
-121
-139
-95
-178
-162
-125
-156
-104
-56
-61
-174
-86
-185
-73
-192
-125
-102
-158
-91
-80
-46
-144
9
-82
-42
-38
-80
-64
-39
-46
-32
10
-134
1
-72
-23
13
-81
-79
32
-17
17
22
8
58
-13
72
-15
-46
91
135
63
90
92
90
53
87
24
96
80
97
64
90
65
72
39
45
52
-64
67
21
43
92
80
-7
26
21
87
41
-47
48
60
110
0
-12
45
12
-4
54
168
-32
37
43
28
65
47
105
-22
94
1
80
-26
-9
73
11
143
-101
-94
10
5
49
27
-74
157
4
36
43
-177
32
18
74
79
-153
-1
-2
0
53
-57
-110
-83
29
-82
-162
-141
-131
-32
-37
-35
-69
-267
-55
-111
13
-118
-145
-108
-69
-104
-100
-108
-115
-48
-172
-47
-286
35
-279
33
-176
-147
-115
-69
-31
-41
-125
-152
6
-197
137
-93
11
-26
-120
136
-40
-81
-20
-235
-7
-39
-72
-16
5
-120
45
-62
-24
-4
-136
33
-94
55
108
146
-53
-79
55
-69
107
29
-142
75
66
-38
100
28
-78
65
-98
61
-17
-79
162
-79
-89
65
-35
6
-24
-55
-120
-48
26
73
-56
-43
-55
-106
3
64
-30
-63
-24
-75
10
-100
-158
-20
-20
-18
118
57
9
-10
-90
-52
-20
77
112
2
28
35
-108
28
28
-115
43
-29
17
-82
-1
-10
-76
12
-91
-14
-140
-80
-78
-129
-63
-57
-65
-50
-72
-87
-14
-131
-42
18
-154
18
-120
-93
69
-137
-2
-58
-85
8
-145
-26
-52
-108
69
-19
-65
-54
-74
39
46
-77
-42
62
-69
139
-14
-7
126
-35
178
-57
63
27
-49
35
-75
54
20
-4
-7
-23
-39
34
19
-133
61
-172
38
-89
-148
54
-35
23
-126
-24
-243
95
-108
48
-18
-162
117
-127
45
-67
-163
-138
118
-140
4
45
-241
37
-130
65
-13
-270
38
-20
-111
89
-238
-136
-107
-107
56
-176
-101
-91
-94
14
-105
-126
-68
-195
65
-124
-45
-172
25
-101
-8
-27
-59
116
-61
152
31
85
-72
145
-54
39
27
63
131
-28
78
-110
-21
183
-82
75
-7
59
200
-89
79
2
91
35
101
-54
115
115
3
102
2
24
146
-8
68
46
29
170
-157
138
122
-39
81
-66
-15
74
-116
102
-157
-176
184
2
17
85
-87
135
63
-54
125
-43
12
220
82
174
42
-43
279
83
61
5
53
164
223
2
227
10
-44
164
96
158
33
75
247
79
36
165
-90
-50
118
94
17
92
-45
5
40
-134
-42
-129
112
-19
-138
-106
168
-124
51
-20
-330
125
-144
58
-77
-289
173
64
-154
114
-220
-90
311
-273
237
-54
-170
343
-52
80
-115
-138
176
154
-65
104
-145
21
152
-40
89
-95
-35
104
89
-14
-30
-75
23
-64
-63
-9
-53
-86
87
-47
-51
-31
-204
7
93
-26
-262
37
-48
-123
94
-188
-36
-32
-61
135
-160
-188
37
-158
-73
49
-143
144
-64
-90
225
-51
69
20
-152
207
-32
51
100
-97
362
-6
55
98
-116
35
253
20
239
162
67
202
-21
322
63
104
141
194
98
143
210
167
185
253
263
49
110
179
171
362
19
319
118
188
277
41
135
148
359
35
314
28
3
111
177
372
-42
145
149
179
127
13
-9
100
341
21
386
-405
234
154
73
209
-167
65
-30
311
-94
-9
-73
199
119
64
94
-80
130
151
18
-57
-189
162
-54
254
69
-89
-121
74
0
-81
93
-149
161
-218
50
-23
-253
177
-134
7
20
-203
104
-312
-117
-106
-118
-53
-38
-47
5
-259
-207
-63
-141
-57
-79
-96
-81
-28
-75
149
-226
-87
55
-123
126
-49
-159
14
-48
-62
158
-52
15
26
-14
-12
158
-115
126
88
-9
114
-10
123
190
-65
55
94
-51
169
115
79
197
-75
251
130
-92
363
-279
4
106
154
183
-83
23
118
209
71
75
-281
-29
215
-31
267
-129
129
156
62
46
-89
-6
209
19
198
60
-51
139
152
165
65
-15
-29
242
-20
175
-67
188
103
49
46
-147
76
235
54
149
-103
-57
219
-134
168
6
73
236
12
-76
158
-139
110
45
-106
420
-44
41
72
-143
128
127
99
53
-19
137
-88
14
131
27
122
-10
90
38
-55
100
-101
37
74
-12
251
76
-130
105
-73
5
209
-140
222
-124
-183
221
-91
44
-67
-143
111
-144
-99
129
-283
-3
90
-217
51
-147
-223
224
-306
210
-103
-104
98
-176
76
-113
61
44
14
-75
164
-26
31
-4
191
88
-100
188
-24
-274
269
26
62
142
0
180
-92
9
179
-106
65
318
-370
12
11
52
243
-181
222
-197
-39
71
-46
-104
6
21
129
135
-269
-68
-152
-67
188
-78
229
-140
-72
54
-160
-78
43
-52
121
63
-183
122
-210
183
47
-39
264
-59
49
90
-28
134
252
87
379
-59
77
312
-170
530
77
52
389
-95
206
54
2
202
-58
96
147
-208
469
-46
58
135
-103
172
150
-170
-13
320
-81
664
-136
107
50
-38
77
-17
-29
68
379
-265
159
102
-70
286
-40
49
66
-20
100
210
-63
32
294
-205
398
-99
68
371
-231
187
311
75
217
110
-80
227
52
123
330
-98
99
374
-79
414
84
-35
204
94
189
326
-306
52
195
-32
361
75
-98
73
-78
222
91
-149
-75
-234
350
-43
200
-266
-208
-201
-410
122
-98
-187
48
28
-60
116
-291
-53
-184
-319
-17
-82
139
-157
69
32
-57
18
101
-131
-193
-41
-222
244
-127
299
14
-82
-97
-137
160
1
59
39
13
-25
111
-111
-31
74
-206
219
60
-191
260
-344
233
31
-130
182
-221
11
133
134
-29
220
-204
-17
72
-219
-55
178
-50
320
-124
145
205
-121
352
-146
198
46
367
-216
215
189
93
394
-97
194
111
37
280
100
57
186
153
32
376
-104
39
243
-267
616
-171
429
112
-270
447
-82
164
7
-124
10
109
162
5
-37
53
-183
-94
-92
-40
-57
-421
482
-217
175
-86
-113
-40
-402
-35
-388
160
-225
59
31
-111
-97
-27
-51
93
-152
-147
173
-178
35
256
-66
9
-59
-228
84
129
-132
-94
111
-232
279
-347
137
65
-384
448
48
-85
178
-145
81
305
-242
473
-52
-102
156
-258
377
-187
181
109
102
58
127
-114
17
206
-103
48
-214
87
114
12
286
-201
-170
265
-25
327
-295
66
64
-88
312
78
-83
108
-149
176
-113
24
73
-117
280
-266
188
-23
11
44
-78
-243
140
-65
-63
326
-492
309
-246
194
173
-261
-3
-305
140
-23
230
-40
275
-380
48
67
12
174
-108
165
-215
-110
147
-98
-70
143
-121
231
-94
134
-379
-160
20
-189
196
108
-231
17
-144
-173
81
-488
210
-271
32
155
43
-247
42
-5
-17
1
-123
300
-222
55
58
-261
170
24
276
-126
-190
80
-73
36
180
-40
-45
198
186
-15
235
-25
180
292
-149
431
-555
494
92
-216
477
-264
372
330
-306
330
-90
8
566
-142
-40
-6
-174
504
-164
31
284
-227
164
-146
155
-221
190
-16
531
-55
-146
261
-520
451
-253
59
208
-236
334
-168
93
83
-218
107
28
-313
95
-173
44
-137
-129
550
-233
97
77
-489
363
-180
34
187
-484
361
-56
-91
314
-136
-71
460
-401
334
-272
-28
369
-237
258
-75
-160
61
400
-604
443
-296
95
417
-779
495
-370
159
146
-330
211
-342
175
202
-55
134
-248
38
-85
34
-152
37
-19
-112
48
-122
324
-288
-300
220
-250
-13
256
-176
202
-243
-150
428
-304
-144
62
-256
466
105
238
-149
-69
-49
260
-474
261
62
13
506
-190
116
-186
92
149
190
-194
395
-90
291
576
-481
249
134
-410
586
-250
377
153
-474
642
253
58
251
-304
304
69
255
9
106
-18
-87
590
-413
665
-539
144
112
-371
307
127
220
135
154
-52
216
-99
78
-103
-149
384
45
194
-136
189
-337
317
190
-109
224
-140
282
-218
-15
51
266
360
320
-256
-95
102
-2
236
-245
18
74
258
237
65
-403
-68
-9
-196
370
-209
-120
-14
-72
76
-338
196
-264
222
217
-78
-61
-231
-116
-275
-10
10
-229
32
-100
-20
-390
-4
-207
108
3
-136
59
-343
-53
-224
103
-135
-15
-139
83
-182
-112
-117
-59
-319
407
210
-327
542
-516
36
-38
-257
7
-12
-34
292
44
-59
115
7
-2
275
-44
-89
349
-160
-270
97
-163
370
-64
-11
251
-385
-1
352
103
16
94
90
176
-45
106
-94
143
232
181
366
-89
-97
-80
-122
616
-161
159
649
-325
237
83
3
412
-82
473
133
17
485
-224
319
230
168
65
146
175
-23
-4
148
332
312
65
141
-105
14
133
82
459
-187
-21
224
-29
189
-192
8
333
-529
388
-127
-166
53
-179
293
21
-110
-280
92
-261
167
216
-312
112
-278
23
47
-275
100
80
64
-192
20
-478
135
-259
183
-13
-594
213
-458
26
-52
-331
112
-287
-74
-41
-400
-68
231
-217
6
92
-474
78
-560
189
-347
-465
292
121
-108
180
28
-314
159
-384
27
-312
48
0
-169
86
42
-225
-184
86
-422
-110
48
-112
48
-137
-139
195
-116
145
-158
-337
5
-192
-10
2
-130
-57
-158
176
-175
-162
61
-130
228
161
128
-94
-142
51
130
-38
-143
302
-287
578
-221
77
1
-346
397
-315
223
116
286
12
-84
-146
-320
244
-149
195
-173
-165
888
-205
-99
56
-280
183
172
100
-198
28
209
80
-307
370
-263
-12
284
-36
-6
-176
-52
219
-193
61
230
-241
256
5
-246
-228
-307
-29
326
131
205
-414
-191
-167
-59
-178
135
-49
99
-54
-292
-315
-386
-131
113
165
32
-145
-191
-290
-313
-329
102
-55
-362
405
-455
-104
50
-435
242
-472
-159
116
-497
-82
-75
-503
56
-24
-299
321
-801
162
32
-534
122
-339
113
-212
-11
-19
-150
-303
-44
-324
-505
-274
-67
-176
-92
-335
-241
-114
-415
176
-408
-620
-78
-532
70
-90
-167
-25
-161
-232
16
-116
12
-304
-542
133
-413
25
86
-113
-76
-273
-32
122
-350
-102
-314
45
-83
144
-248
-8
-365
-331
324
-409
-66
-253
131
29
-45
-258
1
-20
-298
197
-111
-231
35
-25
206
-342
-448
-23
-56
400
192
110
-241
-191
-78
-125
42
-145
-243
545
23
157
-134
-455
-215
-121
22
442
21
43
84
-70
-159
169
-217
210
269
-177
484
-228
283
-287
95
299
-81
368
-28
-42
8
-216
301
-78
137
-142
-319
230
95
69
310
-221
-216
-28
-40
-181
-281
81
-321
-3
71
18
-140
-251
126
16
-60
359
-160
-384
-407
-517
229
141
-386
107
-712
-27
-38
-293
46
-286
-144
-49
-172
-129
-139
-435
146
-487
-40
25
-428
74
-533
-270
152
-382
179
-63
-545
66
-222
-363
102
-390
108
-133
-709
408
-355
-103
-223
-301
-371
139
-54
-101
30
-456
-66
-249
-193
239
-385
-258
314
-302
137
-102
-318
146
-238
133
-152
26
21
-173
179
-323
338
-313
470
85
-407
134
-100
144
28
-89
22
201
-293
288
-154
193
20
-56
386
-305
257
-78
-58
-30
-46
140
79
212
13
-51
67
54
-332
465
376
341
272
-147
-104
95
-244
65
27
256
285
474
532
-372
-308
110
64
-8
464
351
112
-171
179
21
-163
139
470
-284
242
42
-276
214
-403
17
-223
-32
199
-152
-55
118
-571
-258
-135
-455
-44
45
105
120
336
-233
59
-212
-571
402
-374
606
-283
92
346
-622
452
-360
-185
-54
170
90
-34
-210
56
-337
307
-78
-324
-65
-407
5
99
-151
-58
-448
-287
54
-514
508
-575
-32
-319
-228
-321
-103
-262
-304
122
-332
300
-624
-43
155
-647
31
89
-611
203
-74
-60
-80
-91
267
-157
-78
-130
53
-279
35
-19
-379
-63
307
-217
-305
37
-158
114
-261
36
-197
-167
155
-110
110
-360
-44
-139
-78
251
-320
35
-15
-63
-286
1
-422
148
-191
133
-34
-642
69
85
55
51
99
-357
102
176
-107
275
-511
583
-30
73
140
-83
15
-310
645
-394
390
-57
108
-29
75
110
-334
469
-237
685
-461
431
-248
-351
207
107
-12
-99
356
324
185
-195
-129
-125
-88
163
336
-232
637
-83
125
202
-272
-6
203
-292
408
81
-91
796
-40
-104
537
-370
393
-13
5
380
-330
245
248
139
119
275
-505
556
159
-146
-68
-155
155
62
141
127
-74
-130
485
-191
179
-229
21
-120
70
13
-204
-170
194
-179
-59
-2
-446
316
-11
71
-67
-99
-58
268
-78
18
16
38
224
12
-104
136
-157
22
433
-425
134
-4
54
260
-209
133
177
-408
267
7
-38
-73
43
-91
102
-139
-16
142
-209
330
-315
250
-130
-23
92
-420
129
-228
-310
778
-602
333
-347
-244
426
-277
104
-50
-49
52
25
-381
406
-181
109
66
-92
101
41
37
-77
160
56
252
193
154
-373
-393
289
-550
215
22
495
419
-195
-161
-550
50
138
426
-338
415
-46
162
245
-72
-131
-246
265
64
450
-474
283
205
-390
779
-450
562
-187
-441
576
-536
540
-7
98
75
115
-428
341
-250
202
427
-561
233
-169
188
107
-200
-197
282
-205
632
90
-221
-26
-305
803
-226
-234
387
-193
160
498
-314
411
-504
232
336
-445
433
121
152
165
-11
-100
198
-365
640
-345
351
-126
202
193
21
138
-586
578
-507
99
557
-225
323
-162
-25
153
-252
236
-211
-214
-87
240
-26
399
-491
407
-204
439
-81
-299
-73
-556
706
-583
462
-526
532
-196
-132
-299
-324
-300
209
79
-192
-141
-64
-62
0
24
-264
10
-168
-16
-130
-135
-7
70
171
-136
-62
255
-141
31
-385
254
-266
173
213
47
-206
263
-72
264
-466
460
-37
-283
337
-233
-26
292
-152
-87
520
-262
463
-582
-12
261
-203
140
503
-596
391
493
-158
222
-192
203
-61
372
-9
323
-276
507
56
154
240
-20
64
-161
481
-29
49
590
58
-93
414
-33
346
202
211
374
-304
474
83
41
118
34
790
-55
192
160
-32
505
-156
646
-309
429
-487
870
-172
-100
75
-182
520
130
212
-42
-441
85
494
-204
183
-349
-182
366
-45
186
-509
74
382
-488
551
-725
288
-478
102
-67
-13
-206
-92
165
-376
232
-561
228
-355
-346
269
-330
-294
-73
-218
-6
-149
-116
-299
-313
144
-237
-445
-66
-566
18
-265
-30
-92
-599
103
60
-306
-54
-415
-93
4
200
-434
-185
-256
-82
369
-298
201
-812
266
-224
339
-594
197
-443
423
-188
-382
542
-994
309
-246
136
-58
-164
-186
202
-390
332
45
-751
138
271
-415
230
-261
131
238
152
-145
-200
-589
773
49
18
101
-110
300
-80
68
-8
-74
239
144
435
-126
120
311
-198
455
-105
364
-405
210
244
137
-116
181
136
159
657
-581
301
-207
-70
596
-231
28
-140
232
282
166
-337
207
-579
-129
785
-626
642
-565
102
181
-4
325
-235
-179
73
-341
56
-185
-168
341
-290
321
-23
-191
207
-566
-147
-394
-156
566
-191
-263
683
-549
141
-7
-724
435
-814
226
224
-433
430
129
-349
34
-335
-217
202
-371
178
47
-176
93
-285
103
-180
-5
-276
72
-587
31
-135
-1
-418
193
-282
-321
-158
-161
113
-672
287
-451
-97
-336
77
6
-389
-85
-480
-57
28
-204
18
-269
-30
355
-459
278
-908
75
-142
199
-304
234
-313
-74
-145
-292
243
-156
207
-242
-5
-269
-141
158
132
-43
-82
-115
-133
-302
270
-405
10
432
185
-117
63
-410
-152
157
-32
81
-367
403
308
-635
176
26
-256
590
-37
232
-406
-45
290
-16
-1
461
-295
223
-171
23
269
-368
500
-160
-217
576
-340
30
224
-120
424
-107
-105
354
-367
139
319
-217
246
306
10
-143
-182
-282
595
120
343
71
-177
131
544
-413
605
-131
-329
1026
-581
417
100
-331
176
408
-206
1049
-606
5
589
-998
702
-19
-90
580
-322
-6
136
-513
353
-424
-36
347
-205
-31
437
-595
144
-382
-42
37
-269
193
-196
-90
-9
-212
-309
-361
-622
245
-13
141
33
-180
361
-136
-316
-186
-83
160
116
-171
92
-335
82
-160
132
-264
199
-104
186
131
-500
551
-206
-66
37
-321
296
-327
-22
466
-486
260
-43
-186
-86
-238
-10
13
199
98
92
-195
-22
-143
-180
96
-274
-43
48
-163
61
-19
0
-26
-254
203
19
131
-75
-152
60
76
360
-190
293
-296
-31
161
263
-109
57
162
-38
-30
154
334
-29
168
21
97
11
93
-158
153
58
357
-36
428
-252
109
5
-171
287
-50
384
51
132
-28
114
-84
-203
78
106
591
131
-4
-83
-130
-106
147
-854
-890
222
201
896
616
530
253
175
87
73
-869
9
212
409
991
-59
665
40
-129
355
-45
-86
391
17
-3
326
15
449
322
-278
194
-662
16
166
-285
541
-96
88
118
-307
45
-163
-511
373
-224
-82
-7
-679
42
-149
-223
-3
-356
-596
-289
-517
-506
-42
-677
-144
8
-242
-107
-386
-646
62
-356
-23
146
-407
117
-157
-149
-122
-352
161
-103
171
-74
151
86
-169
-19
-42
315
65
188
184
185
156
423
97
220
254
234
358
267
463
218
205
602
166
609
268
596
638
383
664
530
403
354
736
-214
-168
223
524
452
389
431
399
312
431
301
-608
300
14
391
353
121
24
-23
69
-114
-441
-119
-359
-195
-122
-97
-439
-535
-194
-427
-349
-872
-539
-633
-491
-425
-734
-803
-627
-655
-466
-706
-759
-561
-433
-244
-389
-391
-147
-487
25
-496
-356
-361
-108
-57
169
95
171
398
318
669
183
185
532
601
608
1019
570
1079
888
904
1048
833
1128
1569
1344
2003
1670
1783
1756
1809
1760
1762
1765
1942
1782
1727
1753
1227
1125
576
538
97
-108
-474
-588
-893
-946
-1147
-1029
-1172
-1218
-1164
-1335
-1272
-1340
-1394
-1524
-1600
-1839
-1826
-2000
-2080
-1909
-2228
-1886
-1985
-1980
-1865
-1874
-1700
-1794
-1785
-1485
-1729
-1190
-1009
-1413
-629
-978
-565
-458
-774
-663
-374
-561
97
86
396
733
582
755
1128
1278
1562
2192
2275
2820
3124
3544
3607
3657
4012
4131
4324
4508
4437
4810
4309
4625
3771
3148
2639
1945
1444
622
-218
-767
-1162
-1622
-1739
-2081
-1842
-1746
-1620
-1627
-1280
-1027
-809
-812
-1147
-1180
-1603
-1761
-1960
-2297
-2286
-2320
-2249
-1922
-1713
-1284
-948
-789
-626
-404
-411
-447
-694
-1082
-1314
-1735
-2363
-2732
-3175
-3170
-3167
-3109
-2716
-2419
-1780
-1257
-715
-455
68
146
379
319
127
6
-390
-81
-408
-96
77
63
311
370
1052
1111
1376
2371
2284
3251
3467
3596
3704
4268
4286
4532
4631
4810
5070
5189
5236
4891
3977
3490
2824
2102
1788
557
-59
-877
-1365
-1971
-2436
-3023
-3087
-3011
-2905
-2959
-2675
-2306
-1896
-1636
-1704
-1591
-1527
-1423
-1404
-1600
-1594
-1621
-1477
-1286
-1140
-767
-367
-54
147
371
564
724
297
-26
-468
-1101
-1650
-2287
-2923
-3448
-4041
-4134
-4200
-3831
-3088
-2473
-1705
-1208
-464
154
366
595
613
762
697
595
1194
1012
1344
933
781
761
1161
1789
2797
3056
3571
4084
4458
4850
5022
5472
5779
6119
6436
6618
6219
5771
5601
4819
3989
3056
1919
1288
-229
-1103
-2147
-2822
-3246
-3750
-4142
-4292
-4078
-4121
-3987
-3880
-3360
-2919
-2653
-2614
-2528
-2362
-2255
-2304
-2338
-2281
-2034
-1776
-1586
-1200
-675
-6
497
651
867
1132
1237
939
345
-230
-934
-1808
-2699
-3593
-4271
-4889
-5488
-5698
-5585
-4792
-3848
-2822
-1799
-849
269
962
1400
1737
1676
1663
1611
1326
1621
1727
1987
2323
2043
2631
2649
3069
3666
3843
4744
5230
5947
6814
7064
7610
7913
7844
7826
7219
6892
6246
4717
3386
1783
741
-458
-1831
-3112
-4044
-4466
-4932
-5307
-5437
-5108
-4730
-4357
-4343
-4032
-3510
-3148
-2824
-2918
-2824
-2606
-2567
-2477
-2433
-2251
-1676
-1185
-870
-340
225
970
1384
1438
1739
1743
1729
1152
404
-338
-1247
-2318
-3509
-4559
-5361
-5926
-6295
-6268
-5897
-4767
-3596
-2239
-847
479
1864
2529
2983
2870
2855
2846
2386
2037
1840
2241
2757
3132
3322
3406
3742
4428
4682
5166
5668
6488
7101
7634
7982
8345
8507
8078
7573
6623
5445
3804
2068
245
-1078
-2715
-4191
-5678
-6642
-6977
-7338
-7486
-7472
-6853
-6126
-5503
-5041
-4558
-3994
-3442
-3178
-3266
-3246
-3167
-2965
-2941
-2881
-2388
-1717
-927
-231
453
1292
2071
2465
2661
2735
2684
2328
1483
596
-533
-1629
-2893
-4331
-5440
-6361
-6609
-6778
-6619
-6084
-5123
-3642
-2192
-695
882
2252
3405
4014
4108
4039
3555
3391
2880
2541
2671
2688
3284
3717
4264
4833
5170
5533
5849
6307
6839
7326
7644
8011
8543
8695
8403
7595
6307
4700
2922
857
-885
-2690
-4248
-5640
-6956
-7820
-8500
-8607
-8571
-8202
-7595
-6782
-5984
-5034
-4118
-3516
-2834
-2530
-2301
-2227
-2079
-1925
-1755
-1525
-1043
-358
550
1293
1981
2883
3397
3829
4044
3948
3774
3028
2161
953
-617
-1989
-3685
-5121
-6456
-7608
-8052
-8290
-8115
-7515
-6554
-5046
-3462
-1658
141
1732
3198
4154
4554
4726
4402
4058
3474
2773
2642
2495
2608
2852
3336
3949
4500
5055
5368
5630
6097
6487
7040
7203
7418
7705
8078
8072
7350
6216
4221
2662
763
-684
-2415
-4233
-5463
-6825
-7376
-7956
-8093
-7898
-7449
-7057
-6402
-5763
-4746
-3596
-3098
-2320
-2235
-2002
-1733
-1718
-1483
-1405
-1003
-526
77
924
1793
2539
3344
3807
4150
4399
4315
4068
3299
2415
1344
7
-1531
-2983
-4416
-5532
-6936
-8071
-8459
-8759
-8148
-7645
-6695
-5720
-4360
-2450
-873
482
1792
2879
3669
4135
4075
4282
3930
3640
3157
2614
2614
2679
2703
2449
2561
2945
3514
3984
4433
4916
5537
6072
6645
6819
7125
7811
8275
8063
7181
5549
3744
2506
1012
-324
-2428
-3820
-5004
-6021
-6648
-7416
-7363
-7080
-6682
-6286
-5655
-5038
-4002
-3558
-3385
-3067
-3136
-2544
-2490
-2409
-2303
-2135
-1355
-691
111
1081
2071
2827
3565
3912
4648
5057
4845
4367
3176
2299
1142
-377
-1845
-3294
-4556
-5471
-6680
-7339
-7299
-6974
-6113
-5896
-4957
-3727
-2164
-297
793
1685
2502
3205
3770
3852
3698
3753
3125
2563
1891
1503
1598
1564
1544
1229
1213
1764
2172
2687
3142
3555
4311
4626
5212
5524
6264
6939
7509
7407
6835
5545
4008
3243
1861
964
-1100
-2635
-3689
-4705
-5423
-6401
-6702
-6753
-6492
-6491
-6103
-5728
-4748
-4053
-3871
-3427
-3445
-2667
-2337
-2213
-1971
-1724
-902
-54
585
1482
2495
3376
4246
4562
5226
5657
5616
5157
4110
2985
1946
425
-1092
-2698
-4157
-4999
-5941
-6655
-7192
-6950
-6283
-5631
-5229
-4100
-2930
-1638
-510
-186
588
979
1625
1836
1412
1304
1093
880
557
305
516
754
827
955
820
1292
2055
2493
2990
3161
3815
4264
4703
4927
5624
6507
7699
8865
8934
8746
7005
6467
5298
4100
2299
-183
-1620
-3456
-4658
-6301
-7242
-7596
-7289
-7277
-7132
-6591
-5701
-4353
-3836
-3111
-2861
-2263
-1674
-1636
-1663
-1744
-1315
-707
-130
354
1437
2560
3641
4478
5120
6204
6640
6502
5776
4673
3638
2226
429
-1481
-3407
-5057
-6115
-7467
-8183
-8423
-7964
-7134
-6791
-5664
-4394
-2788
-1403
-722
-208
372
789
1040
680
266
98
-334
-665
-989
-703
-234
272
660
932
1503
2345
3111
3520
3850
4144
4628
4737
5022
5249
6053
7082
8299
9269
9320
8508
7009
6385
5201
4084
1686
-506
-2094
-3763
-5055
-6847
-7585
-7728
-7567
-7438
-7233
-6635
-5436
-4340
-3734
-3156
-2904
-1958
-1393
-1366
-1564
-1656
-924
-269
274
954
2108
3168
4144
4617
5392
6232
6337
6011
4808
3762
2485
856
-995
-3040
-4903
-6363
-7514
-8455
-8817
-8751
-8006
-7422
-6747
-5480
-4057
-2443
-1506
-888
-276
79
332
371
144
88
-145
-383
-509
-456
297
951
1443
1888
2270
3033
3709
4183
4646
4795
5178
5390
5365
5612
5933
6882
7730
8614
9144
8962
7569
6590
5740
4774
3353
729
-980
-2876
-4242
-5793
-7451
-8011
-8200
-8069
-7837
-7585
-6718
-5228
-4396
-3463
-3155
-2651
-1452
-1161
-976
-1284
-1063
-82
426
864
1514
2377
3479
4167
4446
5367
5729
5764
5077
3746
2789
1363
-172
-2068
-4166
-5773
-6945
-8064
-8662
-8951
-8547
-7620
-7181
-6172
-4888
-3358
-1783
-1175
-555
44
400
776
608
491
580
262
190
-35
228
1043
1480
1953
2106
2530
3427
4076
4514
4770
4804
5302
5232
5329
5393
6064
7043
7989
8869
8932
8575
7078
6604
5495
4529
2552
232
-1415
-3435
-4913
-6810
-7992
-8455
-8464
-8381
-8012
-7502
-6350
-5008
-4261
-3286
-2972
-2112
-1381
-1273
-1371
-1498
-924
-259
167
571
1490
2402
3500
4178
4935
5840
6012
5879
4972
3790
2606
1002
-846
-3021
-5109
-6553
-7624
-8667
-9221
-9293
-8666
-7797
-7100
-5787
-4301
-2667
-1348
-555
169
783
1296
1486
1300
1092
853
533
338
276
658
1259
1742
2186
2601
3241
4134
4722
5114
5269
5545
5795
5924
6009
6261
7018
7905
9070
9482
9157
7706
6757
5915
4819
3024
443
-1430
-3397
-5003
-6908
-8376
-8873
-8879
-8694
-8636
-8316
-7341
-5912
-4935
-4046
-3722
-3054
-2167
-1950
-1978
-2242
-1685
-853
-322
170
1063
2268
3494
4387
5050
6097
6574
6558
5790
4514
3323
1679
-235
-2413
-4698
-6519
-7718
-8977
-9601
-9950
-9350
-8324
-7623
-6098
-4515
-2503
-786
107
1080
1762
2201
2537
2097
1859
1575
1118
957
532
868
1494
1930
2546
2843
3537
4485
5223
5870
6105
6393
6741
6778
6828
6858
7283
8184
8980
9217
8152
6279
5216
4311
3357
1308
-1106
-2785
-4466
-5878
-7677
-8991
-9194
-9145
-9072
-9002
-8798
-7590
-6257
-5462
-4795
-4601
-3771
-2706
-2442
-2395
-2396
-1626
-548
-92
671
1837
3125
4382
4956
5616
6652
7087
6976
6050
4636
3416
1681
-238
-2351
-4823
-6381
-7872
-8967
-9660
-9967
-8954
-8037
-7054
-5621
-3858
-1715
-96
851
1700
2213
2702
2817
2311
2059
1627
1257
784
389
913
1475
2148
2638
3106
3941
4894
5823
6372
6550
6774
6895
6778
6638
6555
6820
7476
8261
8153
6985
5077
4386
3732
2698
756
-1613
-2930
-4471
-5922
-7674
-9023
-9167
-9139
-9250
-9221
-8947
-7717
-6228
-5405
-4600
-4168
-2995
-1626
-1323
-1185
-1014
-142
897
1170
1735
2808
3934
4918
5228
5729
6616
6932
6685
5719
4407
3268
1624
-290
-2472
-4828
-6465
-7902
-9216
-10093
-10289
-9601
-8707
-7939
-6572
-4616
-2567
-805
237
1102
2025
2742
3124
2825
2526
2407
1940
1419
1112
1463
2132
2590
2823
3268
3955
5012
5832
6154
6490
6529
6865
6757
6672
6828
7087
7839
8281
7887
6084
4534
3767
3218
1853
-687
-2552
-4094
-5265
-6797
-8579
-9254
-9282
-9118
-9030
-9045
-8166
-6547
-5358
-4305
-3902
-3342
-1999
-1249
-953
-1222
-1063
-88
441
726
1323
2224
3461
4143
4421
5332
6055
6464
6131
4957
3926
2651
928
-857
-3185
-5218
-6787
-8485
-9487
-10414
-10138
-9205
-8617
-7490
-6089
-4001
-1743
-206
1080
2034
2941
3948
4048
3962
3781
3436
3002
2078
1765
2047
2306
2618
2555
2761
3488
4323
5065
5393
5636
6135
6300
6395
6565
6768
7562
8181
8651
7937
6044
4853
4064
3233
1608
-985
-2611
-3973
-5231
-6616
-8245
-8553
-8393
-8296
-8079
-7915
-6773
-5170
-4290
-3544
-3275
-2787
-1623
-1312
-1445
-1785
-1777
-967
-700
-420
428
1421
2602
3334
3793
4967
5792
6082
5786
4615
3674
2326
492
-1374
-3690
-5583
-7392
-9061
-10139
-10618
-10088
-9237
-8451
-7311
-5364
-3060
-828
862
2083
3332
4247
4790
4818
4398
4083
3511
2514
1597
1123
1328
1555
1500
1648
2039
2881
3938
4590
5152
5581
5967
6333
6378
6733
7145
7742
8399
8133
6712
4782
3837
3319
2419
330
-1792
-3083
-4169
-5033
-6575
-7470
-7381
-7208
-6922
-7104
-6731
-5445
-4446
-3810
-3652
-3707
-2878
-2099
-2004
-2334
-2700
-2032
-1454
-1318
-717
172
1524
2498
2829
3693
4698
5454
5648
4920
4007
3083
1623
29
-2061
-4142
-5568
-7189
-8385
-9430
-9572
-8574
-7840
-6873
-5538
-3660
-1350
448
1800
2846
3628
4398
4491
4049
3677
3123
2492
1446
605
585
706
1085
1186
1388
2035
2818
3865
4534
5095
5782
6124
6356
6516
6945
7681
8478
8944
8267
6446
5121
4598
4071
2857
585
-1061
-2374
-3552
-4796
-6380
-6903
-6958
-7061
-7207
-7420
-6645
-5384
-4678
-4235
-4284
-4052
-3076
-2654
-2772
-3116
-3110
-2404
-2156
-1974
-1194
-133
1118
1775
2225
3334
4407
5058
5077
4382
3703
2763
1125
-497
-2548
-4233
-5599
-7303
-8370
-9091
-8711
-7816
-7299
-6212
-4634
-2644
-611
757
1918
2952
3652
4186
3865
3465
3280
2759
2037
925
587
873
1056
1350
1542
2077
2938
3811
4667
5298
6052
6657
6937
7014
7243
7804
8524
9191
8930
7433
5715
4905
4465
3675
1718
-249
-1577
-3010
-4148
-5775
-6760
-6905
-7251
-7409
-7948
-7709
-6481
-5610
-5020
-4935
-4935
-4101
-3327
-3157
-3199
-3346
-2754
-2368
-2441
-1795
-916
350
1270
1519
2385
3491
4372
4861
4559
4059
3512
2285
955
-763
-2647
-3801
-5434
-6641
-7602
-8019
-7171
-6978
-6262
-4990
-3609
-1523
-176
1130
2378
2996
3987
4053
3704
3695
3185
2871
1891
1128
1321
1222
1523
1541
1670
2537
3080
3967
4639
5248
6184
6580
6933
7061
7390
8050
8770
9242
8647
6791
5315
4685
3996
2944
598
-1098
-2475
-3918
-5067
-6869
-7381
-7503
-7773
-7913
-8394
-7770
-6414
-5608
-5078
-5052
-4902
-3743
-3261
-3204
-3306
-3344
-2524
-2470
-2354
-1543
-579
786
1509
1969
3117
4163
5024
5401
4942
4514
3832
2480
1177
-927
-2755
-3985
-5827
-6802
-7938
-7935
-7182
-7205
-5935
-4809
-3119
-1081
63
1640
2522
3200
4086
3652
3479
3239
2594
2262
1018
812
923
786
1342
1243
1916
2774
3449
4492
4960
5817
6589
6875
7082
7197
7493
8196
8742
8928
7887
5814
4914
4043
3486
2014
-338
-1507
-3129
-4131
-5613
-7115
-7232
-7581
-7696
-8075
-8411
-7420
-6234
-5566
-5059
-5246
-4618
-3389
-3139
-2888
-3079
-2649
-1869
-2054
-1634
-905
163
1373
1770
2306
3468
4290
5058
5176
4547
4317
3229
2043
671
-1540
-2910
-4544
-6109
-7009
-8117
-7632
-7243
-7101
-5635
-4641
-2702
-1011
-6
1751
2344
3303
3905
3351
3566
3031
2592
1991
828
1056
897
885
1271
1201
2139
2863
3627
4620
5063
5984
6650
6733
7010
7130
7601
8334
8570
8792
7434
5572
4815
3782
3284
1551
-557
-1623
-3296
-4206
-5719
-7102
-7177
-7655
-7827
-8131
-8483
-7424
-6417
-5739
-5051
-5212
-4293
-3210
-3018
-2762
-3065
-2575
-1890
-1949
-1404
-643
318
1558
2000
2701
3917
4642
5488
5433
4833
4519
3420
2247
773
-1329
-2885
-4491
-6084
-6884
-7854
-7529
-7143
-7048
-5532
-4570
-2759
-1167
-205
1441
1976
2823
3346
2907
2999
2466
1898
1316
294
507
394
282
737
752
1722
2469
3354
4437
4979
5905
6487
6686
7028
7226
7539
8090
8314
8477
7291
5376
4589
3654
3076
1556
-684
-1751
-3231
-4152
-5504
-7076
-7262
-7638
-7846
-8094
-8438
-7504
-6426
-5876
-5222
-5325
-4550
-3348
-3138
-2857
-3071
-2584
-1759
-1676
-1134
-405
588
1724
2247
2846
3970
4800
5533
5466
4773
4416
3406
2242
722
-1253
-2750
-4323
-5717
-6757
-7462
-7329
-7000
-6738
-5856
-4613
-3182
-1618
-628
461
1298
1890
2413
2191
2036
1777
1253
665
50
-24
181
219
482
805
1446
2442
3338
4170
4785
5305
5911
6119
6205
6314
6600
7017
7651
7916
7769
6518
5162
4926
3788
3124
918
-877
-1777
-3575
-4491
-6470
-7405
-7547
-8177
-8285
-8539
-8272
-6896
-6191
-5509
-4860
-4674
-3149
-2537
-2354
-2238
-2401
-1504
-1314
-1090
-591
127
1196
1949
2413
3386
4527
5345
5519
5127
4819
4379
3410
1919
315
-1456
-3034
-4408
-5908
-6956
-7256
-7260
-6817
-6923
-5900
-4675
-3209
-1773
-956
241
902
1530
1852
1627
1580
1367
904
323
-104
89
306
413
746
1074
1847
2792
3575
4310
4693
5386
5713
6001
6100
6240
6763
6983
7767
7888
7846
6526
5471
5004
3767
3126
767
-426
-1842
-3515
-4679
-6708
-7182
-7608
-7897
-7824
-8008
-7543
-6290
-5757
-4831
-4360
-4058
-2683
-2579
-2342
-2472
-2531
-1652
-1567
-1188
-718
-12
1052
1897
2574
3776
4942
5465
5904
5223
5064
4385
3113
1972
-20
-1688
-3469
-4918
-6176
-6851
-7356
-6997
-7113
-6852
-5399
-4458
-2495
-1766
-628
571
951
1768
1788
1675
1699
1084
625
140
-198
396
266
485
882
1121
2359
2903
3691
4314
4414
5262
5267
5587
5662
5867
6491
6822
7608
7905
7900
6686
5664
5007
4008
3448
1319
-56
-1661
-3373
-4464
-6316
-6962
-7239
-7575
-7490
-7603
-7339
-5961
-5463
-4552
-4218
-4133
-3027
-3009
-2864
-3058
-3204
-2465
-2162
-1787
-1159
-339
881
2076
2862
4048
5196
5739
6220
5572
5206
4473
3139
1737
-139
-2062
-3690
-5157
-6608
-6912
-7656
-6987
-6985
-6569
-4783
-4026
-2022
-1249
-249
1014
1088
1739
1767
1217
1327
435
-9
-387
-991
-141
-400
53
698
828
2402
2815
3710
4425
4384
5374
5160
5268
5324
5210
5885
6174
6892
7548
7756
7124
5956
5595
4876
4630
2710
938
-404
-2360
-3099
-5150
-6288
-6621
-7350
-7136
-7442
-7656
-6144
-5827
-4955
-4522
-4915
-3592
-3475
-3292
-3208
-3830
-2730
-2264
-1918
-1110
-561
951
2238
2897
4043
5227
5826
6470
5727
5311
4809
3426
2244
513
-1420
-2767
-4365
-5828
-6080
-7100
-6249
-6198
-6018
-4254
-3939
-1698
-914
-362
1078
749
1585
1508
632
1012
-170
-411
-768
-1693
-533
-764
-98
712
635
2415
2747
3613
4422
4189
5255
4981
5021
5230
4967
5742
5965
6648
7881
7966
8532
6937
6679
6206
5158
4545
1522
756
-1409
-2820
-4173
-6546
-6812
-7459
-7850
-7605
-8407
-7545
-6619
-6438
-5497
-5870
-5241
-4324
-4574
-4101
-4536
-3869
-2821
-2488
-1552
-838
647
1919
3254
3942
5292
6120
6381
6606
5638
5430
4336
2853
1387
-603
-2143
-3434
-4955
-5816
-6093
-6353
-5223
-5572
-4303
-3183
-2175
-433
-503
522
793
787
1088
283
-69
-185
-1015
-974
-1519
-1201
-249
-63
998
1372
2187
3479
3626
4490
4411
4783
4966
4562
4593
4486
4808
5170
5622
6490
7651
8449
9165
7690
7403
6520
5672
4829
1677
638
-1827
-3336
-4977
-7583
-7872
-8500
-8647
-8614
-9381
-8606
-7430
-7034
-6165
-6202
-5689
-4492
-4528
-4063
-4110
-3459
-2219
-1679
-973
14
1560
3048
4475
4922
6409
7285
7550
7772
6568
6428
5228
3665
2034
65
-1646
-2667
-4311
-5134
-5304
-5631
-4162
-4736
-3514
-2598
-1717
26
-192
409
656
214
563
-532
-994
-921
-1798
-1479
-2023
-1555
-233
-4
1364
1687
2479
3822
3788
4795
4551
4707
4858
4388
4404
4279
4305
4842
5176
6064
7480
7926
8841
7142
6894
6250
5109
4491
1296
299
-1970
-3726
-5398
-7876
-8492
-9000
-9501
-9592
-10128
-9535
-8273
-8013
-6962
-6534
-5811
-4397
-4304
-3565
-3341
-2457
-1261
-383
418
1372
2888
4016
5512
5892
7179
7934
7928
7978
6824
6406
5317
3555
1947
-41
-1656
-2866
-4094
-4764
-4725
-4817
-4088
-4236
-3490
-2349
-1465
-581
-594
-526
-502
-748
-1049
-1242
-1827
-1725
-2076
-2049
-1548
-952
386
1055
1879
2640
3228
4078
4362
4544
4507
4189
3991
3598
3340
3437
3549
4012
4530
5610
7212
8247
9257
7910
7391
6862
5530
5059
1608
387
-2001
-4333
-5883
-8856
-9535
-9734
-10372
-9926
-10626
-10054
-8247
-7817
-6191
-5700
-5094
-3503
-3406
-2721
-2457
-1784
-367
389
1015
1996
3573
4879
6520
6857
8124
8990
8754
8729
7433
6718
5662
3533
1597
-277
-2211
-2930
-4764
-5095
-5236
-5342
-4200
-4621
-3584
-2979
-1862
-1113
-1474
-1575
-1678
-1819
-1882
-2564
-2815
-2717
-2540
-2054
-1909
-828
550
1569
2560
2790
3783
4095
4325
4175
3588
3593
2964
2742
2159
2129
2507
2932
3856
5003
7153
8600
9689
9097
7802
7802
6109
5358
2198
-305
-2280
-5194
-7097
-9521
-11111
-10824
-11186
-11027
-10554
-10362
-8018
-6912
-5860
-4715
-4485
-3011
-2462
-2481
-2013
-1669
-639
476
1072
2102
3929
5183
7024
7757
8550
9848
9517
9200
8071
6578
5494
3384
921
-834
-3085
-3930
-4862
-6153
-5364
-5794
-4623
-4175
-4064
-2685
-2406
-1617
-1625
-2462
-2340
-2842
-3090
-3088
-3749
-2863
-2692
-2065
-1095
-403
1442
2404
3276
3810
4021
4332
4067
3583
2988
2518
1826
1559
884
1125
1660
2360
3892
5080
7414
9687
10855
11406
9291
8672
7188
5159
2830
-1166
-3217
-5903
-8261
-10203
-12079
-11840
-10787
-10601
-9389
-9004
-7149
-5292
-4749
-3760
-3625
-3031
-2392
-2868
-2920
-2619
-1603
-208
950
2011
4110
6137
7840
9257
9724
10721
10644
9419
8025
5966
4262
2360
-480
-2389
-4216
-5373
-5173
-6709
-5575
-5337
-4400
-3170
-3910
-2470
-2655
-2197
-2051
-3750
-3732
-4308
-4581
-3907
-4810
-3097
-2316
-1533
263
519
2860
3932
4387
5165
4307
4627
3954
3039
2415
1210
862
598
107
833
1666
3050
4925
6502
8802
11296
13022
13453
11583
9036
7560
4687
2254
-1642
-4811
-6852
-9238
-10782
-11898
-11993
-10066
-9044
-8146
-7234
-6545
-4683
-3962
-4011
-3829
-4372
-3999
-4066
-4571
-3820
-2683
-585
1425
2903
5013
7526
9261
10624
10753
10652
10483
8621
6668
4245
2150
468
-1811
-3759
-4987
-5568
-5441
-5191
-5191
-4292
-3714
-3254
-3181
-3636
-3525
-3660
-4276
-4834
-5722
-5615
-5013
-4486
-3386
-2326
-753
886
1737
2910
3926
4660
5102
4496
4137
3545
2674
2246
1231
737
616
395
1047
1534
2804
4578
5838
7645
9405
10933
12977
12541
11295
7989
5565
3390
509
-2229
-5221
-6815
-8394
-9440
-10288
-10326
-9082
-7604
-7080
-6588
-6498
-5509
-4925
-5157
-4995
-5397
-4912
-4479
-4376
-3225
-1871
622
3027
4690
6492
8202
9700
10379
10118
9626
8798
7104
5074
2845
1288
89
-1293
-2724
-3699
-4148
-4258
-3827
-4729
-4054
-4515
-4275
-4669
-5799
-5124
-5664
-5407
-5348
-5815
-4653
-3825
-2606
-920
-697
1408
2092
2634
3461
3135
4179
3899
3302
3358
2382
2445
2048
1536
1754
1363
1891
2449
2566
3945
4834
5880
7104
7722
9544
10451
11008
9899
6793
4397
2353
-34
-2086
-4992
-6289
-7513
-8753
-9397
-10054
-9127
-7486
-6966
-6532
-6627
-6233
-5297
-5462
-5336
-5023
-4784
-3857
-3534
-2789
-844
1116
3742
5531
6533
8117
9178
9609
9554
8590
7844
6366
3931
2111
349
-521
-1310
-2911
-3748
-4483
-4546
-4089
-4637
-4812
-4824
-4940
-5268
-6016
-5937
-5522
-5304
-4866
-4549
-3935
-2695
-1265
-16
814
1845
2896
3327
3315
3500
3784
3732
3336
2906
2657
2329
2099
2055
2002
2061
2486
2871
3269
3969
5047
6139
6794
7481
8704
9651
10139
9100
5756
3452
1012
-945
-2819
-5635
-6298
-7233
-7921
-8143
-8949
-7761
-5965
-5708
-5120
-5959
-5933
-5165
-5793
-5473
-5355
-4945
-3531
-3058
-1997
370
2424
5412
7197
7671
9037
9248
9187
8561
6846
5916
4128
1559
-17
-1462
-1760
-1667
-3048
-3206
-3745
-3954
-3281
-4745
-5242
-5085
-6039
-5772
-7363
-6774
-5584
-5408
-3558
-3475
-2650
-609
77
1729
1780
2041
3490
2375
2627
2234
2390
3273
2391
2558
2599
2165
2865
2499
2421
2683
2287
3028
2607
2987
4388
4858
6026
6501
7553
9191
9605
8568
5445
2467
485
-1568
-3696
-5916
-6840
-7041
-7061
-7624
-7882
-6796
-5134
-4353
-4645
-5532
-5772
-5757
-6040
-6124
-5828
-4537
-3124
-1802
-401
1910
4767
7427
8879
9043
9263
9053
8135
6647
4965
3752
2342
367
-1033
-1669
-1361
-992
-1485
-2067
-3012
-3540
-4334
-5589
-6437
-6687
-6726
-7161
-7233
-6329
-4599
-2986
-1589
-636
210
947
1658
1897
1722
1668
1823
1689
1381
1639
2803
3619
3804
3901
3969
4037
3666
3316
2890
2229
2090
1871
2028
2462
3526
5064
6334
7391
8841
10061
9302
6477
2657
409
-2370
-4288
-6570
-7478
-7359
-6781
-5997
-6090
-5729
-4361
-3365
-3776
-5025
-6388
-6532
-7360
-7475
-6906
-5112
-2775
-609
1417
3354
5606
8038
9693
9500
8553
7432
6064
4122
2636
1764
1502
652
-343
-615
-406
61
-191
-906
-2725
-4400
-6087
-7392
-8776
-9090
-7796
-6978
-6137
-4939
-2937
-904
334
1268
1481
555
302
-171
-261
-505
-25
1188
1536
2054
3190
4659
5173
4894
4431
3856
2455
1687
1316
918
941
1342
2396
2996
4121
5920
7694
8713
9288
9905
8807
6117
1761
-1029
-3065
-4959
-5728
-6394
-5458
-4438
-3324
-2845
-3466
-4077
-4063
-5518
-7190
-9135
-9675
-9333
-9007
-7309
-4572
-1343
1683
4013
5590
6720
7278
7868
7403
6022
4654
3808
2643
2131
2028
2968
3519
2960
2334
1552
588
-980
-2605
-4549
-6194
-8113
-8784
-9742
-9173
-7036
-4761
-2868
-2127
-831
-109
161
192
-379
-857
-1288
-1621
-704
-107
1596
3119
4255
4830
4536
4808
4615
3783
2929
2122
1741
1416
1326
1997
2624
4022
4516
5589
5832
6379
7047
7416
7960
7819
6731
4394
507
-1861
-2872
-3406
-3128
-3911
-2945
-2554
-2561
-3407
-4699
-5677
-6559
-8110
-9221
-10199
-10040
-8679
-6918
-4816
-2437
419
2592
4137
4291
4874
5157
5258
5132
4546
4380
4371
4039
4299
4206
4194
4089
2737
1539
-320
-1676
-3285
-4645
-5914
-6530
-6931
-6988
-6802
-6256
-4969
-3812
-2917
-2619
-2436
-2368
-1836
-1767
-956
-687
-11
572
1181
2086
2831
3473
3699
3122
2647
2300
1980
2213
2095
2591
2818
3279
3747
3882
4284
4485
4547
4515
4286
4494
5089
5825
6628
7849
7120
5910
3094
137
-1082
-2700
-2650
-3503
-4091
-3577
-3811
-4282
-5005
-6509
-6302
-7304
-8012
-8569
-9244
-8297
-7152
-5572
-3612
-1553
613
2734
3492
4197
4747
5266
5748
5859
5117
5078
4506
4372
4394
3447
3314
2482
1417
509
-1212
-2430
-2970
-4623
-4785
-6276
-6777
-6489
-6742
-5320
-4827
-4162
-2773
-2598
-1859
-1529
-1767
-263
-406
505
780
778
1773
2264
2674
2747
2509
2936
2543
2537
3046
2576
3505
4105
4222
4457
4555
4496
4728
4432
4650
4547
4706
5688
6065
6710
7970
6832
5613
2322
-1020
-2217
-4163
-3348
-3812
-3793
-2587
-2987
-3459
-4687
-7136
-7006
-8331
-8647
-9053
-10073
-8787
-7918
-6229
-3609
-1675
768
2714
2882
3443
3088
3311
4011
4272
4401
4893
4150
4549
4214
3510
3643
2300
1577
651
-998
-1976
-3251
-4579
-4416
-5539
-5281
-5534
-5856
-4920
-4916
-4307
-3539
-3510
-2447
-2132
-1986
-1036
-1175
39
445
744
1523
1514
1885
2103
1439
1758
1569
2190
2997
3173
4127
4464
4805
5020
4508
4434
4381
4075
4258
3787
4236
4620
5228
5813
6524
6681
6520
4539
1501
-1053
-3579
-3694
-3838
-3022
-1722
-1095
-738
-1882
-4617
-6347
-8547
-9022
-9011
-9048
-7697
-7130
-6092
-4859
-3787
-1683
228
1614
2977
2742
2663
1994
1484
1598
2055
2855
3821
4204
4401
4111
3210
2202
959
242
24
-101
-179
-119
-469
-654
-1276
-1864
-2003
-1778
-908
227
922
1732
1926
2113
1963
1339
1085
415
-555
-1031
-1528
-2165
-2147
-2088
-2074
-1942
-1575
-1163
-1082
-1058
-853
-1250
-1794
-2280
-2832
-2998
-2526
-2086
-1411
-922
-582
-357
-567
-886
-1219
-1122
-541
256
1107
2106
2851
3116
2803
2373
1815
1368
1033
711
706
775
959
1212
1108
932
759
466
504
669
1469
2570
3479
4141
4455
4256
3688
2681
1521
459
-411
-805
-966
-812
-463
-75
108
96
-327
-703
-1128
-1615
-1921
-2249
-2356
-2410
-2474
-2339
-2262
-2090
-1908
-1979
-2022
-2034
-1774
-1493
-1393
-1366
-1417
-1687
-2011
-2367
-2453
-2289
-1975
-1479
-948
-391
11
260
394
466
508
684
717
759
706
652
627
535
452
290
152
121
156
92
93
161
310
374
319
300
298
269
363
462
763
999
984
744
268
-257
-713
-1031
-1103
-952
-601
-15
605
1535
2490
3317
3829
3914
3715
3159
2458
1772
1169
854
726
834
1003
1130
1279
1307
1277
1051
714
331
-53
-498
-909
-1342
-1599
-1810
-1823
-1660
-1439
-1105
-996
-989
-1257
-1579
-1861
-2171
-2458
-2657
-2799
-2808
-2807
-2717
-2489
-2217
-1906
-1617
-1358
-1160
-1101
-1048
-876
-662
-250
110
517
774
915
954
960
871
753
551
322
102
-193
-384
-573
-569
-520
-329
-136
91
302
318
277
95
-148
-533
-1105
-1597
-2004
-2188
-2102
-1734
-1103
-387
340
1057
1708
2321
2755
2987
2935
2721
2526
2223
2090
1951
2007
2180
2447
2812
3096
3306
3364
3325
3071
2591
2055
1598
1115
767
403
173
-4
-101
-111
-167
-224
-318
-520
-786
-1111
-1431
-1644
-1959
-2206
-2444
-2596
-2695
-2779
-2716
-2677
-2579
-2539
-2501
-2374
-2387
-2280
-2146
-2024
-1736
-1503
-1137
-802
-572
-308
-154
-22
-13
-163
-334
-632
-791
-886
-919
-762
-571
-265
66
256
520
505
415
259
-87
-425
-886
-1271
-1538
-1723
-1539
-1280
-728
-323
-315
208
559
1500
2041
2437
2559
2394
2267
1657
1067
491
452
968
1530
2065
2366
2391
2231
1724
1141
667
408
585
842
972
953
733
645
407
337
284
314
467
592
604
449
152
-102
-384
-459
-836
-1445
-1666
-1959
-1697
-1387
-993
-924
-788
-807
-909
-1460
-1950
-1912
-1074
358
1777
2451
2438
2400
1529
883
214
-689
-922
-1006
-505
-533
-1431
-1327
-1405
-1090
-597
-940
-1159
-1681
-1899
-2082
-2604
-3032
-3025
-2663
-2734
-2733
-2771
-3348
-2760
-2565
-2877
-1625
-623
213
1732
1261
1421
1995
972
1413
919
951
1228
918
1331
1448
1319
2220
2303
2299
2849
2740
2491
2237
2061
2088
2527
2915
3126
3394
3714
3558
3089
2107
1226
-58
-690
-902
-622
268
1460
2069
2056
1688
618
-491
-1759
-2584
-2881
-2408
-1684
-876
-378
-66
-58
-43
-65
51
-54
65
298
431
767
982
1178
1072
600
-239
-1303
-2424
-3266
-3681
-3654
-3401
-2956
-2458
-1983
-1829
-2107
-2737
-3637
-4530
-5214
-5636
-5663
-5196
-4507
-3472
-2516
-1957
-1455
-926
-329
-241
-337
-330
16
483
999
1610
2214
2629
3136
3555
3292
2703
2312
2164
2180
2214
2573
3000
3602
4431
4328
4461
4455
4380
4216
4031
3469
2311
1461
781
1037
1782
3134
4022
3684
2835
1207
-353
-1396
-1893
-1444
-658
213
612
205
-574
-1586
-2578
-2951
-3133
-2654
-2050
-1442
-657
-95
702
1198
1405
995
-213
-1736
-3178
-4168
-4352
-4027
-3146
-2215
-1576
-1298
-1508
-2232
-2912
-3536
-4022
-4237
-4311
-4322
-4214
-4075
-3681
-3136
-2596
-2062
-1774
-1522
-1467
-1251
-948
-188
598
1465
2510
3244
3730
3795
3579
3379
3224
3202
3199
2907
2918
2928
2954
3164
3395
3409
3329
3286
3009
2446
2070
1868
1931
1959
1934
1899
1713
1396
990
599
286
271
386
580
498
168
-32
-297
-535
-813
-1218
-1521
-2025
-2614
-3095
-3504
-3446
-2781
-1892
-631
268
852
1148
900
539
103
-159
-286
-482
-611
-663
-705
-462
-305
-10
127
45
-219
-834
-1443
-1907
-2033
-1915
-1829
-1793
-1917
-2257
-2676
-3084
-3338
-3247
-2966
-2570
-2240
-2205
-1909
-1612
-1217
-585
27
605
1215
1574
1526
1333
1165
1133
1140
1214
1177
1054
1283
1682
2126
2543
2769
3216
3275
2857
2462
2063
1857
1723
1923
1960
1533
1408
1350
1311
1319
1376
1772
2228
2493
2653
2411
2083
1510
866
97
-797
-1485
-1842
-1923
-1686
-1399
-942
-492
-267
-135
-104
-201
-377
-494
-604
-575
-584
-556
-567
-618
-724
-777
-829
-952
-1024
-1015
-1046
-1224
-1555
-1781
-1883
-1868
-1733
-1530
-1332
-1231
-1337
-1815
-2284
-2689
-2692
-2230
-1645
-1262
-922
-369
39
-53
2
78
517
1312
1465
1563
1568
1370
1349
1098
684
592
659
861
1078
1121
958
1217
1718
1846
1729
1189
608
-112
-956
-1210
-1432
-1435
-584
-174
581
519
101
292
190
313
547
655
680
646
278
74
-207
-214
100
167
410
521
620
1034
1587
2212
2666
2685
2462
2083
1590
1579
1501
1618
1830
1890
1934
1505
1013
683
477
476
370
175
-117
-439
-591
-839
-1267
-1585
-1768
-1911
-1957
-2193
-2378
-2584
-2670
-2421
-2285
-1947
-1566
-1356
-1339
-1412
-1401
-1240
-954
-579
34
499
367
-99
-587
-981
-1102
-795
-645
-508
-118
321
358
361
322
-255
-269
-681
-903
-1290
-1836
-2144
-2447
-2020
-1325
-1091
-336
-36
-53
248
-162
-170
-282
-251
144
-94
-159
-229
-383
-262
138
814
1254
1207
1275
1751
2137
2336
2373
2623
2933
3146
3353
3293
3178
3331
3227
3175
2821
2288
2518
2479
2427
2364
2184
2177
1877
1516
1304
702
217
-176
-596
-804
-969
-1075
-1232
-1579
-1975
-2313
-2516
-2548
-2288
-1824
-1540
-1359
-1444
-1260
-1120
-1372
-1581
-2011
-2357
-2331
-2149
-2157
-2230
-1852
-1267
-777
-673
-789
-863
-1001
-1382
-1923
-2258
-2348
-2150
-1895
-1582
-1648
-1571
-1380
-1180
-1014
-794
-706
-592
-407
-242
-50
-76
-39
10
121
165
196
-80
48
444
944
1170
1163
1318
1739
2305
2950
2961
2767
2770
2849
3198
2677
2664
2869
3041
3200
2799
2675
2467
2365
2218
1851
1561
1504
1444
1654
1762
1740
1560
1088
874
567
-15
-348
-504
-736
-549
-243
25
111
171
195
-62
-458
-713
-904
-758
-759
-847
-844
-999
-1359
-1594
-1552
-1416
-1492
-1829
-1768
-1848
-1799
-1733
-1883
-2054
-2486
-2788
-3181
-3524
-3423
-3419
-3112
-2701
-2529
-2080
-1724
-1370
-1146
-1095
-1070
-1168
-1160
-994
-1010
-972
-845
-657
-301
131
491
365
475
758
1082
1329
1467
1875
2276
2697
2751
2791
2909
2873
2790
2692
2330
1764
1693
1537
1402
1604
1805
2126
1939
1927
1760
1531
1321
1027
1064
918
1240
1266
1166
1214
1042
896
555
296
244
282
538
592
773
933
1097
1120
1180
932
624
423
216
-7
-95
-92
-105
-159
-132
-163
-284
-531
-810
-1241
-1510
-1915
-2204
-2250
-2420
-2353
-2374
-2234
-2139
-2249
-2269
-2321
-2238
-2112
-2045
-1967
-1967
-1746
-1591
-1454
-1411
-1369
-1282
-1286
-1304
-1305
-1173
-911
-638
-323
-147
90
464
665
727
767
803
868
858
769
741
741
811
946
924
894
903
1047
1189
1188
1264
1202
1131
1103
1195
1404
1475
1501
1430
1224
1112
1302
1355
1476
1499
1641
1784
1777
1822
1760
1699
1537
1406
1372
1393
1384
1281
1151
837
645
542
439
196
6
-89
-349
-507
-638
-728
-880
-1077
-1095
-1205
-1353
-1494
-1433
-1396
-1315
-1303
-1225
-1125
-962
-850
-730
-651
-642
-648
-635
-672
-829
-921
-1062
-1154
-1259
-1262
-1154
-1107
-1076
-850
-696
-587
-557
-517
-383
-365
-218
-170
-186
-211
-227
-239
-287
-281
-225
-276
-289
-320
-235
-74
63
273
245
244
166
159
135
68
160
162
273
406
591
764
795
848
889
1040
1158
1263
1345
1462
1656
1803
1952
1875
1687
1464
1216
1093
1100
1006
1065
1082
1106
1172
1188
1031
786
543
325
116
-102
-296
-537
-580
-622
-545
-389
-354
-348
-520
-631
-613
-728
-667
-748
-864
-1015
-1172
-1260
-1491
-1650
-1785
-1806
-1874
-1884
-1860
-1788
-1674
-1540
-1373
-1198
-1096
-1061
-1011
-994
-1019
-1035
-986
-880
-635
-448
-206
-26
60
144
168
283
441
585
742
805
982
1205
1431
1601
1597
1531
1452
1433
1405
1325
1207
1130
1134
1305
1479
1685
1814
1852
1833
1719
1526
1227
949
701
534
358
279
242
269
378
497
554
570
501
291
-3
-294
-601
-796
-938
-1075
-1136
-1100
-939
-812
-741
-754
-814
-876
-934
-960
-1010
-1052
-1062
-1123
-1234
-1406
-1534
-1519
-1512
-1463
-1376
-1258
-1064
-948
-861
-841
-900
-816
-731
-629
-416
-206
31
133
136
100
46
-47
-171
-243
-239
-136
12
183
355
548
700
827
922
947
927
889
892
898
869
828
722
569
491
523
587
688
768
822
791
732
700
678
596
502
407
334
346
264
202
114
-16
-39
-19
9
58
13
-101
-233
-363
-432
-472
-490
-570
-652
-658
-559
-491
-551
-674
-803
-844
-942
-1030
-1115
-1202
-1229
-1197
-1088
-963
-917
-891
-877
-914
-827
-706
-564
-462
-440
-313
-208
-53
48
137
174
187
255
379
509
565
612
617
632
657
705
765
719
686
709
834
962
1050
1038
896
802
745
788
794
717
704
642
639
587
547
530
452
365
310
272
273
286
319
202
21
-22
18
66
-36
-147
-250
-296
-181
-68
-40
-40
20
88
93
56
-107
-287
-393
-367
-284
-209
-163
-178
-211
-272
-350
-456
-564
-736
-907
-1049
-1150
-1258
-1250
-1225
-1273
-1254
-1229
-1176
-1117
-1060
-1004
-946
-885
-720
-629
-557
-530
-585
-534
-411
-285
-158
-46
0
35
104
169
173
228
311
417
519
595
681
746
831
947
1045
1058
1042
948
864
767
637
564
569
641
741
847
927
937
900
811
565
407
326
186
125
-6
-98
-134
-208
-240
-296
-340
-325
-229
-110
-19
69
75
70
71
-3
-80
-170
-161
-117
-122
-130
-154
-198
-227
-257
-232
-238
-253
-233
-277
-341
-474
-552
-491
-437
-372
-349
-394
-406
-396
-384
-365
-342
-380
-406
-428
-418
-426
-451
-379
-218
-56
-4
-3
-36
-138
-169
-207
-296
-381
-405
-347
-177
-5
102
248
368
384
392
391
406
413
328
275
268
258
279
284
331
357
410
467
561
530
393
307
245
193
155
168
153
138
181
281
387
422
423
399
344
299
307
347
373
349
321
249
205
158
93
50
47
77
49
0
-80
-165
-254
-300
-263
-269
-342
-400
-366
-350
-273
-188
-139
-114
-126
-137
-190
-282
-331
-352
-335
-345
-379
-368
-329
-299
-274
-269
-352
-471
-625
-773
-890
-922
-880
-785
-652
-526
-400
-333
-330
-330
-346
-358
-353
-364
-401
-424
-375
-303
-231
-190
-117
-102
-77
-37
6
17
-41
0
66
153
227
261
259
242
291
403
501
526
590
684
741
804
855
909
990
1033
1041
1036
1026
1032
1012
939
873
864
817
778
698
551
486
411
345
304
246
191
129
102
95
60
19
-48
-199
-283
-364
-471
-592
-743
-842
-902
-894
-890
-890
-906
-942
-984
-1052
-1105
-1131
-1135
-1155
-1152
-1114
-1046
-903
-738
-582
-446
-331
-226
-89
-22
23
138
168
221
280
313
342
354
384
420
449
436
414
401
345
277
194
109
31
-4
28
72
78
66
58
80
109
99
80
49
27
63
140
170
175
197
247
264
274
303
278
238
212
237
248
191
105
49
27
31
38
40
35
-1
15
53
71
43
-17
-102
-199
-253
-305
-308
-361
-478
-567
-606
-579
-541
-571
-686
-763
-774
-729
-629
-566
-553
-544
-510
-401
-272
-151
-71
-29
12
44
155
232
250
234
210
245
287
291
274
262
229
156
110
116
110
54
-24
-83
-122
-181
-245
-301
-414
-448
-467
-474
-450
-411
-345
-265
-168
-39
77
114
147
183
237
292
313
366
416
440
486
539
562
528
514
506
512
551
553
535
494
449
426
409
364
320
283
236
166
143
89
10
-38
-137
-242
-307
-356
-367
-408
-475
-535
-609
-624
-596
-594
-598
-642
-671
-665
-594
-528
-454
-351
-273
-215
-143
-24
80
149
164
152
156
146
177
190
189
153
109
119
132
133
111
73
3
-23
-63
-151
-232
-348
-449
-495
-507
-472
-457
-447
-390
-311
-198
-62
8
74
109
143
243
297
313
270
240
251
284
316
314
283
222
185
199
244
257
232
215
183
149
163
193
192
143
100
53
19
-25
-55
-110
-138
-134
-111
-110
-128
-161
-232
-281
-355
-367
-390
-413
-426
-462
-466
-481
-476
-449
-434
-415
-398
-333
-265
-167
-64
40
121
133
129
74
10
-58
-116
-160
-193
-172
-135
-120
-86
-96
-112
-173
-246
-297
-362
-404
-468
-468
-448
-399
-315
-248
-199
-192
-155
-86
-3
107
193
312
403
473
546
591
633
642
643
675
696
699
717
710
695
693
678
676
675
693
701
690
686
636
578
582
576
545
489
384
316
252
212
148
46
-66
-200
-301
-363
-398
-413
-389
-366
-334
-308
-338
-377
-431
-462
-467
-454
-379
-311
-245
-170
-141
-124
-101
-93
-100
-129
-149
-180
-212
-220
-261
-325
-366
-382
-394
-428
-484
-535
-592
-634
-668
-677
-694
-717
-716
-706
-679
-620
-543
-452
-344
-264
-183
-80
-16
70
146
202
272
317
390
472
568
618
663
701
729
751
751
764
809
863
885
914
927
883
919
962
979
991
967
937
916
860
770
715
621
502
407
332
280
181
87
14
-61
-85
-67
-89
-159
-269
-400
-476
-518
-542
-551
-539
-554
-515
-458
-418
-369
-422
-447
-453
-436
-432
-459
-516
-593
-631
-638
-600
-578
-596
-632
-650
-671
-689
-680
-691
-715
-761
-762
-691
-602
-528
-455
-371
-285
-175
-50
54
116
154
227
292
391
473
513
571
622
701
767
801
839
905
969
1029
1106
1159
1189
1183
1203
1247
1298
1314
1303
1330
1368
1415
1461
1432
1332
1179
1044
978
941
869
748
649
561
534
522
459
358
183
33
-81
-155
-259
-404
-563
-657
-660
-633
-635
-667
-724
-786
-774
-752
-760
-813
-894
-961
-1002
-1028
-1042
-1085
-1130
-1123
-1077
-994
-940
-974
-1052
-1117
-1140
-1118
-1101
-1151
-1179
-1180
-1108
-1001
-881
-814
-807
-781
-708
-590
-483
-392
-386
-361
-293
-165
-8
72
122
163
254
384
502
595
639
651
675
748
851
970
1054
1108
1172
1245
1344
1416
1444
1444
1460
1460
1478
1454
1402
1340
1253
1220
1177
1156
1132
1085
1049
963
900
832
730
641
550
457
352
251
134
61
32
8
4
-25
-86
-139
-211
-258
-310
-382
-475
-545
-567
-570
-557
-587
-625
-671
-693
-698
-721
-794
-911
-1000
-1082
-1124
-1162
-1198
-1195
-1165
-1131
-1087
-1066
-1039
-1017
-977
-898
-841
-802
-740
-689
-626
-538
-473
-412
-344
-304
-207
-63
41
133
182
217
300
394
487
579
610
682
789
916
1023
1067
1085
1070
1063
1057
1038
1024
994
953
983
1023
1056
1040
961
921
900
870
821
722
595
462
372
320
286
244
142
44
24
24
52
44
-16
-68
-123
-145
-162
-201
-282
-355
-386
-401
-415
-460
-505
-553
-590
-625
-648
-693
-751
-798
-812
-806
-801
-825
-887
-890
-883
-861
-810
-770
-726
-691
-635
-565
-514
-485
-457
-405
-356
-280
-166
-90
-41
-26
13
47
60
78
36
28
51
74
148
185
176
187
196
226
259
257
242
246
238
259
279
277
255
232
235
259
303
310
349
393
417
447
469
506
522
530
553
546
536
548
584
613
612
620
657
682
728
764
748
750
725
713
740
745
734
657
555
485
442
403
361
300
210
75
-26
-93
-178
-246
-334
-412
-415
-459
-496
-536
-626
-677
-748
-800
-840
-895
-930
-965
-996
-985
-982
-989
-963
-950
-907
-889
-890
-899
-915
-898
-861
-804
-783
-741
-694
-645
-604
-561
-518
-470
-416
-386
-339
-294
-264
-202
-127
-106
-98
-84
-59
-13
29
86
137
199
241
291
352
378
392
405
468
536
585
633
688
715
751
808
853
875
872
879
890
913
915
900
886
862
846
854
841
799
743
676
627
542
455
367
282
231
193
158
92
25
-34
-77
-102
-135
-189
-268
-335
-381
-431
-458
-500
-542
-567
-608
-604
-608
-636
-651
-676
-707
-737
-761
-783
-816
-834
-858
-858
-847
-824
-807
-799
-779
-748
-703
-716
-729
-704
-710
-679
-638
-602
-577
-563
-509
-443
-417
-400
-389
-342
-272
-214
-138
-87
-66
-10
33
131
227
274
379
485
598
723
795
842
898
944
1009
1073
1098
1113
1117
1134
1154
1162
1129
1109
1078
1037
977
903
822
723
665
598
546
453
358
273
193
118
31
-49
-116
-200
-242
-259
-295
-352
-428
-480
-492
-497
-537
-602
-679
-710
-706
-708
-728
-761
-812
-806
-791
-769
-748
-753
-773
-782
-761
-700
-661
-642
-653
-664
-658
-644
-604
-580
-575
-569
-560
-544
-484
-447
-408
-358
-305
-268
-220
-166
-113
-67
-30
-11
27
62
71
118
174
238
299
343
412
487
544
635
701
737
771
809
850
878
883
858
818
793
788
801
798
767
718
651
620
607
597
564
529
474
430
390
344
310
243
182
116
78
57
22
-14
-48
-102
-140
-160
-164
-189
-234
-258
-244
-239
-235
-256
-318
-370
-411
-420
-419
-449
-453
-460
-440
-417
-424
-441
-468
-492
-487
-492
-509
-523
-552
-570
-577
-563
-547
-566
-593
-581
-557
-538
-523
-515
-507
-478
-454
-432
-401
-386
-356
-306
-250
-185
-130
-83
-57
-15
49
108
165
215
252
324
398
448
500
524
561
595
666
718
712
708
667
657
665
651
629
599
590
578
587
597
582
549
492
451
439
405
370
316
243
216
176
151
140
115
89
59
12
-12
-32
-63
-75
-79
-94
-119
-130
-121
-123
-137
-161
-162
-181
-196
-222
-225
-235
-268
-282
-310
-322
-336
-351
-372
-416
-473
-508
-543
-565
-587
-614
-621
-631
-616
-623
-635
-612
-575
-525
-445
-390
-344
-313
-311
-265
-189
-154
-127
-88
-45
29
114
201
262
289
335
380
425
458
499
522
541
583
603
600
616
618
627
634
635
642
646
641
657
690
711
707
687
704
685
668
645
629
606
599
586
566
525
481
436
410
377
307
278
240
194
142
83
34
-34
-79
-113
-183
-256
-353
-447
-513
-589
-651
-689
-741
-811
-846
-856
-895
-955
-1010
-1072
-1078
-1093
-1097
-1075
-1056
-1035
-1010
-971
-922
-872
-799
-746
-683
-628
-566
-477
-378
-273
-190
-119
-39
57
164
264
357
430
517
624
722
806
847
882
915
964
1011
1043
1040
1037
1051
1107
1172
1192
1182
1122
1084
1053
1038
1017
961
912
891
864
873
851
788
722
634
556
503
457
417
376
312
266
206
166
108
21
-54
-125
-178
-191
-200
-276
-348
-436
-501
-538
-569
-598
-655
-686
-704
-734
-759
-773
-822
-844
-864
-865
-854
-859
-854
-846
-832
-779
-745
-725
-713
-701
-659
-609
-554
-499
-461
-434
-403
-379
-317
-280
-256
-208
-158
-94
-27
18
73
99
122
162
210
274
329
361
391
459
484
535
580
604
632
650
668
710
753
761
781
776
787
791
796
793
787
777
750
749
749
727
692
645
585
558
516
470
404
326
256
188
139
100
64
1
-55
-113
-138
-186
-222
-284
-348
-388
-431
-462
-487
-538
-606
-648
-679
-707
-745
-766
-798
-804
-791
-772
-727
-690
-657
-635
-604
-584
-538
-494
-456
-393
-354
-302
-246
-204
-173
-134
-97
-59
-11
59
84
142
220
262
293
309
331
358
366
383
415
447
465
488
523
534
533
544
532
546
585
591
618
621
612
604
583
566
542
509
468
456
432
397
367
321
281
244
229
210
200
194
183
168
149
133
115
84
46
5
-20
-26
-37
-72
-99
-139
-205
-264
-296
-292
-296
-309
-326
-337
-348
-389
-433
-439
-445
-450
-449
-466
-468
-499
-514
-486
-501
-478
-457
-464
-468
-464
-453
-435
-417
-411
-411
-397
-375
-344
-338
-320
-299
-280
-261
-231
-205
-179
-145
-133
-97
-68
-39
-3
23
60
86
110
155
175
209
248
282
300
328
378
401
447
488
525
561
588
617
648
652
649
641
636
644
636
630
621
606
596
584
580
576
529
492
470
467
452
411
368
328
281
240
225
203
150
76
36
8
-24
-80
-116
-143
-163
-181
-204
-242
-291
-336
-351
-374
-391
-405
-424
-415
-424
-426
-424
-436
-442
-452
-480
-485
-483
-495
-493
-493
-524
-543
-560
-555
-533
-523
-527
-518
-520
-496
-481
-461
-444
-446
-410
-384
-321
-296
-285
-253
-215
-184
-155
-105
-62
-20
22
54
86
125
154
186
231
239
272
315
350
381
387
398
437
466
477
495
521
547
578
599
615
619
606
594
595
597
576
557
547
503
462
420
375
334
286
233
199
159
110
72
17
-29
-89
-144
-170
-227
-244
-290
-320
-334
-366
-380
-378
-412
-445
-454
-475
-494
-493
-496
-510
-520
-544
-562
-565
-585
-604
-624
-634
-627
-634
-594
-566
-571
-560
-544
-517
-494
-472
-438
-410
-383
-348
-304
-250
-197
-142
-101
-51
14
45
80
142
181
205
232
254
281
325
359
422
487
520
563
607
650
691
702
709
732
750
755
761
747
715
685
680
663
616
567
520
491
465
424
392
361
324
300
259
222
183
121
75
56
17
-38
-81
-124
-165
-212
-251
-280
-314
-362
-388
-405
-413
-448
-470
-495
-516
-543
-571
-564
-578
-573
-569
-563
-555
-550
-532
-504
-485
-465
-472
-472
-459
-452
-442
-403
-383
-366
-339
-319
-287
-266
-222
-200
-179
-140
-69
-22
7
19
11
61
90
139
173
201
239
261
313
358
366
367
375
403
443
449
457
457
455
472
489
508
483
439
412
397
383
379
364
334
315
297
286
281
266
255
234
228
233
211
214
212
195
167
131
110
87
46
12
-4
-16
-27
-61
-85
-99
-144
-190
-210
-249
-262
-285
-311
-321
-351
-392
-416
-417
-410
-419
-434
-451
-465
-472
-452
-439
-465
-460
-453
-415
-373
-342
-291
-280
-266
-239
-222
-184
-166
-151
-142
-135
-95
-70
-51
-6
29
36
63
82
121
152
174
218
256
295
318
339
382
399
411
434
440
448
433
413
407
392
366
353
342
316
294
293
301
308
302
263
239
224
197
187
160
114
98
93
120
151
161
136
92
54
31
22
7
-3
-31
-65
-99
-123
-139
-168
-184
-187
-184
-195
-212
-235
-244
-248
-256
-279
-297
-308
-316
-315
-314
-316
-325
-312
-310
-296
-285
-294
-299
-290
-282
-275
-249
-255
-243
-249
-262
-238
-214
-209
-175
-144
-125
-95
-107
-87
-37
-26
10
46
70
94
104
121
157
165
153
159
165
169
182
184
196
202
216
220
248
268
244
246
231
247
253
239
228
212
218
196
186
193
179
169
153
144
133
108
79
52
33
8
-4
-6
-11
-14
-29
-21
-27
-32
-24
-35
-50
-63
-76
-65
-74
-104
-113
-152
-186
-198
-203
-208
-201
-195
-205
-199
-202
-197
-213
-210
-206
-198
-182
-179
-154
-158
-146
-135
-130
-102
-74
-59
-32
-22
-27
0
31
48
63
66
85
111
101
109
125
141
141
129
155
152
171
184
211
249
260
276
299
302
308
318
304
320
318
317
311
291
273
246
243
251
244
243
245
207
198
197
185
197
170
147
137
116
109
118
114
96
84
47
31
-4
-16
-39
-53
-72
-102
-116
-148
-165
-192
-229
-228
-215
-233
-242
-264
-286
-287
-313
-319
-305
-319
-333
-313
-292
-278
-275
-282
-284
-257
-250
-236
-230
-245
-233
-207
-174
-140
-112
-106
-97
-75
-42
-10
-7
2
6
9
28
40
60
76
95
116
146
159
156
148
157
173
196
210
205
224
218
226
233
227
234
229
203
195
181
167
135
118
120
108
74
46
42
22
-3
-7
-7
-20
-59
-73
-92
-120
-139
-180
-176
-187
-182
-179
-189
-192
-196
-213
-193
-187
-171
-144
-146
-133
-122
-103
-116
-119
-100
-95
-88
-62
-53
-34
-5
4
9
17
26
44
52
75
98
122
144
164
185
190
203
203
212
224
222
217
208
196
172
135
142
136
122
130
98
71
48
30
43
38
21
-6
-13
-26
-40
-44
-35
-58
-73
-97
-110
-116
-131
-129
-131
-127
-121
-110
-102
-83
-70
-46
-39
-20
-11
0
23
19
18
19
-2
-2
-11
0
6
-2
6
-13
-15
-23
-35
-42
-45
-78
-100
-111
-119
-133
-149
-133
-131
-108
-125
-124
-117
-140
-153
-140
-161
-161
-161
-172
-135
-111
-92
-77
-56
-63
-81
-72
-62
-43
-31
-7
25
34
17
29
42
60
102
99
123
128
127
145
169
181
187
181
179
181
176
188
192
180
169
163
145
138
155
143
133
122
128
129
108
108
105
106
119
132
125
127
104
101
107
109
102
76
54
32
46
49
47
49
46
75
87
95
100
102
105
103
122
133
146
150
141
153
166
158
146
146
135
140
155
148
140
113
88
81
79
76
71
57
61
52
22
29
30
27
9
-17
-36
-54
-59
-69
-74
-86
-115
-135
-149
-155
-175
-194
-202
-225
-251
-253
-247
-251
-243
-259
-277
-271
-264
-271
-275
-283
-283
-274
-266
-258
-243
-248
-225
-208
-196
-162
-146
-114
-112
-97
-73
-78
-45
-13
-2
3
15
33
65
81
87
102
105
100
94
88
58
56
54
44
48
27
2
-9
-8
6
5
-3
-16
-20
-40
-60
-72
-94
-85
-96
-99
-86
-101
-111
-128
-122
-92
-97
-100
-99
-96
-104
-110
-105
-93
-96
-104
-87
-54
-75
-86
-83
-103
-102
-74
-45
-40
-28
-20
-8
20
33
38
54
38
48
59
71
71
49
27
29
36
59
71
46
54
73
99
126
133
135
126
119
125
154
176
150
126
113
100
104
133
124
113
116
100
105
110
94
85
80
64
85
71
47
21
-2
-15
-30
-33
-44
-69
-106
-121
-137
-147
-157
-173
-188
-224
-246
-262
-282
-273
-267
-265
-275
-298
-312
-323
-320
-305
-289
-311
-303
-301
-300
-274
-280
-270
-269
-267
-270
-268
-254
-255
-249
-248
-235
-209
-202
-211
-199
-191
-193
-157
-146
-154
-148
-149
-113
-95
-95
-53
-16
7
11
19
52
60
79
94
108
132
139
134
139
123
131
144
151
150
148
152
132
111
119
126
136
134
137
140
127
98
90
91
66
63
71
52
52
14
-8
-18
-40
-39
-37
-53
-66
-86
-101
-90
-111
-114
-125
-122
-148
-130
-116
-123
-104
-84
-53
-54
-44
-25
-10
8
26
40
69
62
63
62
70
67
47
65
66
66
62
51
61
57
46
34
30
12
3
1
-6
-1
7
-3
15
27
39
57
75
93
79
88
98
114
129
136
152
150
168
173
161
148
139
127
100
61
47
40
8
-14
-50
-64
-66
-104
-108
-113
-118
-133
-146
-131
-131
-142
-131
-129
-115
-116
-139
-136
-152
-143
-126
-124
-101
-104
-124
-111
-115
-108
-98
-107
-120
-128
-127
-106
-109
-120
-101
-97
-93
-100
-124
-124
-132
-128
-95
-85
-66
-58
-63
-52
-58
-32
-28
-50
-54
-72
-80
-91
-104
-93
-101
-90
-87
-70
-59
-46
-41
-28
-3
13
31
31
40
39
42
76
102
124
131
128
145
167
181
200
219
228
233
227
217
219
219
220
200
188
182
170
160
134
99
83
76
74
76
67
40
24
12
3
-5
-25
-28
-30
-49
-72
-85
-100
-117
-109
-95
-99
-114
-149
-143
-134
-132
-117
-122
-134
-156
-161
-137
-115
-118
-101
-107
-106
-85
-93
-88
-74
-92
-95
-77
-85
-82
-71
-53
-46
-22
1
10
31
34
51
91
101
103
127
117
124
132
120
132
132
126
142
143
137
116
116
107
91
92
83
68
49
42
35
46
52
50
64
65
67
67
58
51
31
7
0
-2
4
5
-20
-40
-62
-74
-71
-70
-70
-82
-104
-121
-136
-139
-142
-150
-130
-130
-130
-138
-151
-122
-109
-87
-74
-92
-92
-94
-95
-93
-87
-67
-79
-80
-91
-98
-83
-77
-84
-71
-85
-97
-105
-108
-124
-119
-119
-125
-97
-110
-94
-84
-68
-50
-12
7
27
61
59
103
127
156
185
196
214
248
283
284
305
332
331
336
342
338
351
336
346
369
351
343
343
342
356
351
344
332
316
310
311
300
285
271
248
205
194
191
160
144
121
85
42
-8
-45
-65
-85
-125
-155
-178
-209
-225
-242
-246
-250
-264
-271
-279
-276
-298
-293
-286
-279
-280
-289
-272
-263
-248
-239
-227
-211
-190
-194
-169
-150
-130
-103
-81
-49
-44
-28
-14
14
37
46
87
102
123
128
129
162
189
211
229
234
237
250
250
265
276
265
274
268
257
250
237
229
210
207
222
213
201
201
185
168
153
147
158
145
101
80
60
49
35
11
14
-3
-6
-29
-35
-51
-75
-80
-90
-89
-85
-108
-134
-136
-139
-125
-118
-106
-107
-100
-96
-93
-92
-100
-117
-119
-117
-145
-147
-158
-189
-191
-177
-177
-161
-172
-186
-164
-172
-159
-155
-178
-171
-180
-163
-144
-148
-151
-126
-100
-100
-72
-56
-44
-32
-6
14
49
73
81
109
124
132
138
145
126
123
99
83
86
90
83
105
107
107
117
111
90
83
108
107
112
113
111
99
100
119
115
115
102
110
104
91
71
59
58
61
76
82
81
62
40
19
6
-4
-21
-30
-36
-42
-53
-58
-58
-72
-66
-79
-97
-96
-101
-107
-107
-96
-85
-103
-103
-115
-125
-144
-139
-141
-140
-158
-166
-179
-167
-144
-143
-147
-150
-142
-144
-120
-115
-106
-91
-76
-48
-16
-3
17
23
40
58
61
63
67
77
64
64
75
77
89
112
115
126
116
108
115
92
99
93
94
91
89
100
97
101
104
114
110
98
104
123
116
98
100
101
94
76
52
42
29
18
27
27
16
-13
-43
-35
-51
-51
-63
-92
-105
-113
-132
-135
-122
-131
-107
-117
-117
-124
-128
-130
-133
-140
-169
-191
-214
-226
-232
-233
-221
-222
-229
-244
-236
-221
-237
-241
-236
-232
-212
-220
-212
-205
-208
-196
-174
-148
-128
-120
-89
-69
-79
-58
-60
-36
-3
21
52
72
51
44
28
18
45
67
89
107
118
120
133
141
175
201
223
224
241
247
239
270
277
297
294
287
282
275
259
247
249
232
226
237
236
242
224
223
218
198
183
163
140
97
95
97
67
44
25
12
5
-2
-20
-28
-53
-79
-109
-153
-177
-209
-204
-216
-236
-251
-270
-301
-313
-306
-295
-296
-303
-273
-252
-258
-255
-246
-235
-236
-222
-193
-174
-161
-170
-169
-160
-168
-146
-124
-127
-123
-128
-133
-137
-155
-143
-133
-128
-134
-120
-110
-108
-99
-89
-65
-79
-91
-77
-58
-51
-31
-15
-8
11
23
40
52
57
51
59
63
48
51
70
60
56
55
45
64
67
49
39
33
26
49
59
74
74
44
51
36
27
22
-10
-27
-57
-72
-69
-88
-104
-119
-139
-148
-173
-180
-171
-177
-204
-207
-196
-214
-224
-222
-196
-185
-186
-180
-166
-156
-150
-133
-107
-80
-70
-62
-44
-24
-11
-1
5
3
-12
-18
-4
-4
0
22
24
19
31
39
62
74
94
114
121
127
161
181
186
185
176
182
178
170
209
233
234
232
248
238
228
227
210
222
206
166
150
136
104
98
97
70
65
56
38
35
31
30
28
22
-3
-3
5
-19
-6
13
-10
-33
-42
-44
-52
-65
-97
-98
-112
-142
-164
-172
-189
-203
-239
-246
-228
-253
-262
-261
-252
-246
-248
-261
-246
-237
-250
-239
-213
-201
-198
-177
-168
-180
-174
-166
-153
-146
-160
-178
-187
-198
-187
-176
-154
-158
-156
-146
-143
-134
-113
-98
-84
-56
-39
-16
-7
-8
24
59
61
74
96
102
128
134
160
184
179
185
181
191
204
192
198
191
179
185
183
197
205
193
184
184
192
191
196
178
168
148
139
136
124
127
128
105
117
110
83
83
65
38
14
-30
-50
-51
-95
-118
-113
-134
-154
-168
-187
-200
-202
-225
-221
-208
-210
-209
-203
-203
-179
-183
-199
-172
-157
-157
-150
-136
-129
-95
-91
-67
-58
-66
-67
-65
-52
-34
-28
-31
-21
-32
-19
-6
3
9
14
32
14
20
40
30
44
64
74
99
100
107
126
124
110
102
115
133
140
143
146
156
155
162
173
166
163
146
138
125
119
99
70
75
78
81
67
66
72
68
36
6
13
-14
-31
-51
-83
-85
-90
-129
-126
-125
-136
-134
-143
-147
-157
-173
-180
-183
-184
-195
-206
-199
-201
-206
-223
-235
-222
-208
-192
-193
-188
-190
-208
-218
-227
-229
-228
-246
-235
-225
-211
-201
-195
-172
-159
-150
-133
-98
-91
-65
-31
-29
-10
8
25
63
92
114
133
145
140
148
140
154
176
212
215
192
220
229
213
235
244
232
240
233
259
280
274
275
274
271
273
270
261
232
206
185
180
169
166
147
123
104
88
72
26
-13
-25
-43
-73
-83
-91
-109
-140
-149
-165
-176
-176
-190
-200
-208
-219
-206
-205
-208
-199
-208
-193
-204
-208
-209
-242
-237
-228
-236
-223
-223
-235
-210
-212
-206
-197
-182
-166
-132
-109
-98
-51
-27
11
43
59
70
98
124
135
163
174
185
185
192
197
216
226
215
212
204
172
171
139
107
121
102
91
101
94
85
107
88
96
81
60
58
53
50
36
64
80
64
68
46
34
41
16
2
-26
-48
-74
-90
-88
-109
-120
-142
-165
-172
-177
-189
-199
-205
-197
-194
-209
-202
-186
-179
-178
-183
-182
-182
-191
-199
-194
-188
-189
-161
-149
-135
-135
-166
-168
-190
-188
-172
-179
-203
-210
-210
-216
-191
-196
-173
-148
-146
-134
-115
-101
-89
-51
-22
8
56
88
98
126
131
143
146
123
117
115
107
109
108
102
79
64
79
74
72
84
68
66
69
67
110
107
106
114
113
125
123
131
107
94
87
77
85
76
49
20
-2
-25
-51
-77
-95
-125
-136
-163
-176
-180
-206
-218
-224
-229
-235
-250
-252
-260
-251
-243
-231
-202
-210
-203
-174
-166
-154
-159
-169
-176
-172
-175
-162
-176
-197
-197
-202
-203
-186
-185
-172
-146
-130
-109
-84
-70
-59
-48
-17
17
34
46
46
53
47
60
72
79
74
75
65
57
60
50
35
19
18
18
11
-12
-11
-13
-37
-26
-25
-27
-32
-40
-38
-23
-8
-8
4
24
45
64
59
49
42
60
76
81
74
51
17
9
3
-2
-13
-28
-20
-23
-22
-13
-11
-9
-15
-31
-27
-12
-18
-16
-27
-31
-30
-20
-32
-28
-35
-52
-59
-77
-102
-129
-137
-171
-173
-182
-191
-187
-203
-204
-188
-191
-173
-149
-145
-133
-125
-126
-122
-107
-80
-81
-68
-49
-54
-31
-35
-22
-16
-38
-42
-29
-24
-37
-29
-22
-25
-30
-20
-12
-1
1
7
21
11
21
40
66
81
87
113
137
129
141
148
159
176
168
183
196
193
182
195
193
186
168
149
144
146
122
117
116
111
120
150
153
166
173
167
169
143
136
128
115
112
103
95
88
60
55
58
20
7
9
-23
-47
-72
-82
-101
-114
-109
-92
-93
-84
-90
-74
-69
-83
-62
-58
-46
-45
-61
-62
-63
-66
-72
-78
-81
-90
-97
-93
-109
-114
-105
-104
-81
-74
-76
-65
-63
-47
-20
-4
15
36
51
66
77
81
89
95
89
83
83
96
88
92
124
127
131
123
117
116
103
90
92
90
93
91
98
84
105
116
92
116
105
91
94
84
86
82
58
41
25
9
20
27
13
22
19
13
-16
-14
-11
-14
-31
-49
-48
-79
-87
-98
-102
-100
-102
-90
-82
-86
-70
-42
-52
-38
-39
-48
-44
-50
-47
-33
-9
-9
-6
7
-6
-5
15
12
29
28
29
27
24
24
31
60
65
87
88
95
116
130
157
191
190
183
214
224
235
251
252
258
254
273
285
285
286
279
281
281
278
263
252
253
255
257
270
280
263
265
264
270
292
274
277
268
246
253
239
235
212
196
186
170
160
154
142
127
119
108
101
78
47
35
35
13
18
39
31
30
0
2
2
-2
3
0
-4
-22
-29
-33
-19
-39
-54
-49
-50
-56
-63
-77
-110
-129
-156
-135
-152
-161
-155
-162
-134
-124
-120
-103
-104
-105
-92
-87
-60
-40
-34
-22
-9
10
35
47
46
51
63
62
66
112
132
127
133
132
144
144
127
133
138
143
122
136
161
148
152
152
169
174
163
146
152
176
182
182
182
187
192
186
200
212
204
192
180
169
168
151
133
142
136
128
120
104
132
134
111
95
69
61
69
66
72
74
63
54
50
50
52
41
28
15
10
26
24
17
3
1
-18
-27
-14
-31
-53
-59
-57
-57
-47
-47
-48
-28
-12
-7
-3
-3
4
6
10
25
38
45
68
89
108
123
109
120
133
134
119
104
88
77
60
51
67
78
82
85
84
93
84
80
88
78
87
85
99
98
85
81
77
68
66
73
61
59
52
61
75
60
55
46
29
32
24
-4
-38
-54
-79
-90
-113
-137
-140
-148
-158
-176
-177
-194
-204
-217
-208
-198
-189
-179
-174
-149
-148
-138
-124
-129
-119
-122
-139
-128
-109
-97
-62
-48
-42
-12
-6
6
48
66
68
79
60
69
96
93
96
116
109
106
107
91
92
149
219
191
164
170
168
183
154
154
262
245
291
340
230
200
241
176
132
260
221
172
221
105
100
110
18
-5
4
-18
-8
8
-28
-1
-27
-122
-127
-90
-129
-73
22
-98
-147
-68
-105
-97
-36
-143
-153
-29
-119
-119
-65
-175
-146
-91
-167
-133
-88
-154
-102
-57
-125
-83
-51
-97
-46
-25
-66
-33
-7
-31
-9
-9
-51
4
8
-13
24
14
-19
-22
-22
-38
-15
-10
-26
30
21
-3
4
4
0
5
15
25
34
42
39
49
77
64
57
70
77
87
101
86
83
83
73
68
77
79
63
57
49
54
48
29
25
25
19
9
14
18
6
-2
-21
-21
-24
-24
-36
-35
-43
-52
-56
-60
-45
-57
-63
-64
-69
-64
-63
-64
-64
-74
-95
-105
-104
-99
-91
-87
-91
-89
-92
-78
-85
-97
-101
-102
-90
-91
-86
-89
-78
-69
-61
-42
-22
-10
14
45
53
70
63
70
76
84
105
111
133
142
117
115
125
111
104
85
76
78
77
76
54
32
0
-2
7
17
27
26
24
18
22
18
13
-16
-22
-7
10
7
-5
-3
0
24
38
52
52
57
60
56
61
65
69
70
72
81
83
82
82
79
67
76
72
66
75
59
65
73
75
80
72
68
99
108
93
82
84
78
67
40
28
54
57
34
8
-35
-19
32
3
-8
12
-8
11
36
8
9
15
-29
-14
-2
-55
-48
-49
-80
-55
-53
-70
-20
-12
-39
-8
-21
-37
5
-32
-42
-23
-40
-23
-12
-35
-40
-16
-34
-12
16
-2
-3
0
-7
11
26
-2
-8
-16
5
26
42
51
44
41
30
40
41
33
7
-16
-17
-29
-40
-52
-57
-69
-73
-53
-30
-19
-28
-34
-25
-6
1
-13
-15
-15
-35
-33
-14
-21
-32
-37
-25
-4
-11
12
12
-9
10
-3
12
17
4
9
-9
-5
7
-13
-22
-27
-37
-21
-32
-40
-30
-37
-31
-29
-20
-3
-7
8
22
27
40
43
45
30
0
-15
-18
-18
-27
-38
-40
-43
-47
-47
-27
-10
-12
-14
-10
-7
-16
-14
-29
-36
-44
-51
-63
-60
-57
-56
-58
-72
-75
-67
-56
-53
-47
-52
-49
-51
-61
-40
-45
-57
-60
-68
-56
-72
-76
-83
-83
-98
-109
-95
-85
-74
-68
-44
-33
-14
7
20
27
37
18
9
-2
-27
-39
-50
-76
-83
-88
-115
-104
-93
-78
-76
-74
-78
-59
-58
-63
-36
-38
-36
-38
-40
-47
-45
-31
-30
-21
-28
-23
-19
-24
-26
-35
-53
-58
-43
-40
-54
-39
-42
-52
-32
-30
-28
-25
-45
-35
-32
-51
-58
-60
-57
-66
-54
-29
-25
-17
-14
5
4
10
5
-10
-8
-25
-51
-61
-61
-57
-50
-50
-55
-52
-47
-39
-42
-52
-37
-34
-53
-50
-37
-54
-69
-95
-99
-117
-144
-129
-115
-113
-108
-104
-93
-67
-51
-47
-46
-39
-29
-30
-21
-16
-6
-2
-30
-17
-16
-15
-23
-48
-46
-36
-53
-50
-44
-53
-34
-36
-51
-37
-41
-47
-30
-34
-40
-40
-55
-59
-46
-36
-51
-40
-37
-28
-27
-31
-30
-41
-51
-58
-63
-67
-55
-65
-52
-38
-36
-75
-139
-85
-107
-132
-153
-102
-124
-111
-91
-67
-131
-125
-22
-30
-53
-86
-22
-105
-39
-43
-145
-105
9
-85
-139
-71
-78
-150
-66
-11
-159
-62
1
-43
-76
-12
-6
-47
-14
28
-10
-15
22
-42
28
11
-24
2
28
-10
31
63
9
31
43
2
7
43
-11
8
40
-13
17
4
-39
-25
-18
-39
-15
-19
-8
32
12
7
31
25
-15
13
13
-7
18
14
-2
10
-8
-42
-12
-2
-29
-38
-50
-49
-49
-58
-50
-47
-46
-55
-52
-40
-30
-46
-53
-50
-62
-57
-68
-47
-25
-35
-30
-34
-39
-39
-37
-34
-33
-13
-18
-2
-1
-9
13
14
-12
-35
-53
-71
-66
-73
-79
-70
-86
-88
-73
-79
-70
-67
-80
-61
-52
-38
-32
-24
-6
-8
23
37
31
27
11
32
54
51
63
81
87
103
94
94
102
109
99
96
109
109
108
95
91
101
92
81
91
94
92
100
97
97
110
98
90
101
97
103
96
90
91
69
57
38
29
46
23
17
41
18
21
7
5
0
-16
-25
-52
-51
-43
-56
-58
-59
-69
-56
-58
-64
-68
-65
-83
-84
-61
-63
-63
-85
-78
-64
-74
-88
-86
-94
-93
-94
-123
-113
-136
-137
-128
-135
-153
-164
-172
-181
-167
-141
-143
-139
-118
-115
-109
-102
-88
-79
-56
-56
-56
-43
-38
-24
-20
-7
-10
6
14
31
47
30
13
4
-3
-7
-10
-17
-5
-3
-31
-34
-39
-62
-64
-55
-51
-48
-48
-46
-36
-47
-49
-32
-35
-20
-8
14
25
30
31
25
18
25
35
21
10
3
11
23
6
21
22
18
31
16
24
42
37
46
44
39
39
20
55
40
-27
49
68
4
27
68
3
9
63
13
4
34
35
8
13
-9
-9
4
-14
-38
-24
-6
-53
-4
-23
-14
-13
-10
-3
18
31
-3
14
27
21
5
37
34
41
54
78
59
60
51
46
54
53
68
64
61
