-44
-53
-48
-40
-47
-46
-46
-42
-32
-29
-57
-51
-43
-54
-34
-28
-35
-41
-62
-69
-67
-49
-41
-48
-49
-43
-53
-59
-57
-51
-38
-41
-47
-48
-51
-40
-28
-12
2
5
-5
-10
-7
-14
-17
-9
12
18
14
11
7
6
6
1
9
19
1
-10
-3
2
-14
-9
5
-8
1
-5
-31
-35
-23
-21
-18
-34
-36
-20
-11
-7
-7
-11
-15
-16
-21
-13
-24
-27
-7
-8
-6
-12
4
22
26
10
3
-9
-12
-6
10
0
1
9
2
16
20
30
31
37
47
43
43
51
67
73
69
72
75
67
62
74
74
86
88
83
97
93
89
77
84
100
120
127
120
115
135
138
141
129
114
112
95
104
112
117
126
117
126
135
117
107
98
104
97
85
89
92
82
76
69
55
46
39
43
40
14
23
38
43
36
19
32
45
50
56
55
53
48
33
42
53
43
21
13
12
13
26
31
38
35
34
38
27
27
22
8
9
4
-1
8
21
23
22
14
23
15
8
7
5
9
-1
3
7
15
27
10
24
29
27
42
52
49
26
9
10
1
-2
3
15
-3
-21
-16
-19
-14
-28
-25
-25
-32
-36
-38
-41
-41
-36
-30
-20
-20
-13
-22
-22
-12
9
10
25
21
16
32
35
45
51
47
52
40
32
34
48
61
59
66
72
88
90
94
81
91
95
101
112
116
117
109
103
115
119
111
110
110
112
115
114
104
107
100
96
98
81
77
68
79
99
97
98
88
83
77
61
47
58
57
36
28
33
35
30
34
45
34
25
7
-1
-19
-31
-36
-22
-17
-29
-21
-32
-28
-37
-30
-21
-27
-31
-27
-33
-43
-50
-52
-50
-55
-32
-34
-31
-11
-23
-18
-11
1
21
27
34
44
35
29
36
30
6
24
31
33
28
18
25
31
33
35
39
29
32
26
47
61
49
32
12
21
22
30
31
28
25
24
21
13
1
6
-6
-29
-38
-38
-39
-44
-44
-41
-36
-36
-31
-28
-31
-47
-40
-38
-30
-22
-26
-33
-35
-19
-6
-2
-2
-26
-32
-31
-23
-13
-17
-10
-5
-4
-9
11
18
23
29
26
34
48
48
54
64
53
57
53
70
78
90
97
92
71
57
59
54
55
68
85
90
85
80
89
91
87
87
88
86
68
77
67
49
54
56
53
50
46
55
60
44
42
33
31
43
35
27
15
5
-8
-30
-35
-45
-58
-49
-46
-59
-64
-69
-59
-50
-60
-52
-28
-39
-50
-55
-84
-74
-69
-74
-74
-75
-67
-66
-73
-85
-75
-71
-81
-78
-83
-87
-95
-99
-84
-69
-59
-63
-58
-54
-43
-46
-59
-49
-54
-55
-24
-18
-23
-20
-13
-17
9
11
10
14
6
-1
-11
-6
-8
9
27
19
-11
-19
-17
-4
-8
-24
-38
-47
-26
-22
-19
-31
-41
-31
-41
-49
-48
-38
-48
-45
-37
-50
-44
-51
-40
-33
-27
-30
-12
-7
-4
-19
-32
-43
-41
-14
-7
10
20
1
4
12
4
11
4
1
12
12
23
19
13
11
26
44
48
51
52
55
62
60
59
85
96
91
75
59
56
55
65
44
40
42
28
24
18
7
-11
-15
-24
-31
-36
-19
3
-5
-11
2
-7
-17
-17
-11
-24
-20
-19
-25
-31
-41
-40
-24
-29
-46
-37
-40
-54
-46
-26
-20
-26
-26
-22
-41
-25
-26
-21
-16
-9
8
-11
-10
-30
-24
6
16
16
16
10
-9
-2
11
-4
-32
-35
-27
-24
-25
-24
-47
-54
-22
-7
-5
-7
-4
-2
6
10
5
12
9
-5
-7
-33
-32
1
10
17
0
-4
-13
-22
-22
-15
-25
-8
7
3
8
-7
-8
-13
8
8
-1
2
14
24
28
30
4
11
20
17
15
14
31
48
57
36
42
63
49
58
65
59
48
48
43
25
30
19
15
20
34
60
62
41
38
49
58
58
48
44
34
31
37
42
36
50
56
50
40
46
51
35
15
-2
3
16
0
-11
4
7
5
5
-18
-24
-23
-32
-35
-44
-48
-29
-25
-25
-22
-29
-25
-32
-42
-51
-45
-50
-48
-42
-51
-62
-57
-47
-51
-60
-56
-58
-50
-46
-44
-52
-71
-84
-78
-69
-72
-68
-46
-28
-35
-28
-33
-17
1
-2
-6
-6
1
4
5
-11
2
0
13
16
8
14
11
7
11
13
9
5
21
16
15
16
6
10
3
8
21
25
12
3
-15
-22
-27
-32
-20
-24
-33
-31
-42
-37
-25
-38
-50
-53
-48
-58
-56
-52
-57
-52
-52
-35
-28
-38
-41
-57
-52
-32
-38
-41
-43
-49
-43
-28
-25
-25
-15
-18
-25
-37
-36
-35
-27
-28
-26
-19
-12
-7
0
11
-1
-10
-15
1
5
8
20
23
31
31
23
16
5
-14
-25
-24
-14
-21
-27
-8
-14
-24
-20
-17
-8
-9
-8
-12
-10
-22
-44
-49
-62
-54
-51
-43
-34
-33
-28
-10
0
4
-2
-7
-8
-21
-23
-47
-51
-37
-28
-8
-6
-12
6
-18
-36
-17
-4
-4
4
8
-4
-6
-8
-16
-3
5
7
0
-19
-24
-16
-18
-22
-28
-33
-26
-11
-11
-13
9
1
-5
-11
-10
-28
-38
-29
-39
-35
-37
-35
-43
-27
-8
-6
-5
-1
-6
-9
-11
-19
-14
-5
1
6
2
-7
-27
-31
-25
-38
-30
-4
7
0
-3
-9
-6
-2
1
-3
13
6
-2
-6
-16
-15
-21
-37
-33
-44
-42
-29
-32
-24
-16
-20
-30
-28
-29
-18
-26
-23
-22
-36
-44
-41
-12
-4
18
38
45
32
35
45
46
45
44
51
52
57
64
68
64
69
48
51
52
38
52
62
59
75
73
60
59
50
68
65
56
59
59
58
56
49
48
36
46
52
41
34
43
42
27
35
22
17
7
7
24
33
16
4
-3
-18
-13
-16
-10
-13
-27
-22
-18
-23
-30
-21
3
8
-19
-34
-23
-24
-27
-22
-21
-29
-44
-55
-47
-44
-41
-34
-15
-8
-1
14
6
9
4
3
18
25
15
21
18
30
29
33
50
40
34
40
39
50
73
49
64
65
51
55
34
40
50
56
40
45
51
49
54
48
40
33
20
12
17
12
-4
10
7
9
7
0
8
4
-8
-2
4
3
-5
-12
-17
-22
-30
-31
-31
-46
-46
-21
-21
-20
-15
-21
-21
-20
2
2
11
24
27
23
23
33
11
13
31
44
64
55
44
40
57
54
69
84
74
75
69
92
103
93
85
73
65
71
79
81
73
81
75
90
94
99
102
88
99
76
69
63
52
62
71
58
63
63
54
56
48
37
24
17
24
26
0
-5
7
4
10
2
-5
-13
-13
0
13
25
26
19
20
14
2
-4
-2
-15
-9
-11
-13
-11
-28
-24
-23
-20
-29
-11
-9
-12
7
21
32
20
14
7
6
11
-9
2
21
25
26
45
34
11
-14
-9
20
21
20
24
31
25
21
3
-10
-18
-11
1
5
16
-1
-10
-13
-11
-1
11
22
8
17
19
22
26
10
-7
-11
-14
-8
17
16
12
2
-1
-5
2
13
13
-7
-25
-17
-11
-18
-19
-12
-27
-23
-21
-12
-3
-15
-26
-22
-26
-34
-21
-12
-10
-8
-6
-7
1
0
1
1
5
22
29
43
44
20
14
8
23
24
26
16
29
50
42
44
38
35
22
23
39
68
82
92
72
62
75
57
54
57
58
58
38
40
54
56
59
62
59
47
42
40
38
37
18
3
8
0
9
18
16
2
-10
-14
-10
-6
-7
-3
-21
-12
-2
-11
-10
4
-9
-20
-17
-17
-8
-3
-5
-29
-28
-33
-37
-29
-26
-18
-24
-21
-28
-33
-39
-29
-29
-52
-46
-46
-40
-45
-48
-42
-50
-51
-38
-29
-33
-36
-45
-41
-40
-42
-43
-41
-24
-15
-26
-31
-42
-39
-29
-35
-22
-12
-9
-3
4
3
-20
-35
-40
-38
-38
-41
-45
-58
-75
-61
-49
-58
-61
-66
-57
-61
-80
-73
-52
-56
-72
-73
-83
-97
-104
-110
-109
-107
-78
-70
-77
-77
-67
-71
-74
-68
-73
-60
-60
-51
-41
-28
-29
-33
-26
-15
1
9
24
2
-18
-9
-9
-10
-8
-9
1
6
13
8
14
16
24
27
18
1
-8
-17
-16
-13
-14
-6
9
0
6
10
-1
-13
-8
-4
-7
10
4
-4
-29
-26
-29
-33
-48
-65
-52
-46
-35
-33
-33
-44
-49
-48
-54
-39
-34
-30
-42
-56
-60
-73
-78
-72
-68
-67
-53
-59
-60
-59
-85
-95
-77
-64
-75
-76
-84
-110
-113
-121
-112
-111
-118
-100
-107
-124
-135
-144
-138
-129
-121
-114
-118
-121
-115
-121
-124
-118
-105
-111
-122
-128
-112
-106
-89
-85
-81
-85
-100
-93
-98
-89
-103
-103
-105
-85
-77
-80
-78
-90
-95
-99
-106
-99
-94
-103
-104
-89
-87
-95
-77
-69
-62
-64
-61
-51
-61
-65
-65
-74
-81
-77
-69
-78
-99
-94
-99
-101
-100
-88
-77
-69
-69
-86
-101
-105
-100
-97
-112
-111
-118
-121
-127
-129
-110
-93
-106
-109
-106
-115
-125
-117
-106
-117
-129
-121
-109
-119
-119
-116
-116
-117
-86
-65
-57
-69
-78
-55
-43
-37
-48
-56
-45
-45
-46
-42
-33
-43
-16
-10
-20
-11
-11
-12
-11
3
-5
-24
-42
-31
-23
-11
-7
-14
-21
-37
-45
-48
-25
-23
-30
-23
-32
-26
-22
-39
-23
-24
-19
-5
1
-12
-20
-33
-23
-15
-24
-36
-42
-61
-55
-50
-59
-47
-40
-24
-33
-40
-41
-30
-32
-43
-42
-48
-68
-73
-75
-84
-87
-89
-95
-102
-95
-90
-92
-64
-60
-53
-51
-58
-60
-52
-34
-32
-16
-39
-48
-38
-46
-56
-62
-73
-61
-54
-52
-53
-37
-20
-24
-32
-43
-39
-27
-34
-20
-7
-9
-23
-28
-13
-6
-11
-11
2
4
-5
2
17
34
39
24
16
8
5
20
7
7
14
14
10
27
29
22
20
13
24
38
52
56
68
78
77
75
72
61
66
68
82
64
47
57
49
59
73
74
78
91
78
71
54
50
67
55
60
67
52
29
25
31
28
37
55
62
73
86
87
86
77
68
65
58
55
51
32
46
59
68
50
41
40
48
60
51
46
48
54
55
47
47
47
34
27
11
0
10
18
5
-19
-12
-18
-35
-41
-33
-30
-49
-41
-37
-37
-37
-46
-63
-58
-55
-61
-63
-74
-77
-75
-69
-74
-81
-77
-62
-49
-69
-73
-64
-57
-47
-47
-61
-49
-42
-53
-68
-72
-64
-68
-73
-60
-39
-34
-36
-7
9
-9
-19
-2
-1
7
-1
-17
2
-8
-21
-15
-5
26
38
46
35
26
39
47
49
66
77
89
99
93
110
112
103
123
133
131
134
119
121
129
146
158
166
159
167
169
164
160
141
141
148
158
157
163
163
138
124
129
120
129
137
117
118
121
121
121
120
115
122
124
120
108
111
106
103
108
103
98
77
82
80
60
63
60
67
64
62
76
75
81
97
94
101
94
99
109
101
79
72
73
69
67
45
31
23
23
25
17
6
17
-6
-14
3
-11
-14
-6
-28
-48
-41
-36
-43
-52
-53
-49
-58
-54
-49
-42
-23
-21
-14
-18
-17
-29
-43
-25
-1
10
22
35
65
52
43
46
36
27
38
40
23
21
15
19
20
14
9
10
-3
14
30
41
34
41
50
44
58
59
63
60
44
61
95
90
101
98
81
83
93
92
103
125
103
118
121
105
96
102
104
106
124
124
128
144
150
151
144
145
158
145
158
159
143
135
131
125
111
106
116
129
133
137
132
127
138
148
139
139
139
139
148
153
155
150
157
152
135
149
157
132
121
128
132
131
132
129
119
109
115
109
89
95
90
72
72
46
44
67
52
62
60
42
22
14
39
44
35
32
26
11
15
18
8
2
-12
-1
11
1
7
13
16
6
-8
3
17
9
1
0
19
24
23
22
11
-11
-1
12
10
17
23
29
25
26
33
34
27
30
8
8
20
20
16
17
9
23
32
20
22
28
31
34
43
45
36
38
49
49
48
47
49
53
46
61
81
67
70
65
53
63
65
72
91
102
104
86
77
66
63
79
88
88
83
81
70
48
50
56
47
59
69
57
45
56
72
56
68
64
51
63
47
59
58
77
72
66
65
60
72
74
73
78
77
75
71
77
74
57
58
57
64
82
84
74
78
75
86
95
85
76
84
93
94
80
61
41
35
39
27
27
44
50
28
41
46
38
38
51
47
40
48
38
49
55
57
62
60
59
50
55
52
56
67
63
54
41
42
58
47
36
55
55
60
43
20
15
19
20
14
-3
-22
-8
3
-16
-12
-19
-17
-15
-18
-18
-33
-38
-42
-40
-44
-40
-33
-14
-6
-10
-8
-1
8
20
33
10
11
17
22
28
49
45
40
40
33
46
36
43
41
51
46
33
36
33
35
51
56
39
49
46
40
63
57
43
68
49
52
64
54
57
49
62
62
64
68
66
63
74
69
66
63
55
63
46
57
58
47
55
45
36
34
24
30
41
31
36
47
48
49
49
55
76
65
56
57
45
54
66
76
82
91
84
78
88
97
99
97
106
104
106
97
99
93
84
83
79
94
113
128
118
121
115
111
110
113
105
108
108
109
108
98
91
85
75
64
73
77
66
60
50
36
35
27
29
31
21
0
-2
-12
-11
-10
-21
-1
0
-6
-22
-3
4
-15
-24
-34
-42
-48
-59
-66
-66
-67
-59
-48
-36
-37
-32
-43
-29
-16
-1
-3
-11
0
4
4
-4
10
17
10
10
12
9
5
12
27
40
31
42
58
38
35
30
30
42
39
38
51
56
46
55
46
43
49
52
47
56
69
62
54
71
76
68
58
45
55
69
66
99
110
70
85
69
77
94
92
94
97
63
65
72
77
66
58
66
35
48
41
9
29
40
43
73
47
49
48
47
38
55
71
68
68
58
78
67
80
80
76
84
93
88
86
96
87
95
99
97
89
91
80
81
87
72
73
90
94
86
81
84
86
80
68
60
48
50
52
46
37
14
5
6
6
2
-3
-1
9
15
10
1
-6
3
3
-2
4
-4
-4
17
19
2
-7
-10
-14
-18
-7
-15
-18
-5
-19
-19
-27
-33
-34
-19
-16
-31
-37
-33
-24
-13
-24
-37
-47
-59
-68
-73
-64
-55
-60
-60
-67
-70
-54
-36
-25
-25
-34
-22
-21
-12
12
8
4
18
7
0
-1
-17
-17
-11
13
36
39
29
23
20
22
23
18
29
27
19
37
38
35
38
29
23
20
28
44
43
44
42
31
36
26
12
17
7
19
30
30
25
17
34
33
32
31
29
41
42
36
43
41
29
36
53
41
28
24
23
21
34
36
47
53
43
46
28
31
47
60
46
35
27
3
14
20
20
16
7
6
8
8
-2
-23
-22
-6
9
17
10
16
12
22
29
32
23
22
9
-1
-3
-27
-18
-8
-11
-15
-22
-9
10
7
16
-3
-4
-11
-30
-31
-41
-38
-22
-29
-38
-28
-46
-43
-41
-39
-32
-38
-43
-37
-42
-53
-54
-55
-60
-56
-63
-75
-75
-78
-69
-71
-63
-45
-42
-34
-47
-44
-44
-38
-1
-25
-37
-36
-32
-24
-23
-9
-10
-22
-16
-14
-22
-25
-40
-28
-46
-48
-34
-47
-27
-26
-30
-36
-22
-33
-26
-4
-23
-31
-33
-17
-22
-25
-21
-22
-14
-5
2
-3
-12
-16
-22
-11
-13
-8
-5
0
-15
-40
-37
-36
-35
-34
-39
-66
-61
-60
-60
-57
-74
-54
-47
-62
-55
-39
-22
-22
-46
-54
-58
-53
-33
-10
-2
-11
-8
1
-3
-3
2
-10
-11
-3
7
34
42
22
11
14
-6
-29
-4
0
-8
-21
-21
-36
-44
-25
-34
-30
-17
-14
-16
-41
-46
-48
-66
-76
-89
-64
-50
-42
-32
-64
-63
-71
-63
-80
-98
-85
-85
-79
-61
-41
-43
-36
-36
-54
-56
-76
-95
-77
-70
-87
-84
-81
-95
-94
-87
-64
-75
-79
-70
-74
-69
-72
-71
-62
-60
-78
-88
-85
-83
-87
-70
-77
-103
-92
-90
-93
-84
-55
-33
-44
-54
-75
-76
-77
-83
-83
-72
-65
-65
-50
-55
-65
-71
-79
-81
-74
-68
-72
-76
-85
-100
-115
-108
-120
-130
-126
-132
-135
-152
-139
-125
-127
-130
-131
-103
-102
-122
-122
-131
-135
-129
-107
-104
-112
-114
-117
-101
-103
-91
-77
-65
-65
-71
-54
-66
-72
-71
-82
-95
-92
-103
-92
-90
-91
-69
-91
-106
-99
-93
-104
-112
-104
-118
-117
-96
-84
-81
-86
-104
-123
-124
-123
-101
-116
-123
-115
-109
-118
-123
-111
-104
-109
-109
-95
-98
-95
-107
-102
-97
-94
-82
-79
-54
-62
-84
-72
-58
-60
-57
-63
-50
-60
-58
-33
-30
-38
-38
-44
-45
-41
-52
-49
-45
-47
-54
-64
-76
-75
-72
-75
-74
-69
-77
-77
-63
-60
-68
-77
-88
-83
-80
-82
-98
-99
-108
-120
-118
-108
-99
-95
-120
-140
-132
-124
-122
-136
-154
-143
-142
-156
-138
-138
-138
-154
-147
-153
-152
-129
-119
-120
-124
-126
-131
-114
-114
-117
-134
-149
-146
-153
-146
-123
-124
-116
-101
-110
-111
-122
-120
-107
-107
-102
-93
-73
-57
-74
-74
-87
-105
-115
-94
-85
-84
-80
-99
-91
-91
-92
-82
-72
-76
-85
-80
-70
-72
-77
-76
-82
-70
-65
-89
-96
-103
-97
-93
-82
-91
-98
-88
-93
-85
-83
-79
-68
-68
-77
-80
-85
-85
-77
-62
-63
-72
-57
-53
-76
-69
-63
-61
-61
-64
-51
-41
-47
-35
-38
-43
-43
-60
-56
-41
-45
-37
-32
-51
-47
-61
-59
-67
-72
-78
-73
-40
-45
-37
-40
-50
-46
-55
-69
-72
-71
-60
-58
-49
-40
-39
-43
-59
-69
-88
-81
-73
-76
-77
-75
-73
-79
-72
-67
-66
-72
-80
-67
-60
-69
-61
-52
-60
-46
-56
-62
-62
-90
-91
-81
-91
-84
-83
-85
-88
-87
-88
-92
-92
-85
-84
-82
-81
-81
-83
-98
-102
-105
-79
-76
-79
-70
-67
-71
-55
-72
-66
-48
-45
-35
-48
-44
-45
-38
-33
-36
-28
-23
-1
-1
-17
-36
-50
-46
-33
-21
-23
-21
-15
-17
-15
-15
-22
-25
-16
-7
-20
-26
-36
-33
-31
-27
-21
-25
-22
-22
-33
-23
-14
-1
9
8
-3
1
-17
-34
-21
-3
-9
-23
-16
-15
0
14
4
-9
-10
-9
-22
-24
-9
-4
0
-1
-17
-21
0
3
0
-2
-6
-15
-15
-18
-9
-1
3
11
-1
3
9
19
4
-3
-14
-29
-25
-28
-15
-18
-27
-47
-36
-32
-25
-52
-47
-27
-32
-28
-38
-34
-46
-33
-24
-35
-30
-28
-21
1
12
7
0
4
23
16
-3
2
-7
-9
1
14
12
9
25
39
36
31
15
-1
14
25
34
30
17
21
17
12
-10
-18
-16
-12
-11
-21
-9
-4
10
-4
-10
5
13
26
26
20
9
18
23
25
24
24
37
37
45
31
25
26
39
57
40
43
57
67
74
72
75
86
75
85
103
105
115
111
109
99
76
82
81
81
92
82
76
91
98
88
86
74
71
88
94
110
113
93
74
63
73
89
87
79
65
63
69
53
54
54
50
69
73
45
28
30
38
40
31
34
37
44
42
48
52
56
75
81
66
56
41
42
46
50
50
56
50
39
51
61
49
36
37
54
46
33
47
47
33
27
13
22
17
6
23
8
3
16
8
1
-15
-4
9
2
11
7
17
18
42
53
36
19
14
21
17
31
19
4
6
13
27
46
40
52
65
81
88
98
103
100
101
104
74
61
83
100
106
106
107
126
145
133
130
105
104
128
123
110
102
99
94
98
98
62
71
81
64
41
37
42
42
55
51
48
39
29
40
54
64
71
69
50
37
40
45
54
36
12
12
20
39
46
48
65
50
35
30
9
3
9
2
3
7
5
5
9
34
28
36
47
19
-16
-43
-52
-55
-51
-52
-36
-40
-49
-45
-33
-31
-17
7
-6
-29
-14
-4
-4
-2
-9
2
-3
-22
-28
-28
-10
-6
-19
-6
-19
-35
-32
-27
-30
-39
-30
-27
-37
-30
-18
-13
-3
20
21
15
1
4
4
2
2
15
19
-4
-9
-4
-2
-8
-6
-12
-4
10
4
-4
-17
-9
-10
-15
-24
-36
-48
-61
-55
-48
-30
-20
-17
-43
-42
-22
-15
3
10
8
2
13
3
3
8
0
-5
4
-4
-33
-10
-1
-17
-9
-3
-15
-4
-6
-34
-49
-78
-85
-75
-80
-65
-65
-54
-58
-59
-23
-14
-26
-27
-30
-45
-34
-20
-16
-18
-32
-47
-40
-7
-5
-3
14
11
-1
-17
2
17
35
42
32
23
21
15
26
41
48
45
33
40
52
72
75
68
66
51
27
20
14
7
6
12
29
28
13
15
0
-33
-47
-46
-32
-32
-39
-39
-41
-55
-72
-65
-39
-38
-40
-37
-37
-37
-39
-39
-36
-37
-34
-36
-32
-36
-24
-11
-19
1
32
39
23
17
8
16
11
0
13
15
7
10
16
31
59
62
46
46
50
52
62
64
54
36
36
44
22
21
39
25
18
15
3
0
14
5
-2
7
15
12
-8
-7
6
6
6
13
7
10
16
7
12
2
11
8
10
41
48
52
63
39
18
14
-3
11
6
-2
-6
-7
-26
-36
-47
-41
-39
-28
-14
-30
-40
-27
-26
-32
-37
-54
-63
-63
-56
-55
-37
-34
-49
-31
-42
-53
-39
-40
-40
-34
-37
-44
-25
-13
-5
-16
-20
-12
-1
22
22
16
19
32
29
24
28
29
21
24
16
17
43
68
80
93
68
28
26
30
59
69
70
67
71
52
50
35
14
23
13
21
31
13
-7
-10
-16
-15
-34
-35
-48
-46
-32
-29
-40
-55
-48
-50
-38
-26
-31
-41
-42
-49
-57
-63
-57
-63
-70
-65
-65
-65
-41
-48
-61
-46
-69
-74
-59
-50
-57
-59
-58
-44
-27
-17
-13
-20
-26
-26
-10
-18
-5
4
16
9
8
0
-19
13
6
9
28
27
30
7
16
22
4
16
27
53
33
23
0
-17
-10
-9
6
-4
-23
-26
-17
-5
-1
-9
-21
-25
-26
-38
-30
-29
-50
-55
-38
-45
-46
-47
-60
-50
-41
-41
-42
-22
-23
-27
-17
-31
-41
-56
-58
-28
-11
-3
-9
-7
5
-2
6
22
8
-1
19
36
39
56
63
60
65
66
49
51
71
83
76
97
78
67
58
32
18
17
-11
-13
-43
-43
-85
-82
-142
-235
-464
-762
-1203
-1909
-2758
-3008
-2686
-1864
-843
-1414
-1150
-1551
-1958
-1647
-1730
-1575
-832
517
1140
1025
642
-453
106
712
1635
2334
2060
1819
1595
1636
1272
1400
1975
2017
2624
2564
1740
1004
404
-32
356
467
643
536
627
454
305
507
432
291
-23
-264
-516
-781
-444
-439
-330
-79
-466
-286
-958
-954
-1432
-1288
-1060
-1033
-575
-704
-756
-777
-1021
-748
-867
-585
-618
-576
-449
-613
-322
-445
-341
-85
-151
112
129
123
208
147
183
186
243
220
284
470
560
704
808
782
861
994
1050
1121
1387
1564
1921
2246
2427
2792
2878
2699
2671
2287
2287
2138
2180
2182
2202
2201
1883
1607
1155
538
295
-337
-701
-1058
-1225
-1333
-1481
-1632
-1990
-2173
-2526
-2821
-2977
-3200
-3232
-3281
-3279
-3187
-3072
-2709
-2504
-2124
-1814
-1543
-1178
-1103
-856
-648
-462
-189
-111
107
198
374
559
627
767
532
309
146
-154
-50
20
252
476
745
857
977
940
1200
1361
1724
1914
2076
2438
2715
2968
3561
3833
4409
4734
4972
5137
4920
4594
4282
3583
3118
2612
1984
1884
1274
1137
872
390
12
-697
-1370
-1932
-2617
-3058
-3652
-4003
-4248
-4318
-4376
-4140
-4102
-3890
-3775
-3857
-3747
-3857
-3898
-3702
-3638
-3304
-2758
-2277
-1800
-1392
-1211
-904
-879
-947
-797
-991
-852
-986
-887
-745
-673
-404
-126
38
138
316
291
402
453
614
1067
1434
2011
2936
3338
4444
5271
5883
6853
6883
7463
7676
7535
6938
5420
4770
3798
3665
3348
3222
3647
3328
3163
2078
1312
509
-465
-1297
-2834
-3654
-4817
-5379
-5769
-6008
-5582
-5558
-5197
-5457
-5371
-5020
-4895
-4432
-4452
-4236
-3974
-3906
-3407
-2829
-1889
-1240
-674
-227
73
347
291
487
399
316
180
71
247
186
445
636
517
290
-229
-596
-1010
-1469
-1711
-1804
-1778
-1660
-1392
-927
-175
291
1083
1505
2105
2831
3253
4095
4586
5240
5888
6399
7153
7197
7081
6528
6372
5960
5649
5194
4861
4622
3961
3205
2295
1477
986
126
-632
-1777
-2640
-3618
-4337
-5085
-5660
-5860
-6184
-6378
-6591
-6550
-6185
-5780
-5385
-4853
-4531
-4251
-4160
-3923
-3473
-3093
-2767
-2335
-1875
-1339
-948
-477
-5
327
477
617
606
552
520
402
363
219
43
69
21
114
232
449
684
770
909
1167
1401
1968
2252
3358
3831
4882
5323
6010
6789
7321
7280
5814
5506
4446
4222
3462
2944
3378
3134
3170
2559
1962
2237
1420
1445
-83
-620
-2390
-3055
-4392
-5191
-5220
-5714
-5424
-5767
-5518
-4691
-4326
-3650
-3257
-2838
-2508
-2817
-2925
-3022
-2586
-2814
-2361
-2278
-1706
-1385
-1227
-404
128
269
485
289
282
-160
-561
-654
-905
-1410
-1507
-1591
-1504
-1399
-1251
-675
-571
-466
-323
-101
-39
188
293
945
1304
1974
2751
3807
4582
5633
6490
7464
7748
6608
6392
5782
5390
4785
4067
4223
4030
3532
3289
2655
2981
2358
2212
1219
557
-827
-1781
-2790
-3959
-4326
-5020
-5439
-5797
-6071
-5259
-4742
-4226
-3462
-3101
-2515
-2849
-2801
-2737
-2346
-2627
-2658
-2460
-2253
-1961
-1887
-1222
-346
-368
-19
-82
139
-55
-448
-450
-840
-1301
-1722
-1852
-2046
-2074
-1866
-1584
-1227
-1287
-857
-509
-499
-129
47
743
1007
1670
2486
3510
4215
5035
5959
6857
6194
5968
5968
5563
5302
4408
4642
4614
4076
3827
3189
3284
2979
2771
2510
1771
1138
-90
-324
-1818
-2193
-2978
-3568
-3934
-4823
-4209
-4080
-3790
-3288
-2778
-1985
-2141
-1842
-1807
-1390
-1897
-2431
-2366
-2998
-2940
-3538
-3235
-2548
-2652
-2253
-1927
-1452
-1371
-1468
-1391
-1463
-1951
-2677
-2744
-3325
-3434
-3403
-3247
-2725
-2668
-1953
-1225
-844
-183
266
1069
1259
1899
2671
3519
4145
4741
5975
6817
6803
6248
6964
6525
6641
5868
5921
5987
5194
4690
4022
3631
3557
3070
3043
2230
2008
984
816
-288
-1012
-1263
-2501
-2904
-4172
-3838
-3886
-3880
-3457
-2896
-2332
-2349
-2149
-1713
-1467
-1535
-2171
-1944
-2517
-2744
-3118
-3206
-2690
-2863
-2680
-2478
-2108
-1994
-1995
-1942
-1975
-2050
-2767
-2977
-3465
-3806
-3821
-4164
-3956
-3963
-3659
-3122
-2703
-2058
-1206
-580
88
660
1753
2699
3603
4404
5305
6203
6954
6954
6609
7295
6806
7134
6652
6791
6802
6305
5863
5373
4895
4669
3902
3600
2708
2395
1213
847
-13
-650
-1043
-2129
-2518
-3503
-3575
-3871
-4013
-3892
-3656
-3423
-3397
-3117
-2791
-2502
-2440
-2810
-2578
-2903
-3127
-3434
-3837
-3449
-3826
-3865
-3885
-3473
-3317
-3079
-2961
-2549
-2459
-3031
-3123
-3476
-3655
-3939
-4201
-4091
-4109
-3914
-3535
-2721
-2160
-853
-207
852
1657
2652
3767
4641
5430
6310
7036
7732
7072
7052
7235
6964
7206
6641
7196
6808
6496
5873
5546
5152
4889
4333
3927
2968
2473
1261
1122
-147
-324
-1190
-1939
-2677
-3509
-3378
-3768
-3585
-3610
-3216
-3171
-3197
-2955
-2813
-2539
-2815
-2959
-2975
-3476
-3635
-4127
-4141
-3953
-4293
-4139
-4238
-3868
-3804
-3575
-3484
-2973
-3076
-3284
-3373
-3655
-3662
-4038
-4190
-4152
-4162
-3977
-3507
-2969
-2142
-1291
-269
725
1704
3000
4044
5174
5774
6697
7235
7979
7322
7242
7488
7088
7351
6711
7178
6995
6530
6323
5782
5698
5021
4779
4166
3378
2824
1570
1436
-43
-424
-1377
-2149
-2810
-3645
-3511
-3986
-3857
-4019
-3610
-3489
-3582
-3322
-3291
-2967
-3231
-3369
-3260
-3689
-3792
-4285
-4317
-4132
-4299
-4191
-4094
-3724
-3580
-3263
-3114
-2584
-2669
-2956
-2984
-3197
-3346
-3639
-3816
-3838
-3947
-3974
-3477
-3099
-2419
-1615
-634
202
1304
2318
3692
4585
5459
6437
7077
7873
7583
7260
7680
7108
7339
6806
7047
6989
6647
6547
6085
6096
5543
5640
5084
4367
3903
2743
2413
1179
386
-264
-1340
-2006
-3029
-2905
-3496
-3411
-3625
-3334
-3164
-3443
-3221
-3225
-2942
-3149
-3349
-3417
-3880
-4067
-4543
-4757
-4791
-4851
-4892
-4880
-4687
-4391
-3979
-3800
-3294
-3004
-3245
-3179
-3338
-3403
-3712
-4050
-4164
-4209
-4393
-4118
-3487
-2910
-1998
-1013
110
1251
2336
3713
4812
5730
6756
7347
8235
7877
7361
7769
7151
7281
6758
6898
7027
6549
6290
6010
6074
5604
5736
5361
4640
4203
2956
2715
1486
607
-120
-1267
-2077
-3269
-3285
-3841
-3838
-4067
-3753
-3499
-3837
-3488
-3436
-2988
-3129
-3294
-3237
-3727
-3986
-4458
-4644
-4722
-4858
-4878
-4764
-4414
-4030
-3450
-3149
-2619
-2137
-2377
-2222
-2505
-2604
-3064
-3584
-4021
-4181
-4463
-4397
-3950
-3487
-2598
-1745
-768
497
1458
2964
3974
4856
5935
6323
7141
7242
6987
6944
7099
6643
6844
6596
6760
6830
6462
6420
6421
6129
6151
5959
5552
4982
4335
3334
2719
1505
602
-266
-1407
-2193
-2988
-3256
-3688
-3744
-3823
-3546
-3602
-3562
-3358
-3233
-3199
-3313
-3454
-3618
-4082
-4453
-4760
-4996
-4917
-5011
-4981
-4827
-4472
-4012
-3556
-3297
-2643
-2437
-2562
-2550
-2815
-2933
-3388
-3772
-3861
-3940
-4136
-3858
-3435
-2824
-1959
-970
115
1219
2529
3795
4905
5751
6820
7285
7846
7288
7021
7465
6572
6891
6176
6469
6335
5882
5979
5731
6026
5643
6037
5527
4948
4784
3492
3472
1776
1246
38
-1126
-1913
-2954
-2864
-3751
-3519
-3799
-3505
-3482
-3640
-3002
-2948
-2691
-2925
-2998
-3054
-3778
-4041
-4623
-4746
-5085
-5285
-5375
-5479
-5010
-4848
-4161
-3945
-3254
-2737
-2859
-2651
-2860
-2854
-3331
-3761
-4011
-4170
-4394
-4414
-3932
-3421
-2601
-1683
-618
688
2024
3404
4701
5766
6794
7573
8007
8405
7662
8191
7532
7234
7115
6580
7019
6289
6437
6026
6223
6028
5916
6225
5332
5461
4248
3792
2836
1433
793
-856
-1345
-2803
-3050
-3754
-4089
-3949
-4172
-3589
-3801
-3237
-2948
-2807
-2603
-2787
-2659
-3230
-3622
-4144
-4618
-4976
-5387
-5475
-5657
-5422
-5220
-4797
-4311
-3969
-3085
-3073
-2853
-2787
-2865
-2953
-3437
-3642
-3887
-4131
-4475
-4244
-3898
-3320
-2480
-1521
-166
1084
2564
4034
5413
6559
7602
8156
8670
7916
8175
7843
7254
7206
6418
6782
6088
5892
5717
5725
5969
5692
6296
5531
5646
4760
4258
3695
2136
1619
-64
-694
-2232
-2726
-3382
-3970
-4023
-4395
-3914
-4157
-3804
-3390
-3196
-2885
-3062
-2829
-3246
-3624
-4177
-4650
-5040
-5613
-5926
-6295
-6247
-6079
-5750
-5187
-4777
-3820
-3501
-3119
-2722
-2588
-2386
-2705
-2883
-3101
-3393
-3700
-3720
-3386
-3078
-2265
-1561
-315
1001
2479
4071
5485
6770
7933
8570
9156
8459
8507
8241
7383
7259
6209
6436
5666
5275
5064
4951
5241
4914
5577
5021
5192
4570
3967
3786
2182
1829
159
-454
-1916
-2661
-3176
-4005
-3971
-4591
-4100
-4358
-4115
-3588
-3399
-2811
-2991
-2539
-2852
-3183
-3666
-4203
-4516
-5155
-5529
-5965
-6034
-6029
-5860
-5346
-5069
-4164
-3806
-3397
-2887
-2764
-2338
-2587
-2707
-2943
-3192
-3592
-3723
-3517
-3311
-2629
-2208
-903
203
1695
3309
4733
6279
7424
8432
8983
8713
8695
8632
7871
7534
6688
6518
5919
5196
4945
4756
4904
4714
5040
4855
4824
4521
3974
3850
2585
2068
675
-186
-1549
-2496
-3130
-4082
-4314
-4930
-4710
-4899
-4725
-4150
-3806
-3163
-3087
-2597
-2555
-2739
-3034
-3461
-3780
-4397
-4941
-5456
-5749
-5877
-5864
-5484
-5202
-4460
-3946
-3639
-2994
-2739
-2211
-2242
-2319
-2465
-2741
-3079
-3338
-3269
-3257
-2781
-2473
-1421
-336
1028
2693
4103
5922
7018
8286
8869
8716
8821
8701
8155
7700
6925
6546
5941
5057
4650
4466
4404
4380
4546
4426
4473
4236
3939
3805
2880
2290
1159
252
-1012
-1946
-2713
-3630
-4120
-4845
-4820
-5129
-5053
-4560
-4130
-3415
-3257
-2736
-2591
-2634
-2805
-3158
-3443
-3991
-4561
-5165
-5464
-5753
-5805
-5561
-5400
-4706
-4214
-3787
-3031
-2720
-2126
-2030
-2017
-2070
-2252
-2583
-2820
-2865
-3026
-2625
-2539
-1699
-815
354
1939
3242
4975
6160
7468
8283
8230
8350
8371
7873
7479
6686
6237
5705
4800
4283
3956
3822
3801
3971
3973
4035
4094
3842
3957
3214
2748
1835
853
-342
-1404
-2111
-3136
-3680
-4454
-4520
-4834
-4946
-4510
-4167
-3497
-3288
-2774
-2529
-2519
-2659
-2857
-3122
-3534
-4033
-4673
-4989
-5364
-5510
-5416
-5383
-4860
-4362
-3986
-3278
-2818
-2166
-1819
-1697
-1692
-1686
-1935
-2187
-2347
-2545
-2336
-2309
-1814
-958
-4
1560
2779
4482
5682
6894
7939
7698
8191
8004
7689
7353
6356
6137
5206
4408
3663
3375
3294
3177
3487
3207
3609
3451
3609
3697
3077
2898
1916
1294
31
-753
-1538
-2513
-3087
-4004
-3990
-4593
-4678
-4420
-4072
-3394
-3301
-2722
-2489
-2364
-2412
-2616
-2771
-3165
-3673
-4314
-4827
-5237
-5500
-5487
-5590
-5134
-4725
-4406
-3780
-3402
-2560
-2206
-2053
-1913
-1877
-1927
-2153
-2159
-2397
-2055
-2149
-1672
-968
-233
1333
2375
3994
5114
6396
7432
7369
7812
7968
7851
7529
6708
6321
5600
4660
3844
3361
3145
2979
3006
2921
3088
3207
3242
3516
3107
2941
2306
1603
580
-282
-851
-1913
-2555
-3450
-3640
-4084
-4456
-4177
-3958
-3284
-3234
-2663
-2416
-2248
-2168
-2370
-2441
-2783
-3203
-3781
-4356
-4826
-5022
-5181
-5402
-5149
-4792
-4584
-4154
-3753
-3046
-2583
-2491
-2276
-2126
-2163
-2281
-2296
-2318
-2172
-2087
-1805
-1165
-457
803
1908
3364
4583
5862
7106
7262
7529
7926
7735
7640
6911
6461
6070
5035
4304
3678
3461
3182
3093
3093
3100
3353
3184
3591
3269
3094
2691
1974
1210
164
-344
-1419
-2148
-3017
-3512
-3838
-4492
-4314
-4223
-3671
-3515
-3129
-2702
-2571
-2381
-2509
-2547
-2819
-3287
-3799
-4421
-4868
-5241
-5369
-5575
-5510
-5020
-4921
-4384
-4043
-3346
-2688
-2585
-2239
-2031
-1877
-1966
-1918
-1950
-1775
-1666
-1465
-768
-312
977
2016
3323
4774
5735
7233
7431
7637
8252
7876
7925
7098
6560
6150
5006
4229
3447
3338
2943
2992
2922
2829
3203
2955
3442
3086
2951
2579
1871
1218
119
-203
-1342
-1905
-2863
-3316
-3623
-4404
-4157
-4207
-3538
-3505
-3133
-2697
-2607
-2357
-2543
-2441
-2720
-3100
-3584
-4274
-4662
-5178
-5263
-5521
-5510
-5107
-4982
-4526
-4152
-3493
-2789
-2597
-2323
-2072
-1915
-2043
-1953
-1963
-1784
-1571
-1459
-771
-271
803
1931
3175
4530
5775
6906
7746
7671
8083
8278
7799
7678
6757
6595
5797
4711
4184
3455
3457
2879
3146
2774
2973
2998
2909
3257
2571
2700
1925
1447
454
-302
-854
-2071
-2516
-3607
-3639
-4392
-4607
-4396
-4280
-3783
-3760
-3132
-2971
-2763
-2713
-2855
-2788
-3276
-3510
-4099
-4604
-4899
-5228
-5176
-5430
-5089
-4803
-4589
-4191
-3773
-3050
-2670
-2454
-2091
-1877
-1642
-1736
-1458
-1429
-1089
-1086
-586
-54
737
1813
2817
4206
5293
6452
7445
7577
7879
8280
8105
7935
7364
6730
6414
5081
4396
3636
3341
3088
2926
2870
2654
2921
2690
3054
2711
2423
2207
1406
777
-299
-690
-1713
-2417
-3229
-3779
-4062
-4825
-4582
-4621
-4096
-3969
-3608
-3226
-3105
-2880
-2997
-2905
-3087
-3329
-3607
-4227
-4444
-4858
-4820
-5134
-5027
-4788
-4579
-4318
-3952
-3390
-2781
-2597
-2213
-1975
-1651
-1646
-1465
-1257
-1045
-862
-735
-207
243
1148
2000
3130
4238
5364
6522
7269
7582
7887
8339
7938
7805
7189
6743
6353
5022
4622
3742
3571
3155
3052
2959
2814
3046
2828
3086
2630
2531
2216
1446
751
-322
-819
-2060
-2722
-3687
-4069
-4596
-5202
-5046
-5102
-4588
-4456
-3991
-3621
-3473
-3215
-3301
-3144
-3281
-3342
-3722
-4194
-4504
-4797
-4809
-5051
-4875
-4550
-4423
-4104
-3705
-3100
-2530
-2269
-1881
-1554
-1347
-1326
-1000
-815
-506
-350
-112
337
762
1610
2462
3516
4505
5584
6554
7254
7435
7773
8163
7714
7681
6999
6728
6196
4993
4680
3859
3770
3216
3178
2914
2763
2919
2639
2886
2269
2230
1826
1123
367
-602
-1061
-2303
-2872
-3802
-4039
-4633
-5158
-4981
-5056
-4485
-4506
-3991
-3710
-3541
-3258
-3397
-3167
-3301
-3293
-3727
-4148
-4342
-4582
-4584
-4886
-4609
-4371
-4368
-4163
-3829
-3202
-2821
-2554
-2186
-1763
-1521
-1423
-918
-762
-408
-232
-91
461
762
1647
2452
3330
4426
5321
6409
6934
7123
7679
7897
7707
7619
7192
6971
6284
5240
4752
4095
3819
3370
3221
2929
2848
2796
2612
2580
2159
2065
1627
868
38
-753
-1505
-2563
-3252
-3969
-4258
-4970
-5326
-5314
-5206
-4887
-4751
-4243
-4008
-3740
-3639
-3560
-3316
-3324
-3265
-3669
-3900
-4109
-4204
-4234
-4436
-4181
-4071
-4016
-3857
-3445
-2876
-2508
-2187
-1820
-1405
-1281
-1048
-647
-405
24
114
479
854
1210
2022
2639
3513
4496
5444
6405
6920
7093
7728
7768
7558
7538
7044
7085
6260
5472
5023
4403
4265
3797
3711
3295
3296
3098
2872
2727
2267
2234
1596
889
18
-693
-1516
-2491
-3106
-3765
-4073
-4807
-5114
-5124
-5084
-4776
-4652
-4193
-3992
-3760
-3704
-3647
-3493
-3415
-3416
-3820
-3957
-4189
-4295
-4384
-4502
-4131
-4098
-4101
-3859
-3508
-3023
-2738
-2424
-2061
-1733
-1564
-1282
-925
-663
-292
-73
277
661
1115
1874
2494
3351
4344
5325
6132
6664
6883
7551
7577
7474
7527
7156
7106
6448
5722
5278
4721
4547
4114
3979
3589
3502
3277
2933
2776
2376
2201
1533
751
-76
-811
-1588
-2546
-3057
-3744
-4152
-4840
-5197
-5230
-5243
-5011
-4899
-4523
-4418
-4213
-4093
-4018
-3736
-3638
-3603
-3879
-4004
-4134
-4203
-4254
-4373
-4080
-4099
-4074
-3877
-3521
-3027
-2764
-2421
-2027
-1640
-1439
-1103
-657
-362
72
221
517
916
1302
2001
2510
3314
4235
5151
5935
6572
6856
7462
7668
7490
7694
7401
7326
6837
6054
5698
5122
4861
4389
4190
3780
3573
3372
2941
2853
2384
2096
1536
805
45
-687
-1417
-2281
-2803
-3518
-3948
-4545
-4979
-5034
-5161
-4970
-4905
-4592
-4444
-4263
-4060
-4017
-3705
-3607
-3542
-3712
-3891
-3916
-4115
-4139
-4303
-4108
-4079
-4162
-3936
-3629
-3172
-2949
-2549
-2221
-1756
-1537
-1227
-699
-456
-12
115
378
685
963
1658
2125
2939
3774
4752
5539
6278
6624
7127
7599
7444
7753
7538
7309
7114
6231
5918
5243
4906
4500
4096
3794
3396
3302
2835
2757
2335
1968
1592
804
190
-614
-1217
-2053
-2685
-3336
-3933
-4375
-5026
-5071
-5286
-5110
-5063
-4889
-4507
-4480
-4101
-4069
-3793
-3592
-3620
-3725
-3921
-3988
-4152
-4195
-4358
-4247
-4113
-4268
-4057
-3830
-3409
-3064
-2720
-2314
-1875
-1589
-1298
-733
-411
-25
246
439
883
1155
1784
2306
2883
3734
4540
5350
6040
6434
6970
7568
7496
7790
7750
7499
7411
6568
6179
5574
5097
4726
4258
3883
3336
3185
2677
2496
2093
1666
1376
643
49
-655
-1196
-2000
-2639
-3255
-3846
-4301
-4920
-5039
-5201
-5111
-5019
-4878
-4473
-4397
-4086
-3902
-3686
-3396
-3346
-3365
-3465
-3591
-3708
-3731
-3864
-3886
-3762
-3964
-3870
-3689
-3324
-2948
-2691
-2301
-1909
-1622
-1387
-901
-504
-165
181
299
690
889
1333
1878
2404
3171
3990
4801
5676
6203
6610
7294
7372
7533
7664
7430
7410
6779
6254
5813
5211
4897
4398
4099
3548
3300
2934
2552
2237
1753
1473
936
246
-392
-974
-1653
-2371
-2914
-3475
-3913
-4492
-4793
-4905
-4972
-4872
-4827
-4465
-4410
-4166
-3961
-3829
-3587
-3446
-3370
-3511
-3584
-3754
-3749
-3863
-4100
-3916
-4048
-4010
-3895
-3643
-3235
-2945
-2656
-2327
-1914
-1727
-1232
-796
-402
14
176
488
661
995
1564
2114
2743
3510
4421
5189
6014
6319
7039
7503
7426
7784
7542
7530
7280
6551
6266
5534
5177
4665
4289
3725
3221
2985
2398
2157
1644
1344
1011
397
-175
-746
-1251
-1999
-2507
-3050
-3509
-3968
-4531
-4629
-4852
-4740
-4743
-4476
-4295
-4134
-3781
-3722
-3402
-3213
-3020
-3099
-3258
-3336
-3465
-3484
-3853
-3837
-3852
-4120
-4042
-3959
-3563
-3257
-3031
-2678
-2293
-2032
-1705
-1199
-841
-509
-251
-144
103
250
685
1295
1789
2464
3480
4363
5238
6029
6452
7323
7461
7616
7954
7720
7767
7312
6687
6263
5508
5107
4553
4179
3522
3194
2843
2336
2100
1646
1402
982
388
-186
-717
-1389
-2090
-2560
-3162
-3640
-4170
-4632
-4793
-4980
-4879
-4758
-4477
-4355
-4028
-3842
-3667
-3370
-3162
-3040
-3240
-3353
-3501
-3676
-3830
-4127
-4048
-4167
-4322
-4118
-3945
-3570
-3347
-3005
-2645
-2215
-1997
-1574
-1089
-878
-536
-387
-241
-10
173
781
1209
1863
2675
3755
4645
5561
6253
6804
7563
7576
7934
7998
7862
7871
7235
6770
6112
5443
5019
4423
3928
3332
3094
2562
2227
1909
1629
1405
933
383
-152
-732
-1419
-2015
-2508
-3114
-3601
-4177
-4526
-4695
-4796
-4656
-4561
-4301
-4175
-3839
-3743
-3477
-3197
-3052
-3020
-3296
-3365
-3524
-3699
-3917
-4146
-4050
-4347
-4361
-4220
-3977
-3647
-3453
-3113
-2729
-2420
-2168
-1712
-1357
-1005
-704
-491
-316
-85
209
760
1255
1864
2734
3818
4711
5706
6472
7120
7805
7966
8261
8412
8262
8164
7639
7024
6368
5648
5116
4461
3999
3369
3057
2530
2147
1870
1563
1315
965
444
-75
-682
-1332
-1865
-2404
-3012
-3480
-4094
-4522
-4743
-4937
-4837
-4743
-4544
-4362
-4095
-3937
-3626
-3366
-3201
-3192
-3343
-3513
-3696
-3945
-4120
-4312
-4318
-4515
-4593
-4456
-4285
-3959
-3758
-3396
-2998
-2698
-2356
-1957
-1530
-1222
-970
-737
-568
-219
66
652
1204
1921
2812
3828
4806
5833
6733
7317
8000
8250
8465
8678
8446
8353
7862
7124
6432
5584
5095
4421
3900
3233
2871
2424
1986
1697
1379
1153
870
306
-209
-831
-1460
-2044
-2627
-3232
-3693
-4275
-4792
-5015
-5278
-5099
-5076
-4882
-4714
-4477
-4275
-4038
-3758
-3562
-3498
-3649
-3817
-3969
-4173
-4237
-4448
-4474
-4549
-4638
-4518
-4351
-4071
-3767
-3494
-3228
-2842
-2625
-2161
-1766
-1429
-1067
-809
-529
-167
272
797
1433
2119
2923
3979
4934
5883
6838
7420
8129
8519
8669
8855
8735
8502
8123
7337
6691
5932
5339
4721
4138
3576
3100
2619
2161
1827
1580
1353
1014
569
-29
-575
-1226
-1764
-2342
-2865
-3385
-3936
-4469
-4811
-5041
-5061
-5063
-4946
-4807
-4684
-4527
-4326
-4092
-3892
-3822
-3895
-4024
-4183
-4354
-4418
-4505
-4600
-4608
-4787
-4714
-4584
-4391
-4088
-3856
-3647
-3311
-3118
-2752
-2321
-1920
-1458
-1160
-805
-388
90
620
1300
2067
2864
3767
4710
5633
6579
7297
7769
8275
8462
8559
8634
8354
8157
7599
6859
6236
5470
4982
4378
3856
3290
2836
2407
2018
1703
1379
1102
775
167
-376
-897
-1437
-1902
-2528
-3040
-3482
-4050
-4486
-4763
-4942
-4864
-4901
-4831
-4733
-4639
-4501
-4357
-4208
-4066
-4070
-4212
-4350
-4420
-4478
-4515
-4673
-4697
-4722
-4833
-4775
-4645
-4356
-4072
-3872
-3646
-3352
-3041
-2580
-2137
-1676
-1225
-794
-403
122
721
1467
2268
3003
3885
4835
5753
6567
7304
7766
8313
8510
8570
8640
8443
8199
7779
7071
6538
5885
5319
4810
4297
3726
3285
2875
2488
2146
1771
1462
1060
517
-76
-534
-1150
-1627
-2231
-2735
-3218
-3741
-4206
-4467
-4717
-4788
-4849
-4846
-4799
-4786
-4742
-4641
-4570
-4447
-4403
-4560
-4636
-4736
-4778
-4798
-4867
-4931
-4911
-5022
-4956
-4827
-4588
-4368
-4152
-3982
-3655
-3417
-3075
-2561
-2111
-1609
-1136
-676
-89
619
1272
2101
2767
3587
4483
5374
6205
6986
7638
8005
8348
8447
8476
8500
8191
8025
7549
6860
6367
5684
5251
4721
4189
3711
3291
2833
2482
2103
1769
1355
973
391
-118
-730
-1310
-1826
-2494
-2981
-3495
-3976
-4373
-4683
-4902
-4939
-5047
-5046
-5105
-5078
-5053
-5043
-4999
-4905
-4959
-4993
-5085
-5122
-5149
-5158
-5235
-5210
-5174
-5201
-5046
-4894
-4686
-4421
-4211
-3900
-3530
-3208
-2692
-2154
-1605
-1025
-425
202
883
1559
2303
3044
3794
4553
5462
6246
6947
7624
8043
8438
8691
8675
8773
8574
8319
8019
7406
6902
6343
5817
5366
4791
4277
3778
3337
2905
2515
2170
1742
1370
861
287
-252
-881
-1421
-1975
-2546
-3080
-3592
-4059
-4469
-4779
-4982
-5136
-5239
-5308
-5365
-5401
-5420
-5383
-5304
-5248
-5286
-5332
-5387
-5427
-5411
-5454
-5495
-5426
-5420
-5319
-5147
-4982
-4688
-4416
-4159
-3759
-3405
-2969
-2424
-1905
-1303
-645
-40
668
1329
2082
2852
3555
4303
5084
5915
6673
7376
8005
8338
8675
8774
8731
8720
8496
8290
7938
7318
6850
6298
5802
5329
4797
4406
3918
3515
3069
2669
2277
1780
1323
740
128
-450
-1111
-1652
-2279
-2809
-3335
-3856
-4293
-4681
-4928
-5158
-5343
-5466
-5567
-5657
-5718
-5733
-5739
-5727
-5747
-5750
-5774
-5865
-5844
-5807
-5778
-5723
-5595
-5511
-5325
-5108
-4856
-4474
-4196
-3886
-3469
-3090
-2571
-1990
-1394
-717
-67
554
1302
2004
2756
3574
4312
5112
5880
6672
7360
7960
8465
8728
8967
8954
8910
8823
8542
8263
7825
7309
6832
6296
5869
5424
4981
4540
4073
3624
3147
2681
2198
1687
1151
556
-110
-765
-1433
-2010
-2588
-3118
-3637
-4102
-4545
-4984
-5269
-5493
-5713
-5851
-5973
-6050
-6100
-6174
-6188
-6137
-6149
-6171
-6164
-6211
-6128
-6054
-5963
-5805
-5673
-5510
-5259
-4994
-4697
-4309
-3984
-3592
-3146
-2715
-2107
-1506
-917
-266
363
1045
1760
2500
3354
4148
4890
5652
6377
7042
7610
8133
8546
8742
8874
8819
8749
8586
8330
8021
7607
7119
6662
6188
5767
5320
4921
4456
3946
3440
2902
2414
1838
1242
686
30
-646
-1298
-1904
-2475
-3026
-3546
-4043
-4482
-4944
-5289
-5585
-5823
-5999
-6182
-6356
-6467
-6538
-6568
-6546
-6523
-6496
-6427
-6392
-6341
-6227
-6057
-5878
-5672
-5440
-5193
-4880
-4614
-4250
-3844
-3483
-3048
-2567
-2050
-1488
-930
-335
323
1009
1752
2558
3350
4161
4926
5674
6409
7047
7621
8138
8544
8812
8893
8952
8896
8782
8602
8352
8044
7650
7159
6733
6287
5874
5436
4957
4451
3894
3335
2765
2206
1581
962
361
-341
-1029
-1630
-2228
-2768
-3311
-3806
-4247
-4707
-5154
-5480
-5768
-6011
-6216
-6423
-6607
-6741
-6862
-6886
-6816
-6778
-6681
-6608
-6556
-6419
-6213
-6001
-5737
-5481
-5195
-4905
-4635
-4317
-3924
-3550
-3180
-2772
-2325
-1800
-1259
-671
31
742
1498
2307
3094
3926
4666
5376
6008
6641
7249
7761
8211
8519
8727
8805
8807
8739
8622
8500
8254
7946
7629
7214
6797
6326
5857
5389
4863
4235
3616
2955
2342
1726
1068
462
-184
-821
-1465
-2063
-2611
-3110
-3626
-4141
-4590
-5024
-5438
-5821
-6156
-6395
-6635
-6834
-7043
-7158
-7212
-7197
-7156
-7060
-6895
-6755
-6606
-6394
-6120
-5831
-5562
-5265
-4971
-4682
-4329
-4014
-3631
-3249
-2872
-2450
-1970
-1451
-802
-164
547
1264
2016
2765
3555
4317
5052
5737
6320
6885
7402
7796
8182
8459
8620
8720
8667
8668
8528
8376
8134
7846
7509
7076
6635
6187
5688
5188
4569
3966
3281
2624
1953
1312
694
73
-553
-1180
-1773
-2342
-2877
-3399
-3879
-4403
-4828
-5294
-5748
-6136
-6470
-6798
-7021
-7252
-7377
-7468
-7493
-7447
-7363
-7181
-6973
-6789
-6563
-6304
-6007
-5684
-5366
-5031
-4703
-4379
-4074
-3705
-3317
-2932
-2514
-2034
-1482
-870
-228
403
1122
1826
2544
3306
4061
4819
5505
6098
6637
7124
7529
7849
8102
8302
8446
8553
8487
8477
8365
8209
7991
7645
7293
6860
6335
5807
5227
4711
4088
3420
2738
2057
1409
758
137
-440
-1004
-1554
-2154
-2717
-3196
-3712
-4200
-4718
-5186
-5662
-6058
-6478
-6800
-7072
-7267
-7427
-7554
-7566
-7529
-7410
-7260
-7031
-6760
-6512
-6266
-5987
-5657
-5311
-5000
-4671
-4348
-3987
-3666
-3294
-2880
-2410
-1918
-1401
-831
-218
442
1107
1775
2481
3153
3836
4487
5101
5679
6140
6609
7019
7381
7711
7986
8186
8309
8419
8378
8355
8226
8036
7824
7486
7070
6621
6050
5529
4929
4343
3738
3082
2390
1720
1084
452
-109
-671
-1210
-1752
-2327
-2905
-3408
-3960
-4433
-4945
-5431
-5892
-6336
-6730
-7022
-7265
-7425
-7551
-7616
-7583
-7475
-7313
-7130
-6860
-6599
-6294
-6017
-5680
-5350
-4992
-4670
-4313
-3946
-3556
-3154
-2695
-2170
-1681
-1152
-609
-46
582
1179
1799
2445
3028
3618
4165
4668
5195
5682
6108
6519
6876
7193
7479
7749
7967
8151
8225
8186
8112
7953
7742
7464
7104
6680
6181
5646
5046
4470
3851
3227
2595
1918
1298
669
49
-511
-1055
-1563
-2134
-2671
-3265
-3804
-4345
-4890
-5377
-5860
-6285
-6706
-7042
-7354
-7554
-7691
-7764
-7731
-7650
-7493
-7301
-7055
-6763
-6466
-6149
-5838
-5450
-5091
-4728
-4360
-3966
-3530
-3092
-2630
-2151
-1637
-1105
-560
13
584
1175
1748
2284
2843
3353
3830
4281
4708
5141
5535
5903
6286
6587
6910
7157
7382
7573
7721
7789
7796
7709
7561
7301
6989
6632
6228
5743
5213
4651
4043
3440
2831
2228
1630
1045
414
-187
-780
-1333
-1862
-2380
-2951
-3486
-4055
-4590
-5116
-5601
-6017
-6396
-6770
-7063
-7296
-7462
-7541
-7552
-7493
-7365
-7196
-6982
-6707
-6426
-6099
-5766
-5385
-5015
-4616
-4220
-3784
-3359
-2873
-2389
-1895
-1407
-901
-375
145
665
1191
1702
2216
2708
3151
3568
3979
4379
4730
5107
5410
5710
6005
6302
6573
6802
6981
7175
7265
7314
7255
7189
7004
6800
6516
6179
5807
5326
4849
4317
3745
3176
2558
1963
1379
800
205
-412
-1012
-1589
-2128
-2676
-3196
-3728
-4258
-4794
-5300
-5757
-6149
-6522
-6810
-7025
-7190
-7305
-7362
-7377
-7260
-7081
-6877
-6611
-6336
-6039
-5710
-5348
-4975
-4559
-4136
-3682
-3255
-2796
-2272
-1770
-1282
-776
-258
210
692
1114
1584
2059
2473
2896
3274
3591
3895
4206
4485
4765
5003
5206
5449
5669
5904
6088
6250
6382
6462
6498
6478
6429
6363
6236
5994
5759
5411
5036
4640
4192
3710
3172
2581
2002
1405
798
228
-323
-937
-1522
-2118
-2686
-3211
-3710
-4189
-4630
-5098
-5543
-5931
-6266
-6488
-6711
-6833
-6932
-6986
-6991
-6914
-6781
-6570
-6331
-6067
-5785
-5479
-5146
-4735
-4290
-3813
-3332
-2868
-2369
-1903
-1402
-892
-374
107
576
1003
1430
1865
2288
2668
2997
3307
3612
3871
4107
4353
4548
4751
4897
5037
5202
5363
5503
5638
5745
5811
5848
5851
5816
5786
5705
5574
5417
5133
4829
4490
4077
3664
3200
2667
2136
1530
926
330
-276
-867
-1459
-2024
-2611
-3161
-3684
-4165
-4618
-5042
-5384
-5718
-6026
-6243
-6425
-6525
-6569
-6588
-6572
-6508
-6414
-6228
-6006
-5764
-5450
-5125
-4783
-4387
-3953
-3497
-3033
-2563
-2072
-1580
-1103
-635
-148
311
760
1153
1525
1898
2222
2533
2833
3108
3347
3542
3724
3876
4038
4204
4346
4475
4572
4669
4755
4851
4939
5034
5112
5136
5122
5090
5029
4977
4871
4718
4523
4262
3901
3530
3115
2662
2204
1686
1118
545
-55
-657
-1225
-1793
-2300
-2865
-3401
-3902
-4371
-4753
-5093
-5355
-5591
-5776
-5952
-6093
-6127
-6136
-6078
-5968
-5816
-5658
-5480
-5261
-5007
-4699
-4377
-4003
-3607
-3220
-2789
-2365
-1924
-1483
-1075
-632
-210
198
597
981
1345
1702
2007
2290
2509
2714
2918
3082
3224
3347
3459
3592
3711
3813
3978
4111
4236
4389
4541
4676
4787
4883
4942
4966
4952
4910
4838
4693
4528
4300
4031
3690
3295
2888
2425
1926
1423
912
374
-172
-768
-1328
-1886
-2421
-2916
-3403
-3851
-4248
-4613
-4930
-5171
-5368
-5504
-5593
-5679
-5667
-5613
-5523
-5383
-5234
-5042
-4828
-4575
-4305
-3987
-3670
-3326
-2965
-2618
-2227
-1835
-1404
-988
-591
-201
156
524
861
1199
1512
1768
2010
2214
2384
2566
2700
2838
2965
3086
3218
3330
3457
3622
3785
3940
4101
4216
4344
4461
4541
4606
4630
4624
4586
4478
4365
4198
3987
3743
3415
3078
2682
2261
1816
1350
878
354
-154
-673
-1237
-1750
-2271
-2744
-3192
-3586
-3950
-4278
-4566
-4764
-4926
-5052
-5094
-5114
-5105
-5075
-4977
-4829
-4656
-4481
-4271
-4046
-3769
-3500
-3192
-2857
-2534
-2164
-1816
-1465
-1111
-740
-372
-30
296
588
892
1157
1400
1636
1805
1982
2142
2287
2411
2514
2623
2739
2860
2949
3090
3223
3308
3425
3550
3659
3741
3795
3862
3913
3936
3931
3910
3834
3735
3598
3407
3174
2911
2642
2303
1931
1525
1119
683
257
-192
-641
-1089
-1543
-1967
-2385
-2746
-3080
-3383
-3626
-3855
-4035
-4167
-4253
-4289
-4286
-4257
-4210
-4133
-4038
-3926
-3783
-3611
-3449
-3253
-3043
-2815
-2559
-2288
-2004
-1720
-1409
-1091
-758
-471
-174
106
376
636
874
1080
1264
1427
1580
1714
1851
1973
2099
2225
2333
2459
2586
2724
2866
2998
3126
3251
3339
3424
3484
3525
3548
3547
3516
3475
3387
3279
3154
2962
2756
2526
2251
1952
1625
1288
932
553
169
-227
-610
-989
-1360
-1709
-2047
-2336
-2602
-2840
-3042
-3215
-3318
-3386
-3440
-3468
-3459
-3435
-3378
-3288
-3190
-3075
-2962
-2832
-2681
-2517
-2323
-2130
-1932
-1728
-1537
-1309
-1068
-839
-630
-422
-204
-4
162
311
458
581
699
811
940
1040
1144
1265
1386
1515
1641
1768
1901
2052
2171
2313
2423
2524
2614
2709
2780
2837
2870
2878
2849
2819
2788
2715
2632
2508
2372
2173
1964
1721
1475
1216
946
652
353
27
-292
-598
-887
-1167
-1400
-1634
-1855
-2044
-2212
-2340
-2455
-2520
-2571
-2604
-2608
-2582
-2548
-2495
-2440
-2367
-2318
-2232
-2147
-2054
-1950
-1859
-1737
-1627
-1525
-1427
-1301
-1196
-1081
-954
-840
-751
-645
-535
-406
-290
-170
-66
62
169
301
458
590
760
924
1111
1285
1452
1596
1750
1916
2077
2193
2313
2410
2492
2581
2645
2708
2719
2718
2701
2637
2570
2485
2342
2185
2009
1821
1600
1367
1130
881
621
351
92
-179
-431
-659
-882
-1082
-1261
-1440
-1589
-1721
-1803
-1862
-1923
-1953
-1969
-1967
-1954
-1936
-1901
-1854
-1828
-1781
-1720
-1698
-1666
-1628
-1597
-1572
-1552
-1533
-1488
-1447
-1404
-1343
-1296
-1240
-1166
-1060
-961
-835
-700
-553
-399
-244
-76
86
252
403
578
745
925
1116
1266
1421
1583
1737
1888
2000
2106
2202
2323
2392
2458
2491
2490
2477
2428
2363
2259
2124
1974
1832
1662
1484
1300
1100
876
691
488
287
88
-102
-294
-460
-626
-789
-922
-1044
-1158
-1240
-1313
-1379
-1418
-1435
-1451
-1468
-1475
-1496
-1474
-1480
-1492
-1503
-1505
-1528
-1567
-1571
-1579
-1608
-1650
-1683
-1676
-1664
-1654
-1622
-1582
-1517
-1412
-1302
-1209
-1087
-938
-758
-602
-430
-244
-71
114
291
474
659
832
990
1160
1337
1492
1655
1813
1929
2044
2142
2202
2250
2261
2270
2254
2185
2126
2033
1937
1843
1712
1584
1452
1303
1158
1014
854
702
540
394
242
67
-79
-231
-354
-485
-591
-697
-784
-856
-934
-958
-985
-1011
-1033
-1063
-1082
-1118
-1122
-1133
-1176
-1197
-1259
-1315
-1372
-1427
-1460
-1492
-1525
-1550
-1555
-1539
-1486
-1407
-1333
-1247
-1128
-998
-874
-741
-593
-449
-276
-124
41
205
376
545
692
852
996
1138
1268
1404
1496
1571
1655
1716
1736
1749
1739
1729
1693
1650
1598
1530
1454
1382
1338
1269
1183
1070
989
878
791
695
582
496
367
268
183
75
-11
-94
-175
-225
-279
-330
-368
-402
-415
-435
-458
-494
-572
-630
-679
-746
-810
-890
-992
-1098
-1194
-1285
-1368
-1457
-1506
-1538
-1568
-1547
-1524
-1488
-1433
-1355
-1268
-1167
-1055
-932
-797
-653
-498
-328
-156
-3
153
325
457
603
747
881
1011
1111
1212
1277
1332
1364
1389
1407
1402
1398
1352
1293
1248
1218
1165
1131
1093
1040
980
907
854
801
758
685
613
540
469
400
323
264
209
160
141
111
70
62
65
63
54
42
34
3
-52
-126
-205
-307
-424
-520
-646
-747
-864
-988
-1079
-1186
-1285
-1379
-1425
-1450
-1477
-1459
-1441
-1393
-1335
-1237
-1150
-1073
-961
-844
-711
-563
-418
-239
-78
82
235
396
560
688
809
925
1019
1088
1168
1220
1229
1242
1242
1234
1197
1165
1143
1111
1065
1023
1000
947
905
865
817
761
677
621
547
471
409
330
280
232
179
140
115
105
85
76
77
57
45
21
-2
-35
-79
-139
-230
-328
-413
-504
-609
-731
-831
-940
-1043
-1162
-1281
-1359
-1410
-1449
-1498
-1528
-1536
-1519
-1494
-1460
-1395
-1303
-1184
-1064
-930
-753
-594
-410
-219
-50
101
258
407
552
669
757
843
934
998
1054
1111
1131
1130
1143
1146
1146
1155
1138
1135
1118
1101
1083
1054
1008
952
914
845
767
712
628
567
507
476
440
397
361
318
308
302
303
281
253
224
179
149
79
16
-47
-124
-220
-323
-438
-547
-675
-807
-915
-1020
-1124
-1215
-1297
-1384
-1450
-1524
-1564
-1570
-1569
-1547
-1498
-1436
-1352
-1259
-1128
-998
-838
-660
-481
-285
-125
57
227
375
510
637
746
836
912
983
1046
1082
1117
1159
1189
1208
1229
1226
1220
1216
1221
1195
1154
1094
1029
977
912
836
750
676
599
541
487
423
362
312
286
265
240
219
188
143
128
102
47
2
-50
-107
-166
-237
-324
-424
-503
-598
-715
-822
-932
-1044
-1144
-1239
-1335
-1410
-1517
-1605
-1663
-1690
-1683
-1675
-1632
-1582
-1507
-1418
-1290
-1146
-996
-831
-655
-483
-311
-123
39
179
322
449
539
626
718
786
860
924
962
997
1025
1032
1047
1043
1015
1010
984
956
920
868
803
734
673
597
534
445
355
298
228
187
151
109
68
49
32
9
6
-2
-13
-43
-75
-80
-110
-149
-203
-251
-303
-383
-460
-538
-622
-699
-776
-867
-966
-1059
-1159
-1253
-1334
-1413
-1458
-1488
-1484
-1497
-1487
-1441
-1398
-1331
-1209
-1074
-944
-782
-625
-477
-321
-178
-44
104
217
324
419
529
608
672
738
785
837
857
887
917
943
950
961
972
983
957
910
865
816
753
665
595
515
441
359
282
228
164
96
48
-1
-45
-91
-139
-179
-197
-196
-218
-234
-276
-304
-304
-338
-362
-393
-438
-473
-539
-619
-698
-779
-854
-942
-1021
-1124
-1210
-1277
-1342
-1396
-1418
-1411
-1412
-1382
-1331
-1264
-1183
-1110
-997
-874
-757
-620
-482
-371
-247
-113
12
150
260
359
457
538
619
711
784
858
893
924
957
963
964
979
988
947
907
883
851
786
725
658
584
514
454
387
330
270
199
124
59
27
-22
-60
-114
-160
-177
-207
-226
-233
-260
-299
-325
-344
-372
-394
-438
-470
-515
-573
-644
-732
-804
-895
-966
-1044
-1122
-1212
-1274
-1323
-1379
-1409
-1414
-1391
-1338
-1277
-1210
-1128
-1017
-886
-785
-662
-534
-404
-279
-160
-28
91
195
286
379
472
562
642
713
772
839
905
937
959
992
1006
1007
1013
1002
967
904
857
805
739
677
602
526
437
354
281
209
156
89
21
-14
-86
-137
-155
-169
-181
-195
-208
-227
-236
-241
-254
-282
-311
-374
-437
-502
-557
-645
-719
-793
-882
-960
-1047
-1115
-1182
-1234
-1292
-1339
-1367
-1385
-1394
-1381
-1337
-1285
-1210
-1129
-1042
-936
-812
-701
-579
-453
-335
-219
-96
15
131
268
379
468
580
666
731
789
850
901
956
979
991
1019
1027
1025
1008
990
970
923
871
829
771
698
618
550
476
395
320
238
183
128
68
33
-3
-30
-65
-99
-97
-122
-137
-154
-173
-208
-251
-282
-336
-401
-487
-554
-613
-688
-770
-838
-918
-982
-1031
-1094
-1141
-1187
-1222
-1250
-1262
-1271
-1263
-1245
-1204
-1137
-1065
-987
-898
-796
-681
-561
-447
-315
-210
-89
31
137
249
343
429
508
577
648
726
786
842
893
942
967
984
995
1000
1005
992
956
922
876
826
751
649
571
522
470
409
335
285
234
193
150
113
71
34
9
-1
-20
-39
-49
-75
-89
-136
-186
-225
-274
-322
-374
-438
-512
-572
-625
-691
-774
-854
-918
-967
-995
-1034
-1071
-1068
-1069
-1053
-1042
-1019
-960
-897
-818
-742
-666
-584
-490
-382
-270
-153
-38
85
189
288
384
479
572
639
702
763
810
840
891
935
941
943
940
923
930
916
898
861
806
752
693
625
576
512
446
375
306
248
187
150
112
72
32
-1
-22
-26
-48
-61
-84
-106
-98
-116
-128
-145
-170
-201
-229
-270
-305
-357
-412
-467
-524
-576
-626
-670
-720
-752
-773
-792
-786
-798
-808
-792
-767
-718
-659
-608
-527
-444
-368
-284
-207
-103
1
103
162
237
329
410
493
560
627
687
725
772
807
825
847
885
892
889
885
868
853
819
776
734
681
625
580
534
485
421
362
301
243
204
169
146
126
109
102
102
88
53
40
33
20
-11
-38
-53
-76
-95
-122
-151
-202
-257
-317
-379
-427
-493
-545
-596
-671
-720
-748
-775
-798
-803
-783
-759
-726
-689
-659
-617
-556
-473
-386
-305
-232
-149
-63
-10
68
146
196
263
350
401
453
532
582
628
682
729
752
775
776
765
757
753
726
680
647
609
557
514
496
453
394
340
293
243
194
154
122
98
80
49
30
19
-6
-25
-46
-57
-61
-76
-70
-91
-109
-130
-144
-158
-183
-203
-255
-320
-355
-426
-490
-554
-608
-652
-712
-757
-783
-795
-801
-764
-754
-718
-670
-611
-552
-505
-435
-374
-284
-205
-136
-54
22
92
171
249
327
421
483
547
615
674
735
778
698
547
559
500
494
668
716
748
737
738
801
693
649
616
475
477
497
492
458
304
169
69
1
-8
-48
-54
-84
-134
-99
2
-28
-102
-109
-180
-235
-129
-78
-90
-114
-176
-206
-238
-256
-294
-338
-366
-421
-416
-403
-455
-511
-575
-647
-702
-728
-713
-686
-674
-674
-621
-560
-514
-419
-345
-283
-162
-59
41
158
242
299
364
410
447
529
581
625
685
740
771
806
851
869
872
885
876
856
849
824
790
731
655
574
500
427
385
376
359
322
295
283
272
268
278
281
271
255
229
221
205
172
142
89
69
30
-12
-50
-96
-158
-236
-285
-369
-437
-522
-587
-639
-711
-737
-791
-837
-835
-873
-843
-826
-817
-746
-680
-608
-542
-467
-378
-294
-213
-137
-72
10
67
158
255
319
410
461
508
598
663
745
822
880
931
977
1030
1073
1094
1116
1130
1118
1082
1051
1029
972
943
874
810
767
704
665
610
546
518
463
423
373
299
257
213
182
134
82
44
-25
-56
-78
-126
-144
-181
-237
-279
-331
-373
-424
-488
-532
-585
-657
-725
-758
-813
-846
-859
-880
-885
-888
-888
-872
-825
-790
-719
-632
-587
-513
-409
-320
-239
-151
-57
23
112
214
298
395
476
530
603
679
727
773
822
858
912
936
958
965
944
940
930
894
864
833
796
753
699
633
559
508
462
418
372
326
292
270
224
185
165
146
104
58
11
-57
-97
-133
-192
-225
-260
-315
-383
-428
-500
-565
-610
-664
-719
-755
-798
-837
-867
-905
-921
-912
-898
-872
-815
-770
-717
-660
-580
-500
-442
-388
-317
-247
-159
-65
31
119
207
294
377
449
536
618
690
778
836
885
934
970
999
1016
1048
1059
1058
1042
1020
986
962
954
923
898
848
802
759
703
654
602
542
497
446
384
337
292
227
180
153
109
90
48
-14
-44
-84
-126
-177
-243
-315
-387
-454
-513
-574
-644
-703
-758
-806
-851
-874
-883
-914
-910
-879
-875
-847
-827
-787
-748
-697
-620
-561
-484
-401
-328
-252
-164
-68
21
121
219
289
354
437
537
620
679
741
797
838
897
913
946
960
965
966
967
964
942
951
922
890
863
829
780
740
685
632
576
516
469
430
384
319
278
223
179
139
90
37
-18
-82
-141
-208
-276
-336
-406
-474
-543
-610
-681
-739
-801
-858
-921
-962
-1005
-1040
-1051
-1045
-1043
-1029
-1007
-981
-965
-937
-877
-828
-780
-710
-627
-519
-419
-311
-205
-92
10
107
210
298
401
494
563
626
686
735
795
855
914
967
997
1027
1062
1064
1056
1047
1035
1029
1012
999
951
911
869
806
768
732
667
603
540
464
409
366
334
277
231
188
122
55
-19
-106
-173
-238
-305
-397
-492
-568
-663
-742
-803
-867
-926
-976
-1020
-1072
-1133
-1187
-1187
-1183
-1184
-1168
-1152
-1139
-1124
-1093
-1031
-958
-873
-766
-675
-584
-487
-390
-278
-176
-63
42
133
243
346
433
515
585
648
706
751
816
889
927
960
994
1004
1030
1044
1039
1047
1046
1033
1014
977
946
906
870
833
756
688
623
558
505
430
348
302
251
178
116
54
-2
-79
-170
-251
-334
-424
-500
-569
-656
-729
-794
-850
-914
-1004
-1069
-1123
-1169
-1215
-1250
-1271
-1290
-1275
-1247
-1224
-1197
-1162
-1117
-1073
-995
-902
-834
-754
-662
-564
-469
-358
-257
-145
-37
61
157
244
339
418
528
614
679
770
838
911
952
982
1000
1031
1043
1050
1075
1094
1099
1085
1076
1041
1027
1000
952
902
857
803
757
718
666
597
523
457
375
290
217
155
71
-10
-85
-159
-248
-328
-398
-484
-570
-657
-750
-836
-916
-993
-1065
-1118
-1153
-1186
-1211
-1224
-1216
-1201
-1190
-1196
-1165
-1122
-1077
-1023
-955
-887
-820
-721
-605
-493
-393
-300
-195
-79
28
139
225
333
448
543
618
705
794
844
889
949
993
1040
1084
1108
1112
1124
1141
1126
1130
1130
1120
1089
1035
981
944
892
839
792
729
670
604
505
423
346
270
207
117
37
-42
-118
-216
-308
-381
-469
-566
-649
-720
-808
-877
-944
-1024
-1099
-1163
-1208
-1241
-1282
-1300
-1303
-1303
-1293
-1272
-1224
-1189
-1152
-1104
-1041
-955
-867
-776
-702
-611
-514
-418
-317
-199
-102
-15
83
200
292
382
465
533
602
667
728
781
830
855
890
921
953
977
976
981
986
1000
981
972
981
921
883
850
812
779
732
675
607
533
475
413
356
295
229
166
81
13
-54
-139
-224
-303
-400
-463
-534
-613
-660
-735
-803
-851
-912
-957
-986
-1036
-1063
-1065
-1074
-1083
-1080
-1091
-1087
-1058
-1014
-961
-911
-857
-785
-719
-659
-587
-510
-410
-305
-219
-118
-23
66
150
238
325
379
433
501
561
611
671
735
769
807
848
874
891
892
895
899
879
866
833
817
781
747
731
685
644
583
542
491
444
403
345
271
225
163
89
38
-37
-109
-192
-261
-333
-396
-464
-533
-580
-649
-716
-766
-827
-884
-938
-991
-1016
-1033
-1050
-1055
-1053
-1056
-1040
-1032
-997
-973
-922
-848
-783
-721
-652
-581
-519
-445
-364
-272
-188
-110
-31
56
143
205
272
363
440
505
543
619
669
728
788
834
871
882
893
888
887
869
880
878
865
823
771
746
720
678
624
587
533
479
420
361
308
248
193
139
63
-4
-68
-134
-211
-274
-349
-441
-512
-576
-618
-663
-707
-756
-816
-867
-909
-934
-955
-980
-993
-1010
-1013
-1010
-1001
-983
-958
-941
-896
-861
-812
-725
-657
-605
-538
-449
-366
-276
-193
-101
-24
67
145
204
285
356
420
482
550
600
659
703
734
760
788
828
845
848
854
842
828
846
832
816
797
773
731
697
660
617
563
500
442
380
318
255
205
136
88
9
-66
-141
-209
-270
-346
-411
-477
-531
-590
-662
-714
-749
-783
-804
-859
-885
-915
-947
-973
-986
-974
-978
-969
-966
-971
-966
-937
-880
-828
-755
-695
-623
-543
-490
-406
-347
-270
-196
-118
-51
9
92
167
253
308
373
444
506
562
590
629
669
709
729
762
785
769
760
744
725
702
677
648
625
595
559
526
478
449
388
330
289
262
210
169
124
57
10
-52
-112
-184
-228
-284
-341
-375
-439
-469
-497
-544
-585
-620
-666
-723
-747
-776
-781
-783
-809
-821
-839
-819
-808
-787
-759
-707
-671
-636
-583
-544
-484
-418
-366
-306
-245
-180
-122
-63
8
76
132
181
242
292
363
408
464
505
525
540
556
595
608
608
622
607
593
592
587
577
553
524
499
452
432
411
361
331
282
244
201
157
128
78
26
-11
-55
-106
-154
-230
-277
-309
-334
-360
-400
-431
-477
-526
-555
-577
-618
-617
-635
-670
-671
-685
-705
-688
-682
-695
-705
-689
-665
-663
-643
-607
-560
-500
-454
-407
-363
-308
-234
-180
-111
-49
11
69
124
192
244
308
346
397
417
432
469
484
514
538
536
544
546
506
508
504
484
456
432
413
383
368
336
297
298
260
202
165
123
88
60
32
4
-33
-70
-109
-134
-168
-204
-213
-238
-264
-281
-302
-318
-358
-374
-373
-396
-429
-439
-441
-445
-473
-485
-490
-490
-481
-486
-487
-482
-465
-443
-400
-385
-343
-301
-274
-226
-180
-136
-97
-55
-1
41
86
113
169
226
276
314
340
376
412
437
446
443
441
432
443
458
447
436
426
407
391
366
342
309
286
273
240
193
173
137
89
74
51
27
-3
-39
-55
-78
-116
-129
-156
-175
-184
-214
-253
-281
-293
-308
-319
-337
-363
-392
-397
-400
-430
-438
-455
-463
-451
-452
-455
-450
-450
-408
-381
-366
-348
-326
-290
-261
-212
-198
-156
-123
-78
-17
19
74
113
161
197
213
235
283
334
364
397
395
414
441
443
458
464
470
453
460
472
475
467
460
431
375
364
352
340
311
280
267
226
214
190
156
131
101
76
52
42
12
-37
-57
-74
-95
-102
-118
-137
-172
-190
-211
-223
-237
-252
-267
-296
-306
-342
-358
-355
-374
-378
-371
-381
-366
-368
-354
-321
-317
-303
-283
-263
-237
-192
-160
-104
-79
-49
-15
11
69
92
115
157
193
224
252
293
305
316
351
368
381
371
384
377
359
361
354
366
372
352
353
373
367
356
341
308
281
260
227
196
164
145
127
107
104
100
73
52
32
-2
1
-12
-43
-50
-66
-94
-108
-145
-182
-199
-228
-243
-256
-282
-288
-278
-280
-297
-313
-318
-316
-301
-278
-259
-242
-233
-204
-192
-170
-145
-110
-62
-39
-2
38
93
129
157
175
203
212
256
275
292
326
335
354
363
353
344
358
350
342
324
326
326
311
305
286
255
242
229
218
204
187
195
168
151
136
115
111
115
102
110
100
85
89
76
62
28
10
-4
-19
-34
-40
-70
-95
-108
-101
-115
-143
-156
-168
-163
-183
-190
-190
-185
-193
-201
-198
-194
-199
-205
-168
-145
-138
-108
-76
-71
-60
-46
-25
-4
19
64
91
122
130
147
167
215
233
245
261
258
267
282
292
270
275
264
258
252
219
228
234
226
228
223
214
212
200
170
153
140
131
112
85
69
55
40
42
51
49
28
12
-14
-30
-37
-45
-40
-55
-60
-70
-84
-87
-109
-111
-105
-131
-148
-151
-163
-165
-167
-178
-172
-171
-156
-165
-166
-138
-120
-126
-108
-102
-77
-40
-28
6
33
52
81
99
112
135
149
155
168
178
208
210
217
222
218
222
213
215
199
196
200
202
195
180
178
161
170
159
135
132
125
132
157
145
122
109
98
107
109
99
92
85
80
87
63
49
35
34
29
25
24
15
-1
-11
-10
-24
-40
-38
-44
-49
-53
-54
-58
-76
-83
-96
-105
-84
-69
-66
-45
-27
-33
-29
-27
-11
-10
1
27
30
49
63
59
65
73
83
78
78
97
113
123
125
117
118
119
116
135
142
139
138
121
108
104
95
111
108
96
75
54
54
38
40
43
58
52
56
55
30
16
33
37
21
27
28
6
5
-8
-43
-57
-73
-94
-94
-108
-122
-119
-155
-160
-160
-176
-155
-165
-169
-161
-154
-154
-151
-159
-159
-141
-126
-91
-80
-62
-36
-28
-14
-6
9
22
45
55
66
62
74
93
90
113
122
114
118
143
152
158
175
175
177
168
174
160
157
142
129
117
105
108
98
97
99
107
103
99
95
98
87
68
52
57
53
50
34
32
23
5
-2
-10
-27
-47
-46
-49
-71
-67
-73
-75
-81
-97
-117
-129
-128
-135
-129
-125
-124
-131
-133
-134
-123
-118
-117
-116
-97
-76
-81
-61
-62
-50
-23
-16
1
10
21
38
47
43
21
32
52
55
66
74
82
88
87
95
86
73
83
90
84
77
61
46
34
20
30
35
27
28
14
2
-7
-9
-22
-29
-35
-43
-40
-49
-57
-61
-51
-60
-49
-76
-98
-118
-138
-162
-167
-165
-179
-165
-163
-168
-172
-164
-168
-161
-151
-145
-151
-160
-153
-140
-131
-127
-98
-93
-94
-82
-54
-31
-42
-27
-27
-9
8
38
64
77
92
66
64
77
102
99
104
112
107
111
113
103
87
94
86
70
61
79
86
78
77
69
53
46
38
25
9
26
37
24
20
14
10
-7
-2
-29
-48
-61
-72
-63
-43
-43
-43
-51
-68
-81
-92
-102
-118
-135
-161
-150
-151
-142
-145
-160
-170
-165
-144
-140
-113
-105
-104
-93
-73
-62
-56
-45
-26
-4
-13
-5
19
39
54
67
78
101
98
92
108
106
106
105
91
95
105
82
77
75
68
66
56
35
15
15
16
14
8
3
5
-13
-24
-16
-31
-58
-69
-70
-88
-105
-114
-110
-108
-126
-123
-115
-129
-143
-157
-162
-174
-178
-185
-188
-184
-180
-167
-176
-178
-194
-204
-201
-211
-212
-197
-187
-199
-192
-190
-193
-158
-153
-160
-144
-127
-124
-110
-86
-71
-62
-44
-27
-28
-18
14
26
36
30
32
58
54
55
72
80
72
71
71
70
61
53
51
58
42
44
47
32
17
11
-25
-53
-58
-56
-74
-102
-98
-114
-98
-110
-124
-121
-145
-136
-148
-156
-145
-164
-153
-164
-170
-165
-163
-185
-192
-183
-194
-202
-192
-178
-181
-182
-178
-169
-164
-159
-132
-122
-110
-102
-88
-60
-38
-39
-37
-19
-3
7
18
40
44
64
99
105
100
117
109
129
124
138
140
116
117
112
114
111
94
80
94
60
61
70
55
38
27
11
-6
-24
-33
-36
-50
-51
-46
-63
-76
-103
-127
-126
-129
-133
-147
-143
-152
-156
-150
-156
-170
-165
-154
-164
-162
-174
-180
-176
-176
-172
-179
-186
-174
-182
-159
-154
-172
-170
-161
-147
-146
-147
-144
-123
-128
-102
-61
-55
-53
-36
-29
-21
13
27
56
72
82
101
110
123
134
136
144
138
134
149
162
159
167
147
133
129
117
95
82
81
65
68
61
51
23
19
-19
-28
-33
-63
-51
-79
-77
-74
-95
-94
-96
-91
-90
-106
-108
-130
-150
-157
-170
-162
-145
-154
-179
-199
-202
-192
-191
-188
-182
-195
-182
-171
-175
-158
-151
-130
-131
-123
-114
-93
-72
-69
-61
-60
-55
-40
-21
-3
18
24
52
76
94
119
120
136
140
153
173
179
172
156
159
153
155
146
125
110
108
112
121
120
110
81
78
65
35
24
15
5
-4
-17
-38
-53
-62
-60
-70
-83
-94
-79
-66
-67
-50
-54
-60
-75
-82
-79
-83
-87
-66
-71
-74
-85
-100
-104
-104
-72
-64
-50
-49
-53
-40
-38
-50
-32
-23
-15
-15
-7
5
7
22
35
43
58
81
86
108
127
153
164
161
170
186
198
194
192
172
159
152
160
154
139
127
122
112
107
105
90
94
91
79
64
38
13
5
13
-13
-34
-34
-35
-41
-45
-40
-43
-43
-48
-42
-54
-69
-59
-65
-60
-52
-66
-47
-45
-62
-47
-38
-34
-39
-38
-34
-24
-7
-9
-15
-21
-15
-5
-1
20
14
24
43
54
74
71
97
102
133
139
162
179
183
212
207
220
223
243
253
256
250
258
261
240
225
227
226
210
192
174
182
174
179
150
119
98
87
84
74
68
54
32
21
17
-7
-11
-20
-18
-23
-21
-15
-15
0
-6
-12
-25
-22
-20
1
21
11
5
5
20
32
20
31
41
38
44
51
46
45
49
45
47
51
65
52
69
97
102
137
137
135
144
155
177
181
186
197
197
203
193
190
190
202
212
216
215
212
201
193
182
178
164
146
131
106
97
79
77
78
62
48
35
14
-2
6
6
-3
-14
-31
-44
-47
-40
-37
-58
-53
-40
-35
-22
-23
-17
-11
-9
-2
-2
2
25
33
27
34
36
34
50
48
32
25
29
32
40
67
79
67
69
99
97
108
130
135
140
154
172
185
207
219
235
243
247
246
262
274
283
260
268
279
263
265
242
218
207
202
203
202
162
135
129
129
117
100
86
68
41
35
31
22
11
2
-9
-18
-27
-26
-38
-45
-44
-27
-16
-29
-26
-30
-21
3
3
-5
-13
6
11
17
25
21
21
14
31
33
24
25
43
63
62
49
58
74
80
79
86
99
113
135
141
152
147
163
181
206
230
210
217
225
237
234
234
218
206
209
215
204
199
195
172
160
149
149
122
95
76
58
52
64
54
25
17
6
1
-7
-14
-11
-6
-4
-5
-7
0
6
11
20
22
23
33
35
65
80
86
99
107
120
111
107
106
113
128
126
122
116
129
130
112
125
132
138
137
143
161
141
143
139
155
173
189
189
201
216
204
206
204
211
205
211
206
206
206
201
192
197
211
204
190
171
167
162
157
145
136
118
96
89
88
91
90
73
56
59
30
28
20
13
21
26
39
35
28
7
18
38
56
77
83
79
88
92
92
104
115
129
130
139
153
160
152
149
152
159
157
147
142
145
164
164
171
156
147
166
167
154
148
134
138
176
181
193
186
188
185
195
192
184
192
170
153
139
127
134
128
136
133
104
96
87
78
75
73
78
57
38
32
6
-9
-40
-50
-40
-52
-55
-58
-71
-86
-89
-81
-76
-66
-62
-64
-78
-61
-54
-46
-25
-31
-33
-23
-7
11
9
19
35
26
14
24
33
26
42
63
78
101
106
103
107
108
121
131
137
138
147
157
154
159
167
180
188
190
185
175
178
180
174
183
174
168
151
151
139
128
124
98
107
90
98
96
70
43
27
7
-15
-29
-32
-43
-68
-95
-101
-109
-126
-108
-114
-130
-126
-129
-144
-138
-137
-135
-130
-126
-122
-136
-143
-138
-128
-101
-78
-69
-64
-55
-28
-18
-20
-10
-11
5
11
12
31
34
48
73
63
62
82
83
84
85
94
93
104
112
110
106
87
78
80
70
56
54
53
34
43
37
46
45
32
14
-3
-24
-46
-57
-60
-65
-103
-116
-139
-138
-140
-156
-165
-176
-178
-201
-208
-226
-219
-219
-209
-210
-231
-228
-222
-230
-221
-208
-203
-197
-189
-186
-187
-157
-142
-134
-112
-95
-97
-81
-57
-41
-38
-11
23
25
30
29
34
39
50
65
69
74
97
119
126
120
125
138
125
130
131
139
138
135
155
160
166
159
150
155
143
149
138
128
125
117
109
87
87
73
51
40
27
22
21
17
6
-19
-45
-44
-55
-92
-108
-100
-102
-134
-142
-142
-138
-136
-144
-126
-132
-128
-118
-115
-113
-108
-89
-108
-115
-111
-102
-91
-106
-101
-82
-72
-73
-77
-73
-60
-53
-59
-53
-59
-62
-66
-58
-37
-36
-24
-18
-27
-21
-16
9
7
-1
3
-1
-4
-12
-1
8
-1
9
16
-3
-5
-1
-1
-13
-21
-38
-61
-70
-62
-61
-78
-98
-102
-111
-142
-170
-180
-190
-205
-218
-218
-211
-208
-198
-211
-213
-206
-222
-224
-221
-215
-215
-245
-247
-226
-211
-207
-210
-223
-207
-194
-178
-157
-152
-136
-113
-99
-104
-88
-66
-42
-29
-30
-29
-23
-19
-19
-5
12
24
25
16
22
11
9
-6
8
7
6
4
0
-2
-7
23
11
4
-14
-46
-34
-46
-52
-47
-59
-50
-58
-74
-71
-72
-78
-79
-95
-116
-125
-136
-128
-127
-127
-137
-147
-165
-167
-187
-211
-210
-209
-184
-172
-167
-188
-193
-188
-196
-207
-197
-194
-195
-190
-197
-192
-179
-192
-193
-207
-223
-230
-223
-219
-218
-213
-203
-174
-159
-167
-185
-170
-153
-150
-137
-117
-129
-123
-124
-123
-108
-105
-94
-98
-93
-92
-90
-75
-52
-38
-42
-50
-58
-55
-61
-74
-63
-68
-58
-60
-48
-40
-57
-75
-87
-97
-96
-112
-131
-125
-132
-137
-140
-151
-161
-191
-205
-202
-204
-209
-209
-207
-205
-211
-232
-218
-202
-208
-184
-172
-174
-164
-162
-172
-161
-149
-156
-148
-143
-132
-130
-120
-115
-116
-113
-114
-92
-87
-87
-99
-99
-77
-65
-70
-70
-56
-62
-63
-63
-63
-60
-49
-40
-44
-50
-68
-65
-57
-52
-33
-41
-58
-64
-64
-76
-69
-63
-62
-58
-53
-49
-62
-73
-71
-70
-60
-48
-88
-116
-137
-141
-125
-118
-114
-142
-153
-154
-166
-178
-190
-198
-198
-184
-172
-154
-147
-153
-132
-124
-133
-125
-106
-114
-137
-142
-128
-111
-123
-116
-109
-105
-95
-77
-71
-58
-64
-85
-81
-76
-57
-53
-60
-53
-46
-33
-26
-27
-31
-26
-32
-24
-18
-32
-33
-24
-31
-34
-40
-20
-15
-34
-43
-49
-48
-52
-41
-47
-64
-90
-92
-96
-97
-98
-126
-131
-132
-133
-142
-159
-163
-169
-181
-166
-154
-161
-163
-175
-166
-151
-161
-164
-163
-179
-178
-172
-167
-162
-155
-138
-120
-125
-126
-124
-109
-101
-122
-115
-85
-87
-85
-64
-53
-45
-34
-26
-10
-16
-21
-7
-3
10
11
13
19
19
6
3
8
20
26
30
35
13
13
3
5
12
2
-15
-34
-35
-43
-48
-81
-92
-96
-108
-102
-106
-115
-125
-134
-135
-131
-141
-150
-180
-191
-179
-176
-168
-171
-180
-188
-189
-175
-179
-191
-183
-184
-168
-164
-164
-160
-150
-130
-128
-119
-109
-103
-96
-98
-79
-87
-87
-70
-65
-51
-55
-48
-44
-35
-17
-15
-25
-24
-27
-27
-29
-25
-21
-23
-22
-38
-30
-29
-34
-32
-25
-13
-9
-22
-35
-30
-29
-24
-24
-37
-46
-61
-55
-69
-76
-58
-77
-71
-73
-85
-82
-87
-86
-89
-89
-72
-80
-86
-86
-93
-97
-108
-97
-72
-76
-95
-96
-109
-111
-92
-78
-68
-78
-69
-56
-50
-69
-65
-43
-46
-36
-37
-29
-16
-4
2
12
7
8
10
23
34
36
34
45
56
61
78
66
68
66
63
60
58
63
66
64
76
85
86
89
87
83
79
76
88
98
79
69
51
38
37
16
2
5
1
-6
-22
-31
-26
-22
-32
-45
-49
-60
-62
-68
-69
-87
-94
-97
-87
-102
-107
-93
-110
-110
-111
-95
-82
-82
-66
-73
-80
-74
-76
-80
-83
-72
-54
-41
-40
-35
-14
-16
-17
-2
13
27
12
14
25
17
28
39
58
74
76
82
88
70
53
48
46
53
56
75
70
64
79
83
82
93
89
68
66
69
73
63
66
58
43
36
38
26
16
17
5
-13
-29
-27
-35
-33
-32
-31
-45
-53
-74
-91
-86
-97
-103
-82
-74
-68
-62
-82
-78
-73
-49
-44
-45
-34
-39
-30
-40
-32
-36
-19
-1
14
25
23
12
9
29
38
49
67
80
78
92
94
81
91
99
107
130
149
155
148
150
161
160
158
157
152
140
136
134
126
128
135
136
124
106
97
91
74
74
64
50
42
31
18
9
7
7
20
-9
-22
-18
-44
-66
-69
-61
-88
-101
-99
-106
-99
-96
-99
-103
-100
-78
-69
-76
-74
-81
-70
-54
-52
-46
-26
-25
-24
-19
-9
1
-17
-20
6
20
32
65
75
107
120
103
112
139
142
153
166
173
175
166
183
194
190
187
186
187
179
179
178
189
177
161
159
160
150
148
161
152
129
126
131
113
112
93
87
69
48
29
9
-16
-33
-34
-47
-45
-50
-59
-62
-74
-84
-73
-70
-77
-90
-85
-79
-68
-72
-59
-60
-75
-52
-50
-39
-38
-31
-17
-12
-3
10
16
26
54
69
81
90
85
101
107
115
112
136
155
155
171
171
169
172
183
185
187
181
187
173
193
199
187
192
189
204
178
176
165
156
159
147
143
140
131
109
121
108
78
87
89
85
82
81
66
46
37
30
25
24
22
14
26
16
19
26
11
23
21
16
12
16
15
14
13
12
3
5
13
17
42
67
76
77
83
85
98
104
113
124
119
128
130
138
163
169
174
173
164
168
176
174
182
188
206
215
199
197
201
186
175
181
187
182
167
154
152
149
145
139
140
123
112
97
86
74
55
50
31
20
9
2
-1
-13
-4
-14
-12
-2
0
-20
-25
-17
-19
-13
-20
-16
-16
-21
-30
-30
-44
-48
-29
-29
-16
-7
-10
10
17
37
64
69
91
96
101
111
141
153
152
148
147
155
176
196
196
195
200
214
214
225
228
234
242
247
234
241
241
222
215
212
201
186
199
202
205
207
194
180
178
164
157
154
160
155
148
146
127
124
108
91
69
62
50
60
74
42
25
21
23
19
15
22
9
21
18
5
-2
12
16
-8
4
6
-7
-12
1
-7
-1
22
32
27
38
35
31
62
76
87
90
103
104
106
132
128
127
141
145
163
176
183
197
208
208
184
194
211
190
187
185
182
184
185
193
175
173
167
160
163
148
146
123
104
98
75
52
36
40
37
35
17
4
-16
-15
-15
-22
-28
-48
-48
-48
-38
-37
-44
-22
-30
-23
-21
-9
-10
-20
-2
-5
7
18
26
28
42
49
56
70
83
84
77
74
95
113
114
122
131
140
138
148
154
166
173
177
181
186
190
203
215
203
194
203
194
183
198
202
200
196
176
164
157
132
121
127
129
124
132
130
120
135
125
100
87
64
53
36
24
10
0
-7
-22
-45
-56
-68
-74
-79
-87
-116
-129
-106
-116
-121
-132
-143
-151
-139
-124
-117
-102
-92
-71
-44
-38
-43
-39
-17
3
0
12
23
34
41
60
62
55
58
76
91
109
121
122
125
131
143
145
153
161
135
140
143
135
143
157
165
156
150
136
137
131
135
139
120
104
78
59
52
51
46
37
15
-8
-8
-3
-1
-14
-22
-23
-40
-66
-78
-80
-99
-111
-119
-136
-154
-157
-142
-154
-155
-147
-165
-156
-147
-149
-135
-139
-128
-104
-114
-129
-127
-100
-84
-94
-78
-80
-63
-52
