138
123
116
112
95
64
77
72
53
79
35
19
37
45
55
39
40
46
69
85
81
84
107
91
99
117
142
160
137
149
163
183
210
205
184
168
147
165
184
191
197
205
228
220
229
247
243
257
273
268
262
256
252
241
260
256
260
251
218
214
219
217
214
237
242
239
245
248
234
216
211
222
226
219
227
234
245
206
212
216
211
191
205
216
221
223
241
238
212
243
257
253
260
268
248
249
231
206
202
213
223
223
193
166
168
154
157
180
181
173
194
183
189
191
178
187
182
199
187
176
182
175
175
157
123
121
116
93
105
65
50
80
80
97
88
83
85
73
49
77
102
91
82
80
71
85
82
74
70
69
104
133
142
129
151
141
171
183
163
164
178
197
207
194
162
156
151
154
158
164
148
136
139
143
131
118
91
91
138
161
175
164
153
163
194
191
193
196
194
195
190
193
194
172
143
152
154
140
141
120
104
106
118
142
151
145
145
168
154
162
164
147
136
138
149
142
130
142
137
128
159
151
175
180
179
191
182
189
191
195
195
225
198
178
169
138
123
118
124
106
104
101
74
47
56
71
73
81
110
146
143
146
135
149
160
146
135
107
105
131
128
99
90
65
52
45
54
59
55
72
84
97
112
127
137
161
164
148
155
153
164
165
174
156
140
145
139
130
122
124
136
127
118
122
126
138
144
138
120
89
77
77
69
59
42
32
8
7
20
0
0
-18
-13
-14
-14
13
26
50
41
30
28
19
16
-1
3
0
12
7
-47
-66
-63
-87
-85
-82
-71
-74
-87
-90
-86
-70
-83
-73
-55
-61
-48
-44
-54
-47
-71
-74
-59
-61
-61
-63
-53
-61
-62
-28
-43
-38
-15
-23
-6
8
39
54
26
25
32
34
32
21
37
37
10
-1
-19
-23
0
4
-5
-15
-17
3
22
44
62
53
55
55
40
39
47
31
27
20
-17
4
-4
-32
-24
-27
-15
25
20
35
64
54
32
30
61
84
109
117
106
102
96
104
115
99
98
116
100
98
103
90
100
125
137
146
159
137
120
127
135
141
148
116
87
84
76
55
63
41
19
14
-4
6
8
-2
-12
-26
-18
14
36
33
23
38
33
30
30
30
23
-3
-11
-30
-43
-52
-49
-38
-44
-43
-51
-23
-12
-32
-28
-9
-11
0
28
46
61
36
11
6
14
12
21
9
13
-6
12
17
9
29
33
24
16
24
30
28
23
27
48
23
24
17
6
11
-3
2
17
9
-8
-5
-20
-36
-8
1
-3
1
-8
-10
10
29
14
2
-17
-22
-28
-35
-35
-31
-8
-25
-40
-27
-24
-15
9
35
27
39
53
75
59
71
84
81
95
100
75
56
54
32
59
65
40
29
37
25
26
44
45
39
42
45
42
46
20
-1
-1
-20
-12
1
-3
-9
-34
-50
-47
-59
-59
-54
-67
-66
-50
-61
-52
-48
-34
-37
-42
-47
-60
-38
-16
-4
-14
-41
-57
-64
-49
-34
-47
-64
-80
-79
-55
-34
-17
-4
16
16
11
-9
-10
3
-12
-6
0
-30
-50
-53
-62
-60
-66
-62
-54
-79
-103
-86
-94
-78
-48
-65
-84
-102
-101
-103
-119
-118
-115
-145
-166
-166
-173
-163
-177
-189
-191
-195
-178
-162
-127
-153
-167
-149
-148
-144
-163
-164
-140
-147
-153
-124
-139
-165
-180
-184
-164
-166
-142
-107
-119
-115
-109
-109
-78
-60
-49
-40
-56
-68
-52
-37
-18
4
12
-9
-13
-17
-16
-12
-28
-48
-48
-65
-47
-40
-37
-59
-47
-29
-25
7
-13
-36
-36
-35
-31
-10
-26
-46
-27
-41
-60
-50
-35
-20
-16
-37
-29
-14
2
12
13
-1
-7
1
-4
-21
-18
-20
-37
-48
-58
-53
-56
-57
-48
-49
-33
-12
14
27
10
20
42
50
58
66
82
89
88
81
71
56
44
38
27
5
-4
-14
-1
2
-9
-13
-6
1
7
3
-12
-30
-28
-37
-41
-57
-73
-72
-72
-59
-89
-104
-100
-101
-104
-93
-101
-96
-80
-98
-100
-105
-121
-106
-79
-82
-107
-98
-85
-80
-100
-107
-93
-97
-114
-72
-51
-37
-23
-8
-7
-12
11
27
34
50
59
63
92
83
79
69
58
73
72
76
52
45
43
29
30
29
23
10
-16
-27
-20
-15
0
-12
-10
-3
-18
-19
-15
-41
-47
-39
-52
-34
-27
-39
-46
-62
-74
-44
-21
-12
-20
-15
-20
-15
3
-9
1
-7
-23
-16
-19
-38
-30
-61
-71
-80
-83
-60
-60
-26
-23
-29
-23
-18
-39
-26
-17
-9
14
1
12
8
1
-4
-5
-27
-16
-14
-27
-5
-3
-35
-50
-63
-49
-48
-65
-61
-57
-63
-67
-52
-48
-57
-48
-36
-49
-63
-72
-65
-59
-57
-75
-85
-85
-97
-86
-64
-65
-39
-36
-43
-19
-22
-23
-23
-39
-39
-35
-47
-46
-33
-27
-38
-51
-77
-92
-93
-93
-77
-71
-75
-71
-62
-46
-45
-24
-16
-23
-32
-42
-60
-54
-63
-67
-69
-84
-103
-130
-144
-160
-167
-175
-184
-175
-159
-168
-175
-173
-178
-159
-138
-120
-124
-128
-129
-124
-106
-113
-98
-106
-127
-113
-105
-105
-83
-83
-72
-51
-51
-19
-10
11
7
11
24
30
25
14
24
26
26
9
-13
-21
-19
-12
-10
1
8
25
36
42
39
44
45
63
68
61
58
51
88
87
93
101
67
63
35
22
40
23
24
35
46
50
48
61
42
41
63
66
65
60
51
48
47
38
30
7
27
31
45
57
49
71
67
61
54
31
44
53
66
84
71
64
70
81
66
44
30
15
-3
-12
-26
-7
-18
-36
-9
-38
-48
-43
-41
-13
-5
0
6
9
-3
32
28
7
-1
-10
-10
-24
-39
-53
-59
-63
-66
-74
-94
-95
-66
-58
-75
-78
-72
-53
-43
-56
-58
-49
-38
-46
-56
-78
-84
-59
-53
-54
-53
-55
-77
-76
-78
-88
-65
-49
-29
-12
9
11
5
4
3
12
21
23
9
18
44
35
13
-1
-16
-5
5
17
29
21
33
40
26
30
56
81
95
83
77
79
79
65
45
45
33
21
31
3
-4
-8
-21
-13
-19
-8
16
3
-2
15
15
23
43
55
68
51
46
53
44
50
49
45
38
4
-6
11
-3
18
38
52
64
46
49
41
45
57
58
64
68
54
53
35
24
23
9
14
7
-7
-2
-7
22
6
-4
6
8
39
47
54
62
43
21
24
14
6
-14
-23
-30
-55
-71
-81
-87
-95
-83
-70
-80
-71
-54
-46
-33
-36
-23
1
3
-10
-7
-3
-24
-34
-54
-61
-56
-86
-99
-99
-112
-105
-83
-79
-65
-68
-56
-57
-55
-17
-29
-13
-4
-6
-31
-57
-46
-42
-66
-62
-61
-65
-61
-58
-30
-35
-37
-47
-22
-7
5
31
32
31
10
13
13
8
7
0
-13
-30
-25
-51
-52
-53
-65
-69
-79
-73
-61
-48
-56
-44
-16
-12
-9
4
28
39
29
13
5
15
11
26
46
42
29
39
44
60
59
79
99
104
110
99
120
127
140
155
140
122
119
105
131
136
120
120
110
112
119
100
101
105
97
96
103
123
154
185
180
160
150
136
140
133
106
106
86
68
40
27
4
2
-10
-24
-20
-20
0
24
39
41
40
67
77
64
65
70
58
52
32
19
22
-4
-16
-19
-31
-20
-22
-1
20
43
59
51
56
40
45
35
40
46
46
47
21
6
14
-19
-27
-30
-43
-37
-34
-25
-18
3
6
42
43
36
46
44
55
68
61
66
54
39
34
27
17
26
19
21
16
12
20
5
8
31
43
48
64
77
115
119
117
147
164
147
126
110
121
125
117
98
81
78
55
67
74
76
70
63
67
65
58
61
71
68
62
55
52
56
35
7
-2
-17
-36
-49
-51
-48
-69
-76
-67
-47
-25
-19
-4
6
28
30
22
28
32
17
16
8
0
-8
6
-1
3
27
34
49
58
67
75
79
100
128
136
155
162
178
206
201
164
150
145
128
128
133
140
119
103
87
68
71
71
79
80
88
87
76
86
89
73
61
55
39
39
32
21
35
11
-1
3
-5
13
21
25
26
36
32
48
60
53
67
53
44
57
71
77
73
80
84
81
74
75
79
66
62
69
53
49
55
49
77
83
81
103
108
98
94
93
95
95
81
71
61
53
54
38
35
25
1
-4
-10
-6
-6
10
20
15
18
22
25
25
32
23
16
29
20
12
17
-13
0
16
14
16
11
6
13
17
37
80
86
93
107
96
120
126
141
130
123
115
122
125
106
113
94
97
73
65
61
45
47
47
53
51
51
55
52
45
52
62
49
71
62
58
77
54
55
49
35
27
20
15
21
43
36
48
50
49
38
36
11
7
28
9
22
33
27
26
7
-13
-21
-23
-13
2
11
10
-1
16
7
18
14
3
33
14
8
33
58
68
88
64
40
38
27
31
23
7
4
31
33
19
23
25
59
63
65
65
62
95
113
109
102
89
88
80
45
20
-7
-4
6
-4
1
-20
-15
8
-20
-10
-4
-4
18
26
18
19
6
31
39
17
9
-3
20
32
15
2
-1
-1
-9
-30
-31
-29
-29
-18
-14
-3
-6
15
18
-14
-38
-42
-37
-37
-46
-61
-37
-41
-38
-40
-63
-81
-91
-91
-87
-78
-74
-70
-73
-68
-77
-49
-76
-77
-38
-61
-23
1
4
16
5
0
2
11
-1
-29
-32
-50
-58
-31
-18
11
12
16
30
8
-15
-11
-5
-2
0
-16
-29
-5
18
5
-6
-17
-3
13
-1
3
22
28
40
37
38
37
44
54
68
73
49
62
57
56
48
17
3
-18
-34
-28
-29
-40
-36
-25
-15
-25
-29
-41
-32
-17
-5
-25
-25
-34
-41
-23
-36
-36
-29
-51
-52
-55
-52
-56
-52
-48
-68
-82
-59
-34
-33
-42
-38
-22
-39
-33
-25
-42
-31
-32
-26
-22
-27
-14
-20
-25
-28
-18
-23
-26
-36
-24
-31
-24
-17
-29
-12
-4
-10
1
-12
-16
-16
-35
-63
-64
-65
-79
-68
-75
-73
-58
-57
-39
-35
-34
-27
5
13
-1
-3
2
17
15
35
26
15
7
5
27
-3
-25
-17
-31
-33
-44
-52
-35
-44
-36
-30
-33
-13
-5
4
8
9
-2
7
-5
-14
-4
-26
-29
-24
-22
-33
-31
-30
-24
-37
-61
-51
-51
-52
-53
-34
-31
-37
-25
-37
-53
-66
-88
-107
-131
-153
-142
-150
-151
-146
-150
-159
-163
-167
-152
-126
-148
-135
-135
-122
-103
-96
-97
-137
-119
-114
-141
-161
-176
-161
-143
-144
-156
-149
-156
-126
-113
-118
-108
-109
-65
-72
-83
-85
-73
-55
-77
-112
-117
-132
-144
-141
-145
-134
-138
-142
-152
-163
-165
-147
-133
-110
-109
-106
-102
-97
-74
-95
-94
-108
-127
-136
-138
-125
-145
-150
-147
-140
-127
-151
-146
-132
-119
-102
-115
-102
-94
-91
-68
-73
-87
-64
-63
-35
-27
-67
-53
-57
-71
-73
-54
-45
-36
-19
-16
-10
-1
7
27
37
16
34
30
22
19
4
11
-5
-27
-41
-42
-49
-44
-26
-23
-32
-43
-17
-11
4
13
8
36
39
24
26
14
22
19
-13
-24
-22
-28
-50
-36
-32
-53
-51
-46
-41
-45
-58
-63
-41
-69
-70
-44
-32
-20
-46
-72
-84
-88
-88
-93
-89
-87
-87
-82
-117
-119
-104
-129
-115
-130
-139
-105
-98
-114
-118
-131
-147
-138
-139
-147
-164
-179
-194
-179
-176
-171
-169
-173
-176
-158
-143
-161
-145
-134
-127
-123
-124
-149
-146
-144
-157
-145
-164
-142
-149
-151
-153
-152
-146
-118
-86
-84
-86
-99
-101
-88
-72
-83
-63
-57
-59
-52
-53
-54
-61
-73
-69
-40
-21
-18
-30
-29
-24
-21
-23
-30
-25
-33
-28
-38
-43
-39
-46
-56
-51
-56
-80
-82
-66
-66
-67
-83
-80
-66
-74
-88
-71
-56
-67
-64
-69
-73
-56
-52
-72
-65
-73
-60
-52
-88
-66
-44
-29
-32
-53
-51
-61
-66
-54
-53
-41
-16
-30
-25
-4
-4
-10
-15
-8
12
24
16
0
-6
1
-7
-9
-20
-19
-12
-22
-23
-34
-33
-38
-26
-34
-50
-45
-39
-25
-29
-28
-27
-29
-44
-42
-49
-42
-23
-30
-30
-45
-49
-49
-56
-58
-75
-78
-76
-76
-75
-78
-88
-85
-89
-97
-99
-97
-101
-114
-128
-123
-125
-133
-139
-128
-128
-112
-93
-82
-60
-81
-106
-115
-124
-148
-148
-157
-162
-160
-171
-173
-171
-165
-146
-147
-151
-142
-136
-145
-138
-146
-137
-147
-138
-125
-117
-88
-88
-93
-98
-107
-120
-98
-104
-96
-62
-43
-29
-39
-51
-55
-79
-58
-42
-45
-36
-7
-10
-17
-9
2
-8
-11
-10
-7
16
44
70
87
110
106
92
104
101
106
124
128
119
98
86
76
79
79
83
93
97
109
95
78
59
56
42
43
46
66
114
105
82
92
65
26
28
13
12
24
25
52
32
-3
-17
-43
-55
-64
-53
-36
-22
-11
-24
-40
-57
-80
-80
-73
-58
-51
-37
-28
-20
2
-12
-36
-23
-20
-15
14
16
13
12
-27
-21
-45
-69
-48
-65
-46
-27
-24
-9
-11
-27
-48
-56
-49
-30
0
-6
-9
-13
-5
-24
-51
-43
13
60
106
115
81
78
25
18
19
-2
26
48
51
60
19
-17
-42
-66
-34
-30
0
53
36
30
31
-41
-72
-72
-58
-27
-22
26
-5
-41
-38
-81
-86
-67
-26
-7
18
26
5
-42
-73
-113
-144
-91
-78
-35
-18
-36
-50
-95
-117
-170
-148
-124
-105
-82
-77
-70
-93
-121
-122
-128
-98
-15
2
21
52
10
17
19
-12
-27
0
34
27
25
37
14
29
25
16
25
-12
38
45
72
64
39
39
24
30
40
18
22
20
27
-1
-22
-7
-17
3
15
12
79
45
21
81
-29
40
47
30
65
19
49
53
16
-2
13
3
21
-7
-23
62
17
13
25
34
43
53
44
45
123
136
165
152
86
83
49
64
45
31
60
56
11
75
5
-45
4
-5
86
-7
17
47
10
-9
1
-17
-81
-60
-31
-41
-57
-29
-60
-43
-15
-29
-29
-58
-55
-71
-62
-95
-28
-42
-53
-14
-54
-70
-121
-99
-119
-108
-118
-54
-129
-122
-119
-235
-192
-152
-101
-89
-62
8
-16
-72
22
8
13
24
61
113
52
4
73
-15
-28
41
52
102
83
6
63
27
-45
51
34
133
120
85
144
120
59
138
80
16
86
119
158
154
120
166
9
-15
93
13
76
144
114
190
142
159
216
54
123
120
162
128
133
94
150
-12
21
6
-57
-35
17
69
98
155
16
86
43
100
87
152
127
150
184
136
112
34
-20
-39
143
-70
83
234
-18
-43
120
35
114
32
87
108
-44
204
46
32
165
100
81
229
27
43
71
-89
58
38
84
-82
-84
-83
-81
-141
-16
41
-36
11
92
57
17
38
65
86
-20
65
129
-81
-73
62
-54
-67
68
104
-69
-24
96
96
-49
95
223
-95
177
336
16
17
97
-15
-61
92
45
14
23
-5
-60
-140
-14
-148
-218
-100
-117
-99
-53
27
-109
-48
-55
36
-168
-14
34
-192
-58
-44
-22
-39
-187
-41
-142
-238
83
-63
-108
58
-64
49
144
-229
55
-10
-90
141
84
-89
55
-36
24
164
-181
190
-45
-221
79
-12
-156
238
-260
47
199
-155
356
-225
86
230
-231
222
146
-142
249
-94
39
400
-246
366
-31
-268
205
-186
44
273
-334
281
223
-141
492
-63
135
354
-106
272
274
-139
401
-142
133
308
-200
190
-44
-102
414
-94
116
237
142
169
174
315
22
155
20
408
-112
280
70
232
138
144
261
-82
187
45
-48
-23
94
-89
-122
110
95
-181
175
-16
-97
244
-57
-135
191
-56
33
286
-254
141
-273
-201
209
-442
-41
66
-155
-158
299
-336
53
91
-267
218
-146
174
97
-281
121
282
-310
95
61
-285
218
-166
169
71
-18
199
96
38
-198
359
-220
-16
231
-331
331
-147
-55
49
148
-217
419
-253
-20
37
-56
164
-261
75
54
59
-69
64
-174
96
-153
150
394
-227
108
198
-136
88
108
-57
160
-13
106
-69
-75
192
66
-371
298
-1
-48
317
17
-59
55
138
-2
156
70
-167
-103
-74
-88
-98
26
-148
72
60
-73
221
-133
-69
112
119
-153
87
73
-377
131
-84
-63
-83
211
-164
-292
551
-562
35
168
65
-348
499
-268
-34
92
-247
465
-538
259
212
-142
166
20
-100
77
-316
321
-13
-59
222
32
-252
427
-428
233
389
-419
752
-320
154
34
-241
125
-130
75
-23
161
228
-166
190
-37
9
-65
62
56
337
-303
523
37
-379
520
-339
-112
-136
60
42
-79
74
5
-379
227
-382
-220
-76
69
-232
90
186
-88
-116
-23
-194
-263
115
9
-328
119
181
-145
-278
253
-565
-15
-14
-204
171
-186
95
-47
-383
134
51
-320
281
23
-40
-33
171
-441
88
-238
18
221
-47
-159
561
-344
-16
355
-544
333
49
-96
418
-243
199
358
-447
549
-361
24
126
-32
72
-113
157
5
-25
259
99
-695
800
-260
0
809
-513
211
276
-75
214
-206
-72
520
-249
395
221
-664
724
-44
-407
984
-807
787
138
-474
983
-614
73
875
-717
624
43
-135
550
-555
529
197
-477
480
-107
-173
539
-830
615
-299
24
425
-422
-112
270
-500
119
434
-588
427
-31
-198
-126
-224
-138
-478
-88
-44
143
-488
183
-2
-469
-11
344
-295
-231
523
-231
29
-260
372
-178
-223
215
178
-538
373
198
-468
216
-233
338
-650
146
247
-337
-240
645
-483
390
-222
-335
665
-742
313
18
-187
-156
227
-326
15
-553
174
-13
-609
449
-375
-471
131
-91
-506
380
-447
24
-569
522
-425
-464
117
-300
73
-586
235
-296
-173
229
-351
166
-127
68
-127
574
-332
468
120
-47
477
-566
1050
-688
478
217
-69
347
-292
578
-202
192
172
-15
103
155
-98
-57
152
-128
243
245
187
-154
176
269
-185
-266
282
12
178
-61
-25
-87
135
-750
454
-148
-424
396
126
20
-383
256
-49
-137
-337
684
-754
119
136
-318
-279
-18
298
-779
201
-165
202
-484
401
346
70
110
84
-34
406
-283
108
228
-203
500
-273
171
267
-553
173
950
-738
881
62
-243
301
624
-850
417
-34
-441
395
-909
1110
-1105
-86
514
-104
-759
1095
-440
-709
829
-710
-184
-156
390
-956
381
22
-386
106
-690
597
-220
-579
640
208
-1072
969
21
-823
665
-529
-110
133
-166
16
267
-267
532
-160
-5
191
160
-87
361
226
-534
1187
-526
42
599
28
-577
910
-147
-239
466
-139
618
-550
779
405
-838
213
667
-996
65
456
-1050
673
-49
-367
585
-806
652
-248
-363
503
-666
-157
587
-790
-112
1109
-1238
582
-151
3
-381
327
-43
58
-144
527
355
-931
1456
-588
-12
342
50
-346
835
-166
-7
454
-61
819
-361
468
118
-357
555
197
-32
757
-114
48
857
-681
290
376
-430
939
-882
1450
-678
378
467
86
232
105
-90
-37
-3
-954
1197
-1247
340
305
-508
299
60
-566
597
-640
-17
396
-665
206
56
-404
-141
156
-588
-14
-729
286
-549
-311
723
-1138
743
-579
-117
-13
-759
578
-838
37
290
-258
-567
826
-663
211
254
-669
291
-22
-199
439
-245
-46
690
-766
701
-294
-507
863
-555
-53
803
-726
54
739
-648
-42
590
-498
144
-746
37
-25
-697
23
-173
-37
-672
456
-407
-350
-188
-27
-404
-161
457
-786
647
-989
640
-889
-188
254
-728
-110
672
-332
-24
977
-1129
1258
-596
-140
899
-731
704
314
-531
886
-557
180
458
-693
649
298
-126
763
-417
599
-106
-31
670
-391
685
-393
526
-92
50
-598
1195
-573
-154
985
-852
418
-116
-165
760
-1008
244
247
-858
497
-380
406
-521
-229
696
-782
424
-96
-192
542
-713
442
29
-813
736
-614
-510
1222
-979
894
62
-506
920
-734
648
305
-415
1104
-134
-365
932
-706
130
693
-1244
1180
6
-570
1169
-750
229
97
-240
559
-44
-415
1013
-543
-394
803
-1193
303
160
-468
621
-405
-638
1482
-1231
-139
774
-1303
217
143
-554
-29
-476
320
-831
164
-243
-260
-512
-71
281
-1114
592
-180
-242
-452
650
-910
-72
352
-447
223
-26
158
-385
543
-462
184
-58
-308
901
-869
-6
896
-1456
1283
-708
-347
838
-1161
514
-18
-410
218
-350
563
-280
-149
521
-419
-97
148
-458
523
-218
0
604
-652
1087
-1013
265
172
-643
279
180
-308
345
12
-757
476
-1046
202
-251
-469
1038
-1198
877
-408
-115
-44
-537
747
-75
118
109
283
-164
321
77
192
446
-549
980
-231
-183
595
-374
595
-311
591
-442
233
580
-690
1013
-426
718
-129
125
137
504
-682
1034
-184
-395
1294
-1712
1234
-556
-640
1032
-962
452
195
-622
889
-698
-363
853
-1354
795
-170
-693
634
-787
79
-639
-459
-47
-223
-1049
1212
-756
394
-591
-440
826
-2033
1227
-186
-578
1049
-725
548
-209
-477
174
-152
-455
582
-332
-34
1161
-1839
1386
-549
-274
313
-446
219
265
-437
442
498
-1136
1553
-1081
243
123
26
286
-501
605
-655
361
-856
930
-1108
901
-972
804
-512
-393
1260
-1718
1502
-1139
-125
909
-1273
482
253
-999
840
-656
-184
519
-826
119
432
-1584
1731
-1370
360
-119
-144
-46
-329
637
-323
-551
977
-160
-380
607
-482
693
-890
176
721
-908
-199
1590
-2064
1893
-832
433
-109
-3
233
269
-95
138
608
-1154
1507
-574
-226
1026
-135
-81
1183
-980
642
45
14
598
-668
699
51
-587
542
74
-392
392
-394
1094
-1000
591
64
-404
455
-217
314
-229
-119
-144
446
-1358
1323
-572
-612
881
-301
-378
-356
875
-424
202
69
535
-252
126
724
13
-250
575
495
-680
1475
-1281
1242
-323
27
545
-207
215
275
-133
246
608
-1009
1585
-1227
1008
235
-465
907
-33
-321
658
-512
11
325
-817
796
-537
-6
194
111
-286
-12
-884
1067
-1283
172
317
-651
-52
-491
-104
-490
-370
-524
160
-693
426
-683
65
-176
-897
-181
-68
-187
-113
-349
116
-73
-890
1404
-1422
472
437
-354
-113
499
-88
-519
-17
-329
577
-1231
1440
-399
-608
618
-76
-89
417
-111
-202
901
141
-489
680
-526
514
-141
-305
597
-4
-156
-71
842
-971
911
-1041
631
168
-1084
977
-385
-600
644
-581
114
-280
-254
10
-263
-163
35
-454
-493
711
-1402
280
-32
-673
-239
-235
-664
393
-862
-315
706
-886
179
733
-1455
1091
-849
-111
732
-849
659
-625
-90
180
23
-922
1257
-1231
1051
-191
-77
905
-1531
1220
272
-300
289
151
-37
384
-515
391
356
-523
248
322
-494
435
-886
855
-674
-514
370
-250
-357
-562
565
-822
29
-71
-251
-261
-189
-367
-503
-130
-239
-326
-353
61
-240
111
-375
510
-612
18
81
-137
-261
616
-523
230
213
30
-537
689
-414
-258
564
-767
1278
-1068
430
512
-931
497
838
-984
646
262
-486
693
-369
363
-32
-641
990
-515
-209
395
-242
-253
333
299
-1069
1051
-1043
174
541
-1080
492
-389
-331
639
-936
-85
406
-731
263
-78
-1078
730
-1209
280
160
-699
205
-252
-276
-217
-137
70
19
-567
958
-1047
598
65
-246
85
75
219
562
-209
460
446
-989
1116
-150
196
148
556
-313
223
906
-349
406
-103
739
-27
-217
1551
-693
69
476
176
14
1
464
-229
337
-541
493
108
-141
-31
223
-144
-145
-618
559
-452
-569
367
-573
131
-351
-264
-168
-528
18
153
-516
587
-776
281
-104
-600
672
-58
-487
1065
-271
-892
1719
-703
275
-538
1165
-509
464
453
327
-739
356
1175
-676
531
348
86
428
-136
698
-686
-24
539
-49
-618
543
-170
50
15
-846
958
-1297
610
-379
261
-1023
399
321
-1435
631
-364
-473
18
-436
-218
270
-1003
369
-352
-856
1264
-1284
348
-81
-183
276
-544
715
-181
-236
420
260
-220
276
-219
433
-316
-122
132
462
-1007
1666
-559
352
294
-455
834
-595
454
308
139
-110
1238
-870
827
-457
935
-588
258
584
-421
-255
138
50
-298
165
28
280
-434
530
-84
-251
109
-518
-195
513
-1038
720
-331
-479
-171
181
-811
305
-245
-626
656
-1631
1503
-822
-154
787
-387
57
-222
269
-475
394
-608
656
-219
451
653
-732
875
-1019
990
-331
831
-6
116
-48
671
556
-382
496
124
638
-140
664
-43
-102
-100
913
-732
591
-450
48
421
-169
-107
-101
13
-528
371
-929
290
-357
-20
-132
183
-235
-391
-523
329
-646
-204
-72
-53
0
-500
331
-694
3
-405
-289
-425
1130
-1286
624
-455
140
-2
-761
1186
-700
757
-317
650
-700
470
-424
363
78
-269
641
-153
867
-884
1151
-1000
832
-543
259
36
-102
178
-389
730
-611
811
-753
833
-320
36
-12
-224
752
-836
355
98
135
-554
641
-597
-207
286
-774
705
-610
124
323
-171
-80
19
-252
-529
497
-34
-630
867
-190
-440
-123
945
-1440
191
403
31
427
-404
1273
-1234
20
797
75
-490
1365
333
-315
698
-225
643
-417
1102
32
647
366
96
277
-339
354
549
-386
595
1123
-940
1035
-779
486
222
204
-135
632
-729
162
345
-307
-296
523
-530
116
569
-639
928
-289
-393
996
-634
-96
1030
-1509
1045
185
-172
-518
450
-1013
467
-650
404
-320
509
-59
-110
354
-482
509
-668
1420
-534
343
866
-106
-375
640
506
-484
294
681
-319
-688
1529
-631
46
377
-302
118
-684
1178
-307
-155
101
540
-835
310
342
-808
632
-711
382
-707
293
-388
-10
-121
-423
242
-459
24
-284
-153
-559
815
-347
-679
222
-235
-334
-97
152
-281
759
-144
-108
440
-312
309
347
482
-176
-151
545
395
-128
-64
456
-27
115
464
277
-440
1185
-217
187
-247
87
330
-85
-503
574
289
-58
1243
-1423
1153
-900
1015
-350
718
-352
922
148
19
441
45
-81
213
424
-927
1804
-2337
1718
-842
-511
981
-1163
-36
814
-896
924
-200
-564
1253
-635
-954
1757
-1640
448
367
-1670
1536
-1054
-86
110
-112
-798
1521
-1367
734
83
-721
1297
-929
616
-354
204
-11
-18
-116
726
-591
530
-527
500
267
-874
777
-594
467
-591
351
-216
154
-439
482
-202
-813
633
58
-294
172
230
-133
-38
227
-490
-681
259
410
-387
27
345
-806
665
-662
359
-635
52
169
-25
63
-205
-314
1030
-1367
386
360
-685
846
-593
371
-509
-12
372
-50
-590
829
-704
2
894
-1060
421
37
-121
511
-647
1254
-369
-581
1247
-670
-228
536
88
-98
162
-358
125
-55
-207
-491
271
438
-202
1020
-425
-123
321
-113
-18
1
113
504
-428
295
217
-1040
538
40
-81
357
-285
688
-373
-264
641
-769
249
-474
81
581
-272
23
456
-790
985
-680
-677
1238
-1241
770
108
-606
861
-749
115
41
-475
1128
-464
-239
1331
-582
-682
1707
-1524
553
379
94
616
-544
775
-682
235
824
-447
-372
1269
-240
-36
354
588
-852
-167
971
-325
-333
928
206
-557
743
-95
-660
-267
972
-694
43
78
-57
-864
137
271
-1194
475
-285
434
-313
-126
-699
-410
118
-102
7
-101
202
-434
283
-213
-604
-222
164
-438
-8
600
-389
6
-1
-484
-141
-513
724
-534
40
521
-260
147
490
-634
477
-369
-352
1171
-665
536
-260
-467
9
-223
-183
89
-349
523
-127
-668
490
-468
-675
48
140
-386
362
102
-228
-475
-156
-432
-454
-70
34
-307
409
-445
89
-510
307
-458
-135
-35
220
242
-432
187
-496
148
-520
322
-797
436
-79
-578
379
-251
-320
92
170
63
8
50
757
-371
369
462
-382
624
-615
557
137
-612
517
-376
-401
380
-675
215
-25
-342
710
-670
771
-4
-1004
1398
-652
-320
890
-86
491
11
32
200
-570
706
-62
-35
381
-258
267
-703
553
-190
-366
182
104
-284
211
125
-507
512
-282
52
525
-363
580
-264
132
135
-66
596
149
-42
149
145
-368
725
-397
481
-235
66
-180
-24
261
-267
-15
221
-222
137
-250
-265
222
-725
327
-187
7
68
189
-626
329
-616
339
322
-778
875
-250
-259
336
-403
-257
307
-467
-81
-262
-734
93
-362
-537
385
-937
135
-188
-400
8
-543
-234
25
18
-165
-227
183
-359
-285
209
-158
-278
217
-1
37
172
-231
242
-294
430
149
128
223
354
8
876
0
67
667
423
39
695
432
294
492
409
527
135
826
405
423
393
400
286
287
226
497
223
409
257
216
155
106
-60
401
45
269
-114
-166
203
-610
-34
-88
-639
186
-97
-561
-165
-565
-318
-362
-397
-298
-349
-140
-183
-691
-201
-630
-525
6
-564
-191
-224
-631
-392
-394
-607
-765
-431
-318
-237
119
-134
-305
-374
180
-271
202
-123
34
417
364
134
97
71
212
633
-235
896
430
503
450
850
357
586
823
754
592
848
1001
909
1072
723
1227
866
1073
997
951
1397
1061
1304
1520
859
1265
1260
1026
1354
1427
1652
1836
1558
1705
1438
815
647
-160
218
9
427
610
120
-103
-767
-1115
-1675
-1976
-2121
-1935
-1741
-1751
-1886
-2292
-3083
-3496
-3735
-3530
-3206
-2953
-2628
-2472
-2609
-2653
-2704
-2531
-2507
-2092
-1801
-1199
-929
-579
-1072
-881
-959
-1038
-424
-396
210
-230
-105
225
435
-13
601
404
823
1028
1008
1536
2052
1701
1314
2235
2288
2765
3014
3090
3072
3358
3642
3961
4253
5127
5121
4414
4636
4551
4058
4449
3023
2311
2472
2980
3585
2388
1917
1590
287
-246
-1040
-1163
-884
-1617
-1797
-1957
-2097
-2818
-4228
-4220
-4815
-5382
-4452
-4238
-3553
-3796
-4445
-3968
-3913
-3703
-3369
-2777
-2152
-2428
-1825
-801
-412
-144
-509
-323
50
65
502
933
775
116
-92
127
725
349
-58
-48
-308
-314
-670
-254
16
-702
-1072
-598
-755
-174
-453
-781
-253
-566
-384
636
480
778
1152
569
1803
2480
2000
2325
2572
2266
2897
3174
3911
4152
4283
4895
4771
5632
6040
5000
4387
4195
4394
4656
3137
3040
2644
3193
2650
1479
1320
306
-865
-1413
-2105
-1667
-2158
-3270
-2936
-3830
-4205
-5013
-5880
-5280
-5933
-6116
-5021
-4609
-4290
-4762
-4459
-3858
-3897
-3373
-2544
-1683
-1226
-1140
-351
705
440
268
202
351
779
175
398
976
577
514
253
360
203
-712
-894
-1152
-859
-592
-651
-176
-324
-1201
-1432
-1409
-918
-621
-368
213
824
1010
1209
1274
1688
1975
2276
3027
4073
4663
4450
4619
4909
5438
5583
6130
6685
6904
7188
6463
5532
5081
4121
2797
2157
2157
2925
3288
2398
671
-964
-2146
-3416
-4325
-3719
-3434
-3814
-4013
-4515
-5076
-6231
-7763
-7709
-7275
-6682
-5132
-4316
-3374
-3912
-4574
-3842
-3211
-2662
-1281
-287
900
1208
1267
1725
1573
1292
1093
915
989
1446
1801
2907
1957
351
-369
-1090
-388
-727
-1609
-1358
-1854
-1334
-1252
-2117
-2037
-3306
-3284
-2190
-1736
-102
-441
-863
-506
-667
702
1216
1982
2969
2896
3715
4585
5359
5931
5890
5656
6517
7511
8628
9519
8958
8540
6974
4954
5152
3673
2310
2355
2394
3531
2423
-284
-1675
-4445
-6023
-6866
-7069
-4605
-4918
-5761
-6124
-8036
-8542
-9853
-9990
-7953
-7604
-6068
-4505
-4104
-3680
-4592
-4260
-2743
-1973
238
2147
3088
3762
3039
3113
3423
2896
3515
3031
3122
4108
3736
3779
2432
836
329
-584
-168
-344
-196
-202
-1690
-2345
-2822
-3025
-2795
-3203
-2531
-2312
-1866
-1002
-1094
-1233
-1475
-976
515
1783
2481
2660
2319
2253
2431
2923
4468
5176
5829
6121
6658
7382
7615
7690
7631
7181
7135
7028
5267
4930
1130
180
164
897
1830
-595
-2531
-3999
-6532
-7199
-8513
-7967
-6416
-7416
-6368
-6279
-7238
-7794
-9587
-8754
-7096
-6100
-3101
-1957
-1506
-1435
-1912
-411
992
1652
3672
4403
5189
5597
5199
5700
4971
3559
3698
2719
2125
2401
2243
2507
766
-985
-1158
-2539
-2538
-3799
-4705
-3811
-3922
-2779
-2151
-3086
-3843
-5168
-4598
-2887
-1790
179
335
387
544
625
1846
2162
2529
3438
4006
4866
5358
5388
5810
5391
6196
6534
7931
9533
8354
8134
6118
6948
6371
4384
-250
-2032
-673
2449
1920
-160
-2493
-4517
-7150
-9703
-9591
-7947
-6953
-6886
-5521
-5046
-6347
-8812
-10120
-9294
-7507
-4712
-920
-336
-685
-1851
-1574
-227
999
3209
5383
5442
5645
5635
6090
5748
3704
2706
2585
2537
3411
4452
3435
615
-3596
-3972
-2734
-2025
-1999
-3142
-3318
-3779
-5254
-5289
-5435
-4897
-3835
-3141
-1163
-438
-695
-1415
-2742
-1956
313
2899
4679
4133
2985
1867
893
1933
3446
4947
5508
5217
6012
6298
6401
5846
5525
5555
7415
7483
8145
7835
6080
1495
-3857
-3976
-18
3622
2711
-771
-2845
-4153
-7587
-9946
-9821
-7475
-5981
-4489
-2413
-2479
-5917
-9570
-11163
-9168
-5479
-1039
1713
1248
-1189
-2434
-1729
-223
1190
3418
5264
5390
4880
4691
4267
2394
-356
-389
1332
1882
2987
2040
-630
-4506
-7591
-5519
-3166
-1988
-2138
-3648
-3607
-3860
-4254
-3480
-3553
-2942
-1425
101
2288
1938
822
-85
-564
1898
4744
6275
6120
4042
2917
2728
3179
5120
5977
6205
6339
5710
6226
6792
6163
6287
5903
6238
5780
6880
4962
-1405
-5310
-4265
1040
3500
593
-2290
-4463
-6860
-9862
-11521
-8107
-6398
-5689
-3949
-3783
-4707
-7651
-9996
-9084
-7879
-3466
1566
2513
807
-1449
-1274
221
564
3130
6402
6768
5565
4559
4846
4874
1843
748
1251
1532
3240
2680
1584
-2296
-6777
-6689
-3259
-1096
-664
-3300
-4205
-4279
-4630
-3881
-4195
-3312
-1216
-126
1344
828
-390
-868
-1444
645
3734
5666
5983
3422
1553
1351
1635
3754
5227
5980
6053
4809
4953
5615
6064
7276
7130
7527
7665
5717
6904
3239
-3284
-4623
-2439
5661
5983
421
-3270
-6212
-7055
-8455
-9983
-5001
-4420
-4128
-2826
-4838
-5699
-8589
-10316
-7569
-5990
-498
3257
955
-1818
-4178
-2695
232
678
3950
6843
4952
2793
669
1729
2284
-180
703
2574
2204
1136
-2102
-3289
-3849
-6510
-5050
-2660
-1073
-1166
-4425
-5972
-5749
-4580
-1703
-873
-442
601
-246
198
132
598
2196
2159
3173
5008
5292
4901
2723
1725
2966
3587
4779
6108
5881
5376
3635
4266
6116
6872
8044
7256
7074
6772
4570
5783
2209
-3458
-4034
-815
6639
5138
-1201
-4768
-6743
-6940
-8483
-8965
-3993
-4095
-4165
-4155
-6424
-7006
-9050
-9387
-6586
-5116
81
2450
-777
-3833
-5149
-2055
1165
1557
4850
6427
3473
644
-686
1536
2508
507
1522
2105
389
-751
-2783
-2791
-4508
-7483
-5214
-1899
-200
-1281
-5682
-6530
-5578
-3675
-616
-644
-228
447
135
1273
850
1137
2308
1793
3659
5337
6068
5485
2442
1629
2762
4068
6272
6924
6538
5654
4283
5424
7075
8438
9265
7951
7036
5472
5932
3636
-2090
-3870
-824
6143
6391
756
-3857
-5884
-7048
-8594
-8734
-3797
-2053
-2887
-4686
-7389
-8439
-9338
-8918
-6528
-4955
-723
1481
-1341
-4836
-6062
-3111
-10
958
3839
5819
3487
-251
-2097
-22
1487
1008
2260
3369
1679
-1524
-4904
-5013
-4592
-4660
-3450
-2319
-1273
-1693
-3818
-5741
-6902
-5428
-1300
1140
1828
1108
-186
-739
-912
1093
3358
3971
4211
4441
5198
4824
2954
2620
3630
5418
6569
7139
6523
5582
4039
4785
6664
9616
11167
9319
7222
3983
4607
2158
-2276
-2495
1302
7554
6191
-1117
-5635
-7256
-6807
-7793
-8017
-3508
-1252
-1439
-4285
-9532
-11175
-10252
-7298
-3980
-2751
-55
514
-3391
-6740
-5962
-1301
2340
2918
4553
5590
2753
-901
-2400
-399
2316
2455
3987
3760
1072
-2814
-6630
-6434
-4433
-2117
-1015
-2100
-4651
-6437
-6921
-6624
-5857
-3163
-719
-441
-1297
-1937
-1659
-1638
-1060
1316
4184
5667
3779
1769
1520
1848
3243
4368
5833
6313
5161
4162
3579
3907
5127
5834
6741
8064
9102
9480
8035
6266
4511
4584
2442
-661
-318
3544
7704
4853
-1383
-5395
-6047
-5449
-5900
-5743
-2743
-2159
-3102
-6022
-9731
-10561
-9179
-6324
-4037
-3868
-2369
-2723
-6180
-8192
-5957
-209
3183
2758
2731
2373
40
-1967
-1633
2336
5124
4492
3390
2058
143
-1215
-3895
-3963
-2816
-1154
-49
-1812
-3599
-5164
-6034
-5852
-4878
-2326
-385
-1015
-2309
-2988
-2416
-1394
-755
546
2223
2534
2116
1359
751
491
975
2367
4433
5424
4838
3352
2173
2324
3909
5806
7487
8045
7710
8688
7441
6998
5585
5977
6417
2201
216
1772
6667
7954
2531
-2945
-4182
-3900
-3637
-4817
-3927
-2230
-2896
-4543
-7993
-10339
-9481
-7645
-5753
-5426
-4573
-3540
-5989
-9419
-8608
-3449
1092
1915
961
989
-444
-2606
-1900
1845
5936
6358
4272
2098
-57
-1050
-1292
-1235
-470
369
788
85
-2569
-4594
-4927
-4148
-2405
-1076
-355
-984
-2848
-3517
-3202
-2023
-565
342
1145
1080
90
-493
-874
-128
1262
2567
3294
2997
2142
1486
1094
1824
3275
4852
5467
5654
5221
5352
5488
6889
7989
8259
8456
7349
5801
959
-220
2578
8260
9124
4447
-1186
-3444
-4350
-4409
-4238
-2290
-449
-1613
-4599
-8811
-11570
-10700
-8314
-5818
-5124
-5182
-5575
-8811
-11292
-9484
-3958
442
811
-402
-1320
-3017
-3505
-793
3933
7166
6238
3445
1306
359
1406
3115
4322
4039
3245
2160
204
-1560
-1192
499
1331
1058
134
-759
-2170
-3773
-3610
-1747
-319
-356
-1396
-2227
-3175
-3767
-3481
-2268
-909
-108
-341
-831
-1729
-1224
-416
15
870
1700
2495
2274
1760
2194
3514
4311
5191
5563
6244
7372
7010
7031
6366
6463
5283
2852
2472
4359
7105
6767
3223
-614
-1864
-2102
-1745
-1678
-595
-381
-2497
-5687
-8728
-9168
-7414
-5395
-4181
-4952
-6177
-7785
-9448
-9404
-6624
-2322
192
-567
-2624
-3579
-3715
-2329
479
3939
5561
4096
1704
104
550
2331
4123
4744
4373
2933
1547
229
223
1560
2847
2596
852
-1065
-2084
-2149
-1453
-376
-571
-2199
-4038
-4461
-3727
-3071
-2378
-1623
-1396
-1937
-2569
-2323
-1055
67
998
1475
823
30
-371
-274
607
1763
2967
2882
2092
1734
1767
2071
2709
3348
3875
4316
3793
3423
3321
2581
3198
2726
2411
2090
2684
3423
2390
613
331
644
381
-109
-355
424
-98
-1171
-2692
-3383
-3292
-2748
-2251
-1922
-2346
-2893
-3867
-4683
-4394
-2824
-1265
-1012
-1667
-2217
-2458
-2597
-1800
-118
1442
1550
191
-931
-1345
-1159
-473
501
1010
581
-822
-2092
-2539
-1901
-713
179
-29
-1229
-2339
-2740
-2217
-1012
253
782
483
-414
-855
-690
-19
749
1386
1744
1592
965
373
307
755
1261
1524
1504
912
437
387
700
1029
1036
934
566
-109
-278
238
657
580
74
19
271
643
1060
1539
1778
1228
381
402
1439
2597
2667
1964
1250
842
865
1390
1995
2479
2595
2416
1620
714
438
893
1547
1610
1224
672
-204
-1286
-1715
-1184
-159
50
-662
-1648
-2597
-3077
-2933
-2275
-1686
-1740
-2224
-3058
-3803
-3931
-3322
-2577
-2427
-2668
-2695
-2641
-2863
-2960
-2408
-1340
-449
-269
-420
-556
-467
-48
763
1579
2077
2078
1644
1224
1130
1401
1669
1804
1730
1520
1147
660
615
595
386
86
-38
-88
-306
-739
-985
-818
-713
-704
-774
-689
-704
-706
-318
142
480
448
296
381
650
1149
1699
1896
1818
1542
1694
2190
2663
2761
2465
2280
2158
2173
2305
2416
2529
2244
1706
1270
1060
1108
1037
710
230
-188
-405
-609
-914
-1200
-1369
-1576
-1841
-2207
-2228
-1982
-1951
-2128
-2355
-2136
-2029
-2273
-2392
-2011
-1258
-799
-867
-1035
-891
-640
-346
-113
437
788
609
137
-233
-225
-35
156
372
493
294
-122
-568
-796
-755
-632
-448
-435
-750
-1014
-1344
-1404
-1292
-1039
-649
-457
-614
-892
-964
-658
-234
-232
-204
-121
138
295
294
473
625
890
991
1020
1289
1495
1374
1041
729
664
746
576
340
314
425
482
103
-243
-558
-819
-1062
-972
-516
-262
-508
-966
-1226
-1088
-680
-326
83
378
470
572
670
828
1117
1439
1785
2080
2191
2252
2261
2323
2438
2709
3222
3554
3570
3023
2314
2007
1907
1978
1929
1790
1537
890
18
-589
-926
-1222
-1481
-1628
-1668
-2001
-2563
-3147
-3448
-3492
-3480
-3227
-3006
-2951
-3049
-3268
-3200
-2782
-2146
-1740
-1619
-1551
-1358
-1210
-1211
-1184
-807
-200
166
253
237
415
550
522
481
804
1154
1078
575
250
306
366
131
-134
-218
-275
-503
-715
-621
-496
-516
-659
-657
-528
-488
-550
-574
-529
-341
90
555
864
963
1222
1521
1731
1928
2337
2966
3300
3291
3268
3419
3533
3425
3157
3090
3136
3140
2958
2578
2232
1794
1417
1134
838
579
150
-239
-630
-984
-1220
-1395
-1587
-1663
-1707
-1851
-2016
-2400
-2506
-2373
-2167
-2036
-1968
-1755
-1688
-1689
-1607
-1346
-965
-868
-902
-775
-536
-491
-553
-529
-402
-325
-368
-398
-322
-282
-413
-547
-585
-506
-528
-709
-913
-919
-750
-589
-570
-703
-776
-913
-938
-629
-231
55
4
-299
-519
-469
-138
348
827
1116
1268
1314
1378
1480
1767
2326
2808
3101
3107
3032
3005
2925
2976
3201
3373
3504
3296
2945
2565
2139
1852
1542
1136
646
251
66
-135
-395
-675
-943
-1174
-1394
-1493
-1423
-1379
-1579
-1925
-2090
-2028
-1965
-1926
-1814
-1603
-1452
-1453
-1392
-1137
-843
-693
-688
-631
-644
-875
-1090
-1133
-1117
-1001
-865
-824
-963
-1331
-1547
-1391
-1112
-893
-868
-962
-1111
-1463
-1600
-1400
-1160
-963
-996
-780
-423
-186
9
22
23
122
192
431
758
887
943
922
945
1110
1389
1735
2033
2287
2549
2610
2483
2313
2176
2251
2317
2346
2332
2226
1966
1547
1240
1249
1349
1348
1068
609
203
-145
-314
-334
-250
-175
-268
-510
-752
-820
-675
-525
-365
-197
-207
-344
-606
-714
-579
-405
-228
-62
-54
-160
-450
-650
-785
-807
-704
-645
-702
-942
-1203
-1384
-1527
-1747
-1851
-1845
-1777
-1878
-2016
-2001
-1909
-1950
-2060
-2007
-1805
-1635
-1577
-1370
-1053
-769
-596
-463
-162
290
648
876
1042
1112
1282
1545
1767
1981
2121
2258
2323
2322
2558
2669
2658
2462
2279
2194
2082
1867
1630
1341
1028
737
524
355
172
-24
-302
-559
-748
-791
-785
-977
-1224
-1311
-1252
-1170
-1055
-864
-624
-473
-417
-302
-73
162
326
445
500
619
771
941
1089
1064
903
707
575
516
479
468
355
237
18
-275
-602
-986
-1228
-1425
-1503
-1407
-1321
-1440
-1726
-1971
-2002
-1934
-1858
-1802
-1734
-1574
-1563
-1519
-1329
-1091
-813
-591
-339
-14
240
303
434
657
989
1367
1618
1774
1737
1718
1806
1916
1994
1993
2084
2134
2000
1819
1579
1300
1012
711
591
559
425
223
-104
-418
-692
-752
-792
-827
-920
-896
-830
-998
-1101
-1042
-751
-418
-158
19
206
314
459
706
890
1103
1320
1404
1336
1150
1000
984
1048
1036
891
755
442
78
-176
-417
-658
-880
-1077
-1237
-1500
-1808
-1994
-2128
-2225
-2337
-2383
-2334
-2398
-2468
-2444
-2204
-1874
-1633
-1452
-1335
-1173
-995
-770
-514
-219
2
186
409
692
990
1189
1311
1362
1518
1750
1870
1907
1880
1881
1817
1768
1694
1540
1291
1069
918
805
718
638
456
313
117
-67
-158
-300
-399
-569
-721
-673
-550
-527
-593
-517
-348
-201
-37
83
180
342
557
712
846
893
942
933
915
942
1038
1198
1269
1095
935
841
811
696
413
84
-192
-405
-561
-735
-870
-1060
-1410
-1667
-1831
-1825
-1834
-1996
-2168
-2316
-2364
-2343
-2350
-2195
-2053
-1919
-1780
-1594
-1401
-1226
-1016
-809
-607
-379
-105
-16
4
240
534
731
907
1180
1461
1595
1690
1786
1734
1599
1482
1331
1227
1199
1046
774
471
261
228
283
343
367
253
25
-164
-350
-365
-396
-524
-588
-544
-475
-409
-332
-292
-175
-20
200
436
442
415
265
147
51
-6
115
245
323
367
473
704
829
852
791
770
799
690
584
540
463
239
80
116
119
6
-46
-98
-215
-278
-239
-320
-377
-336
-571
-988
-1250
-1401
-1586
-1611
-1417
-1153
-1042
-1067
-1200
-1343
-1333
-1115
-808
-640
-590
-676
-740
-690
-501
-263
-66
36
52
148
294
437
485
453
394
306
261
314
420
500
497
525
563
602
627
699
813
930
1018
1031
927
756
615
645
883
1062
1085
949
743
601
479
452
551
672
689
594
527
483
353
135
69
225
410
459
416
320
185
10
-20
103
164
80
-109
-242
-295
-341
-286
-182
-122
-187
-350
-496
-592
-703
-802
-774
-678
-627
-638
-758
-900
-995
-952
-741
-522
-388
-336
-382
-398
-295
-179
-187
-211
-246
-335
-371
-314
-207
-240
-414
-537
-518
-450
-433
-491
-565
-644
-753
-787
-731
-640
-556
-538
-523
-442
-379
-300
-207
-130
-6
73
157
225
211
204
217
185
83
86
91
87
133
220
320
461
547
609
652
651
641
608
579
541
479
461
436
445
390
340
398
430
399
369
375
342
245
116
15
-70
-218
-430
-469
-436
-398
-441
-498
-557
-552
-465
-306
-122
-20
-17
-140
-169
-118
-98
50
234
329
432
578
669
628
547
530
357
178
247
336
486
642
508
97
-169
-204
-683
-970
-618
-217
-57
68
-92
-657
-1117
-1301
-1496
-1747
-1376
-822
-708
-1002
-1373
-1519
-1820
-1990
-1597
-1075
-853
-786
-873
-995
-1086
-883
-489
-375
-227
7
30
-442
-655
-228
273
604
966
1094
902
538
200
-30
-18
331
856
1260
976
388
-36
-355
-453
-256
66
330
477
538
281
-176
-265
-87
146
332
488
436
174
232
416
527
706
1015
1033
871
645
442
108
23
401
687
679
450
422
254
-161
-293
6
236
334
399
254
-155
-434
-370
-316
-229
-52
-80
-297
-399
-463
-832
-945
-656
-583
-739
-737
-792
-1068
-1284
-1243
-1123
-934
-536
-218
-198
-225
-345
-434
-358
-307
-132
156
138
58
97
188
173
207
515
680
655
671
666
353
131
129
166
200
269
195
58
-20
-83
-109
0
413
699
838
952
821
541
465
495
514
756
1085
1258
1216
1243
1106
827
685
669
653
689
726
682
511
212
-95
-250
-295
-306
-323
-300
-194
-213
-400
-564
-690
-812
-960
-1056
-1064
-1098
-975
-774
-723
-738
-721
-734
-774
-775
-665
-575
-484
-378
-289
-331
-518
-507
-348
-253
-174
-63
40
82
42
-109
-218
-191
-138
-112
-120
-67
-80
-144
-252
-324
-258
-119
-48
44
116
90
47
27
16
48
126
245
396
487
575
633
663
712
823
892
971
1058
1162
1216
1196
1189
1166
1117
1050
1041
1045
1061
1034
918
696
472
304
225
154
102
58
-75
-282
-490
-651
-770
-893
-981
-1112
-1269
-1397
-1506
-1580
-1652
-1606
-1476
-1431
-1378
-1302
-1230
-1112
-1090
-932
-822
-661
-664
-609
-852
-422
-1555
-935
-20
1191
1842
2951
1761
1856
1123
-3351
-1726
-4458
-227
875
4532
4628
3953
1646
-6
-3126
-4790
-2473
-2288
2353
2885
4620
2923
1190
-1225
-2768
-2656
-2272
-476
961
2522
3017
2790
2092
580
-243
-1190
-868
-700
1121
1583
1845
1528
-162
-151
-1041
-86
-244
1061
895
1256
36
-841
-2410
-2162
-1439
-182
1096
1503
1188
-192
-1543
-3326
-3760
-3532
-2009
-1203
1115
1386
1811
552
-226
-1763
-1922
-1957
-1124
-255
267
1576
679
1075
-479
-498
-1647
-643
-1099
186
945
1365
2373
1614
1800
812
1080
377
976
382
792
592
355
884
349
566
258
-935
-1460
-2238
-2471
-1163
-146
1145
2634
2250
2124
470
-726
-1340
-1647
303
1988
4693
2396
1935
-982
-4086
-4481
-4147
-893
1584
5373
8183
5249
1301
-2312
-6096
-6112
-3857
59
3652
5608
6040
3842
-996
-4391
-6244
-6246
-2430
-1673
1887
3716
1804
1581
-1287
-2533
-3422
-2908
-1459
-639
-302
1311
769
531
857
-1467
-602
-1422
-837
-328
-82
943
465
1217
823
1100
-113
833
258
-152
35
-132
329
-745
-242
-488
298
424
888
1318
606
-169
-1114
-930
-2319
-1301
-969
-113
630
835
1740
506
367
-140
35
50
974
694
1596
1091
958
1
-913
-192
-580
1315
869
2204
1405
1784
863
1
-124
-747
-324
361
953
652
825
734
31
44
-625
-40
183
-189
-510
125
-422
-465
22
-1353
-759
-1609
-1505
-1260
-607
-512
-822
67
-1078
-1707
-1708
-1605
-864
-597
1445
28
1102
224
-1243
-641
-1360
-1577
-196
747
2321
2158
879
118
-297
-1801
-1126
-1082
-1043
1631
2174
2133
3172
416
-1154
246
-3684
-146
-599
1397
4361
2202
1775
1461
-1864
-794
-2643
-1301
1442
288
3801
1897
2341
-442
-1971
-977
-1549
-1231
3774
2421
2490
3108
782
1333
-2575
-1337
170
241
2610
4881
706
3407
89
-2788
-1400
-1774
-3011
2115
3721
603
4645
-691
-1363
-1313
-3829
-2410
373
-2339
4460
939
86
942
-4431
-2282
-3024
-4180
2363
1836
791
2153
-1129
-73
-5374
-2374
-1863
-3512
2860
2262
-857
3376
-2597
-5245
1358
-6765
1219
2567
-1995
4229
-13
-2976
1057
-6438
505
2354
-4535
6957
703
-2252
3798
-337
-3324
1318
-2698
392
3918
-1369
3805
-651
-2948
2276
496
-1530
4051
-1832
375
4954
-2096
3183
-321
-2202
3992
-603
222
4990
-2233
2040
375
1162
2162
-1135
996
546
-497
2586
867
497
2468
-2823
3129
-1535
482
1646
106
2581
2340
8
1731
-475
-1313
1114
-3350
1828
507
-1371
2911
890
-2952
46
-2454
-447
-1649
-2285
2480
-1674
-1069
1289
-1757
-3068
-1015
-3898
-1715
-1611
362
-109
123
1300
-3404
-362
-2115
-2930
30
-521
565
536
-1496
1270
-539
-3855
662
-2935
2173
-576
1373
3214
-2193
1792
657
-267
-1691
2919
-3127
2544
1541
-635
2454
790
305
-1251
-401
-300
2503
-670
4476
828
1401
67
-2845
2974
-3604
2380
-515
4684
53
-224
4602
-4447
-1755
23
2088
-2051
3388
2129
-124
1533
-1559
-1015
-861
-149
909
3288
-1280
1701
3673
-4441
378
528
-524
-1297
3361
-1973
2280
-1398
226
-340
-2546
-1059
119
-2409
1087
1193
-3845
832
-495
-1897
-3862
2570
-1601
-1052
125
1948
-1785
-629
-109
-180
-340
-2157
3054
-1021
-1765
3948
-1902
-934
1420
-1894
2341
-596
-823
1759
389
-1552
1373
1559
-1658
-1216
3968
-2812
2164
-381
235
-70
1158
688
487
-406
1296
109
-2324
2886
-4136
3376
-2203
1273
1321
43
-1013
2741
-1139
-1778
4046
-2839
2580
-1019
1890
-972
191
480
-1850
2512
-2121
1144
-328
1136
1203
-41
825
2135
-2603
649
2325
-3987
2996
109
-449
277
2522
-2783
2235
-2407
899
-1349
557
1877
-4168
2791
-3569
2069
-3293
2687
-2060
-904
1220
-81
-3369
2010
986
-3853
1259
718
-1793
-1620
1202
973
-1586
-1270
2883
-1296
-1515
1804
1021
-2576
1618
-1304
1797
142
-3831
4651
-1319
-3193
2994
-630
-1926
906
857
231
-1195
85
1551
-3272
520
2763
-3532
3398
-443
1363
-1207
2538
-144
-1910
4002
-1708
-158
1468
3130
-3011
3198
-424
492
2061
-2116
1762
-296
569
-171
3353
-2184
1895
-20
1865
-1550
-1527
5277
-4455
2603
2135
-1002
1247
418
-1488
168
-1729
323
-1027
-2352
5651
-6198
3117
1319
-4513
-128
1488
-2311
-1847
2386
-832
247
-659
2332
-4524
2517
-181
-1854
1801
-574
1170
-1141
1596
-1804
936
-2478
2513
-2627
-1529
4397
-4325
981
1588
-1434
-1807
2851
-3597
1292
292
-4658
4813
-4395
615
688
-4367
2947
-2673
-1361
3292
-2265
-1526
2074
-379
-956
-721
675
54
-1121
1334
1460
-101
285
1386
2132
-3263
5124
-2697
2495
803
-1397
4176
-4
-1658
6925
-3012
543
4911
-4318
3874
260
-250
2183
378
809
2029
-1309
1324
-1282
-974
2291
-2506
1460
1476
-1811
2807
-2608
-620
491
-2851
838
1379
-2281
1927
2180
-2339
611
2254
-3884
2217
2712
-4705
5710
-1798
-3462
4924
-3668
-114
2390
-4416
3919
-1753
-3437
6293
-6215
1140
102
-1582
-305
-297
-1730
1850
-1861
-2495
2968
-3907
-1454
340
-45
-1168
558
707
-1259
-880
-51
-125
-909
-573
2307
-789
825
-209
2552
-2218
2396
1291
-2412
6176
-2326
2267
1170
290
15
3567
-2226
2479
2241
-573
1588
219
2901
-3783
3425
-312
-85
-487
2505
484
-1690
1772
1104
-3199
1575
878
-1293
-100
-357
256
259
-3127
3511
-3556
-279
2947
-3385
3565
-3451
407
1259
-4119
488
3229
-7806
6784
-1959
-3283
3216
-3450
1
126
-3644
5377
-3509
-1524
6245
-6881
1349
2118
-6185
2755
-1921
-766
1796
-2119
2788
-3151
900
-1304
-1158
576
-502
210
1937
-1856
2270
3
-2706
2696
82
-655
809
2920
-1355
2765
-493
340
2148
-2981
5238
-1128
13
2824
-1625
2119
1876
-3201
5183
936
-4222
7970
-5573
3265
49
-2433
4872
-3403
1066
2901
-2402
-354
4669
-3415
1294
805
-748
833
-1704
2730
-499
-3222
4729
-3504
390
1497
-2604
-18
2472
-2971
293
1583
-2555
535
-1085
2091
-2608
-970
2589
-3370
-875
1134
-1910
963
-1492
2247
-959
-2114
2559
-3421
-577
146
-3823
283
1496
-354
1165
-1669
-801
101
-2793
1531
-686
-20
1844
835
-273
1367
-2052
-929
3
295
-863
2691
-972
1083
229
-206
167
1274
248
-683
2714
-1271
1958
-1248
2579
-239
-1194
2253
-1245
339
679
422
229
289
1100
-1451
1591
-199
234
-347
799
642
-568
-215
258
-460
-847
-968
1771
-306
-1551
3103
-2153
185
1460
-1509
-79
-1432
-649
630
-1331
-560
1731
-1893
-663
2216
-3918
1094
-782
-2535
1428
239
-1945
2021
-2654
240
462
-5205
4081
-2358
-1035
3207
-1528
-224
921
-1698
1171
-1211
397
-380
367
2565
-401
-534
3609
-3310
738
2944
-4121
4764
-1823
457
1284
-1881
3127
-2486
842
1440
-1908
1637
785
-906
2651
-1983
2100
-1239
-1036
2544
-1754
1155
662
-1003
1732
-251
-633
1897
-2019
2878
-2703
3463
-1256
-252
2026
-2713
1388
81
561
207
600
-872
3476
-3680
1502
1438
-4503
2917
-1301
-1544
1932
-1854
469
-212
-813
208
-1041
-564
1454
-2940
2174
-1804
-1539
493
-1271
-1561
670
514
-1884
911
-1088
344
-762
-1392
521
-537
-584
925
1292
-2775
1697
-1977
1472
-310
-1150
2652
-808
-693
1608
915
-3283
3215
-2044
-278
777
999
-738
-580
318
107
-280
218
1332
-679
-1114
3135
-3596
806
465
-2253
1650
-1049
929
1095
-2774
3129
-1050
-932
1731
-498
1670
133
-1199
3206
-319
-3121
4855
-2245
1729
-984
1818
-163
246
2248
680
-1255
1182
1850
-3063
4636
-1867
223
2763
-2418
2525
-1860
907
204
40
-629
1077
280
-226
43
-177
762
-1394
454
-1205
1442
-3785
3432
-1910
-1091
1024
-1532
435
-1408
-1608
672
-877
-767
854
-2729
1291
-755
-2011
1818
-1796
-1841
-296
542
-1342
-1391
1639
-1493
-538
1559
-1625
-1841
1919
-2757
979
-46
-702
-219
-1016
248
-25
-1222
95
1890
-2558
3216
-1247
-732
2628
-3474
4099
-943
-1567
3188
-888
-2503
4569
-3659
1282
1510
-1730
3132
-2721
3522
-1827
1151
1185
-1775
2830
-1278
-251
3588
-3039
1272
1405
-1936
1984
-377
34
784
-106
-828
2360
-2138
1676
-509
390
810
-383
182
-807
991
-884
502
-951
2967
-2998
1643
-59
-3135
2453
-1794
45
602
-424
-677
654
-1378
-1409
1704
-1835
-360
355
169
-930
-526
-477
-88
-1722
-373
1845
-2877
1332
-568
-1161
625
-2486
1076
-1138
-447
943
270
-2938
3651
-3155
-100
129
-384
680
-1792
3506
-1879
-660
1872
-605
-2034
3198
-1246
1035
589
-891
1683
-745
-1029
2180
-2142
1072
1193
-40
333
377
1243
211
-197
609
1090
-1855
3006
723
-2252
2588
420
-1221
1116
975
-840
1604
-589
1276
1894
-2029
1286
-209
453
-1160
527
1785
-1617
-13
2155
-1477
-1352
2171
-1853
-420
185
-295
-847
-248
244
-1730
797
-1249
774
-3320
2593
-1623
-1897
3358
-3397
1057
-710
-200
-1889
755
-1222
-826
16
905
-1634
1187
67
-1781
1330
-2859
3069
-2846
237
1924
-2184
1792
-671
-623
322
195
-283
-581
1161
-80
51
517
147
-1357
1607
113
-1081
1814
-519
482
320
1450
-117
-151
1192
523
-1095
955
2896
-1976
1287
2927
-2165
1463
1648
-1620
820
1752
-1200
2785
-466
-239
1828
-1583
2894
-947
-57
2694
-1493
859
1811
-2144
-582
1623
-2066
824
1166
-1931
-468
1778
-2632
2024
-1533
-422
2444
-4816
3757
-937
-2429
1565
-879
-301
-529
-1012
292
-1513
-550
942
-1091
-1114
1590
-1444
-454
-503
-229
-950
-1216
1172
-663
-1845
1838
-992
-2706
2651
-1691
-1630
1221
-571
-292
-297
633
33
-278
278
509
-1216
736
-592
-414
1367
-643
1369
-138
392
67
-344
-526
1718
-1752
2462
-3
1067
1436
-769
2812
-894
322
1739
-236
629
2021
-886
950
526
-259
-40
843
423
-227
34
544
717
-783
850
1058
-2586
1594
220
-2126
1341
310
-1644
1437
-1090
792
-844
-650
847
-400
-2335
1789
-400
-2511
1113
-1232
-1773
-421
193
-618
-656
-539
173
-1175
256
-1500
1316
-2332
922
-663
-740
-149
576
-1738
-1108
1501
-1975
-161
43
1177
-3508
2479
-354
-2069
1685
484
-1814
821
218
517
-1590
892
743
-1884
2440
74
-563
1221
-45
-177
1402
535
-875
2235
568
145
1075
1726
-346
421
2056
495
-173
1665
1425
-1485
1869
499
-97
374
1186
-429
842
417
-612
493
1276
-1915
1308
701
-805
219
222
227
-2027
1169
-1356
-102
-729
-905
336
39
-2458
3183
-3139
-80
940
-2756
1964
-2058
-1398
2023
-1987
-1304
2191
-2308
-1345
1590
-898
-1754
1274
-2568
656
241
-987
431
-862
-442
1259
-2301
1021
376
-1811
1455
1052
-1970
1410
423
-148
-419
-397
870
-1521
2617
-1330
0
628
123
-498
1863
-924
416
453
-1804
4161
-3201
292
2382
-1586
1130
951
1247
-2068
1757
952
-821
-418
2086
1111
-2646
3168
-222
-1602
160
1714
-2214
187
1050
-1904
977
-782
1433
-486
-1270
1000
-1170
925
-194
-740
1145
161
-1163
2697
-972
-1152
1071
-680
-1363
1592
-1580
684
-1084
1164
-362
-1347
-201
996
-2035
344
2198
-2401
930
907
228
-1035
43
-198
-1204
766
1836
-2909
2181
-458
16
-80
854
-711
-540
20
363
-27
-1909
1797
-1185
187
262
82
294
-185
950
-309
1058
-424
55
-74
692
-284
358
426
-2030
1271
279
-907
200
596
531
-213
962
303
-649
-843
1024
-187
-2200
1185
316
-1503
1381
-788
-1615
2257
-2288
891
732
-3799
2601
-91
-1068
711
-909
-136
453
-1949
1476
-196
-2567
2863
-564
-1977
1765
-642
-1175
1821
-1193
-275
1201
-1461
272
474
-985
735
-935
979
947
-2050
1008
1000
-2409
857
-49
-262
-415
268
518
-884
476
507
-671
-523
935
-1229
21
-592
602
114
-427
436
488
-1513
1117
876
-1443
632
-421
922
-139
-542
1478
-1356
618
91
-182
-512
-666
620
-1244
626
-846
706
-67
350
-1146
1224
-1384
-1173
1485
-2013
1136
-650
-982
1178
-1213
510
474
-2062
430
1087
-2347
1881
-602
-977
588
-426
-120
1125
-1141
87
-641
-840
1040
-561
545
-294
88
326
460
-1264
502
-124
-333
-214
483
1290
-1273
199
599
-676
512
556
-690
1096
612
-602
172
495
-93
-401
549
-276
206
-213
512
-1229
318
-153
-2068
1851
-266
-775
778
-129
-878
402
-39
-785
451
-1335
-190
1278
202
-393
-249
-136
89
-597
5
75
-989
286
1275
-317
340
118
-529
293
-1365
605
-417
190
768
-138
-237
481
6
-223
-307
-336
1414
-1113
609
696
-486
621
291
-87
265
-251
774
349
-932
84
-8
118
1450
-1068
287
923
-1015
-37
624
-560
-1435
1862
-234
-1476
876
1034
-1944
1378
-10
-1287
-343
667
231
-1303
1151
1293
-2505
232
1987
-1793
-524
454
185
-880
1274
23
-1355
134
-134
344
-134
161
-384
-947
828
-720
-1671
-574
332
-1025
80
404
-1059
242
-659
499
-234
-780
34
-412
1059
-541
292
20
-257
106
278
-14
-269
168
-143
1655
-1412
1262
890
-1331
1125
1156
-1368
-324
1108
-1036
1041
411
3
-265
914
261
-113
1234
-29
-529
1587
-96
277
-63
300
338
-500
765
422
-779
429
137
-486
839
-926
-36
-299
-364
161
1097
-862
692
-89
-411
496
-1452
-58
-153
-744
1558
-150
-721
462
-877
-745
223
-1257
921
-732
-332
2031
-1135
-35
-732
-411
-95
-301
61
1052
-673
-330
2018
-1888
662
-223
413
191
-637
251
-49
-1042
-471
814
-1352
496
-815
844
-1412
-260
1786
-1070
-12
181
564
-1396
552
-472
-138
417
534
-11
532
31
-185
1075
-992
1216
-339
536
1324
-1322
584
1008
-1617
863
1081
-523
-534
1520
-475
108
538
967
-122
-173
1339
-269
-963
685
301
-1783
548
269
-926
-513
730
-883
-730
-966
-458
834
-1684
668
285
-1248
-599
874
-1491
203
-1774
670
109
-1050
801
-322
-2010
-187
58
-864
294
634
-151
-82
-34
-700
-10
-806
-397
1150
-409
1744
445
-172
984
-848
61
743
-15
392
928
-411
549
663
794
-344
66
-127
540
-110
-453
1992
-937
675
1475
-711
848
632
-1712
1185
-133
-409
894
242
983
-1456
871
1265
-1224
120
1408
-1653
118
-167
330
-186
-1342
1251
165
-398
453
233
-738
386
-534
1055
-472
168
645
-694
-91
-303
-977
-340
10
-508
239
-695
471
-1144
-194
931
-781
-513
-384
-506
-727
-1563
77
-759
-656
644
88
-496
329
-836
188
-830
-511
1140
-1270
656
504
-1680
1245
242
-1616
1218
-597
-741
1697
-971
431
643
11
1265
-45
-59
1058
-684
170
592
303
471
649
335
-42
754
929
-597
1104
-270
-393
811
-573
-19
1092
-889
-454
2020
-834
-439
-115
-986
-659
459
213
-90
-24
-356
679
-1097
-733
1043
-1216
-778
1937
-1441
-301
1522
-1026
-681
922
-866
77
11
-261
-128
-812
335
-544
315
116
-117
-292
540
-1203
94
401
-682
411
-80
341
-1173
435
340
-943
88
745
-452
-429
1083
-1257
-23
598
-1163
-98
1356
-764
76
437
-212
38
-1311
2490
-1065
133
2008
-610
-270
1292
-533
-87
876
-373
910
472
1114
-67
394
795
51
-610
753
927
-1018
1151
410
-473
517
-443
-238
246
-74
692
95
-194
199
-455
8
-583
-346
-437
111
-952
200
63
-1334
756
-241
-385
-82
552
-1111
-311
-698
2
96
-1163
1104
-1304
-583
321
-474
-1277
657
-1162
-9
665
-603
-46
-472
82
-765
-236
-251
-711
-240
1066
-1037
380
795
-810
446
374
-498
-639
526
-52
-449
262
522
-999
144
630
-811
542
302
-101
-74
205
-137
-400
279
373
-15
98
684
-7
-359
634
309
59
-190
1172
278
-23
-77
389
-367
-20
296
-792
381
-171
194
386
-108
-44
8
74
217
-221
-119
-140
-186
264
-227
750
-342
-751
622
233
-470
-122
-41
-246
-531
-110
-139
-958
-549
77
-663
-598
68
-924
-68
387
-606
-184
18
-749
352
-543
-58
147
-474
219
454
-343
-217
254
-30
16
-387
643
-239
354
752
-495
584
201
-230
36
749
-55
72
289
646
451
-86
628
-310
6
332
-11
-324
-220
130
-614
170
262
-892
519
-178
-526
-305
-578
-876
-100
-586
-405
206
-416
51
-206
76
-398
-207
-910
12
-559
-814
-209
-235
198
-629
-160
-252
-330
-749
467
-678
30
-167
119
1017
-666
304
-269
-487
184
280
-301
-151
-12
-170
63
-152
176
-292
-134
-107
-346
-198
-209
-534
-297
-92
-292
-50
-132
-151
-945
38
-12
-363
71
555
-104
-510
266
-151
-244
-297
489
16
226
393
103
-215
-397
146
-285
349
169
383
192
-357
520
256
232
-149
-178
-489
134
46
426
215
-226
251
348
-65
11
415
-16
-414
167
332
-124
143
146
-304
-58
235
474
346
297
265
149
410
-1
6
-4
-117
-263
-9
330
-275
-223
286
-189
44
605
-81
28
25
-186
216
431
159
339
67
-481
-25
157
-287
304
369
214
373
267
490
66
-86
91
269
10
111
504
217
204
280
200
449
494
225
640
203
-38
474
630
102
-15
550
74
99
94
556
-226
-203
211
273
32
-47
529
-287
-43
147
-82
55
86
-132
109
38
-22
305
239
134
-623
-92
14
-771
109
4
-570
-575
-306
-262
-637
-451
-133
-579
-220
337
145
41
-248
-228
-77
-210
-307
-52
40
-237
179
125
-22
-45
-161
158
-3
-263
238
440
3
171
123
-8
-288
-113
33
-75
136
112
193
665
589
234
191
236
17
-121
122
-15
76
106
190
176
-75
-377
-48
-318
-397
-42
112
-184
30
222
-36
76
-297
-67
-139
-232
-270
-296
-194
-255
6
-281
-161
-106
-113
72
-40
-258
-195
-150
-253
-87
93
5
128
202
-160
-18
-161
-132
15
-137
-64
58
293
153
243
147
266
302
90
360
49
73
97
59
-141
-97
0
-89
-75
79
-19
145
126
-68
21
-117
-28
-131
-49
-85
-50
-96
-71
49
-248
-184
63
-271
-159
-41
-253
69
-29
-229
45
23
-102
-164
147
-223
36
413
170
194
322
322
283
63
138
132
-79
79
129
18
234
380
-103
217
150
-49
-201
-52
-71
-56
77
64
117
49
79
-21
171
54
78
151
283
320
318
349
-18
-20
-71
-135
-338
-55
45
-148
18
-185
-246
-83
-80
-106
17
-44
-56
229
347
162
141
259
45
101
108
139
-40
-129
-66
-159
113
374
271
210
328
260
188
191
138
-153
-115
-120
-222
-13
19
45
159
72
69
36
279
224
102
245
250
278
325
228
-138
113
-133
-140
-30
88
41
77
453
445
405
252
122
29
-21
-252
48
3
-143
115
322
211
69
4
-155
-65
-80
105
187
9
144
199
5
-182
-197
-325
-243
78
213
193
242
224
41
248
159
185
121
74
180
157
166
124
174
60
0
158
271
238
216
186
185
35
277
280
288
291
79
67
173
180
11
83
12
-80
-118
70
151
25
148
28
-206
-237
-27
-201
-114
-114
7
139
34
23
26
-18
-102
-5
-117
-97
44
229
234
141
78
206
179
233
218
249
137
-29
291
419
335
389
189
204
70
192
200
66
172
86
273
405
395
321
270
196
263
314
425
428
294
162
226
243
136
99
60
-73
-17
291
287
306
385
498
368
517
406
366
460
189
232
187
41
5
65
110
-59
-89
23
19
97
329
78
111
272
115
231
77
-256
-380
-417
-478
-401
-386
-423
-340
-376
-157
-147
-291
-143
-196
-80
-234
-365
-254
-406
-417
-338
-236
-276
-344
-161
-105
-22
-72
63
166
108
299
313
316
261
62
92
119
144
112
106
294
274
191
341
359
234
411
371
366
376
210
205
195
38
170
154
114
162
61
278
331
279
222
259
164
145
158
96
16
33
-26
-80
80
53
26
129
-11
2
188
207
43
-25
-14
-21
-12
22
-146
-127
-123
-42
133
182
232
212
269
354
231
130
176
128
70
109
91
64
-13
50
0
33
90
108
155
246
245
248
273
140
1
-35
47
-109
-32
2
-83
-56
-108
10
43
47
62
125
99
29
-51
46
32
-156
50
122
15
304
205
227
357
356
303
450
611
494
592
602
461
483
444
347
267
278
299
226
232
184
177
80
74
103
117
126
63
105
102
151
86
100
96
-30
-57
-190
-116
-196
-261
-314
-352
-480
-471
-516
-597
-477
-490
-499
-461
-514
-468
-386
-439
-439
-407
-351
-297
-244
-153
-175
-153
46
56
96
198
150
4
57
89
-10
105
109
2
95
290
113
210
213
14
100
241
220
249
218
215
167
137
215
184
65
71
1
70
185
204
265
211
166
146
100
47
-15
-84
-52
12
-3
157
278
204
177
191
102
177
48
158
198
86
187
48
98
-83
-102
-107
-129
-111
-119
27
-48
34
-57
-140
-12
-158
-80
-54
-63
-58
-77
-34
-133
-229
-248
-253
-189
-188
-125
-111
-154
-157
-208
-251
-247
-114
-181
-187
-74
-135
-76
-85
-63
-74
24
-59
100
166
170
197
96
82
91
78
78
60
-29
-63
-51
-122
-119
-83
-128
-58
-28
-37
89
47
135
163
58
180
108
43
72
-100
-138
-151
-226
-161
-184
-151
-134
-5
-26
-45
73
-63
-140
-68
-92
-17
24
-9
-34
-78
-73
-66
-43
-17
-37
89
15
59
65
-4
37
-94
-118
-89
-108
-111
-40
-61
-212
-135
-153
-243
-153
-174
-241
-235
-201
-191
-205
-197
-231
-248
-303
-357
-380
-386
-298
-345
-288
-261
-207
-213
-168
-134
-172
-69
-116
-90
31
88
162
199
212
118
165
112
32
191
156
111
228
204
101
158
146
76
25
73
52
5
93
81
80
120
211
219
247
292
266
167
128
37
-29
-69
-54
-144
-124
-88
-201
-221
-167
-189
-113
-80
-95
-146
-136
-171
-241
-261
-308
-330
-328
-237
-138
-127
-90
-84
-106
-148
-125
-87
-191
-155
-203
-245
-207
-264
-205
-192
-175
-257
-129
-88
-144
-7
-98
-107
-66
-128
-92
-62
-132
-143
-205
-197
-212
-224
-215
-163
-190
-133
-55
-136
-59
-14
-195
-177
-161
-177
-117
-39
-7
38
67
109
182
153
139
190
109
97
59
45
-48
1
-20
-114
-21
-128
-91
-6
-46
-47
-16
-93
-106
-11
-88
-68
-7
-39
-42
106
-59
5
61
-95
-88
-117
-181
-233
-195
-252
-216
-234
-160
-181
-190
-128
-205
-191
-200
-232
-220
-137
-75
-41
-88
18
2
-82
74
-36
-74
27
-41
44
91
13
40
-34
-121
-105
-87
-125
-38
-96
-130
-19
-49
-118
-42
-66
-93
-152
-161
-134
-235
-162
-116
-265
-236
-241
-292
-254
-292
-245
-287
-241
-184
-206
-200
-255
-247
-234
-256
-243
-172
-98
-100
-64
-83
-92
-85
-134
-46
-124
-108
-214
-164
-188
-150
-113
-179
-175
-146
-87
-68
-8
-43
-26
-26
-111
-131
-61
-124
-122
-96
-132
-143
-175
-173
-189
-182
-191
-241
-173
-187
-144
-110
-126
-181
-169
-160
-215
-161
-188
-225
-208
-127
-4
-46
-22
-30
-97
-73
-91
-138
-88
-88
-100
-125
-138
-152
-84
-63
-25
47
21
69
100
191
142
132
9
-8
51
-25
-26
-31
-44
-58
14
-2
-31
31
-25
-103
-27
-125
-156
-75
-199
-180
-129
-188
-143
-110
-153
-78
-52
-96
-56
-80
-158
-60
-102
-103
-52
-50
-91
-66
-92
-141
-66
-65
-89
-45
11
-13
101
57
8
106
52
64
108
80
92
60
47
54
46
22
35
-12
-94
-63
-107
-70
-69
-110
-62
-58
-121
-66
-38
-106
-50
-39
-81
-19
-44
-86
-30
-77
-56
-113
-66
-115
-80
-38
-70
-49
-49
-46
-97
-60
-77
-101
-35
17
13
27
15
18
-39
-71
-81
-152
-226
-103
-155
-153
-123
-175
-131
-208
-159
-161
-153
-162
-229
-157
-74
-110
-73
-126
-118
-61
-52
-10
53
94
146
232
252
258
232
174
103
65
17
39
56
84
73
78
79
65
85
98
103
139
199
134
199
194
114
184
47
-66
0
-54
-72
-31
-77
-105
-66
-61
-111
-95
-170
-185
-213
-189
-202
-209
-211
-240
-194
-202
-205
-187
-192
-127
-77
-56
-41
-16
-51
-103
-183
-260
-257
-294
-180
-157
-173
-76
-14
10
48
63
61
89
109
102
135
49
50
39
-51
12
22
-3
31
21
-19
32
22
2
-7
-63
-106
-89
-153
-203
-179
-195
-168
-116
-114
-74
-17
-3
-16
92
121
165
199
61
64
-27
-164
-206
-254
-316
-238
-164
-160
-109
-106
-81
-42
-62
-70
-53
-109
-94
-81
-130
-101
-88
-112
-104
-91
-67
-110
-139
-201
-284
-292
-270
-326
-377
-337
-371
-380
-386
-391
-346
-317
-259
-265
-279
-263
-298
-279
-235
-194
-132
-79
-66
7
-54
-118
-88
-159
-176
-115
-61
-18
12
-37
16
52
80
165
227
225
300
332
321
370
352
328
374
312
315
272
260
256
202
224
154
175
211
138
205
177
153
229
212
187
187
180
104
98
48
5
-2
13
60
93
131
140
135
78
-2
-61
-67
-103
-69
-64
-48
-46
-9
28
38
72
84
125
159
121
184
187
156
174
178
169
140
118
49
5
-29
-36
-82
-73
-159
-142
-137
-127
-104
-119
-37
-36
36
70
63
85
79
23
45
118
94
170
209
166
203
186
123
154
96
69
131
117
99
103
82
105
179
189
258
296
324
325
332
319
296
298
285
250
230
233
227
223
189
122
121
100
44
26
-19
-62
-130
-171
-140
-161
-169
-166
-160
-148
-120
-114
-100
-102
-120
-119
-144
-154
-179
-190
-227
-266
-297
-311
-255
-199
-203
-186
-150
-155
-84
-19
52
76
114
120
130
146
113
135
106
136
82
76
106
84
59
61
43
-6
32
-35
-23
-46
-92
-8
-19
35
90
144
173
192
197
185
139
147
141
110
136
108
107
106
75
67
56
61
8
56
66
37
68
90
68
155
199
205
263
286
324
329
328
302
233
195
167
130
100
44
31
32
32
44
27
11
-48
-98
-143
-156
-162
-167
-139
-119
-86
-96
-49
-29
-31
-4
8
-14
22
19
-11
-50
-144
-171
-172
-223
-187
-156
-162
-93
-43
-48
12
31
30
105
133
194
248
249
238
193
157
160
112
113
116
115
126
182
143
98
78
-5
-73
-183
-240
-297
-270
-226
-177
-119
-68
-16
16
25
21
-38
-57
-33
-99
-73
-73
-80
-69
-74
-105
-99
-45
-43
-12
-27
-29
-14
-13
-37
-16
5
18
50
89
109
129
202
174
182
134
66
79
34
16
-4
-7
-22
-4
-26
-32
-52
-91
-101
-153
-142
-146
-99
-62
-32
12
90
115
131
159
104
108
93
55
39
8
-2
-6
31
52
13
96
97
72
145
114
134
173
182
244
323
367
384
440
446
406
381
386
318
290
290
253
286
315
304
329
323
257
222
177
87
48
17
0
-29
10
33
86
111
130
180
172
178
160
132
144
102
62
55
0
4
-13
20
22
18
4
15
31
34
39
33
50
41
59
107
156
189
223
220
242
225
212
233
166
155
132
130
127
122
114
63
25
0
-58
-96
-100
-167
-141
-82
-75
-34
15
25
68
107
76
61
48
-9
-82
-109
-160
-167
-171
-153
-105
-80
-82
-65
-62
-78
-94
-114
-145
-166
-129
-115
-47
-2
73
97
67
110
78
55
45
14
18
50
36
11
42
29
13
-12
-37
-74
-87
-89
-114
-95
-105
-82
-62
-24
11
38
56
94
153
112
86
83
58
20
-16
-15
1
-3
36
99
150
166
168
174
127
151
120
128
167
177
240
281
311
331
330
326
313
256
246
220
200
201
205
222
222
233
214
187
169
129
52
15
-12
-17
2
10
36
12
23
9
45
59
17
43
63
77
68
60
47
24
12
-17
-44
-54
-42
-41
-30
-48
-65
-15
8
12
100
143
116
174
167
143
129
82
28
35
-20
-16
-4
-15
13
24
18
27
21
-23
-24
-78
-98
-92
-86
-73
-67
-75
-31
-14
-3
68
68
80
104
88
78
56
35
-20
-41
-37
-36
8
59
91
100
114
110
130
141
104
124
159
189
231
250
258
257
249
237
217
204
176
122
96
82
51
59
18
-37
-73
-67
-97
-135
-141
-148
-115
-109
-104
-88
-108
-98
-79
-89
-75
-15
-21
6
27
-5
-13
-32
-55
-60
-35
2
49
78
98
115
142
140
148
126
149
179
203
268
293
327
349
376
366
347
338
304
274
281
261
236
247
190
183
138
102
75
21
11
7
-27
-29
8
-29
-2
9
1
43
30
51
64
55
14
33
10
-17
-18
-70
-73
-49
-50
-47
-32
-68
-40
-49
-55
-50
-20
-9
-22
20
29
57
68
53
48
32
12
14
22
4
-12
-2
-12
-18
-10
-50
-59
-54
-57
-80
-89
-99
-80
-83
-73
-71
-69
-27
6
15
36
58
23
-7
-24
-81
-118
-105
-119
-115
-86
-49
-18
-2
59
89
93
102
103
113
122
145
138
154
169
160
157
145
121
119
133
95
119
157
134
136
124
64
9
-30
-72
-113
-142
-150
-184
-175
-187
-203
-181
-193
-177
-177
-177
-133
-147
-170
-176
-208
-190
-193
-200
-194
-173
-141
-137
-86
-66
-45
-8
-12
4
29
20
39
59
75
110
114
125
120
142
128
129
168
170
198
225
228
229
235
189
209
210
140
129
75
35
31
8
-31
-33
-24
-14
16
44
94
108
103
84
40
-8
-76
-134
-175
-208
-202
-154
-98
-57
-8
32
23
64
86
64
60
44
50
76
61
89
70
92
90
58
85
51
53
65
38
59
44
16
28
-19
-44
-69
-85
-97
-104
-101
-125
-109
-103
-87
-52
-23
3
44
66
43
29
-25
-112
-153
-210
-229
-192
-172
-108
-36
31
83
101
111
107
82
73
69
48
62
74
128
145
163
195
188
226
230
216
215
191
171
178
132
86
102
107
120
83
100
117
104
81
28
2
-45
-74
-99
-82
-66
-31
22
40
50
31
-7
-71
-111
-167
-208
-201
-204
-186
-145
-114
-99
-51
-41
-34
0
-15
-19
1
-14
0
13
42
60
68
77
83
83
79
54
10
-36
-52
-34
-44
-77
-59
-2
14
37
71
62
40
25
-26
-40
-34
-34
13
37
67
122
126
123
72
22
-15
-62
-111
-155
-156
-199
-181
-152
-129
-136
-92
-62
-65
-22
7
36
67
103
88
60
47
39
20
6
-6
-2
-27
-49
-74
-114
-139
-165
-154
-127
-106
-73
-47
-36
-38
-81
-146
-175
-197
-228
-225
-183
-144
-83
-57
-41
-32
-52
-54
-83
-109
-117
-143
-156
-166
-176
-213
-209
-165
-156
-108
-66
-27
-8
40
31
23
35
34
28
32
54
62
67
61
39
-6
-61
-109
-154
-204
-177
-153
-130
-94
-56
-36
-6
16
-7
2
-18
-42
-67
-66
-88
-73
-40
-49
-19
4
3
32
57
50
30
11
-30
-59
-96
-115
-132
-133
-114
-109
-80
-52
6
39
84
142
163
206
228
216
171
113
78
6
-43
-73
-126
-163
-152
-159
-145
-101
-88
-68
-31
-4
-11
-14
-15
-20
-41
-50
-52
-64
-51
-40
-36
-13
29
27
48
48
33
5
-21
-58
-117
-150
-152
-157
-120
-89
-77
-48
-11
19
19
36
71
70
69
82
73
88
54
36
-10
-53
-91
-145
-178
-197
-214
-193
-178
-169
-149
-144
-121
-105
-94
-94
-83
-91
-94
-116
-139
-125
-122
-119
-128
-115
-91
-92
-95
-83
-102
-108
-116
-163
-173
-185
-202
-221
-235
-216
-183
-158
-122
-53
-47
-30
4
26
24
30
30
16
28
-9
-20
-38
-74
-112
-154
-175
-171
-170
-165
-128
-101
-97
-63
-44
-71
-38
-14
-31
-13
4
14
16
41
43
42
67
78
91
98
67
57
50
6
10
2
-34
-9
-10
21
72
77
114
165
129
147
163
122
119
100
104
91
54
69
68
46
36
-23
-40
-58
-112
-144
-163
-184
-181
-166
-144
-113
-78
-82
-66
-48
-58
-36
-17
-3
9
29
48
54
23
5
-20
-48
-58
-81
-79
-83
-66
-60
-47
-31
8
17
25
67
71
109
113
108
97
93
55
-8
-28
-34
-33
-57
-59
-58
-64
-76
-83
-132
-164
-167
-218
-242
-233
-223
-241
-236
-249
-273
-281
-266
-275
-267
-232
-202
-155
-111
-94
-109
-72
-80
-117
-145
-187
-216
-231
-229
-233
-194
-180
-179
-117
-111
-91
-46
-55
-44
-37
-76
-92
-106
-110
-131
-153
-145
-146
-145
-151
-143
-131
-143
-143
-154
-158
-157
-170
-178
-170
-169
-175
-183
-197
-228
-203
-160
-135
-73
-44
-5
33
64
83
86
82
77
55
40
-11
-51
-80
-105
-91
-67
-17
47
100
138
194
206
226
232
215
193
161
109
78
65
36
22
8
22
13
-1
17
48
84
91
97
95
95
55
20
-13
-45
-83
-103
-113
-143
-136
-93
-56
-17
18
61
104
106
90
89
62
30
3
-31
-53
-33
-43
-37
-11
-21
36
79
116
141
158
156
112
71
43
14
-24
-68
-71
-56
-72
-83
-83
-110
-134
-121
-105
-106
-92
-115
-96
-109
-136
-153
-167
-203
-232
-238
-225
-209
-211
-184
-174
-157
-118
-128
-117
-80
-108
-130
-133
-141
-156
-160
-157
-144
-134
-126
-79
-48
-10
24
34
38
29
43
27
14
17
18
9
-9
-20
-42
-70
-108
-141
-159
-190
-183
-160
-153
-134
-96
-86
-76
-62
-54
-75
-97
-136
-158
-160
-163
-185
-189
-149
-120
-92
-70
-47
-24
-30
-46
-50
-41
-24
-29
-41
-25
-47
-35
-11
29
73
107
151
193
230
236
231
240
250
254
258
241
214
180
149
85
34
24
20
2
2
28
53
87
100
127
169
142
118
101
47
-18
-48
-99
-123
-117
-97
-78
-35
-15
-17
11
28
40
97
112
102
125
117
122
113
95
105
98
80
70
46
52
48
60
86
127
149
147
180
151
121
78
22
-20
-56
-60
-79
-101
-108
-125
-120
-116
-128
-101
-68
-59
-53
-63
-59
-55
-70
-74
-75
-100
-99
-112
-123
-144
-161
-162
-196
-185
-120
-104
-53
22
53
107
131
136
155
122
79
46
-20
-55
-63
-86
-82
-79
-60
-12
1
26
49
58
58
71
56
19
-20
-39
-92
-136
-154
-197
-179
-154
-169
-167
-139
-134
-126
-140
-98
-55
-30
-16
-7
-15
-47
-58
-108
-126
-118
-120
-85
-47
-20
29
85
138
179
193
210
216
211
185
150
125
107
94
68
55
46
51
44
49
95
133
150
208
253
236
226
211
183
174
149
98
73
37
-11
-43
-84
-135
-133
-111
-97
-20
51
93
129
156
144
101
63
12
-33
-69
-121
-135
-100
-63
-25
11
52
97
136
163
187
220
217
208
182
149
129
71
20
-52
-111
-142
-135
-111
-81
-50
-1
36
51
80
86
126
127
114
93
68
33
-44
-106
-167
-213
-211
-216
-163
-123
-99
-34
-4
31
44
65
84
78
52
24
16
-12
-39
-67
-81
-92
-106
-93
-94
-64
-32
1
34
54
87
124
129
107
75
25
-54
-110
-153
-206
-249
-267
-282
-263
-187
-137
-60
17
69
123
159
150
103
65
13
-39
-90
-140
-154
-176
-173
-171
-150
-109
-64
0
63
107
135
146
135
126
95
54
23
15
4
4
29
14
27
49
57
93
132
165
208
250
268
289
299
252
212
174
86
12
-38
-72
-66
-64
-50
12
58
82
137
189
226
249
242
247
224
191
148
85
29
-21
-25
-19
-14
-18
14
19
40
52
51
71
84
102
102
104
98
81
43
-6
-32
-51
-67
-70
-76
-90
-44
-7
21
45
70
79
65
80
70
40
-3
-70
-124
-169
-219
-246
-246
-227
-186
-118
-65
-16
44
90
122
159
176
170
143
129
100
56
18
-11
-17
-41
-26
-16
-36
-7
17
7
28
40
43
52
31
13
-20
-55
-67
-55
-65
-65
-34
-26
-26
-11
-12
-26
-31
-46
-33
14
45
50
40
41
22
-19
-40
-97
-143
-148
-149
-139
-85
-56
-8
68
123
186
244
278
306
323
307
262
199
139
76
5
-22
-36
-49
-18
2
38
64
68
83
82
97
78
63
73
59
67
49
12
23
7
-13
-21
-43
-28
-10
-2
31
66
73
105
116
105
83
45
9
-31
-66
-101
-106
-90
-83
-67
31
80
130
228
273
301
314
274
254
202
131
86
65
44
5
-2
16
16
2
-5
1
-7
-27
-32
-52
-30
-2
1
25
40
70
80
77
57
39
14
-7
-19
-26
-19
-14
14
23
19
47
69
68
76
70
31
34
43
31
47
63
76
111
148
198
254
300
311
310
313
286
250
193
132
129
110
81
80
91
81
70
65
24
35
70
82
102
110
104
91
78
72
50
50
46
50
90
132
126
102
127
149
125
145
169
167
198
165
138
128
98
48
49
74
123
168
194
256
291
308
306
299
289
275
250
219
203
165
157
144
125
81
75
47
52
84
107
135
124
116
98
60
17
-2
-20
-20
-45
-60
-76
-68
-84
-92
-72
-72
-51
-27
14
42
61
59
56
57
39
4
-7
-13
-36
-36
-32
-20
22
65
111
163
210
211
221
205
190
226
223
183
171
160
129
93
91
108
115
113
74
102
133
118
133
125
119
112
101
85
36
-2
-21
-57
-69
-59
-52
-27
-11
25
74
113
144
190
236
257
269
273
246
217
161
94
66
56
22
10
29
41
72
98
117
157
172
181
167
181
192
181
206
173
108
85
41
-4
-41
-66
-59
-64
-52
-30
-13
-18
-28
-37
-64
-97
-106
-109
-101
-134
-168
-190
-217
-250
-254
-231
-192
-120
-69
-2
84
123
150
168
154
119
70
55
-5
-88
-128
-179
-193
-208
-218
-202
-171
-123
-81
-37
8
34
45
75
86
94
82
54
36
8
-22
-66
-71
-95
-139
-150
-160
-187
-191
-185
-150
-129
-145
-140
-143
-153
-131
-148
-138
-127
-151
-166
-152
-139
-139
-101
-90
-68
-38
-9
0
12
21
12
-12
-29
-67
-74
-89
-127
-146
-166
-158
-150
-123
-86
-50
-22
30
65
109
152
139
118
101
88
74
70
33
7
-9
-44
-74
-133
-157
-157
-158
-147
-114
-67
-26
19
30
58
72
60
73
56
39
6
-42
-68
-89
-119
-82
-47
-21
24
68
102
114
89
62
19
-41
-100
-120
-128
-169
-179
-178
-203
-197
-154
-101
-48
-18
3
27
33
19
25
-3
-20
-45
-48
-53
-94
-102
-105
-124
-143
-143
-96
-105
-94
-2
16
77
17
35
31
9
-16
-54
-61
-19
-7
-24
-24
-99
-62
-96
-82
-86
-43
15
21
49
22
32
-6
-67
-69
-94
-130
-160
-162
-158
-161
-162
-171
-171
-173
-152
-138
-111
-62
-46
-43
-18
-8
-19
-55
-78
-73
-82
-81
-68
-48
-38
-11
-18
-16
-10
-2
-8
-10
-21
-21
-26
-42
-74
-99
-67
-92
-111
-106
-110
-78
-30
-16
31
50
75
79
53
49
57
22
-40
-75
-115
-129
-118
-134
-138
-131
-170
-155
-113
-131
-126
-99
-105
-86
-71
-76
-64
-44
-57
-58
-16
6
10
14
22
2
-30
-48
-74
-88
-93
-122
-160
-181
-206
-231
-208
-210
-192
-175
-173
-180
-183
-194
-201
-215
-195
-200
-169
-164
-176
-153
-217
-262
-318
-360
-366
-378
-369
-373
-375
-312
-303
-268
-230
-205
-151
-146
-108
-79
-97
-81
-57
-41
-68
-66
-65
-72
-58
-94
-106
-87
-81
-84
-93
-101
-94
-121
-142
-135
-105
-67
-30
-18
-32
-37
-39
-36
-22
23
62
98
123
135
120
73
6
-39
-70
-115
-156
-163
-190
-199
-186
-175
-161
-152
-128
-90
-44
27
65
103
174
204
236
252
258
277
301
242
196
171
129
89
26
-42
-62
-92
-129
-125
-123
-77
-63
-48
-3
10
3
-8
-17
-12
3
0
12
31
44
30
15
-8
-46
-68
-74
-87
-105
-130
-170
-192
-230
-256
-269
-286
-283
-281
-242
-205
-196
-148
-120
-74
-23
40
142
204
260
278
287
286
231
171
105
51
-39
-102
-144
-203
-207
-213
-238
-209
-214
-202
-175
-172
-154
-140
-120
-128
-115
-125
-138
-175
-193
-195
-217
-213
-218
-207
-215
-207
-222
-205
-154
-105
-62
-42
-8
-11
-17
-40
-68
-74
-81
-82
-58
-34
-4
-11
-1
53
90
130
185
220
273
316
330
348
336
315
277
255
206
178
149
134
116
114
105
112
95
82
95
119
149
110
98
84
82
39
14
-1
-28
-42
-20
10
30
34
53
58
99
148
161
201
208
229
214
213
203
184
158
151
95
61
60
24
4
-9
6
30
28
33
87
109
133
162
195
237
250
237
236
227
190
147
97
92
70
62
26
-16
-53
-112
-134
-168
-186
-193
-201
-203
-164
-141
-121
-77
-44
-26
21
32
29
68
102
114
135
142
116
86
101
122
140
140
133
110
57
6
-36
-92
-98
-88
-97
-31
-8
16
53
36
41
88
146
187
208
211
197
162
139
126
132
111
104
78
44
25
-12
-13
9
-15
-54
-37
-47
-50
-37
17
68
113
138
149
166
181
172
178
210
256
278
272
271
267
229
207
185
158
165
156
133
142
158
174
184
207
225
230
241
255
262
271
263
229
205
178
128
92
97
75
80
119
121
93
68
45
24
16
5
10
8
-5
-14
-53
-91
-89
-102
-90
-47
-35
5
57
101
125
162
191
188
187
183
163
146
125
86
80
82
68
81
112
108
122
124
126
135
144
169
235
251
275
260
222
167
120
109
78
53
45
15
-1
-2
-17
0
17
36
52
113
141
131
127
102
56
47
36
0
-12
-44
-84
-90
-93
-97
-74
-69
-62
-52
-66
-71
-67
-55
-48
-21
6
25
31
-13
-25
-44
-82
-83
-70
-57
4
55
84
110
99
69
73
74
66
92
92
72
59
18
11
26
34
34
66
94
100
107
118
94
104
132
132
133
108
89
91
89
53
41
39
-26
-86
-130
-151
-140
-126
-118
-73
-29
-9
11
21
33
53
60
41
46
60
36
22
19
25
16
-6
-21
-44
-47
-56
-45
-40
-33
-14
-12
19
26
30
54
61
46
23
24
25
26
44
46
60
90
69
67
67
50
41
10
-14
-38
-88
-144
-189
-229
-264
-279
-260
-246
-254
-243
-222
-200
-209
-190
-135
-109
-118
-85
-73
-72
-39
-54
-37
-16
-42
-66
-75
-115
-123
-134
-129
-92
-88
-85
-62
-41
-19
-25
-2
12
19
27
7
24
35
44
62
100
116
133
147
90
69
58
2
-41
-98
-169
-223
-223
-231
-228
-207
-210
-197
-155
-170
-151
-130
-126
-130
-140
-149
-151
-122
-110
-95
-47
-38
-52
-53
-78
-64
-55
-13
5
51
48
44
27
3
21
23
22
-3
-20
-71
-73
-110
-127
-109
-96
-76
-35
1
8
52
60
59
77
66
30
-11
-51
-97
-107
-108
-134
-159
-156
-173
-215
-240
-268
-269
-241
-227
-204
-169
-203
-212
-176
-136
-113
-116
-113
-105
-100
-110
-117
-113
-120
-157
-175
-162
-140
-148
-136
-141
-132
-91
-89
-56
-4
21
43
46
41
36
31
29
19
42
58
34
23
30
38
27
40
29
30
26
-6
-20
-28
-45
-94
-170
-213
-227
-243
-244
-244
-242
-237
-235
-228
-196
-175
-148
-111
-103
-75
-42
-27
-21
-21
-27
-35
-49
-53
-73
-88
-74
-60
-41
-25
-12
7
12
-12
-30
-61
-67
-55
-68
-45
-18
-37
-35
-7
-6
39
54
42
79
60
24
6
-29
-71
-111
-113
-117
-76
-61
-90
-84
-79
-85
-88
-73
-67
-89
-94
-98
-106
-82
-86
-106
-84
-75
-59
-40
-25
-22
-15
3
2
8
16
25
16
42
82
99
113
110
106
98
73
72
61
52
58
27
40
64
50
54
59
82
96
72
89
128
155
161
171
182
145
102
53
31
43
46
29
60
64
29
24
33
43
39
28
4
6
-46
-135
-197
-238
-280
-325
-315
-313
-325
-325
-336
-283
-232
-200
-165
-123
-121
-112
-95
-67
-28
-28
-43
-51
-52
-53
-55
-54
-13
20
65
98
139
178
173
183
202
212
213
205
197
199
182
158
138
116
76
58
80
91
125
169
178
192
180
164
169
169
155
167
176
155
116
50
10
-41
-55
-68
-64
-57
-83
-96
-61
-10
4
37
67
66
64
69
85
83
51
9
-17
-36
-28
-23
-24
13
23
44
88
120
175
228
273
334
395
443
435
406
404
380
360
342
299
241
187
174
165
209
230
276
306
324
332
330
333
328
300
270
251
205
171
100
36
24
9
51
87
94
117
91
68
47
28
43
65
73
36
34
19
-8
-33
-31
-11
-9
7
19
33
84
122
146
193
234
258
273
298
309
334
333
308
288
263
202
180
202
200
210
201
218
246
239
242
257
294
282
260
258
256
251
234
240
243
229
233
201
192
182
138
132
140
139
149
159
148
116
96
65
30
0
-25
-42
-39
-40
-53
-21
-8
-7
17
29
41
54
39
69
86
61
52
26
10
24
28
69
106
130
136
121
141
137
135
168
182
201
221
206
185
191
205
196
178
165
152
139
139
169
237
279
293
291
275
265
255
244
270
262
241
222
206
191
174
169
182
228
265
284
279
267
265
259
230
217
191
162
136
94
62
50
19
-22
-54
-64
-65
-72
-73
-40
2
46
78
104
129
117
107
134
154
174
176
124
94
67
9
4
7
37
72
102
86
91
90
92
102
102
117
107
79
47
47
58
49
38
39
6
19
62
77
113
131
153
154
145
130
138
123
97
55
22
-23
-68
-110
-146
-127
-118
-80
-40
-5
51
108
159
183
204
214
176
135
103
76
59
51
43
48
71
103
133
142
166
189
229
258
257
251
226
224
232
226
237
231
193
167
141
157
151
128
105
123
148
127
119
86
79
67
75
106
119
113
65
17
20
4
-24
-35
-24
-21
-16
11
37
52
48
61
73
93
87
77
73
53
50
61
55
65
82
101
117
141
135
160
149
137
159
156
159
144
111
99
119
128
122
118
135
145
139
148
129
103
78
44
40
66
66
51
68
46
43
42
29
27
20
21
28
11
-21
-35
-12
-2
5
19
5
-18
-32
-52
-79
-104
-118
-107
-81
-45
-13
6
38
68
96
111
115
143
129
118
101
91
70
32
-4
11
13
-6
-7
-17
-4
9
16
53
70
73
82
89
103
118
118
131
147
162
157
144
154
156
150
130
123
116
125
107
100
106
119
156
164
159
169
169
132
108
101
76
61
41
14
-12
-43
-60
-60
-67
-83
-92
-100
-120
-147
-173
-186
-190
-191
-195
-200
-214
-240
-251
-232
-222
-230
-200
-182
-188
-168
-174
-169
-132
-135
-126
-69
-92
-86
-45
-41
-9
28
40
44
48
45
59
80
77
84
106
83
87
127
109
119
121
145
168
171
166
144
118
95
70
62
71
46
15
13
4
-11
-12
-12
-38
-37
-41
-76
-71
-76
-82
-94
-101
-106
-105
-81
-75
-94
-71
-54
-84
-90
-75
-81
-51
-23
2
48
78
56
59
58
50
72
87
95
133
132
135
145
134
138
138
145
150
152
165
152
137
137
115
94
89
62
51
61
58
52
35
24
10
-5
0
-13
-22
-29
-59
-102
-126
-146
-144
-146
-161
-168
-172
-166
-163
-142
-136
-131
-111
-106
-141
-128
-116
-116
-137
-139
-116
-101
-108
-117
-108
-100
-81
-43
-34
-15
6
9
54
55
89
115
150
148
123
119
100
83
78
69
56
49
9
-18
-31
-45
-66
-55
-43
-62
-55
-72
-115
-152
-200
-203
-197
-176
-147
-136
-103
-102
-129
-137
-127
-115
-92
-86
-60
-51
-74
-111
-132
-144
-155
-146
-127
-140
-137
-143
-160
-155
-160
-167
-144
-99
-58
-28
2
32
45
67
100
131
164
174
189
203
208
199
189
215
217
225
235
226
210
198
172
161
183
168
159
183
158
163
189
203
203
206
198
188
187
147
128
105
82
48
26
4
-13
-49
-90
-99
-127
-151
-176
-215
-248
-228
-207
-200
-199
-194
-198
-197
-186
-161
-123
-116
-95
-104
-121
-109
-121
-151
-127
-117
-110
-102
-92
-110
-103
-67
-82
-58
-43
-44
-36
-48
-45
-16
-9
1
47
43
25
20
-2
-25
-39
2
-7
10
21
-28
-58
-82
-101
-105
-120
-138
-151
-157
-193
-256
-290
-311
-329
-333
-343
