28
38
38
10
4
-5
-7
10
15
2
-1
-4
-5
8
11
-15
-11
11
6
7
23
9
-13
-1
-23
-38
-8
-27
-42
-28
-24
-28
-37
-28
-28
-23
-29
-41
-54
-45
-60
-64
-64
-59
-52
-48
-32
-43
-52
-43
-28
-49
-41
-31
-38
-53
-48
-47
-41
-16
-18
-24
-18
-28
-23
-6
-19
-35
-23
-29
-34
-18
2
14
2
-6
-17
-20
-24
-43
-43
-46
-38
-35
-46
-43
-55
-67
-61
-34
-25
-23
-20
-34
-35
-44
-49
-45
-59
-47
-18
-38
-39
-24
-31
-26
-27
-23
-34
-25
-20
-25
-16
-15
-18
-24
-20
-28
-27
-17
-16
-30
-21
-17
-13
0
-5
1
-9
-16
-24
-21
-9
-10
-10
-28
-44
-41
-35
-27
-43
-48
-58
-65
-75
-79
-65
-68
-70
-54
-39
-46
-53
-49
-49
-48
-79
-82
-96
-91
-89
-88
-77
-98
-103
-96
-81
-101
-101
-107
-102
-110
-119
-121
-141
-141
-138
-128
-121
-113
-95
-97
-110
-111
-116
-114
-101
-107
-104
-106
-112
-91
-90
-79
-74
-68
-74
-72
-70
-67
-71
-70
-39
-47
-56
-64
-62
-42
-15
-23
-34
-29
-20
-32
-37
-38
-34
-27
-22
-26
-25
-11
-19
-6
4
-7
-11
-3
6
4
-1
-1
-12
-13
-8
-18
-13
-28
-42
-42
-40
-36
-38
-29
-25
-26
-20
-6
-4
-10
-8
-4
-18
-12
-14
10
25
10
28
24
26
19
29
24
29
30
21
17
17
29
39
54
39
46
64
62
50
32
33
38
52
52
64
64
49
35
18
7
11
15
31
41
23
9
6
-5
-12
-7
-6
2
-9
7
13
-11
-23
-22
-15
-9
-9
-11
-19
-15
4
12
6
3
-5
-1
-5
-15
-8
-14
-22
-20
-29
-19
-25
-25
-34
-46
-41
-37
-25
-22
-11
-35
-46
-58
-50
-64
-77
-62
-62
-68
-53
-47
-73
-81
-60
-53
-52
-51
-65
-62
-58
-51
-41
-37
-41
-57
-62
-60
-59
-59
-62
-70
-79
-70
-43
-50
-33
-23
-6
7
2
18
19
6
8
25
34
41
32
22
31
29
40
55
36
27
34
36
43
52
63
69
63
53
62
68
69
83
84
79
75
64
66
51
38
36
32
47
33
18
32
40
32
39
38
8
15
18
14
38
33
30
39
47
25
27
38
27
6
-9
-9
-10
-12
-24
-15
11
25
23
32
41
36
37
48
42
43
31
18
30
39
20
23
30
26
30
33
31
22
32
21
20
28
25
21
21
28
25
30
22
10
11
18
29
46
54
39
36
33
23
40
60
58
73
71
52
70
91
73
62
56
51
47
45
40
41
49
36
41
31
9
8
42
51
27
30
23
36
48
48
65
64
50
59
54
40
36
48
45
27
23
33
31
36
56
63
51
47
55
71
79
59
53
74
71
60
67
68
64
61
86
81
60
49
43
49
64
62
74
74
59
49
62
51
34
37
51
51
32
25
22
18
43
44
39
45
41
27
33
24
19
22
27
32
29
49
58
52
64
55
53
70
64
72
68
57
39
41
34
32
38
47
58
49
51
63
75
82
91
92
89
106
106
106
110
99
116
128
123
112
104
87
73
72
63
84
92
97
92
93
94
89
102
103
92
96
99
108
103
106
116
111
109
120
103
87
98
83
103
109
96
87
85
85
78
89
93
95
89
85
91
108
101
97
112
80
81
80
65
63
61
51
55
63
68
69
74
67
35
48
56
46
29
26
19
12
31
34
43
47
56
52
53
52
44
45
36
28
28
25
18
20
24
15
19
35
37
37
40
31
60
60
40
60
47
30
46
38
46
57
71
71
58
66
65
80
79
63
58
55
56
54
50
37
49
58
60
70
66
61
49
47
41
56
72
79
73
54
50
47
47
45
38
41
40
28
41
52
41
33
39
47
24
21
13
0
20
33
33
47
52
38
41
28
16
15
31
36
23
27
12
21
35
32
18
25
17
3
33
35
31
50
35
23
26
17
22
28
32
48
40
17
5
10
32
25
19
12
14
27
17
39
33
28
39
53
49
49
49
43
44
44
55
40
50
64
71
67
78
58
45
51
25
30
43
49
31
32
32
25
10
5
17
18
14
3
8
23
38
52
38
42
48
46
66
48
41
33
38
50
54
48
52
70
52
51
54
38
30
41
48
51
38
35
24
8
1
-8
-6
-21
-13
-16
-21
-20
-43
-34
-43
-46
-31
-49
-40
-52
-56
-61
-53
-47
-57
-37
-57
-72
-70
-77
-78
-69
-52
-53
-60
-62
-56
-64
-80
-52
-59
-86
-86
-94
-103
-119
-107
-109
-110
-110
-102
-104
-102
-94
-80
-66
-66
-58
-47
-41
-39
-40
-64
-80
-77
-70
-71
-62
-61
-53
-44
-35
-36
-44
-32
-23
-25
-15
-4
-8
-1
-10
-18
-8
-17
-27
-36
-32
-29
-34
-22
-19
-22
-17
-28
-29
-32
-51
-37
-26
-31
-38
-38
-25
-26
-34
-28
-38
-54
-63
-63
-79
-79
-77
-84
-77
-73
-98
-79
-76
-100
-69
-75
-86
-69
-62
-63
-72
-81
-78
-68
-78
-75
-75
-88
-90
-85
-78
-61
-57
-59
-49
-62
-67
-59
-71
-56
-65
-60
-41
-54
-56
-32
-14
-31
-28
-8
-23
-7
-12
-18
-9
-23
-31
-31
-37
-44
-43
-54
-52
-54
-55
-52
-53
-59
-56
-68
-85
-79
-74
-51
-40
-56
-46
-35
-38
-30
-22
-36
-45
-31
-49
-53
-56
-69
-64
-75
-95
-103
-105
-111
-121
-111
-117
-122
-108
-117
-115
-115
-108
-108
-96
-102
-115
-106
-122
-123
-106
-126
-137
-129
-134
-125
-121
-134
-147
-144
-150
-153
-143
-141
-119
-96
-102
-93
-82
-96
-90
-93
-96
-89
-58
-67
-76
-76
-83
-91
-72
-63
-82
-55
-52
-54
-42
-43
-41
-47
-42
-25
-19
-25
-33
-26
-33
-40
-22
-21
-33
-31
-9
-27
-36
-13
-13
-20
0
1
-4
21
14
-1
13
17
5
19
28
12
14
36
16
10
29
21
13
22
-1
-1
24
5
-20
-6
-8
-41
-2
2
-27
4
13
-17
5
2
-9
15
9
-39
-33
-31
-52
-30
-20
-20
-8
-10
-14
-13
-2
-13
-9
-12
-45
-31
-19
-24
-26
-24
-35
-30
-26
-52
-40
-21
-31
-13
12
-25
-21
-19
-44
-36
-17
-43
-39
-15
-40
-47
-22
-36
-40
-14
-21
-29
-33
-38
-22
-24
-23
1
-9
-21
-24
-37
-46
-33
-34
-26
-19
-39
-30
-32
-33
-28
-15
8
-7
-13
9
8
13
22
16
18
23
31
38
44
23
13
20
30
16
20
38
25
16
36
33
28
52
54
43
52
61
63
86
88
61
61
42
23
42
50
46
64
65
56
65
53
58
59
50
58
63
65
70
45
37
54
50
43
59
52
31
37
40
36
31
25
26
47
42
34
47
49
46
44
38
23
18
10
10
-1
8
34
41
35
36
50
47
64
83
69
65
63
42
79
97
88
75
65
59
74
69
55
70
59
69
110
101
73
97
80
66
95
79
63
75
59
51
53
41
48
60
52
52
44
27
23
28
26
23
23
14
7
28
24
22
31
32
37
39
45
38
15
26
25
0
11
-18
-34
-11
-18
-26
-8
-19
-14
21
23
21
23
27
10
39
48
33
51
31
11
11
-9
-13
-2
-13
-3
4
9
29
30
24
25
35
33
28
42
70
61
54
53
35
35
48
56
58
64
48
61
89
95
86
96
91
83
99
89
85
80
78
75
98
93
81
82
73
72
73
80
81
85
80
78
74
67
80
83
89
87
96
96
87
72
69
88
96
109
93
83
85
89
73
78
93
79
86
89
91
91
97
78
72
74
84
75
69
71
66
67
48
48
55
49
45
38
33
43
45
43
39
24
15
35
53
29
40
64
63
56
52
55
49
48
51
72
83
89
92
104
99
89
86
89
89
99
122
130
138
120
118
134
110
112
125
130
136
144
147
133
140
143
139
149
138
125
133
130
143
150
145
145
154
148
150
155
162
177
170
157
141
145
141
135
141
150
149
151
147
131
142
136
147
171
153
148
153
160
153
129
116
135
137
129
126
102
106
115
109
122
134
121
123
132
119
104
97
78
68
82
60
60
41
30
42
33
24
27
31
22
41
14
-4
-1
3
-5
13
6
-8
0
-27
-37
-42
-54
-56
-44
-41
-47
-62
-53
-59
-65
-38
-42
-41
-53
-32
-46
-43
-10
-27
-28
-7
-6
-15
-14
-26
-13
-4
-6
2
8
1
1
24
29
25
35
40
28
43
23
32
35
43
35
42
60
50
37
53
50
32
49
32
31
68
48
44
68
33
35
57
43
44
73
69
60
61
40
50
73
69
58
81
83
81
100
90
80
105
97
69
75
83
64
67
63
33
70
95
67
86
127
80
84
104
66
104
112
90
110
115
58
51
61
36
59
83
78
77
57
53
64
45
38
44
34
33
35
19
18
13
6
8
-10
-25
-18
-25
-30
-46
-58
-61
-51
-55
-59
-47
-70
-69
-54
-62
-92
-83
-88
-102
-91
-76
-77
-71
-66
-67
-30
-63
-85
-64
-53
-60
-32
-23
-30
-15
-26
-20
-6
-34
-56
-23
-48
-45
-18
-29
-17
-1
-20
-19
-6
-17
-12
-8
-21
-39
-20
-15
-25
-4
-12
-32
-19
-15
-12
-21
-31
-40
-39
-40
-41
-36
-30
-28
-34
-13
-8
-24
-7
1
4
23
14
-9
-5
1
-26
0
13
-5
25
28
12
8
25
8
19
40
17
42
59
32
23
32
20
19
29
31
43
32
-2
-13
17
18
-5
24
15
-9
11
10
-16
2
1
-21
4
-6
-48
-22
-5
-13
-1
8
-13
-5
5
-7
7
-10
-15
-12
7
-11
1
3
-4
-3
-6
-15
-19
-2
-33
-27
-38
-48
-48
-6
-13
-27
3
-29
-40
-8
-23
-39
-15
-21
-7
1
-32
-39
-35
-40
-31
-25
-31
-30
-39
-46
-40
-67
-61
-33
-38
-48
-29
-48
-54
-20
-31
-34
-18
-55
-61
-49
-70
-66
-60
-56
-43
-51
-61
-62
-93
-94
-61
-83
-76
-72
-83
-63
-57
-50
-47
-50
-66
-64
-57
-43
-27
-44
-50
-40
-61
-59
-60
-71
-64
-56
-71
-70
-62
-57
-56
-64
-78
-83
-64
-43
-35
-33
-35
-26
-28
-30
-33
-38
-30
-29
-16
-9
-27
-21
-9
-5
-20
-42
-39
-1
-14
-17
-20
-50
-58
-67
-61
-41
-38
-45
-36
-45
-72
-55
-71
-83
-53
-49
-58
-43
-56
-73
-50
-62
-63
-56
-62
-68
-62
-73
-68
-35
-51
-47
-53
-72
-67
-45
-54
-50
-29
-44
-56
-40
-45
-57
-36
-31
-44
-26
-41
-62
-37
-55
-70
-62
-65
-76
-66
-69
-72
-49
-61
-69
-62
-65
-81
-56
-54
-67
-50
-44
-49
-45
-31
-35
-39
-30
-33
-4
22
-13
-29
-27
-58
-65
-38
-63
-86
-53
-64
-75
-58
-75
-68
-46
-71
-83
-50
-49
-58
-46
-32
-27
-20
-20
-48
-55
-50
-73
-48
-33
-48
-32
-18
-47
-44
-14
-44
-53
-46
-73
-54
-33
-41
-24
-11
-26
-18
-10
-43
-52
-26
-12
-16
-17
-8
-11
13
28
5
3
12
12
25
33
8
21
32
12
9
-10
-15
-31
-21
-12
-12
-36
-43
-23
-31
-31
-30
-47
-33
-16
-32
-30
-30
-34
-6
-13
-44
-24
-24
-27
-4
-28
-42
-31
-43
-11
-8
-29
-17
-24
-41
-26
-32
-60
-42
-46
-59
-34
-40
-75
-54
-38
-56
-36
-23
-27
-38
-32
-56
-75
-55
-55
-68
-57
-42
-59
-44
-32
-53
-62
-51
-56
-48
-36
-63
-72
-64
-48
-60
-64
-55
-70
-65
-42
-52
-58
-56
-50
-64
-67
-73
-86
-73
-82
-87
-76
-79
-87
-84
-81
-84
-83
-79
-72
-61
-53
-36
-34
-35
-36
-44
-54
-51
-71
-81
-61
-77
-85
-68
-58
-65
-59
-59
-64
-51
-61
-73
-66
-64
-79
-90
-92
-115
-127
-109
-106
-112
-115
-124
-140
-110
-124
-131
-108
-112
-111
-106
-105
-90
-74
-93
-87
-71
-66
-56
-48
-36
-52
-70
-66
-63
-62
-54
-34
-37
-47
-10
-7
-11
-10
-33
-48
-34
-26
-44
-45
-73
-82
-76
-81
-96
-100
-87
-91
-100
-86
-78
-70
-52
-47
-58
-63
-82
-79
-76
-94
-87
-75
-83
-95
-83
-96
-113
-116
-104
-99
-87
-89
-88
-71
-90
-89
-93
-80
-70
-68
-66
-58
-65
-83
-54
-60
-66
-42
-43
-58
-46
-45
-52
-49
-45
-62
-65
-66
-83
-82
-89
-103
-104
-92
-115
-109
-106
-122
-88
-78
-86
-69
-79
-110
-101
-81
-97
-66
-48
-66
-44
-41
-57
-36
-26
-59
-32
-14
-20
-14
-17
-41
-34
-7
-22
-19
-1
-12
-9
-8
-25
-30
-26
-26
-24
-16
-17
-5
4
-8
-17
-19
-29
-22
-13
-15
-13
-9
-32
-3
7
-10
-21
-33
-45
-36
-34
-38
-29
-41
-57
-32
-29
-44
-37
-30
-25
-29
-22
-15
-11
-19
-28
-41
-29
-15
-6
-11
-11
-21
-21
-9
-30
-42
-18
-17
-26
-15
-35
-54
-62
-80
-90
-97
-80
-80
-88
-79
-91
-105
-79
-72
-75
-47
-57
-66
-65
-53
-59
-49
-46
-56
-37
-42
-59
-58
-56
-51
-40
-47
-48
-30
-7
-9
-22
-18
-43
-38
-27
-24
-11
-3
-8
0
21
17
27
24
5
-7
4
12
-5
-3
-4
-8
-12
-14
5
21
6
-2
-16
-22
-8
-18
-19
-36
-38
-41
-50
-45
-43
-53
-50
-40
-50
-76
-56
-51
-47
-38
-59
-62
-64
-80
-63
-67
-84
-73
-84
-91
-92
-83
-87
-91
-78
-70
-61
-76
-82
-68
-68
-68
-55
-53
-59
-55
-46
-36
-61
-41
-29
-38
-23
-21
-14
-8
-15
-23
-16
-27
-43
-41
-49
-62
-49
-51
-59
-44
-44
-46
-43
-41
-49
-44
-47
-61
-58
-66
-55
-46
-62
-41
-33
-41
-35
-45
-57
-63
-55
-57
-49
-40
-37
-41
-37
-35
-44
-43
-34
-29
-34
-37
-49
-55
-46
-56
-52
-41
-46
-50
-29
-13
-31
-37
-30
-28
-43
-25
-30
-27
-7
-9
1
8
7
11
34
41
27
21
24
20
35
46
44
43
50
48
40
45
33
36
45
40
60
47
38
37
33
27
45
40
35
43
32
21
23
13
4
29
21
30
42
20
40
50
53
66
75
65
53
76
64
43
48
39
33
26
41
48
50
72
77
63
75
82
88
91
97
109
92
98
116
101
102
108
91
88
102
95
88
100
99
99
112
104
60
76
85
67
86
89
91
95
105
92
87
69
59
74
93
87
76
92
94
98
100
90
84
84
80
70
87
80
70
68
53
53
49
29
26
21
20
24
21
15
6
-8
-6
-5
-12
2
5
-5
9
30
29
35
48
47
44
29
21
22
41
58
61
79
80
67
66
62
52
70
66
71
83
83
90
97
99
112
131
125
127
122
111
118
135
136
134
148
140
139
150
135
127
130
127
138
135
124
122
124
136
142
148
163
158
156
170
142
139
145
141
146
144
134
111
112
119
123
139
150
150
154
137
144
141
127
134
144
139
143
149
144
139
130
117
105
123
127
127
144
115
107
118
91
80
92
79
78
104
82
92
106
107
124
122
119
105
105
92
84
82
88
73
70
82
71
70
61
43
45
60
60
65
83
92
90
104
79
65
68
64
58
64
62
67
71
88
94
97
70
65
99
108
132
141
137
126
138
144
134
140
134
127
121
108
106
101
93
90
83
83
81
91
100
112
122
97
88
93
79
76
66
63
52
48
66
84
98
88
86
96
106
116
114
114
107
97
104
121
127
130
129
138
142
146
156
166
174
172
173
171
171
165
169
163
167
175
189
199
188
191
213
209
212
208
199
201
207
203
199
196
185
182
166
157
142
156
164
167
181
179
156
152
149
138
138
142
142
149
145
124
108
95
116
124
113
100
91
87
88
115
119
127
131
121
111
122
112
99
95
86
99
102
90
105
97
83
95
98
103
115
113
92
98
95
75
86
96
89
93
91
85
90
94
87
106
100
99
109
114
90
77
82
80
81
80
70
86
106
93
96
86
69
86
92
73
70
65
68
74
87
85
88
86
88
93
104
102
100
108
102
104
104
93
98
115
108
120
116
98
120
130
114
115
133
122
144
135
103
93
107
107
114
124
98
89
103
113
87
74
68
60
42
55
55
59
71
60
67
57
46
70
70
53
71
71
59
73
81
70
69
68
61
69
73
59
69
72
72
95
86
96
81
83
86
73
61
47
44
41
55
64
59
65
68
64
68
66
81
73
80
73
74
75
91
90
75
71
51
44
47
42
23
22
18
38
35
35
26
21
22
3
2
-12
-17
-3
-5
-15
-14
-18
-15
-20
-6
-20
-24
-13
-15
-23
-30
-32
-36
-35
-21
-3
-13
-23
-26
-2
11
-1
-6
-15
-3
-8
-12
3
13
13
20
35
21
-4
8
15
-5
-8
-12
-13
-10
-13
-4
3
4
15
14
-1
-4
-1
3
8
17
23
20
6
13
16
13
23
18
15
29
26
32
50
55
43
48
41
24
8
-5
23
34
35
43
54
55
44
34
25
11
-3
11
11
-9
-14
-20
-30
-31
-28
-35
-23
-38
-57
-46
-53
-63
-55
-30
-34
-35
-53
-74
-57
-61
-50
-31
-37
-27
-15
-16
-2
7
-18
-17
-3
0
10
3
5
2
19
27
15
7
-12
-15
-15
-18
-10
-21
-31
-33
-45
-47
-40
-45
-38
-35
-53
-73
-87
-77
-66
-56
-51
-52
-53
-62
-50
-54
-59
-44
-41
-49
-65
-59
-56
-53
-52
-64
-47
-39
-35
-38
-24
-33
-30
-20
-17
-13
-20
-14
-19
-18
-35
-30
-33
-34
-34
-32
-19
-36
-24
-24
-32
-26
-20
-21
-34
-26
-38
-28
-40
-42
-30
-25
-22
-32
-33
-54
-51
-60
-56
-48
-48
-54
-67
-68
-65
-78
-73
-55
-65
-78
-53
-60
-74
-74
-88
-81
-78
-82
-83
-87
-68
-55
-70
-73
-64
-63
-78
-86
-75
-61
-63
-77
-63
-52
-38
-27
-38
-50
-51
-54
-63
-58
-68
-69
-75
-101
-100
-90
-88
-97
-94
-93
-95
-78
-83
-86
-80
-98
-114
-112
-105
-96
-97
-102
-108
-119
-122
-107
-106
-118
-116
-116
-93
-104
-119
-110
-111
-122
-142
-146
-138
-145
-153
-129
-120
-108
-84
-85
-95
-92
-103
-100
-87
-104
-103
-91
-95
-105
-87
-87
-94
-90
-96
-95
-70
-76
-68
-57
-78
-93
-86
-96
-106
-92
-107
-110
-98
-100
-99
-83
-100
-111
-107
-122
-117
-113
-104
-101
-91
-82
-86
-101
-117
-118
-109
-122
-118
-115
-111
-100
-99
-112
-112
-108
-109
-105
-99
-101
-122
-137
-128
-141
-141
-128
-127
-132
-115
-113
-118
-98
-119
-129
-123
-137
-147
-157
-149
-150
-154
-143
-137
-137
-138
-126
-120
-126
-132
-110
-118
-120
-109
-110
-122
-115
-105
-116
-107
-112
-107
-108
-113
-122
-120
-107
-98
-110
-96
-97
-110
-90
-97
-100
-110
-115
-117
-105
-116
-123
-118
-121
-131
-119
-115
-135
-131
-124
-115
-116
-110
-113
-120
-119
-132
-129
-127
-144
-142
-141
-132
-126
-114
-119
-110
-88
-88
-73
-63
-57
-73
-52
-55
-72
-64
-65
-83
-85
-77
-83
-65
-42
-25
-24
-20
-24
-35
-14
-20
-33
-36
-42
-51
-59
-58
-47
-44
-47
-47
-51
-28
-20
-16
-9
-16
-21
-28
-38
-41
-38
-30
-27
-27
-20
-7
-8
-18
-28
-31
-25
-11
-2
6
0
-6
-4
-6
-7
-16
-17
-32
-47
-36
-44
-70
-73
-82
-75
-73
-79
-73
-65
-68
-85
-88
-88
-88
-94
-111
-133
-146
-150
-131
-131
-154
-149
-147
-144
-143
-139
-134
-148
-159
-150
-140
-135
-143
-150
-133
-129
-132
-131
-131
-127
-139
-130
-102
-102
-95
-88
-91
-107
-113
-103
-99
-95
-88
-83
-85
-80
-80
-87
-64
-66
-88
-73
-75
-74
-66
-64
-55
-52
-57
-69
-75
-74
-72
-63
-56
-66
-75
-78
-80
-86
-67
-53
-66
-57
-55
-57
-57
-74
-68
-59
-49
-45
-37
-43
-47
-34
-40
-31
-35
-45
-36
-16
-33
-26
-25
-37
-47
-51
-30
-49
-49
-39
-42
-35
-34
-34
-23
-18
-29
-29
-22
-35
-33
-22
-25
-12
-3
-2
-3
20
7
-4
14
-12
-1
-4
-17
-2
10
4
-11
-2
-13
-31
-34
-33
-36
-17
-22
-36
-36
-40
-42
-45
-31
-44
-42
-47
-45
-46
-49
-59
-54
-55
-70
-52
-46
-52
-44
-27
-23
-27
-39
-23
-22
-14
-26
-40
-24
-36
-44
-25
-17
-37
-34
-20
-30
-36
-47
-46
-36
-38
-26
-14
-23
-38
-17
-35
-73
-79
-87
-103
-97
-93
-96
-95
-89
-85
-72
-65
-70
-53
-39
-32
-24
-22
-12
-1
-28
-47
-30
-40
-34
-24
-19
-25
-8
-1
-22
1
2
-11
-13
-13
-19
-14
-13
-46
-42
-26
-23
-13
-20
-21
-44
-37
-27
-38
-18
-6
-8
21
22
-12
-6
-8
-30
5
15
11
32
41
21
35
32
18
40
47
52
64
87
66
76
97
90
91
98
99
106
135
115
87
83
84
81
82
83
72
93
97
71
86
100
75
91
93
66
72
77
66
84
100
82
75
84
66
62
77
60
49
69
73
71
84
66
54
71
63
60
72
60
71
93
85
71
83
58
45
60
40
21
25
25
27
38
25
16
16
9
-7
-2
4
1
9
26
24
12
17
20
9
-11
-16
-9
4
15
-5
9
36
26
44
61
45
41
48
59
55
63
64
72
67
70
94
92
84
76
79
71
68
62
70
91
87
100
124
113
103
110
100
92
104
106
116
132
118
97
90
84
79
90
92
82
96
110
107
93
94
96
87
86
75
73
78
77
76
67
59
63
42
49
59
44
42
49
51
56
36
15
24
12
7
8
12
4
15
27
26
22
8
14
-11
-8
8
24
12
27
48
37
28
7
6
11
19
6
18
15
-5
15
11
7
22
9
-2
-12
-35
-59
-71
-78
-98
-102
-104
-81
-396
-961
-864
-1033
-615
-146
-407
-480
-1070
-1307
-1831
-2468
-3164
-3001
-2618
-2698
-1891
-1568
-1146
-753
-671
-755
-1141
-615
-250
486
693
942
2410
2079
1751
1800
1111
1573
1854
2567
2302
2200
3000
2203
2671
2050
1389
1195
790
656
-3
368
-277
-395
-445
-700
-851
-1309
-1044
-1526
-1282
-1297
-1442
-1311
-1516
-1259
-1400
-1398
-1439
-1473
-1356
-1082
-743
-530
-36
306
451
218
453
606
1101
1727
1966
2338
2419
2695
2486
2309
2325
2149
2529
2559
2664
2800
2687
3084
2734
2842
2629
2220
1973
1311
954
415
88
-132
-557
-599
-835
-1057
-1297
-1714
-2214
-2612
-2942
-3333
-3296
-3325
-3263
-3121
-3088
-3037
-3108
-3072
-3211
-3332
-3324
-3411
-3153
-2888
-2459
-1918
-1421
-953
-568
-336
-287
15
265
437
842
1204
1816
2604
3201
3915
4681
5420
5749
6255
6544
6521
7057
6881
7327
7111
7112
5885
5042
4339
3495
3581
2889
2564
2229
1361
559
-991
-1595
-2595
-2980
-3501
-4606
-4961
-5623
-5626
-5917
-5679
-5605
-5505
-5340
-5736
-5487
-5194
-4537
-3774
-3343
-2791
-2597
-2125
-1734
-1501
-979
-805
-370
-498
-425
-403
-259
75
-67
-73
-403
-560
-982
-1157
-1214
-1143
-942
-842
-570
-412
-275
239
403
917
1414
2114
2911
3588
4628
5360
6378
7343
7637
8649
8846
8910
8400
6856
6053
5205
4979
4857
4583
4804
4363
4045
2627
1725
891
26
-777
-2239
-3418
-4608
-5248
-5825
-6193
-5814
-5855
-5544
-5924
-6164
-6071
-5997
-5555
-5481
-4973
-4920
-4599
-4184
-3795
-2624
-1862
-1008
-709
-667
-697
-664
-392
-137
383
688
1097
1199
1186
1282
1227
1138
590
-196
-1116
-1888
-2388
-2512
-2080
-1530
-839
-304
182
588
891
1225
1446
1700
1866
2082
2621
3090
4297
5509
7078
8338
9758
9750
9530
8248
7253
6390
5528
5013
4602
4394
4071
3429
2852
2068
1915
1042
124
-1480
-3055
-4378
-5851
-6522
-7283
-7040
-7127
-7088
-6970
-6888
-6354
-6102
-5759
-5718
-5736
-5862
-6097
-5795
-5414
-4403
-3532
-2605
-1742
-1053
-470
-2
236
579
484
427
64
-84
-321
-36
21
257
306
336
428
418
405
515
587
548
481
573
788
1368
1969
2824
3842
4665
5593
6170
7104
7628
8521
8877
9315
8253
7218
6377
5594
5530
4908
4979
5060
4636
3764
2531
1782
1146
512
-769
-2224
-3573
-5016
-5929
-6931
-6937
-6800
-6562
-6816
-7025
-6941
-6474
-6079
-5617
-5410
-5120
-5138
-5344
-5248
-4483
-3737
-3105
-2439
-1981
-1427
-962
-771
54
268
414
373
130
103
94
337
517
493
209
60
-122
-291
-319
-109
-41
-53
-332
-95
211
740
1300
1849
2629
3073
3805
4471
5376
6289
7043
7877
8486
8454
7364
6981
6365
6079
5622
4899
5049
4702
4137
3432
2519
2404
1691
1241
-241
-1121
-2558
-3505
-4677
-5789
-5934
-6365
-6484
-6855
-6957
-6125
-5792
-5187
-4871
-4286
-4127
-4366
-4415
-4417
-3650
-3728
-3265
-3128
-2609
-2197
-1784
-994
-302
100
393
359
266
10
28
-199
-365
-1081
-1265
-1591
-1893
-1873
-1732
-1237
-1325
-1142
-1049
-691
-427
-82
451
967
1738
2108
3173
3950
4946
6002
6953
7957
8710
8114
7667
7482
6836
6721
5838
5732
5556
5022
4617
3819
3677
3445
3353
2547
1472
547
-949
-1644
-3592
-3978
-4705
-5133
-5624
-6039
-5502
-4958
-4584
-4050
-3562
-3212
-3616
-3734
-4177
-3921
-4107
-4437
-4140
-4175
-3761
-3572
-3103
-2221
-1773
-1427
-1220
-1275
-1435
-1490
-1650
-1890
-2277
-2797
-2880
-3451
-3438
-3223
-2756
-2452
-2370
-1993
-1450
-1138
-724
-34
539
1322
1818
2616
3620
4422
5465
6549
7355
8539
7944
7824
7816
7312
7550
6642
6615
6227
5876
5409
4620
4493
4253
4350
3530
2732
2082
861
637
-1225
-1530
-2527
-3099
-4018
-4761
-4538
-4453
-4117
-4095
-3474
-3203
-3251
-3163
-3390
-3004
-3290
-3691
-3905
-4257
-4348
-4623
-4518
-4244
-3724
-3688
-3298
-3176
-2936
-2701
-2718
-2654
-3131
-3589
-3976
-4665
-4988
-5139
-4947
-4866
-4503
-4029
-2970
-2132
-1363
131
831
2172
2507
3646
4323
5108
5797
6761
7617
8798
8649
8746
9254
9235
9670
9317
9231
8957
8393
7576
6651
5939
5751
5326
4787
3625
3347
2003
1877
41
-360
-1429
-2398
-3562
-4631
-4780
-5040
-4999
-5101
-4629
-4552
-4699
-4797
-4958
-4796
-5022
-5491
-5715
-6143
-6211
-6557
-6464
-6210
-5711
-5631
-5258
-5082
-4857
-4403
-4361
-3974
-4153
-4172
-4317
-4556
-4674
-4439
-4086
-3796
-3362
-2816
-1958
-1033
-328
1123
2115
3267
4172
5039
6309
6972
7766
8755
9383
10423
10268
9827
10240
9555
10064
9056
9159
8595
8190
7384
6284
5746
5183
4944
4191
3059
2594
1095
817
-1030
-1548
-2506
-3500
-4418
-5716
-5647
-6179
-6013
-6350
-5786
-5500
-5604
-5416
-5507
-4995
-5078
-5301
-5319
-5693
-5717
-6188
-6187
-5937
-5542
-5209
-4884
-4274
-3886
-3029
-2850
-2207
-2113
-2219
-2164
-2762
-2891
-3092
-3044
-3051
-3012
-2564
-1830
-1105
-242
1057
2176
3357
4105
5033
5921
6499
6862
7445
7855
8438
8551
7682
8560
7931
8510
7978
7764
7860
7227
6898
5766
5289
4882
4272
3918
2405
2359
968
799
-474
-1289
-1489
-2755
-3003
-4405
-4109
-4573
-4700
-4899
-4735
-4369
-4632
-4487
-4543
-4208
-4059
-4539
-4317
-4773
-4742
-5091
-5370
-5073
-5155
-4950
-5134
-4825
-4782
-4240
-4151
-3805
-3479
-3727
-3515
-4033
-4158
-4119
-4345
-4292
-4471
-4174
-3621
-3037
-2285
-1073
248
1360
2598
3508
5000
5832
6677
7610
8265
9104
9239
8411
9089
8487
9078
8483
8446
8437
8138
7771
6957
6666
6354
6096
5541
4397
4020
2869
2389
1189
176
-248
-1681
-2290
-3782
-3719
-4307
-4489
-4762
-4635
-4248
-4469
-4299
-4387
-4086
-4238
-4760
-4911
-5429
-5661
-6167
-6589
-6384
-6390
-6223
-6279
-5788
-5519
-4953
-4674
-4428
-3986
-4218
-3929
-4396
-4359
-4330
-4372
-4322
-4334
-3924
-3273
-2720
-1954
-900
536
1473
2685
3884
5387
6578
7332
8458
8935
9811
9552
8785
9237
8366
8906
7966
7965
7857
7441
7309
6345
6450
6097
6054
5341
4124
3829
2365
1991
358
-412
-1105
-2538
-3150
-4581
-4264
-4866
-4761
-5006
-4714
-4346
-4659
-4314
-4375
-3806
-3865
-4265
-4216
-4709
-4758
-5272
-5504
-5308
-5257
-5261
-5317
-4956
-4619
-4002
-3705
-3420
-2905
-3149
-2940
-3422
-3497
-3506
-3712
-3877
-4114
-3958
-3662
-3344
-2728
-1767
-410
398
1781
2796
4299
5545
6175
7625
7863
8967
7805
7938
7646
7051
7498
6236
7176
6338
6573
6044
5611
6165
5812
6444
5174
4873
4183
3124
2789
758
997
-756
-1357
-2925
-3474
-3385
-4085
-3759
-4204
-3391
-3683
-3605
-3375
-3305
-2615
-3078
-3106
-3497
-3839
-4211
-4874
-5043
-5119
-5229
-5620
-5513
-5266
-4784
-4179
-3829
-3177
-2994
-2918
-2813
-3222
-3213
-3540
-3864
-4348
-4711
-4674
-4415
-4038
-3368
-2074
-839
176
1699
2887
4595
5402
6425
7325
7840
8326
7157
7764
6887
7032
6662
5980
6447
5677
6053
5268
5458
5699
5838
6181
5077
5285
4255
3969
2943
1606
1564
-175
-659
-2433
-2439
-2969
-3298
-3356
-3568
-2807
-3197
-2763
-2806
-2398
-2011
-2521
-2493
-3093
-3346
-3902
-4657
-4927
-5157
-5442
-5978
-5789
-5726
-5173
-4800
-4497
-3753
-3689
-3391
-3276
-3441
-3305
-3666
-3860
-4313
-4573
-4461
-4260
-3943
-3358
-1998
-1034
331
1476
3079
4591
5505
6804
7556
8718
8165
7867
7984
7110
7354
6198
6341
5862
5498
5279
4665
5121
4980
5950
5490
5296
5174
4639
4692
3104
2903
1943
868
-363
-1786
-1818
-2763
-2853
-3418
-3036
-2902
-3159
-2631
-2689
-1891
-1845
-1986
-2173
-2717
-3008
-3841
-4475
-4923
-5304
-5902
-6451
-6431
-6386
-5755
-5470
-4823
-4086
-3892
-3315
-3248
-3025
-2961
-3198
-3475
-4086
-4337
-4442
-4252
-4147
-3455
-2327
-1210
169
1603
3556
4977
6405
7509
8666
9112
8323
8585
7778
7524
6880
6031
6069
5041
4893
4170
4173
4197
4660
5204
4666
5029
4486
4807
4153
3231
3073
1852
915
-953
-1570
-2325
-3039
-3432
-3795
-3330
-3662
-3242
-2962
-2427
-1661
-1667
-1483
-1894
-2234
-2843
-3644
-4401
-4926
-5604
-6440
-6834
-7005
-6763
-6194
-5885
-4878
-4472
-3844
-3237
-2910
-2453
-2441
-2425
-2905
-3297
-3683
-3690
-3634
-3489
-2603
-1774
-533
709
2414
4221
5588
7269
8380
9698
9317
9206
9084
8023
7911
6453
6249
5318
4422
4049
3160
3525
3285
4211
3992
4140
4171
3939
4401
3181
3242
2399
1463
213
-1243
-1648
-2780
-3077
-3779
-3678
-3723
-3814
-3202
-2944
-1984
-1528
-1186
-1106
-1418
-1697
-2389
-3036
-3735
-4368
-5196
-6000
-6362
-6572
-6361
-6023
-5501
-4775
-4487
-3694
-3288
-2704
-2403
-2295
-2290
-2831
-3074
-3458
-3471
-3670
-3344
-2708
-1983
-697
462
2384
3779
5562
7048
8571
9442
9080
9906
8937
8811
7841
6739
6430
4785
4372
3143
3052
2722
3092
3530
3168
3906
3364
4096
3403
3029
2783
1639
908
-865
-1428
-2530
-3216
-3842
-4268
-4114
-4663
-4092
-3924
-3088
-2323
-1790
-1201
-1169
-1167
-1374
-1915
-2397
-3015
-3900
-4757
-5554
-5986
-6230
-6085
-5818
-5193
-4827
-4393
-3563
-3144
-2322
-2174
-1822
-1952
-2340
-2521
-2931
-2984
-3181
-2856
-2498
-1748
-703
671
2346
3892
5728
7249
8839
8882
9511
9643
9120
9094
7737
7585
6214
5117
4038
3144
2975
2547
3251
2738
3352
3233
3531
3948
3253
3627
2695
2124
673
-412
-1289
-2496
-3035
-4037
-4004
-4664
-4731
-4398
-4161
-3211
-2819
-1971
-1624
-1419
-1392
-1522
-1888
-2264
-2880
-3797
-4559
-5343
-5824
-5991
-5940
-5476
-5047
-4651
-3908
-3168
-2326
-1621
-1266
-901
-1136
-1412
-1666
-2062
-2326
-2518
-2349
-2049
-1518
-527
856
2215
4075
5534
7368
8105
8323
9143
8582
8642
7810
7139
6525
4963
4091
2667
2415
1693
2040
2002
1905
2504
2264
3269
2879
3173
3016
2327
1591
115
-412
-1756
-2435
-3327
-3897
-4169
-5019
-4588
-4694
-3965
-3451
-2873
-2136
-1916
-1654
-1683
-1745
-2042
-2365
-3078
-3862
-4476
-5141
-5436
-5646
-5482
-5094
-4892
-4369
-3639
-2756
-1886
-1224
-606
-342
-384
-480
-725
-972
-1382
-1468
-1466
-1143
-588
429
1703
3091
4728
6163
7561
7706
8502
8681
8291
8236
7058
6873
5455
4197
3017
1926
1646
1061
1453
1011
1580
1617
2121
2595
2341
2996
2468
2088
1043
268
-452
-1640
-2141
-3180
-3200
-4126
-4188
-4024
-3810
-3027
-2706
-1838
-1439
-1115
-1077
-1140
-1288
-1640
-2068
-3092
-3684
-4427
-4946
-5243
-5481
-5070
-4997
-4658
-4158
-3481
-2700
-2036
-1525
-1090
-944
-909
-945
-1018
-1329
-1309
-1547
-1379
-1069
-566
586
1502
3002
4451
5954
6946
7191
8236
8012
8151
7720
6901
6630
4892
3943
2479
1761
1169
898
939
557
1249
1248
2100
2157
2507
2902
2409
2061
925
553
-511
-1322
-2094
-2848
-3107
-4074
-3844
-4076
-3488
-3042
-2568
-1813
-1599
-1181
-1260
-1224
-1476
-1711
-2356
-3344
-3901
-4757
-5064
-5603
-5622
-5392
-5333
-4930
-4463
-3624
-2906
-2227
-1676
-1247
-1100
-969
-962
-1063
-1182
-1224
-1259
-1153
-819
32
968
2108
3549
4926
6520
7042
7565
8324
8065
8271
7548
6960
6282
4669
3721
2317
1711
1114
999
731
611
1020
1256
1903
1951
2453
2649
2271
1762
902
515
-442
-1129
-2013
-2583
-3122
-3816
-3680
-3934
-3273
-2986
-2382
-1873
-1617
-1218
-1263
-1209
-1452
-1655
-2513
-3391
-4089
-4943
-5225
-5884
-5753
-5703
-5654
-5166
-4653
-3740
-2974
-2175
-1651
-1228
-1052
-911
-803
-1025
-998
-1089
-917
-808
-258
656
1519
2773
3950
5542
6693
7077
7890
8219
8204
8190
7459
6961
5985
4453
3405
2073
1482
1004
804
465
392
753
1109
1622
1805
2329
2450
1942
1393
712
289
-623
-1305
-2107
-2639
-3305
-3786
-3775
-3870
-3224
-2989
-2383
-2106
-1793
-1483
-1561
-1589
-1811
-2100
-3161
-3889
-4741
-5391
-5752
-6373
-6102
-6214
-6013
-5510
-4945
-4001
-3212
-2364
-1814
-1417
-1212
-849
-719
-825
-654
-653
-428
-281
441
1390
2378
3752
5036
6689
7582
7933
8810
8921
9024
8818
8075
7588
6260
4927
3720
2392
1771
1139
843
307
351
520
957
1254
1415
1905
1810
1324
636
80
-529
-1391
-2173
-2994
-3456
-4241
-4438
-4556
-4329
-3655
-3276
-2581
-2393
-1894
-1700
-1703
-1828
-1939
-2426
-3488
-4096
-5040
-5365
-5875
-6280
-5995
-6171
-5840
-5420
-4736
-3914
-3088
-2289
-1758
-1257
-1045
-573
-674
-679
-558
-451
-198
29
952
1970
3009
4331
5698
7257
8151
8545
9365
9542
9503
9351
8555
7995
6671
5214
3988
2489
1949
1228
1001
364
444
736
1043
1325
1434
1873
1647
1081
335
-341
-929
-1885
-2678
-3514
-4005
-4738
-4965
-5100
-4834
-4118
-3752
-3036
-2812
-2239
-1994
-1983
-2002
-2081
-2514
-3513
-4196
-5078
-5425
-6019
-6331
-6079
-6279
-5917
-5455
-4727
-3974
-3037
-2261
-1628
-1216
-961
-380
-451
-324
-263
-90
21
237
1018
1996
3101
4305
5955
7402
8470
8881
9599
9993
9768
9728
8866
8230
7072
5553
4401
2778
2210
1439
1143
464
310
652
829
1155
1136
1595
1496
929
184
-506
-1001
-1963
-2777
-3673
-4288
-4996
-5438
-5510
-5347
-4565
-4174
-3422
-3069
-2490
-2015
-1971
-1861
-1965
-2288
-3202
-3941
-4739
-5222
-5706
-6184
-5943
-6111
-5862
-5372
-4805
-3948
-3151
-2348
-1712
-1322
-983
-391
-406
-370
-291
-202
-32
168
820
1882
2869
4163
5630
6987
8312
8685
9354
9936
9732
9829
9146
8435
7551
5994
4895
3308
2531
1876
1438
856
425
733
871
1130
1106
1262
1371
818
41
-638
-1212
-2005
-2929
-3808
-4513
-5131
-5648
-5796
-5716
-5080
-4592
-3907
-3492
-2910
-2343
-2152
-1964
-2040
-2142
-2842
-3633
-4225
-4760
-5133
-5672
-5644
-5649
-5601
-5061
-4601
-3830
-3055
-2365
-1717
-1391
-1028
-575
-383
-450
-369
-166
-86
105
580
1501
2610
3655
5031
6448
7792
8668
9004
9883
9869
9868
9610
8612
8109
6755
5451
4237
2858
2488
1786
1339
776
886
1170
1209
1308
1256
1498
1141
303
-355
-1116
-1783
-2827
-3821
-4603
-5235
-5794
-6077
-5991
-5684
-5005
-4525
-3945
-3445
-2752
-2425
-2239
-2208
-2207
-2515
-3360
-3906
-4383
-4896
-5252
-5571
-5455
-5440
-5213
-4719
-4154
-3374
-2654
-1965
-1514
-1131
-715
-363
-450
-463
-401
-329
-406
-227
600
1508
2693
3830
5394
6838
8073
8986
9368
10063
10032
9926
9473
8435
7940
6716
5425
4162
3117
2853
2180
1844
1576
1871
2059
2001
2032
1992
1923
1527
727
-107
-968
-1810
-2893
-3967
-4787
-5369
-5885
-6226
-6295
-5964
-5334
-4946
-4344
-3810
-3241
-3068
-2960
-2942
-2957
-3392
-4059
-4483
-5040
-5457
-5772
-5945
-5674
-5637
-5241
-4743
-4111
-3372
-2655
-1952
-1443
-968
-612
-410
-336
-286
-134
-128
-31
330
1149
2174
3227
4546
6004
7269
8549
9294
9682
10397
10157
10048
9459
8519
7969
6710
5475
4363
3392
3078
2439
2244
2031
2287
2418
2316
2279
2002
1939
1472
528
-299
-1327
-2157
-3320
-4458
-5152
-5708
-6106
-6531
-6465
-6158
-5505
-5059
-4515
-3995
-3565
-3304
-3344
-3322
-3330
-3733
-4216
-4735
-5158
-5498
-5607
-5698
-5437
-5285
-4971
-4367
-3963
-3063
-2370
-1680
-1128
-844
-449
-177
-67
-72
111
188
356
847
1591
2656
3651
4798
6128
7227
8480
9144
9483
10068
10008
9779
9297
8365
7860
6816
5596
4558
3541
3351
2783
2596
2370
2452
2673
2380
2241
1986
1948
1554
520
-287
-1289
-1953
-3139
-4138
-4725
-5235
-5627
-6236
-6215
-5942
-5351
-4969
-4581
-4060
-3650
-3460
-3482
-3428
-3277
-3472
-3980
-4515
-4849
-5134
-5327
-5546
-5376
-5238
-5089
-4801
-4385
-3671
-2955
-2378
-1915
-1460
-1015
-593
-459
-289
-25
192
305
571
1240
2178
3140
4164
5476
6797
8040
8870
9122
9869
9910
9791
9424
8662
8323
7539
6233
5333
4331
4066
3505
3041
2778
2755
2765
2368
2193
2054
1911
1511
500
-292
-1168
-2083
-3035
-4204
-4716
-5396
-5910
-6555
-6643
-6449
-6037
-5708
-5345
-4760
-4395
-4136
-4025
-3839
-3537
-3709
-4061
-4468
-4697
-4929
-5227
-5321
-5178
-4986
-4969
-4578
-4202
-3495
-2921
-2429
-1819
-1271
-757
-313
-30
275
547
722
788
1062
1656
2507
3279
4157
5243
6566
7498
8557
9027
9451
10044
9658
9650
9162
8597
8296
7141
6242
5414
4584
4197
3483
3291
2874
2787
2508
2176
2041
1601
1374
816
-237
-934
-1940
-2680
-3731
-4585
-5174
-5823
-6277
-6764
-6722
-6597
-6235
-5908
-5491
-5120
-4802
-4476
-4253
-4013
-3847
-3944
-4152
-4472
-4618
-4846
-4879
-4955
-4746
-4765
-4657
-4287
-3964
-3286
-2756
-2021
-1351
-896
-354
159
539
832
1064
1230
1342
1567
2052
2841
3459
4439
5459
6561
7553
8504
8907
9505
9786
9630
9597
8978
8524
8071
6999
6157
5191
4508
4065
3315
2975
2578
2507
2125
1765
1498
1061
782
11
-892
-1603
-2512
-3236
-4347
-4976
-5556
-6052
-6513
-6954
-6830
-6640
-6324
-6043
-5657
-5140
-4763
-4438
-4206
-3807
-3577
-3679
-3849
-4092
-4148
-4368
-4517
-4555
-4482
-4574
-4416
-4135
-3675
-2977
-2431
-1704
-1131
-588
95
562
982
1274
1442
1492
1417
1592
2138
2796
3378
4312
5356
6445
7394
8229
8645
9349
9485
9441
9275
8788
8491
7977
6870
6058
5058
4412
3788
3108
2794
2412
2273
1770
1487
1173
856
560
-234
-942
-1669
-2538
-3239
-4255
-4769
-5378
-5847
-6447
-6702
-6623
-6490
-6073
-5783
-5260
-4803
-4479
-4053
-3731
-3318
-3111
-3214
-3391
-3623
-3807
-4084
-4212
-4343
-4379
-4557
-4448
-4181
-3731
-3176
-2586
-1877
-1248
-673
-27
464
850
1085
1142
1112
1027
1250
1690
2168
2783
3590
4660
5714
6711
7607
8079
8851
9034
9105
9056
8720
8587
8009
6884
6100
5066
4467
3736
3077
2716
2309
2085
1555
1263
1031
743
547
-241
-913
-1582
-2378
-3137
-4117
-4545
-5209
-5755
-6465
-6761
-6699
-6578
-6282
-5984
-5444
-4987
-4597
-4168
-3782
-3227
-3085
-3138
-3302
-3495
-3712
-4018
-4184
-4318
-4369
-4660
-4581
-4320
-3827
-3265
-2650
-1892
-1249
-604
101
599
1014
1278
1379
1285
1181
1250
1652
1988
2571
3531
4649
5685
6698
7391
8160
8861
9041
9287
9240
9053
8814
8009
6995
6160
5149
4513
3578
2887
2354
1943
1583
1090
911
729
529
260
-525
-867
-1616
-2223
-2973
-3771
-4213
-5034
-5575
-6308
-6473
-6507
-6364
-6066
-5749
-5184
-4791
-4274
-3727
-3242
-2686
-2698
-2687
-2922
-3168
-3495
-3835
-4026
-4255
-4546
-4814
-4620
-4404
-3859
-3329
-2635
-1858
-1210
-447
203
760
1107
1232
1150
898
813
757
1152
1533
2276
3298
4304
5496
6595
7368
8285
8852
9140
9353
9251
9061
8705
7816
6718
5824
4732
3953
3054
2370
1901
1512
1161
806
667
623
489
304
-395
-762
-1510
-2100
-2852
-3660
-4124
-4926
-5515
-6186
-6393
-6372
-6163
-5846
-5475
-4886
-4463
-3926
-3383
-2930
-2437
-2574
-2607
-2971
-3293
-3620
-4077
-4332
-4589
-4886
-5047
-4913
-4602
-4063
-3475
-2761
-1995
-1317
-695
-74
382
576
648
425
292
189
429
938
1447
2391
3456
4674
5869
6923
7698
8701
9210
9562
9644
9578
9227
8737
7671
6708
5687
4694
3884
3008
2375
1940
1594
1333
1017
1049
952
860
459
-170
-505
-1350
-1889
-2859
-3475
-4150
-4867
-5532
-6111
-6230
-6217
-5936
-5652
-5266
-4669
-4296
-3705
-3382
-2884
-2661
-2857
-2949
-3421
-3646
-4099
-4433
-4656
-4920
-5204
-5225
-5024
-4698
-4236
-3675
-2956
-2287
-1762
-1110
-608
-142
41
208
131
57
156
505
979
1557
2568
3730
5010
6238
7224
8149
9020
9449
9787
9781
9683
9344
8693
7508
6505
5392
4542
3609
2732
2180
1739
1413
1054
900
991
915
788
259
-228
-727
-1448
-2058
-2965
-3474
-4284
-4971
-5718
-6129
-6151
-6111
-5837
-5532
-5066
-4583
-4237
-3701
-3312
-2806
-2766
-2923
-3150
-3596
-3798
-4313
-4555
-4812
-5081
-5283
-5283
-5137
-4653
-4190
-3599
-2920
-2328
-1728
-1223
-730
-266
-78
52
70
149
358
725
1237
1941
3022
4102
5435
6599
7528
8481
9181
9507
9628
9621
9357
8919
8104
6840
6013
4799
3967
3099
2259
1915
1411
1229
881
890
971
890
815
158
-133
-791
-1458
-2126
-2949
-3426
-4269
-4832
-5475
-5717
-5682
-5558
-5185
-4932
-4408
-4024
-3615
-3179
-2883
-2482
-2680
-2798
-3116
-3508
-3737
-4199
-4393
-4646
-4941
-5151
-5075
-4821
-4480
-4033
-3550
-3009
-2601
-2076
-1517
-1030
-646
-399
-214
-169
-60
202
766
1370
2209
3358
4625
5749
6935
7660
8576
9091
9311
9402
9242
8918
8423
7417
6379
5406
4391
3700
2835
2262
1876
1578
1328
1122
1127
1220
1094
886
267
-15
-736
-1296
-2014
-2659
-3171
-3887
-4426
-4958
-5053
-5016
-4783
-4583
-4258
-3861
-3546
-3244
-2966
-2750
-2477
-2771
-2936
-3301
-3641
-3965
-4325
-4562
-4787
-5085
-5293
-5229
-5108
-4726
-4462
-4000
-3469
-3113
-2578
-2118
-1643
-1193
-940
-638
-585
-232
147
807
1481
2358
3552
4749
5897
6951
7652
8561
8921
9141
9154
9007
8645
8015
7043
6125
5239
4376
3765
3001
2594
2191
1942
1702
1565
1586
1614
1468
1120
555
212
-517
-1048
-1770
-2358
-2894
-3603
-4106
-4585
-4674
-4656
-4469
-4324
-4074
-3824
-3604
-3417
-3143
-2990
-2908
-3166
-3409
-3779
-4110
-4418
-4740
-5012
-5255
-5602
-5798
-5663
-5540
-5233
-4920
-4504
-4081
-3657
-3090
-2546
-1955
-1467
-1072
-741
-397
0
541
1227
1987
2939
4204
5295
6441
7264
7972
8743
8913
9176
9065
8910
8541
7877
6962
6176
5313
4689
3920
3336
2792
2513
2214
1932
1795
1781
1713
1450
975
518
109
-548
-1069
-1763
-2210
-2851
-3413
-3982
-4285
-4410
-4378
-4365
-4290
-4127
-3946
-3783
-3678
-3492
-3356
-3413
-3704
-3924
-4198
-4439
-4770
-5020
-5295
-5506
-5917
-5984
-5872
-5704
-5479
-5199
-4844
-4398
-3950
-3274
-2654
-2041
-1487
-1039
-584
-227
369
890
1682
2426
3423
4576
5571
6563
7363
8045
8719
8882
8969
9013
8807
8502
7880
6985
6346
5481
4908
4205
3583
3231
2658
2469
2008
1943
1920
1733
1600
1048
750
216
-346
-856
-1458
-1861
-2498
-3086
-3635
-3916
-4073
-4175
-4119
-4158
-4020
-3989
-3912
-3798
-3700
-3585
-3727
-3905
-4159
-4379
-4633
-4977
-5175
-5485
-5746
-6081
-6170
-6060
-6002
-5734
-5486
-5052
-4617
-4172
-3509
-2864
-2185
-1635
-1089
-602
-2
560
1319
2076
2851
3920
4954
5869
6889
7407
8197
8647
8828
9019
8961
8763
8408
7780
7047
6411
5679
5161
4451
3959
3478
3103
2741
2445
2316
2238
2057
1771
1258
971
418
-103
-662
-1224
-1674
-2313
-2827
-3371
-3637
-3868
-3889
-4046
-4072
-4069
-4041
-4017
-3986
-3912
-3864
-4078
-4283
-4499
-4723
-4960
-5269
-5494
-5761
-6018
-6321
-6261
-6245
-6075
-5846
-5567
-5170
-4744
-4218
-3546
-2889
-2231
-1570
-991
-364
254
922
1748
2468
3315
4347
5282
6201
7071
7589
8406
8667
8880
9057
8912
8785
8403
7700
7168
6427
5888
5260
4673
4196
3675
3376
2859
2661
2499
2374
2135
1735
1278
899
311
-155
-764
-1211
-1785
-2409
-2982
-3444
-3717
-3950
-4046
-4239
-4234
-4353
-4344
-4383
-4285
-4236
-4214
-4398
-4556
-4765
-4933
-5184
-5414
-5600
-5809
-6076
-6252
-6181
-6157
-5947
-5746
-5398
-4945
-4441
-3810
-3097
-2429
-1695
-1110
-456
151
761
1486
2233
2943
3844
4786
5608
6512
7183
7784
8379
8612
8886
8946
8895
8700
8267
7641
7073
6418
5871
5240
4651
4157
3660
3227
2861
2607
2477
2291
2037
1671
1242
835
313
-169
-755
-1243
-1842
-2454
-3028
-3470
-3755
-3983
-4178
-4342
-4392
-4444
-4450
-4410
-4348
-4290
-4335
-4503
-4656
-4861
-5023
-5260
-5487
-5685
-5931
-6159
-6239
-6172
-6056
-5839
-5568
-5163
-4701
-4189
-3565
-2876
-2213
-1554
-917
-325
321
955
1735
2344
3148
3916
4853
5656
6521
7087
7777
8231
8503
8694
8703
8677
8379
7942
7320
6824
6214
5691
5058
4525
4081
3642
3241
2949
2712
2682
2390
2195
1754
1444
978
474
-34
-606
-1110
-1777
-2368
-2985
-3300
-3661
-3854
-4055
-4175
-4289
-4329
-4363
-4291
-4249
-4245
-4388
-4569
-4763
-5004
-5149
-5384
-5575
-5800
-6000
-6178
-6179
-6104
-5931
-5697
-5372
-5023
-4541
-3991
-3404
-2678
-2010
-1378
-747
-170
486
1194
1830
2524
3320
4182
5064
5869
6721
7321
8001
8357
8611
8735
8781
8629
8395
7855
7333
6815
6186
5673
5108
4657
4213
3771
3426
3131
3001
2807
2547
2316
1866
1501
949
442
-152
-665
-1287
-1931
-2568
-3097
-3493
-3865
-4050
-4261
-4368
-4510
-4599
-4613
-4597
-4625
-4681
-4820
-5000
-5225
-5411
-5604
-5787
-5968
-6137
-6307
-6372
-6328
-6197
-5950
-5664
-5279
-4853
-4355
-3835
-3159
-2449
-1775
-1108
-420
224
923
1635
2311
3136
3934
4803
5537
6388
7006
7572
8092
8405
8639
8762
8652
8447
8049
7500
7079
6461
5996
5438
4915
4514
3989
3664
3330
3065
2896
2607
2410
1951
1667
1161
707
235
-367
-935
-1564
-2162
-2772
-3164
-3536
-3788
-3975
-4192
-4313
-4386
-4395
-4416
-4432
-4458
-4609
-4757
-4982
-5178
-5332
-5509
-5697
-5856
-6027
-6130
-6139
-6068
-5919
-5632
-5326
-4973
-4499
-4021
-3422
-2772
-2123
-1534
-865
-217
439
1114
1809
2509
3277
4058
4895
5683
6544
7150
7742
8193
8494
8643
8659
8563
8334
7911
7355
6868
6201
5771
5218
4732
4296
3890
3550
3197
2993
2787
2568
2326
1858
1466
1006
520
-70
-650
-1228
-1874
-2480
-3089
-3467
-3843
-4040
-4257
-4434
-4512
-4614
-4643
-4676
-4702
-4742
-4833
-5068
-5282
-5474
-5608
-5797
-5971
-6116
-6222
-6296
-6271
-6122
-5893
-5576
-5277
-4894
-4418
-3902
-3276
-2647
-2012
-1405
-765
-156
523
1200
1934
2717
3502
4327
5165
5900
6742
7282
7880
8326
8583
8728
8700
8523
8297
7777
7265
6804
6185
5742
5148
4744
4257
3869
3485
3186
2959
2706
2447
2152
1707
1297
814
301
-265
-878
-1462
-2125
-2718
-3257
-3597
-3995
-4151
-4415
-4542
-4650
-4767
-4781
-4830
-4892
-4954
-5087
-5290
-5441
-5610
-5718
-5882
-5990
-6129
-6140
-6174
-6094
-5928
-5685
-5395
-5068
-4646
-4180
-3687
-3105
-2511
-1903
-1253
-596
74
768
1549
2295
3136
3953
4810
5618
6370
7118
7729
8192
8598
8798
8921
8838
8634
8346
7860
7341
6847
6249
5767
5317
4834
4393
3974
3602
3262
2969
2658
2323
1976
1484
1012
512
-46
-566
-1170
-1730
-2328
-2871
-3404
-3763
-4115
-4309
-4521
-4700
-4849
-4973
-5022
-5124
-5207
-5238
-5330
-5496
-5630
-5771
-5820
-5889
-5970
-6013
-5961
-5940
-5861
-5677
-5409
-5075
-4721
-4334
-3872
-3401
-2836
-2244
-1669
-1018
-402
311
1000
1770
2543
3387
4189
5009
5861
6646
7348
7970
8348
8722
8878
8903
8846
8566
8258
7815
7221
6696
6151
5578
5131
4637
4176
3727
3293
2926
2609
2268
1902
1527
1044
481
-7
-573
-1100
-1676
-2285
-2857
-3408
-3932
-4300
-4609
-4806
-4976
-5144
-5222
-5344
-5374
-5415
-5456
-5487
-5544
-5638
-5720
-5811
-5797
-5797
-5817
-5795
-5710
-5641
-5508
-5256
-4981
-4613
-4271
-3914
-3455
-2995
-2521
-1932
-1365
-712
-32
679
1372
2154
2927
3720
4569
5345
6131
6850
7484
8077
8439
8682
8866
8812
8743
8483
8123
7696
7158
6606
6126
5532
5079
4640
4149
3686
3222
2840
2461
2072
1672
1256
821
270
-263
-752
-1267
-1795
-2369
-2881
-3364
-3837
-4183
-4505
-4748
-4912
-5097
-5219
-5340
-5464
-5454
-5529
-5574
-5602
-5681
-5759
-5799
-5784
-5703
-5652
-5615
-5502
-5374
-5214
-5003
-4685
-4393
-4014
-3713
-3305
-2841
-2395
-1846
-1263
-669
-60
609
1315
2037
2819
3622
4387
5163
5924
6571
7245
7735
8176
8427
8518
8521
8405
8187
7867
7487
7013
6530
5976
5446
4918
4457
3987
3509
3064
2600
2190
1806
1344
936
436
15
-594
-1099
-1635
-2149
-2651
-3160
-3602
-4030
-4394
-4755
-5036
-5273
-5438
-5644
-5757
-5905
-5946
-6011
-6026
-6069
-6074
-6038
-5993
-5982
-5837
-5734
-5582
-5422
-5284
-5065
-4797
-4514
-4226
-3868
-3511
-3092
-2641
-2148
-1656
-1055
-481
174
867
1583
2306
3101
3840
4616
5372
6061
6675
7237
7730
8083
8337
8422
8440
8291
8125
7763
7394
6993
6507
5986
5481
4935
4449
3951
3437
2962
2535
2072
1652
1205
706
262
-210
-720
-1244
-1698
-2210
-2682
-3181
-3618
-4013
-4356
-4680
-4985
-5243
-5407
-5619
-5783
-5880
-5959
-5965
-6002
-6041
-5991
-5937
-5842
-5765
-5632
-5468
-5277
-5108
-4918
-4668
-4403
-4099
-3835
-3523
-3116
-2709
-2301
-1809
-1341
-772
-208
383
984
1659
2324
3032
3715
4437
5142
5761
6379
6902
7379
7717
7995
8138
8150
8075
7923
7604
7331
6915
6469
6040
5508
4995
4494
3958
3470
2990
2535
2047
1618
1170
658
235
-261
-680
-1143
-1637
-2156
-2583
-3102
-3570
-3948
-4334
-4685
-5041
-5343
-5610
-5837
-5986
-6119
-6207
-6226
-6252
-6265
-6212
-6132
-6000
-5834
-5673
-5512
-5271
-5054
-4829
-4545
-4217
-3898
-3564
-3196
-2809
-2366
-1937
-1464
-965
-431
87
650
1198
1802
2392
3026
3690
4286
4937
5529
6052
6570
6985
7340
7645
7799
7858
7838
7680
7450
7199
6841
6465
6011
5538
5018
4488
4019
3432
2967
2517
2011
1571
1126
631
183
-236
-686
-1138
-1572
-2069
-2542
-2996
-3488
-3878
-4284
-4672
-5040
-5355
-5660
-5910
-6113
-6219
-6301
-6318
-6361
-6358
-6268
-6164
-6000
-5781
-5572
-5355
-5086
-4871
-4584
-4265
-3944
-3622
-3219
-2873
-2471
-2024
-1597
-1114
-593
-103
428
927
1491
2052
2552
3108
3652
4173
4715
5214
5676
6108
6471
6762
6969
7177
7232
7255
7223
7094
6832
6555
6198
5822
5398
4951
4498
3976
3504
3013
2495
2072
1604
1148
696
227
-226
-669
-1117
-1570
-2007
-2438
-2905
-3366
-3776
-4174
-4556
-4940
-5245
-5567
-5830
-6044
-6222
-6312
-6363
-6403
-6369
-6311
-6206
-6005
-5812
-5581
-5316
-5048
-4755
-4482
-4143
-3763
-3392
-2996
-2574
-2130
-1709
-1244
-782
-289
239
700
1204
1710
2167
2654
3160
3576
4028
4460
4882
5284
5663
6002
6293
6529
6658
6736
6779
6739
6637
6515
6299
6039
5718
5341
5008
4596
4159
3766
3309
2834
2355
1903
1415
972
529
48
-396
-873
-1342
-1799
-2234
-2685
-3084
-3524
-3966
-4339
-4728
-5064
-5361
-5631
-5857
-6027
-6178
-6283
-6294
-6285
-6237
-6119
-5977
-5808
-5567
-5298
-5011
-4645
-4306
-3963
-3539
-3146
-2747
-2294
-1850
-1442
-983
-558
-122
365
841
1308
1776
2267
2718
3191
3665
4127
4560
5000
5400
5738
6059
6304
6470
6603
6677
6670
6621
6474
6292
6104
5844
5520
5187
4821
4456
4048
3630
3212
2809
2357
1896
1410
948
477
13
-450
-944
-1394
-1892
-2368
-2828
-3233
-3649
-4052
-4451
-4801
-5108
-5382
-5659
-5835
-5965
-6076
-6160
-6170
-6139
-6070
-5920
-5754
-5547
-5310
-5017
-4759
-4409
-4048
-3658
-3244
-2845
-2467
-2048
-1637
-1233
-764
-322
105
551
975
1405
1867
2310
2783
3232
3637
4032
4445
4805
5125
5418
5681
5894
6028
6127
6158
6153
6082
5985
5820
5619
5410
5111
4817
4517
4170
3833
3473
3082
2676
2293
1862
1414
992
533
96
-368
-814
-1316
-1767
-2212
-2641
-3041
-3441
-3802
-4145
-4470
-4797
-5072
-5304
-5479
-5638
-5748
-5839
-5869
-5850
-5784
-5635
-5485
-5295
-5037
-4761
-4465
-4123
-3778
-3395
-2980
-2589
-2208
-1806
-1398
-1005
-580
-165
227
635
1039
1444
1836
2252
2656
3033
3425
3791
4132
4414
4709
4923
5122
5273
5364
5426
5454
5397
5320
5218
5078
4923
4736
4508
4277
4031
3752
3462
3163
2848
2506
2156
1782
1411
994
588
141
-284
-699
-1147
-1592
-1997
-2400
-2799
-3196
-3556
-3886
-4200
-4506
-4775
-4998
-5200
-5347
-5468
-5526
-5558
-5547
-5531
-5400
-5268
-5070
-4805
-4545
-4245
-3914
-3562
-3203
-2787
-2405
-2004
-1614
-1211
-804
-400
3
394
787
1152
1538
1915
2295
2657
2986
3329
3674
3954
4213
4439
4657
4788
4900
4957
4970
4975
4903
4795
4680
4546
4386
4267
4069
3889
3713
3498
3285
3032
2773
2505
2184
1875
1542
1178
794
405
6
-398
-777
-1193
-1560
-1932
-2322
-2677
-3009
-3355
-3660
-3934
-4203
-4434
-4642
-4811
-4954
-5056
-5125
-5136
-5125
-5068
-4953
-4790
-4595
-4349
-4081
-3792
-3440
-3115
-2718
-2342
-1964
-1540
-1155
-798
-423
-12
386
760
1115
1469
1834
2152
2450
2774
3070
3319
3590
3831
4014
4194
4312
4384
4468
4465
4424
4394
4315
4199
4109
4003
3864
3749
3604
3432
3255
3075
2881
2653
2427
2152
1880
1614
1284
985
692
335
-5
-333
-696
-1056
-1366
-1715
-2055
-2383
-2739
-3084
-3366
-3644
-3917
-4126
-4355
-4538
-4649
-4756
-4818
-4824
-4786
-4697
-4579
-4420
-4226
-4022
-3794
-3509
-3203
-2911
-2602
-2286
-1941
-1597
-1272
-927
-540
-163
205
587
951
1324
1649
1967
2306
2592
2839
3105
3314
3484
3655
3745
3804
3879
3895
3890
3873
3820
3775
3712
3633
3550
3467
3370
3296
3187
3042
2909
2723
2525
2338
2110
1845
1583
1299
999
695
385
61
-280
-603
-920
-1241
-1580
-1874
-2184
-2507
-2777
-3048
-3312
-3534
-3716
-3909
-4034
-4124
-4190
-4200
-4224
-4225
-4145
-4048
-3943
-3792
-3620
-3415
-3195
-2961
-2696
-2401
-2113
-1800
-1461
-1135
-788
-431
-87
255
583
922
1240
1530
1806
2067
2284
2461
2648
2809
2944
3029
3112
3189
3216
3213
3221
3232
3227
3209
3174
3147
3116
3043
2986
2910
2793
2642
2527
2373
2179
2005
1793
1585
1366
1125
862
607
345
74
-200
-483
-777
-1083
-1377
-1677
-1987
-2276
-2565
-2818
-3055
-3229
-3416
-3560
-3670
-3740
-3743
-3762
-3730
-3656
-3549
-3450
-3326
-3179
-3011
-2818
-2639
-2415
-2196
-1967
-1724
-1470
-1181
-898
-615
-327
-24
268
535
796
1014
1241
1455
1640
1816
1946
2078
2175
2262
2334
2395
2428
2456
2464
2470
2481
2494
2485
2475
2466
2431
2418
2366
2297
2235
2166
2057
1957
1817
1683
1537
1381
1200
1014
822
588
334
73
-178
-446
-719
-1013
-1288
-1590
-1837
-2084
-2289
-2450
-2614
-2736
-2823
-2921
-2951
-2974
-2951
-2877
-2817
-2735
-2669
-2536
-2404
-2272
-2103
-1938
-1779
-1587
-1383
-1175
-934
-688
-443
-201
27
250
451
651
859
1040
1200
1335
1440
1543
1615
1676
1700
1752
1783
1751
1763
1780
1776
1770
1758
1753
1743
1725
1706
1693
1684
1660
1622
1569
1537
1471
1399
1311
1212
1137
1021
901
801
694
558
443
314
143
-15
-209
-395
-564
-763
-973
-1168
-1354
-1546
-1694
-1862
-1972
-2061
-2147
-2188
-2221
-2187
-2159
-2110
-2056
-1968
-1872
-1772
-1649
-1503
-1340
-1205
-1052
-865
-692
-515
-341
-178
-2
179
319
454
615
759
861
980
1093
1165
1234
1271
1301
1334
1352
1338
1333
1333
1340
1331
1303
1287
1280
1249
1227
1191
1149
1096
1027
961
906
867
783
730
655
603
529
466
408
347
292
199
114
5
-126
-286
-412
-538
-673
-835
-985
-1111
-1257
-1395
-1491
-1558
-1614
-1656
-1672
-1663
-1627
-1587
-1541
-1466
-1396
-1336
-1272
-1166
-1072
-962
-836
-718
-596
-464
-325
-194
-48
51
173
278
367
502
587
662
745
825
875
943
975
1004
1058
1060
1060
1068
1075
1051
1043
1047
1048
1012
990
1001
1001
979
942
894
863
836
775
747
691
618
563
498
435
394
329
257
179
112
35
-85
-206
-312
-417
-560
-718
-819
-933
-1067
-1174
-1273
-1335
-1360
-1414
-1431
-1405
-1396
-1358
-1292
-1220
-1165
-1086
-1003
-903
-787
-667
-577
-468
-342
-250
-136
-25
73
155
235
284
371
457
498
545
590
598
609
639
651
661
661
630
614
638
590
563
587
593
591
582
598
602
603
598
576
573
551
534
512
473
437
400
355
306
278
228
186
140
96
48
-8
-78
-155
-237
-343
-454
-542
-633
-747
-837
-933
-992
-1055
-1107
-1143
-1142
-1121
-1102
-1068
-993
-935
-880
-807
-711
-622
-536
-436
-351
-254
-168
-94
-1
104
180
233
285
326
391
438
448
482
505
511
500
504
520
524
512
487
492
473
437
416
410
397
375
357
375
387
360
339
352
368
369
370
372
381
388
372
365
374
343
298
264
210
188
132
71
29
-26
-93
-189
-279
-367
-441
-521
-605
-648
-690
-745
-789
-785
-789
-799
-776
-742
-693
-656
-624
-559
-472
-402
-323
-257
-170
-88
-11
77
170
265
342
415
454
478
498
505
510
493
476
434
406
390
337
290
266
233
210
220
193
195
205
185
168
189
174
169
164
151
151
132
104
83
94
94
105
126
124
131
144
128
95
74
52
17
1
-40
-110
-201
-268
-336
-423
-516
-585
-641
-695
-740
-753
-769
-781
-751
-731
-687
-624
-575
-517
-436
-352
-276
-181
-97
10
109
185
264
347
428
505
564
594
634
681
681
672
690
649
597
585
566
509
476
436
392
361
298
245
206
166
140
110
77
67
57
28
8
-3
3
8
16
26
41
61
58
63
65
73
78
72
78
84
50
10
-20
-84
-142
-200
-262
-326
-372
-451
-512
-541
-579
-607
-616
-608
-612
-593
-573
-537
-509
-479
-441
-385
-327
-261
-178
-94
-5
79
146
237
323
395
473
532
585
619
645
654
668
658
616
574
544
520
472
416
359
295
243
182
125
74
44
14
-14
-24
-25
-47
-55
-58
-43
-42
-42
-24
6
38
55
77
115
162
177
187
221
235
222
205
178
155
111
67
32
-26
-67
-93
-147
-178
-215
-250
-270
-286
-307
-323
-326
-328
-313
-286
-279
-264
-256
-232
-163
-103
-57
-3
42
104
184
260
319
383
448
503
523
525
533
527
513
469
426
403
355
276
225
182
117
63
16
-10
-35
-108
-140
-128
-139
-137
-151
-148
-141
-117
-108
-68
-23
-6
37
63
104
143
159
179
214
244
251
241
235
215
195
159
119
93
63
25
-26
-44
-91
-115
-120
-156
-165
-195
-204
-241
-241
-212
-238
-208
-226
-191
-139
-121
-79
-19
46
85
168
248
296
376
429
459
506
515
522
532
516
479
446
432
387
332
295
266
209
146
105
23
-32
-92
-160
-207
-243
-271
-322
-315
-326
-355
-329
-319
-286
-230
-195
-151
-112
-65
-15
24
58
100
136
155
157
153
174
154
121
104
103
69
46
31
23
26
19
10
-3
-17
-34
-35
-66
-78
-63
-72
-81
-62
-37
-5
34
66
106
156
198
258
321
373
429
479
534
557
576
574
583
562
547
549
525
475
413
374
331
264
172
102
27
-50
-120
-183
-244
-280
-320
-351
-368
-366
-372
-369
-328
-311
-273
-241
-206
-162
-124
-115
-102
-54
-28
-5
-2
1
10
22
28
23
30
35
17
14
8
-28
-37
-55
-82
-79
-101
-144
-172
-188
-206
-193
-188
-198
-177
-173
-142
-64
-22
3
73
127
173
241
287
329
397
446
463
512
531
532
560
547
562
573
538
509
478
441
374
322
248
176
101
6
-88
-167
-214
-275
-320
-349
-382
-395
-392
-394
-392
-383
-380
-334
-277
-255
-224
-191
-175
-147
-131
-116
-81
-62
-74
-64
-47
-52
-37
-35
-47
-50
-59
-73
-73
-74
-99
-134
-161
-154
-160
-179
-188
-207
-199
-196
-186
-159
-114
-90
-31
29
56
122
178
233
302
363
412
467
517
566
587
607
632
666
663
645
636
605
551
492
436
371
304
208
118
46
-27
-107
-170
-217
-268
-319
-353
-384
-389
-401
-373
-364
-355
-344
-345
-323
-317
-294
-289
-260
-255
-240
-214
-203
-185
-167
-142
-144
-140
-143
-132
-126
-156
-158
-142
-152
-166
-185
-188
-195
-207
-206
-211
-211
-214
-194
-164
-131
-112
-81
-21
38
82
120
168
237
298
340
403
465
495
511
559
581
591
620
620
613
605
558
496
462
400
329
255
172
99
45
-140
-385
-396
-462
-440
-375
-349
-415
-522
-433
-373
-464
-473
-490
-506
-449
-390
-300
-346
-501
-538
-548
-483
-461
-455
-385
-431
-438
-340
-256
-315
-369
-364
-408
-400
-282
-192
-185
-208
-170
-161
-115
-76
-47
12
38
68
171
254
258
268
257
250
273
314
417
455
503
563
594
646
692
719
717
721
726
731
711
693
664
603
520
437
359
292
206
132
66
13
-60
-117
-179
-252
-295
-351
-406
-439
-445
-488
-507
-506
-529
-527
-517
-493
-453
-410
-396
-356
-314
-279
-252
-243
-231
-228
-245
-238
-229
-226
-227
-229
-238
-224
-196
-177
-159
-129
-99
-92
-71
-54
-43
-34
-29
-17
6
20
44
88
129
174
212
271
332
406
449
505
560
600
627
634
621
610
597
557
526
499
462
400
321
254
187
112
43
-37
-90
-156
-213
-268
-337
-396
-462
-490
-519
-548
-578
-588
-573
-568
-562
-544
-533
-495
-458
-438
-402
-371
-361
-358
-332
-321
-320
-317
-322
-297
-282
-272
-240
-204
-188
-180
-158
-130
-108
-91
-83
-81
-58
-39
-32
2
28
33
63
95
138
197
241
271
291
351
371
375
397
420
450
450
458
469
467
488
517
509
508
494
475
446
373
306
253
195
101
23
-47
-137
-217
-282
-325
-382
-431
-470
-510
-537
-545
-554
-562
-555
-543
-543
-552
-550
-543
-539
-536
-525
-499
-492
-479
-429
-385
-363
-349
-317
-284
-280
-256
-239
-221
-190
-168
-133
-115
-102
-65
-34
8
34
66
96
102
126
167
205
215
242
261
278
290
323
382
418
445
484
520
544
563
581
604
582
582
571
536
483
430
406
354
290
229
156
83
21
-47
-111
-179
-246
-300
-368
-433
-478
-504
-539
-575
-589
-606
-642
-658
-661
-666
-658
-649
-637
-625
-628
-628
-593
-572
-555
-529
-502
-472
-422
-378
-339
-306
-280
-241
-191
-151
-114
-74
-36
8
47
92
128
156
196
233
268
288
316
342
354
378
404
432
465
485
507
520
537
543
549
540
547
553
544
521
518
506
458
415
365
323
267
209
122
68
-6
-94
-148
-218
-294
-371
-434
-491
-531
-573
-616
-653
-686
-724
-759
-791
-823
-823
-824
-827
-821
-789
-765
-746
-701
-655
-613
-570
-525
-493
-443
-391
-360
-320
-273
-237
-205
-172
-116
-55
-1
67
106
136
192
238
286
339
385
425
464
498
508
519
540
547
560
556
566
580
575
580
582
575
565
542
515
497
481
425
406
358
279
226
140
53
-14
-82
-172
-244
-313
-371
-430
-508
-558
-598
-638
-687
-730
-770
-804
-824
-850
-858
-865
-881
-870
-857
-846
-836
-789
-746
-702
-661
-605
-539
-485
-433
-387
-343
-282
-226
-179
-130
-94
-45
0
61
147
212
268
330
407
460
496
537
564
573
587
600
592
586
599
597
597
608
589
569
566
578
579
560
553
559
537
483
424
360
303
252
178
107
28
-56
-125
-195
-268
-339
-410
-493
-556
-594
-637
-712
-776
-806
-846
-893
-923
-949
-957
-952
-938
-911
-856
-842
-818
-770
-708
-641
-573
-518
-476
-406
-347
-301
-250
-199
-141
-74
-26
36
118
189
275
344
408
476
523
567
616
647
677
694
709
711
715
715
705
708
707
696
685
660
635
634
613
608
595
560
535
493
433
355
308
263
186
103
16
-59
-139
-208
-280
-365
-436
-513
-565
-619
-699
-750
-807
-854
-897
-941
-968
-983
-1006
-1014
-993
-979
-955
-903
-873
-847
-803
-742
-691
-616
-536
-469
-394
-336
-265
-191
-150
-92
-29
55
124
188
266
322
387
453
533
579
632
682
699
720
726
715
725
726
720
712
704
694
700
694
678
645
613
587
545
515
492
455
408
371
315
263
204
132
71
7
-65
-130
-212
-292
-373
-450
-506
-563
-640
-711
-783
-852
-913
-973
-1021
-1047
-1079
-1103
-1113
-1095
-1073
-1041
-1011
-976
-921
-863
-797
-718
-647
-589
-533
-460
-370
-293
-208
-124
-45
26
105
185
269
368
451
518
564
613
660
710
760
806
839
857
890
905
917
912
894
881
853
818
799
758
726
704
684
661
631
607
561
509
463
410
352
284
219
145
56
-5
-92
-158
-220
-305
-401
-482
-556
-644
-718
-790
-826
-892
-972
-1013
-1056
-1085
-1116
-1122
-1114
-1106
-1104
-1097
-1086
-1056
-993
-964
-902
-822
-761
-699
-612
-534
-451
-359
-274
-189
-93
-15
74
178
263
359
436
502
557
641
691
744
794
842
884
919
951
979
1000
1014
1017
1000
993
973
944
946
922
881
852
801
757
721
650
594
564
494
416
348
267
189
116
28
-44
-114
-182
-259
-331
-412
-517
-608
-695
-774
-824
-880
-948
-990
-1039
-1071
-1099
-1107
-1097
-1090
-1084
-1075
-1031
-979
-936
-865
-789
-727
-632
-564
-490
-400
-314
-233
-157
-74
4
104
185
277
375
430
485
562
633
710
770
809
852
898
920
953
1003
1013
1008
1020
1012
994
992
946
918
906
871
841
819
776
709
666
628
564
512
448
380
311
240
166
82
23
-68
-172
-238
-313
-416
-478
-555
-657
-708
-782
-851
-901
-949
-1007
-1064
-1090
-1132
-1134
-1133
-1139
-1104
-1076
-1040
-988
-925
-859
-784
-702
-643
-576
-476
-381
-297
-195
-105
-21
77
166
228
308
385
465
543
616
658
730
797
802
853
900
935
957
963
975
971
976
959
948
946
920
885
853
805
759
756
714
658
603
537
467
413
357
281
221
152
75
10
-66
-148
-205
-277
-368
-448
-515
-588
-639
-702
-767
-801
-852
-886
-907
-929
-953
-964
-975
-964
-927
-890
-862
-823
-769
-717
-651
-581
-502
-428
-368
-299
-225
-156
-73
14
115
215
292
379
463
552
619
680
750
804
845
886
940
967
990
1007
998
1015
1024
1008
996
978
940
926
905
857
829
774
722
672
631
573
484
432
344
262
187
106
16
-73
-142
-226
-302
-381
-447
-531
-624
-682
-729
-785
-852
-915
-970
-1020
-1055
-1091
-1093
-1109
-1106
-1100
-1101
-1080
-1063
-1015
-963
-913
-844
-770
-699
-625
-548
-459
-386
-304
-210
-130
-39
44
133
230
316
408
508
582
648
715
777
819
856
906
927
970
1003
1012
1026
1030
1030
1026
1016
996
987
965
911
896
851
780
738
689
631
566
505
425
356
284
195
128
73
2
-67
-126
-206
-293
-349
-421
-494
-570
-645
-711
-762
-827
-872
-900
-947
-978
-993
-1007
-1023
-994
-972
-964
-946
-908
-853
-803
-750
-702
-640
-551
-490
-408
-328
-254
-161
-67
13
95
175
239
336
418
502
580
644
704
769
808
825
854
886
886
914
959
935
936
931
923
906
891
875
857
832
783
757
707
641
578
538
482
413
355
278
212
156
92
31
-40
-123
-190
-235
-298
-379
-427
-470
-546
-602
-652
-727
-768
-787
-829
-862
-881
-911
-916
-904
-905
-887
-855
-818
-780
-726
-681
-615
-558
-520
-469
-401
-332
-271
-214
-144
-62
10
81
140
211
274
337
401
474
542
570
616
664
691
730
771
785
828
855
842
857
837
803
815
806
783
763
715
674
644
584
536
469
405
373
326
263
204
152
75
17
-39
-77
-150
-210
-254
-302
-356
-426
-475
-510
-556
-613
-650
-692
-736
-745
-756
-782
-793
-793
-775
-756
-730
-701
-678
-635
-601
-572
-547
-497
-448
-404
-339
-275
-205
-134
-59
-5
66
141
200
287
363
424
481
536
569
598
644
660
670
695
731
740
748
769
776
761
765
745
727
709
695
683
639
591
550
502
455
409
350
317
282
236
193
140
74
23
-15
-67
-108
-169
-234
-264
-299
-362
-406
-450
-513
-533
-567
-604
-621
-639
-664
-671
-684
-680
-666
-656
-647
-640
-626
-583
-569
-540
-496
-451
-410
-361
-297
-241
-185
-123
-57
18
102
166
219
268
337
401
441
499
536
578
624
639
669
728
735
745
778
763
775
779
758
767
769
737
710
671
629
576
519
469
424
373
331
277
227
199
145
105
60
8
-46
-78
-131
-197
-234
-293
-347
-382
-423
-464
-489
-527
-555
-568
-599
-627
-632
-652
-661
-664
-649
-628
-591
-569
-570
-534
-504
-493
-450
-377
-334
-285
-228
-188
-109
-35
-6
52
119
150
245
338
358
419
473
494
555
619
627
669
701
694
730
758
735
747
765
747
744
731
701
682
664
639
633
600
557
506
471
401
353
319
264
203
150
115
65
14
-33
-80
-130
-161
-216
-269
-281
-317
-372
-402
-430
-464
-484
-510
-532
-550
-561
-568
-563
-571
-566
-554
-557
-555
-519
-487
-458
-411
-376
-364
-302
-239
-192
-115
-76
-49
15
60
98
169
221
272
325
348
388
440
465
483
514
535
551
571
579
578
597
596
593
592
571
543
535
498
461
443
408
377
352
316
283
253
230
201
174
147
89
55
36
-1
-37
-55
-93
-130
-161
-210
-250
-276
-317
-362
-379
-401
-417
-429
-445
-472
-477
-476
-484
-478
-467
-485
-476
-456
-462
-443
-418
-417
-391
-344
-317
-296
-239
-192
-160
-104
-66
-17
45
98
132
191
211
205
259
297
303
344
385
377
418
455
446
477
499
482
493
494
461
448
469
441
418
419
376
354
353
312
272
261
207
181
166
138
105
84
58
22
13
-35
-73
-68
-108
-141
-155
-184
-219
-211
-243
-284
-272
-305
-313
-306
-357
-382
-361
-347
-359
-348
-345
-342
-337
-331
-301
-281
-263
-205
-183
-165
-119
-115
-99
-52
-26
10
63
93
138
170
203
215
233
269
292
322
352
367
349
351
363
352
359
365
359
364
343
314
301
296
278
260
254
235
211
183
163
138
115
102
79
59
46
38
18
-15
-35
-50
-70
-95
-107
-122
-151
-165
-172
-170
-200
-221
-224
-259
-285
-282
-293
-297
-287
-299
-319
-315
-334
-325
-291
-298
-294
-270
-253
-238
-212
-213
-205
-184
-158
-125
-91
-71
-28
9
30
55
73
83
91
110
127
163
185
198
235
249
233
248
245
248
264
267
248
244
249
230
222
188
178
168
134
105
127
114
65
90
85
50
64
52
28
31
-7
-30
-19
-32
-62
-66
-86
-131
-131
-136
-172
-171
-159
-168
-159
-152
-173
-182
-192
-209
-225
-228
-256
-265
-255
-240
-243
-228
-210
-208
-177
-163
-146
-128
-107
-66
-32
-33
-8
29
39
54
72
79
86
126
148
159
184
202
204
242
253
244
263
234
222
249
255
236
249
241
220
212
205
180
158
150
125
112
103
90
78
77
35
12
27
0
-39
-37
-45
-90
-119
-120
-146
-167
-186
-212
-211
-216
-256
-241
-255
-303
-297
-301
-334
-321
-314
-337
-333
-332
-331
-297
-290
-287
-279
-242
-222
-201
-174
-147
-125
-109
-69
-56
-43
-14
-4
4
45
74
91
120
139
152
208
224
239
268
245
232
255
245
239
237
237
243
226
200
193
200
176
174
177
152
137
136
121
99
86
62
47
49
30
28
19
-9
-21
-23
-45
-80
-99
-108
-129
-167
-172
-183
-214
-206
-220
-252
-259
-277
-287
-291
-282
-289
-301
-278
-282
-273
-247
-245
-246
-211
-210
-218
-175
-161
-157
-124
-84
-65
-30
0
18
33
34
43
71
84
113
127
128
138
137
171
179
167
171
180
158
164
169
159
162
154
139
124
120
117
113
102
96
72
59
67
45
28
22
11
-13
-15
-18
-36
-28
-41
-63
-66
-80
-111
-112
-123
-150
-131
-136
-158
-161
-171
-192
-215
-223
-229
-248
-251
-254
-252
-252
-254
-247
-265
-243
-238
-243
-210
-203
-207
-192
-175
-171
-144
-132
-119
-92
-90
-77
-54
-39
3
36
62
93
92
115
130
124
125
128
126
135
147
126
123
132
123
121
136
124
121
120
117
98
93
106
94
74
67
54
45
32
21
-6
7
3
-19
-20
-8
-17
-35
-38
-45
-44
-54
-89
-87
-110
-144
-141
-165
-182
-173
-162
-183
-181
-174
-191
-189
-167
-169
-163
-166
-170
-150
-137
-144
-143
-136
-158
-147
-122
-116
-94
-78
-81
-52
-30
-26
14
32
6
21
74
59
49
63
31
33
44
40
55
69
56
53
83
83
85
104
95
74
74
67
80
76
58
47
30
31
40
27
1
14
-5
-54
-60
-80
-87
-84
-85
-100
-113
-120
-136
-136
-144
-162
-173
-168
-174
-204
-229
-223
-226
-226
-208
-209
-233
-224
-225
-206
-191
-178
-166
-157
-143
-132
-98
-94
-55
-27
-5
7
23
40
55
81
100
108
123
140
148
163
167
175
180
202
183
187
209
199
200
200
199
201
191
179
169
167
170
163
158
164
161
151
133
109
97
84
64
56
42
34
13
-2
-12
-22
-38
-64
-66
-70
-91
-102
-98
-111
-120
-131
-149
-163
-152
-166
-170
-180
-176
-163
-174
-161
-149
-162
-148
-143
-149
-124
-135
-121
-92
-81
-59
-41
-32
-28
-4
13
24
46
34
49
74
97
109
111
110
122
127
111
117
124
122
117
124
130
134
137
125
110
112
99
86
70
69
64
53
29
2
-13
-30
-51
-54
-52
-93
-91
-76
-101
-109
-115
-138
-148
-144
-150
-139
-150
-150
-165
-187
-197
-219
-235
-237
-225
-225
-225
-227
-227
-217
-200
-190
-185
-174
-157
-120
-100
-108
-86
-63
-34
-27
-16
0
11
38
49
67
89
109
110
129
143
142
140
155
167
167
173
180
184
189
184
160
157
159
146
131
119
113
103
98
107
95
83
75
50
41
36
8
2
-1
-34
-58
-79
-109
-126
-135
-179
-203
-210
-233
-235
-240
-259
-279
-282
-271
-258
-263
-291
-292
-295
-294
-291
-301
-271
-269
-279
-260
-241
-234
-214
-203
-207
-189
-150
-143
-131
-106
-78
-60
-23
-1
5
30
42
43
69
102
115
140
156
132
126
138
131
136
123
138
147
120
120
119
81
62
67
43
25
45
30
-4
0
-24
-48
-54
-77
-99
-102
-120
-140
-130
-139
-175
-183
-207
-227
-231
-228
-233
-252
-256
-265
-270
-250
-251
-254
-236
-233
-234
-215
-214
-218
-208
-207
-191
-164
-154
-135
-114
-85
-64
-52
-26
-4
13
28
44
56
72
93
107
113
124
147
164
171
179
181
183
186
188
196
195
188
187
176
169
176
168
159
161
142
134
134
113
93
101
84
70
72
61
44
37
9
-4
-11
-34
-57
-65
-96
-110
-118
-136
-130
-137
-145
-159
-167
-187
-175
-176
-196
-209
-205
-215
-218
-205
-209
-205
-190
-193
-201
-198
-200
-192
-177
-160
-151
-132
-114
-98
-89
-78
-69
-52
-26
-5
14
30
40
45
67
85
113
139
152
175
185
180
177
205
206
193
205
181
163
167
153
139
152
132
86
100
90
84
98
89
64
56
37
13
27
16
-13
-27
-36
-45
-58
-77
-102
-114
-116
-127
-141
-145
-161
-170
-156
-153
-169
-177
-188
-203
-198
-204
-209
-184
-175
-180
-157
-145
-156
-130
-119
-120
-94
-84
-93
-57
-23
1
30
49
52
73
108
117
126
137
137
157
162
165
172
171
173
177
196
202
220
227
223
229
224
214
198
183
161
156
140
120
92
79
65
31
10
0
1
-7
-21
-25
-40
-47
-52
-65
-62
-82
-86
-94
-122
-122
-134
-149
-152
-142
-138
-146
-148
-141
-144
-152
-140
-119
-120
-116
-113
-119
-98
-81
-74
-64
-60
-60
-39
-5
21
17
37
44
56
75
76
88
136
167
165
173
187
207
219
213
214
238
248
242
237
241
232
242
242
221
220
199
193
190
180
168
159
131
104
107
75
84
69
32
27
20
-10
-25
-31
-57
-71
-93
-113
-118
-123
-134
-131
-152
-178
-166
-177
-184
-172
-169
-167
-155
-160
-166
-179
-188
-184
-186
-191
-179
-150
-144
-144
-126
-110
-113
-103
-72
-58
-43
-10
15
22
40
51
59
88
88
89
124
148
149
158
164
173
187
197
199
214
209
207
203
182
178
170
163
151
140
126
121
114
117
103
91
83
69
49
25
1
-10
-12
-41
-38
-48
-60
-70
-88
-91
-95
-116
-132
-119
-135
-147
-149
-154
-152
-136
-144
-158
-149
-147
-156
-133
-127
-128
-122
-110
-113
-85
-59
-64
-46
-22
-21
-9
11
33
60
78
98
116
120
118
136
147
152
165
170
190
180
181
204
200
194
192
162
155
161
135
116
113
107
91
90
92
80
90
71
40
37
10
-8
-17
-17
-27
-38
-45
-41
-42
-84
-100
-97
-129
-131
-116
-108
-123
-128
-110
-95
-99
-109
-115
-103
-104
-110
-95
-89
-75
-69
-70
-72
-71
-79
-79
-54
-41
-26
-15
-10
-2
17
37
48
65
83
82
95
123
125
123
136
159
171
153
163
160
153
160
158
158
156
139
134
144
135
130
116
104
105
90
61
47
30
26
36
6
-8
-21
-42
-40
-58
-87
-111
-124
-114
-108
-124
-138
-150
-159
-166
-185
-200
-204
-195
-177
-149
-135
-141
-148
-147
-150
-131
-122
-129
-109
-93
-101
-74
-76
-68
-37
-48
-49
-40
-18
-11
14
25
10
24
37
58
81
83
98
120
114
104
113
115
122
125
137
147
143
140
154
171
166
156
151
144
135
127
121
117
89
74
72
49
31
6
-9
-11
-23
-45
-61
-62
-81
-84
-115
-120
-112
-114
-118
-114
-104
-117
-121
-118
-124
-118
-96
-87
-86
-66
-51
-48
-45
-38
-42
-37
-28
-14
8
8
6
21
20
29
45
60
82
100
111
92
107
125
122
141
158
150
141
145
138
132
141
159
160
158
151
153
169
180
188
185
191
183
172
161
134
123
103
78
69
48
52
51
45
38
43
47
28
5
4
-3
-17
-13
-16
-8
-12
-21
-10
-9
-22
-12
3
15
14
8
38
44
19
27
35
27
34
33
43
51
58
70
67
59
49
47
45
60
59
58
60
58
60
72
78
74
64
60
77
93
100
98
88
90
96
78
86
91
91
103
123
114
100
99
74
61
59
57
52
49
18
34
26
-3
-14
-10
-26
-35
-19
-40
-51
-64
-61
-67
-88
-105
-112
-112
-131
-134
-130
-132
-132
-131
-121
-105
-104
-115
-107
-105
-112
-96
-83
-61
-45
-41
-38
-46
-34
-38
-22
-6
5
10
5
5
21
36
38
54
56
61
70
84
71
77
84
106
112
111
113
103
117
108
114
136
129
130
152
155
145
135
124
107
108
95
84
63
35
28
32
18
3
-2
-4
-16
-33
-42
-77
-84
-77
-80
-82
-92
-121
-137
-138
-145
-154
-150
-143
-127
-94
-94
-99
-80
-75
-50
-19
-24
-25
-15
-32
-41
-26
-18
-13
-9
-23
-23
-11
0
9
30
42
34
33
44
61
56
57
56
67
75
58
64
67
53
63
74
82
87
102
79
63
58
43
61
80
72
45
39
25
21
18
6
0
-15
-34
-51
-60
-51
-48
-64
-92
-89
-94
-109
-114
-112
-92
-126
-130
-135
-146
-151
-144
-160
-156
-152
-174
-162
-154
-161
-153
-149
-133
-130
-135
-121
-104
-103
-108
-103
-92
-89
-98
-87
-80
-85
-89
-75
-68
-49
-44
-39
-43
-29
-36
-32
-18
-23
-9
1
3
-7
-19
-36
-26
-43
-28
-10
-31
-34
-20
-13
-6
2
10
1
-11
-5
-9
-6
-7
-8
-13
-9
-10
1
-12
-22
-24
-28
-44
-60
-60
-58
-67
-74
-75
-72
-64
-82
-84
-93
-89
-104
-104
-64
-64
-56
-55
-60
-48
-44
-26
-5
6
6
-2
-4
-9
-1
-4
-1
-4
-9
-8
-2
20
13
25
29
20
24
12
35
50
49
61
53
31
34
34
32
38
27
27
35
26
10
4
9
-2
-6
-2
-6
-25
-31
-26
-34
-36
-21
-20
-40
-43
-54
-65
-65
-84
-78
-82
-99
-99
-122
-133
-131
-131
-140
-129
-116
-114
-111
-127
-122
-120
-106
-97
-106
-100
-110
-107
-99
-99
-119
-123
-110
-116
-132
-124
-105
-98
-93
-105
-92
-88
-116
-114
-113
-105
-91
-98
-99
-88
-80
-87
-105
-98
-100
-91
-71
-65
-55
-47
-49
-58
-44
-58
-55
-41
-47
-47
-39
-40
-35
-46
-67
-57
-55
-56
-68
-59
-52
-76
-89
-92
-94
-87
-111
-106
-93
-91
-83
-82
-87
-88
-93
-98
-85
-68
-64
-85
-79
-70
-63
-62
-48
-34
-48
-55
-53
-42
-51
-70
-44
-33
-37
-44
-61
-51
-40
-50
-57
-48
-30
-34
-40
-18
-29
-25
-22
-8
-13
-18
-10
-24
-12
8
6
9
18
14
12
16
16
12
13
-1
-9
3
10
-9
-1
8
10
-12
-20
-3
6
1
1
14
1
10
-7
-25
-30
-45
-67
-69
-63
-62
-87
-90
-96
-105
-92
-105
-120
-122
-126
-142
-119
-134
-157
-142
-152
-164
-157
-161
-142
-139
-150
-142
-121
-106
-98
-85
-98
-87
-92
-108
-96
-100
-99
-96
-95
-114
-118
-124
-131
-130
-145
-139
-118
-107
-114
-110
-103
-88
-86
-93
-105
-94
-93
-85
-88
-90
-78
-75
-79
-60
-59
-49
-32
-45
-32
-23
7
14
7
14
16
10
-9
1
8
8
7
4
9
21
19
23
25
14
26
40
21
41
36
27
45
55
48
39
37
20
39
50
46
42
61
67
76
61
50
46
34
39
44
39
35
53
41
49
67
61
54
71
64
60
54
48
69
68
70
66
58
62
57
64
75
74
55
62
99
99
81
95
97
84
97
97
88
87
81
95
93
87
61
47
42
42
26
28
27
20
9
3
-2
-2
-2
-6
6
4
-12
-25
-21
-29
-24
-30
-28
-16
-16
-18
-11
-5
-5
11
11
2
-1
-23
-25
-15
-16
-10
-15
-17
-3
6
6
0
6
15
5
-7
19
24
11
42
52
47
55
52
36
45
44
40
42
38
51
55
56
68
68
47
39
51
67
60
62
48
40
45
39
43
48
45
30
32
48
43
25
22
22
23
27
23
32
37
17
26
35
49
47
44
39
38
36
21
49
52
34
40
56
55
67
75
74
69
69
76
85
92
87
73
78
76
63
55
78
97
81
84
107
120
128
122
125
127
119
107
101
116
93
94
88
83
80
70
78
69
79
98
109
108
97
77
65
76
76
76
78
79
65
60
59
48
48
50
40
33
41
39
23
26
33
18
23
27
1
-1
3
-4
-4
-5
3
11
8
-4
-6
-12
-12
-17
-27
-33
-32
-42
-38
-47
-40
-42
-32
-27
-51
-40
-32
-15
-14
-20
-14
-13
-2
5
24
36
17
19
13
39
34
28
28
35
51
38
26
28
35
25
29
31
35
43
61
79
76
65
68
74
66
40
44
50
43
57
50
44
42
37
26
19
17
8
-13
-12
-38
-26
-21
-26
-23
-21
-8
-12
2
-4
4
4
15
21
31
34
25
27
12
8
3
11
23
23
38
39
54
64
64
75
72
79
98
84
82
93
102
95
89
101
98
83
66
85
69
61
68
67
63
61
65
68
66
62
80
81
65
60
55
29
28
31
27
32
3
-18
-9
-12
-26
-23
-14
-18
-22
-30
-42
-40
-42
-42
-50
-63
-77
-75
-81
-91
-91
-95
-105
-104
-110
-106
-91
-72
-73
-74
-62
-56
-50
-45
-43
-52
-62
-63
-67
-67
-60
-62
-41
-20
-7
13
31
40
36
25
24
39
55
60
70
73
78
74
66
70
80
94
94
96
87
80
82
97
104
85
92
88
68
66
49
42
41
33
25
37
40
-6
-5
-1
-24
-20
-20
-31
-42
-50
-48
-37
-47
-76
-70
-64
-92
-86
-72
-81
-72
-70
-66
-58
-59
-69
-70
-44
-39
-46
-44
-41
-36
-32
-15
-12
5
24
19
6
18
37
32
46
44
52
64
75
62
72
73
69
84
89
90
94
97
82
88
82
91
89
89
86
88
78
63
60
49
38
37
26
26
21
11
-2
1
7
-2
0
-24
-28
-27
-58
-54
-63
-80
-78
-81
-107
-146
-139
-118
-109
-97
-106
-102
-86
-94
-81
-62
-52
-65
-56
-42
-43
-38
-52
-67
-70
-45
-39
-16
0
8
14
34
50
47
60
53
58
69
70
66
63
69
64
72
73
77
74
84
89
96
98
73
84
104
105
94
92
69
58
68
57
58
56
33
19
32
23
10
25
-2
-1
24
-4
-23
-22
-24
-31
-24
-38
-61
-51
-57
-72
-64
-64
-86
-83
-51
-55
-61
-47
-56
-41
-36
-54
-54
-28
-32
-31
-7
-19
-23
-14
-29
-26
1
6
25
40
36
64
67
59
78
94
84
84
102
105
99
103
98
86
105
102
105
108
109
111
112
126
129
125
125
106
102
116
110
94
84
90
71
65
72
55
45
42
15
5
-6
-20
-25
-36
-40
-53
-42
-31
-50
-56
-56
-68
-71
-73
-82
-86
-82
-75
-69
-75
-68
-58
-47
-55
-68
-58
-59
-71
-79
-69
-67
-51
-44
-36
-29
-26
-7
-9
-3
4
13
7
12
31
23
31
26
6
15
19
21
14
15
11
17
24
31
17
5
28
39
33
15
21
11
2
-1
-17
-25
-45
-53
-57
-78
-89
-98
-90
-94
-120
-121
-137
-166
-184
-200
-223
-224
-224
-225
-225
-247
-263
-263
-275
-276
-271
-263
-252
-247
-261
-263
-256
-260
-248
-247
-239
-217
-206
-217
-203
-201
-209
-194
-183
-185
-182
-172
-151
-128
-125
-115
-99
-109
-111
-109
-83
-64
-86
-86
-72
-46
-52
-48
-37
-40
-48
-46
-40
-31
-12
-18
-4
4
2
9
-10
-30
-27
-58
-58
-42
-57
-47
-41
-49
-74
-82
-61
-72
-75
-96
-103
-97
-121
-127
-124
-138
-164
-175
-193
-200
-194
-204
-191
-188
-188
-199
-203
-205
-201
-176
-178
-171
-176
-176
-176
-167
-153
-156
-159
-147
-146
-142
-125
-115
-103
-84
-77
-73
-71
-74
-90
-71
-40
-48
-36
-18
-26
-24
-5
-13
3
-7
-19
2
-7
-18
-14
3
5
-11
-18
-8
-1
-10
-2
-6
-5
-4
-14
-24
-35
-49
-71
-74
-85
-83
-74
-88
-100
-102
-123
-123
-121
-136
-116
-90
-92
-93
-86
-74
-64
-78
-84
-80
-85
-89
-83
-77
-81
-81
-81
-77
-84
-84
-62
-69
-47
-31
-14
-4
0
5
3
18
28
23
32
57
44
45
57
57
53
55
61
64
54
74
80
83
109
108
99
77
62
51
40
39
46
28
9
14
10
-10
1
3
-15
-14
-16
-18
-26
-24
-42
-45
-49
-71
-83
-76
-72
-86
-76
-77
-83
-67
-55
-77
-97
-88
-69
-69
-67
-64
-51
-36
-56
-54
-42
-38
-37
-8
9
13
31
33
23
30
60
64
70
92
97
92
97
108
110
124
112
117
141
127
125
123
122
116
114
117
125
108
106
117
117
126
124
126
130
136
119
108
114
104
103
106
80
59
49
40
21
18
14
14
0
-22
-22
-14
-13
-26
-21
-26
-26
-37
-66
-71
-63
-71
-55
-42
-47
-47
-75
-66
-53
-63
-37
-36
-34
-29
-31
-17
-16
-19
-37
-27
-14
-1
2
-4
26
39
36
39
59
65
63
65
62
67
77
69
77
81
69
74
70
81
80
83
92
98
102
98
94
99
94
77
92
92
81
80
67
65
65
53
29
40
38
29
25
7
-4
-1
6
-3
-1
-3
-13
-17
-24
-19
-14
-30
-3
3
-23
-7
-11
-9
18
8
-4
12
15
0
8
-4
-13
-6
-8
-8
10
22
40
43
40
40
32
32
19
23
35
47
60
47
41
46
37
29
46
36
36
53
56
53
56
50
57
61
54
68
57
40
45
65
55
75
79
61
70
62
42
43
63
44
52
62
23
28
40
15
13
32
18
31
45
46
51
68
51
41
62
56
43
56
56
35
47
42
23
30
21
18
27
63
61
71
92
69
74
93
93
95
111
113
110
128
115
92
117
123
115
128
128
128
161
182
163
176
183
168
181
189
156
168
172
140
141
156
131
121
126
100
94
128
130
130
159
157
135
151
155
149
162
145
114
129
139
95
98
95
74
82
87
88
96
107
87
94
102
99
115
133
116
112
120
91
96
98
78
85
104
85
88
117
75
81
114
106
115
132
110
114
143
117
122
160
148
143
159
160
168
173
174
168
176
185
190
189
199
208
178
184
175
152
143
138
138
124
111
119
126
113
109
97
100
80
74
68
65
55
39
36
28
23
1
-16
-14
-1
2
-23
-32
-27
-32
-29
-25
-34
-45
-48
-46
-42
-20
-30
-33
-24
-41
-38
-17
-17
-14
3
26
43
52
55
58
70
49
48
67
68
62
57
66
62
64
71
72
79
79
90
65
60
62
62
74
74
67
76
93
86
91
84
77
78
68
37
34
30
18
34
26
9
13
28
31
51
51
41
50
29
26
13
14
21
24
15
22
27
13
15
15
4
6
35
14
16
37
32
39
57
33
23
38
40
47
49
41
30
20
28
49
52
55
48
79
82
78
81
84
93
90
73
70
89
91
99
109
113
104
115
120
112
109
116
96
98
111
91
95
101
101
105
137
129
109
126
112
101
126
101
102
129
111
100
110
111
110
120
112
109
123
114
97
102
103
86
81
84
79
80
84
75
74
70
60
50
50
52
43
58
65
42
64
72
32
49
47
57
69
46
35
42
56
50
63
46
21
44
55
45
51
41
25
38
55
51
60
53
60
74
63
70
86
83
69
66
58
45
47
44
52
42
28
41
35
25
44
33
30
52
52
55
76
