21
21
23
15
-3
9
-2
-4
-3
-12
-5
10
28
18
35
19
21
32
8
12
13
8
15
-5
-24
-8
-15
-22
-28
-16
-9
-35
-29
-21
-38
-41
-29
-30
-47
-44
-23
-46
-46
-37
-42
-41
-47
-58
-44
-57
-56
-59
-67
-57
-63
-51
-56
-48
-43
-48
-44
-28
-37
-41
-33
-53
-53
-35
-45
-42
-35
-47
-64
-53
-52
-74
-71
-85
-75
-82
-97
-68
-73
-87
-81
-90
-93
-104
-96
-109
-105
-113
-117
-101
-113
-117
-106
-122
-127
-113
-123
-109
-110
-123
-89
-105
-123
-106
-104
-108
-120
-124
-109
-113
-110
-107
-102
-96
-98
-93
-86
-104
-125
-113
-127
-121
-109
-131
-108
-96
-110
-104
-110
-115
-99
-122
-114
-100
-107
-89
-113
-104
-107
-106
-115
-121
-112
-125
-105
-100
-112
-111
-103
-114
-99
-102
-95
-100
-106
-103
-106
-107
-120
-107
-94
-105
-120
-120
-115
-106
-115
-105
-113
-99
-100
-93
-78
-83
-71
-59
-42
-55
-49
-34
-45
-41
-46
-35
-33
-44
-42
-36
-23
-42
-44
-30
-44
-61
-47
-53
-70
-72
-65
-65
-66
-67
-75
-81
-77
-75
-66
-63
-59
-57
-57
-70
-42
-40
-57
-38
-31
-42
-50
-61
-59
-66
-87
-82
-87
-92
-92
-100
-107
-116
-117
-124
-131
-129
-134
-138
-130
-133
-144
-144
-131
-136
-138
-116
-139
-162
-154
-146
-152
-160
-168
-161
-158
-174
-157
-149
-152
-154
-143
-146
-136
-128
-139
-135
-108
-110
-110
-86
-88
-71
-56
-64
-67
-35
-49
-55
-62
-39
-43
-49
-22
-31
-27
-37
-31
-27
-41
-31
-31
-26
-24
-33
-29
-27
-23
-24
-23
-15
-22
-34
-20
-10
-6
11
10
11
30
20
20
30
22
6
14
0
-13
-4
-14
-18
-20
-52
-48
-40
-50
-30
-43
-40
-45
-55
-54
-66
-54
-49
-60
-68
-54
-52
-43
-42
-33
-51
-41
-40
-26
-5
-30
-8
10
2
-5
4
-2
-4
9
-8
-1
1
-32
-34
-41
-35
-37
-56
-62
-56
-58
-60
-67
-68
-68
-67
-72
-79
-96
-86
-109
-100
-84
-106
-93
-84
-81
-81
-71
-81
-75
-76
-74
-73
-69
-68
-63
-71
-59
-52
-59
-67
-52
-64
-75
-72
-89
-89
-99
-85
-103
-108
-110
-122
-121
-110
-121
-130
-130
-146
-138
-136
-143
-139
-134
-142
-140
-130
-129
-138
-146
-139
-157
-149
-136
-143
-129
-129
-135
-127
-139
-137
-126
-136
-137
-133
-135
-134
-128
-133
-137
-149
-145
-149
-150
-128
-138
-123
-120
-131
-137
-116
-111
-103
-91
-97
-87
-79
-73
-81
-50
-43
-50
-45
-33
-27
-39
-32
-32
-27
-29
-44
-34
-39
-31
-13
-24
-44
-16
-22
-13
-10
-26
-16
-12
-35
-24
2
-29
-21
-27
-35
-13
-11
-13
6
-4
1
22
31
37
32
24
19
31
20
15
12
4
6
15
10
15
9
-15
-20
-16
5
4
-3
7
-6
-22
-9
-15
-37
-10
-47
-40
-21
-46
-43
-32
-45
-46
-41
-46
-32
-42
-48
-40
-32
-14
-20
-28
-25
-27
-26
-22
-27
-27
-28
-39
-37
-30
-41
-36
-44
-44
-37
-37
-40
-28
-34
-37
-25
-23
-23
-22
-7
-11
4
-10
10
24
15
26
21
31
27
33
48
41
50
54
63
66
56
62
52
46
43
45
56
61
64
45
55
41
43
35
23
37
37
48
55
50
46
51
49
50
51
43
49
47
40
30
41
45
23
29
17
8
15
14
-5
-15
-22
-29
-25
-32
-49
-49
-37
-38
-40
-46
-40
-44
-48
-42
-30
-33
-37
-25
-41
-38
-22
-20
-12
-5
0
2
17
18
-1
26
22
6
22
30
25
30
26
21
35
24
4
8
22
16
15
3
25
27
22
31
31
39
38
37
41
41
30
39
38
47
44
50
43
35
51
39
47
69
64
61
60
75
90
68
75
62
59
54
48
40
47
57
51
48
39
41
25
24
30
33
43
18
34
38
22
44
39
39
51
42
28
35
28
29
6
16
29
13
31
-2
4
-4
-20
-1
-6
-6
-10
-23
-34
-36
-44
-52
-65
-61
-65
-75
-66
-77
-78
-86
-83
-85
-81
-74
-82
-69
-62
-91
-73
-67
-76
-62
-75
-75
-51
-54
-54
-36
-40
-32
-42
-41
-30
-24
-28
-12
-31
-14
-8
-12
9
-16
2
9
-7
-5
-13
-4
-3
-9
12
10
3
3
19
23
21
37
30
35
51
39
50
65
48
70
56
67
83
102
127
127
136
126
147
136
129
119
122
133
116
115
109
121
108
101
92
87
74
80
82
79
90
76
82
71
66
72
71
65
62
59
58
53
54
55
50
55
59
54
57
54
47
34
44
30
29
30
30
18
8
6
11
-3
-4
-14
-3
3
-16
-8
-3
-11
-25
-26
-24
-27
-19
-10
-10
16
19
20
29
33
40
41
38
48
61
55
61
64
63
67
55
60
62
64
49
49
41
32
48
42
52
49
38
39
50
39
25
44
26
30
46
31
26
25
2
19
16
22
35
19
14
21
34
27
41
36
43
74
60
63
68
72
79
73
64
71
68
81
67
81
82
58
78
82
61
68
67
64
83
64
61
71
68
55
57
51
48
54
48
62
54
46
56
66
62
79
73
67
66
56
65
61
65
58
63
59
58
70
72
65
66
73
54
45
42
36
35
28
31
29
27
35
27
44
43
33
49
46
51
67
52
62
83
64
71
81
77
92
94
96
92
89
89
82
77
76
77
71
69
64
56
55
47
41
53
37
38
29
11
24
7
15
10
7
18
0
-5
-14
-23
-14
-21
-27
-7
-5
-3
-2
12
19
-1
-9
-8
-16
-29
-35
-28
-23
-37
-37
-34
-35
-41
-36
-37
-37
-42
-51
-52
-65
-62
-66
-71
-67
-67
-67
-72
-64
-68
-70
-58
-69
-47
-34
-41
-27
-29
-24
-11
-24
-5
-12
-25
-1
-7
-13
-6
-6
-2
-13
-8
-1
-14
-15
-11
-9
-23
-31
-37
-26
-36
-27
-13
-17
-13
-10
-7
7
8
14
3
21
27
24
26
30
42
31
46
47
46
44
39
35
37
42
31
40
33
30
22
16
21
26
29
32
29
30
34
30
34
34
22
29
17
25
36
24
38
20
24
45
54
50
46
47
36
42
56
65
68
56
47
60
33
27
33
31
31
22
42
61
60
74
59
76
102
88
103
114
100
108
122
122
123
126
123
127
131
127
107
111
114
122
120
98
117
109
90
102
97
87
77
78
89
78
64
72
52
57
65
56
59
61
43
56
58
38
37
33
40
22
23
17
15
30
6
17
25
24
5
-5
15
1
2
-5
-5
-9
-23
-24
-29
-19
-15
-48
-43
-33
-47
-25
-25
-22
-22
-20
-17
-19
-25
-25
-13
-23
-39
-25
-40
-32
-17
-30
-18
-28
-35
-27
-41
-41
-30
-35
-25
-20
-10
-28
-12
-15
-33
-30
-45
-43
-38
-26
-20
-25
-28
-28
-29
-25
-28
-15
-29
-39
-24
-32
-36
-25
-39
-37
-25
-31
-11
-5
12
0
14
11
7
9
3
13
14
28
40
52
51
64
60
37
55
64
64
61
56
42
49
46
42
44
31
31
27
20
17
13
2
7
16
24
25
29
23
18
32
28
17
9
-1
3
16
-21
-29
-15
-28
-28
-29
-38
-29
-35
-43
-38
-50
-39
-45
-49
-47
-54
-70
-54
-56
-60
-42
-63
-53
-37
-58
-49
-54
-49
-36
-51
-57
-48
-52
-57
-37
-41
-48
-47
-41
-34
-55
-63
-67
-63
-47
-55
-50
-43
-55
-48
-48
-44
-29
-34
-36
-28
-38
-33
-23
-46
-36
-33
-36
-52
-45
-56
-54
-50
-50
-57
-68
-70
-78
-60
-77
-61
-61
-64
-45
-58
-36
-17
-37
-33
-24
-27
-22
-25
-23
-12
-22
-9
-16
-21
-19
-24
-6
-2
-3
0
-1
-7
-7
-24
-17
-24
-31
-9
-35
-48
-31
-49
-37
-33
-46
-53
-59
-63
-57
-74
-78
-69
-83
-78
-80
-78
-72
-85
-91
-79
-92
-94
-92
-88
-92
-89
-62
-54
-44
-39
-30
-35
-42
-37
-27
-27
-23
-18
-16
-2
-10
-21
-10
-19
-22
-17
-19
-29
-23
-22
-40
-34
-38
-36
-34
-40
-34
-30
-17
1
10
39
26
29
41
27
24
32
37
53
61
65
70
68
71
75
66
60
45
53
54
31
34
25
25
25
16
0
-22
-39
-46
-43
-70
-67
-72
-66
-73
-74
-69
-77
-75
-84
-86
-72
-72
-78
-72
-71
-64
-71
-91
-94
-96
-102
-93
-94
-112
-110
-111
-99
-100
-90
-85
-91
-63
-63
-62
-67
-66
-50
-53
-51
-32
-20
-25
-11
-13
-3
-23
-24
-4
-7
-20
-12
-15
-26
-24
-44
-30
-31
-38
-49
-54
-72
-65
-54
-60
-65
-59
-59
-54
-32
-65
-53
-46
-48
-32
-35
-29
-27
-31
-23
-12
-16
-17
-21
-10
-19
-11
-8
-28
-31
-21
-35
-27
-11
-27
-12
-15
-30
-19
-24
-36
-36
-52
-53
-58
-60
-63
-46
-56
-50
-46
-59
-58
-61
-52
-38
-44
-61
-57
-50
-39
-63
-64
-63
-71
-66
-72
-86
-89
-100
-106
-91
-99
-84
-82
-102
-108
-89
-87
-81
-81
-90
-88
-87
-90
-76
-68
-68
-71
-63
-50
-57
-63
-63
-66
-64
-77
-79
-70
-80
-65
-77
-58
-48
-58
-55
-61
-68
-54
-57
-64
-57
-57
-60
-55
-40
-52
-37
-47
-44
-41
-39
-22
-36
-29
-34
-31
-34
-31
-32
-33
-32
-37
-51
-50
-30
-48
-46
-40
-53
-48
-45
-47
-49
-57
-37
-44
-45
-43
-55
-44
-56
-69
-56
-60
-52
-55
-67
-48
-44
-49
-54
-43
-40
-50
-52
-58
-55
-60
-69
-59
-58
-69
-65
-49
-63
-66
-38
-57
-49
-29
-46
-25
-16
-25
-6
-20
-20
-3
-12
-24
-4
-10
-11
-1
-10
7
3
-3
17
13
3
-2
3
31
10
19
39
22
52
60
55
77
79
69
72
73
76
93
99
99
115
114
108
108
98
87
69
70
75
71
73
79
74
74
82
81
80
66
64
68
70
57
48
60
43
41
35
30
37
13
22
34
29
34
30
15
20
10
20
22
14
4
-2
5
-22
-25
-35
-27
-37
-37
-31
-51
-49
-60
-66
-61
-72
-78
-59
-75
-80
-94
-88
-86
-103
-97
-90
-92
-88
-86
-89
-84
-91
-98
-98
-97
-95
-106
-104
-109
-133
-127
-123
-116
-110
-115
-111
-108
-121
-122
-118
-112
-98
-108
-90
-76
-70
-71
-55
-41
-50
-41
-43
-35
-39
-36
-30
-49
-38
-36
-41
-21
-27
-41
-31
-31
-40
-9
-5
-20
-12
-19
-34
-31
-31
-26
-16
-26
-26
-29
-21
0
-5
-12
-10
-13
-20
-13
-18
-11
-3
-22
-21
6
5
-4
4
-3
19
13
16
23
26
18
13
27
23
31
20
13
1
2
-10
-4
19
6
16
25
18
37
30
14
36
24
13
33
41
25
35
43
30
49
52
48
69
46
50
63
63
65
76
67
76
80
73
79
92
92
90
96
83
93
103
86
88
96
91
103
80
71
74
56
58
53
69
68
47
55
60
54
39
33
38
36
33
39
41
48
35
30
32
14
15
6
-3
5
3
-9
-15
-11
0
-7
13
5
-3
-25
-38
-32
-39
-48
-53
-35
-56
-61
-43
-44
-49
-62
-66
-64
-86
-76
-73
-89
-80
-92
-81
-69
-74
-83
-78
-76
-67
-74
-65
-40
-47
-36
-21
-16
-14
0
-5
0
2
12
35
40
57
79
80
86
85
87
90
113
109
107
111
129
126
134
143
144
146
137
164
145
133
143
133
139
141
118
122
143
133
124
127
131
116
110
124
106
124
124
111
120
98
99
90
86
90
81
74
74
81
79
79
73
72
60
64
54
60
40
35
28
28
24
2
20
2
-20
-30
-34
-27
-41
-55
-41
-32
-44
-37
-40
-36
-50
-54
-61
-75
-75
-94
-84
-82
-104
-96
-86
-95
-115
-91
-71
-95
-94
-106
-87
-70
-95
-80
-63
-76
-84
-70
-74
-86
-94
-87
-71
-77
-94
-79
-66
-68
-50
-52
-42
-50
-31
-10
-16
-3
1
7
10
10
20
46
26
8
25
35
33
23
32
45
33
31
26
40
41
25
31
26
26
34
30
34
36
28
39
30
19
31
28
31
33
28
30
7
9
33
32
29
53
53
35
50
32
36
54
29
34
35
28
21
26
59
50
54
61
68
82
67
72
68
64
54
57
53
44
46
61
60
53
56
60
58
44
50
64
70
78
68
64
75
71
86
80
77
80
63
72
74
61
63
73
51
62
71
54
61
45
40
54
49
36
40
40
15
12
26
8
25
35
39
45
37
44
44
39
32
34
44
45
34
49
47
35
39
38
32
20
23
22
26
22
17
29
16
-2
8
14
8
-16
1
18
14
14
-7
8
-11
-13
-9
-11
-26
-38
-28
-39
-39
-29
-35
-19
-13
-36
-18
-11
-26
-10
-10
-17
-5
-18
-17
-10
-19
-25
-26
-7
-7
0
0
0
2
-7
-18
-13
-7
-12
3
-18
3
-2
5
12
19
37
27
25
12
21
31
26
40
62
75
67
77
88
103
95
71
103
117
111
125
132
136
126
114
135
133
131
127
108
120
123
121
119
113
97
91
94
107
83
85
89
87
98
72
75
63
58
44
28
33
35
34
44
52
47
61
45
51
66
53
47
34
24
29
27
23
44
46
27
30
17
28
26
-2
19
19
-1
3
-5
-11
-20
-14
-19
-33
-39
-32
-20
-32
-35
-25
-51
-47
-46
-47
-38
-63
-57
-49
-46
-55
-55
-44
-31
-35
-36
-24
-18
-31
-27
-18
-17
-2
-6
7
22
18
9
27
15
22
43
33
37
48
49
45
51
71
67
54
65
56
55
60
66
65
49
46
44
49
44
43
40
30
33
40
11
18
31
24
33
44
33
51
43
22
42
36
25
37
46
58
51
41
47
52
43
34
51
44
36
43
22
30
26
20
18
24
26
10
10
8
11
8
10
17
24
7
23
30
17
45
41
33
46
48
64
68
79
80
88
88
61
76
96
84
97
98
106
135
120
132
135
123
123
126
118
102
108
98
84
86
94
93
92
86
83
73
70
76
65
72
75
69
75
91
89
76
70
54
53
53
52
52
67
61
43
57
56
44
55
27
29
44
25
35
54
27
28
61
37
26
38
44
25
32
17
20
33
16
37
40
38
36
29
31
23
18
17
23
20
6
23
38
27
24
27
16
30
38
21
31
38
20
27
25
26
28
7
5
10
-4
-25
-7
-20
-11
-17
-24
-22
-42
-46
-48
-50
-64
-60
-54
-52
-59
-54
-58
-67
-75
-80
-78
-86
-92
-90
-96
-86
-88
-83
-75
-63
-61
-59
-60
-66
-67
-52
-44
-45
-37
-27
-12
-13
1
7
5
3
18
30
21
15
13
19
26
15
6
0
1
-19
-20
-20
-30
-31
-17
-31
-38
-41
-52
-31
-47
-61
-64
-64
-76
-84
-81
-83
-85
-65
-74
-61
-68
-77
-76
-78
-89
-76
-51
-68
-40
-24
-39
-28
-11
-22
-13
-4
-8
11
14
-10
17
30
15
30
14
3
20
13
4
30
15
11
26
26
33
41
27
18
28
10
25
10
-8
11
8
10
27
1
13
21
9
6
-10
-7
7
6
6
-2
-7
-17
-18
-16
-20
-20
-23
-17
-25
-16
-20
-18
-28
-28
-30
-41
-58
-49
-20
-36
-32
-2
-6
2
19
7
25
14
4
44
38
33
45
56
71
48
42
48
48
44
9
21
17
-7
-2
4
-21
-35
-40
-45
-52
-64
-59
-58
-81
-91
-92
-92
-86
-96
-84
-77
-68
-86
-90
-71
-62
-62
-52
-41
-46
-34
-24
-36
-5
-5
-21
1
11
12
23
27
50
55
47
63
71
79
78
68
91
81
76
78
72
68
73
74
75
68
60
68
71
60
44
51
51
30
48
58
40
54
43
48
50
32
49
41
28
23
32
37
32
39
31
43
30
45
55
35
31
40
36
47
33
19
21
10
1
-6
-11
-22
-33
-55
-44
-58
-55
-54
-64
-62
-70
-65
-56
-73
-77
-60
-65
-55
-52
-52
-66
-65
-63
-61
-55
-63
-58
-64
-60
-51
-47
-63
-61
-53
-71
-82
-75
-72
-86
-86
-91
-77
-90
-105
-100
-118
-104
-113
-113
-97
-110
-103
-82
-88
-92
-91
-84
-76
-76
-86
-82
-72
-77
-55
-71
-63
-57
-79
-65
-75
-87
-86
-78
-92
-90
-78
-102
-98
-105
-115
-105
-121
-126
-119
-117
-123
-110
-104
-117
-109
-113
-123
-111
-116
-110
-106
-106
-95
-93
-95
-82
-77
-65
-67
-68
-66
-50
-64
-69
-68
-68
-52
-56
-43
-40
-44
-45
-55
-49
-46
-52
-29
-24
-53
-35
-37
-43
-30
-42
-46
-51
-54
-55
-43
-56
-61
-45
-47
-35
-25
-23
-20
-11
-13
-19
-39
-33
-23
-21
-16
-7
-1
-3
-4
14
5
0
-2
-4
16
-2
6
6
-2
-11
-7
-3
-19
-33
-30
-45
-46
-49
-50
-37
-33
-41
-52
-49
-70
-68
-63
-75
-66
-78
-76
-66
-58
-63
-74
-79
-95
-85
-92
-99
-112
-101
-110
-118
-122
-114
-140
-148
-106
-111
-89
-67
-64
-71
-67
-88
-108
-101
-111
-91
-58
-61
-56
-47
-49
-26
-72
-70
-54
-69
-40
-24
-9
1
10
-12
-24
-21
-49
-29
-28
-41
-21
-21
-17
-14
-23
-18
-17
-25
-28
-28
-23
-12
10
3
27
34
-3
24
28
21
39
28
31
28
34
40
31
28
22
24
35
25
45
44
42
52
53
53
53
52
57
63
55
53
50
59
61
63
62
62
60
59
60
68
63
65
81
80
75
58
57
56
57
47
47
34
40
33
28
33
5
13
17
12
10
-1
-2
0
-3
-11
-11
-24
-23
-25
-26
-20
-29
-15
-8
-12
-14
-6
-25
-35
-27
-27
-27
-32
-39
-42
-66
-71
-65
-71
-88
-93
-81
-78
-99
-94
-86
-80
-85
-100
-69
-73
-99
-96
-77
-72
-87
-79
-78
-93
-85
-71
-63
-58
-64
-59
-49
-62
-68
-68
-69
-86
-95
-87
-87
-87
-98
-105
-88
-102
-91
-98
-89
-95
-116
-96
-88
-111
-112
-82
-98
-100
-119
-110
-91
-122
-118
-107
-127
-128
-121
-109
-111
-106
-90
-109
-104
-109
-94
-91
-80
-76
-78
-83
-63
-57
-64
-47
-49
-38
-23
-34
-19
-21
-22
-19
-17
4
10
20
17
44
40
47
58
58
54
62
70
76
78
82
84
72
58
64
66
55
58
66
68
66
49
68
76
67
50
48
43
39
13
0
8
-9
-14
-25
-18
-37
-55
-55
-69
-63
-73
-69
-74
-80
-83
-88
-84
-84
-83
-89
-75
-75
-81
-76
-88
-94
-86
-77
-79
-87
-87
-73
-70
-78
-75
-71
-48
-67
-35
-21
-46
-22
-18
-24
-1
-32
-38
-13
-29
-30
-11
-11
-2
-2
-18
15
4
-17
-3
-4
-33
-49
-26
-24
-29
-19
-31
-14
-16
-37
-29
-17
-20
-13
-3
-5
10
11
21
35
25
23
21
27
27
37
30
38
51
51
65
59
64
74
60
67
55
55
70
76
67
71
77
67
60
46
58
51
40
34
47
38
17
40
32
34
35
19
36
27
15
18
10
39
43
33
56
51
48
66
56
81
99
87
88
90
89
95
85
69
87
89
82
106
106
94
107
99
106
117
82
80
83
74
48
43
37
33
26
22
18
22
23
25
19
4
-1
24
8
-11
-9
-9
13
1
-2
16
-1
-8
-7
-11
-10
-33
-32
-18
-35
-41
-32
-37
-55
-46
-54
-62
-77
-86
-77
-95
-113
-95
-89
-102
-108
-120
-102
-94
-110
-101
-89
-104
-113
-108
-91
-102
-120
-96
-99
-112
-108
-110
-86
-87
-97
-94
-101
-124
-119
-112
-117
-120
-125
-114
-96
-105
-98
-65
-57
-72
-76
-72
-69
-72
-74
-71
-67
-61
-67
-54
-63
-63
-59
-52
-39
-51
-25
-27
-28
-15
-13
0
-1
-9
6
16
15
23
43
42
62
75
76
90
93
106
110
110
118
139
129
129
134
144
144
135
145
148
144
131
135
150
138
137
141
142
140
116
123
114
84
104
78
81
93
78
79
91
64
66
69
61
72
73
58
65
61
57
73
60
54
66
65
38
48
62
63
69
53
55
65
65
59
57
55
59
52
51
46
49
58
46
47
42
46
55
40
33
30
41
35
31
37
37
50
36
49
52
61
57
65
79
95
103
103
110
97
108
101
107
109
113
117
118
134
138
132
143
137
132
162
144
144
132
115
131
125
116
114
107
103
110
109
123
106
133
136
147
144
130
140
149
138
139
148
141
151
134
147
162
143
163
166
152
143
155
163
148
147
132
125
132
115
123
154
135
125
149
141
136
141
133
128
123
121
129
121
102
119
107
86
96
96
82
73
75
66
48
39
56
39
40
41
45
52
54
65
58
70
67
64
78
86
84
94
107
98
121
114
124
147
118
143
140
119
137
135
139
125
132
122
106
92
95
88
80
78
78
87
74
70
71
87
85
74
81
65
66
69
60
63
70
78
119
123
128
132
112
121
117
144
150
151
167
143
159
165
150
148
148
138
138
128
109
119
108
96
106
121
104
97
81
61
91
76
69
91
73
53
49
52
79
61
42
65
59
52
53
51
48
42
48
44
53
51
31
36
26
44
53
48
35
25
40
38
23
33
22
-3
0
26
25
58
46
48
59
49
66
48
34
41
58
70
99
82
55
42
59
73
86
94
73
86
98
97
92
81
75
85
75
123
117
110
96
83
96
96
94
71
76
66
74
99
116
87
88
97
103
123
94
85
86
94
110
131
116
89
96
115
87
73
60
52
90
60
67
81
42
67
66
14
23
28
51
61
30
45
51
67
100
40
61
64
45
70
85
69
48
71
91
116
98
94
113
65
78
75
44
81
80
46
58
64
91
124
73
90
105
86
121
153
141
148
147
141
143
139
159
168
157
170
149
146
156
138
130
160
146
134
130
117
148
133
112
110
74
79
100
54
87
94
54
86
66
69
72
29
54
64
70
131
67
57
118
41
57
55
22
94
84
12
72
56
15
57
-39
69
68
10
38
39
4
-6
-6
-7
67
-40
-21
18
-7
-1
-3
16
31
25
-6
65
29
0
25
-36
74
-49
-2
70
-13
52
43
-6
67
24
-59
113
-24
-6
89
-52
38
11
-40
69
8
13
65
41
46
11
88
22
61
55
46
82
59
35
62
77
-44
181
46
7
119
-7
70
117
7
51
56
-35
101
73
-31
83
14
-20
86
4
19
4
-23
50
-6
-8
49
3
-27
66
-13
13
22
-3
-37
42
-23
17
95
-61
2
-4
21
-26
30
-12
33
36
-51
70
85
-85
26
-28
-89
63
7
-136
61
25
-105
107
-22
-93
-58
-44
-138
74
-61
-104
49
-149
-73
33
-154
-70
1
-274
85
-83
-182
111
-98
-176
82
-85
-64
51
-173
19
-24
-84
26
0
-149
-15
-64
-67
-32
4
-119
26
-23
-88
-3
-11
-32
-16
-75
-37
30
-173
59
-22
-65
-2
-23
84
-74
-42
86
-190
62
76
-155
75
-7
-35
96
-53
-43
70
-121
36
36
-164
57
-48
-105
138
-79
29
-7
-128
85
-51
-44
75
5
-49
94
-85
47
-95
-44
125
-163
-26
-20
-71
36
-38
-86
30
-153
6
-27
-175
25
-203
-49
67
-166
-35
35
-213
-63
11
-177
167
-114
-73
20
-97
40
2
51
6
-23
-49
101
-110
74
-59
-4
36
-35
93
45
-98
106
79
-150
257
-84
-44
231
-175
91
187
-140
98
73
-211
180
1
-138
237
-153
2
156
-334
-37
123
-246
41
122
-137
100
-34
-172
-18
-117
-130
155
-212
22
102
-248
-21
98
-242
17
-27
-148
166
-215
113
-58
-177
170
-176
-84
62
-261
-71
49
-180
114
10
-386
269
-300
-42
52
-280
120
-76
-176
30
34
-388
280
-208
-183
215
-341
21
27
-219
109
16
-134
77
-80
-73
61
-255
95
-22
-135
125
-188
109
17
-229
365
-218
17
43
-116
75
58
-209
359
-5
-330
333
-199
-21
-88
-7
56
-19
-104
249
-258
-3
-107
51
-200
-148
144
-334
-29
-44
64
-324
62
-229
40
-266
53
9
-209
155
-346
16
-136
-83
-40
-88
-100
123
-260
-68
8
-216
41
-90
26
29
-155
1
-142
-156
92
-311
129
-70
-160
155
-306
55
-64
-206
66
-73
-37
-86
59
-149
42
-114
-28
-123
-71
54
-284
134
-383
159
-234
-234
126
-428
-90
-212
-187
-191
-108
-489
123
-335
-299
44
-424
-146
-55
-399
-133
26
-545
113
-47
-446
37
-128
-510
163
-254
-208
93
-298
73
-101
-182
-88
1
-174
8
-41
13
-66
36
21
-157
119
-18
-117
91
-56
0
-76
137
72
3
120
81
-56
19
41
66
123
-87
248
-10
3
191
-85
7
60
-101
31
86
-105
249
-29
-71
145
-137
86
-137
-190
108
-165
-65
-7
16
-122
-47
-218
92
-371
-64
-63
-128
5
-205
13
-86
-287
-3
-79
-340
-13
-244
-62
-93
-181
-49
-12
-272
11
-252
87
-139
-192
11
-119
-142
123
-70
-118
139
-349
376
-368
146
-52
35
-184
212
-19
-46
405
-441
453
-222
-77
273
-122
106
-2
-13
237
-95
-79
58
-21
-384
501
-368
-46
306
-449
247
-147
-214
-36
214
-433
305
-309
42
-16
-212
135
-448
208
-316
85
-150
-12
-181
-68
-149
32
-114
-180
170
-293
118
-81
-155
-128
-26
-149
-251
197
-185
-238
466
-614
393
-247
-302
385
-314
-170
602
-710
367
300
-729
568
-309
-251
384
-347
-42
515
-768
585
57
-311
294
25
-276
305
-120
-191
446
-368
134
185
-300
115
-129
-34
-78
81
-104
-24
245
-379
255
-184
45
-214
48
-61
-217
154
-271
227
-263
88
-62
-16
-83
-85
-21
-111
-72
29
-45
136
-241
13
45
-228
165
-258
171
-71
-89
150
-189
-41
-26
-102
-143
157
-301
-83
86
-381
129
-85
-292
68
-24
-298
89
-217
-378
307
-328
-347
408
-641
184
-14
-514
252
-101
-324
202
-190
-210
316
-526
322
-46
-283
253
-133
-72
2
-144
204
-184
-61
332
-440
395
-110
-155
1
225
-409
386
-160
-211
486
-516
132
-70
-41
-333
349
-479
79
240
-645
609
-464
51
5
-219
-147
360
-700
365
86
-478
517
-660
315
-188
-117
-197
435
-635
384
-69
-308
546
-554
417
-405
248
-334
275
-521
328
-74
-178
192
-251
299
-379
230
-186
185
6
-134
-63
324
-694
599
-205
3
281
-465
618
-355
182
-122
243
-110
304
98
-87
408
-378
763
-672
472
130
-390
590
-54
-44
232
23
-15
195
-200
269
96
-366
479
-28
-352
648
-603
395
189
-537
453
-113
-200
446
-352
63
481
-770
655
-103
4
19
40
224
267
-416
717
-127
-126
362
-353
591
-259
152
98
431
-526
560
-255
356
14
-3
4
440
-75
-259
445
-36
-45
34
340
-135
407
-429
680
-363
339
-94
393
-219
427
-98
-94
700
-578
398
134
-42
151
284
-295
451
-142
-22
207
-67
-55
210
-222
531
-408
228
149
-151
-228
253
-169
113
-233
154
140
-252
190
-188
215
-102
-121
229
148
-139
303
-64
-13
126
37
-181
467
-531
717
-163
123
441
-241
20
82
301
-655
790
-578
459
21
-143
352
-133
-177
126
8
231
0
-52
327
19
-182
44
103
-100
34
27
324
-207
251
-63
117
124
-192
31
380
-328
471
-199
97
277
-564
463
-119
-150
206
241
-211
359
-67
-62
304
-419
543
-202
154
281
-229
83
138
-217
151
132
-211
420
-277
165
287
-394
336
226
-65
113
-91
-11
561
-580
290
425
-503
560
-199
112
168
-13
-229
778
-771
360
264
-689
727
-301
-161
323
-138
-248
349
-535
-222
415
-597
37
362
-771
525
-451
-62
-131
-24
-557
578
-458
-216
65
-156
-133
51
-350
-122
35
-517
599
-816
403
-254
372
-715
801
-448
-26
12
81
32
-163
90
150
-89
-185
455
-331
431
-300
482
-362
210
-31
308
-415
644
-580
128
229
-462
503
-533
446
-15
-413
440
238
-808
982
-649
272
-96
-129
247
-387
-56
365
6
-243
639
-631
580
-733
644
-400
155
6
395
-577
778
-640
216
381
-800
587
-491
319
-40
-140
135
94
-240
227
-55
-285
13
-95
-261
601
-763
727
-298
-193
546
-764
479
-96
-120
-137
571
-564
304
451
-587
482
-37
-191
21
-102
-24
344
-349
566
144
-263
367
-244
-53
-53
204
-133
467
-584
1038
-703
145
648
-1034
613
26
-211
110
535
-462
995
-723
304
744
-1006
648
-271
47
-26
489
-245
897
-698
590
1
-367
822
-533
255
381
-275
563
13
-125
332
-332
339
-125
117
63
99
-88
264
27
-171
289
-136
485
-589
668
-523
261
-101
47
170
-243
374
-72
173
21
185
-194
177
-58
25
220
-195
225
-208
-31
499
-470
65
399
-123
-160
370
-69
130
61
102
-60
32
-30
-281
354
-94
212
-66
285
131
-431
445
130
-596
474
70
-129
568
-406
184
87
-219
391
12
-234
577
-237
-132
490
213
-169
243
165
130
-256
771
-580
894
-540
250
504
-529
371
213
-115
-187
1102
-1279
794
-84
-600
607
-287
-279
712
-289
-414
721
-966
103
613
-1184
865
296
-1100
1186
-366
-733
1179
-1048
445
422
-589
310
598
-935
512
-2
-554
706
-440
62
241
-86
-347
678
-794
397
192
-731
463
217
-601
555
-97
-341
382
-526
215
-3
-155
-5
492
-554
587
-312
-512
430
-519
99
-67
178
-427
407
-537
312
-279
-275
66
290
-596
865
-481
-272
1000
-1391
912
-350
-87
57
346
-598
726
-618
288
347
-800
526
143
-424
179
142
-441
443
-394
265
-58
-240
-153
371
-601
99
4
-194
290
-386
150
-34
11
-503
546
143
-601
825
-308
-28
-78
134
-237
57
-26
-48
446
-660
827
-236
-149
426
-149
-177
126
-124
-128
200
-335
313
82
-254
219
-80
-361
1013
-1292
1041
42
-402
436
173
-347
79
468
-582
924
-700
200
493
-744
433
557
-326
376
343
-673
708
-295
198
188
7
136
529
-254
-211
847
-1010
294
637
-359
320
-273
467
-525
606
-994
1456
-1056
443
534
-1090
1188
-564
104
249
333
-773
1108
-512
-136
794
-1043
1470
-585
217
542
-134
-2
276
378
-442
889
-814
789
-33
-283
507
-40
333
-300
1245
-1312
1532
-1162
726
-99
2
-329
1023
-700
90
737
-1433
1595
-1087
240
237
-685
504
163
-344
332
471
-1108
1215
-580
-569
1058
-1568
1798
-1578
534
735
-1103
690
-223
-62
-276
429
-267
180
43
-647
1294
-918
321
365
-1045
818
-713
736
-872
1287
-1466
1373
-788
253
371
-471
-544
713
-42
-1014
2052
-2104
1843
-1175
424
-76
-32
-476
823
-390
-28
954
-972
756
-390
-72
61
705
-723
781
109
-434
233
478
-416
197
1
-489
973
-1048
573
623
-1424
1677
-656
-53
567
-366
-231
636
-468
137
643
-1394
1573
-1038
262
363
-293
-135
139
-19
1
100
-49
345
-811
721
-38
-78
106
387
-592
753
-508
41
359
-1300
1288
-516
128
148
121
-466
569
-407
-150
774
-935
735
-90
-571
689
-717
87
-8
-22
-514
992
-743
100
939
-1849
2165
-1827
1312
-676
313
-119
447
-52
-468
966
-758
403
-212
707
-883
1040
-895
738
-92
-149
264
277
-721
737
-402
-278
1409
-1624
1174
-373
-219
559
-594
105
792
-1546
913
515
-1508
1316
-523
-612
1392
-1888
998
381
-1460
1227
40
-1625
1615
-822
-764
1305
-1017
-205
1167
-1288
1036
-281
-920
984
-497
-288
830
137
-411
624
-319
-74
445
-368
-419
1065
-1283
762
537
-493
269
830
-1270
1539
-801
141
541
-496
335
177
7
-685
1683
-2014
1336
-269
-158
490
164
-15
-145
216
-82
198
-392
264
431
-1212
1110
-541
-189
937
-992
1171
-735
135
316
-76
-1020
1926
-1730
616
1741
-2352
2517
-1292
125
851
-489
-651
1891
-1799
991
1291
-2632
3110
-1939
384
699
-161
-443
1292
-988
574
580
-1916
2179
-1366
85
1205
-1095
212
844
-984
-134
1004
-1604
1728
-1069
366
520
-1158
703
41
-798
363
271
-858
615
-472
102
-238
357
-447
823
-1278
1114
-1099
618
-686
803
-628
368
-160
-295
109
-1021
1809
-2356
2264
-1683
1118
-736
791
-1117
743
-761
193
100
-607
1353
-1316
781
-276
479
-1051
749
-730
647
-484
234
452
-323
-93
-19
-164
-586
800
-892
537
239
-776
781
-435
-738
1002
-1268
656
-242
161
-413
479
-98
-431
230
-682
596
-1190
1007
-564
650
-550
611
-295
-279
-46
-22
-410
298
89
-706
1165
-978
923
-945
802
-345
-235
49
245
-250
-37
289
-374
243
-44
-379
569
-769
215
286
-461
197
-145
30
-944
1318
-1270
539
81
-579
562
-599
-325
297
-340
-616
934
-741
26
265
-1120
1264
-1090
635
-103
-212
268
-708
427
-345
-55
-213
470
-994
815
-752
-52
610
-1078
1253
-193
-385
764
-329
-899
741
-619
-138
883
-1501
1703
-750
-288
372
-396
-806
1122
-1317
627
570
-1170
1070
-485
-84
-626
765
-1072
1184
-1069
596
176
-1155
625
-421
-447
404
-373
110
251
-614
277
-380
-388
272
-376
6
-101
-240
758
-871
238
353
-1184
905
-494
107
435
-1002
455
-140
-362
-136
582
-1530
1976
-1565
582
1009
-1368
436
-199
-250
291
-215
-501
792
-1655
1169
-490
22
-54
-38
101
-705
603
-548
99
-698
-29
119
-498
661
77
-404
72
-90
-187
165
-739
210
264
-329
-35
130
-499
-40
-107
-630
211
833
-1386
1463
-107
-864
954
-839
538
-283
-663
568
-453
-429
832
-19
-531
726
-751
295
-9
-24
-20
-401
444
-337
-239
-304
647
-1147
263
447
-528
269
-217
-519
708
-579
890
668
222
1509
-229
1153
1025
-2178
-3047
-439
-2021
-164
-124
606
25
-95
790
-32
-1474
-528
-493
506
961
189
367
-214
-363
-353
-257
-549
1834
-998
1543
136
352
369
491
-234
117
-335
179
819
-1125
535
-699
-637
-228
-321
-1372
156
-624
218
407
-369
266
-520
95
159
-97
49
515
-482
-27
-17
-406
-410
216
-387
-30
-133
111
-61
290
-192
220
82
-276
543
-1405
403
-485
-333
-84
694
-642
261
-30
-17
-356
-106
245
-410
-8
340
379
-1558
886
-1064
-811
412
353
-719
-5
-199
169
-313
-778
514
-716
-393
536
-79
-172
-256
-330
93
-583
15
-280
131
-117
-187
-273
183
-362
-29
-22
-618
1151
-478
252
380
-530
-216
18
-332
315
-44
-50
549
-240
-72
84
-490
129
84
-8
190
-71
207
-246
-262
67
-138
-381
442
-492
18
-28
-785
268
-194
-607
128
112
-248
-50
-52
-118
-15
-382
-62
-177
-201
-433
68
-170
-103
153
-80
-178
-193
-159
-84
460
-542
474
29
-120
371
-203
249
-115
-293
-118
601
-343
317
-92
-129
100
-245
359
-270
-492
-11
-207
-141
219
2
-227
59
-562
-389
108
-667
582
-439
-168
55
-77
-609
87
-1004
-155
21
-713
636
-189
-323
569
-655
-15
381
-473
276
146
-375
366
-210
-281
-113
-333
-426
361
295
162
254
-381
308
-204
-235
290
-414
-415
387
-362
477
-69
-215
18
-122
-72
86
-200
28
191
-175
340
178
-38
-122
-52
-286
101
-354
411
-233
-29
-170
119
74
183
-316
-465
87
-362
-52
-335
-306
-568
-98
-16
60
143
-284
388
141
330
417
-80
490
156
246
234
344
201
201
82
48
74
-188
114
246
105
-60
397
-202
293
-159
-192
-161
-170
-97
-62
291
-178
-32
-122
58
-171
64
-77
97
285
-231
306
189
-78
18
-142
-41
71
-136
277
37
-94
-82
279
-612
266
125
-217
311
-149
401
100
306
279
146
-67
307
-53
-3
129
60
4
-47
194
118
-48
256
96
-125
369
-137
38
188
-273
250
-64
-99
308
-247
-71
176
-367
-151
397
-160
29
170
-256
64
126
-92
90
275
-89
198
25
-145
292
-464
15
252
-211
-193
256
-34
56
45
-328
98
-143
-120
-9
-60
-176
82
-112
-75
149
-348
-115
256
-110
96
-110
-152
52
17
-14
55
91
-67
-33
-38
283
-129
-325
1
124
33
-22
87
154
-173
21
262
41
303
78
192
135
43
62
57
187
90
18
49
265
134
167
-13
140
-90
-11
22
-40
70
-153
-80
109
-37
-53
9
-19
76
-36
-198
-17
-135
-182
-182
-122
-127
-62
-82
102
147
-15
-35
-20
-12
-206
-114
-116
27
-52
-156
90
-19
5
-104
73
-167
150
28
136
145
56
-18
-111
122
19
9
74
93
85
38
26
325
134
114
183
154
266
332
355
183
158
180
170
319
347
223
129
311
150
144
163
199
85
249
223
358
260
308
236
58
286
-54
125
55
92
129
19
226
119
124
96
20
-142
6
-73
23
34
-16
-22
-188
81
-163
11
-275
-138
-144
-63
-24
79
10
127
65
-11
28
-155
-61
-167
-12
-155
28
-77
-137
-17
-89
-5
-71
-35
-152
-31
-158
-107
-97
-104
-99
-32
10
-35
78
-147
35
-26
27
160
95
125
210
120
271
311
161
374
225
328
366
516
453
571
317
291
354
225
456
355
520
523
662
498
605
402
304
350
200
310
272
225
227
360
142
288
73
137
130
-160
8
-136
-39
-128
-141
-205
-250
-583
-554
-793
-573
-694
-705
-670
-803
-788
-973
-857
-973
-941
-1018
-905
-914
-723
-744
-752
-706
-821
-763
-814
-750
-615
-746
-559
-480
-491
-361
-318
-406
-208
-295
-177
-54
2
51
25
271
255
480
727
905
1046
1201
1210
1481
1500
1688
2018
2143
2507
2563
2849
2937
3353
3701
3901
4314
4586
4880
5197
5012
4855
4624
3753
3057
1529
-392
-1584
-2278
-2113
-1518
-1634
-1970
-2609
-4017
-5088
-5814
-5980
-5675
-4982
-3969
-2369
-1690
-1490
-1489
-1820
-2157
-2141
-1396
81
1370
2238
2984
3258
2843
1773
760
-85
-773
-1297
-998
-681
-876
-1380
-2604
-3419
-4301
-5593
-5561
-5039
-4482
-3564
-2926
-2484
-1954
-2119
-2080
-1733
-1731
-1237
-631
266
1270
1680
1833
1946
1976
1860
2129
2730
3218
3300
3333
3164
3069
3217
3188
3418
3685
3805
4310
5019
5514
6438
7336
7448
7009
6040
4505
3954
1617
-1390
-1649
-1743
-982
-103
-1135
-1158
-2606
-6280
-6680
-7326
-7383
-6107
-5469
-2397
-563
-1519
-1266
-1201
-2201
-2887
-2712
-85
2277
3222
4524
5677
5515
3286
1850
1554
896
257
367
1507
2084
401
-1231
-2350
-4270
-6302
-7471
-6610
-5342
-4518
-3707
-2169
-1908
-2580
-2947
-2741
-1881
-1504
-891
763
1932
1945
2046
1740
1642
1025
505
920
1315
1315
1107
584
175
-587
-1678
-1727
-1723
-1597
-1751
-1588
-1221
-1131
-1040
-800
61
861
1985
3106
4551
6051
6742
7291
8114
8687
9331
9715
9899
10412
9842
8804
6805
2404
-1785
-3653
-4278
-3275
-2609
-3107
-3129
-4924
-7872
-9285
-10991
-11517
-10747
-8957
-4946
-2083
-982
88
35
-920
-1537
-854
1835
4171
5939
7845
9382
9249
7248
5154
3129
847
-879
-1034
-137
156
-1044
-2662
-4403
-6944
-9311
-10225
-9602
-8138
-6780
-5014
-2739
-1654
-1658
-1540
-1286
-780
-105
1125
2995
4193
4590
4441
3815
3066
2044
1501
1425
1347
765
1
-628
-1502
-2534
-3515
-3987
-4173
-4238
-4001
-3333
-2650
-1964
-1415
-727
409
1461
3079
4943
6603
8547
9585
9879
11027
11391
11294
11994
10896
10369
9869
7241
4290
-1166
-5522
-6096
-6915
-5995
-5529
-6485
-6328
-8862
-10996
-11122
-12003
-11283
-9381
-5942
-1277
663
1863
2941
2400
1533
1307
3328
6189
7708
9042
10365
10669
9046
6296
4151
1809
-717
-2031
-1925
-1495
-2286
-4129
-5808
-7755
-9983
-11090
-10492
-8568
-6738
-4979
-2783
-1083
-234
-52
677
1216
1852
2701
3752
4789
4986
4361
3189
1773
327
-516
-1085
-979
-1246
-2372
-3168
-4256
-5240
-5993
-6412
-6218
-5551
-5022
-4465
-3892
-3518
-2678
-1873
-222
1906
3993
5986
7493
8791
9875
9992
10361
11078
10918
11807
11674
10687
10019
8148
6033
3980
93
-5466
-8490
-9338
-8781
-6606
-6438
-5763
-5434
-8220
-8956
-9076
-9219
-6851
-4608
-369
4534
5688
6426
6618
5263
4428
4160
5746
7969
8633
8907
9103
8222
5818
2680
-86
-2769
-5220
-6233
-5919
-5299
-5813
-7414
-8793
-10060
-11084
-10707
-9042
-6592
-4396
-2720
-904
594
1465
1970
2639
3083
3623
3923
4274
4281
3450
1952
-99
-1367
-2085
-2564
-2488
-2927
-3710
-4855
-6182
-6860
-7117
-6951
-6434
-5371
-4011
-2885
-2303
-1729
-1007
-259
1035
3135
5519
7516
9202
10278
11000
11371
10842
10374
10480
10475
10429
10283
9584
8603
6522
4486
2544
339
-4454
-9504
-10428
-9837
-7540
-5509
-4988
-3619
-4763
-7089
-6760
-6455
-5381
-3414
-993
3751
6404
5972
6402
5627
3980
2715
2558
4463
5412
5154
5121
4868
3225
339
-2344
-4439
-6280
-7345
-7072
-6002
-5750
-6572
-7342
-7940
-8171
-7743
-6393
-4322
-2440
-1034
375
1629
2242
2481
3163
3530
3904
4264
3638
2863
1534
248
-997
-2062
-2662
-2981
-2909
-3061
-3570
-4243
-5193
-5948
-6230
-5886
-5214
-4398
-3096
-1679
-471
279
963
1514
2412
3569
4968
6844
8310
9202
9820
9940
9619
9045
8420
8184
8043
7506
6765
5489
4385
3443
1986
1014
-1741
-7242
-10248
-10442
-9007
-5976
-4777
-3402
-2142
-3831
-4531
-4340
-4422
-2997
-1850
1209
5333
6268
6523
6441
5079
3542
2261
2618
3930
4015
3724
3581
3072
1437
-952
-2971
-4761
-6393
-6761
-6168
-5346
-5294
-5917
-6343
-6696
-6736
-6011
-4814
-3170
-1655
-662
503
1380
1497
1971
2598
2944
3165
2640
2102
1704
397
-735
-1733
-2950
-3217
-3028
-3299
-3204
-3444
-4395
-5121
-5759
-5760
-5853
-5485
-4237
-2784
-1448
-124
935
1543
2181
2930
3963
5619
7383
8443
9340
10043
10378
10240
9686
9281
8618
7742
7373
6544
5779
5160
3764
2633
323
-5401
-9461
-10320
-9543
-6432
-4920
-3496
-1690
-3242
-4578
-4942
-5405
-4370
-3070
-387
4002
5644
5723
5757
4502
2856
1506
1397
2739
3359
3413
3907
3720
2421
99
-2347
-4416
-5919
-6342
-5529
-4681
-4722
-5491
-6402
-6979
-7301
-6982
-5853
-4524
-2782
-1251
415
1632
1758
2023
2040
2132
2147
2226
2512
2218
1364
516
-564
-1696
-2285
-2522
-2725
-2890
-3063
-3439
-3998
-4572
-4987
-5516
-5483
-4762
-3811
-2175
-717
242
1118
1520
2221
3355
4848
6536
7913
8773
9569
10122
9808
9415
9349
8522
8091
7771
6748
6575
5397
3731
2794
-783
-6518
-9200
-9920
-8317
-5195
-4481
-2516
-1641
-3737
-4518
-5258
-5511
-3993
-2478
1165
5252
5844
6128
5748
3826
2375
1202
1769
3149
3330
3621
4189
3721
1842
-479
-2844
-5075
-6574
-6767
-5600
-4585
-4841
-5796
-6618
-7581
-8137
-7656
-6374
-4511
-2930
-1372
344
1432
1539
1242
1211
1350
1634
2547
3200
2792
1887
719
-615
-1561
-1994
-2114
-2133
-2283
-2452
-3069
-3924
-4680
-5348
-5784
-5453
-4482
-3320
-1464
-241
670
1619
2370
3353
4437
5829
7911
9508
10574
11554
11666
11384
10986
10187
9744
9353
8475
7859
6733
5043
3339
-229
-6058
-9292
-10235
-9431
-6618
-5442
-4007
-3078
-4786
-5888
-6395
-6751
-5246
-3495
-271
4189
5359
5707
5813
3988
2354
1190
1348
2649
3149
3442
3907
3628
2049
-350
-2817
-5092
-6886
-7469
-6779
-5782
-5410
-5937
-6830
-7783
-8511
-8353
-7172
-5259
-3437
-1939
-424
680
1054
1577
2124
2217
2183
2470
2848
2790
2601
2214
1140
151
-528
-1177
-1416
-1566
-2090
-2930
-3649
-4335
-4909
-5188
-5070
-4633
-3985
-3098
-1748
-376
786
2360
3561
4603
6141
8016
9951
11631
12765
13063
12783
12158
11850
11297
10572
10120
8844
7204
5448
2153
-3788
-8485
-10162
-10180
-8307
-7189
-6149
-4973
-5720
-7017
-8096
-8556
-7505
-5818
-2867
1756
4433
5480
6250
5506
4081
2642
2099
2809
3518
3922
4656
4870
3919
2152
-378
-3073
-5261
-6713
-6901
-6236
-5882
-5829
-6005
-6698
-7755
-8698
-8351
-6919
-5106
-3163
-1343
-132
274
824
1507
2093
2092
1850
1776
1876
2259
2507
2499
1914
917
-243
-1126
-1467
-1448
-1760
-2506
-3165
-3879
-4434
-4727
-4573
-4234
-3770
-3265
-2318
-964
808
2513
3910
5282
6837
8520
10203
12031
13492
14180
14078
13559
12440
11860
11252
10174
8743
6210
2345
-3463
-7649
-8840
-8727
-7616
-7082
-7036
-6755
-7649
-8917
-9272
-9613
-8680
-6862
-4155
36
2556
4058
5372
5067
4212
3503
3413
4016
4352
4734
5524
5618
4724
3204
956
-1451
-3734
-5346
-5973
-6136
-6333
-6594
-6790
-7453
-8266
-8841
-8716
-7767
-6401
-4897
-3061
-1547
-886
-80
887
1395
1548
1605
1744
1845
2088
2781
3245
3302
3090
2295
1256
427
-114
-727
-1124
-1286
-2041
-2936
-3299
-3678
-3905
-3826
-3612
-3240
-2724
-1318
712
2631
4802
6392
7752
9243
10603
12134
13403
14169
14166
13547
12903
12643
11350
9284
5374
-402
-4332
-6104
-5960
-4837
-4461
-4476
-5468
-7650
-9253
-10464
-11001
-10104
-8849
-6521
-3398
-1343
695
2356
2740
2401
1913
2216
2893
3574
4757
5983
6311
5737
4341
2587
674
-1232
-2637
-3457
-3911
-4725
-5325
-5627
-6291
-7038
-7801
-8272
-7822
-7215
-6234
-4726
-3411
-2242
-1315
-687
-506
-645
-950
-915
-587
232
1395
2102
2312
2142
1837
1341
1049
762
235
-143
-480
-833
-1208
-1566
-1834
-2237
-2575
-2627
-2609
-2424
-1766
-759
848
2801
4453
6205
7788
9001
10196
11008
11667
12459
12850
12749
12259
11300
9265
5234
1019
-1467
-2703
-2507
-2011
-1847
-1726
-2790
-4862
-7042
-8885
-9502
-9245
-8293
-6202
-4361
-2884
-1042
251
706
657
486
610
912
1807
3503
5293
6185
6099
4917
3094
1388
90
-624
-1053
-1700
-2483
-3221
-3771
-4321
-5031
-5706
-6450
-6948
-7216
-6639
-5467
-4397
-3307
-2455
-2111
-2268
-2617
-2796
-2828
-2668
-1631
-419
649
1593
1895
1630
1163
820
862
958
1103
1337
1250
944
696
503
311
158
-230
-812
-805
-530
-187
860
1930
2996
3804
4506
5541
6454
7100
7722
8178
8466
8984
9090
9080
8579
6599
3752
1598
373
213
605
575
768
385
-600
-1525
-2898
-4166
-4959
-5496
-5336
-4712
-4136
-3122
-1960
-1319
-1198
-1461
-1568
-1724
-1998
-1670
-603
604
1486
1819
1543
928
168
-463
-791
-961
-1324
-1776
-2096
-2382
-2520
-2648
-2949
-3282
-3641
-3734
-3455
-3117
-2755
-2434
-2336
-2422
-2679
-2927
-2782
-2725
-2685
-2237
-1591
-958
-635
-264
108
202
242
142
201
502
753
835
572
480
555
301
103
191
-24
-220
28
309
600
860
1257
1682
2207
2874
3299
3859
4535
4984
5235
5458
5721
6053
6475
7064
7062
6068
4465
3020
2131
1959
2182
2390
2776
2920
2612
2038
1258
372
-479
-1328
-1727
-1739
-1726
-1473
-1228
-1274
-1727
-2334
-2598
-2827
-3185
-3412
-3157
-2504
-1699
-1033
-754
-942
-1427
-2066
-2439
-2224
-1909
-1500
-1214
-1355
-1693
-1928
-1894
-1605
-1358
-1414
-1606
-1826
-2045
-2036
-1984
-2021
-2267
-2834
-3220
-3284
-3096
-2673
-2008
-1512
-1237
-1221
-1276
-1195
-887
-818
-590
-366
-181
61
40
110
-30
53
-373
-28
415
473
543
821
624
854
1158
1485
2044
2223
2783
3032
2978
3217
3587
3697
4552
5277
5775
6492
6817
6513
5381
3999
3464
3230
3449
3853
3964
4471
4473
3920
3400
2497
1447
544
-234
-338
-480
-899
-1093
-1502
-2088
-2595
-3193
-3528
-3855
-4210
-4102
-3687
-3099
-2580
-2572
-2902
-3326
-3559
-3298
-2770
-2200
-1872
-1693
-1750
-1893
-1883
-1874
-1847
-1924
-2164
-2276
-2191
-2151
-2044
-2051
-2069
-2256
-2545
-2685
-2442
-2049
-1662
-1322
-1228
-1270
-1310
-1091
-964
-524
-128
61
73
424
683
698
609
187
83
105
375
669
901
771
733
760
901
1061
1240
1501
1564
1969
2217
2661
3107
3807
4336
4759
5292
5826
6303
6569
6708
5872
4769
4232
3981
4189
4379
4519
4721
4549
4237
3595
2676
1827
1030
193
-391
-985
-1453
-1750
-2122
-2587
-3282
-3776
-4006
-4306
-4572
-4540
-4123
-3758
-3517
-3349
-3419
-3419
-3297
-3044
-2593
-2155
-1898
-1814
-1920
-2014
-2116
-2334
-2339
-2124
-1952
-1904
-1849
-2032
-2144
-2010
-1889
-1888
-1917
-2104
-2165
-2067
-1944
-1532
-1465
-1374
-1144
-857
-489
-83
293
457
803
755
863
576
300
205
318
424
458
717
730
1039
906
808
699
475
1066
1466
1724
2302
2433
2803
3296
3627
4041
4527
4859
5570
6100
6346
6496
5615
4538
3975
3657
3866
4292
4431
4433
4239
3811
3111
2176
1190
325
-537
-1029
-1311
-1675
-2058
-2277
-2654
-3268
-3808
-4174
-4474
-4730
-4565
-4041
-3489
-3266
-3254
-3339
-3226
-3030
-2694
-2307
-1970
-1870
-1861
-1872
-1918
-1832
-1848
-1729
-1580
-1553
-1673
-1643
-1590
-1535
-1483
-1262
-1307
-1628
-1836
-1958
-1870
-1698
-1215
-867
-635
-511
-136
138
597
779
689
731
500
558
455
391
462
353
327
222
68
-29
92
-34
-47
177
343
896
1007
1625
1917
2254
2633
2996
3296
3741
4274
4735
5391
5529
5844
5681
5119
4272
3743
3546
3625
3572
3705
3748
3443
3031
2299
1249
433
-295
-958
-1333
-1621
-1926
-2369
-2797
-3212
-3706
-4143
-4236
-4391
-4303
-4039
-3601
-3305
-3208
-3156
-3063
-2796
-2517
-2257
-1980
-1519
-1065
-816
-860
-1028
-1177
-1257
-1195
-1102
-1260
-1444
-1426
-1240
-1260
-1327
-1388
-1809
-2223
-2469
-2467
-2334
-1831
-1381
-792
-734
-675
-518
-425
17
-30
244
148
350
154
4
24
245
123
-162
-227
-590
-114
-37
15
227
376
836
1194
1459
1937
2088
2203
2914
3201
3335
4004
4521
5085
5639
5733
5974
5837
5179
4579
3884
3710
3702
3678
3823
3948
3589
3032
2380
1327
580
-59
-586
-989
-1472
-1960
-2414
-2874
-3256
-3574
-3890
-3989
-4081
-4240
-4011
-3662
-3463
-3409
-3331
-2920
-2595
-2407
-2126
-1565
-965
-695
-845
-1196
-1267
-1173
-1004
-1028
-1108
-1397
-1586
-1521
-1522
-1396
-1682
-1877
-2101
-2220
-2113
-1713
-1440
-1223
-1043
-770
-588
-456
-335
-181
157
3
426
552
193
240
-6
-237
-202
-335
-424
-453
-347
-277
130
153
312
580
356
750
1272
1667
2319
2632
2673
3223
3751
4204
4827
5124
5395
5745
5866
5745
4796
3807
3487
3421
3409
3409
3383
3141
2754
2074
1106
120
-589
-1274
-1960
-2470
-2936
-3370
-3761
-3888
-4026
-4201
-4216
-4116
-4087
-4114
-3974
-3550
-3130
-2703
-2063
-1644
-1387
-1004
-742
-604
-335
-330
-600
-773
-808
-682
-822
-856
-986
-1360
-1533
-1505
-1501
-1581
-1683
-1712
-1789
-1652
-1572
-1357
-1075
-1002
-932
-696
-500
-327
-200
-114
90
240
716
781
390
273
-170
-267
55
23
205
-87
-18
518
790
366
457
723
1075
1589
1963
2354
2875
3194
3690
4210
4693
4983
5077
5486
5646
5652
4559
3642
2876
2549
2846
3022
2831
2654
2270
1466
601
-579
-1486
-2232
-3043
-3580
-3954
-4252
-4136
-4080
-4185
-4274
-4288
-4180
-3973
-4024
-3940
-3502
-2945
-2146
-1497
-979
-541
-334
-252
-158
-143
-205
-369
-533
-716
-749
-756
-866
-1003
-1247
-1599
-1881
-2042
-2188
-2165
-1924
-1689
-1710
-1809
-1816
-1529
-1505
-998
-816
-549
-426
-354
-198
-90
-72
185
574
124
352
-44
242
125
117
202
465
294
387
745
897
1653
1398
1834
2356
2827
3216
4211
4890
5593
6177
6380
6601
6439
6313
5731
4055
2647
2105
2009
2704
3110
3022
2516
1657
283
-1218
-2731
-3491
-3969
-4494
-4517
-4550
-4636
-4327
-4011
-4117
-4312
-4330
-4045
-3793
-3461
-2720
-1654
-820
-229
109
200
356
474
518
678
787
482
164
-143
-582
-967
-1357
-1849
-2164
-2394
-2425
-2167
-2050
-2042
-1990
-1985
-2138
-2328
-2440
-2307
-1901
-1322
-612
-8
168
291
302
117
34
57
187
338
463
591
803
537
395
533
472
583
640
765
1075
1569
2244
3118
3848
4377
5273
5906
6663
7371
7829
8235
8237
7497
5049
2107
318
-70
619
1557
2087
2303
1854
442
-1684
-4106
-5596
-6096
-6148
-5410
-4492
-4100
-3569
-3116
-3179
-3718
-3982
-3575
-3176
-2622
-1450
242
1807
2586
2582
1975
1214
627
328
519
988
951
290
-613
-1801
-3014
-4147
-5120
-5576
-5822
-5772
-5256
-4618
-4151
-3581
-3192
-3174
-3540
-3936
-3544
-2651
-1492
-241
918
1555
1668
1532
1257
1111
1412
1850
2118
2189
2191
2046
1818
1699
1496
1233
1124
1228
1533
2104
2715
3406
4099
4992
6122
7322
8402
9157
9582
9230
8541
6928
2940
-507
-1732
-1505
190
1200
1326
1106
-677
-2960
-5400
-7670
-7917
-7289
-6232
-4203
-2972
-2515
-2054
-2228
-2801
-3356
-3021
-1571
-335
886
2688
4368
5239
5098
4155
2939
1814
1119
995
1209
1153
363
-1003
-2638
-4470
-6430
-7814
-8257
-8021
-7608
-7107
-6378
-5840
-5461
-5284
-4942
-4539
-4232
-3421
-2121
-859
178
1067
1638
1689
1641
1716
1931
2369
2998
3430
3279
2982
2597
2052
1416
1273
1531
1711
2166
2858
3194
3536
4295
4906
5681
7089
8720
10456
11523
11464
10521
7649
2653
-1338
-2861
-1966
532
1751
1797
980
-1516
-4549
-7639
-9921
-10077
-9249
-7577
-4991
-3357
-2617
-2236
-2794
-3707
-4394
-3915
-1971
257
2581
4918
6775
7517
6899
5499
4040
2973
2299
2139
2259
2122
1154
-697
-2847
-5211
-7241
-8329
-8405
-7544
-6799
-6239
-5657
-5509
-5490
-5397
-4876
-4378
-3970
-3149
-2068
-1068
-154
751
1095
1084
1075
1255
1614
2169
2697
2653
2053
1448
876
287
77
485
993
1467
2109
2555
3223
3826
4759
5892
7110
9229
11136
12543
13009
12115
10115
5765
502
-1848
-1615
508
2907
3024
1969
-493
-4170
-7332
-10000
-10451
-9105
-7618
-5218
-3399
-3002
-3057
-3723
-4668
-5493
-5315
-3183
-533
2083
4606
6283
6957
6397
5026
3964
3441
3546
3787
3660
3345
2036
-677
-3180
-5429
-7358
-8126
-8000
-6898
-5789
-5246
-4938
-5117
-5340
-5170
-4488
-3274
-1932
-673
236
542
328
48
-50
104
497
1219
2043
2519
2504
1966
1081
67
-683
-1403
-1897
-1566
-777
-171
456
820
1030
1540
2233
3709
5963
8220
10765
12485
12844
12647
10830
6967
1788
-1819
-1696
555
3026
4206
3010
426
-2924
-6860
-9738
-10547
-9354
-7175
-4830
-2612
-1995
-2736
-3583
-4646
-5405
-4911
-2738
254
2783
4621
5661
5787
5218
4018
2980
2915
3506
4302
4380
3575
1779
-1714
-5058
-7499
-8803
-8654
-7512
-5836
-4715
-4414
-4463
-4860
-5185
-4691
-3534
-1782
206
1631
2290
2148
1506
730
338
879
1997
3118
4116
4463
3684
2378
916
-582
-1270
-1659
-1512
-1174
-692
-252
-527
-587
-518
-92
815
2545
4551
7001
9467
11386
12287
11941
10332
6498
998
-2751
-2877
-711
1931
3057
1975
-456
-3900
-7509
-10014
-10687
-9129
-6836
-4264
-1836
-1274
-2202
-3425
-4647
-5158
-4230
-1616
1716
4250
5930
6682
6518
5821
4681
3789
3953
4386
4819
4764
3910
1816
-1942
-5410
-7972
-9128
-8798
-7555
-5985
-5033
-5136
-5541
-5935
-5782
-4440
-2688
-387
1804
2870
3191
2656
1651
862
657
1516
2871
4095
5037
5080
3821
2245
556
-672
-910
-1049
-747
-344
-189
-140
-682
-1125
-1065
-341
854
2649
4886
7003
9350
11189
11483
11189
9531
5581
443
-3725
-3647
-1213
899
1818
172
-2879
-5976
-9462
-11561
-11442
-9817
-7140
-4737
-2577
-1832
-2937
-3678
-4186
-4274
-2807
-86
3120
5395
6542
7124
6940
6279
5541
4785
5078
5530
5566
5186
3806
1262
-2750
-6158
-7997
-8419
-7652
-6630
-5785
-5739
-6278
-6777
-7002
-6072
-4082
-1694
678
2461
2991
2709
2323
1609
1188
1493
2666
4130
5274
5935
5430
3719
1967
489
-497
-340
-52
286
152
-105
-719
-1628
-1736
-1242
86
1533
3619
5855
7946
9708
11177
11377
11278
9989
6181
1219
-2836
-2987
-1173
264
762
-1019
-3839
-6478
-9503
-11349
-11605
-10398
-8135
-5992
-3828
-2872
-3892
-4647
-5263
-5254
-3557
-869
2276
4568
5833
6702
6801
6712
6612
5998
5951
5934
5520
4965
3786
1415
-2126
-5211
-6998
-7661
-7293
-6770
-6307
-6405
-6779
-7066
-6971
-5673
-3692
-1398
515
1653
1697
1205
859
468
527
1249
2598
4041
4901
5182
4477
2949
1559
561
350
675
722
845
500
-15
-599
-1274
-1378
-483
476
1950
4308
5929
8108
9822
10843
11416
11038
9732
6417
1062
-2659
-2740
-1345
410
123
-2208
-4256
-6893
-9538
-11127
-11542
-10130
-8180
-5982
-3452
-2610
-3366
-4142
-5001
-5083
-3803
-1559
1396
3648
4984
5825
6241
6488
6144
5574
5534
5442
5060
4566
3629
1381
-1780
-4430
-6062
-6478
-6289
-5942
-5721
-5988
-6128
-6234
-5848
-4127
-2237
-569
940
1663
1401
838
592
562
628
1427
2818
3830
4377
4382
3237
1567
298
-406
-295
220
729
798
260
-256
-761
-1182
-954
46
1306
2631
4668
6639
8633
10337
11632
12061
11927
10424
6404
967
-3110
-3191
-1620
-252
-269
-2066
-4319
-6906
-9773
-11783
-12139
-10752
-8501
-5912
-3321
-2094
-2666
-3549
-4538
-4925
-3991
-1883
1030
3370
4952
5984
6376
6355
5742
4832
4390
4065
3741
3531
2690
663
-1842
-4497
-5921
-6541
-6705
-6023
-5799
-5482
-5237
-5279
-4498
-2897
-1276
237
1464
1964
1754
1260
1215
1329
1378
2210
3287
3889
4258
4038
2754
1192
28
-326
-210
124
395
257
-441
-924
-1455
-2053
-1397
-269
1008
2590
4621
6605
8717
10070
11503
12340
11998
10590
6202
445
-2640
-2823
-1253
339
-254
-1687
-4084
-7319
-9970
-12238
-12702
-11040
-9041
-5976
-3205
-2352
-2745
-4003
-5161
-5377
-4647
-2213
719
2998
4930
6025
6509
6312
5342
4342
3592
3227
3243
3321
2939
1046
-1549
-4294
-6152
-6956
-7512
-7015
-6365
-5618
-4774
-4424
-3497
-2029
-743
456
1432
1737
1770
1861
2154
2664
2812
3310
4043
4320
4607
4305
3266
2095
1184
920
1047
1063
949
414
-585
-863
-1426
-1509
-876
51
1322
2397
4195
6071
8072
9830
10893
11165
10671
8422
3826
-1471
-4020
-3144
-1223
301
-53
-1878
-4319
-7968
-11028
-12505
-12463
-10518
-8151
-5371
-2874
-2770
-3921
-5314
-6778
-6940
-5857
-3217
119
2511
4366
5554
5729
5082
3864
3041
2684
2495
2899
3587
2954
1319
-1560
-4150
-5774
-7212
-7525
-7017
-6125
-5104
-4505
-3933
-2724
-1733
-829
104
573
841
1093
1623
2592
3279
3680
4273
4673
4862
5113
4952
4449
3620
2965
2912
2939
2748
2586
1837
1233
728
45
182
479
844
1944
2922
4145
6411
7646
9255
10531
9995
9583
6578
1379
-2419
-4530
-3238
-296
-34
-526
-2221
-5857
-8634
-11427
-12825
-11483
-10010
-7329
-4165
-2838
-2766
-4297
-6648
-7882
-8240
-6999
-4038
-915
1746
3483
4460
4504
3542
2290
1382
1230
1667
2779
3748
3620
1969
-642
-3114
-5330
-6497
-6768
-6367
-5168
-4128
-3512
-2774
-2001
-1407
-967
-934
-720
-351
40
1227
2441
3014
3430
3559
3545
3784
4151
4646
4679
4305
4149
4195
4157
3893
3649
3143
2936
2749
2423
2531
2530
2739
2846
3554
4822
6536
7838
8893
9770
9455
8418
5593
943
-2834
-4193
-2761
-289
263
-346
-1954
-4882
-7679
-10306
-11624
-10918
-9668
-7252
-4639
-3225
-3229
-5066
-7403
-9059
-10086
-9279
-6630
-3281
-245
1686
2992
3098
2000
526
-619
-671
86
1349
2749
3445
2546
597
-1893
-4129
-5490
-6304
-5827
-4528
-3196
-1945
-1293
-929
-829
-1300
-1705
-1737
-1533
-726
625
1910
2723
2798
2502
2265
2320
2862
3833
4561
4894
4986
4853
4618
4207
3791
3475
3467
3591
3609
3756
3642
3590
3342
3427
4294
5621
7109
8494
9367
9281
8383
6237
2934
-741
-2817
-2329
-483
860
1100
470
-1166
-3606
-6360
-8409
-8819
-8280
-6880
-4951
-3315
-2756
-3880
-5937
-8060
-9984
-10895
-10038
-7652
-4628
-2108
-224
871
757
-456
-1900
-2632
-2371
-1318
243
1780
2424
2031
716
-1030
-2635
-3902
-4365
-3830
-2707
-1377
-421
143
287
-269
-1255
-2106
-2429
-2078
-1180
-39
1051
1717
1896
1751
1540
1554
1892
2336
2871
3252
3697
4155
3939
3504
2877
2550
2267
2133
2476
2499
1924
1966
1983
1683
2188
2878
4087
5407
6158
6355
6200
5814
5204
3749
1859
570
164
1085
2468
3105
2991
2443
1531
24
-1495
-2493
-3010
-3208
-3360
-3355
-3379
-3772
-4673
-5802
-6973
-7842
-8138
-7692
-6664
-5495
-4380
-3315
-2491
-2297
-2534
-2805
-2911
-2965
-2873
-2434
-1760
-1027
-469
-149
-88
-212
-439
-639
-562
-369
-244
-187
-140
-40
127
315
341
-41
-833
-1626
-2065
-1878
-1180
-260
430
748
790
640
628
750
726
635
463
-111
9
649
767
831
831
515
-233
-188
638
1158
2234
3292
4054
4615
5391
6187
6202
6099
5813
5674
5815
6042
6258
6041
5900
5856
6031
6028
5460
4837
3693
2314
1402
935
422
-596
-1603
-2705
-3676
-4249
-4632
-4912
-5426
-6010
-6381
-6351
-6040
-5816
-5637
-5430
-5174
-5053
-4979
-4961
-4960
-4831
-4705
-4239
-3388
-2623
-2263
-2111
-1928
-2102
-2426
-2716
-2977
-3000
-2947
-2547
-1978
-1549
-1420
-1714
-2092
-2344
-2390
-2289
-1920
-1232
-452
412
1168
1619
1772
1623
1453
1481
1806
2253
2705
3101
3225
3213
3037
2800
2761
2911
3342
3852
4365
5067
5745
6419
6735
6739
6601
6307
6086
5855
5644
5605
5708
5829
5855
5665
5083
4134
3054
2216
1642
1221
522
-554
-1579
-2317
-2703
-3007
-3319
-3741
-4480
-5275
-5800
-5853
-5863
-6093
-6325
-6232
-5671
-4944
-4262
-3809
-3917
-4411
-4586
-4135
-3195
-2222
-1869
-1876
-1906
-2075
-2253
-2345
-2533
-3045
-3507
-3484
-2844
-1793
-1096
-1030
-1559
-2294
-2817
-2946
-2495
-1709
-871
-141
476
1017
1298
1249
1027
785
714
981
1547
2159
2670
2899
2770
2555
2417
2474
2710
3134
3652
4368
5148
5820
6322
6471
6370
6096
5830
5720
5801
5754
5563
5650
5679
5617
5473
4918
4021
3015
2120
1544
1252
572
-371
-1153
-1692
-1890
-2081
-2416
-2946
-3745
-4775
-5336
-5331
-5275
-5249
-5353
-5220
-4678
-4165
-3728
-3412
-3483
-3718
-3655
-3203
-2506
-1859
-1647
-1651
-1827
-2148
-2510
-2984
-3384
-3769
-3805
-3302
-2569
-1910
-1667
-1824
-2149
-2571
-2823
-2765
-2373
-1791
-983
-99
634
1108
1137
823
481
350
560
1007
1569
2116
2357
2349
2270
2175
2207
2267
2479
2776
3279
4016
4698
5362
5856
6101
6060
5870
5844
5963
6081
5845
5440
5295
5253
5322
5312
4808
3865
2686
1572
887
607
206
-490
-1157
-1611
-1836
-2040
-2382
-3127
-4216
-5348
-5904
-5717
-5381
-5154
-5115
-5027
-4728
-4459
-4096
-3670
-3348
-3252
-3050
-2603
-1973
-1465
-1390
-1567
-1857
-2187
-2609
-2882
-2862
-2688
-2291
-1856
-1425
-1105
-1024
-1098
-1198
-1390
-1530
-1430
-1071
-377
486
1255
1593
1536
1323
1070
995
1174
1434
1665
1893
2102
2287
2371
2419
2405
2269
2103
2140
2344
2693
3214
3711
4222
4649
4882
5027
5052
5135
5168
5057
4575
4043
3944
4000
4227
4268
3726
2697
1266
37
-611
-694
-951
-1451
-1907
-2290
-2408
-2705
-3234
-3985
-4998
-5957
-6253
-5745
-5037
-4572
-4547
-4529
-4274
-3970
-3501
-2830
-2283
-2050
-1826
-1338
-651
-138
-28
-250
-621
-1004
-1360
-1417
-1115
-688
-361
-118
165
283
338
318
269
240
164
279
530
935
1431
1815
1876
1694
1445
1174
1014
930
873
847
783
770
837
953
1012
997
857
657
563
518
639
971
1568
2218
2795
3224
3464
3583
3435
3343
3270
3051
2682
2552
2689
2858
3055
2658
1694
475
-622
-1197
-1153
-898
-977
-1243
-1634
-1898
-2168
-2632
-3228
-3920
-4541
-4796
-4291
-3402
-2838
-2747
-2903
-2921
-2606
-2023
-1336
-755
-494
-347
-168
161
628
791
608
246
-170
-501
-554
-279
-48
173
170
32
8
64
279
470
608
589
497
460
533
782
1040
1191
1142
1059
955
770
646
465
237
36
-172
-109
20
121
168
-5
-218
-472
-590
-586
-331
150
794
1492
2191
2829
3092
3131
3018
3056
3169
3041
2743
2510
2442
2405
2287
1815
994
92
-697
-1005
-737
-384
-502
-984
-1558
-1922
-2188
-2429
-2712
-3013
-3316
-3346
-2965
-2384
-2108
-2202
-2263
-2087
-1550
-923
-358
48
81
-106
-325
-137
130
173
29
-234
-390
-540
-545
-527
-461
-552
-821
-821
-613
-113
367
570
598
456
222
18
64
300
630
959
1134
1184
1134
904
571
232
-9
4
202
425
642
738
542
244
26
-60
-34
62
414
1000
1744
2585
3137
3494
3641
3588
3590
3630
3642
3301
2589
2046
1725
1635
1450
1010
315
-556
-1247
-1532
-1302
-1108
-1499
-2129
-2676
-2884
-2940
-2991
-3145
-3390
-3653
-3747
-3479
-2882
-2478
-2366
-2216
-1869
-1271
-667
-262
-19
5
-74
-54
192
509
697
647
506
357
324
255
159
129
74
211
427
861
1419
1752
1794
1539
1235
930
778
892
1143
1545
1773
1669
1444
1059
630
281
82
70
162
237
169
45
-140
-398
-648
-826
-764
-564
-341
117
691
1409
2011
2456
2750
2903
2981
3071
3100
2954
2434
1466
670
231
173
324
108
-383
-1108
-1607
-1763
-1539
-1451
-1924
-2527
-3027
-3011
-2666
-2381
-2411
-2720
-3138
-3369
-3071
-2494
-2103
-1940
-1792
-1421
-825
-248
106
188
9
-259
-298
-60
321
554
408
163
-106
-363
-593
-675
-648
-469
-117
206
651
1046
1248
1233
1016
791
625
622
854
1272
1734
1905
1766
1411
1058
882
853
928
970
973
880
731
635
574
542
487
458
540
668
866
1241
1703
2326
2927
3388
3699
3899
3946
3855
3693
3233
2511
1329
387
-9
-12
193
-33
-606
-1526
-2266
-2736
-2774
-2619
-3089
-3628
-3930
-3641
-3115
-2920
-3175
-3773
-4281
-4602
-4267
-3400
-2730
-2527
-2538
-2331
-1791
-1202
-909
-776
-866
-1047
-915
-466
211
479
145
-360
-839
-952
-905
-631
-108
272
618
750
971
1264
1398
1447
1306
1274
1308
1415
1730
2038
2297
2259
1917
1646
1558
1629
1728
1761
1739
1642
1523
1397
1312
1265
1140
994
933
1034
1238
1362
1632
2046
2556
3100
3437
3673
3731
3628
3448
3246
2975
2454
1451
294
-311
-432
-279
-224
-640
-1452
-2454
-3217
-3565
-3330
-3300
-3663
-3918
-3993
-3763
-3637
-3846
-4266
-4770
-5092
-4895
-4126
-3254
-2860
-2918
-3068
-2872
-2275
-1771
-1338
-1076
-1152
-1081
-782
-349
-47
-286
-687
-1009
-917
-409
208
802
1065
1184
1202
1282
1630
1940
2180
2227
2240
2307
2316
2434
2440
2491
2495
2323
2301
2338
2463
2531
2422
2255
2090
1997
1866
1722
1592
1394
1227
1096
1138
1263
1387
1554
1737
2089
2443
2675
2815
2760
2669
2529
2461
2328
1955
1423
338
-428
-689
-658
-395
-515
-1075
-1976
-2608
-2928
-2741
-2274
-2480
-2966
-3442
-3597
-3438
-3358
-3577
-3914
-4226
-4357
-4044
-3478
-3149
-3337
-3681
-3760
-3236
-2438
-1874
-1501
-1646
-1949
-2109
-2047
-1715
-1564
-1655
-1732
-1469
-909
-346
171
348
361
419
577
1010
1550
2061
2315
2354
2304
2189
2128
2144
2260
2481
2607
2696
2812
2886
2886
2818
2723
2543
2331
2148
2001
1893
1787
1662
1533
1476
1438
1412
1371
1437
1659
1872
2073
2203
2260
2215
2148
2092
2087
1998
1671
1261
413
-351
-691
-813
-664
-596
-791
-1223
-1615
-1981
-2144
-1973
-2243
-2686
-3080
-3227
-2985
-2810
-2865
-3147
-3572
-4007
-4229
-4010
-3699
-3569
-3618
-3563
-3080
-2542
-2256
-2177
-2468
-2796
-2944
-2775
-2168
-1572
-1279
-1179
-1072
-833
-529
-215
-49
143
446
788
1258
1724
2068
2176
1970
1802
1749
1750
1893
2092
2355
2580
2728
2794
2805
2743
2496
2220
1983
1849
1878
1924
1909
1831
1701
1538
1431
1409
1423
1448
1539
1666
1946
2224
2373
2463
2448
2404
2390
2432
2403
2152
1866
1152
272
-221
-438
-261
-10
-26
-412
-996
-1585
-2059
-2062
-2171
-2462
-2702
-2970
-2916
-2805
-2966
-3326
-3708
-4012
-4124
-3863
-3523
-3322
-3362
-3469
-3309
-2821
-2457
-2285
-2247
-2386
-2363
-2138
-1743
-1258
-1044
-959
-949
-788
-449
-158
123
256
435
606
708
900
1080
1215
1166
1127
1199
1190
1252
1331
1429
1651
1805
1896
1917
1848
1699
1488
1329
1223
1278
1338
1260
1223
1128
1103
1069
1098
1175
1209
1329
1488
1793
2176
2541
2774
2961
3100
3177
3186
3067
2839
2656
2565
2129
1530
1121
842
813
853
729
342
-226
-894
-1256
-1167
-1238
-1622
-2234
-2711
-2773
-2721
-2736
-2812
-2953
-3312
-3490
-3284
-3027
-2961
-3200
-3420
-3152
-2574
-2180
-1904
-1900
-2187
-2395
-2374
-2045
-1673
-1458
-1467
-1399
-1108
-887
-734
-725
-841
-806
-711
-488
-131
171
314
315
365
441
478
496
509
664
972
1320
1576
1659
1571
1366
1128
997
1023
1157
1253
1257
1250
1262
1272
1225
1227
1327
1425
1675
2017
2420
2820
3100
3215
3216
3295
3344
3490
3605
3526
3394
3208
2673
1963
1485
1084
934
965
882
690
259
-444
-1096
-1409
-1702
-2087
-2458
-2687
-2660
-2698
-2807
-2880
-3015
-3338
-3628
-3676
-3606
-3505
-3536
-3511
-3128
-2757
-2571
-2520
-2603
-2764
-2907
-2804
-2438
-2015
-1759
-1730
-1684
-1554
-1393
-1258
-1202
-1086
-938
-704
-339
73
487
638
578
553
592
741
899
1104
1365
1631
1904
2065
2135
2026
1753
1524
1344
1369
1437
1474
1438
1355
1311
1264
1310
1386
1502
1593
1684
1866
2056
2226
2413
2589
2785
3046
3239
3305
3259
3063
2853
2773
2626
2214
1606
985
596
594
641
544
196
-454
-1099
-1376
-1342
-1405
-1764
-2307
-2647
-2536
-2330
-2190
-2198
-2494
-2906
-3205
-3157
-2961
-2906
-3058
-3223
-3041
-2670
-2325
-2214
-2324
-2516
-2635
-2474
-2101
-1650
-1457
-1442
-1333
-1149
-874
-760
-809
-767
-559
-199
192
509
630
606
580
667
857
991
1007
985
1148
1510
1867
2012
1854
1502
1118
892
886
996
1076
1040
1013
1098
1209
1282
1196
995
897
987
1265
1631
1958
2129
2215
2330
2450
2662
2809
2839
2765
2548
2283
1807
1334
1091
995
1085
1085
850
439
30
-235
-347
-296
-526
-911
-1293
-1496
-1325
-1135
-1225
-1545
-1955
-2278
-2330
-2202
-2164
-2314
-2646
-2900
-2750
-2343
-2145
-2152
-2430
-2744
-2696
-2456
-2113
-1877
-1825
-1926
-1876
-1489
-1184
-994
-1094
-1251
-1066
-695
-197
178
319
232
105
159
298
522
678
737
958
1282
1565
1688
1573
1356
1219
1197
1292
1476
1600
1537
1421
1388
1407
1432
1380
1279
1285
1403
1612
1846
1984
2047
2106
2175
2350
2579
2649
2568
2447
2273
2175
2130
1939
1548
885
340
47
-168
-147
30
196
175
-7
-371
-870
-1285
-1749
-1855
-1522
-1231
-1139
-1260
-1524
-1764
-1961
-2178
-2300
-2366
-2642
-2791
-2540
-2158
-1860
-1819
-1978
-2127
-2162
-2130
-1971
-1733
-1607
-1501
-1328
-1082
-873
-829
-1020
-1192
-1087
-799
-391
-66
100
138
92
128
266
420
421
350
385
559
895
1248
1396
1372
1249
1071
925
812
748
658
665
773
964
1154
1156
1042
886
805
880
1075
1271
1459
1643
1769
1877
2001
1990
1887
1761
1642
1678
1792
1940
1905
1708
1430
1087
898
756
656
598
505
480
498
472
238
-237
-746
-1153
-1327
-1275
-1180
-1125
-1131
-1157
-1228
-1344
-1599
-2029
-2396
-2595
-2507
-2215
-1952
-1819
-1905
-2138
-2311
-2371
-2336
-2194
-2073
-1959
-1752
-1557
-1320
-1166
-1106
-1111
-1053
-876
-676
-477
-328
-226
-102
35
137
202
190
183
298
522
772
962
1029
1013
1007
1007
1006
968
873
742
702
720
829
943
1023
1090
1133
1256
1287
1269
1255
1272
1421
1620
1822
2010
2147
2240
2369
2539
2582
2391
2010
1568
1295
1436
1782
2065
2089
1671
1107
610
244
49
-57
-165
-257
-208
-30
120
-23
-581
-1234
-1641
-1754
-1674
-1546
-1610
-1825
-2045
-2151
-2145
-2259
-2664
-3254
-3572
-3464
-2987
-2367
-2011
-1923
-2061
-2184
-2202
-2102
-2002
-1969
-1826
-1549
-1066
-562
-330
-364
-525
-556
-454
-172
153
434
789
1160
1521
1786
1776
1499
1156
976
1040
1247
1409
1429
1367
1256
1155
1077
994
861
765
759
903
1134
1306
1383
1368
1301
1259
1280
1282
1322
1417
1514
1666
1834
1920
1899
1771
1593
1400
1273
1246
1421
1606
1641
1451
973
485
108
62
284
550
666
434
-20
-524
-948
-1211
-1355
-1336
-1251
-1265
-1314
-1453
-1768
-2168
-2639
-3023
-3154
-3034
-2779
-2537
-2351
-2307
-2312
-2288
-2308
-2289
-2373
-2388
-2209
-1794
-1232
-810
-522
-495
-575
-598
-514
-233
80
367
608
835
1063
1194
1226
1084
864
709
664
745
879
1025
1141
1185
1112
984
732
407
158
76
263
579
883
1065
1060
924
707
531
465
537
787
1088
1391
1619
1733
1792
1781
1739
1692
1640
1596
1652
1817
2037
2183
2020
1691
1375
1128
1074
1092
1075
972
785
637
532
425
154
-325
-772
-1057
-1131
-1072
-1089
-1329
-1705
-2047
-2268
-2329
-2347
-2468
-2602
-2667
-2566
-2336
-2173
-2180
-2261
-2392
-2331
-2090
-1808
-1528
-1357
-1242
-1117
-896
-726
-622
-579
-570
-427
-153
101
294
324
260
238
253
333
371
368
325
325
389
498
556
421
216
43
-41
52
240
369
471
493
454
511
609
699
756
776
826
960
1176
1364
1549
1701
1767
1817
1870
1951
1988
2039
2096
2145
2256
2351
2396
2349
2165
1872
1584
1468
1354
1327
1248
1054
840
568
365
113
-161
-515
-831
-971
-1011
-1019
-1119
-1305
-1542
-1824
-2000
-2071
-2139
-2192
-2281
-2302
-2147
-1955
-1768
-1647
-1638
-1645
-1618
-1520
-1378
-1217
-1104
-1049
-927
-805
-725
-706
-760
-755
-691
-576
-456
-367
-289
-245
-176
-118
-94
-160
-268
-349
-348
-214
-91
-24
-48
-165
-288
-367
-355
-243
-129
-15
160
303
425
554
602
648
734
876
1096
1295
1443
1520
1581
1689
1834
1970
2090
2172
2210
2260
2307
2323
2302
2243
2203
2152
2064
1921
1692
1466
1331
1244
1181
1029
790
488
277
160
50
-101
-372
-597
-680
-661
-643
-751
-1014
-1282
-1458
-1452
-1388
-1374
-1472
-1580
-1543
-1457
-1388
-1468
-1675
-1836
-1878
-1739
-1555
-1432
-1440
-1529
-1577
-1556
-1508
-1520
-1575
-1590
-1500
-1327
-1154
-1129
-1226
-1373
-1412
-1351
-1247
-1220
-1280
-1281
-1155
-918
-665
-569
-644
-743
-776
-652
-363
-42
200
385
534
700
859
984
1063
1164
1278
1441
1698
1889
2013
2068
2092
2160
2220
2235
2228
2231
2233
2287
2339
2377
2341
2261
2197
2092
2030
1911
1783
1643
1524
1441
1295
1129
912
741
617
507
438
334
192
19
-79
-139
-234
-331
-489
-669
-849
-1010
-1122
-1247
-1395
-1518
-1587
-1615
-1634
-1640
-1694
-1776
-1833
-1895
-1835
-1775
-1783
-1766
-1742
-1686
-1667
-1715
-1822
-1953
-2059
-2116
-2045
-2006
-1993
-1989
-2004
-1953
-1855
-1764
-1666
-1564
-1440
-1259
-1077
-868
-683
-498
-330
-181
31
220
360
514
672
863
1090
1247
1338
1435
1510
1554
1659
1753
1817
1904
1982
2011
2084
2124
2132
2152
2162
2205
2230
2215
2122
2033
1945
1871
1881
1902
1890
1795
1654
1553
1472
1450
1389
1285
1177
1070
994
908
748
538
278
30
-125
-198
-286
-428
-603
-790
-908
-972
-1020
-1101
-1196
-1323
-1393
-1380
-1403
-1403
-1502
-1630
-1721
-1828
-1908
-2015
-2089
-2189
-2216
-2230
-2252
-2244
-2308
-2333
-2359
-2380
-2321
-2239
-2158
-2061
-1930
-1765
-1587
-1429
-1281
-1124
-944
-744
-530
-283
-67
132
322
455
577
669
765
888
1010
1154
1298
1398
1448
1544
1587
1647
1710
1770
1900
2004
2090
2135
2154
2088
2064
2051
2008
2001
1929
1874
1842
1843
1847
1754
1632
1489
1429
1391
1357
1292
1190
1103
1001
933
837
724
563
428
372
350
310
195
39
-120
-234
-297
-333
-392
-525
-623
-723
-786
-789
-901
-1102
-1323
-1524
-1620
-1662
-1768
-1887
-2005
-2126
-2159
-2157
-2149
-2203
-2311
-2373
-2347
-2194
-2043
-1925
-1862
-1836
-1774
-1653
-1485
-1357
-1276
-1208
-1100
-970
-820
-704
-629
-567
-463
-297
-105
51
151
251
318
451
630
781
888
965
1059
1152
1253
1327
1381
1418
1468
1531
1662
1764
1784
1795
1760
1709
1655
1618
1596
1555
1532
1530
1532
1507
1390
1301
1210
1137
1124
1129
1136
1115
1101
1090
1082
1033
958
879
819
790
729
667
565
433
318
241
177
46
-133
-369
-545
-640
-717
-778
-895
-1031
-1164
-1279
-1390
-1488
-1563
-1687
-1764
-1754
-1700
-1677
-1707
-1785
-1839
-1845
-1849
-1773
-1707
-1699
-1635
-1561
-1504
-1481
-1510
-1516
-1481
-1397
-1303
-1195
-1114
-1063
-955
-833
-714
-607
-525
-379
-230
-88
76
179
287
421
561
708
826
908
974
1053
1151
1257
1324
1349
1315
1331
1418
1532
1619
1612
1614
1606
1613
1678
1733
1739
1679
1644
1689
1735
1763
1774
1757
1700
1691
1682
1630
1558
1423
1285
1159
1054
989
846
687
476
295
168
23
-88
-205
-364
-509
-665
-789
-900
-1027
-1105
-1180
-1279
-1416
-1505
-1605
-1670
-1721
-1738
-1753
-1791
-1825
-1880
-1894
-1938
-1936
-1900
-1808
-1717
-1708
-1678
-1649
-1621
-1598
-1554
-1531
-1468
-1378
-1285
-1135
-1006
-911
-815
-705
-556
-371
-196
-67
25
146
275
423
539
589
631
679
748
840
923
964
972
1006
1104
1226
1338
1398
1428
1457
1519
1568
1623
1678
1732
1787
1827
1848
1807
1765
1702
1639
1652
1608
1530
1459
1338
1269
1159
1012
872
696
544
429
318
191
51
-97
-234
-357
-491
-599
-715
-838
-910
-973
-1022
-1099
-1209
-1295
-1364
-1377
-1409
-1469
-1508
-1571
-1556
-1497
-1476
-1466
-1474
-1496
-1479
-1413
-1360
-1336
-1329
-1307
-1280
-1200
-1125
-1068
-1010
-963
-881
-776
-634
-510
-421
-308
-230
-145
-32
17
73
128
184
278
352
427
475
540
589
633
664
687
760
857
994
1119
1194
1216
1246
1310
1352
1390
1388
1400
1419
1491
1571
1579
1558
1442
1349
1305
1298
1260
1140
988
846
796
754
685
544
333
130
-3
-83
-143
-225
-336
-448
-511
-511
-546
-661
-799
-947
-1032
-1036
-1054
-1107
-1148
-1204
-1255
-1263
-1283
-1344
-1422
-1438
-1408
-1325
-1228
-1230
-1251
-1268
-1286
-1253
-1225
-1183
-1132
-1079
-967
-854
-760
-731
-699
-653
-580
-467
-393
-317
-248
-167
-38
46
110
134
123
156
197
270
353
425
511
603
681
767
846
902
934
983
1021
1105
1161
1180
1232
1245
1261
1298
1300
1302
1274
1222
1208
1201
1175
1133
1052
954
856
716
615
493
372
261
156
93
-8
-63
-164
-236
-331
-385
-402
-452
-474
-526
-566
-606
-674
-731
-813
-898
-954
-979
-963
-949
-958
-1001
-1018
-1023
-1036
-1003
-998
-999
-959
-919
-851
-799
-803
-832
-846
-832
-779
-724
-706
-685
-669
-636
-607
-580
-545
-527
-475
-420
-351
-318
-298
-230
-190
-116
-46
-16
24
89
158
274
382
454
548
617
716
806
894
954
984
1060
1156
1248
1348
1407
1406
1416
1422
1425
1411
1375
1302
1257
1197
1161
1108
973
861
749
652
580
517
434
329
238
180
108
35
-68
-169
-273
-373
-417
-468
-574
-664
-751
-809
-836
-897
-976
-1042
-1136
-1186
-1191
-1212
-1236
-1278
-1300
-1319
-1335
-1338
-1358
-1372
-1363
-1337
-1290
-1243
-1238
-1226
-1191
-1160
-1133
-1085
-1046
-1042
-995
-912
-853
-783
-717
-678
-602
-523
-437
-320
-176
-54
75
211
302
410
497
608
730
829
956
1058
1162
1254
1346
1455
1512
1572
1635
1668
1723
1767
1775
1776
1749
1701
1640
1558
1487
1430
1363
1266
1183
1087
993
912
794
718
634
531
465
393
304
201
119
10
-110
-215
-320
-421
-511
-609
-681
-734
-830
-875
-933
-1028
-1084
-1125
-1157
-1157
-1191
-1238
-1260
-1312
-1387
-1404
-1434
-1471
-1485
-1475
-1443
-1430
-1398
-1379
-1361
-1391
-1387
-1360
-1333
-1267
-1203
-1140
-1095
-1041
-994
-943
-880
-807
-720
-601
-480
-338
-193
-77
40
144
218
340
465
586
755
881
988
1094
1194
1299
1352
1396
1439
1474
1546
1614
1659
1656
1644
1632
1597
1547
1489
1398
1286
1233
1193
1171
1147
1060
958
859
760
649
559
456
380
307
225
146
11
-81
-186
-287
-363
-427
-495
-584
-659
-696
-726
-778
-812
-856
-904
-965
-1020
-1040
-1068
-1071
-1095
-1119
-1146
-1159
-1181
-1196
-1183
-1189
-1208
-1202
-1190
-1178
-1156
-1130
-1128
-1129
-1122
-1116
-1073
-1030
-965
-910
-855
-748
-640
-572
-496
-436
-344
-219
-92
39
160
248
320
437
523
630
739
817
917
1019
1108
1209
1303
1355
1416
1466
1490
1536
1542
1527
1520
1500
1498
1480
1432
1366
1294
1224
1179
1152
1102
1045
993
933
885
845
764
676
582
469
386
309
251
154
58
-19
-99
-158
-224
-292
-351
-394
-429
-455
-474
-513
-580
-676
-761
-810
-857
-908
-949
-995
-1061
-1085
-1130
-1165
-1198
-1254
-1257
-1244
-1239
-1214
-1190
-1183
-1173
-1166
-1135
-1142
-1129
-1091
-1050
-996
-930
-851
-783
-677
-583
-486
-374
-294
-208
-100
1
105
210
287
359
433
485
549
601
649
726
804
883
956
1011
1026
1061
1094
1097
1120
1109
1087
1099
1084
1109
1102
1064
1031
971
946
940
919
901
897
866
855
818
737
682
614
579
561
545
540
479
406
350
285
241
176
130
93
45
-17
-58
-145
-233
-290
-364
-433
-507
-587
-638
-678
-755
-800
-866
-953
-998
-1043
-1076
-1098
-1122
-1127
-1129
-1134
-1145
-1154
-1164
-1158
-1124
-1070
-980
-889
-842
-766
-707
-674
-599
-525
-466
-403
-334
-261
-188
-119
-56
-14
34
89
165
241
315
420
504
595
626
635
663
665
676
682
696
701
711
750
781
806
775
771
786
776
780
814
807
799
793
791
793
742
690
679
635
623
624
605
602
578
539
544
520
483
456
424
382
319
288
226
161
59
-40
-136
-248
-339
-414
-477
-544
-610
-672
-731
-817
-895
-959
-1003
-1040
-1083
-1096
-1108
-1130
-1146
-1154
-1139
-1118
-1088
-1027
-989
-942
-888
-810
-746
-669
-616
-580
-525
-482
-388
-313
-219
-127
-68
15
95
182
257
331
428
491
557
630
669
726
724
713
718
735
754
758
798
808
806
805
796
818
802
755
749
754
756
771
763
742
711
674
627
598
573
543
552
553
538
513
476
426
394
344
322
302
241
223
172
113
57
8
-74
-163
-226
-307
-347
-400
-462
-484
-523
-581
-627
-692
-720
-736
-760
-731
-738
-747
-757
-744
-718
-723
-711
-731
-713
-667
-634
-598
-568
-553
-531
-490
-456
-404
-350
-279
-214
-158
-95
-41
16
69
145
191
229
267
312
354
387
439
496
540
579
601
621
651
664
660
635
642
652
649
652
665
653
641
639
642
646
632
637
629
627
643
630
619
589
550
514
483
461
440
407
409
366
294
245
162
114
55
-20
-35
-114
-182
-218
-293
-348
-404
-463
-509
-549
-599
-629
-654
-679
-676
-661
-674
-697
-715
-710
-696
-677
-650
-651
-637
-602
-586
-546
-532
-517
-490
-456
-402
-336
-258
-218
-156
-117
-46
39
87
137
176
209
250
303
354
386
397
428
446
480
494
497
518
503
522
540
525
525
534
528
525
527
516
514
491
457
469
492
484
487
488
488
473
456
429
388
345
306
299
276
248
194
152
87
33
10
-31
-69
-133
-165
-183
-227
-272
-318
-377
-403
-447
-483
-507
-554
-600
-610
-593
-605
-616
-636
-633
-614
-616
-615
-601
-601
-596
-576
-536
-508
-488
-466
-454
-421
-381
-334
-282
-236
-175
-112
-73
-41
-7
42
102
158
215
290
350
372
416
457
487
505
521
564
585
608
644
656
666
657
659
653
647
667
668
681
685
671
687
694
685
681
664
652
629
604
591
570
538
516
519
487
461
429
372
321
255
218
191
129
65
2
-56
-105
-159
-204
-234
-275
-320
-358
-395
-426
-471
-502
-554
-615
-651
-679
-683
-690
-705
-715
-728
-731
-718
-694
-695
-692
-669
-646
-602
-552
-517
-511
-474
-430
-374
-331
-309
-277
-239
-178
-88
5
69
124
155
198
261
296
337
388
440
480
534
557
581
605
622
662
683
717
737
762
799
815
838
863
846
854
867
864
864
871
859
857
851
817
810
800
768
736
701
668
639
624
564
514
481
420
373
320
280
228
172
98
53
17
-47
-93
-140
-210
-246
-298
-345
-386
-449
-502
-564
-620
-656
-692
-740
-777
-829
-849
-867
-893
-891
-904
-903
-907
-885
-877
-871
-860
-854
-820
-790
-770
-743
-684
-639
-594
-537
-475
-414
-363
-292
-208
-139
-86
-21
44
88
160
239
293
367
433
496
555
598
665
738
778
835
903
972
1000
1024
1035
1043
1060
1061
1066
1074
1068
1037
1018
1010
987
970
940
898
890
844
797
767
727
702
648
578
527
496
417
376
327
274
214
163
104
28
-21
-103
-156
-220
-290
-386
-453
-520
-606
-680
-755
-796
-859
-913
-967
-1007
-1044
-1068
-1091
-1104
-1107
-1129
-1140
-1161
-1134
-1141
-1120
-1102
-1103
-1070
-1048
-1015
-954
-906
-846
-768
-730
-674
-597
-529
-456
-382
-303
-231
-144
-53
9
116
179
250
321
415
513
596
670
718
800
864
913
965
991
1022
1046
1068
1101
1099
1089
1094
1093
1091
1087
1056
1038
1003
967
960
943
908
880
849
812
777
727
659
625
575
529
475
437
361
271
218
122
53
-10
-75
-149
-209
-282
-349
-394
-482
-546
-604
-676
-724
-758
-806
-837
-879
-932
-946
-985
-1025
-1037
-1037
-1053
-1042
-1034
-1037
-1016
-1017
-999
-981
-980
-957
-922
-882
-828
-798
-749
-706
-655
-564
-500
-427
-350
-278
-184
-107
-38
43
117
189
255
314
404
476
538
605
669
723
776
817
874
908
941
990
1027
1065
1073
1080
1090
1098
1104
1083
1078
1091
1071
1056
1045
1039
1017
995
971
953
909
871
841
788
740
686
627
545
497
422
342
284
199
133
80
10
-49
-106
-169
-221
-280
-318
-368
-424
-473
-539
-570
-619
-659
-695
-730
-741
-766
-796
-811
-840
-846
-854
-870
-893
-907
-903
-924
-935
-931
-915
-914
-902
-883
-835
-809
-775
-714
-676
-653
-614
-551
-501
-460
-390
-341
-264
-200
-165
-86
-33
30
86
135
213
262
315
377
417
484
514
566
601
642
704
728
756
796
824
852
890
893
910
926
940
956
960
949
936
929
900
867
856
826
785
751
695
666
619
550
500
426
361
313
265
212
156
102
50
-7
-78
-151
-195
-256
-327
-372
-428
-487
-545
-585
-657
-713
-764
-813
-822
-870
-920
-916
-938
-977
-985
-1025
-1034
-1041
-1049
-1034
-1006
-1022
-1011
-957
-938
-915
-895
-857
-808
-773
-733
-668
-624
-584
-515
-443
-393
-350
-276
-209
-149
-61
18
88
151
222
287
362
410
459
529
587
629
702
774
814
851
875
899
912
942
969
1002
1023
1019
1045
1031
1010
995
969
944
913
888
863
831
793
769
724
664
599
558
517
469
432
380
342
288
214
163
87
24
-40
-106
-151
-226
-284
-333
-414
-465
-546
-610
-647
-711
-745
-796
-836
-853
-887
-914
-954
-981
-981
-993
-997
-979
-975
-961
-950
-948
-921
-900
-870
-833
-782
-762
-717
-662
-608
-557
-496
-450
-393
-351
-296
-197
-159
-81
-1
59
129
169
240
295
368
418
478
538
574
618
638
696
716
754
776
801
820
848
874
886
903
882
892
879
857
844
835
802
778
773
741
703
678
629
588
559
498
471
429
373
355
275
205
167
104
43
-23
-87
-140
-199
-243
-296
-349
-389
-433
-466
-508
-533
-570
-607
-630
-664
-704
-712
-719
-731
-747
-771
-783
-796
-784
-761
-768
-758
-739
-734
-703
-702
-664
-616
-612
-556
-519
-469
-424
-388
-330
-292
-255
-211
-162
-99
-75
-19
28
44
97
141
180
232
266
302
351
380
401
447
474
482
511
532
556
567
582
585
602
603
609
609
600
599
588
567
542
520
501
467
434
403
382
342
306
265
224
201
172
154
122
83
38
-3
-51
-90
-128
-173
-210
-258
-289
-314
-364
-379
-423
-460
-481
-514
-539
-571
-595
-616
-631
-653
-666
-710
-696
-702
-740
-721
-732
-727
-728
-710
-691
-693
-666
-656
-630
-607
-581
-537
-491
-473
-435
-397
-369
-327
-298
-260
-216
-184
-126
-88
-59
-9
29
68
97
129
178
209
244
277
302
337
347
382
414
425
457
486
511
516
533
552
559
572
566
559
564
566
541
551
518
486
485
467
438
428
419
387
381
331
296
282
237
194
149
110
79
33
-10
-45
-70
-114
-152
-182
-240
-258
-287
-349
-366
-391
-420
-433
-484
-503
-517
-561
-573
-601
-621
-621
-654
-648
-659
-676
-679
-668
-667
-660
-655
-634
-604
-586
-562
-551
-521
-492
-481
-437
-399
-373
-325
-278
-244
-201
-139
-108
-51
-3
40
88
126
173
212
266
295
338
387
407
432
469
504
551
593
626
636
647
653
671
673
681
701
700
677
686
671
643
642
612
594
564
530
506
492
436
383
341
299
260
198
150
100
56
-15
-66
-110
-185
-220
-262
-343
-373
-420
-475
-510
-542
-586
-618
-653
-694
-701
-734
-770
-760
-775
-794
-798
-815
-797
-788
-810
-789
-770
-760
-727
-720
-693
-668
-627
-591
-564
-511
-476
-432
-385
-341
-284
-214
-170
-98
-44
5
65
120
184
233
272
339
381
436
493
534
576
611
659
675
716
742
754
775
790
780
799
787
771
801
773
769
770
740
729
701
672
630
606
574
523
487
441
399
365
289
235
180
121
71
-1
-47
-109
-165
-226
-266
-309
-382
-427
-476
-520
-571
-617
-650
-684
-720
-779
-788
-797
-826
-847
-873
-870
-870
-873
-882
-880
-854
-855
-838
-818
-804
-793
-777
-731
-703
-665
-615
-592
-525
-487
-456
-376
-326
-267
-206
-141
-97
-38
24
69
138
186
249
298
332
394
459
494
539
576
604
635
666
689
704
719
750
754
758
764
762
758
737
740
727
710
697
683
645
631
616
575
541
516
469
424
381
355
307
247
215
157
127
60
2
-50
-105
-148
-219
-265
-300
-361
-417
-458
-509
-553
-594
-633
-676
-704
-718
-772
-797
-811
-833
-854
-878
-879
-873
-878
-856
-852
-834
-823
-809
-776
-762
-716
-685
-658
-604
-575
-532
-476
-436
-369
-324
-279
-214
-155
-97
-43
3
70
133
196
241
290
343
383
447
490
546
591
625
668
687
720
748
760
780
793
805
809
815
823
821
801
808
777
758
763
729
704
673
622
578
555
501
490
445
389
345
286
254
182
127
66
23
-3
-72
-123
-173
-215
-255
-313
-371
-413
-461
-524
-550
-592
-637
-661
-718
-758
-782
-807
-825
-837
-848
-866
-868
-869
-871
-857
-855
-849
-817
-797
-774
-737
-713
-687
-633
-608
-578
-533
-492
-436
-403
-347
-288
-232
-185
-131
-67
-6
47
100
159
225
270
305
375
429
469
513
566
610
646
675
709
748
754
790
789
810
823
831
842
847
842
824
811
791
790
775
748
736
703
686
660
604
577
550
514
473
429
359
320
257
207
168
88
38
-19
-78
-127
-178
-236
-285
-340
-397
-455
-504
-550
-614
-663
-707
-748
-782
-797
-838
-855
-864
-883
-885
-893
-887
-882
-872
-864
-850
-847
-820
-785
-758
-698
-682
-629
-572
-545
-495
-442
-411
-340
-294
-246
-185
-153
-101
-44
9
46
110
169
208
267
325
360
408
451
489
531
567
612
652
676
696
733
760
782
796
806
833
849
836
848
853
816
822
814
813
792
755
742
715
683
639
609
572
520
471
434
368
322
263
203
155
83
32
-21
-86
-152
-183
-248
-313
-350
-408
-450
-512
-553
-570
-619
-652
-681
-709
-742
-769
-786
-783
-788
-801
-799
-794
-775
-776
-768
-744
-720
-699
-660
-637
-611
-556
-523
-479
-441
-397
-325
-282
-235
-174
-127
-81
-30
30
67
131
176
216
267
315
346
381
424
450
507
546
564
607
640
669
683
727
738
766
756
753
775
774
780
781
760
747
743
725
728
687
650
648
626
591
561
540
495
455
402
361
335
268
212
176
107
61
24
-49
-105
-145
-205
-239
-282
-344
-383
-428
-477
-520
-556
-587
-616
-627
-661
-689
-708
-724
-732
-746
-748
-735
-734
-721
-705
-693
-669
-657
-626
-591
-563
-551
-524
-466
-441
-403
-362
-312
-270
-252
-228
-164
-107
-90
-34
8
43
80
115
156
200
249
279
317
347
408
437
468
484
516
558
577
595
618
662
672
678
697
679
688
686
690
706
681
678
677
652
628
627
607
573
540
511
477
445
401
372
353
296
248
227
179
131
79
60
29
-31
-69
-103
-143
-177
-210
-234
-271
-292
-311
-353
-368
-388
-411
-422
-436
-441
-431
-460
-477
-472
-479
-477
-476
-460
-458
-450
-446
-428
-411
-394
-381
-371
-341
-336
-316
-273
-256
-239
-205
-185
-155
-119
-109
-68
-49
-37
8
26
44
83
116
130
149
185
220
251
272
292
335
334
347
384
395
409
426
430
442
442
428
444
453
455
450
438
413
408
401
361
340
322
290
279
248
218
216
173
140
136
96
74
64
20
-14
-31
-85
-86
-97
-151
-168
-196
-217
-231
-271
-279
-278
-306
-311
-322
-349
-359
-362
-371
-381
-395
-376
-372
-376
-382
-385
-364
-364
-360
-352
-343
-319
-311
-303
-277
-287
-276
-237
-231
-218
-177
-172
-162
-151
-127
-99
-74
-56
-36
-7
3
18
44
76
78
109
140
162
191
210
245
253
278
283
306
335
342
356
379
393
398
413
395
408
426
414
425
412
414
426
409
401
378
380
366
352
334
311
300
271
248
223
179
152
143
119
93
58
32
5
-6
-43
-61
-90
-133
-150
-169
-183
-210
-241
-250
-277
-308
-322
-331
-338
-360
-384
-387
-406
-419
-431
-450
-439
-444
-450
-447
-452
-436
-428
-421
-402
-385
-373
-370
-354
-320
-309
-258
-244
-220
-170
-136
-107
-92
-49
-16
25
42
66
94
126
140
150
180
202
214
215
225
255
270
277
303
315
316
335
332
338
345
330
321
333
310
307
301
274
273
257
242
229
219
191
188
173
144
111
99
80
65
48
30
4
-21
-42
-65
-91
-104
-120
-151
-159
-180
-196
-229
-249
-255
-262
-298
-309
-317
-329
-346
-348
-356
-372
-374
-382
-379
-415
-420
-403
-405
-423
-407
-405
-395
-367
-365
-337
-312
-305
-278
-258
-246
-224
-206
-167
-160
-127
-105
-68
-29
-22
12
18
42
74
92
131
135
157
184
189
196
221
232
255
262
272
279
273
309
279
286
298
268
282
276
265
264
250
248
230
202
198
185
169
143
128
100
79
79
45
23
18
-8
-9
-12
-56
-60
-84
-117
-130
-137
-156
-163
-172
-186
-195
-216
-214
-209
-220
-231
-211
-225
-227
-208
-227
-230
-210
-227
-232
-218
-216
-198
-177
-182
-173
-152
-147
-129
-104
-99
-92
-69
-73
-57
-40
-26
-3
10
9
27
44
40
70
81
85
111
120
130
138
142
150
165
155
170
183
172
184
192
183
187
189
183
180
193
184
173
172
153
153
146
134
129
113
86
77
53
47
47
15
5
-14
-34
-37
-50
-64
-87
-93
-92
-113
-117
-131
-130
-140
-144
-154
-164
-146
-161
-160
-168
-176
-184
-195
-198
-199
-204
-188
-196
-203
-169
-173
-181
-156
-157
-184
-172
-167
-134
-126
-118
-103
-86
-68
-61
-36
-37
-15
2
14
27
44
38
64
79
76
103
100
116
129
137
141
157
148
171
187
184
199
206
212
215
223
238
249
237
249
249
242
242
228
208
208
195
176
177
154
148
139
128
110
99
78
72
72
38
41
36
5
-7
-26
-33
-45
-49
-61
-78
-91
-99
-114
-135
-142
-163
-168
-180
-209
-200
-211
-217
-243
-249
-247
-270
-273
-297
-288
-272
-286
-281
-289
-298
-290
-278
-294
-287
-278
-275
-237
-237
-229
-213
-212
-181
-162
-157
-138
-120
-101
-82
-61
-47
-32
-9
7
29
32
50
68
98
99
104
118
114
149
157
167
178
183
175
185
180
185
201
207
198
207
211
199
218
197
196
201
192
193
195
192
179
185
173
157
161
154
144
139
131
135
122
113
97
86
95
65
39
38
3
-13
-36
-50
-55
-70
-84
-113
-105
-102
-132
-131
-116
-145
-168
-176
-182
-182
-170
-183
-185
-171
-178
-176
-147
-153
-138
-112
-137
-128
-125
-118
-96
-95
-91
-76
-56
-56
-51
-37
-32
-7
17
23
34
61
82
85
126
138
155
158
162
192
207
236
235
268
277
275
290
294
305
311
301
302
308
304
302
299
305
287
280
278
276
274
245
241
233
198
195
159
129
109
68
61
28
-9
-36
-64
-78
-101
-111
-156
-179
-178
-207
-220
-234
-263
-272
-272
-264
-273
-292
-304
-307
-295
-313
-314
-304
-310
-308
-297
-288
-294
-277
-281
-276
-264
-252
-245
-229
-220
-227
-193
-173
-152
-138
-130
-128
-102
-83
-64
-24
-20
14
33
51
82
95
120
149
154
170
195
204
201
194
209
228
255
265
257
271
262
278
288
264
282
276
283
287
277
285
263
252
266
261
249
234
209
220
206
174
157
144
121
112
91
71
58
35
29
7
-17
-47
-51
-67
-97
-89
-117
-127
-150
-175
-175
-203
-222
-211
-229
-231
-244
-245
-251
-267
-264
-280
-271
-276
-269
-263
-277
-282
-267
-255
-239
-243
-227
-212
-242
-203
-188
-181
-158
-170
-137
-109
-105
-76
-48
-31
-15
-8
27
20
41
78
92
105
116
140
154
162
177
191
186
205
198
215
221
209
224
209
212
199
211
212
200
180
187
184
179
179
170
175
166
175
155
157
130
122
117
86
73
76
72
57
38
41
39
11
15
-4
-14
-38
-55
-54
-73
-74
-99
-100
-104
-119
-122
-129
-148
-144
-143
-160
-143
-164
-176
-178
-186
-188
-182
-178
-211
-202
-192
-201
-189
-175
-194
-176
-179
-181
-154
-164
-152
-122
-109
-102
-87
-64
-53
-42
-14
-16
26
34
39
78
89
92
118
150
160
163
181
206
214
228
242
271
284
267
286
304
295
310
320
320
318
319
311
312
321
305
313
310
283
295
306
260
277
240
231
231
197
193
184
168
143
131
101
93
99
76
41
24
8
-3
-31
-57
-63
-91
-110
-105
-125
-156
-169
-195
-201
-227
-225
-227
-236
-229
-242
-228
-227
-241
-240
-215
-220
-215
-217
-214
-182
-186
-195
-161
-167
-155
-126
-116
-85
-60
-56
-42
-26
-19
11
25
38
45
55
85
99
113
148
155
162
182
188
208
210
230
234
232
253
269
275
283
281
292
300
289
316
312
312
319
324
320
314
331
319
315
313
300
302
287
280
267
263
235
239
223
202
192
174
181
148
127
111
90
69
49
32
38
7
-13
-28
-64
-27
-58
-70
-71
-91
-99
-102
-98
-118
-124
-137
-146
-143
-154
-166
-154
-148
-155
-138
-147
-148
-148
-135
-122
-129
-105
-103
-103
-86
-89
-54
-67
-56
-15
-11
5
25
41
58
64
93
112
131
137
148
179
187
201
191
195
212
232
224
238
234
235
263
229
239
249
238
240
244
236
237
206
196
198
184
166
145
126
92
101
83
60
48
29
-2
-22
-44
-80
-102
-127
-148
-158
-163
-191
-197
-209
-215
-218
-231
-240
-242
-242
-263
-263
-264
-265
-254
-253
-254
-260
-244
-246
-217
-211
-215
-197
-199
-172
-161
-133
-124
-124
-93
-75
-59
-14
-16
15
39
48
77
125
135
136
174
183
204
237
231
252
274
291
327
330
323
341
360
357
363
373
376
390
397
387
391
379
384
360
360
337
336
324
303
308
283
270
267
246
245
219
193
185
171
142
124
118
97
69
44
44
34
0
-7
-10
-24
-57
-46
-65
-79
-78
-112
-109
-125
-133
-139
-144
-152
-157
-146
-164
-159
-155
-161
-154
-162
-157
-150
-134
-140
-126
-111
-115
-114
-97
-88
-92
-81
-72
-64
-71
-51
-24
-18
-1
7
25
51
49
70
84
89
101
126
143
141
161
169
183
194
204
203
217
224
226
232
228
246
234
237
231
229
221
212
209
209
200
178
174
168
158
136
118
118
113
103
82
59
45
44
3
-11
-23
-46
-44
-80
-93
-107
-122
-131
-140
-147
-172
-166
-186
-204
-223
-239
-232
-250
-235
-233
-248
-246
-234
-218
-219
-218
-207
-190
-175
-169
-149
-138
-129
-102
-99
-80
-59
-44
-34
-13
12
36
64
78
107
108
132
170
171
187
225
221
240
258
259
271
277
303
296
298
303
307
314
307
303
312
294
286
280
265
268
264
247
242
232
237
235
234
211
194
193
158
147
130
108
95
68
63
40
11
2
-24
-37
-69
-76
-97
-122
-134
-142
-171
-191
-213
-217
-207
-231
-248
-260
-269
-259
-272
-290
-291
-313
-321
-316
-326
-328
-315
-318
-320
-320
-307
-295
-297
-279
-258
-268
-265
-244
-240
-220
-218
-208
-178
-160
-133
-124
-101
-94
-82
-82
-67
-18
-21
8
32
41
69
94
93
129
153
166
202
204
201
218
231
241
257
274
240
264
262
243
257
269
246
248
226
203
209
182
199
161
153
146
123
115
116
105
83
89
69
55
47
43
41
45
21
9
25
-6
-32
-21
-52
-55
-57
-88
-87
-99
-116
-101
-124
-127
-128
-158
-133
-158
-153
-146
-166
-146
-153
-152
-168
-180
-164
-166
-157
-163
-159
-150
-137
-143
-159
-134
-131
-115
-98
-82
-79
-57
-43
-44
-28
-21
13
28
32
76
73
115
144
160
196
195
226
233
229
249
242
266
269
257
285
283
274
298
284
275
266
258
255
246
250
233
229
218
205
176
173
139
121
103
68
57
49
12
-17
-37
-77
-96
-116
-144
-175
-185
-209
-230
-250
-267
-295
-294
-316
-327
-343
-362
-370
-391
-385
-387
-389
-374
-383
-370
-369
-363
-353
-340
-340
-345
-317
-300
-290
-269
-270
-248
-237
-221
-192
-173
-154
-139
-115
-108
-84
-51
-41
-21
-3
8
28
55
67
83
113
129
133
150
169
186
204
210
222
243
251
255
279
271
288
314
294
296
313
310
312
313
301
289
284
276
259
256
240
211
213
197
181
161
129
126
91
80
61
29
21
-15
-20
-48
-69
-56
-90
-91
-99
-142
-151
-165
-190
-209
-200
-231
-237
-233
-259
-251
-257
-281
-263
-279
-280
-268
-284
-267
-284
-267
-271
-263
-254
-252
-238
-233
-222
-215
-204
-200
-166
-157
-131
-124
-121
-102
-85
-69
-55
-29
-34
-7
11
16
30
41
52
71
86
107
118
120
122
139
154
161
188
184
194
183
212
219
221
219
215
221
206
204
198
200
184
172
157
136
131
112
110
76
56
48
41
34
1
-14
-11
-33
-61
-82
-88
-111
-152
-147
-156
-163
-205
-217
-207
-240
-253
-263
-280
-293
-291
-298
-304
-307
-315
-315
-305
-311
-311
-303
-315
-295
-292
-274
-265
-242
-229
-214
-204
-183
-181
-183
-149
-133
-118
-97
-94
-88
-74
-55
-31
-19
-1
25
39
62
68
79
119
121
107
142
161
157
175
170
191
190
206
202
201
233
228
223
235
253
254
250
241
239
238
229
221
212
185
173
171
153
146
136
116
107
78
76
82
51
43
19
25
22
-8
-4
-28
-53
-53
-58
-76
-78
-87
-75
-86
-90
-101
-123
-129
-137
-148
-167
-188
-188
-208
-204
-227
-215
-220
-227
-231
-221
-214
-220
-236
-234
-219
-246
-233
-233
-244
-243
-236
-243
-228
-222
-224
-225
-199
-191
-197
-178
-176
-138
-141
-145
-122
-111
-107
-88
-74
-74
-55
-43
-46
-13
18
1
43
43
68
71
78
101
91
105
89
114
133
136
157
138
135
159
125
148
156
129
149
125
128
129
119
112
110
84
78
78
63
55
68
47
39
44
2
-6
-1
-32
-36
-42
-77
-66
-74
-99
-105
-122
-147
-146
-143
-173
-170
-169
-180
-168
-184
-196
-184
-202
-212
-197
-207
-188
-175
-192
-178
-176
-163
-165
-162
-158
-150
-136
-146
-128
-129
-130
-88
-97
-90
-83
-73
-55
-52
-33
-15
-9
14
20
49
65
59
92
83
89
97
90
96
119
100
114
125
120
134
126
122
117
122
137
142
127
122
123
91
91
88
77
72
45
37
9
13
-13
-13
-7
-33
-48
-53
-63
-82
-86
-116
-112
-134
-127
-143
-153
-164
-188
-200
-203
-218
-233
-225
-235
-237
-245
-253
-267
-271
-287
-283
-283
-283
-283
-291
-276
-282
-281
-273
-264
-257
-245
-238
-231
-212
-200
-201
-187
-175
-170
-144
-126
-111
-91
-73
-60
-39
-36
-35
-5
6
19
42
38
58
67
74
94
89
121
132
125
139
143
150
176
157
168
190
192
200
179
173
178
173
164
159
161
148
157
148
137
141
121
134
113
114
112
100
105
84
83
76
58
59
48
33
18
3
2
-31
-36
-40
-64
-70
-77
-98
-112
-113
-128
-128
-135
-140
-154
-148
-157
-152
-160
-155
-148
-148
-132
-143
-128
-127
-132
-119
-122
-125
-90
-98
-91
-67
-77
-38
-44
-42
-17
-32
-11
-6
15
20
30
54
64
62
66
90
106
123
126
141
143
154
157
131
159
166
151
149
156
150
159
153
149
157
163
150
147
150
126
126
107
121
110
104
78
79
66
47
47
29
36
10
19
18
10
7
-4
-14
-33
-44
-40
-36
-64
-40
-54
-53
-55
-78
-62
-90
-82
-81
-96
-86
-97
-91
-83
-83
-90
-87
-102
-95
-91
-89
-73
-76
-76
-75
-50
-48
-37
-20
-22
-3
-7
13
16
39
54
31
62
64
46
67
77
92
122
118
124
132
144
142
158
169
172
183
175
188
204
203
201
207
198
187
191
199
196
188
191
188
184
192
174
176
176
161
165
158
151
159
135
129
143
117
118
116
99
91
89
88
90
72
62
44
36
46
34
24
16
10
8
-11
-34
-46
-40
-42
-59
-59
-60
-90
-89
-86
-99
-106
-114
-105
-119
-133
-121
-105
-127
-120
-110
-118
-104
-116
-103
-59
-70
-84
-56
-47
-42
-40
-34
-44
-17
-23
-15
-5
10
8
11
22
26
70
51
62
88
105
120
134
137
152
160
152
169
201
211
192
209
210
228
207
187
200
201
201
191
189
189
176
156
151
143
155
120
126
122
108
115
84
87
88
39
40
43
24
24
30
6
8
2
-37
-21
-42
-47
-64
-60
-78
-85
-90
-117
-84
-103
-107
-105
-111
-103
-94
-107
-98
-100
-102
-89
-87
-104
-80
-62
-70
-64
-60
-20
4
8
15
51
41
69
83
91
111
104
125
150
156
162
176
200
217
204
223
245
255
278
283
271
268
287
300
320
306
309
327
322
302
312
304
305
300
284
283
264
251
251
258
244
231
210
198
183
176
150
147
137
108
82
76
63
29
33
17
1
2
-40
-64
-51
-70
-79
-80
-95
-99
-110
-130
-107
-122
-143
-132
-144
-148
-147
-162
-167
-170
-181
-190
-177
-184
-171
-166
-162
-157
-139
-121
-122
-99
-107
-85
-73
-74
-71
-51
-36
-40
-10
-10
3
27
38
42
52
46
66
72
78
67
69
90
99
102
82
103
102
116
108
136
130
139
153
141
167
186
186
187
204
185
191
187
174
172
171
156
161
159
120
116
99
87
91
75
56
19
11
-14
-39
-55
-54
-58
-92
-123
-126
-133
-141
-143
-174
-185
-180
-210
-205
-196
-197
-218
-224
-227
-233
-223
-231
-234
-235
-257
-252
-232
-232
-220
-204
-220
-204
-183
-192
-167
-176
-174
-178
-158
-149
-125
-109
-115
-103
-85
-61
-59
-43
-16
-15
-8
3
22
41
66
75
87
101
87
102
104
114
132
134
135
149
143
148
156
186
181
172
173
183
178
168
185
168
165
172
160
164
158
146
132
115
119
109
95
97
85
76
74
48
32
26
-8
-9
-23
-38
-48
-88
-78
-96
-112
-117
-120
-134
-137
-158
-170
-155
-174
-172
-182
-181
-182
-197
-187
-190
-196
-196
-199
-212
-191
-207
-200
-207
-206
-189
-217
-209
-206
-214
-196
-217
-196
-181
-193
-166
-167
-159
-137
-127
-109
-97
-78
-56
-50
-19
6
12
35
38
68
74
77
90
106
112
135
142
123
119
124
117
141
140
118
134
114
110
118
96
91
101
77
85
98
105
115
106
101
102
105
104
81
77
61
52
54
42
41
25
4
-8
9
6
-12
-19
-47
-65
-75
-90
-102
-109
-125
-162
-180
-181
-200
-219
-203
-236
-235
-232
-240
-235
-238
-243
-224
-229
-231
-214
-221
-201
-191
-200
-177
-166
-144
-140
-123
-116
-134
-103
-88
-73
-67
-62
-46
-34
-38
-33
-18
-26
-2
4
12
44
31
40
37
49
69
67
84
92
86
99
91
95
107
95
104
106
96
84
94
105
90
80
70
59
78
52
26
22
2
-5
-7
-22
-24
-34
-60
-61
-73
-86
-108
-98
-108
-126
-132
-158
-156
-183
-179
-186
-207
-224
-230
-233
-254
-249
-254
-255
-241
-245
-243
-243
-250
-252
-255
-247
-249
-238
-246
-246
-245
-241
-228
-241
-237
-234
-218
-215
-212
-196
-164
-165
-151
-120
-129
-97
-84
-85
-58
-66
-39
-30
-19
-5
2
35
40
49
50
70
68
62
87
87
110
109
97
109
117
132
122
130
125
136
149
135
140
140
142
112
108
112
85
89
75
69
75
62
50
36
11
0
0
-12
-22
-33
-41
-46
-63
-63
-62
-75
-87
-94
-99
-117
-111
-126
-110
-130
-140
-146
-158
-155
-169
-170
-155
-168
-166
-163
-184
-175
-179
-157
-165
-174
-170
-168
-159
-156
-141
-130
-121
-110
-112
-100
-73
-65
-77
-51
-47
-41
-21
-29
-7
-11
6
21
30
34
43
51
59
71
56
86
71
67
81
60
75
74
56
78
61
62
80
72
68
66
74
61
93
80
70
79
87
87
68
76
77
79
60
51
35
53
50
27
27
16
21
6
3
-4
-3
-9
-25
-36
-56
-55
-82
-80
-85
-113
-102
-120
-119
-113
-119
-121
-120
-150
-159
-150
-154
-170
-154
-170
-177
-152
-164
-156
-147
-134
-143
-124
-129
-132
-119
-124
-108
-89
-106
-107
-79
-79
-67
-77
-65
-36
-9
-18
-22
-3
10
22
40
41
65
83
75
98
104
103
116
120
124
128
115
110
128
124
131
143
119
127
130
103
118
102
82
84
62
45
43
41
38
33
30
5
0
-8
-20
-28
-34
-30
-24
-32
-28
-42
-42
-58
-56
-43
-46
-39
-68
-63
-58
-69
-81
-95
-83
-81
-77
-83
-82
-88
-104
-106
-72
-67
-80
-80
-66
-67
-73
-66
-59
-45
-58
-55
-47
-43
-38
-31
-16
-22
-25
-19
4
16
2
-1
1
24
23
17
26
32
25
19
32
12
15
28
18
33
35
21
57
58
49
56
72
70
65
73
80
86
98
105
111
101
116
120
125
139
138
134
125
132
138
127
114
97
75
77
80
67
58
57
41
25
27
30
15
18
-6
-23
-20
-31
-47
-44
-49
-49
-47
-54
-57
-73
-78
-58
-60
-56
-44
-46
-52
-68
-76
-47
-42
-57
-53
-61
-57
-59
-39
-45
-40
-38
-45
-7
-18
-2
17
5
24
30
38
21
40
43
64
74
59
70
93
94
94
121
109
116
118
110
124
115
98
109
104
99
96
75
96
99
114
106
107
124
115
123
117
110
120
108
91
99
105
96
87
77
78
71
75
53
53
54
24
23
27
16
-10
-25
-19
-43
-27
-32
-45
-43
-58
-53
-43
-32
-46
-24
-17
-13
-28
-29
-17
-27
-14
-3
0
-7
5
8
16
43
42
42
49
39
49
30
46
52
50
42
49
70
60
69
74
74
68
75
86
95
109
108
120
145
134
129
137
135
139
120
118
145
120
108
114
102
88
92
82
81
72
65
57
53
32
41
45
43
44
13
17
21
26
18
35
13
13
21
5
7
4
-11
0
1
17
-3
-10
3
-10
-4
7
10
17
20
7
40
37
16
35
23
2
19
27
2
41
26
26
51
25
41
29
25
40
32
27
39
49
49
46
55
53
39
42
45
72
62
74
74
80
84
71
54
62
67
79
86
63
77
91
99
107
96
117
106
104
120
108
134
121
139
141
133
139
118
120
128
132
126
118
111
93
109
100
124
105
108
126
85
95
80
78
70
78
82
80
59
46
35
30
21
17
23
-3
19
-2
-29
-8
-16
-20
-20
-37
-39
-15
-23
-25
-12
-35
-20
-32
-36
-14
-19
-17
1
-13
-23
-20
-33
-18
-30
-31
-13
-6
3
17
7
9
14
12
22
22
23
21
18
21
7
12
26
31
34
51
48
62
67
80
79
71
84
73
81
73
80
79
79
86
80
101
97
119
104
106
110
85
100
101
95
81
80
76
72
56
53
44
54
29
11
46
11
5
7
-11
-7
-2
-14
-3
4
6
-9
-9
-4
-12
-37
-20
-16
-20
-26
-34
-13
-25
-24
-45
-38
-26
-33
-53
-28
-22
-20
-20
-28
-17
-25
4
-7
-2
-13
-16
-10
-11
-12
-12
1
13
28
24
43
48
40
48
44
46
41
55
47
44
62
40
41
50
56
47
58
44
51
83
67
66
79
93
100
93
85
112
99
96
110
94
96
94
105
96
103
95
84
87
76
72
85
85
67
77
64
53
39
11
25
14
-11
2
10
-3
-7
-10
-39
-25
-22
-37
-37
-43
-49
-56
-65
-57
-67
-77
-61
-74
-76
-64
-70
-70
-61
-57
-62
-44
-45
-43
-44
-39
-36
-23
-19
-31
-15
-31
-17
-6
8
-12
-4
-8
-13
19
17
21
26
33
21
26
32
46
48
52
59
60
82
81
76
88
87
94
95
102
95
76
75
60
69
66
56
49
40
28
29
15
8
5
-11
-4
-30
-44
-46
-66
-72
-84
-80
-94
-96
-95
-104
-96
-87
-95
-112
-116
-97
-87
-92
-94
-73
-87
-70
-61
-72
-45
-31
-52
-27
-9
-12
-1
0
2
13
30
13
26
36
48
37
60
75
63
90
76
76
90
84
67
80
86
79
87
69
70
