58
57
71
37
20
35
27
44
30
25
26
13
5
3
1
0
6
11
32
16
39
22
26
49
40
44
48
29
25
31
28
16
9
36
22
42
43
38
52
56
54
54
56
45
58
74
66
73
81
73
67
51
61
64
49
48
74
79
63
60
51
55
58
51
41
52
73
73
73
49
68
66
61
69
55
55
57
40
27
26
34
17
11
32
14
23
19
7
22
26
36
25
32
29
15
18
13
17
42
13
6
29
9
25
25
26
32
40
16
42
55
51
52
47
50
39
33
24
12
-3
1
22
-1
-12
-10
-14
3
-6
-20
-1
-31
-37
-21
-25
-20
-25
-24
-22
-33
-27
-15
-26
-17
-28
-26
1
-19
-12
-17
-25
-35
-50
-34
-45
-53
-55
-51
-45
-28
-45
-33
-31
-39
-36
-48
-44
-53
-41
-38
-53
-43
-39
-49
-56
-54
-37
-43
-51
-40
-22
-32
-35
-61
-49
-29
-46
-28
-40
-42
-43
-48
-56
-50
-54
-63
-79
-84
-74
-75
-79
-84
-59
-36
-32
-67
-56
-50
-60
-67
-70
-45
-34
-56
-52
-42
-47
-39
-43
-60
-39
-17
-34
-24
-25
-15
-17
-26
-39
-27
-39
-59
-59
-53
-33
-38
-43
-20
-28
-35
-29
-29
-22
-34
-16
-29
-45
-30
-38
-53
-48
-44
-32
-40
-52
-54
-40
-46
-60
-60
-48
-62
-52
-41
-37
-32
-49
-67
-68
-44
-76
-79
-76
-77
-91
-89
-80
-63
-59
-65
-62
-64
-51
-50
-39
-45
-35
-32
-59
-49
-41
-25
-28
-56
-46
-18
-43
-46
-39
-43
-40
-53
-69
-66
-55
-49
-65
-73
-48
-64
-62
-68
-37
-35
-58
-61
-57
-47
-43
-55
-71
-46
-40
-45
-48
-40
-29
-22
-36
-36
-24
-20
-39
-41
-26
1
-14
-24
3
12
3
2
13
8
11
-5
13
0
5
-3
-16
-18
-24
-25
-32
-42
-36
-20
-65
-51
-33
-33
-48
-51
-52
-67
-63
-80
-65
-63
-64
-60
-54
-65
-48
-36
-47
-35
-13
-21
-12
-24
-6
19
0
5
0
35
49
37
40
67
58
62
88
69
87
94
90
90
106
116
104
95
105
82
78
86
78
79
68
49
41
28
10
2
-4
-10
-9
-8
-26
-17
-24
-31
-25
-25
-34
-30
-43
-25
-13
-27
4
4
-4
9
2
16
22
-4
6
-15
-21
-3
-11
-38
-30
-20
-43
-43
-26
-30
-20
-28
-33
-6
-26
-35
-51
-65
-79
-76
-70
-95
-90
-66
-93
-94
-88
-93
-80
-99
-112
-94
-93
-103
-106
-112
-92
-81
-87
-103
-93
-90
-105
-113
-124
-94
-90
-108
-90
-95
-60
-61
-87
-60
-31
-38
-64
-71
-67
-41
-60
-85
-67
-66
-68
-88
-82
-62
-61
-78
-95
-74
-78
-93
-84
-95
-89
-73
-106
-105
-94
-104
-106
-100
-108
-88
-75
-79
-80
-74
-78
-80
-76
-71
-42
-51
-77
-41
-8
-4
-3
-19
16
24
7
-2
14
24
-9
-6
4
5
15
4
1
-8
7
-11
-14
8
17
-3
-14
-20
-21
-3
-40
-42
-21
-20
-13
-25
-37
-9
-26
-40
-44
-39
-24
-53
-49
-23
-12
-42
-50
-27
-18
-3
-36
-46
-8
-4
-28
-38
-22
-19
-11
-30
-41
-1
7
-22
-21
-12
5
-10
-38
-27
3
-23
-58
-52
-28
-28
-60
-56
-40
-33
-50
-57
-52
-42
-41
-62
-77
-62
-49
-66
-74
-63
-52
-54
-47
-78
-55
-49
-91
-83
-58
-42
-67
-78
-65
-68
-54
-70
-72
-34
-37
-50
-28
-35
-34
-36
-52
-24
3
-4
-28
-3
14
12
-4
9
26
37
7
6
21
38
51
6
28
47
43
51
34
46
65
39
33
44
47
37
19
9
40
41
-4
-13
9
10
-1
-1
9
16
8
-21
-10
10
-3
-7
-20
-14
9
-6
-28
-20
7
1
-23
-25
-11
-1
-24
-50
-45
-6
-15
-38
-46
-20
-2
-4
-23
-4
29
10
-11
-2
8
-3
-17
-23
-5
15
23
7
17
16
15
14
-8
8
10
-16
-10
-27
-32
-43
-46
-38
-2
-4
-13
-5
8
19
-14
-28
-9
-3
-10
-27
-22
-6
-24
-40
-35
-5
4
-9
-3
-13
-1
-7
-31
-10
-20
-17
-15
-23
-21
-7
-15
-37
-25
-8
-10
-11
-20
-9
8
-22
-23
-26
-24
-40
-52
-31
-12
-29
-28
-43
-49
-43
-46
-47
-49
-37
-50
-44
-61
-53
-22
-27
-42
-30
-28
-41
-32
-44
-44
-28
-50
-48
-23
-38
-30
-23
-31
-42
-31
-50
-45
-37
-46
-47
-49
-38
-40
-39
-52
-34
-36
-49
-31
-29
-11
-25
-18
-11
-15
-19
-20
-20
-27
-22
-47
-28
-32
-20
13
-10
-12
-6
7
5
-13
-19
6
17
11
31
42
46
60
53
41
69
62
50
52
64
84
83
50
47
56
43
54
43
45
46
41
21
17
38
24
11
-12
-1
9
-12
-33
-16
-12
-1
-13
-17
7
8
5
-13
4
11
4
12
15
1
-1
-14
4
12
4
20
4
11
17
13
12
-3
-16
14
-6
6
15
-6
-4
-20
-28
-23
-4
-24
-6
17
-5
-6
-2
-33
-29
-21
-21
17
21
-18
11
14
11
57
49
40
38
23
33
45
32
40
58
68
81
67
67
60
72
61
53
87
86
89
83
95
80
74
70
74
68
55
54
54
45
36
33
7
32
25
8
17
11
-1
-5
2
-10
-3
-4
-32
-27
-22
-7
-8
-37
-22
-20
-26
-28
-34
-16
-5
-20
5
39
34
40
30
34
70
65
40
81
79
80
86
91
127
135
132
111
125
120
113
124
131
137
158
152
146
135
134
122
105
132
147
139
138
139
147
153
131
127
130
137
135
139
133
142
132
117
141
140
148
144
111
122
140
118
104
97
99
101
112
99
94
118
125
113
135
114
96
99
73
78
61
49
58
49
56
58
13
21
23
21
15
1
18
24
9
9
21
-7
-13
-14
3
-4
0
-28
-45
-21
-47
-50
-37
-36
-18
-24
-29
-5
-8
-7
8
-27
-10
-19
-44
-38
-28
-18
-33
-27
-8
-8
-18
-30
-9
17
12
-39
-22
22
20
-3
-18
-2
11
0
-22
-3
-4
-17
-10
5
15
7
1
-7
31
35
18
44
44
48
50
23
-6
4
16
-14
3
21
16
7
-4
2
31
42
6
1
15
13
5
-12
18
27
23
16
26
64
43
48
56
72
66
63
64
78
115
96
89
79
110
113
80
80
97
121
92
62
76
94
98
90
100
121
85
75
69
90
94
42
55
52
50
59
42
57
81
65
39
39
39
48
39
17
21
43
38
7
8
25
23
7
-16
9
29
27
7
24
44
31
43
57
72
93
83
67
118
116
92
80
81
99
77
76
70
90
109
95
101
105
112
112
91
94
110
89
91
79
68
92
78
82
80
54
61
34
45
53
33
24
5
17
12
5
-8
7
29
6
-16
-20
-11
-41
-23
-30
-16
2
-38
-8
-20
-35
-30
-32
-28
-15
-13
-18
-9
-13
-46
-52
-38
-22
-21
-31
-52
-24
-2
-31
-27
0
22
10
2
-7
24
19
3
9
44
59
45
29
44
63
56
54
48
65
59
57
92
114
109
98
75
89
100
96
66
66
69
56
46
45
54
76
64
51
68
34
32
24
34
41
30
33
23
25
26
18
2
0
0
0
-26
-9
-6
-20
-21
-18
-14
-18
3
13
16
21
34
8
11
48
36
8
-15
4
16
-9
-31
-23
-6
-14
-15
-10
-7
-12
-40
-40
-23
-16
-17
-30
-14
-29
-24
-20
-45
-29
-33
-89
-81
-67
-66
-69
-95
-85
-63
-76
-89
-99
-105
-120
-133
-142
-146
-125
-125
-145
-92
-94
-101
-89
-92
-71
-50
-68
-76
-59
-62
-62
-73
-70
-65
-24
-36
-21
6
-3
-15
-19
-4
16
8
-17
7
0
1
-12
-26
10
37
10
0
0
15
27
-4
-8
-2
-1
-29
-31
-28
-39
-52
-73
-71
-64
-78
-88
-76
-76
-75
-74
-88
-96
-69
-65
-76
-89
-80
-66
-79
-70
-57
-54
-70
-52
-54
-27
-8
-25
8
26
12
0
28
30
44
39
51
70
69
75
60
43
42
65
32
25
20
33
36
17
38
59
33
9
40
58
59
48
32
43
66
53
22
34
64
35
34
32
32
57
29
17
52
52
41
18
16
36
25
16
-1
11
44
32
16
10
16
3
-24
-7
28
28
12
6
19
30
15
2
7
31
8
-13
-4
1
3
-13
-26
-29
-19
-3
-19
-36
-24
-6
-18
-44
-32
-15
-18
-38
-39
-31
-29
-65
-75
-47
-44
-51
-63
-55
-44
-23
-37
-58
-53
-45
-64
-48
-49
-49
-18
-33
-34
-23
-22
-11
-30
-19
-2
-17
-9
-1
9
-4
-6
-21
-28
-26
-52
-47
-17
-50
-52
-49
-66
-59
-54
-54
-39
-61
-52
-52
-78
-53
-62
-64
-57
-49
-38
-53
-41
-43
-38
-48
-53
-29
-26
-7
3
-4
16
32
24
28
25
34
37
22
21
30
30
46
43
33
51
60
45
45
59
58
47
0
-14
2
-10
-34
-37
-30
-21
-41
-58
-50
-60
-50
-56
-70
-58
-84
-92
-67
-90
-98
-94
-100
-69
-67
-70
-74
-65
-81
-96
-81
-77
-75
-61
-56
-66
-59
-52
-69
-70
-75
-92
-79
-93
-105
-77
-75
-75
-72
-84
-77
-97
-121
-114
-107
-124
-128
-129
-137
-141
-132
-123
-121
-135
-153
-154
-161
-145
-142
-129
-129
-124
-109
-122
-116
-97
-103
-117
-102
-100
-90
-87
-90
-77
-56
-60
-75
-67
-41
-45
-57
-68
-41
-26
-46
-47
-46
-41
-54
-59
-57
-33
-15
-32
-18
-5
-6
-10
-13
-23
-3
6
2
-8
-20
-26
-20
-20
-35
-8
-23
-4
-16
-43
-35
-39
-58
-49
-44
-34
-16
-50
-46
-36
-26
-37
-37
-42
-30
-18
-12
-21
-19
4
1
4
13
21
40
46
35
39
44
38
42
44
71
101
105
96
91
120
107
113
121
137
144
117
126
129
115
115
114
88
95
82
71
54
64
76
65
47
31
24
24
15
9
-2
6
2
-6
0
9
14
-29
-15
-18
-26
-31
-30
-32
-43
-46
-57
-61
-72
-75
-79
-78
-65
-74
-80
-65
-64
-73
-83
-79
-94
-97
-87
-78
-80
-66
-41
-71
-62
-38
-59
-51
-53
-64
-40
-47
-62
-54
-69
-67
-58
-60
-38
-58
-74
-63
-58
-18
-16
-47
-31
-36
-53
-58
-64
-53
-71
-69
-61
-31
-39
-62
-70
-69
-85
-93
-85
-78
-70
-76
-82
-72
-56
-42
-47
-59
-51
-64
-69
-80
-65
-57
-63
-48
-51
-39
-52
-35
-17
-4
3
22
8
5
31
15
40
44
45
71
63
56
57
54
72
66
81
97
92
68
79
92
77
89
83
86
121
102
91
107
94
80
64
50
47
44
24
1
-1
12
-14
0
8
11
14
-13
-24
-12
-22
-43
-39
-33
-21
-25
-56
-61
-51
-59
-69
-68
-41
-67
-61
-60
-50
-39
-59
-71
-53
-16
-29
-41
-35
-38
-49
-53
-66
-35
-35
-40
-2
-12
2
1
-26
-25
-16
5
16
4
24
14
20
19
-5
3
5
-3
3
34
7
-12
-33
-41
-43
-49
-63
-38
-16
-26
-34
-40
-52
-44
-69
-72
-51
-40
-15
-34
-22
-10
-28
-31
-33
-26
2
-6
-29
-23
-1
14
10
29
56
83
97
92
117
132
123
108
112
144
148
146
157
171
155
152
139
130
131
127
128
132
147
136
116
103
97
89
94
84
75
79
70
53
35
43
45
42
52
71
94
95
123
115
115
116
110
117
120
123
101
114
143
142
163
166
165
165
136
130
133
131
139
156
140
164
163
122
125
120
82
69
101
108
119
130
96
91
82
66
69
57
68
77
76
58
55
54
36
21
12
40
58
43
32
44
32
23
23
-7
-3
6
-13
-11
-14
1
5
-19
-28
1
-16
-15
-16
-8
3
-5
-8
5
24
-5
-21
-12
-5
9
13
19
42
46
15
-13
-17
-27
-34
-52
-35
-35
-25
-21
-48
-34
-46
-61
-84
-65
-60
-85
-71
-73
-62
-56
-74
-77
-72
-62
-68
-89
-54
-42
-35
-17
-28
-6
15
-22
-16
6
18
41
16
21
66
90
67
51
80
72
40
37
23
39
48
20
34
17
22
13
1
0
3
-7
-33
-20
12
-8
-24
-25
-21
-3
-10
2
-4
-13
3
10
-10
24
24
19
27
27
47
53
46
65
74
90
93
88
111
104
96
95
84
97
83
68
86
86
84
67
73
94
84
68
82
90
93
83
75
68
63
58
41
69
46
22
25
3
4
-4
-24
-32
-42
-41
-68
-75
-66
-70
-90
-97
-101
-98
-91
-101
-104
-87
-66
-85
-81
-72
-67
-42
-58
-44
-12
-15
-2
-6
-9
9
15
-3
4
15
38
22
17
24
23
20
5
24
46
34
35
42
64
60
32
33
33
25
16
-12
1
11
12
-11
-8
12
30
22
28
38
51
56
38
66
61
73
49
43
66
76
93
77
79
84
88
93
84
102
122
121
84
97
96
72
78
70
94
112
83
86
111
93
78
74
79
94
66
35
57
69
60
45
28
17
27
9
17
40
38
39
6
9
16
15
-1
-10
9
38
24
-2
32
23
29
18
-7
6
35
24
20
49
36
46
51
41
56
66
48
51
73
84
63
67
66
54
56
47
48
50
28
33
48
45
64
53
38
51
34
31
47
21
29
28
2
-10
1
-12
-16
-21
-21
-9
-18
-16
-11
-16
-38
-40
-37
-45
-55
-61
-73
-93
-88
-68
-74
-76
-86
-72
-75
-83
-71
-57
-50
-49
-60
-44
-31
-46
-40
-53
-39
-30
-25
-30
-23
-28
-41
-35
-43
-66
-64
-79
-84
-61
-80
-71
-53
-94
-83
-65
-87
-77
-84
-83
-68
-94
-89
-79
-74
-69
-77
-69
-56
-52
-68
-65
-47
-47
-47
-45
-60
-32
-31
-41
-28
-23
-5
-5
-12
-4
18
0
-1
6
4
-3
0
-18
-2
10
-4
3
-8
-3
15
-2
-4
-7
-17
-10
-16
-11
9
-7
-12
-15
-19
-14
-39
-31
-23
-20
-19
-23
-34
-17
-11
-10
-21
-3
-2
-9
-4
-10
7
-9
-6
21
28
18
4
3
9
13
-7
3
17
5
6
-9
-5
-13
-16
-17
-26
11
-18
-22
-22
-36
-21
-43
-40
-41
-43
-40
-44
-37
-35
-37
-57
-66
-57
-57
-69
-85
-93
-74
-82
-122
-110
-102
-95
-96
-91
-66
-53
-60
-62
-33
-25
-19
-17
-26
-17
5
-10
-10
1
2
17
16
10
23
32
40
29
46
53
52
52
33
48
60
40
23
47
55
32
35
32
41
41
18
31
35
17
8
-3
-9
-6
-42
-49
-41
-50
-40
-50
-58
-41
-44
-44
-58
-46
-31
-43
-42
-44
-50
-46
-58
-64
-30
-30
-26
-37
-34
-30
-36
-21
-20
-3
-8
-5
4
10
25
17
3
21
19
15
7
17
31
18
14
23
13
15
39
20
14
20
11
21
21
38
21
33
53
61
71
73
61
77
77
68
74
66
71
55
51
40
36
61
54
41
48
46
59
62
68
72
90
87
79
86
85
71
50
42
14
24
20
31
32
11
22
5
3
-15
-23
-17
-27
-40
-45
-65
-61
-71
-92
-87
-111
-124
-112
-118
-117
-91
-97
-95
-91
-102
-100
-93
-94
-97
-93
-116
-98
-92
-101
-79
-99
-89
-99
-96
-90
-104
-102
-121
-119
-129
-141
-145
-152
-164
-175
-186
-173
-163
-171
-169
-163
-166
-164
-162
-168
-155
-180
-181
-166
-153
-156
-169
-147
-129
-140
-138
-129
-126
-129
-111
-125
-107
-91
-103
-73
-58
-61
-58
-59
-52
-43
-37
-14
-13
-12
-11
10
22
13
26
47
45
47
58
47
37
16
2
15
0
-3
1
-12
-9
-20
-27
-31
-35
-58
-65
-62
-77
-86
-74
-92
-94
-77
-80
-76
-87
-96
-82
-87
-73
-54
-48
-32
-38
-34
-21
-19
-12
-29
-17
6
5
10
22
26
25
20
23
29
21
-11
-8
-10
-30
-21
-35
-60
-48
-70
-75
-58
-67
-74
-80
-81
-75
-97
-87
-74
-61
-45
-51
-39
-38
-18
-14
-13
-11
17
8
44
69
54
84
101
121
142
132
138
146
135
146
154
149
147
141
137
133
140
103
116
105
82
73
64
67
41
20
-11
-25
-47
-83
-86
-90
-115
-124
-129
-149
-156
-180
-230
-221
-233
-247
-244
-288
-293
-281
-294
-282
-278
-278
-284
-286
-285
-268
-258
-236
-236
-213
-201
-197
-174
-146
-135
-150
-126
-117
-86
-47
-39
-26
-16
3
15
31
24
24
43
43
53
71
69
59
46
45
42
21
15
20
15
18
11
15
25
5
-17
-45
-42
-33
-14
-24
-37
-50
-53
-43
-47
-38
-37
-30
-34
-12
8
14
8
8
10
17
34
24
37
25
31
31
36
45
37
33
25
23
20
18
24
3
-9
2
-9
-17
-16
-28
-34
-32
-45
-53
-64
-46
-41
-37
-18
-67
-59
-51
-68
-56
-56
-62
-68
-67
-74
-86
-86
-80
-106
-95
-91
-86
-53
-74
-82
-78
-69
-82
-70
-63
-65
-38
-32
-10
-7
-10
-15
-20
-10
-4
12
20
39
45
42
21
25
11
1
18
8
15
6
-3
0
26
19
4
16
-10
-26
-7
2
14
4
-21
2
9
-1
19
-3
-5
-8
-13
-2
13
38
18
-6
-11
-13
-15
-17
-17
-14
-47
-48
-40
-34
-30
-62
-78
-93
-104
-109
-116
-116
-133
-176
-204
-198
-224
-248
-264
-278
-315
-309
-340
-350
-340
-364
-377
-403
-404
-407
-411
-409
-392
-392
-404
-374
-368
-371
-362
-332
-308
-302
-280
-230
-188
-167
-144
-102
-70
-21
3
31
89
115
152
199
245
262
293
320
344
378
414
421
458
477
479
488
506
507
493
511
516
533
528
538
535
524
509
494
482
485
471
462
458
454
434
422
396
387
367
329
330
306
300
318
290
266
230
193
194
183
174
147
118
94
60
43
31
5
-23
-72
-103
-121
-144
-155
-206
-241
-286
-325
-360
-387
-423
-459
-486
-503
-534
-563
-581
-619
-656
-684
-698
-705
-711
-722
-726
-724
-729
-736
-734
-700
-667
-645
-592
-557
-498
-467
-418
-364
-300
-240
-181
-110
-68
7
69
132
207
255
323
381
423
497
561
624
691
745
777
833
850
899
952
992
1012
1025
1050
1049
1063
1075
1075
1075
1085
1101
1115
1117
1110
1084
1045
1008
968
964
938
914
888
854
827
803
765
701
597
475
335
198
114
5
-43
-184
-311
-433
-607
-750
-896
-1036
-1150
-1263
-1368
-1439
-1503
-1577
-1672
-1757
-1838
-1935
-1977
-1990
-1952
-1890
-1838
-1766
-1702
-1632
-1530
-1416
-1313
-1197
-1095
-974
-838
-685
-578
-495
-426
-413
-359
-288
-230
-138
-74
-24
5
32
89
148
183
209
219
235
279
330
367
389
376
359
381
389
427
497
519
558
608
654
742
834
924
1044
1130
1234
1322
1438
1576
1698
1869
1971
2115
2233
2328
2463
2561
2687
2752
2751
2667
2556
2466
2360
2209
2040
1793
1510
1233
982
758
510
180
-198
-557
-880
-1139
-1411
-1710
-2042
-2383
-2662
-2812
-2854
-2902
-2983
-3019
-3053
-2995
-2887
-2732
-2572
-2463
-2361
-2221
-2015
-1777
-1541
-1351
-1198
-1072
-920
-733
-530
-309
-144
-13
77
165
287
410
499
543
578
578
597
646
707
720
697
635
544
495
442
407
367
272
179
72
-54
-156
-266
-388
-553
-719
-883
-974
-1055
-1102
-1154
-1192
-1235
-1276
-1228
-1172
-1071
-998
-944
-846
-707
-535
-332
-134
55
252
455
699
1014
1327
1645
1950
2225
2534
2800
3073
3336
3538
3721
3860
4011
4118
4132
4078
3940
3766
3640
3432
3198
2930
2569
2253
1911
1610
1287
863
341
-157
-635
-1060
-1460
-1893
-2314
-2753
-3126
-3353
-3476
-3558
-3666
-3725
-3740
-3673
-3521
-3359
-3165
-3026
-2910
-2725
-2491
-2201
-1987
-1798
-1625
-1497
-1288
-1008
-690
-375
-140
46
238
403
567
679
761
835
813
811
834
862
894
852
772
683
577
481
425
443
444
427
360
259
124
-12
-160
-309
-477
-662
-828
-934
-965
-989
-992
-1024
-1066
-1047
-996
-879
-729
-571
-392
-239
-38
188
408
639
843
1050
1290
1596
1958
2344
2726
3042
3354
3637
3875
4092
4251
4350
4431
4391
4242
4117
3902
3648
3401
3062
2727
2405
2044
1658
1301
888
428
-23
-535
-1032
-1527
-2059
-2511
-2979
-3407
-3747
-3995
-4160
-4267
-4348
-4379
-4347
-4312
-4189
-3995
-3765
-3538
-3298
-3059
-2839
-2620
-2406
-2185
-1961
-1775
-1543
-1282
-999
-671
-356
-61
191
391
538
676
820
935
1026
1089
1150
1171
1162
1147
1106
1033
926
823
751
731
763
760
711
585
387
220
82
-40
-177
-357
-510
-628
-667
-677
-682
-702
-795
-838
-771
-619
-395
-199
-46
90
242
479
713
955
1145
1289
1529
1851
2214
2613
2967
3244
3504
3745
4026
4265
4417
4465
4463
4370
4219
4044
3714
3406
3035
2666
2368
2016
1601
1135
662
181
-251
-716
-1235
-1800
-2426
-2962
-3416
-3787
-4128
-4424
-4672
-4851
-4887
-4850
-4732
-4631
-4540
-4400
-4181
-3859
-3478
-3159
-2845
-2628
-2408
-2123
-1796
-1461
-1201
-933
-652
-363
-6
361
689
948
1061
1183
1308
1437
1542
1621
1645
1607
1554
1520
1489
1407
1233
1056
901
819
781
731
644
470
236
-26
-231
-419
-644
-852
-1033
-1186
-1279
-1330
-1363
-1407
-1483
-1537
-1520
-1446
-1301
-1097
-930
-741
-531
-303
-47
182
401
647
977
1353
1805
2256
2685
3110
3486
3880
4229
4561
4805
4917
5025
5112
5150
5054
4892
4545
4193
3856
3561
3312
2986
2527
2001
1472
994
539
11
-593
-1269
-2000
-2635
-3131
-3483
-3885
-4269
-4617
-4862
-4950
-4940
-4893
-4854
-4828
-4779
-4553
-4229
-3850
-3580
-3348
-3186
-3019
-2753
-2440
-2090
-1810
-1576
-1306
-967
-599
-188
141
379
513
613
746
888
1026
1130
1171
1180
1181
1154
1126
1076
1000
921
865
822
782
739
682
579
450
267
45
-139
-304
-448
-546
-635
-717
-813
-890
-915
-891
-842
-772
-697
-602
-452
-278
-21
227
398
557
716
963
1264
1598
1960
2308
2652
3024
3444
3872
4278
4584
4755
4899
4990
5038
5094
5047
4880
4567
4160
3780
3458
3187
2868
2464
1913
1301
729
246
-200
-773
-1472
-2228
-2976
-3571
-4022
-4386
-4758
-5163
-5522
-5666
-5619
-5483
-5370
-5270
-5216
-5112
-4806
-4360
-3891
-3543
-3333
-3129
-2877
-2530
-2091
-1670
-1309
-1019
-711
-300
183
658
1020
1242
1353
1441
1554
1707
1844
1921
1910
1807
1727
1673
1626
1549
1438
1298
1131
972
866
799
707
509
245
-68
-378
-600
-776
-935
-1131
-1335
-1509
-1589
-1592
-1539
-1498
-1474
-1483
-1416
-1247
-980
-659
-411
-216
-40
138
412
782
1169
1558
1925
2315
2815
3363
3924
4462
4828
5096
5309
5482
5650
5792
5840
5741
5504
5100
4724
4394
4085
3780
3362
2835
2227
1626
1052
556
-20
-795
-1665
-2515
-3256
-3867
-4327
-4760
-5254
-5737
-6094
-6200
-6159
-6104
-6140
-6158
-6110
-5957
-5542
-4989
-4583
-4361
-4196
-4014
-3668
-3202
-2699
-2239
-1901
-1613
-1175
-601
-18
498
818
975
1103
1272
1525
1817
2005
2036
1998
1935
1943
2007
2021
1995
1859
1663
1533
1512
1510
1445
1246
941
642
335
95
-83
-266
-511
-787
-986
-1103
-1108
-1111
-1134
-1177
-1230
-1232
-1091
-879
-655
-460
-287
-90
112
379
686
1066
1413
1768
2225
2729
3306
3933
4468
4899
5246
5488
5726
5917
6037
6104
5987
5736
5420
5082
4785
4530
4210
3768
3216
2585
2001
1500
1000
394
-384
-1292
-2199
-2959
-3592
-4130
-4683
-5307
-5861
-6203
-6335
-6323
-6374
-6474
-6565
-6596
-6413
-5985
-5537
-5246
-5047
-4935
-4723
-4377
-3959
-3511
-3129
-2857
-2545
-2060
-1461
-847
-359
-60
137
322
558
887
1224
1492
1596
1654
1770
1943
2087
2146
2159
2065
1987
2000
2063
2137
2103
1934
1686
1439
1183
994
810
578
373
148
-5
-76
-133
-231
-316
-405
-491
-466
-392
-255
-104
22
168
315
453
632
881
1175
1547
1922
2363
2872
3376
3892
4388
4836
5195
5427
5610
5722
5799
5791
5636
5341
5015
4689
4431
4236
3895
3446
2839
2159
1614
1183
704
54
-811
-1737
-2556
-3251
-3824
-4337
-4939
-5607
-6146
-6355
-6367
-6344
-6410
-6556
-6665
-6659
-6379
-5879
-5491
-5319
-5225
-5090
-4802
-4366
-3908
-3523
-3234
-3015
-2654
-2062
-1411
-851
-454
-212
-37
199
503
884
1201
1419
1562
1702
1878
2051
2182
2229
2201
2138
2092
2128
2209
2246
2173
2018
1761
1498
1250
1039
860
680
452
209
53
-79
-149
-215
-338
-450
-553
-589
-488
-310
-141
17
121
226
377
591
887
1249
1665
2076
2584
3144
3723
4247
4690
5016
5233
5377
5479
5644
5626
5446
5125
4800
4570
4391
4215
3850
3342
2686
2070
1662
1325
886
179
-746
-1673
-2483
-3129
-3645
-4188
-4850
-5554
-5988
-6065
-6007
-6078
-6241
-6460
-6651
-6552
-6213
-5745
-5458
-5412
-5415
-5281
-4974
-4588
-4186
-3877
-3705
-3488
-3054
-2400
-1724
-1246
-955
-803
-661
-400
26
509
886
1139
1293
1500
1762
2003
2180
2299
2293
2255
2312
2475
2658
2684
2575
2351
2125
1896
1727
1549
1365
1144
881
691
601
548
448
313
121
-52
-161
-177
-62
43
133
222
313
418
568
783
1058
1434
1868
2328
2872
3418
3932
4390
4815
5110
5292
5376
5406
5451
5269
5014
4730
4467
4282
4085
3816
3393
2853
2184
1681
1344
968
405
-393
-1239
-2068
-2771
-3396
-3902
-4512
-5212
-5721
-5910
-5908
-5909
-6023
-6164
-6320
-6413
-6195
-5794
-5501
-5413
-5398
-5357
-5178
-4842
-4505
-4222
-4062
-3963
-3655
-3098
-2507
-2031
-1686
-1471
-1321
-1146
-823
-323
54
326
557
790
1093
1392
1638
1822
1941
1981
2061
2227
2442
2569
2623
2611
2503
2367
2185
2041
1884
1702
1513
1355
1258
1194
1139
1068
943
733
549
439
417
517
678
795
868
903
956
1107
1316
1610
1961
2364
2839
3350
3824
4327
4730
4993
5164
5218
5226
5181
4963
4660
4426
4225
4107
3953
3679
3237
2643
1986
1504
1229
851
311
-440
-1215
-1910
-2532
-3102
-3656
-4344
-5071
-5502
-5609
-5540
-5539
-5642
-5822
-6011
-6054
-5817
-5474
-5291
-5316
-5369
-5292
-5056
-4743
-4464
-4285
-4268
-4240
-3967
-3413
-2831
-2420
-2120
-1953
-1809
-1558
-1159
-736
-391
-164
26
324
690
1093
1377
1607
1718
1771
1865
2073
2319
2480
2570
2583
2566
2502
2375
2263
2119
1880
1642
1479
1396
1375
1320
1221
1094
869
670
582
592
683
757
862
952
1043
1174
1283
1507
1710
1972
2347
2795
3332
3771
4222
4533
4708
4796
4732
4735
4590
4229
3893
3629
3504
3460
3346
2994
2473
1781
1155
874
657
347
-193
-941
-1573
-2118
-2573
-2937
-3413
-4125
-4730
-4964
-4908
-4718
-4673
-4765
-4933
-5092
-5057
-4751
-4477
-4477
-4615
-4703
-4647
-4390
-4141
-3955
-3895
-4044
-4102
-3866
-3446
-3069
-2782
-2620
-2514
-2398
-2144
-1743
-1372
-1119
-1006
-852
-571
-183
217
581
868
1003
1086
1225
1446
1726
1957
2099
2220
2274
2291
2309
2322
2241
2055
1866
1763
1796
1918
2014
2018
1932
1713
1588
1548
1618
1735
1813
1889
1964
2116
2251
2489
2654
2843
3079
3322
3768
4098
4508
4845
5009
5053
4847
4690
4260
3745
3297
2947
2849
2716
2505
2064
1499
789
162
-169
-531
-924
-1545
-2131
-2533
-2951
-3349
-3764
-4259
-4896
-5319
-5372
-5200
-5065
-5038
-5025
-4956
-4851
-4638
-4314
-4195
-4357
-4506
-4448
-4165
-3863
-3671
-3639
-3735
-3894
-3930
-3672
-3399
-3259
-3169
-3083
-2883
-2578
-2233
-1896
-1693
-1635
-1564
-1388
-1068
-673
-352
-47
223
441
593
788
928
1101
1257
1396
1645
1867
2057
2140
2120
1986
1777
1592
1520
1601
1733
1850
1968
1966
1935
1927
1920
1997
2070
2156
2383
2578
2872
3114
3352
3487
3588
3846
4017
4454
4733
5023
5163
5250
5173
5027
4836
4119
3588
2864
2522
2503
2283
2044
1481
776
-80
-461
-797
-1152
-1734
-2553
-3013
-3314
-3472
-3630
-3886
-4502
-5069
-5223
-5021
-4695
-4544
-4572
-4531
-4396
-4108
-3587
-3166
-3241
-3570
-3798
-3782
-3353
-3038
-2860
-2868
-3189
-3440
-3387
-3152
-3005
-3019
-3160
-3220
-3073
-2774
-2329
-2000
-1930
-2012
-2058
-1940
-1636
-1274
-937
-621
-426
-230
-28
183
384
489
603
757
950
1186
1447
1634
1668
1561
1412
1324
1376
1527
1725
1911
2031
2066
2129
2255
2439
2566
2685
2858
2989
3294
3616
3960
4269
4439
4633
4839
5128
5412
5731
5818
5873
5774
5545
5478
4882
4199
3509
2886
2651
2447
2122
1556
851
-94
-680
-992
-1386
-1851
-2662
-3377
-3774
-3997
-4136
-4240
-4627
-5261
-5485
-5349
-4964
-4641
-4561
-4552
-4367
-4063
-3494
-2863
-2712
-2920
-3138
-3222
-2948
-2560
-2375
-2261
-2503
-2834
-2872
-2752
-2656
-2747
-2971
-3160
-3183
-2978
-2650
-2253
-2131
-2221
-2328
-2407
-2245
-1962
-1648
-1370
-1080
-905
-707
-462
-293
-74
16
148
327
556
861
1174
1420
1421
1381
1259
1273
1466
1657
1940
2110
2210
2364
2555
2896
3152
3359
3504
3650
3943
4258
4755
5107
5424
5616
5794
6161
6461
6820
6868
6819
6624
6309
6214
5674
4965
4261
3523
3172
2903
2528
1927
1082
44
-763
-1102
-1538
-2035
-2811
-3717
-4157
-4470
-4588
-4679
-5095
-5734
-6057
-5946
-5514
-5018
-4881
-4824
-4676
-4411
-3814
-3063
-2689
-2764
-2953
-3011
-2742
-2250
-1963
-1803
-1946
-2278
-2385
-2273
-2125
-2239
-2523
-2811
-2930
-2832
-2545
-2132
-1953
-2095
-2274
-2459
-2466
-2244
-2052
-1765
-1514
-1339
-1190
-917
-647
-493
-365
-337
-217
-47
230
646
983
1106
1080
1002
1008
1177
1390
1637
1873
1977
2170
2458
2858
3267
3499
3646
3736
3881
4214
4734
5177
5590
5888
6063
6490
6770
7137
7337
7259
7122
6699
6572
6052
5297
4600
3831
3475
3165
2750
2173
1301
275
-668
-1080
-1517
-2047
-2746
-3739
-4167
-4537
-4721
-4776
-5094
-5747
-6146
-6027
-5606
-5089
-4912
-4823
-4556
-4265
-3631
-2729
-2114
-2104
-2234
-2350
-2035
-1489
-1296
-1221
-1605
-1982
-2159
-1980
-1752
-1627
-1778
-2243
-2613
-2876
-2648
-2117
-1652
-1394
-1237
-999
-754
-567
-811
-1110
-1347
-1476
-1454
-1253
-854
-406
-255
-386
-647
-945
-1092
-1079
-868
-730
-589
-396
-184
134
266
469
626
777
1050
1480
2261
3302
4297
4749
5469
5964
6818
7500
8196
8724
9046
9519
10048
10364
10307
9990
9162
7851
5852
4037
2196
-343
-2519
-3829
-3370
-2095
-1384
-780
-684
-1194
-2369
-3394
-3750
-3481
-2743
-1437
292
1692
2110
1940
863
-1294
-3873
-5487
-5682
-5101
-4592
-3781
-2806
-2621
-3283
-4163
-4836
-5645
-6290
-5905
-4102
-1737
173
1501
2084
1375
-30
-1031
-1349
-1430
-1311
-715
435
1174
1230
1198
503
-910
-2707
-3851
-3984
-3608
-2926
-2123
-1511
-1643
-2357
-3208
-4084
-4811
-5062
-4536
-3453
-2195
-1075
-116
421
310
103
59
253
596
1192
1978
2778
3084
3336
3444
3411
3413
3379
3866
4291
4956
5824
6695
7670
8562
9469
10414
10802
11049
10851
10478
9708
8359
7036
5118
3323
1954
-719
-3921
-6043
-6347
-4136
-2349
-849
670
1119
632
-570
-1544
-1677
-1577
-675
783
1896
2061
1131
-336
-2662
-5687
-7662
-8011
-7448
-6317
-5144
-3576
-2502
-2571
-2776
-2833
-3027
-3359
-2934
-1392
611
2140
3033
3205
2420
761
-910
-1666
-1977
-1699
-1180
-485
128
-190
-546
-897
-1592
-2475
-3110
-3097
-3057
-2856
-2468
-2401
-2609
-3259
-3782
-4338
-5119
-5152
-4818
-3954
-2869
-1859
-709
-95
366
621
766
1009
901
1179
1613
1886
1988
1725
1858
1887
1698
2246
2817
3505
4441
5222
6155
7067
7844
9088
10219
11518
12257
12154
11955
10683
9400
7494
5642
3958
1701
547
-2995
-6578
-7774
-7225
-4156
-2055
120
2311
2400
1834
651
-490
-663
-821
146
1393
1457
1453
406
-1347
-3582
-6699
-8195
-8591
-8452
-6988
-5177
-3274
-1671
-1351
-1176
-1196
-2123
-2439
-2128
-1200
537
1719
2718
3018
2095
656
-1197
-2326
-2615
-2568
-1831
-636
396
862
122
-458
-1496
-3169
-3743
-4050
-3786
-3157
-2569
-1953
-2391
-2951
-3425
-4448
-5112
-5161
-4482
-3554
-2427
-1060
-156
248
551
550
293
69
-62
-3
412
918
1187
1326
1175
978
964
1223
2168
2872
4064
5535
6706
8175
9180
10093
10471
10084
10688
10508
10599
11195
10538
10025
8499
6671
4025
335
-1561
-4761
-9384
-10476
-8998
-4931
-840
2313
5344
5401
3609
1526
-900
-1899
-1952
-902
748
1240
1159
-147
-2307
-4851
-8232
-10547
-10908
-10342
-8298
-5445
-2119
1009
1968
1921
1513
-239
-1871
-2545
-1984
-340
996
2204
2927
2152
453
-2121
-4301
-5082
-5226
-4403
-2661
-575
1190
2090
2374
1835
-136
-2121
-3421
-4294
-4120
-3050
-1640
-917
-1169
-1827
-3447
-5519
-6755
-6781
-6131
-4889
-2875
-820
863
1924
2240
1719
733
-155
-813
-762
-277
503
1280
1649
1684
1353
1209
1376
1578
2082
2983
4528
6340
8112
9823
10689
10903
10298
9453
9028
8607
9086
9793
9814
8973
7282
5447
2515
-263
-2461
-7455
-10917
-10296
-7823
-3267
1674
5543
7693
6978
4245
941
-2342
-3850
-3088
-1790
-402
966
465
-831
-2269
-5038
-7449
-8913
-9859
-8846
-6812
-3889
101
2778
3898
3721
1779
-887
-3246
-4577
-4197
-2906
-1337
172
955
884
-521
-2639
-4136
-5035
-5243
-4298
-2343
150
2041
3217
3656
2408
115
-2102
-4144
-5834
-6271
-5412
-4213
-3278
-2585
-2532
-3329
-4476
-5096
-5045
-4306
-2546
-446
1434
3073
4137
4129
3417
2245
872
-152
-652
-345
63
585
1248
1353
1394
1671
2301
2921
3739
4795
6319
8226
9639
10904
11117
10416
10120
8615
7609
7591
7209
7313
7093
6430
5267
3194
240
-1673
-4556
-9698
-11105
-9598
-6675
-861
4137
7337
9017
7116
3775
349
-3072
-4089
-3648
-3334
-1947
-1107
-1462
-1297
-2611
-5372
-7283
-9344
-10194
-9062
-6996
-3157
521
2895
4156
3613
1626
-1032
-3573
-4906
-4561
-3328
-1918
-518
453
459
-967
-3043
-4334
-4959
-5109
-4296
-2462
-224
1465
2771
3356
2250
69
-2243
-4693
-6394
-6430
-5302
-3720
-2493
-1812
-1928
-2983
-3962
-4071
-3729
-2851
-1250
516
1988
3118
3969
4149
3260
2170
1085
-2
-468
-476
-377
115
620
1047
1606
2356
3603
4653
5359
6061
7046
8386
9279
9984
10608
10293
9552
8636
7870
7237
6954
6942
6432
5460
3985
1437
-811
-3490
-9014
-11193
-9292
-6928
-1480
4603
7967
10538
9670
5940
2336
-2084
-4503
-4742
-5518
-4242
-2837
-2940
-2124
-2901
-5252
-6875
-8927
-10453
-9774
-8084
-4644
-348
2693
4541
4697
2810
-15
-3100
-5570
-6264
-5933
-5140
-3760
-2319
-1264
-1354
-2672
-3743
-4288
-4836
-4517
-2987
-870
1172
2982
4320
3681
1774
5
-2424
-4622
-5581
-5161
-3863
-2987
-2121
-1610
-2133
-2575
-2629
-2767
-2374
-1122
249
1592
3009
4349
4970
4711
3899
2396
742
-477
-1160
-1583
-1487
-582
37
798
2269
3289
4070
5115
5742
6177
7173
8127
8669
9407
9805
9381
9146
8846
7865
7527
7260
6150
5464
4645
2525
769
-1672
-7796
-10921
-9725
-8058
-2655
3911
7711
10793
10479
7125
3451
-1431
-4347
-5046
-6466
-5586
-3970
-3726
-2360
-2446
-4560
-5792
-7815
-9970
-9692
-8558
-5916
-1886
1181
3367
4081
2400
-358
-3732
-6953
-8162
-8081
-7411
-5758
-4005
-2536
-1814
-2417
-2910
-3083
-3440
-3097
-1874
-189
1617
3462
4774
4522
3025
1394
-782
-3025
-4194
-4231
-3651
-2801
-2032
-1619
-1388
-1124
-625
-134
450
1499
2411
3042
3902
4642
5038
5033
4324
2932
1237
-263
-1422
-2457
-2582
-2024
-1331
-192
1228
2530
3795
5121
6005
6888
7829
8268
8398
7863
7610
7608
7755
8240
8127
8688
8733
7298
6140
4091
396
-1866
-6347
-12025
-11571
-9292
-5435
2105
7164
10401
12098
9121
5280
1004
-3482
-4356
-5014
-5476
-3427
-3117
-3153
-2825
-4965
-7159
-8527
-10822
-11496
-10127
-8078
-4190
-321
1947
3223
2328
-406
-3568
-7059
-9122
-9104
-8452
-6907
-4983
-3535
-2398
-2533
-3364
-3452
-3585
-3376
-2078
-267
1657
3715
5504
6206
5317
3479
1433
-1131
-2997
-3489
-3226
-2387
-1424
-742
-493
-396
-188
-45
210
972
1888
2747
3682
4526
5277
5347
4739
3498
1515
-122
-1540
-2798
-3409
-3389
-2699
-1603
-11
1643
2906
4164
4902
5429
6469
7207
7918
8176
7956
7541
7467
7774
7323
7814
8588
7726
6718
5340
2111
-60
-4136
-10654
-11046
-9118
-6051
1570
6847
10027
12555
9965
6102
2351
-2586
-3810
-4133
-5426
-3804
-2997
-3451
-3068
-5034
-7807
-9149
-11323
-12279
-10700
-8631
-5012
-1066
1034
2138
1486
-1173
-4205
-7470
-9707
-9524
-8433
-6924
-4788
-3118
-2050
-2195
-3302
-3609
-3719
-3749
-2288
-82
2110
4596
6585
7310
6425
4308
2137
-235
-2327
-2675
-2152
-1156
90
734
983
728
416
325
108
574
1601
2637
4032
5248
5938
6020
5176
3400
1234
-740
-2336
-3496
-3988
-3793
-3205
-1869
-284
986
2354
3291
3991
4387
4995
6722
7664
8265
8863
7899
8106
8652
8551
9277
8550
6940
5535
1879
-1102
-3729
-9834
-11051
-8291
-6200
126
5971
8434
11000
9909
6329
3554
-284
-1942
-1774
-2924
-2156
-1735
-3060
-3607
-5850
-9379
-11101
-12779
-13546
-11344
-8660
-5060
-855
1216
1927
1193
-1640
-4640
-7329
-9167
-8940
-7713
-6080
-4058
-2586
-1869
-2426
-4311
-5401
-5609
-5660
-4062
-927
2225
4990
7042
7864
7107
5184
3085
858
-1127
-1860
-1454
-310
778
1482
1676
625
-809
-1885
-2482
-1962
-73
2424
4631
6520
7698
7719
6429
4420
2101
-572
-2360
-3204
-3374
-2752
-1796
-987
-198
494
886
1462
1849
2877
4128
5425
7229
9233
10442
11041
10870
9720
8554
7994
7037
5506
3825
1500
-2337
-8618
-11982
-10826
-8178
-2237
4196
7473
9663
9335
6098
3341
974
-24
711
660
945
1011
-162
-1269
-3809
-7763
-10917
-13689
-15295
-14235
-11595
-7357
-2583
428
1727
1270
-1061
-4074
-7007
-8783
-8312
-6808
-5148
-3288
-2095
-1640
-2438
-4628
-6211
-7332
-7907
-6489
-4012
-662
2847
5683
7540
7087
5388
3255
755
-909
-935
273
1734
2969
3274
2235
485
-1516
-3123
-3721
-3000
-849
1784
4147
6301
7721
7861
6735
4837
2390
101
-1220
-2016
-2101
-1408
-175
634
724
1135
887
148
849
1918
3021
5333
7408
8697
10620
12495
12496
11581
10443
7419
4447
2059
-1099
-4198
-9147
-11570
-9497
-6965
-1944
3460
5618
7317
6701
3481
1811
653
897
3254
4293
4985
4845
2470
176
-2898
-7118
-9826
-11803
-13079
-12227
-10332
-7236
-3811
-1982
-1433
-2102
-3901
-5655
-6754
-6425
-4463
-2644
-1651
-1129
-1592
-2695
-4490
-6677
-7399
-7483
-7178
-5376
-3325
-1045
1200
2509
2719
1722
431
-620
-1248
-637
1117
3188
4856
5508
4576
2423
-196
-2639
-4086
-4189
-2839
-460
1937
3762
4992
5544
5455
4774
3754
2548
1818
1574
1553
1923
2300
2470
2144
1420
1148
1104
1415
2159
2988
3919
5124
6712
7809
9409
11058
11058
10844
9029
5419
3120
829
-2460
-7217
-10618
-9751
-7254
-3418
1113
3353
4386
4088
1678
-72
-447
667
3410
5624
6721
6488
4459
1861
-1516
-5463
-7966
-9168
-9376
-8191
-6637
-4646
-3004
-3123
-3907
-4838
-6272
-7439
-7592
-6412
-3857
-1260
234
877
381
-1384
-4051
-6767
-7727
-7417
-6711
-4440
-2206
-903
456
627
-555
-2030
-3256
-3601
-3379
-2490
-290
1766
3188
3872
2890
1250
-386
-1994
-2698
-2213
-874
881
2166
2708
2776
2834
2622
2108
1793
2060
2419
2572
2921
3013
3126
3265
2952
2709
3293
4014
4690
5271
5776
6456
7522
8516
8910
9227
8913
8372
7695
5301
3059
2118
-184
-4852
-8902
-9187
-6932
-3081
1133
3543
4197
3133
394
-2021
-2920
-1546
1542
4345
6217
6314
4487
2355
-489
-4052
-6409
-7566
-7807
-6744
-4849
-2417
-658
-1006
-2415
-4048
-6008
-7293
-7413
-6185
-3895
-1916
-1061
-1012
-1672
-2713
-4195
-5645
-5629
-4648
-3989
-3441
-2232
-1684
-1554
-782
-1106
-1905
-2209
-2421
-2677
-3049
-2352
-1402
-1346
-1032
-940
-1694
-2278
-2345
-1931
-1157
79
1400
1905
1909
2087
2166
2245
2359
2464
2316
2076
1789
1351
1521
2073
2728
3161
3650
4359
4549
5012
5818
6880
8508
10013
11424
12416
12308
11176
9132
6979
4607
2198
1096
-1885
-7168
-9267
-8258
-5469
-740
2420
3648
3421
669
-1967
-3148
-2688
880
4591
6561
6960
4236
459
-2114
-4804
-6521
-6551
-6107
-5069
-3917
-2928
-1639
-1208
-2285
-3830
-5341
-6115
-5542
-3747
-1119
1170
1608
320
-1877
-4336
-5976
-6744
-6314
-4350
-2625
-2195
-2298
-2489
-3145
-3204
-2200
-1786
-1312
-393
69
-173
-727
-754
-1194
-2342
-2888
-3550
-4586
-4939
-4724
-4066
-3123
-1951
-786
-145
663
1759
2766
3519
3899
3945
2965
1757
1062
276
689
1662
2355
3270
3960
4550
4614
4271
5161
6566
8025
10520
12184
12901
13969
12979
11320
9601
6248
4114
1445
-4347
-8764
-9169
-7025
-2421
1604
3139
3053
461
-2772
-4492
-4729
-1757
3299
6857
8671
7631
3782
314
-2831
-5960
-7453
-7756
-7262
-6167
-4995
-3463
-2217
-2274
-3348
-4607
-5295
-5048
-3629
-1372
820
1640
1118
-375
-2130
-2898
-3338
-3169
-2009
-1436
-2435
-3976
-5076
-5885
-5313
-3314
-1564
-476
-51
-94
-1036
-2273
-2182
-1621
-1197
-512
-491
-1369
-2813
-4272
-5283
-5894
-5635
-4867
-3890
-2212
-460
1049
2303
2859
3072
2758
1982
1392
1267
1686
2129
2809
3156
3239
3736
3647
3748
4755
5950
7487
9510
10924
11536
11963
11548
10966
10232
8333
6631
3931
-1590
-5857
-6114
-3876
160
2999
3040
1539
-1720
-4778
-5742
-4989
-1542
3501
6833
7860
6054
2230
-932
-3144
-4546
-4417
-3630
-3107
-3494
-4623
-5515
-6404
-7175
-7528
-7217
-6016
-4298
-2257
-244
1052
923
-98
-1296
-2060
-1746
-1154
-324
809
729
-1098
-2917
-4470
-5382
-4383
-2377
-758
-149
-498
-1690
-3402
-4304
-3696
-2418
-973
387
646
-568
-2265
-3709
-4745
-4950
-4217
-3332
-2542
-1897
-1499
-1276
-824
-325
-220
112
436
742
1297
2114
2559
2498
2505
2670
2939
3712
4927
5780
6492
7271
8001
8944
10389
11952
12701
12443
9988
6892
4506
-316
-5434
-5657
-2695
1744
5280
4895
2623
-683
-3748
-4309
-3641
-1118
3139
6097
7206
5655
2078
-354
-1579
-2274
-1954
-1246
-637
-1253
-3515
-5691
-7180
-7968
-7855
-7028
-5565
-4317
-3569
-2985
-2985
-2981
-3006
-2816
-1625
-233
1055
1966
2132
1665
-359
-1986
-2512
-3268
-2561
-800
399
249
-865
-2067
-3690
-4357
-3263
-1995
-703
249
212
-1033
-3190
-4462
-4633
-4334
-3137
-2022
-1512
-1308
-1674
-2290
-2108
-1190
-334
357
601
307
-99
-368
-568
-56
688
1518
2257
2538
3285
4140
5134
6567
7867
8769
9708
10087
9793
9776
9081
7308
6487
4085
-1456
-4451
-3456
-191
3759
4239
2274
-198
-3019
-3364
-2423
-1064
2495
5369
6360
5640
2481
113
-259
-292
99
616
1055
783
-1248
-3748
-5465
-6324
-6192
-5821
-5162
-4584
-4993
-5259
-5264
-5052
-4259
-3361
-1892
-359
493
885
611
365
-204
-1020
-589
-235
-361
531
1356
836
-463
-1782
-3279
-4531
-4082
-2680
-1583
-754
-504
-1204
-2528
-3389
-3351
-2942
-2288
-1741
-1833
-2117
-2215
-2424
-2204
-1247
-281
368
480
131
-431
-836
-776
-244
433
1076
1503
1534
1791
2401
3450
4602
6101
7495
8309
9432
9507
9156
9682
8406
6682
4936
-559
-4559
-3986
-1387
3180
4631
2298
175
-2836
-3990
-2595
-1478
1457
4352
5220
5038
2340
-79
67
459
1435
2104
1893
1566
-436
-2879
-3970
-4297
-3515
-2904
-2978
-3228
-4590
-5761
-6004
-5961
-4730
-3567
-3044
-1928
-1534
-1275
-696
-490
-243
-280
340
963
578
1099
1744
1598
1111
-21
-1373
-2792
-3231
-2666
-2481
-2140
-1903
-2386
-2928
-3723
-3959
-3634
-3129
-2389
-1822
-1160
-643
-386
-216
-30
81
-345
-960
-1242
-1455
-1153
-760
-613
-17
431
780
1096
1255
1568
2237
3309
4740
6092
7327
8676
9209
9474
9315
8203
6086
4379
790
-3771
-4011
-1351
2320
4338
2094
-951
-3295
-4774
-3296
-1755
-33
2784
3864
4317
3320
875
837
1554
1824
2192
1648
930
-312
-2271
-2855
-2401
-1609
-830
-1352
-2439
-3997
-5587
-5507
-4552
-3192
-2243
-1881
-1602
-1774
-2102
-2148
-1951
-1221
-891
156
841
90
259
857
1804
2481
2060
1238
-295
-1747
-1953
-2121
-1919
-1713
-2229
-2775
-3692
-4366
-4232
-3903
-3257
-2846
-2196
-1216
-544
-95
216
343
473
678
596
450
504
240
25
28
-10
310
517
915
1721
2000
2590
3736
4758
6332
7355
7433
7577
7568
7158
6533
5249
464
-4089
-3723
-785
2484
2512
-853
-3170
-4426
-4032
-1799
-1134
-119
1373
1719
2150
750
-488
1076
2335
2965
3319
2646
1546
-805
-3084
-2885
-1805
-463
64
-1228
-2732
-4471
-5389
-4330
-3031
-1857
-1207
-2093
-2388
-2373
-2101
-846
-102
505
716
801
497
-1079
-1048
564
1551
2525
2426
1041
-696
-1808
-1460
-1106
-637
-252
-1198
-2590
-3753
-4495
-4274
-3645
-3236
-3316
-3154
-2578
-1943
-881
383
1063
1304
801
45
143
229
510
872
1116
1818
2341
2615
2463
2448
2744
2524
3202
3973
4804
5826
6331
6371
7050
6673
5563
3786
-2061
-4285
-2251
615
3078
885
-3105
-4256
-4977
-3427
-1211
-1811
-704
-77
-372
281
-1212
-852
1691
2548
3440
3050
1355
13
-2439
-3161
-858
645
1496
554
-2399
-3895
-4850
-4656
-2582
-1423
-1010
-1470
-2560
-2638
-2076
-1844
-769
106
517
1517
1623
399
-289
633
2264
3489
3405
2140
108
-1391
-1348
-821
-10
466
-401
-1909
-3126
-3491
-3210
-2715
-2689
-3318
-3753
-3681
-3201
-2368
-1433
-435
473
956
777
509
345
328
866
1659
2306
2459
2372
2322
2165
2879
4047
4042
4508
4592
4471
4905
5154
5169
5447
4844
4216
841
-3360
-2862
-296
2004
1531
-2377
-4843
-5059
-4274
-2219
-2312
-3024
-2195
-1796
-1335
-1860
-2853
-926
1324
2489
3044
1871
500
-1020
-2437
-1026
1191
1734
1006
-1533
-3817
-4264
-4155
-3052
-1879
-2034
-2030
-2115
-2241
-1656
-1605
-1112
75
694
1495
1975
689
-365
176
1800
3772
4083
2949
1120
-480
-309
760
1480
1490
237
-1371
-2204
-2447
-1864
-1360
-1699
-2507
-3597
-3976
-3669
-3059
-1758
-1124
-557
-155
-60
293
230
564
1140
2028
3265
3461
3263
3359
3664
4401
5148
5601
5292
5199
5477
5364
5464
5308
4560
4000
2133
-2047
-3806
-2071
1038
2092
-905
-4387
-5527
-4537
-2144
-1096
-2220
-2902
-3116
-2594
-2432
-3884
-3706
-1591
387
1761
1349
-122
-1534
-2769
-1842
952
2625
2391
136
-2366
-2911
-2493
-1756
-1432
-2761
-4051
-4481
-3960
-2638
-2079
-2130
-1670
-847
3
1208
1300
539
798
2194
4190
5224
4646
2908
654
-314
486
1469
1759
825
-1033
-2083
-2111
-1403
-495
-756
-1757
-2871
-3301
-3176
-2389
-1483
-532
-134
-433
-463
-500
73
578
1038
1481
2186
2430
2837
3119
3575
4860
5336
5456
4957
4725
5548
6795
7687
7556
6271
4514
2654
-1446
-4605
-3326
-212
1837
-302
-4797
-6825
-6445
-4492
-2228
-2759
-3599
-3353
-3293
-2427
-3056
-3711
-1695
-35
686
352
-1690
-3247
-4143
-3640
-241
2399
2360
614
-2201
-3001
-1689
-564
455
-321
-2605
-3892
-3853
-2839
-1284
-1351
-1926
-1970
-2374
-1523
-663
-813
52
1558
3605
5030
4463
3414
2180
1480
2568
3431
3067
1965
267
-586
-792
-421
15
-694
-1859
-3374
-3994
-3492
-2537
-1463
-544
-124
-248
-190
5
821
1414
2518
2981
3071
3000
3128
3481
4373
5459
6081
6487
6244
5476
5121
5590
6873
8452
7816
6263
3316
-1201
-3458
-1850
977
2069
-1551
-5907
-7248
-6524
-4286
-3529
-5039
-5570
-5253
-4525
-3851
-5405
-5882
-3563
-1053
640
-17
-2351
-3685
-4339
-3001
367
1930
1228
-1090
-3428
-3093
-1438
-150
508
-807
-2773
-3756
-3822
-2881
-2021
-2094
-1850
-1656
-1809
-1457
-1637
-1350
7
1848
3694
3894
2625
1727
1339
2029
3297
3596
2810
1307
158
6
165
405
460
-120
-994
-2284
-2913
-2887
-2032
-811
-69
19
-898
-1634
-1343
133
1761
3037
3289
3483
3486
3910
4881
5797
7221
7695
7906
7963
7757
7315
8125
8560
8557
7901
6457
3353
-1183
-3261
-929
1901
1467
-2333
-6499
-7371
-5597
-3855
-3524
-4990
-6289
-5820
-5064
-5175
-6208
-6140
-4011
-2164
-1894
-2776
-4324
-5490
-5335
-3234
-33
1196
-380
-2550
-3285
-2226
-517
598
359
-844
-2464
-3501
-3266
-2644
-2422
-2305
-2375
-2903
-2434
-1780
-1121
-653
128
2314
3750
3951
3435
2261
2220
3477
4421
4580
3060
1169
457
424
769
40
-1074
-1856
-2424
-2690
-2934
-3127
-2851
-1876
-702
-116
-649
-1150
-765
332
2111
2931
3138
3251
3485
4368
5115
6149
6931
7569
7912
8539
9081
9611
9888
9762
8932
8238
7559
4944
1593
-571
438
1927
750
-2875
-5966
-6609
-5023
-4105
-4865
-6118
-6775
-5915
-4966
-5481
-6339
-6129
-4668
-3339
-3506
-4461
-5300
-6056
-5853
-4028
-2012
-1354
-2546
-4033
-4028
-2767
-1441
-957
-1349
-2633
-3169
-3600
-3138
-2322
-2539
-2806
-3380
-3902
-3421
-2614
-1786
-889
-476
910
1962
2407
2982
3016
3564
4517
4643
4451
3316
2105
1849
1716
1688
1130
-99
-1155
-2007
-2263
-2033
-2297
-2200
-1985
-1884
-1466
-1157
-519
431
1202
1849
2663
3372
3934
4561
4758
6019
6942
7779
8794
8348
8430
9290
9718
10430
9952
8633
8240
6112
3700
2207
2342
3480
2872
-522
-3128
-4343
-3830
-2784
-3574
-4926
-5665
-5716
-5196
-5624
-6690
-6458
-5129
-3823
-3679
-4676
-5570
-5897
-5728
-4494
-2989
-2700
-3425
-4351
-4426
-3209
-2100
-1600
-1699
-2596
-3192
-3616
-3670
-3044
-2969
-2926
-3285
-4451
-4890
-4765
-3820
-2297
-1379
-417
1
217
942
1773
2709
3828
4222
4238
3701
2948
2858
2879
3100
2954
1656
264
-1048
-1804
-1974
-1960
-1762
-1798
-1856
-2080
-2377
-1790
-447
773
1927
2266
2286
2976
4262
5758
6686
7216
7812
8187
9039
9515
9671
9741
9854
9698
10136
9384
6683
3532
2273
4012
5063
3386
-394
-3053
-3211
-1898
-1733
-3216
-4836
-5260
-4427
-4039
-5298
-6726
-6693
-5171
-3760
-3724
-4755
-5635
-6150
-5694
-4029
-2656
-2759
-4066
-4852
-4290
-3162
-2462
-2358
-2691
-3265
-3415
-3808
-3715
-3596
-3561
-3263
-3581
-4041
-4320
-4458
-4210
-3565
-2719
-1385
-888
-1139
-1209
-851
599
2193
3050
3220
2616
2455
2955
3587
3961
3712
2797
1895
1037
483
116
-626
-1069
-1236
-1166
-1476
-1965
-2306
-1836
-613
536
1748
2357
2866
3848
4700
6494
7748
8493
9558
9591
9939
10466
10479
10795
10585
9983
9528
7691
5168
3535
3386
4178
3728
1026
-1164
-2376
-2306
-1949
-2728
-3721
-4226
-4576
-4580
-5160
-6064
-5992
-5193
-4378
-4125
-4748
-5410
-5556
-5533
-4767
-3363
-3019
-3498
-4110
-4338
-3708
-3298
-3186
-3064
-2972
-3686
-3969
-4076
-3711
-3181
-3378
-3971
-4466
-4581
-4279
-4280
-4176
-3346
-2337
-1353
-1266
-1978
-1878
-907
326
1502
1758
1574
1397
1485
2175
2886
3027
2739
1854
1232
926
559
273
-299
-526
-624
-1033
-1456
-1723
-1404
-768
-159
542
1469
2365
3388
4106
5308
6482
7818
9080
9793
10525
10883
11067
11424
11418
11160
10200
7821
5440
4777
5317
5562
3877
1111
-267
-791
-908
-1571
-2945
-3741
-3782
-3963
-4152
-5179
-6215
-6029
-5223
-4592
-4468
-4949
-5455
-5666
-5334
-4090
-2778
-2726
-3457
-4005
-3757
-2993
-2806
-3028
-3250
-3697
-4134
-4252
-4376
-4058
-3728
-3935
-4115
-4517
-4653
-4295
-4309
-4016
-3162
-2033
-1176
-1293
-1948
-2078
-1588
-666
335
715
713
615
559
1143
1902
2506
2483
1930
1323
1168
1024
1002
610
214
-60
-494
-868
-1002
-839
-457
75
587
1336
1921
2442
3413
4575
6266
7794
8697
9057
9648
10159
10978
11336
11407
11366
10519
8931
6996
6143
6155
6079
4697
2810
1309
542
-41
-594
-1517
-2243
-2785
-3269
-3935
-4612
-5233
-5114
-4868
-4803
-4767
-4970
-5195
-5385
-5385
-4601
-3547
-3189
-3297
-3743
-3815
-3502
-3010
-2574
-2594
-2899
-3551
-4125
-4257
-4312
-4198
-4235
-4407
-4462
-4497
-4411
-4252
-4096
-3470
-2709
-2118
-1782
-1801
-1919
-1799
-1510
-1010
-189
265
602
662
581
774
1081
1341
1400
1166
1051
945
781
736
658
529
344
59
-128
-35
98
358
956
1723
2309
2820
3262
3962
5032
6023
6947
7982
8884
9541
9774
9633
9762
9604
9098
8071
7312
7037
7036
6352
5077
3701
2558
1857
1338
581
-30
-691
-1424
-2273
-3247
-3948
-4225
-4310
-4584
-4928
-5137
-5126
-5199
-5359
-5223
-4661
-4134
-3720
-3505
-3391
-3281
-3374
-3521
-3378
-3140
-2910
-2884
-3110
-3405
-3678
-3849
-4048
-4168
-4124
-4049
-3937
-3875
-3533
-2926
-2415
-2097
-2094
-1970
-1785
-1627
-1566
-1498
-1300
-1016
-754
-516
-507
-324
-194
-89
119
91
112
108
182
346
489
472
322
190
308
553
824
941
1101
1668
2340
2942
3633
4292
5039
5635
6163
6850
7495
8157
8666
8954
9057
8963
8484
7946
7597
7377
7469
7283
6600
5628
4463
3651
3023
2578
2005
1117
-161
-1394
-2308
-2906
-3436
-4251
-5234
-5911
-6133
-6012
-5947
-6136
-6320
-6409
-6208
-5687
-5035
-4555
-4358
-4308
-4230
-4113
-3928
-3788
-3582
-3508
-3455
-3385
-3211
-2889
-2733
-2702
-2942
-3237
-3444
-3344
-2790
-2213
-1784
-1717
-1850
-1859
-1737
-1404
-993
-581
-325
-180
-150
-71
154
472
711
818
790
696
584
450
404
361
302
206
253
399
805
1192
1565
1933
2332
2847
3422
4041
4881
5649
6276
6685
6955
7180
7284
7228
7294
7228
7256
7152
6915
6784
6565
6416
5963
5145
4511
3898
3504
2987
2185
1311
279
-831
-1998
-2855
-3497
-4266
-5066
-5704
-5850
-5630
-5656
-5718
-5942
-6086
-5873
-5316
-4624
-4177
-4139
-4273
-4198
-3847
-3376
-2966
-2852
-2959
-3062
-3053
-2850
-2584
-2335
-2120
-2116
-2290
-2443
-2437
-2243
-1984
-1736
-1629
-1701
-1796
-1935
-1749
-1349
-970
-739
-711
-632
-399
-18
373
585
571
447
298
329
436
524
449
143
-107
-146
156
583
975
1212
1338
1760
2427
3273
4188
4849
5320
5652
6057
6583
7195
7512
7528
7061
6353
6070
5979
6167
6330
6048
5717
4931
4202
3807
3572
3483
2990
2108
996
54
-772
-1579
-2521
-3500
-4413
-5062
-5500
-5505
-5510
-5593
-5822
-6221
-6329
-5979
-5257
-4492
-4065
-3977
-4089
-4250
-4130
-3762
-3264
-2930
-2809
-2689
-2447
-2070
-1830
-1749
-1766
-1788
-1686
-1603
-1385
-1166
-1014
-988
-1145
-1203
-1192
-1314
-1298
-1288
-1121
-810
-532
-182
69
248
312
340
320
314
350
412
360
90
-177
-401
-379
-207
85
447
601
844
1051
1632
2528
3452
4238
4739
5123
5457
5824
6205
6591
6725
6704
6390
5964
5776
5647
5733
5535
5076
4516
3866
3540
3418
3381
3247
2701
1767
733
-192
-930
-1478
-2152
-3093
-4012
-4796
-5107
-5054
-5090
-5214
-5551
-5945
-5991
-5740
-5182
-4611
-4339
-4180
-4158
-4057
-3866
-3675
-3434
-3238
-3109
-2874
-2486
-1970
-1555
-1381
-1352
-1399
-1311
-1087
-802
-592
-525
-571
-777
-909
-885
-815
-706
-831
-979
-950
-753
-261
142
414
447
283
237
194
274
382
336
183
-173
-414
-461
-322
-60
223
570
826
1236
1734
2261
3073
3838
4603
5198
5493
5780
6031
6456
6661
6559
6059
5446
5100
4981
5202
5317
5045
4398
3464
2896
2668
2724
2702
2225
1464
585
-181
-753
-1283
-1894
-2657
-3432
-3961
-4135
-4092
-4211
-4463
-4940
-5354
-5360
-5055
-4648
-4401
-4419
-4452
-4470
-4344
-4068
-3795
-3595
-3598
-3626
-3427
-3014
-2448
-2007
-1718
-1696
-1755
-1640
-1295
-851
-516
-444
-544
-796
-990
-946
-860
-679
-605
-622
-615
-521
-235
100
388
548
492
421
451
520
595
496
311
162
12
88
205
363
542
761
1084
1506
2060
2671
3304
3887
4432
4926
5393
5806
6185
6557
6691
6624
6193
5639
5270
5036
5147
5167
4963
4399
3404
2699
2320
2232
2085
1486
676
-208
-925
-1402
-1749
-2270
-3134
-4043
-4586
-4590
-4297
-4317
-4613
-5098
-5611
-5711
-5433
-4988
-4677
-4774
-5062
-5227
-5113
-4811
-4452
-4348
-4450
-4488
-4248
-3625
-2926
-2389
-2092
-2113
-2162
-2038
-1626
-971
-512
-355
-450
-607
-588
-468
-259
-63
-55
-131
-145
55
425
764
914
924
889
860
995
1248
1449
1417
1042
725
675
840
1107
1281
1266
1286
1393
1770
2373
2890
3345
3681
4066
4643
5192
5765
6087
6303
6370
6214
5986
5493
5155
4889
4821
4884
4688
4356
3577
2724
2115
1713
1657
1309
610
-255
-1072
-1634
-2026
-2488
-3125
-3927
-4569
-4713
-4404
-4103
-4173
-4572
-5020
-5170
-4893
-4445
-4054
-4039
-4289
-4542
-4563
-4346
-4112
-4067
-4214
-4466
-4492
-4119
-3538
-2820
-2483
-2406
-2411
-2414
-2075
-1618
-1146
-853
-849
-901
-879
-746
-617
-561
-472
-443
-341
-103
238
602
752
736
668
678
833
960
1127
1208
1105
963
846
922
1113
1289
1488
1610
1820
2117
2484
3010
3503
3920
4316
4622
5049
5441
5857
6197
6452
6575
6481
6086
5583
5240
5015
5048
5050
4886
4442
3624
2828
2219
1886
1681
1188
429
-512
-1360
-2038
-2547
-3092
-3757
-4538
-5217
-5391
-5133
-4946
-4962
-5290
-5630
-5677
-5329
-4776
-4411
-4437
-4673
-4858
-4706
-4384
-4140
-4052
-4262
-4519
-4450
-4047
-3442
-2902
-2717
-2768
-2787
-2705
-2287
-1706
-1201
-900
-856
-837
-712
-478
-288
-137
-31
83
174
382
728
1062
1270
1278
1169
1135
1196
1265
1378
1470
1429
1378
1286
1308
1427
1561
1802
2088
2378
2749
3107
3492
3923
4250
4603
4929
5279
5627
5866
6114
6352
6413
6389
6001
5483
5100
4906
4972
4956
4750
4375
3611
2909
2328
2054
1909
1377
585
-346
-1167
-1796
-2310
-2829
-3501
-4281
-4890
-5141
-4939
-4871
-4961
-5301
-5671
-5799
-5481
-4954
-4538
-4444
-4642
-4842
-4831
-4660
-4364
-4198
-4280
-4468
-4485
-4142
-3636
-3156
-3045
-3090
-3234
-3252
-2921
-2410
-1864
-1585
-1537
-1559
-1468
-1208
-864
-546
-299
-162
35
299
713
1129
1364
1410
1325
1264
1304
1391
1565
1619
1574
1494
1436
1552
1688
1857
2063
2285
2674
3034
3464
3958
4313
4637
4885
5114
5438
5738
6032
6283
6453
6507
6416
6190
5692
5252
4897
4753
4782
4665
4440
3913
3229
2723
2217
1981
1519
804
45
-680
-1327
-1874
-2508
-3161
-3874
-4500
-4901
-4934
-4905
-5048
-5325
-5649
-5768
-5544
-5173
-4820
-4713
-4883
-5045
-5027
-4814
-4572
-4397
-4415
-4585
-4634
-4368
-3945
-3497
-3213
-3200
-3284
-3309
-3139
-2722
-2264
-1889
-1735
-1703
-1645
-1412
-1077
-790
-517
-290
-54
229
627
1078
1445
1621
1643
1645
1727
1849
1931
1977
1925
1798
1733
1750
1919
2089
2239
2438
2594
2861
3201
3592
4084
4481
4802
5112
5447
5780
5988
6183
6330
6386
6331
6196
5841
5383
4944
4616
4493
4361
4167
3832
3217
2616
2003
1628
1329
788
146
-570
-1182
-1751
-2379
-2954
-3510
-4155
-4657
-4954
-4925
-4956
-5170
-5446
-5663
-5632
-5383
-5096
-4831
-4847
-5001
-5055
-4899
-4579
-4284
-4142
-4191
-4271
-4175
-3898
-3511
-3253
-3152
-3138
-3130
-2972
-2684
-2273
-1901
-1739
-1667
-1595
-1347
-1020
-714
-437
-187
47
271
585
1016
1396
1649
1724
1764
1842
1924
1981
2096
2132
2061
1966
1960
2085
2255
2463
2585
2704
2865
3024
3372
3796
4177
4471
4653
4891
5133
5411
5631
5816
5996
6089
6071
5997
5692
5271
4842
4467
4391
4243
4093
3731
3097
2509
1816
1399
1040
479
-159
-903
-1528
-2038
-2491
-2893
-3350
-3967
-4555
-4866
-4882
-4929
-5080
-5316
-5477
-5435
-5307
-5076
-4856
-4870
-5028
-5126
-4952
-4634
-4321
-4108
-4042
-4028
-3855
-3596
-3230
-2939
-2879
-2876
-2848
-2682
-2348
-2091
-1855
-1708
-1599
-1457
-1206
-876
-575
-313
-39
244
533
805
1107
1398
1593
1692
1741
1819
1844
1872
1901
1932
1939
1876
1911
2059
2253
2474
2627
2738
2876
3052
3335
3716
4061
4301
4503
4691
4928
5120
5292
5440
5560
5614
5558
5489
5130
4737
4392
4211
4208
4048
3835
3281
2631
2067
1535
1345
939
302
-447
-1225
-1773
-2200
-2641
-3034
-3639
-4325
-4755
-4866
-4786
-4789
-5021
-5252
-5380
-5261
-5009
-4707
-4575
-4671
-4820
-4762
-4428
-4063
-3787
-3673
-3709
-3706
-3543
-3193
-2772
-2518
-2441
-2400
-2312
-2092
-1789
-1541
-1328
-1237
-1169
-984
-680
-312
-31
169
379
541
772
1120
1477
1722
1837
1856
1890
1961
2010
2070
2047
1968
1899
1863
2034
2281
2448
2525
2467
2586
2801
3150
3576
3838
4140
4260
4447
4718
4939
5232
5324
5390
5277
5095
4813
4497
4267
4024
3881
3657
3465
3059
2552
2009
1431
1126
743
283
-281
-861
-1356
-1854
-2336
-2831
-3372
-3916
-4340
-4479
-4482
-4570
-4756
-5010
-5114
-5039
-4886
-4612
-4444
-4465
-4532
-4493
-4189
-3773
-3463
-3311
-3380
-3434
-3341
-3026
-2635
-2392
-2309
-2363
-2325
-2092
-1748
-1399
-1210
-1185
-1191
-1117
-761
-320
12
197
271
416
608
894
1311
1618
1791
1796
1834
2018
2177
2258
2185
2073
1997
1946
2060
2281
2506
2615
2616
2672
2825
3081
3394
3722
3979
4124
4236
4436
4689
4948
5074
5092
4903
4719
4460
4139
3972
3718
3535
3276
3009
2728
2236
1776
1187
737
398
-64
-528
-1055
-1553
-1989
-2443
-2829
-3148
-3577
-3992
-4251
-4304
-4285
-4297
-4403
-4494
-4510
-4495
-4359
-4155
-4027
-3928
-3906
-3791
-3514
-3267
-2974
-2814
-2759
-2709
-2581
-2307
-2033
-1791
-1652
-1563
-1426
-1260
-1028
-821
-696
-643
-640
-518
-220
74
305
463
609
760
922
1162
1418
1626
1719
1737
1824
1958
2050
2035
1933
1818
1695
1633
1696
1873
2027
2095
2107
2165
2205
2344
2605
2895
3183
3372
3510
3652
3815
3994
4127
4217
4166
4017
3664
3257
3002
2777
2700
2575
2404
2073
1591
1105
572
274
-30
-445
-925
-1422
-1788
-2147
-2534
-2868
-3268
-3696
-4029
-4146
-4069
-4012
-4051
-4177
-4235
-4170
-4017
-3778
-3619
-3611
-3666
-3636
-3405
-3039
-2671
-2428
-2363
-2393
-2364
-2148
-1711
-1352
-1156
-1113
-1113
-962
-693
-419
-207
-148
-217
-291
-152
158
473
719
825
875
984
1141
1386
1591
1651
1627
1590
1699
1877
1994
2011
1889
1720
1580
1549
1703
1889
2011
2048
2088
2210
2312
2462
2602
2740
2906
3049
3215
3428
3585
3715
3713
3672
3601
3496
3238
2901
2576
2353
2268
2222
2099
1793
1279
712
190
-93
-360
-733
-1228
-1714
-2032
-2290
-2543
-2812
-3213
-3695
-4018
-4078
-3931
-3838
-3864
-3996
-4092
-4027
-3851
-3579
-3445
-3450
-3585
-3556
-3252
-2900
-2534
-2330
-2273
-2300
-2262
-2034
-1664
-1343
-1168
-1091
-962
-762
-513
-236
-72
-18
-54
-67
137
410
692
899
1037
1156
1228
1396
1615
1792
1891
1854
1875
1984
2110
2185
2206
2139
2004
1891
1820
1905
2032
2123
2216
2287
2377
2478
2557
2642
2698
2759
2843
2933
3122
3288
3394
3406
3198
2984
2779
2537
2294
2040
1837
1699
1598
1476
1230
841
334
-199
-518
-815
-1155
-1551
-2004
-2345
-2639
-2896
-3123
-3435
-3814
-4104
-4160
-4061
-3955
-3951
-4003
-3991
-3903
-3725
-3513
-3368
-3406
-3466
-3386
-3116
-2704
-2411
-2214
-2147
-2115
-1987
-1735
-1420
-1189
-1070
-962
-726
-479
-181
51
173
228
194
312
544
835
1094
1299
1484
1644
1753
1849
1987
2106
2139
2155
2193
2269
2338
2325
2299
2201
2084
1972
1900
1973
2062
2156
2273
2349
2411
2483
2502
2543
2620
2645
2648
2661
2747
2873
2929
2918
2781
2571
2298
2033
1750
1494
1269
1052
929
787
615
297
-166
-681
-1144
-1487
-1738
-2014
-2344
-2670
-2998
-3274
-3526
-3801
-4096
-4332
-4469
-4437
-4353
-4314
-4282
-4245
-4136
-3961
-3760
-3592
-3533
-3504
-3408
-3126
-2711
-2350
-2069
-1978
-1925
-1814
-1605
-1298
-1043
-860
-769
-636
-436
-161
176
380
499
535
599
791
1059
1371
1666
1877
2059
2184
2279
2362
2442
2483
2475
2512
2539
2585
2589
2537
2431
2302
2152
2057
2080
2179
2283
2354
2386
2406
2444
2421
2500
2564
2556
2530
2459
2456
2557
2586
2569
2485
2287
2048
1809
1597
1349
994
666
456
350
235
28
-328
-831
-1385
-1773
-1977
-2152
-2396
-2729
-3083
-3353
-3569
-3706
-3854
-4033
-4261
-4411
-4421
-4325
-4229
-4155
-4040
-3913
-3768
-3588
-3429
-3284
-3163
-2976
-2664
-2257
-1897
-1646
-1488
-1395
-1235
-1051
-833
-634
-510
-371
-262
-63
157
371
569
671
744
877
1065
1301
1550
1788
2036
2257
2428
2485
2547
2530
2465
2445
2429
2459
2470
2405
2311
2170
2025
1886
1826
1840
1882
1921
1984
2040
2051
2111
2133
2151
2160
2145
2144
2166
2247
2315
2341
2301
2168
2027
1871
1713
1489
1178
832
544
413
319
210
-53
-508
-1005
-1469
-1749
-1902
-2084
-2406
-2775
-3141
-3379
-3519
-3647
-3815
-4089
-4374
-4503
-4458
-4349
-4200
-4126
-4127
-4068
-3995
-3841
-3655
-3506
-3349
-3154
-2883
-2540
-2179
-1905
-1681
-1523
-1361
-1202
-972
-788
-543
-253
-144
-5
209
466
669
812
969
1167
1289
1538
1914
2063
2241
2483
2683
2822
2843
2820
2814
2798
2754
2767
2723
2654
2560
2412
2250
2074
1987
1987
2020
2060
2036
2017
2047
2048
2058
2088
2051
2008
1984
2046
2109
2155
2147
1975
1863
1708
1548
1407
1209
937
578
345
193
78
-57
-364
-809
-1250
-1589
-1801
-1928
-2142
-2517
-2892
-3211
-3403
-3467
-3575
-3764
-4038
-4314
-4430
-4349
-4224
-4142
-4139
-4177
-4135
-4014
-3793
-3557
-3416
-3290
-3145
-2946
-2593
-2221
-1885
-1614
-1463
-1307
-1093
-848
-599
-398
-218
-75
122
350
552
764
876
989
1175
1386
1674
1940
2163
2356
2494
2634
2733
2809
2808
2767
2748
2681
2640
2558
2467
2334
2166
2055
1973
1926
1873
1835
1804
1798
1817
1840
1866
1823
1767
1691
1660
1662
1669
1666
1624
1555
1503
1435
1353
1229
1024
848
648
501
369
207
3
-255
-507
-796
-1048
-1294
-1540
-1802
-2072
-2356
-2613
-2837
-3046
-3208
-3378
-3539
-3682
-3818
-3884
-3923
-3912
-3885
-3865
-3831
-3766
-3724
-3597
-3448
-3268
-3066
-2887
-2663
-2428
-2166
-1902
-1646
-1391
-1189
-996
-761
-536
-311
-114
53
244
429
658
830
1002
1130
1285
1513
1762
1999
2207
2345
2460
2579
2657
2744
2780
2757
2691
2625
2575
2512
2401
2268
2115
1965
1863
1786
1714
1662
1618
1583
1577
1584
1539
1492
1422
1358
1350
1362
1388
1343
1303
1253
1216
1178
1096
1024
920
805
716
621
489
396
178
-50
-280
-537
-731
-961
-1156
-1401
-1661
-1912
-2184
-2401
-2624
-2825
-3014
-3168
-3255
-3327
-3369
-3400
-3447
-3504
-3557
-3563
-3508
-3479
-3382
-3256
-3129
-2945
-2716
-2455
-2247
-2053
-1897
-1746
-1511
-1225
-923
-667
-504
-355
-229
-51
180
400
607
764
927
1131
1368
1645
1846
1983
2089
2153
2263
2397
2484
2541
2520
2467
2426
2365
2283
2154
1979
1801
1657
1594
1558
1507
1422
1329
1248
1188
1161
1109
1026
951
863
861
896
928
903
869
826
753
780
781
785
777
702
710
709
736
712
642
473
251
65
-142
-277
-424
-578
-750
-1029
-1325
-1600
-1829
-1969
-2084
-2216
-2407
-2641
-2792
-2920
-2889
-2850
-2941
-3025
-3147
-3132
-3020
-2903
-2792
-2728
-2687
-2591
-2331
-1996
-1781
-1675
-1602
-1486
-1207
-861
-547
-335
-282
-217
-73
188
499
725
820
842
931
1160
1431
1687
1840
1842
1853
1911
2055
2215
2279
2238
2115
2013
1950
1910
1816
1657
1463
1244
1110
1001
908
769
647
559
499
489
462
395
325
267
225
227
231
254
265
271
313
343
380
402
405
415
426
489
527
564
597
589
619
629
607
513
351
169
41
-27
-116
-246
-424
-651
-838
-1010
-1182
-1361
-1600
-1806
-1939
-2010
-2087
-2199
-2352
-2529
-2569
-2501
-2346
-2249
-2279
-2345
-2414
-2317
-2080
-1862
-1697
-1630
-1570
-1425
-1174
-884
-725
-651
-573
-360
0
422
772
944
1015
1105
1287
1562
1782
1852
1808
1755
1825
1998
2133
2134
1947
1683
1520
1515
1584
1612
1507
1318
1132
1042
994
927
778
532
346
212
179
157
87
5
-99
-154
-151
-114
-129
-106
-64
-12
122
229
311
332
345
347
334
340
342
378
412
491
577
630
678
571
352
192
115
199
378
488
520
303
-48
-304
-393
-440
-570
-795
-963
-1012
-918
-805
-833
-1050
-1370
-1595
-1576
-1327
-1112
-1071
-1191
-1305
-1219
-1020
-818
-817
-1008
-1188
-1183
-896
-460
-132
-55
-148
-242
-131
157
412
524
499
423
528
812
1050
1177
1066
833
686
669
744
777
711
565
484
471
462
432
262
24
-160
-276
-245
-154
-156
-219
-294
-338
-344
-369
-435
-490
-512
-448
-295
-152
-40
33
69
150
279
375
448
502
550
656
788
920
980
918
856
812
844
914
947
952
914
910
918
905
891
779
615
480
380
359
337
309
208
72
-24
-154
-174
-227
-336
-388
-463
-497
-465
-428
-431
-499
-582
-663
-697
-627
-575
-527
-486
-458
-401
-342
-269
-221
-241
-217
-181
-117
-19
21
62
23
11
19
-20
-40
-96
-160
-216
-245
-257
-288
-346
-457
-549
-624
-693
-779
-859
-935
-1005
-1014
-1030
-1049
-1100
-1147
-1180
-1154
-1058
-950
-815
-732
-646
-537
-428
-304
-157
-47
37
147
275
421
568
687
769
839
912
984
1071
1173
1250
1313
1361
1370
1371
1349
1330
1289
1270
1247
1223
1205
1151
1129
1073
1028
1014
980
961
942
909
866
810
739
697
615
534
474
428
372
307
251
176
144
141
170
205
194
154
133
102
90
41
-11
-86
-203
-267
-311
-339
-409
-509
-620
-707
-764
-804
-849
-881
-960
-1013
-1087
-1137
-1173
-1282
-1395
-1530
-1616
-1679
-1732
-1733
-1774
-1791
-1784
-1788
-1718
-1640
-1593
-1510
-1423
-1285
-1108
-908
-738
-614
-496
-399
-254
-101
65
233
373
512
680
859
1038
1136
1228
1303
1370
1462
1569
1698
1752
1764
1757
1773
1766
1727
1686
1602
1537
1520
1536
1553
1535
1476
1383
1297
1299
1315
1304
1278
1206
1164
1154
1142
1144
1051
963
884
845
904
916
969
914
817
795
783
756
709
654
543
444
356
296
247
137
-7
-188
-334
-461
-577
-718
-850
-976
-1120
-1220
-1317
-1439
-1584
-1741
-1891
-1987
-2072
-2139
-2227
-2323
-2399
-2419
-2435
-2451
-2439
-2438
-2395
-2313
-2214
-2096
-1963
-1829
-1706
-1547
-1400
-1248
-1081
-896
-710
-500
-296
-120
78
250
411
594
778
951
1133
1274
1403
1543
1641
1761
1824
1852
1894
1914
1947
1976
1983
1978
1972
1950
1944
1918
1869
1830
1786
1766
1736
1698
1638
1579
1543
1492
1472
1437
1358
1321
1286
1244
1244
1254
1226
1182
1134
1078
1055
1047
1000
932
856
731
667
595
524
437
273
127
14
-74
-179
-303
-463
-641
-816
-967
-1114
-1225
-1392
-1584
-1731
-1871
-1946
-2037
-2144
-2272
-2386
-2490
-2548
-2553
-2575
-2598
-2623
-2614
-2568
-2486
-2402
-2348
-2292
-2203
-2093
-1932
-1749
-1560
-1401
-1223
-1048
-833
-627
-429
-207
-51
152
322
545
712
864
1019
1142
1293
1410
1537
1614
1689
1741
1833
1932
2013
2057
2052
2054
2067
2126
2177
2192
2173
2126
2074
2059
2068
2045
1974
1913
1855
1834
1811
1764
1710
1624
1561
1523
1489
1427
1361
1238
1129
1070
973
859
720
563
444
348
262
170
51
-131
-312
-442
-562
-648
-764
-908
-1062
-1211
-1311
-1402
-1487
-1629
-1780
-1881
-1945
-1988
-1998
-2046
-2122
-2163
-2189
-2137
-2095
-2093
-2096
-2070
-1992
-1896
-1801
-1718
-1651
-1649
-1570
-1434
-1277
-1090
-965
-872
-744
-573
-411
-214
-51
16
134
267
399
551
666
724
791
870
927
1033
1091
1155
1251
1317
1379
1461
1523
1536
1576
1593
1633
1695
1709
1725
1701
1687
1683
1705
1736
1711
1692
1693
1688
1718
1759
1761
1726
1650
1601
1537
1473
1402
1266
1119
1008
878
787
701
547
379
232
94
-22
-122
-287
-443
-605
-773
-894
-1006
-1144
-1364
-1527
-1682
-1791
-1838
-1937
-2008
-2088
-2157
-2137
-2112
-2110
-2123
-2140
-2119
-2084
-2034
-1977
-1899
-1864
-1775
-1660
-1560
-1412
-1298
-1176
-1009
-864
-683
-476
-304
-189
-54
85
221
330
417
502
580
658
737
811
901
979
1003
1042
1098
1135
1154
1202
1225
1252
1291
1271
1268
1240
1194
1186
1178
1150
1129
1118
1097
1108
1126
1168
1172
1154
1156
1156
1158
1137
1137
1109
1084
1052
1004
960
931
845
790
741
674
630
557
502
413
300
199
86
-42
-177
-292
-410
-515
-640
-789
-930
-1040
-1133
-1252
-1365
-1503
-1613
-1710
-1761
-1786
-1830
-1886
-1944
-1980
-1973
-1941
-1883
-1821
-1799
-1752
-1673
-1535
-1384
-1270
-1186
-1106
-993
-842
-668
-481
-340
-258
-151
-22
143
288
376
458
531
604
734
870
954
992
999
1029
1056
1087
1099
1079
1082
1091
1110
1145
1161
1088
1002
970
964
960
981
920
861
847
823
842
821
741
658
631
627
660
684
658
658
595
577
580
537
507
439
379
320
295
264
182
76
-57
-157
-251
-308
-364
-438
-524
-610
-662
-706
-794
-886
-999
-1111
-1202
-1235
-1299
-1352
-1406
-1480
-1516
-1556
-1613
-1646
-1616
-1574
-1509
-1449
-1391
-1322
-1259
-1186
-1104
-1021
-955
-923
-809
-665
-532
-403
-272
-153
-45
78
218
367
490
597
747
880
990
1067
1112
1171
1185
1193
1212
1239
1250
1240
1218
1217
1228
1171
1099
1094
1053
1020
982
916
851
792
720
678
615
491
365
300
278
239
195
156
95
7
-32
-23
-21
-61
-123
-168
-165
-150
-188
-237
-333
-462
-566
-594
-592
-609
-673
-734
-800
-873
-918
-971
-1019
-1070
-1125
-1150
-1140
-1144
-1150
-1169
-1214
-1264
-1279
-1292
-1277
-1232
-1212
-1194
-1142
-1095
-1053
-942
-900
-867
-797
-728
-631
-529
-434
-352
-305
-246
-138
-9
87
168
260
364
497
621
759
881
934
982
1058
1146
1213
1240
1265
1262
1271
1322
1342
1365
1377
1328
1330
1324
1318
1300
1276
1215
1148
1086
1017
913
828
740
634
533
446
342
223
150
78
12
-59
-166
-249
-298
-392
-491
-588
-706
-852
-923
-964
-1042
-1099
-1179
-1255
-1301
-1349
-1374
-1406
-1436
-1452
-1453
-1418
-1399
-1402
-1467
-1515
-1480
-1460
-1409
-1372
-1347
-1341
-1271
-1154
-1089
-1033
-979
-902
-773
-646
-502
-360
-283
-196
-127
-41
56
137
210
260
321
430
546
683
811
895
954
1024
1103
1186
1243
1284
1336
1354
1384
1422
1411
1369
1342
1307
1289
1319
1316
1293
1269
1221
1193
1184
1195
1112
1034
937
864
831
782
733
612
494
410
374
315
217
112
9
-82
-143
-184
-271
-378
-543
-680
-734
-805
-908
-1037
-1156
-1303
-1381
-1399
-1438
-1519
-1638
-1722
-1764
-1788
-1818
-1864
-1924
-1965
-2005
-1978
-1937
-1939
-1935
-1910
-1833
-1751
-1665
-1601
-1521
-1439
-1344
-1231
-1087
-937
-841
-697
-557
-401
-241
-107
34
197
354
506
646
787
931
1046
1170
1270
1372
1466
1578
1670
1740
1768
1818
1862
1922
1976
1986
2006
1975
1967
1957
1959
1944
1909
1830
1764
1708
1612
1507
1405
1264
1130
1078
993
913
807
683
591
475
411
319
218
118
1
-80
-174
-279
-384
-514
-693
-784
-876
-971
-1019
-1138
-1213
-1308
-1391
-1472
-1551
-1633
-1727
-1795
-1857
-1868
-1928
-1953
-2003
-2044
-2101
-2113
-2091
-2101
-2081
-2061
-2025
-1981
-1928
-1857
-1771
-1700
-1620
-1532
-1413
-1289
-1186
-1048
-941
-824
-678
-516
-338
-189
-47
109
263
431
622
783
919
1042
1184
1299
1402
1531
1592
1644
1725
1800
1879
1936
1970
2036
2069
2108
2166
2177
2168
2141
2124
2105
2069
2032
1977
1885
1783
1677
1588
1498
1430
1358
1248
1154
1073
978
880
789
664
532
435
325
211
58
-83
-191
-285
-406
-523
-639
-766
-875
-948
-1041
-1147
-1248
-1361
-1443
-1513
-1581
-1681
-1791
-1913
-1987
-2049
-2112
-2140
-2169
-2224
-2266
-2261
-2253
-2210
-2181
-2153
-2099
-2038
-1955
-1860
-1784
-1702
-1629
-1527
-1422
-1295
-1156
-1045
-896
-734
-558
-357
-194
-18
154
330
515
708
857
1021
1187
1303
1448
1569
1664
1764
1855
1912
1989
2059
2088
2157
2243
2264
2320
2333
2305
2290
2278
2270
2249
2193
2105
2045
1950
1889
1806
1687
1566
1424
1343
1274
1218
1124
992
887
794
687
579
461
302
154
10
-89
-164
-277
-418
-555
-689
-789
-903
-1002
-1080
-1186
-1293
-1385
-1459
-1546
-1634
-1746
-1859
-1942
-2013
-2082
-2102
-2132
-2188
-2229
-2235
-2215
-2202
-2184
-2181
-2167
-2134
-2111
-2049
-1951
-1887
-1796
-1742
-1701
-1596
-1464
-1304
-1146
-1015
-885
-739
-562
-359
-193
-50
121
277
483
684
827
942
1068
1221
1354
1522
1679
1781
1875
1981
2069
2165
2239
2265
2308
2315
2348
2382
2348
2329
2294
2233
2197
2160
2106
2039
1949
1861
1817
1756
1670
1585
1440
1303
1183
1072
961
795
656
526
387
273
168
36
-116
-241
-338
-427
-545
-644
-758
-885
-1009
-1130
-1223
-1352
-1488
-1611
-1708
-1795
-1879
-1932
-1977
-2028
-2065
-2067
-2088
-2105
-2112
-2114
-2120
-2119
-2116
-2103
-2083
-2033
-1981
-1932
-1871
-1779
-1701
-1599
-1485
-1376
-1233
-1079
-938
-786
-605
-476
-348
-201
-105
82
249
365
659
834
968
1088
1198
1341
1456
1569
1696
1795
1863
1967
2062
2136
2169
2157
2176
2182
2178
2217
2193
2202
2188
2135
2084
2029
1967
1922
1871
1770
1693
1551
1435
1348
1267
1145
1024
907
792
707
621
502
403
291
160
86
-18
-136
-242
-388
-544
-658
-764
-861
-967
-1099
-1206
-1306
-1412
-1471
-1512
-1598
-1671
-1729
-1774
-1778
-1819
-1864
-1905
-1971
-2007
-2007
-1989
-1986
-1971
-1998
-1970
-1920
-1859
-1790
-1717
-1649
-1545
-1419
-1309
-1189
-1093
-995
-875
-733
-594
-434
-322
-204
-67
87
242
386
525
676
827
982
1140
1263
1383
1477
1588
1687
1789
1855
1914
1942
1981
2008
2028
2059
2063
2075
2061
2075
2047
2024
1974
1917
1865
1823
1771
1671
1559
1458
1365
1265
1141
1017
885
767
682
603
533
434
305
200
107
5
-96
-181
-286
-398
-492
-572
-652
-737
-859
-976
-1065
-1130
-1178
-1224
-1283
-1362
-1392
-1433
-1460
-1468
-1543
-1556
-1577
-1582
-1573
-1583
-1577
-1602
-1621
-1597
-1600
-1579
-1566
-1515
-1444
-1386
-1296
-1227
-1157
-1090
-1021
-914
-822
-738
-632
-562
-456
-332
-235
-98
26
147
287
409
526
658
805
910
1051
1170
1256
1363
1426
1495
1552
1606
1648
1691
1751
1762
1788
1814
1823
1787
1766
1748
1744
1700
1651
1616
1565
1509
1433
1371
1263
1161
1095
1029
929
872
796
685
586
472
343
252
147
35
-67
-162
-270
-352
-438
-520
-606
-684
-761
-833
-886
-963
-978
-1040
-1097
-1161
-1249
-1298
-1355
-1349
-1394
-1399
-1415
-1460
-1454
-1444
-1422
-1417
-1406
-1399
-1339
-1289
-1219
-1187
-1160
-1112
-1035
-960
-889
-823
-776
-727
-623
-534
-424
-294
-213
-116
-16
93
195
296
377
478
578
667
764
840
915
963
1031
1099
1163
1231
1287
1311
1365
1393
1426
1449
1413
1401
1421
1421
1449
1444
1411
1361
1319
1266
1222
1200
1148
1068
997
937
854
794
704
592
506
444
366
309
233
126
13
-88
-181
-255
-308
-379
-497
-578
-670
-709
-743
-809
-860
-914
-953
-965
-969
-979
-991
-1006
-1020
-1022
-1003
-1014
-995
-991
-997
-988
-966
-935
-921
-908
-876
-844
-781
-714
-684
-645
-586
-524
-448
-383
-313
-277
-241
-187
-144
-71
-25
44
82
144
212
287
369
418
492
571
645
737
811
856
907
924
934
967
998
991
998
975
978
1006
1006
1016
1024
1004
980
970
932
949
904
883
838
798
725
641
601
513
439
362
315
259
230
203
133
62
-4
-82
-143
-207
-289
-369
-473
-536
-587
-632
-687
-763
-842
-906
-926
-914
-918
-919
-932
-920
-897
-874
-833
-812
-822
-828
-796
-773
-715
-648
-630
-603
-551
-507
-430
-377
-322
-267
-222
-157
-80
0
37
60
85
107
153
193
243
252
282
309
360
401
412
460
478
491
539
589
604
603
595
573
581
610
629
625
594
579
565
586
581
584
552
520
512
490
494
477
442
388
361
365
379
365
329
296
235
220
210
195
177
122
48
11
-29
-74
-91
-166
-220
-272
-331
-328
-369
-435
-484
-569
-599
-609
-631
-664
-710
-743
-760
-740
-734
-721
-742
-756
-747
-731
-695
-647
-630
-640
-604
-592
-546
-507
-493
-469
-438
-399
-312
-230
-201
-159
-106
-55
-2
69
119
160
211
266
332
409
445
467
477
499
567
626
648
682
690
733
746
773
789
778
758
752
755
752
750
687
643
627
612
604
596
516
464
434
401
386
350
309
246
207
154
129
78
-13
-101
-171
-171
-212
-226
-269
-329
-382
-420
-428
-440
-464
-502
-515
-537
-555
-560
-588
-644
-692
-712
-717
-681
-670
-649
-667
-681
-669
-653
-626
-606
-585
-551
-514
-475
-431
-390
-361
-346
-319
-271
-225
-187
-137
-114
-80
-33
-5
29
71
100
149
209
246
302
340
373
413
438
470
468
471
479
496
529
535
550
551
549
579
602
620
621
569
556
557
571
579
553
502
470
452
408
395
333
275
226
210
214
191
141
86
53
10
7
-11
-47
-110
-194
-251
-300
-327
-371
-430
-494
-535
-546
-533
-562
-622
-664
-714
-712
-708
-708
-735
-769
-782
-767
-750
-748
-786
-813
-804
-764
-695
-653
-628
-592
-568
-498
-417
-365
-342
-321
-307
-247
-180
-147
-102
-92
-47
11
94
143
218
261
301
384
465
554
591
609
647
657
670
694
691
685
689
697
710
725
714
684
694
703
711
738
707
680
662
628
625
591
532
479
424
392
348
288
225
161
104
83
75
28
-24
-70
-106
-125
-141
-201
-263
-337
-400
-431
-483
-491
-521
-565
-596
-641
-637
-648
-674
-690
-705
-703
-685
-679
-697
-689
-686
-658
-640
-629
-641
-645
-634
-595
-548
-514
-500
-493
-461
-425
-358
-309
-297
-291
-251
-184
-120
-66
-42
-14
44
106
198
268
280
320
351
390
444
468
504
518
529
573
585
592
609
608
620
644
668
675
667
641
627
623
602
599
575
547
542
507
475
434
368
355
345
313
289
263
220
175
146
120
104
67
-7
-43
-48
-94
-134
-201
-247
-287
-330
-357
-392
-441
-491
-504
-511
-531
-538
-549
-595
-609
-616
-652
-679
-700
-732
-742
-727
-723
-726
-711
-729
-738
-714
-711
-666
-624
-602
-548
-504
-463
-419
-381
-353
-325
-296
-268
-206
-161
-107
-38
4
61
112
154
196
246
292
354
405
438
471
476
511
542
545
581
592
598
594
600
618
621
635
636
653
657
648
640
607
588
573
550
503
470
445
415
405
377
352
301
258
244
196
170
126
78
29
9
-16
-51
-104
-156
-198
-250
-287
-286
-336
-380
-398
-453
-430
-441
-471
-494
-555
-574
-586
-588
-617
-652
-677
-713
-703
-688
-679
-706
-741
-748
-737
-707
-678
-667
-679
-666
-626
-583
-563
-549
-532
-509
-461
-410
-335
-300
-275
-232
-170
-88
-19
27
77
126
170
242
287
315
345
358
404
449
501
511
527
541
584
643
672
706
708
697
715
738
763
785
775
755
736
715
696
689
656
619
569
550
550
534
512
468
419
360
332
290
234
190
130
85
49
20
-30
-84
-141
-190
-230
-256
-271
-306
-327
-367
-389
-428
-464
-496
-538
-570
-568
-565
-548
-574
-600
-618
-610
-592
-583
-557
-576
-586
-559
-534
-481
-445
-459
-466
-454
-420
-388
-346
-319
-300
-278
-245
-193
-177
-156
-133
-106
-67
-12
35
64
71
71
85
119
142
168
165
194
228
241
282
290
311
334
328
351
363
363
382
380
403
399
400
397
401
400
383
383
399
414
427
433
412
405
384
380
368
355
319
307
281
234
222
181
135
94
58
28
22
3
-29
-53
-79
-107
-133
-153
-197
-245
-278
-315
-349
-398
-444
-485
-518
-544
-576
-582
-588
-612
-610
-588
-591
-604
-601
-571
-554
-531
-499
-501
-502
-494
-436
-398
-373
-352
-327
-291
-254
-195
-136
-106
-70
-28
15
85
114
128
158
172
202
231
229
257
268
267
288
323
340
357
385
389
388
409
405
399
401
380
385
401
367
334
320
292
281
309
289
262
241
222
231
239
208
184
170
141
165
163
155
118
97
88
92
117
85
79
34
-3
25
6
-22
-35
-54
-97
-104
-117
-138
-162
-203
-208
-238
-242
-249
-260
-286
-294
-295
-301
-288
-303
-335
-337
-319
-317
-318
-336
-339
-326
-312
-289
-248
-228
-232
-215
-200
-173
-150
-128
-97
-76
-55
-27
-10
-4
-5
-8
5
41
66
79
69
78
79
81
119
115
132
176
181
192
187
190
175
178
169
176
176
157
154
156
175
174
160
148
116
121
140
152
165
135
133
121
99
96
95
78
87
97
104
124
128
107
94
78
67
77
76
98
82
75
65
77
83
48
32
5
-12
-38
-16
-26
-39
-48
-63
-77
-98
-111
-121
-106
-104
-105
-112
-118
-106
-95
-105
-109
-117
-124
-109
-86
-79
-61
-72
-64
-69
-72
-61
-59
-44
-37
-22
-8
-11
6
21
1
-6
-24
-34
-20
6
25
24
15
-15
-19
-14
-4
-4
6
-7
-9
1
13
5
-8
-16
-19
-9
-6
10
6
2
-18
-41
-39
-35
-63
-68
-61
-64
-41
-28
-39
-44
-33
-16
9
17
33
36
42
50
63
83
65
79
77
82
94
101
105
104
102
103
118
132
130
134
122
108
113
102
72
52
28
4
-20
-18
-37
-29
-21
-40
-23
-26
-31
-29
-50
-55
-26
-67
-65
-61
-91
-76
-87
-100
-120
-112
-115
-126
-123
-140
-118
-118
-105
-115
-97
-77
-90
-79
-68
-89
-94
-97
-93
-86
-92
-89
-77
-95
-94
-66
-47
-50
-59
-38
-35
-24
-8
21
27
8
-13
-19
8
0
9
4
-2
24
45
76
83
84
84
100
126
142
154
170
174
186
210
200
201
196
192
184
173
178
187
204
221
232
221
222
213
211
235
258
247
234
238
225
222
200
186
185
183
168
169
151
122
113
91
88
74
58
54
29
36
43
24
10
4
-21
-29
-76
-89
-96
-100
-120
-132
-135
-157
-177
-211
-208
-208
-222
-230
-225
-227
-222
-226
-235
-238
-262
-285
-266
-252
-244
-232
-200
-187
-174
-154
-140
-124
-102
-102
-72
-39
-31
18
37
52
63
67
94
120
149
161
159
190
224
257
260
267
289
304
322
351
377
376
365
354
356
368
366
369
369
375
369
353
373
377
347
345
337
334
323
297
281
273
235
225
224
220
180
152
158
143
130
132
128
96
74
50
60
50
15
-13
-24
-47
-47
-57
-72
-102
-104
-118
-121
-143
-172
-185
-211
-222
-230
-235
-281
-280
-284
-307
-304
-314
-337
-347
-363
-369
-358
-357
-348
-339
-324
-319
-301
-295
-302
-284
-288
-274
-263
-237
-208
-194
-155
-138
-97
-65
-28
15
36
82
130
173
199
231
273
311
351
353
367
390
416
457
473
475
508
541
561
552
558
561
530
535
551
557
535
508
506
487
471
464
438
413
389
367
369
338
310
276
225
186
158
134
95
58
28
-1
-24
-49
-100
-140
-171
-194
-229
-244
-266
-311
-332
-353
-353
-348
-365
-401
-405
-405
-412
-406
-404
-439
-448
-427
-431
-437
-439
-438
-438
-426
-411
-390
-382
-379
-360
-348
-333
-305
-268
-242
-218
-198
-184
-148
-118
-101
-73
-29
-11
36
64
69
108
141
178
201
230
260
311
333
355
402
419
447
447
459
491
513
535
548
552
558
560
554
556
542
545
545
526
532
533
536
526
479
467
429
420
413
377
359
348
336
305
277
245
189
147
118
100
82
52
17
-23
-62
-83
-92
-136
-182
-222
-251
-268
-291
-294
-335
-364
-388
-406
-390
-412
-446
-452
-454
-473
-461
-458
-448
-448
-463
-456
-432
-397
-395
-376
-350
-334
-308
-286
-254
-235
-213
-173
-163
-125
-97
-86
-48
-47
-8
35
51
79
104
132
156
182
217
248
263
291
309
338
372
373
392
406
424
435
441
451
457
467
478
499
491
495
509
483
469
456
438
401
403
379
349
332
304
286
277
235
185
173
141
114
78
55
22
-28
-57
-69
-102
-140
-180
-212
-229
-256
-291
-316
-343
-372
-392
-428
-458
-473
-478
-497
-513
-527
-534
-527
-523
-546
-529
-526
-509
-512
-513
-498
-506
-472
-460
-433
-424
-417
-382
-329
-304
-284
-262
-246
-214
-164
-128
-93
-61
-49
5
61
82
134
167
188
219
249
279
323
344
337
381
388
408
428
416
403
393
411
412
414
402
391
393
374
371
394
371
334
333
342
323
327
309
271
266
255
238
195
194
165
134
95
70
49
12
14
-25
-48
-75
-92
-104
-137
-181
-223
-254
-282
-292
-312
-340
-374
-395
-414
-406
-417
-453
-483
-500
-518
-536
-531
-559
-555
-566
-571
-563
-547
-567
-577
-549
-539
-519
-507
-488
-464
-444
-406
-367
-322
-301
-266
-240
-205
-153
-116
-63
-19
28
58
96
125
160
200
249
273
300
334
376
389
402
426
414
444
453
480
512
506
508
530
526
515
521
497
484
484
451
433
429
385
353
335
295
281
246
218
207
170
159
129
100
58
15
-1
-22
-39
-62
-103
-134
-179
-207
-224
-233
-252
-281
-306
-319
-341
-354
-358
-371
-383
-387
-403
-422
-422
-454
-452
-449
-440
-448
-448
-419
-426
-418
-407
-417
-389
-372
-385
-339
-319
-315
-275
-266
-248
-241
-218
-183
-167
-145
-124
-105
-61
-35
-18
22
33
62
88
105
124
136
176
198
218
238
246
276
290
292
314
304
320
333
328
348
336
327
341
314
317
313
297
276
279
281
267
248
224
208
187
171
142
116
109
49
25
5
-42
-51
-87
-115
-137
-172
-187
-209
-235
-270
-309
-309
-350
-376
-386
-397
-422
-430
-445
-450
-469
-458
-460
-471
-464
-467
-479
-493
-485
-475
-459
-451
-439
-434
-434
-426
-422
-388
-378
-363
-329
-297
-260
-245
-219
-195
-170
-130
-99
-75
-65
-28
-9
12
41
68
91
109
142
156
185
196
203
232
243
228
243
254
244
267
255
272
308
275
261
282
280
268
254
243
240
227
203
186
200
180
146
154
141
135
117
112
81
72
62
43
56
31
5
-18
-43
-74
-119
-151
-167
-206
-231
-247
-251
-275
-301
-313
-323
-340
-356
-349
-375
-403
-397
-429
-417
-419
-450
-452
-446
-452
-445
-412
-416
-392
-380
-349
-332
-319
-298
-285
-270
-249
-216
-216
-185
-174
-159
-129
-103
-64
-23
24
69
95
119
153
192
185
217
249
249
273
283
291
300
296
295
320
322
309
304
305
307
297
295
285
282
254
271
250
213
212
172
136
125
117
96
91
60
47
20
2
-16
-35
-55
-96
-118
-136
-145
-175
-199
-217
-221
-245
-253
-247
-251
-258
-269
-269
-277
-281
-300
-293
-284
-305
-315
-288
-298
-301
-292
-293
-308
-289
-273
-265
-249
-221
-230
-223
-215
-220
-191
-197
-185
-190
-178
-168
-141
-112
-84
-53
-42
-27
-2
38
40
47
83
101
127
157
169
179
183
200
234
253
258
267
284
299
312
325
301
300
274
294
294
265
288
285
273
270
276
269
247
221
204
189
165
121
100
77
41
11
-36
-69
-88
-114
-131
-143
-177
-207
-228
-260
-278
-296
-343
-349
-369
-397
-384
-418
-444
-443
-474
-462
-473
-493
-477
-484
-491
-461
-443
-451
-439
-440
-403
-413
-420
-399
-391
-362
-339
-314
-272
-252
-224
-192
-175
-137
-125
-89
-83
-80
-42
-42
-17
-5
14
39
73
103
155
183
211
244
259
295
306
313
317
342
333
343
363
373
376
372
384
382
382
376
384
358
365
357
340
335
305
300
283
244
221
203
175
165
122
117
91
67
30
15
-5
-31
-73
-124
-148
-177
-218
-242
-267
-306
-322
-350
-362
-375
-384
-374
-380
-391
-398
-409
-420
-430
-447
-442
-441
-455
-444
-431
-439
-436
-417
-407
-373
-355
-330
-297
-260
-237
-220
-203
-184
-150
-133
-102
-79
-55
-34
0
32
55
79
109
156
190
207
257
278
293
295
305
322
331
333
354
350
349
378
376
407
435
433
428
419
422
434
399
380
375
360
335
322
298
278
277
248
223
196
190
164
160
127
80
63
28
0
-18
-36
-64
-92
-129
-148
-154
-183
-199
-200
-227
-238
-245
-269
-294
-312
-341
-384
-402
-424
-448
-428
-452
-459
-444
-455
-451
-451
-430
-428
-413
-406
-370
-363
-376
-348
-332
-335
-330
-312
-301
-293
-268
-245
-211
-180
-146
-110
-70
-45
-8
26
50
76
103
125
169
182
214
238
253
294
325
342
368
408
433
432
441
444
469
459
470
450
438
447
427
428
402
420
408
400
405
399
385
360
346
313
269
224
179
167
113
84
53
14
-3
-30
-72
-105
-115
-142
-173
-203
-226
-259
-285
-326
-350
-387
-411
-427
-442
-450
-462
-485
-483
-506
-504
-502
-495
-501
-507
-518
-541
-529
-541
-539
-522
-510
-494
-456
-429
-403
-382
-346
-344
-319
-291
-260
-230
-208
-209
-174
-157
-136
-87
-65
-36
7
43
83
134
165
199
251
267
285
316
330
353
359
343
362
389
412
436
463
476
467
488
504
515
519
516
512
505
466
437
420
402
370
371
365
339
310
299
290
255
230
202
174
130
86
54
3
-35
-95
-140
-194
-217
-253
-270
-302
-327
-333
-344
-351
-358
-378
-404
-433
-470
-468
-496
-512
-505
-511
-495
-449
-452
-423
-407
-412
-405
-367
-346
-325
-311
-291
-271
-254
-257
-249
-213
-205
-182
-128
-100
-70
-28
-13
19
64
86
121
159
155
171
180
209
227
242
281
295
334
365
412
442
461
463
492
504
508
508
493
527
516
495
492
481
493
490
494
495
503
498
486
478
456
443
437
396
358
330
302
255
203
186
147
151
98
85
57
10
-21
-64
-68
-121
-158
-178
-214
-248
-286
-332
-338
-368
-403
-405
-400
-399
-416
-416
-404
-405
-400
-406
-386
-424
-404
-401
-416
-402
-423
-391
-387
-345
-297
-256
-235
-207
-184
-142
-134
-125
-73
-62
-46
-46
-11
18
17
73
110
136
174
206
246
286
306
331
366
392
422
433
446
438
432
450
473
485
500
493
519
521
535
557
545
558
557
544
533
518
494
467
450
396
375
376
361
354
341
337
301
276
235
193
168
141
105
82
38
-19
-41
-73
-108
-127
-164
-159
-169
-192
-203
-223
-249
-282
-275
-285
-315
-322
-333
-349
-363
-353
-371
-336
-324
-327
-286
-280
-262
-234
-253
-236
-208
-202
-180
-167
-147
-141
-156
-140
-119
-96
-77
-51
8
35
62
87
99
117
115
128
175
200
196
202
216
239
255
285
309
346
369
381
380
388
403
416
432
437
462
474
471
482
469
457
475
470
482
495
488
483
476
465
453
428
413
407
392
369
352
324
300
253
216
226
180
160
136
113
97
25
-8
-56
-93
-97
-135
-160
-177
-202
-236
-265
-291
-305
-309
-288
-297
-316
-315
-327
-339
-358
-344
-337
-332
-317
-327
-321
-326
-329
-300
-279
-254
-235
-216
-183
-165
-170
-153
-142
-108
-62
-30
-2
26
43
54
69
69
96
147
176
215
238
264
290
304
334
354
355
398
421
431
466
461
453
475
492
503
509
519
514
493
474
456
434
423
399
409
404
407
393
386
364
335
324
295
291
277
222
199
177
137
128
118
86
88
75
51
39
25
-1
-28
-45
-55
-63
-74
-92
-131
-168
-182
-195
-197
-201
-214
-193
-195
-191
-205
-214
-215
-219
-210
-222
-212
-203
-211
-171
-178
-169
-145
-138
-80
-69
-51
-30
-11
-18
-1
25
50
81
83
97
91
102
99
129
153
178
209
238
269
285
290
281
296
282
299
333
317
309
305
301
310
312
300
329
346
360
377
387
377
370
352
333
341
330
288
287
275
244
235
221
201
198
194
191
197
187
180
148
123
97
47
52
30
-11
-32
-48
-83
-89
-108
-81
-51
-65
-64
-62
-66
-88
-85
-117
-114
-117
-139
-147
-150
-162
-178
-157
-145
-132
-85
-61
-36
-9
-19
2
5
8
16
10
22
30
34
46
57
82
116
139
167
200
228
254
253
254
254
246
245
272
282
259
274
245
249
262
260
299
303
321
322
318
308
286
286
270
248
244
212
198
179
146
123
112
110
110
113
118
138
112
97
79
56
39
-3
-20
-36
-95
-115
-129
-167
-166
-175
-179
-167
-162
-185
-191
-210
-220
-228
-252
-263
-272
-278
-295
-318
-307
-306
-326
-311
-274
-262
-264
-235
-249
-245
-245
-251
-245
-253
-253
-253
-260
-264
-261
-229
-232
-206
-186
-178
-145
-98
-95
-101
-81
-76
-49
-35
-46
-34
-54
-55
-49
-40
-23
-12
3
38
49
53
62
43
35
27
49
42
40
22
15
19
2
19
36
26
29
22
16
33
14
12
-7
-25
-23
-40
-48
-56
-68
-100
-105
-97
-121
-141
-133
-121
-130
-129
-139
-153
-165
-172
-176
-173
-189
-223
-242
-253
-270
-266
-255
-250
-246
-244
-229
-242
-242
-230
-239
-244
-246
-254
-244
-259
-271
-270
-271
-279
-271
-257
-243
-219
-213
-208
-205
-181
-187
-186
-186
-202
-168
-182
-168
-154
-136
-132
-100
-67
-62
-21
-19
-24
-11
-27
-9
14
-4
2
-7
-16
-18
-19
-16
-27
-15
-9
-4
-1
-22
-23
-14
-42
-66
-53
-78
-89
-87
-96
-98
-97
-97
-114
-127
-138
-143
-143
-149
-172
-168
-184
-204
-210
-209
-225
-245
-247
-251
-255
-262
-263
-255
-258
-264
-258
-238
-247
-245
-228
-228
-210
-221
-226
-215
-226
-221
-195
-205
-201
-191
-175
-163
-144
-127
-100
-87
-83
-73
-68
-63
-58
-46
-40
-15
-5
-12
-15
-1
-18
-4
1
-3
19
21
31
20
18
25
10
4
17
31
30
39
38
36
54
48
53
50
38
41
37
26
20
22
20
-1
8
4
-12
-9
-27
-30
-39
-40
-40
-58
-70
-85
-90
-106
-139
-159
-168
-184
-189
-210
-216
-212
-229
-224
-245
-258
-245
-257
-262
-252
-261
-279
-295
-295
-290
-287
-282
-252
-247
-252
-254
-241
-227
-228
-216
-221
-199
-183
-175
-145
-146
-144
-129
-139
-121
-91
-87
-78
-53
-51
-21
-7
-13
17
25
33
41
40
39
41
30
21
29
34
42
50
56
66
67
53
58
44
43
48
25
34
37
26
29
20
0
-3
12
2
1
-7
-32
-26
-49
-56
-42
-43
-66
-61
-75
-88
-79
-100
-105
-93
-104
-125
-120
-118
-134
-128
-138
-163
-153
-174
-192
-180
-187
-210
-214
-222
-212
-205
-196
-172
-172
-173
-172
-154
-141
-146
-146
-132
-140
-132
-107
-94
-104
-101
-80
-56
-32
-31
-29
-38
-49
-48
-67
-45
-31
-13
-5
9
27
46
56
71
86
100
119
137
150
152
172
163
162
180
175
171
183
194
187
188
177
172
168
160
166
171
150
142
134
101
119
122
110
97
87
77
67
42
33
31
10
-3
-27
-24
-40
-60
-80
-92
-99
-125
-120
-131
-138
-151
-163
-167
-155
-178
-157
-169
-182
-164
-168
-169
-173
-195
-208
-208
-220
-208
-206
-218
-217
-231
-223
-191
-203
-206
-195
-184
-162
-167
-165
-159
-155
-155
-146
-145
-144
-144
-135
-111
-113
-110
-80
-76
-53
-65
-69
-52
-45
-50
-30
-24
-33
-11
-2
13
14
24
36
61
90
89
87
101
108
120
130
115
106
135
123
121
106
96
104
89
91
81
59
58
75
93
92
89
84
71
67
66
47
6
-13
-39
-42
-40
-62
-84
-91
-85
-95
-107
-122
-121
-136
-153
-150
-145
-165
-172
-173
-162
-171
-187
-160
-172
-170
-159
-131
-123
-116
-72
-75
-55
-53
-54
-31
-31
-27
-15
-12
-5
0
5
31
36
47
72
88
62
68
86
72
83
72
74
61
55
70
73
87
82
92
113
99
98
115
120
121
136
124
156
158
134
161
175
155
178
193
184
177
180
172
207
209
208
219
235
221
201
216
175
169
145
123
141
129
144
156
135
116
112
96
96
71
57
56
44
44
22
7
-22
-39
-53
-76
-58
-79
-87
-78
-84
-99
-75
-85
-81
-66
-93
-109
-98
-94
-101
-91
-118
-108
-92
-105
-78
-63
-47
-18
-5
15
53
56
59
83
75
89
101
111
139
147
163
178
193
210
211
238
264
261
270
293
275
281
281
269
271
272
261
253
263
240
240
245
229
245
244
229
233
240
237
217
225
227
196
184
182
167
181
173
162
153
157
139
150
151
152
152
136
134
121
120
113
103
85
88
89
76
60
72
64
64
64
56
55
47
48
41
30
6
-6
-17
-38
-52
-47
-60
-69
-69
-64
-31
-43
-35
-22
-8
-4
1
2
3
6
-8
-23
-16
-8
0
7
-7
15
21
25
50
56
50
50
47
47
60
63
38
51
58
27
53
66
67
71
87
84
100
123
120
121
115
102
109
105
84
62
47
47
37
49
25
48
61
58
57
38
59
51
42
15
-8
7
-2
-1
15
12
0
13
15
17
24
28
22
6
27
29
7
18
9
-2
4
-6
-5
6
-18
-21
-3
5
8
10
11
15
31
26
15
27
35
27
12
12
8
17
17
21
28
20
45
62
65
79
73
73
82
79
72
76
95
93
108
101
97
123
122
129
147
156
153
167
172
172
167
158
145
141
138
124
131
111
93
109
98
99
92
74
96
110
98
115
90
73
82
64
61
54
71
35
21
40
37
35
31
46
47
56
46
39
34
28
32
19
32
47
47
43
46
39
35
57
52
56
91
95
75
76
63
65
40
42
38
21
23
6
15
11
0
6
9
8
12
13
-8
-10
-24
-30
-31
-51
-40
-55
-49
-52
-68
-47
-54
-36
-43
-27
-21
-30
-21
-16
-3
-14
-10
-13
-19
7
16
-6
18
21
25
56
56
70
88
82
93
103
89
105
99
88
113
125
119
126
115
102
113
119
143
151
134
131
145
152
141
130
132
150
143
129
124
124
106
108
105
107
128
140
139
148
154
139
151
154
149
143
136
127
129
118
118
113
102
115
130
128
114
126
110
112
102
98
106
104
111
112
89
92
81
71
87
90
94
95
100
94
108
124
102
84
76
62
52
34
40
54
22
23
27
29
16
13
17
5
-9
-23
-21
-13
-14
-38
-44
-64
-81
-80
-89
-85
-100
-108
-86
-86
-74
-64
-44
-41
-25
-15
13
-8
-1
18
4
11
17
18
28
42
43
63
72
73
86
99
87
102
106
84
82
86
69
55
60
52
48
70
61
61
71
83
67
87
86
76
88
74
82
76
44
46
48
37
54
49
51
51
54
67
58
62
59
88
94
70
79
56
47
42
31
46
23
4
10
15
24
38
13
19
25
9
28
13
2
7
7
-22
-35
-45
-44
-33
-42
-41
-36
-46
-51
-50
-32
-32
-29
-30
-42
-42
-40
-42
-34
-19
-9
3
0
-9
12
23
37
55
40
42
55
71
97
107
112
64
67
231
120
24
149
151
145
108
86
158
138
101
226
184
125
176
137
188
158
79
154
200
150
121
123
144
124
89
131
145
100
90
108
112
86
84
101
103
82
50
65
76
85
84
59
38
42
51
55
47
14
-1
-22
-21
-44
-53
-26
-35
-45
-47
-55
-53
-59
-52
-31
-31
-40
-48
-57
-52
-52
-26
-28
-18
-29
-29
-26
-38
-15
-12
14
-3
13
40
3
-15
9
51
66
56
52
41
66
76
87
102
81
75
100
96
130
161
153
144
133
161
156
173
175
183
222
223
204
229
234
239
244
224
251
249
248
242
229
231
232
224
208
192
166
159
128
114
124
106
63
41
50
43
39
19
9
-1
-18
-29
-31
-26
-68
-69
-79
-99
-89
-107
-95
-77
-93
-81
-70
-83
-91
-94
-84
-86
-78
-81
-95
-93
-84
-79
-75
-65
-88
-83
-53
-47
-45
-41
-42
-41
-17
-36
-17
-4
-19
-20
-14
-22
0
8
-19
-21
24
32
30
36
0
11
31
43
54
55
63
58
56
61
67
84
94
92
95
104
112
119
131
108
120
136
108
110
104
99
104
101
102
109
116
98
78
102
120
105
99
97
92
112
97
97
99
79
72
57
51
44
34
20
30
19
3
10
-1
-1
12
26
8
0
-17
-52
-57
-63
-74
-75
-74
-86
-88
-84
-71
-76
-67
-78
-63
-33
-52
-59
-46
-50
-64
-55
-55
-62
-58
-37
-10
-6
16
10
22
15
34
52
44
60
68
55
52
77
87
112
123
127
139
141
143
126
162
167
153
166
173
164
171
170
151
130
117
105
120
108
102
126
118
89
108
97
79
112
104
103
102
98
96
107
77
55
57
59
54
61
47
32
25
11
-3
10
2
-39
-35
-39
-52
-50
-64
-71
-74
-84
-86
-74
-77
-82
-65
-83
-79
-66
-76
-88
-80
-87
-89
-111
-133
-121
-135
-132
-124
-104
-97
-94
-82
-72
-80
-71
-61
-66
-54
-57
-55
-50
-51
-51
-25
-22
-10
15
9
39
36
25
36
52
55
63
71
75
79
83
103
95
112
98
129
141
128
144
126
153
155
156
150
152
138
115
103
95
94
101
90
78
72
50
69
76
64
48
57
40
33
42
35
22
8
3
-9
-16
-29
-35
-48
-59
-71
-76
-51
-55
-66
-75
-91
-111
-88
-100
-116
-128
-123
-116
-135
-124
-136
-113
-86
-85
-86
-68
-58
-62
-63
-79
-77
-81
-89
-97
-100
-98
-90
-85
-81
-54
-60
-46
-32
-37
-18
-4
8
8
-6
3
22
23
23
16
19
18
18
28
31
54
44
31
56
59
62
64
39
56
57
44
54
54
46
41
48
51
73
71
51
75
54
61
59
59
80
52
49
45
29
10
8
3
-3
-21
-19
-31
-52
-41
-75
-74
-84
-116
-109
-144
-154
-165
-162
-188
-183
-174
-197
-181
-183
-178
-185
-188
-180
-159
-159
-162
-158
-164
-183
-181
-177
-172
-160
-172
-177
-182
-174
-156
-152
-151
-144
-144
-139
-132
-130
-139
-150
-142
-139
-147
-120
-110
-116
-101
-83
-63
-48
-10
2
20
41
45
31
36
17
26
37
12
18
33
34
23
28
37
44
53
47
33
41
28
31
39
32
28
28
1
0
-13
-23
-24
-46
-50
-49
-59
-65
-69
-85
-103
-118
-108
-127
-152
-161
-168
-164
-179
-178
-176
-155
-149
-154
-130
-127
-125
-131
-138
-132
-134
-147
-136
-139
-129
-125
-139
-151
-137
-113
-100
-99
-91
-77
-71
-86
-88
-72
-73
-59
-76
-75
-67
-66
-52
-48
-38
-29
-25
-33
-34
-9
-12
-30
-21
-18
-37
-31
-54
-50
-29
-44
-42
-18
-24
-16
-25
-37
-16
-31
-45
-33
-24
-25
-41
-63
-60
-84
-108
-105
-115
-105
-109
-141
-128
-141
-128
-122
-133
-137
-144
-168
-161
-197
-197
-172
-206
-225
-216
-222
-220
-215
-236
-211
-208
-204
-205
-204
-200
-199
-185
-176
-174
-185
-189
-188
-161
-159
-142
-129
-136
-110
-106
-86
-77
-77
-72
-71
-54
-61
-70
-30
-45
-39
-39
-46
-22
-25
-33
-14
-9
-14
-1
2
1
-4
-12
-13
-8
-7
2
1
-3
-2
8
22
12
28
43
47
58
49
41
40
33
42
42
15
20
38
31
44
45
38
43
39
30
44
31
20
34
12
1
0
-21
-45
-35
-70
-81
-70
-91
-102
-90
-98
-123
-135
-153
-144
-148
-185
-190
-181
-183
-194
-200
-205
-206
-212
-208
-210
-195
-177
-194
-171
-161
-175
-171
-172
-175
-154
-175
-166
-158
-156
-120
-112
-108
-89
-75
-75
-80
-73
-64
-66
-69
-83
-70
-85
-83
-74
-76
-67
-66
-67
-47
-38
-38
-37
-46
-66
-70
-72
-75
-87
-93
-103
-109
-106
-117
-130
-116
-114
-109
-108
-121
-114
-123
-113
-114
-124
-135
-126
-137
-144
-157
-161
-158
-157
-151
-135
-135
-162
-140
-146
-166
-155
-156
-156
-156
-171
-161
-151
-167
-185
-193
-202
-204
-190
-202
-199
-201
-212
-205
-197
-196
-179
-182
-200
-201
-188
-199
-201
-190
-178
-156
-159
-140
-124
-110
-126
-111
-99
-95
-107
-88
-80
-67
-47
-67
-48
-58
-38
-28
-32
-24
-20
-4
-5
3
-2
1
3
27
18
22
29
34
52
51
58
54
70
59
45
45
42
58
70
70
77
78
79
69
77
67
49
38
45
56
62
72
68
71
69
45
53
31
8
35
7
-13
-23
-30
-53
-60
-67
-85
-90
-113
-120
-115
-120
-133
-137
-154
-154
-159
-157
-165
-177
-175
-186
-178
-191
-191
-182
-174
-173
-181
-153
-148
-148
-110
-113
-81
-75
-73
-63
-71
-51
-57
-38
-16
-14
11
32
47
62
74
74
78
85
96
101
105
94
91
107
106
113
107
110
111
99
108
101
99
100
86
84
88
66
57
61
45
27
27
25
15
32
13
-5
-10
-6
-16
-21
-30
-58
-36
-55
-52
-48
-80
-70
-63
-75
-79
-86
-85
-74
-75
-70
-62
-72
-85
-70
-78
-79
-85
-95
-89
-88
-90
-106
-115
-101
-93
-83
-72
-69
-58
-64
-56
-34
-33
-25
-29
-47
-10
19
23
14
15
24
27
32
13
23
22
33
45
48
49
43
53
60
51
63
62
65
60
66
67
79
84
65
78
62
61
70
67
58
58
66
63
91
70
76
74
77
85
87
93
82
85
65
68
63
60
70
54
68
59
37
34
21
9
8
-5
-14
-7
-14
-27
-37
-36
-49
-59
-74
-84
-116
-131
-144
-144
-150
-180
-193
-189
-192
-193
-196
-194
-197
-186
-184
-186
-179
-187
-179
-169
-163
-150
-148
-123
-110
-98
-74
-66
-55
-35
-14
-2
22
25
32
56
52
68
81
80
110
100
107
128
121
125
142
137
143
152
151
165
158
173
165
163
160
169
161
172
182
154
148
147
141
142
135
119
114
120
99
101
86
70
74
55
48
56
46
52
58
38
50
29
0
14
-9
-15
-2
-18
-17
-27
-39
-41
-57
-57
-50
-63
-72
-68
-62
-68
-78
-75
-72
-70
-88
-91
-92
-102
-99
-105
-101
-95
-83
-85
-89
-88
-83
-65
-56
-47
-51
-46
-45
-29
-15
-5
2
24
29
31
49
34
57
81
79
97
96
94
89
93
92
98
119
106
117
113
112
126
116
118
130
118
123
131
136
150
151
163
165
150
155
162
164
161
165
165
182
183
168
187
185
181
176
183
168
157
155
145
137
111
86
74
73
43
33
36
40
14
2
8
2
-4
-33
-42
-55
-77
-82
-96
-103
-98
-108
-139
-135
-125
-136
-147
-142
-157
-145
-142
-152
-129
-153
-145
-156
-153
-135
-134
-125
-86
-78
-86
-62
-68
-46
-28
-12
1
17
29
38
53
83
78
74
97
100
117
117
123
123
114
106
116
119
125
149
163
129
142
138
141
158
149
142
153
155
167
166
145
150
135
123
130
118
103
104
88
92
82
70
76
64
47
50
62
54
48
56
38
49
66
55
51
58
46
31
26
18
5
3
-9
-9
12
-16
-7
-10
-33
-27
-16
-31
-17
-22
-42
-38
-43
-24
-31
-22
-36
-35
-31
-33
-4
-3
8
7
12
19
20
36
18
21
46
48
65
90
93
117
113
117
134
123
137
142
143
140
127
140
109
106
122
130
133
129
140
156
161
157
174
165
162
166
169
164
180
172
158
177
168
167
169
164
159
147
129
129
140
130
143
135
116
110
120
98
88
73
71
58
52
53
32
31
14
24
18
-2
8
4
-13
-2
-5
-14
-16
-3
-23
-18
-14
-11
-18
-9
-24
-37
-22
-21
-43
-37
-46
-53
-39
-78
-58
-67
-60
-30
-34
-46
-27
-11
-13
4
-8
9
31
31
49
63
66
90
93
101
80
80
100
88
94
110
88
94
111
120
130
125
146
141
156
149
150
155
147
153
145
149
148
155
169
160
171
174
164
163
142
132
139
133
115
101
105
86
107
110
91
80
90
82
82
71
82
72
51
40
21
26
3
12
-1
-12
19
15
7
12
10
21
6
5
14
10
16
13
22
24
10
12
23
14
13
19
25
27
39
33
30
43
32
41
25
33
54
57
64
89
81
106
125
119
126
125
120
109
105
72
74
87
67
79
72
56
77
93
85
104
111
128
135
134
129
125
133
130
122
107
95
95
97
74
70
65
49
42
37
21
36
20
15
23
25
28
34
36
46
45
28
10
26
13
-10
5
0
-16
-21
-20
-41
-37
-45
-62
-72
-80
-67
-73
-71
-69
-67
-62
-60
-61
-58
-46
-36
-43
-46
-54
-45
-43
-43
-37
-49
-52
-59
-61
-56
-54
-51
-52
-44
-25
-31
-22
-12
-13
-1
22
36
42
46
49
63
51
53
58
39
44
42
45
59
56
56
53
46
56
64
86
71
59
73
81
80
76
68
46
59
33
21
23
22
13
-5
-13
-1
18
21
25
17
31
12
28
33
19
26
22
28
39
37
36
50
43
42
29
4
1
1
1
-13
-42
-34
-26
-33
-46
-39
-33
-39
-28
-55
-49
-39
-54
-60
-44
-54
-62
-55
-45
-43
-48
-31
-57
-52
-48
-72
-65
-45
-48
-44
-30
-39
-29
-29
-22
-2
-2
7
29
30
30
47
41
51
54
28
38
39
16
11
25
7
11
32
8
34
43
26
43
35
28
34
34
15
10
-7
-34
-13
-14
-16
-4
-32
-37
-16
-31
-44
