4
7
0
-10
-8
-4
-3
0
-3
-13
-8
-10
-23
-1
4
5
6
10
-3
-13
-32
-17
11
4
28
37
13
-1
10
2
-4
-11
-25
-21
-20
-36
-43
-42
-56
-81
-65
-71
-101
-108
-98
-88
-91
-79
-62
-57
-69
-59
-57
-58
-40
-44
-38
-12
-25
-15
-5
-24
-54
-59
-55
-33
-30
-31
-9
-20
-12
-29
-47
-31
-37
-51
-33
-22
-30
-20
-13
-18
-4
-6
-27
-16
-19
-32
-9
-9
-2
25
11
10
18
5
-7
-6
4
-14
7
6
9
8
-11
1
1
9
-9
-8
1
-3
-15
-1
-1
1
17
16
7
0
1
-5
10
23
11
6
4
-7
8
7
5
5
-10
-14
-7
0
-4
10
-13
-25
-18
-34
-33
-22
-34
-39
-13
-18
-9
31
38
37
53
45
50
59
68
83
63
59
62
49
49
50
56
69
66
66
63
66
59
50
36
7
-10
-29
-50
-30
-40
-55
-56
-70
-64
-49
-48
-42
-34
-43
-49
-57
-57
-63
-71
-82
-84
-82
-90
-100
-115
-127
-127
-118
-96
-63
-49
-39
-24
-16
-20
-24
-18
-18
-37
-43
-34
-54
-63
-55
-64
-70
-50
-47
-37
-36
-51
-44
-35
-42
-53
-50
-45
-62
-70
-80
-90
-78
-85
-92
-74
-66
-63
-51
-36
-41
-32
-13
-2
3
22
25
16
25
40
47
41
57
58
61
86
94
105
104
93
104
105
91
95
105
90
80
64
55
58
46
30
43
54
44
51
63
53
40
55
30
29
34
1
16
29
12
-1
-9
-14
-19
-39
-41
-42
-70
-72
-70
-62
-55
-30
-33
-33
-56
-6
6
-58
-37
-75
-37
-8
-54
-48
-94
-48
11
-102
-97
-96
-167
-109
-73
-101
-87
-102
-39
-97
-139
-70
-107
-118
-147
-153
-115
-98
-58
-80
-144
-120
-72
-69
-96
-116
-96
-102
-59
-18
-52
-55
-45
-49
-35
-62
-70
-57
-58
-75
-93
-56
-59
-43
-20
-67
-54
-47
-94
-73
-91
-86
-59
-74
-43
-62
-83
-66
-91
-86
-91
-90
-57
-51
-45
-42
-32
-25
-31
-17
-41
-36
-23
-30
-23
-38
-30
-20
-15
19
19
-6
14
4
-4
-16
-28
-27
-18
-8
-19
-28
-29
-46
-44
-40
-56
-33
-43
-69
-58
-88
-106
-108
-120
-113
-109
-129
-111
-109
-102
-87
-116
-104
-89
-108
-107
-92
-77
-69
-56
-49
-48
-56
-65
-46
-31
-21
7
16
5
20
-6
-1
10
-13
-8
2
-6
-3
-2
-26
-43
-42
-45
-40
-47
-61
-50
-69
-76
-80
-87
-56
-67
-71
-57
-73
-82
-71
-74
-67
-59
-75
-65
-73
-102
-95
-99
-111
-88
-104
-110
-100
-116
-132
-119
-140
-151
-153
-177
-166
-155
-159
-143
-121
-117
-112
-117
-150
-163
-163
-177
-172
-159
-170
-168
-155
-171
-162
-169
-196
-207
-203
-209
-195
-180
-165
-160
-145
-131
-129
-120
-126
-134
-125
-87
-94
-80
-30
-43
-42
-6
-24
-30
-11
-29
-18
5
5
13
39
40
65
81
61
67
78
44
40
47
28
49
34
15
21
11
-13
-19
-23
-35
-38
-40
-12
6
18
29
15
15
0
-16
4
4
-1
20
23
3
19
-6
-26
8
12
5
42
29
12
51
25
41
65
40
32
37
11
-7
3
-3
-1
17
3
-1
5
-18
-16
3
11
19
22
3
-1
0
-11
-4
5
-5
-3
26
41
24
37
44
21
23
9
10
44
37
8
25
26
11
26
18
-4
9
20
-6
-4
-18
-45
-39
-46
-59
-46
-26
-31
-45
-36
-52
-70
-54
-82
-80
-51
-67
-71
-54
-79
-102
-79
-102
-96
-82
-93
-86
-83
-103
-100
-86
-67
-61
-78
-81
-73
-56
-50
-49
-50
-45
-49
-26
-2
-33
-20
-6
-21
-14
-13
-28
-5
-19
-26
-7
-14
-37
-20
-16
-35
2
23
33
44
41
35
57
35
17
46
36
45
60
43
27
28
1
5
35
47
65
72
79
83
91
108
108
120
149
138
145
159
131
129
124
90
111
123
123
133
140
134
141
126
107
98
93
93
98
86
78
70
64
77
77
68
69
60
70
91
70
76
89
83
91
86
43
69
65
62
107
94
104
134
112
90
120
95
71
82
62
63
84
66
50
64
28
33
63
43
34
60
36
30
38
1
-3
40
27
32
58
24
16
38
25
3
28
25
6
16
25
41
27
30
47
44
26
38
33
40
40
36
62
43
34
54
66
64
66
43
25
48
16
31
60
42
49
46
25
42
55
34
68
78
58
73
85
42
62
69
46
78
67
53
85
61
48
68
73
93
114
115
128
114
94
116
108
95
107
105
100
102
64
60
84
79
58
66
69
57
56
61
79
95
73
87
94
77
69
55
50
52
52
43
64
71
68
77
79
68
84
90
78
98
96
92
108
104
100
88
106
104
104
153
132
141
169
144
141
142
150
186
174
185
152
154
166
170
177
175
190
199
197
172
156
179
177
167
154
139
132
133
142
123
104
128
154
149
141
112
100
119
125
115
104
97
94
121
109
100
119
136
111
106
89
64
89
97
95
103
99
107
122
104
92
108
119
114
130
112
104
124
108
107
125
112
99
117
103
83
69
56
60
68
64
73
99
94
99
88
88
92
73
76
97
102
96
113
109
98
110
96
98
120
111
103
107
96
105
101
89
100
84
83
79
84
75
91
103
95
75
59
58
52
46
49
51
49
54
45
58
67
55
71
81
58
56
53
33
22
50
63
65
91
75
65
92
71
57
68
56
45
48
41
27
36
30
35
61
55
60
73
88
98
85
90
81
76
70
80
104
100
89
91
92
94
81
70
63
84
86
77
93
94
102
100
81
67
83
72
55
65
69
68
84
86
78
94
82
59
94
95
70
84
77
89
96
95
96
101
77
64
80
75
96
97
86
95
109
102
126
120
121
126
120
124
127
113
101
116
96
109
102
90
108
107
96
94
73
73
92
65
59
82
89
96
121
111
93
107
85
77
71
42
26
28
17
3
-12
-3
-2
-30
-10
-24
-33
-4
-23
-40
-31
-39
-43
-25
-42
-51
-48
-59
-54
-39
-38
-45
-45
-70
-72
-82
-106
-89
-85
-80
-60
-61
-62
-70
-62
-48
-37
-35
-23
-26
-42
-29
-41
-50
-17
-27
-38
1
-14
-29
-10
-4
-4
11
2
-1
5
0
17
30
22
26
27
27
54
39
24
59
37
25
48
27
13
25
32
28
57
68
68
84
63
56
55
33
53
65
60
61
37
47
56
56
65
76
58
58
45
27
67
37
1
21
-6
-3
51
38
61
108
68
76
99
43
44
58
40
54
59
36
48
63
54
65
56
31
49
42
37
60
49
51
71
72
71
71
58
53
47
55
39
19
46
36
22
52
35
4
25
3
-5
27
6
-26
3
-4
-28
-10
-25
-31
-19
-29
-22
-6
-10
-16
-8
-8
-25
-30
-41
-57
-48
-29
-47
-32
-20
-48
-44
-39
-59
-66
-62
-106
-116
-85
-108
-85
-65
-94
-94
-80
-108
-105
-80
-91
-60
-41
-67
-77
-63
-70
-62
-60
-74
-99
-78
-68
-83
-54
-33
-38
14
26
-3
36
-2
-42
-6
-25
-26
11
-15
-16
-2
-31
-25
-5
-18
-15
-8
-26
-37
-35
-57
-49
-30
-41
-36
-13
-24
-32
-27
-25
-27
-20
-20
-38
-28
-41
-72
-55
-48
-68
-47
-37
-47
-22
-18
-25
-7
-18
-43
-30
-31
-48
-65
-59
-61
-57
-58
-47
-45
-40
-44
-49
-58
-63
-66
-101
-85
-109
-105
-93
-111
-105
-103
-114
-110
-111
-110
-94
-108
-96
-87
-98
-93
-89
-112
-113
-135
-165
-152
-154
-174
-153
-144
-140
-117
-104
-109
-81
-78
-97
-64
-48
-81
-67
-50
-90
-78
-68
-109
-99
-89
-140
-130
-117
-130
-120
-90
-71
-79
-89
-83
-85
-102
-116
-132
-149
-137
-147
-173
-158
-170
-170
-146
-126
-127
-106
-123
-121
-105
-124
-104
-80
-88
-75
-84
-101
-78
-84
-104
-57
-67
-91
-16
-8
-4
49
37
21
44
-5
0
32
19
3
15
-17
-27
-19
-26
-15
-6
15
40
32
26
35
25
48
68
69
95
79
47
43
24
-3
-6
5
6
15
-12
-12
14
-5
6
35
45
57
52
24
2
10
9
10
24
21
5
0
-8
-15
-19
-14
-21
-22
-7
-19
-36
-41
-72
-86
-79
-107
-113
-108
-121
-131
-104
-99
-97
-55
-60
-57
-29
-45
-34
-25
-41
-64
-53
-69
-99
-79
-83
-102
-87
-72
-81
-68
-66
-80
-79
-65
-73
-63
-63
-67
-70
-75
-76
-86
-95
-97
-94
-87
-94
-103
-98
-112
-109
-111
-105
-80
-68
-54
-64
-79
-78
-66
-57
-44
-52
-69
-73
-87
-85
-73
-79
-74
-35
-48
-44
-35
-45
-36
-20
-20
4
34
19
30
23
1
6
5
20
36
18
-1
-2
-21
-27
-9
-14
3
15
6
8
7
-29
-30
-24
-48
-37
-40
-56
-36
-50
-68
-57
-68
-72
-44
-45
-45
-34
-49
-47
-41
-44
-45
-56
-74
-69
-62
-28
-2
-4
22
37
17
20
34
36
62
72
38
34
23
-8
-5
-31
-49
-51
-58
-62
-66
-73
-68
-44
-35
-32
-4
8
0
7
-9
-30
-25
-25
-31
-15
-32
-49
-9
1
-22
-15
-16
-47
-33
-30
-42
-30
-28
-51
-57
-68
-114
-132
-127
-145
-149
-136
-122
-116
-105
-102
-93
-105
-120
-121
-128
-129
-124
-115
-132
-138
-129
-148
-154
-139
-142
-109
-91
-90
-78
-78
-83
-74
-57
-63
-55
-65
-69
-52
-49
-57
-39
-31
-43
-41
-33
-32
-24
-26
-22
-9
-22
-30
-19
-31
-46
-28
-43
-62
-60
-74
-71
-52
-45
-42
-48
-35
-37
-30
-31
-19
-11
-3
20
26
52
60
48
53
58
48
56
61
62
70
74
65
67
78
67
71
54
57
48
32
33
47
48
45
42
42
45
38
12
10
33
22
40
66
55
38
30
38
60
53
37
26
29
18
2
19
2
0
21
5
-1
26
-8
-30
19
12
8
46
29
3
4
-6
-19
10
41
39
39
63
71
56
65
52
29
28
19
14
47
55
37
11
-3
-14
-13
-16
-55
-68
-86
-91
-65
-75
-69
-79
-93
-88
-101
-97
-96
-87
-90
-61
-35
-16
-17
-25
-44
-42
-32
-22
-1
-7
-28
-38
-40
-28
-19
-27
-40
-54
-46
-41
-33
-23
-3
-12
-31
-20
-24
-41
-42
-79
-79
-59
-84
-68
-64
-78
-79
-81
-84
-78
-58
-58
-50
-33
-53
-45
-28
-27
-17
-19
-21
-26
-17
-1
0
13
34
41
27
18
-5
2
24
30
39
42
31
36
30
22
17
-5
9
19
26
31
13
0
-14
-28
-12
15
20
19
23
-12
-13
9
-1
3
-11
-36
-15
6
4
11
1
7
13
23
33
37
22
14
19
10
28
30
10
17
6
12
23
11
23
28
31
41
39
43
54
28
36
45
47
54
54
36
32
38
20
28
45
13
21
23
-1
11
6
7
2
-23
-31
-31
-47
-45
-44
-43
-40
-41
-61
-83
-76
-82
-81
-68
-77
-80
-89
-86
-91
-79
-62
-72
-75
-62
-58
-60
-60
-84
-94
-96
-88
-85
-54
-48
-68
-44
-49
-36
-26
-25
-25
-36
-55
-59
-37
-39
-40
-37
-57
-55
-46
-40
-27
-33
-41
-20
2
12
31
42
44
44
50
34
52
46
33
60
39
26
47
28
38
56
45
35
31
18
-4
16
29
34
50
35
25
14
-7
15
20
20
10
1
-4
1
15
12
34
56
67
76
57
56
67
67
60
56
74
67
34
44
32
19
26
27
52
80
83
82
85
73
72
68
71
59
3
-15
-13
-24
-9
10
-10
-9
-17
-41
-36
-29
-44
-46
-50
-56
-47
-36
-45
-50
-79
-73
-52
-64
-68
-82
-86
-88
-93
-90
-63
-63
-62
-64
-74
-88
-113
-122
-131
-145
-143
-127
-110
-108
-122
-136
-124
-114
-94
-85
-68
-74
-84
-104
-89
-93
-80
-56
-68
-65
-61
-51
-54
-52
-77
-99
-85
-89
-89
-60
-71
-99
-91
-76
-79
-71
-57
-75
-79
-73
-70
-50
-54
-76
-70
-76
-90
-100
-99
-81
-75
-86
-94
-110
-129
-134
-135
-133
-153
-152
-157
-161
-146
-131
-119
-128
-131
-119
-101
-78
-66
-63
-64
-63
-56
-22
2
-4
-17
-31
-47
-42
-24
-30
-23
-28
-38
-13
18
20
33
59
30
30
30
30
41
35
27
15
-13
-33
-25
-23
-26
-26
-23
-31
-34
-29
-23
-4
-9
-37
-46
-57
-52
-34
-40
-33
-42
-53
-44
-22
-23
-17
-17
-44
-41
-21
-13
5
24
18
33
52
47
54
58
55
57
28
34
58
57
63
52
44
50
59
57
59
56
46
56
58
36
28
23
22
22
30
36
32
42
66
73
59
75
79
69
69
64
64
62
49
47
54
30
31
43
34
19
11
14
25
9
21
26
10
27
9
6
19
11
-7
16
21
6
39
11
1
29
13
28
64
56
62
76
80
96
101
92
90
84
73
72
64
68
71
66
87
97
88
111
123
92
89
93
89
104
89
84
86
78
87
84
69
73
68
57
63
49
47
71
59
47
48
36
45
34
29
39
33
34
26
14
-4
-12
-18
-31
-14
-6
-4
24
53
50
42
43
40
49
71
93
92
74
62
65
55
56
34
25
7
-8
23
27
24
32
19
18
22
23
35
36
46
23
-1
-3
-5
1
12
5
7
16
8
-10
2
3
-21
1
18
23
35
39
46
43
31
35
35
26
20
24
2
-17
-1
-2
0
14
8
19
13
-11
-7
-3
2
16
19
-7
-34
-20
-20
-20
-6
11
-8
-14
9
17
31
42
29
31
28
30
47
65
79
78
54
43
42
47
51
54
56
60
53
53
52
48
41
61
39
14
25
25
42
29
32
42
25
17
19
10
7
2
2
7
1
5
7
6
-9
-14
-22
-19
2
1
2
-6
-21
-29
-18
6
25
24
23
19
20
39
32
50
53
45
17
29
33
25
59
46
21
11
13
16
30
42
39
42
46
44
55
63
57
62
61
39
33
35
30
32
31
24
26
27
40
61
48
31
36
32
32
32
37
40
15
11
-1
-1
-3
-9
-18
-16
-9
-7
16
24
38
25
17
23
34
40
49
52
34
25
16
34
50
56
49
47
10
-8
-14
0
14
12
14
9
-8
-11
-12
-14
-19
-19
-24
-31
-15
-8
25
33
28
32
35
17
31
26
0
-17
-26
-43
-45
-47
-61
-56
-81
-110
-107
-112
-110
-101
-93
-114
-116
-119
-117
-101
-93
-100
-98
-95
-97
-102
-93
-84
-79
-61
-56
-48
-33
-41
-45
-24
-17
-7
16
21
11
-9
-6
4
5
5
0
-6
-16
-9
5
27
32
19
30
47
55
65
77
65
62
66
66
69
51
28
24
6
-6
8
6
-4
-12
-1
6
19
9
20
30
16
11
2
-2
10
21
24
31
28
31
41
27
18
15
18
19
34
16
27
18
1
21
13
20
24
3
-5
-7
-25
-21
-9
-18
-13
-7
-13
-24
-19
-36
-43
-32
-17
-16
-7
-4
-5
-12
-13
-18
-16
3
14
1
2
12
-3
10
15
3
-5
-24
-31
-41
-43
-48
-46
-54
-60
-59
-58
-30
-22
-19
-14
-31
-11
-9
-8
-14
-22
-31
-17
-2
7
2
-14
-24
-32
-49
-33
-31
-54
-37
-52
-43
-35
-25
-10
-26
-47
-66
-58
-60
-63
-42
-48
-36
-32
-26
-3
24
17
24
45
41
47
71
67
48
52
47
47
54
43
50
72
72
82
94
102
88
89
93
75
86
68
70
88
82
83
94
76
47
53
69
84
101
102
99
84
73
81
90
96
112
107
91
72
62
61
56
56
33
53
58
68
83
83
81
70
78
84
99
75
55
53
57
54
46
51
38
29
32
55
71
72
79
77
67
62
67
101
90
70
58
49
57
48
55
59
38
37
56
52
57
54
41
32
34
39
44
46
25
2
-1
-16
-14
-18
-10
-2
-14
-33
-19
-20
-42
-35
-41
-44
-40
-34
-35
-30
-36
-7
1
-20
-38
-38
-35
-41
-35
-26
-14
-7
-12
-12
-24
-38
-43
-39
-19
-14
-6
11
-13
-24
-25
-32
-49
-39
-30
-42
-19
-20
-28
-23
-22
-27
-26
-14
-19
-29
-22
-35
-37
-43
-46
-34
-36
-32
-41
-54
-54
-44
-24
-11
-11
-3
-19
-25
-24
-16
2
9
9
22
29
11
28
28
13
15
12
20
34
66
75
57
71
81
92
95
56
55
35
7
4
9
21
20
31
10
-10
3
-4
-8
-11
-17
-19
-39
-43
-29
-11
-3
-1
0
-28
-29
-13
-37
-31
-21
-29
-31
-41
-56
-71
-64
-70
-88
-75
-70
-75
-75
-98
-129
-139
-148
-146
-133
-106
-119
-121
-118
-154
-159
-159
-154
-150
-152
-143
-129
-121
-105
-98
-88
-94
-100
-91
-86
-78
-54
-42
-44
-52
-45
-63
-35
-27
-44
-14
-3
-1
36
43
37
62
50
51
76
66
54
59
45
27
33
44
36
43
46
39
22
0
-10
16
37
14
5
-18
-52
-68
-63
-53
-41
-40
-56
-41
-28
-23
-18
-3
-12
-26
-8
-8
5
15
-2
-6
-5
-21
3
29
17
0
4
-6
-12
11
21
25
-4
-34
-31
-18
-21
-20
-25
-44
-57
-39
-21
-23
-26
-54
-82
-72
-53
-54
-35
-32
-49
-36
-11
10
18
12
-9
-16
-10
-9
-7
12
-6
-28
-13
-29
-40
-29
-34
-40
-26
-9
10
24
17
15
8
-5
3
38
46
16
20
-9
-41
-16
-23
0
47
18
15
53
30
14
37
19
3
41
39
28
59
61
63
84
77
59
86
87
63
73
73
68
84
79
70
72
45
18
30
58
49
56
55
31
24
-6
-7
13
2
-22
-51
-65
-73
-80
-72
-97
-97
-91
-109
-108
-122
-133
-138
-143
-158
-162
-162
-182
-190
-186
-195
-197
-178
-171
-172
-166
-185
-203
-171
-198
-199
-169
-182
-192
-181
-194
-197
-165
-156
-150
-131
-115
-104
-73
-76
-59
-42
-39
-24
-19
-11
1
-9
-6
-13
-6
27
49
113
144
154
171
183
185
215
230
224
236
256
260
273
304
296
314
316
292
304
330
305
301
313
289
295
319
320
287
281
276
246
246
245
232
244
210
195
200
186
175
169
163
148
145
135
100
90
89
66
60
64
38
26
12
-18
-22
-35
-54
-69
-113
-172
-185
-220
-261
-293
-340
-379
-419
-448
-464
-487
-489
-504
-497
-489
-507
-514
-509
-520
-521
-504
-507
-505
-495
-487
-469
-447
-427
-411
-380
-356
-360
-335
-328
-332
-284
-258
-228
-196
-196
-138
-62
-44
5
69
103
161
202
246
300
321
340
365
428
468
481
520
541
564
620
636
668
709
726
749
768
817
841
882
921
921
933
943
952
977
979
978
979
973
954
935
910
874
830
790
732
642
552
464
355
265
135
-13
-161
-316
-456
-633
-765
-891
-1038
-1176
-1302
-1373
-1413
-1487
-1528
-1569
-1598
-1592
-1554
-1473
-1404
-1330
-1257
-1183
-1078
-975
-846
-741
-694
-614
-506
-422
-313
-208
-161
-101
-54
-7
61
108
121
122
112
115
126
129
83
43
3
-71
-102
-113
-128
-122
-113
-107
-56
-18
27
81
119
130
141
144
139
135
152
158
181
185
163
210
280
334
390
463
521
607
716
777
867
958
1008
1120
1260
1390
1530
1656
1740
1808
1902
1979
2023
2056
2025
1953
1863
1760
1631
1488
1251
972
691
400
148
-88
-348
-607
-870
-1119
-1296
-1414
-1522
-1636
-1718
-1812
-1864
-1844
-1814
-1805
-1768
-1759
-1719
-1635
-1563
-1470
-1363
-1291
-1245
-1132
-969
-816
-657
-527
-448
-318
-199
-93
62
179
270
323
360
408
443
474
454
427
451
398
335
322
271
207
124
38
-38
-100
-159
-199
-217
-257
-282
-259
-249
-259
-224
-271
-331
-365
-425
-462
-482
-513
-535
-559
-567
-549
-528
-498
-518
-484
-413
-354
-246
-140
-26
77
177
305
415
564
725
846
1006
1126
1251
1404
1516
1673
1822
1950
2094
2213
2281
2351
2400
2436
2457
2406
2313
2186
2032
1861
1660
1426
1130
836
540
229
-20
-291
-610
-900
-1182
-1380
-1535
-1688
-1822
-1973
-2046
-2108
-2144
-2083
-2055
-2033
-1981
-1946
-1857
-1734
-1622
-1503
-1399
-1310
-1187
-998
-783
-619
-433
-272
-158
49
233
397
587
656
698
761
777
794
797
771
724
659
601
527
478
423
301
192
80
-35
-95
-150
-210
-242
-305
-300
-279
-259
-200
-183
-221
-263
-290
-303
-335
-351
-372
-403
-407
-414
-394
-366
-343
-308
-269
-207
-140
-42
78
179
302
443
562
737
934
1098
1266
1405
1583
1755
1919
2097
2221
2362
2476
2550
2672
2739
2728
2666
2517
2367
2195
2002
1770
1451
1069
634
228
-102
-449
-777
-1106
-1506
-1787
-2021
-2194
-2291
-2433
-2597
-2696
-2727
-2678
-2589
-2511
-2462
-2405
-2280
-2118
-1894
-1607
-1406
-1235
-1104
-956
-675
-431
-230
-68
85
264
455
679
881
1021
1117
1106
1139
1251
1310
1325
1272
1140
996
873
783
693
565
410
199
37
-57
-151
-217
-276
-405
-495
-502
-479
-358
-258
-238
-247
-236
-235
-204
-159
-236
-369
-491
-593
-569
-520
-518
-513
-529
-568
-482
-375
-266
-177
-124
-62
31
195
375
569
719
840
1013
1214
1438
1709
1913
2074
2237
2406
2601
2788
2894
2966
2946
2855
2718
2588
2440
2182
1800
1357
887
460
65
-369
-789
-1203
-1612
-2003
-2238
-2383
-2496
-2569
-2688
-2795
-2768
-2680
-2553
-2431
-2377
-2324
-2201
-2000
-1764
-1503
-1244
-1105
-952
-786
-544
-210
29
195
381
538
724
967
1191
1334
1372
1340
1315
1363
1418
1389
1287
1122
911
760
650
456
233
-16
-292
-499
-636
-762
-855
-957
-1130
-1275
-1277
-1215
-1111
-988
-893
-779
-657
-560
-431
-317
-332
-422
-566
-715
-817
-830
-846
-824
-734
-659
-516
-331
-202
-122
-46
46
209
417
604
780
950
1104
1270
1494
1721
1994
2251
2419
2598
2846
3052
3243
3396
3437
3494
3486
3364
3194
2980
2698
2302
1837
1262
684
213
-349
-938
-1436
-1924
-2421
-2807
-3114
-3278
-3352
-3439
-3484
-3466
-3356
-3163
-2967
-2759
-2597
-2425
-2154
-1835
-1557
-1308
-1034
-768
-628
-444
-118
202
422
563
783
1052
1274
1477
1715
1858
1854
1753
1724
1734
1629
1456
1235
933
624
368
170
-41
-385
-698
-929
-1081
-1237
-1367
-1385
-1471
-1637
-1673
-1548
-1380
-1223
-1095
-881
-636
-482
-289
-55
76
17
-118
-217
-390
-583
-730
-877
-972
-1049
-1038
-850
-685
-577
-418
-245
-91
100
398
694
895
1033
1199
1492
1800
2020
2337
2647
2846
3071
3301
3597
3837
3958
3971
3988
3953
3731
3425
3090
2635
2035
1389
685
40
-626
-1399
-2159
-2683
-3149
-3579
-3858
-3911
-3963
-3963
-3830
-3580
-3276
-2962
-2596
-2160
-1847
-1639
-1234
-763
-477
-318
-49
294
474
534
737
1084
1249
1225
1393
1688
1803
1786
1882
1991
1900
1726
1634
1610
1334
886
582
331
-129
-626
-835
-1044
-1464
-1821
-1908
-1935
-2059
-2219
-2121
-1891
-1935
-1985
-1634
-1338
-1218
-1041
-703
-350
-237
-174
48
191
58
-65
22
23
-269
-458
-530
-677
-905
-1046
-936
-793
-799
-577
-112
221
494
881
1417
1817
1982
2226
2543
2820
2948
3198
3631
3843
3898
4057
4276
4380
4368
4345
4411
4241
3796
3274
2782
2088
1154
246
-529
-1441
-2478
-3399
-4129
-4765
-5361
-5708
-5764
-5671
-5583
-5295
-4745
-4161
-3680
-3058
-2285
-1603
-1074
-566
8
448
596
792
1111
1311
1336
1385
1541
1672
1678
1715
1971
2158
2062
1992
2102
2040
1772
1553
1397
1092
631
116
-252
-611
-1195
-1549
-1711
-1982
-2292
-2317
-2128
-2023
-1971
-1800
-1478
-1185
-1141
-887
-469
-262
-284
-199
48
86
-27
-81
-121
-269
-501
-555
-455
-566
-790
-867
-856
-957
-1084
-989
-825
-814
-717
-336
170
624
1015
1578
2182
2612
3001
3518
4085
4401
4643
4962
5232
5369
5373
5447
5501
5230
4956
4747
4387
3605
2638
1654
708
-416
-1606
-2664
-3764
-5023
-6151
-6768
-7186
-7670
-7843
-7618
-7195
-6679
-5997
-4849
-3754
-2888
-1979
-872
164
857
1422
2033
2320
2182
2122
2276
2242
1927
1657
1638
1552
1360
1347
1554
1546
1191
963
1055
910
582
346
79
-301
-863
-1232
-1327
-1578
-1951
-2020
-1824
-1778
-1720
-1297
-711
-403
-247
73
531
779
755
815
840
465
18
-262
-498
-906
-1455
-1757
-1965
-2248
-2476
-2353
-2169
-2210
-2134
-1812
-1465
-1197
-931
-489
-15
311
707
1386
2077
2524
3008
3632
4171
4614
5102
5590
5925
6001
6085
6290
6404
6358
6263
6120
5634
4985
4416
3645
2527
951
-471
-1750
-3156
-4615
-5942
-7020
-8028
-8884
-9177
-8995
-8592
-8049
-7231
-6077
-4875
-3478
-1974
-526
552
1360
2171
2983
3328
3346
3216
2886
2381
1804
1356
1078
658
139
-280
-430
-514
-522
-442
-489
-621
-738
-811
-729
-743
-884
-1042
-1221
-1328
-1137
-762
-426
-77
297
772
1349
1851
2255
2560
2636
2474
2167
1782
1168
461
-456
-1475
-2387
-3166
-3750
-4170
-4521
-4671
-4626
-4362
-3927
-3304
-2610
-1900
-1257
-591
88
764
1336
1766
2091
2390
2635
2909
3164
3501
3832
4042
4325
4519
4832
5171
5407
5576
5715
5919
6127
6156
6080
5778
5313
4680
3870
2884
1565
-251
-1886
-3319
-4654
-6090
-7405
-8236
-8730
-8999
-8905
-8271
-7188
-6164
-4994
-3529
-2093
-644
524
1479
2044
2188
2303
2467
2155
1429
702
225
-396
-1054
-1376
-1368
-1474
-1858
-2088
-1686
-1277
-1233
-1265
-1214
-1298
-1455
-1376
-1127
-1001
-995
-754
-225
350
1016
1997
2929
3421
3725
4288
4763
4702
4189
3622
2776
1441
-128
-1415
-2512
-3876
-5221
-5997
-6267
-6309
-6045
-5401
-4539
-3743
-2810
-1637
-414
543
1242
1852
2221
2259
2336
2494
2434
1985
1630
1535
1473
1414
1580
2002
2441
2666
3081
3813
4496
5013
5517
6110
6588
6943
7180
7298
7055
6459
5861
4977
3506
1553
-333
-1989
-3682
-5320
-6899
-7924
-8578
-8950
-8814
-8235
-7325
-6108
-4775
-3307
-1938
-529
691
1506
1812
1796
1692
1588
1117
298
-561
-1327
-1954
-2417
-2703
-2796
-2794
-2898
-3028
-2891
-2488
-2168
-1988
-2056
-2140
-2038
-1696
-1242
-682
-137
549
1503
2517
3524
4527
5320
5692
5705
5464
5145
4552
3401
1822
132
-1674
-3328
-4640
-5638
-6338
-6769
-6846
-6275
-5227
-3967
-2702
-1371
-189
802
1774
2604
3149
3175
2845
2463
2082
1645
1220
835
494
160
3
128
547
981
1486
2064
2772
3444
4282
5193
5884
6281
6694
7160
7840
8278
8424
8082
7598
6743
5365
3191
557
-1692
-3594
-5560
-7764
-9376
-9952
-9930
-9918
-9252
-7717
-5621
-3736
-1654
358
2213
3494
4423
4717
4315
3341
2501
1440
-372
-2421
-3722
-4336
-5267
-6289
-6497
-5960
-5813
-5968
-5580
-4434
-3704
-3530
-3190
-2439
-1852
-1253
-206
1062
1954
2760
4112
5492
6247
6559
7038
6966
6061
4772
3852
2709
545
-1882
-3633
-5061
-6620
-7618
-7489
-7030
-6657
-5742
-3939
-1870
-391
930
2364
3361
3576
3649
3713
3253
2107
1059
382
-346
-1116
-1384
-1313
-1413
-1459
-858
82
743
1196
1980
3045
3666
4081
4720
5560
6025
6152
6654
7685
8542
9109
9327
9059
8429
7269
5107
1714
-1882
-4545
-6517
-8910
-11437
-12489
-11663
-10411
-9243
-7052
-3700
-428
2027
4339
6504
7832
8026
7406
5889
3568
1113
-844
-3030
-5834
-8121
-8686
-8505
-8898
-9054
-7851
-6428
-6214
-6272
-5261
-3821
-3344
-3382
-2811
-1685
-735
492
2379
4020
4933
5982
7369
8163
7564
6541
5781
4175
1710
-440
-1865
-3538
-5614
-6914
-6990
-6705
-6287
-5097
-2997
-1524
-684
685
2369
3169
3039
2999
3181
2580
1575
956
689
168
-658
-949
-870
-930
-964
-671
-326
-472
-520
113
549
491
652
1623
2611
3170
3976
5410
6906
7990
8961
10418
11543
11642
10711
9513
7636
4291
-147
-4861
-8379
-10402
-11707
-12987
-12956
-10893
-7551
-4329
-1124
2172
5533
7826
9026
9261
8968
7864
5985
3451
549
-2031
-3519
-4314
-5831
-7458
-7597
-6681
-6749
-7618
-7781
-7290
-7792
-9024
-9193
-7606
-5983
-4896
-3093
-112
2681
4987
7315
9187
9551
8442
7240
5603
3226
585
-1591
-3752
-6082
-7350
-6592
-5483
-4939
-4200
-2112
-172
676
1327
2409
2864
1902
826
850
1221
945
675
756
963
824
950
1328
1265
673
293
18
-450
-1035
-758
-474
-913
-1439
-1089
-40
529
905
2038
3516
4541
5532
7092
8927
9978
10332
10456
10617
9774
7883
6008
3160
-1303
-6141
-9813
-11360
-11470
-11535
-11093
-8747
-5012
-1283
2290
5271
7584
8777
9062
8771
7658
5912
4089
2222
-31
-2149
-3198
-2876
-2899
-4485
-5931
-5780
-5860
-7256
-8896
-9458
-9610
-10190
-10362
-8365
-4947
-1983
593
3561
6160
7887
8893
8772
7137
4122
1316
-701
-3034
-5477
-6583
-6445
-6330
-6037
-4349
-1675
190
591
1237
2274
2133
1273
1045
1137
560
-360
-356
786
1537
1884
2472
2954
2806
2410
2342
2215
1459
546
156
-158
-823
-1025
-671
-656
-1151
-1175
-365
795
1704
2843
4717
6135
7061
8065
9228
10036
9871
9125
8013
6453
4197
1785
-1369
-6089
-10613
-12941
-12791
-11497
-10325
-8172
-4183
1
3127
5931
8286
9350
8831
7420
6099
4674
2869
1467
494
-716
-1630
-1630
-1095
-1491
-3203
-4565
-5244
-6638
-8562
-9405
-9303
-9186
-8892
-7004
-3228
503
2994
5077
6984
7390
6523
5351
3619
607
-3137
-5706
-6683
-7166
-7405
-6698
-5135
-3806
-2525
-746
847
1247
818
557
177
-508
-806
-412
13
-183
-79
1144
2619
3099
3004
3108
3191
2878
2424
2280
2148
1764
1356
933
601
469
335
49
-496
-628
194
1624
3028
4517
6583
8236
9178
9856
10211
10236
9691
8116
6313
4163
1097
-1404
-4620
-9551
-13402
-14838
-13641
-10734
-9007
-6487
-1572
2358
5029
6983
7783
8356
7331
5104
4031
2748
1319
961
148
-827
-1273
-1488
-1035
-1931
-4426
-5723
-6104
-7043
-8036
-8055
-6406
-4544
-3509
-1301
2469
5349
6285
6205
5697
4537
2420
-187
-2628
-4994
-7053
-7947
-7724
-7212
-6335
-4837
-3457
-2759
-2334
-1422
-519
-620
-1120
-1079
-817
-815
-632
17
610
404
25
248
667
763
845
1250
1835
2205
2441
2781
2960
2671
1982
1304
604
-98
-251
-61
272
1162
2667
4769
6630
8546
10358
11784
12480
12345
11347
9982
8158
5797
3208
147
-2238
-5176
-9693
-13741
-15106
-13576
-10264
-8176
-5966
-1460
2909
5317
6383
6804
7118
5985
3604
2297
1395
272
-471
-1502
-2372
-2611
-2929
-3023
-3754
-5603
-6698
-6658
-6553
-6306
-5202
-2891
-765
377
2435
5573
7402
7306
6365
5124
3351
905
-1512
-3227
-4793
-6510
-7079
-6397
-5593
-4961
-4459
-3954
-3759
-4173
-3796
-2838
-2647
-2592
-2033
-1357
-839
-418
192
538
-206
-1176
-1231
-793
-496
-195
624
1766
2290
2184
2249
2257
1425
176
-862
-1503
-1569
-1030
68
1591
3335
5368
7808
9946
11575
12835
13634
13408
12551
11180
9814
7914
5267
2337
-384
-2838
-7225
-12942
-15591
-14917
-12338
-8692
-6408
-2307
3448
6265
7845
8298
7453
7026
3973
736
-244
-2414
-3176
-3007
-4740
-4713
-4422
-4949
-4564
-6268
-7870
-6964
-7029
-6663
-5441
-3631
-119
1473
2143
4992
6706
6685
6026
4399
3350
1639
-947
-1714
-2123
-2949
-2984
-2910
-2230
-1524
-2311
-2845
-3279
-4655
-5078
-4930
-4508
-3581
-3211
-2447
-1736
-1702
-792
-132
-618
-943
-1284
-890
-137
-46
635
1444
1333
661
-183
-367
-600
-1489
-1976
-2266
-1953
-742
429
2032
3821
5240
7337
9178
10399
11747
12660
13128
13309
12324
11842
10818
8355
5148
1458
-2149
-7682
-14344
-16653
-15796
-12548
-7443
-4185
1338
7690
9956
11250
10491
8481
6972
2537
-386
-1545
-4184
-3935
-3960
-5421
-4639
-5504
-6318
-6192
-8656
-9401
-8521
-7990
-5662
-4161
-1693
2224
2773
3367
4769
4006
3105
1212
-770
-1045
-2321
-2934
-1626
-491
1048
1614
1263
1897
1327
-605
-2041
-3806
-4963
-4997
-4941
-4070
-3118
-2383
-1416
-1782
-2232
-1265
-904
-675
-582
-599
900
1744
1435
1652
1494
690
-955
-2956
-3545
-3669
-3740
-3120
-1909
-242
1449
2685
4028
5029
5396
6245
7502
8791
9952
11281
12172
12652
12802
11686
9649
6770
2086
-2065
-7700
-14860
-17257
-16070
-12110
-5655
-1653
3672
10247
12146
12740
11460
8645
7117
2714
-425
-412
-2062
-1834
-1640
-3665
-3872
-6003
-8857
-9585
-12161
-12988
-11212
-9346
-4790
-997
2042
6314
6788
5855
5465
2656
152
-2722
-5593
-5500
-5573
-4868
-2172
-619
1312
2510
1767
2029
1143
-1013
-1605
-2549
-3224
-2484
-1734
-681
-698
-1809
-2037
-2787
-3892
-3736
-2931
-1176
553
1558
3449
5239
5164
3925
2142
490
-1227
-3641
-4691
-4315
-3908
-2590
-1025
320
1924
2485
2823
3499
3981
4991
6806
8942
10708
11870
12932
13460
13056
11013
7068
2453
-2305
-7909
-15275
-19825
-19047
-15293
-8519
-2141
2227
8566
12259
11954
10915
8579
7505
5987
2813
2752
3058
2896
3642
1250
-1593
-4158
-9198
-12894
-15659
-17389
-15235
-12191
-7497
-1532
2512
7146
9345
7251
5838
3558
254
-1982
-4469
-4797
-3624
-3440
-1787
-254
142
372
-1556
-2914
-2589
-3540
-3878
-2759
-1879
-316
624
902
907
-891
-3239
-4802
-5907
-5320
-3449
-1231
1859
4014
4945
5576
5218
4028
2252
-253
-1788
-2567
-2486
-997
33
940
1751
1095
516
345
7
1107
2567
4282
6985
9466
12145
14349
14944
15172
13726
10695
7290
1529
-3770
-8719
-16388
-20217
-19070
-15487
-8205
-2919
513
5776
7079
6704
6097
3641
4479
4837
3573
6076
7250
7480
8370
4692
534
-3494
-9300
-12537
-15576
-17042
-13737
-10741
-6637
-1394
1395
4795
5484
2601
1721
633
-439
-202
-965
266
1771
803
1088
563
-1276
-2185
-4477
-5982
-5076
-4398
-2732
-664
414
1354
808
-917
-2555
-4851
-6539
-6940
-6768
-4459
-680
2160
4409
5442
5070
4244
2347
496
-229
-857
-599
274
1276
2835
3358
2938
2235
515
-1062
-1682
-1315
393
2813
5654
8983
11839
14197
15525
15788
15077
13024
9542
4724
14
-4834
-11423
-16404
-16534
-13697
-8579
-4109
-1652
1410
3167
2246
992
-10
921
2842
3620
5500
7414
7731
7680
5227
772
-3511
-7624
-10428
-12373
-13209
-10672
-7193
-4204
-1788
-1043
-108
182
-1949
-3387
-3118
-1831
349
1609
2820
4276
4034
2822
817
-2011
-3758
-4421
-4728
-3753
-1963
269
1977
1764
649
-435
-2280
-4755
-7243
-8264
-7108
-5329
-3219
-110
2793
4409
4155
2659
1517
877
219
397
1561
3025
4080
4454
4330
3658
2499
847
-796
-1914
-1856
-463
1715
3905
6286
8482
10158
11297
12433
13573
13685
12405
8948
4719
918
-4600
-10852
-13114
-11438
-7727
-4231
-2156
144
1891
1262
-332
-1542
-1098
891
2765
4552
6373
7176
6890
5159
1791
-2402
-6356
-9187
-10864
-11426
-9587
-5935
-3015
-1676
-1420
-1721
-2595
-4383
-5596
-4759
-2962
-1235
557
2374
3517
3059
1172
-822
-3070
-5495
-6237
-4995
-2642
-264
1579
2931
3407
2165
226
-2092
-4413
-6084
-7083
-6843
-5055
-2829
-555
1014
1187
623
-251
-1066
-1168
-305
1389
3442
5027
5958
6581
6472
5490
4031
2807
2128
1532
1050
1548
2415
3210
4080
5011
6403
7845
8552
9343
10097
9548
7683
4777
891
-4368
-8840
-9821
-7057
-3458
-990
285
1380
1154
-1006
-3365
-4168
-3154
-997
1753
4591
6906
7569
6401
4040
303
-3805
-6508
-7907
-8536
-8066
-5934
-2340
372
601
-472
-1948
-4139
-6884
-8270
-6533
-2937
191
2069
3165
3413
2235
-75
-2430
-4612
-6275
-6575
-5143
-2871
-653
1244
2302
1988
253
-1979
-3845
-5156
-5933
-5536
-4091
-2398
-846
204
490
-73
-1335
-2410
-2920
-2843
-1695
379
2633
4456
5202
5622
5801
5110
4563
4507
4945
5871
6383
6975
7386
7022
6534
6562
7024
7173
7014
7239
7503
6183
3531
625
-2922
-7409
-10228
-9187
-4503
297
3221
4855
5656
4093
362
-3225
-4630
-3897
-1852
777
3268
4536
3936
1966
-764
-4287
-7059
-8032
-7938
-7643
-6586
-3383
671
2459
1704
34
-1736
-4202
-7136
-7550
-4566
-1243
913
2123
2669
2156
-267
-2981
-4484
-5343
-5284
-3927
-2036
-314
458
769
819
-693
-2771
-4345
-5707
-6368
-6111
-4754
-2533
-1096
-464
51
-453
-2034
-3277
-3239
-2295
-1437
-412
1520
2939
2666
1778
1668
2314
2684
2978
4425
6550
7863
8907
10018
10910
10898
9919
9410
9747
9967
10039
9824
8586
5934
2407
-1628
-6525
-10823
-11888
-8852
-4164
-279
2483
5016
6030
3752
218
-1356
-707
1199
3375
5601
7161
6224
2864
-1152
-5012
-8269
-9905
-9829
-9066
-8218
-6463
-3089
-42
713
-402
-2110
-3941
-6254
-7391
-5088
-867
2143
3321
3286
2459
471
-2524
-4809
-5671
-5688
-4481
-2036
441
1859
1843
1056
-200
-2135
-3742
-4487
-4978
-5248
-4836
-3342
-1331
-379
-607
-1106
-2142
-3611
-4259
-3463
-1861
-464
560
1760
2381
1916
1012
516
683
1101
1976
3827
5909
7214
7680
7952
8522
9025
9369
10092
10759
10955
10685
9941
8478
6384
3424
-372
-3991
-6046
-5521
-3001
-583
705
1464
2033
1628
-187
-1874
-2090
-757
1165
3157
5133
6343
5321
1993
-2203
-5672
-7195
-6786
-5774
-4715
-3773
-2650
-1518
-1166
-1484
-1832
-2510
-4089
-5730
-5913
-4393
-2661
-1812
-1710
-1774
-1876
-2348
-3191
-4051
-4701
-4963
-4369
-2702
-602
1148
1927
1479
60
-1380
-2139
-2392
-2645
-2772
-2635
-2282
-2160
-2235
-2022
-1833
-2152
-2715
-3102
-3115
-2902
-2559
-1984
-1330
-859
-536
-203
138
286
262
632
1619
2757
3974
5460
6909
7955
8561
8871
9185
9351
9290
9182
8900
8304
7365
6291
5348
5029
5238
5663
5996
5708
4774
3589
2783
2398
2267
1828
1010
254
-267
-509
-840
-1275
-2100
-3445
-5030
-6101
-6134
-5685
-5264
-5001
-4424
-3426
-2415
-1749
-1357
-1226
-1607
-2425
-2867
-2702
-2533
-2874
-3612
-4498
-5074
-5217
-5016
-4496
-4147
-3998
-3928
-3611
-2867
-2054
-1444
-1134
-1031
-1088
-1029
-1217
-1646
-1764
-1519
-1469
-1555
-1608
-1575
-1529
-1904
-2297
-2185
-2156
-2264
-2253
-1845
-1066
-399
-50
272
819
1169
1273
1541
2108
2610
2841
3293
4330
5619
6728
7464
8184
8705
8660
8261
7819
7186
6185
5372
5235
5638
6262
6192
5623
5071
4390
3600
3230
2697
1759
672
-476
-1117
-1247
-1578
-2494
-3648
-4907
-5805
-6057
-5750
-5418
-5132
-4775
-4150
-2965
-1493
-143
871
1150
772
565
882
1231
1079
364
-819
-2223
-3618
-4714
-5237
-5290
-5466
-5709
-5529
-4857
-3903
-2797
-1827
-1189
-1032
-1191
-1309
-1115
-922
-1135
-1415
-1516
-1484
-1507
-1487
-1610
-1569
-1644
-2319
-2954
-3238
-3232
-3104
-3048
-2907
-2436
-1971
-1328
-406
742
1835
2507
2759
3064
3599
4209
5002
5836
6835
7766
8388
8832
8800
8260
7117
5488
4332
3978
4276
4786
4922
4469
4086
3495
3055
3281
3212
2300
1323
501
335
606
253
-659
-1851
-3402
-4772
-5446
-5542
-5645
-6171
-6434
-6126
-5084
-3666
-2616
-1598
-798
-592
-113
925
1778
2221
2100
1352
570
-197
-908
-1623
-2331
-3296
-4422
-4998
-4853
-4437
-3870
-3308
-3087
-2781
-2493
-2224
-1545
-949
-684
-659
-835
-1104
-1271
-1420
-1677
-1768
-1783
-1865
-1965
-1961
-1869
-2010
-2206
-2606
-3101
-3256
-3136
-2746
-1887
-852
22
847
1505
2102
3091
4001
4815
5652
6549
7689
8808
9427
9461
8933
7532
6228
5298
4926
4957
4646
3841
2782
1962
1386
997
704
136
-603
-1069
-1007
-561
-180
-251
-955
-1759
-2513
-2818
-2748
-2941
-3447
-4114
-4459
-4181
-3482
-3064
-2817
-2437
-2187
-1779
-825
319
1254
1765
1724
1488
1276
1054
630
-19
-683
-1220
-1666
-1825
-1626
-1456
-1512
-1758
-2193
-2666
-3256
-3541
-3161
-2562
-1974
-1497
-1438
-1560
-1792
-2183
-2311
-2185
-2147
-2213
-2204
-1910
-1392
-1118
-1256
-1630
-1913
-2113
-2082
-1658
-870
-267
31
314
745
1552
2408
2961
3594
4408
5301
6370
7214
7489
7307
6507
5556
5357
5485
5743
5546
4516
3262
2217
1241
651
345
-398
-1246
-1863
-2014
-1585
-1160
-1402
-1905
-2348
-2668
-2554
-1969
-1453
-1493
-1602
-1680
-1457
-705
-210
-220
-487
-949
-1174
-729
66
772
1173
1194
900
679
385
75
-229
-766
-1406
-1743
-1625
-1324
-816
-435
-319
-573
-1214
-1883
-2373
-2642
-2636
-2512
-2461
-2637
-2745
-2964
-3099
-3225
-3435
-3503
-3402
-3158
-2557
-1659
-1003
-742
-925
-1311
-1429
-1270
-789
-119
372
661
902
1189
1753
2587
3296
3942
4572
5283
6226
7119
7532
7524
6858
5884
5423
5641
6185
6501
5856
4440
3004
1647
576
94
-472
-1250
-2042
-2639
-2559
-2060
-1914
-2335
-2974
-3480
-3782
-3358
-2563
-2076
-1790
-1706
-1631
-1254
-692
-552
-575
-829
-1400
-1428
-885
-282
134
237
112
-49
-151
-236
-254
-333
-698
-1101
-1282
-1216
-1002
-681
-430
-488
-656
-1008
-1428
-1592
-1516
-1405
-1273
-1185
-1351
-1688
-2110
-2441
-2717
-2926
-2961
-2861
-2549
-2000
-1249
-700
-430
-427
-599
-650
-584
-236
202
472
724
984
1438
2142
2839
3571
4154
4744
5353
6047
6659
6741
6307
5497
4791
4742
5319
5881
6083
5384
3801
2557
1412
366
-274
-1293
-2461
-3305
-3750
-3587
-3230
-3314
-3831
-4477
-4824
-4440
-3580
-2707
-2245
-2090
-2078
-1946
-1383
-703
-455
-429
-659
-833
-634
-261
154
337
53
-413
-669
-607
-401
-94
-62
-239
-361
-327
-133
104
558
573
186
-329
-669
-869
-980
-877
-669
-526
-553
-762
-1003
-1165
-1392
-1897
-2225
-2604
-2876
-2718
-2374
-1866
-1421
-1259
-1140
-918
-630
-242
190
329
393
494
642
1206
1897
2604
3389
4079
4754
5541
6091
6119
5750
5109
4388
3958
4045
4551
4912
4734
3964
2965
2068
1315
884
616
-45
-922
-1633
-1991
-2001
-2227
-2905
-3654
-4419
-4937
-4800
-3957
-2997
-2344
-2247
-2237
-2023
-1891
-1790
-1758
-1746
-1970
-2172
-1907
-1258
-820
-718
-985
-1390
-1622
-1753
-1670
-1426
-1266
-1269
-1242
-1028
-695
-217
221
339
-39
-602
-969
-1269
-1317
-1072
-719
-582
-636
-669
-611
-526
-588
-643
-699
-851
-1046
-1084
-903
-781
-755
-680
-649
-376
16
494
1060
1391
1389
1531
1843
2351
3070
3767
4476
5157
5822
6403
6598
6450
5876
4887
3868
3469
3643
4024
4152
3561
2438
1263
303
-437
-759
-1091
-1774
-2318
-2591
-2451
-1931
-1810
-2229
-2685
-3102
-3401
-2951
-2177
-1643
-1389
-1263
-1141
-833
-763
-968
-1215
-1616
-2160
-2264
-1822
-1362
-992
-1069
-1336
-1664
-1974
-1971
-1734
-1619
-1602
-1502
-1459
-1314
-1093
-836
-561
-725
-1036
-1258
-1575
-1601
-1544
-1442
-1261
-1106
-1171
-1165
-1080
-887
-809
-815
-761
-930
-1050
-1079
-1062
-988
-883
-808
-499
142
831
1461
2050
2475
2656
2677
2773
3081
3642
4219
4823
5677
6483
6895
7013
6627
5718
4952
4071
3732
4215
4491
4400
3789
2516
1402
672
-223
-934
-1711
-2634
-3215
-3462
-3243
-2896
-3126
-3777
-4394
-4767
-4570
-3819
-2850
-2019
-1520
-1124
-654
-173
72
-176
-479
-1130
-1740
-1713
-1365
-1004
-905
-1349
-1882
-2283
-2640
-2563
-2227
-1933
-1641
-1558
-1429
-1015
-782
-625
-618
-940
-1379
-1661
-1905
-1896
-1677
-1473
-1365
-1545
-1854
-2040
-1955
-1612
-1336
-967
-756
-823
-755
-622
-636
-674
-634
-786
-539
15
806
1807
2666
3229
3496
3697
4094
4718
5424
6024
6688
7398
7801
7902
7468
6524
5427
4388
3954
4084
4123
3982
3391
2294
1351
556
-138
-602
-1406
-2453
-3085
-3242
-3075
-2881
-3181
-3694
-4253
-4672
-4542
-3838
-3167
-2859
-2668
-2228
-1667
-1013
-477
-424
-526
-783
-1115
-828
-325
-129
-111
-638
-1438
-2034
-2457
-2590
-2400
-2211
-2064
-2006
-1836
-1454
-1165
-895
-846
-1025
-1482
-1926
-2104
-2034
-1704
-1152
-926
-1140
-1456
-1853
-2026
-1840
-1498
-1136
-933
-964
-992
-884
-835
-861
-970
-1069
-937
-559
287
1293
2065
2627
2983
3252
3629
4253
4930
5665
6386
7094
7707
8027
8109
7601
6667
5606
4679
4333
4268
4127
3799
2890
1748
974
206
-339
-679
-1571
-2327
-2776
-3160
-3151
-3251
-3804
-4363
-4834
-5187
-4939
-4130
-3506
-3034
-2548
-2227
-1745
-1051
-707
-649
-660
-994
-1090
-719
-289
221
290
-47
-543
-1020
-1448
-1674
-1651
-1551
-1578
-1537
-1409
-1293
-1044
-993
-1169
-1403
-1833
-2205
-2323
-2186
-1908
-1570
-1532
-1771
-2000
-2165
-2195
-2148
-1751
-1384
-1266
-1022
-822
-751
-614
-743
-988
-986
-841
-367
498
1353
2068
2680
3206
3792
4449
5225
5991
6713
7388
7860
8385
8606
8369
7672
6801
5835
5198
4989
4714
4284
3539
2277
1052
216
-467
-768
-1353
-2328
-2922
-3276
-3408
-2967
-2790
-3307
-3915
-4602
-5006
-4665
-4088
-3653
-3236
-2961
-2745
-2177
-1614
-1297
-1066
-1129
-1328
-1191
-771
-435
-186
-310
-724
-1112
-1384
-1511
-1446
-1350
-1295
-1340
-1385
-1365
-1321
-1183
-1199
-1519
-1926
-2371
-2765
-2866
-2558
-2169
-1959
-1948
-2068
-2350
-2429
-2281
-2094
-1736
-1378
-1088
-808
-490
-282
-147
-236
-346
-190
161
565
1181
1879
2431
2773
3158
3796
4513
5314
6115
6861
7592
8228
8547
8617
8224
7230
6240
5283
4623
4536
4169
3594
2891
1547
415
-211
-848
-1259
-1733
-2650
-3198
-3421
-3543
-3193
-3007
-3384
-3873
-4271
-4347
-3881
-3318
-2992
-2878
-2754
-2648
-2221
-1713
-1499
-1473
-1634
-1843
-1641
-1217
-829
-400
-526
-1024
-1388
-1704
-1792
-1654
-1418
-1299
-1262
-1237
-1111
-1078
-1205
-1228
-1570
-1957
-2352
-2727
-2861
-2635
-2152
-1684
-1592
-1670
-1771
-1857
-1699
-1412
-1038
-750
-676
-681
-548
-431
-230
-206
-230
-210
41
592
1320
2192
2820
3182
3363
3629
4204
4951
5674
6478
7356
7949
8356
8482
8177
7467
6584
5553
4968
4700
4348
3917
3087
1796
845
45
-764
-1124
-1845
-2668
-2938
-3096
-3019
-2680
-2789
-3192
-3475
-3837
-3800
-3218
-2802
-2520
-2486
-2523
-2520
-2289
-2174
-2209
-2267
-2467
-2611
-2320
-1731
-1366
-1140
-1279
-1691
-1874
-1986
-2058
-1849
-1727
-1716
-1539
-1344
-1255
-1182
-1162
-1332
-1619
-1919
-2285
-2429
-2439
-2371
-2008
-1647
-1656
-1740
-1840
-1889
-1591
-1159
-643
-276
-186
-101
34
139
209
183
100
174
473
999
1752
2566
3292
3699
3980
4311
4682
5298
5950
6609
7382
8032
8358
8587
8394
7665
6846
5732
4899
4614
4197
3755
3204
2194
1032
115
-907
-1596
-2067
-2764
-3249
-3466
-3651
-3629
-3627
-3982
-4333
-4441
-4387
-3979
-3174
-2587
-2251
-2104
-2115
-2028
-1981
-2166
-2306
-2480
-2697
-2655
-2331
-1973
-1817
-1801
-2056
-2294
-2433
-2426
-2212
-1849
-1468
-1278
-1080
-892
-929
-1067
-1319
-1594
-1796
-2173
-2391
-2402
-2352
-2199
-2000
-1918
-1985
-2092
-2123
-1964
-1504
-970
-569
-262
-43
105
463
705
764
794
760
987
1321
1860
2597
3268
3754
4136
4305
4590
5096
5566
6251
6947
7520
7971
8151
8119
7705
6929
5995
5095
4600
4287
3952
3579
2720
1408
299
-762
-1666
-2021
-2455
-2968
-3224
-3371
-3575
-3679
-4036
-4436
-4573
-4626
-4365
-3637
-2905
-2446
-2049
-1953
-1929
-1826
-2010
-2317
-2328
-2375
-2372
-2160
-1998
-1924
-1911
-2279
-2763
-2960
-3019
-2929
-2620
-2300
-1948
-1666
-1479
-1371
-1328
-1432
-1677
-1800
-2104
-2350
-2396
-2401
-2142
-1809
-1641
-1609
-1644
-1813
-1726
-1376
-1087
-673
-234
-38
-24
265
638
818
931
1055
1303
1784
2382
3163
3907
4463
4846
5053
5378
5812
6299
6848
7252
7464
7648
7809
7801
7484
6859
6088
5175
4616
4533
4311
3953
3206
2033
939
-96
-983
-1445
-2010
-2633
-2984
-3340
-3684
-3881
-4297
-4801
-5153
-5280
-5030
-4304
-3695
-3350
-3045
-2990
-2924
-2630
-2498
-2558
-2547
-2575
-2525
-2308
-2082
-1985
-2008
-2342
-2730
-2957
-3121
-3133
-3039
-2840
-2611
-2477
-2228
-2005
-1801
-1732
-1831
-1988
-2190
-2421
-2580
-2463
-2268
-2050
-1918
-1816
-1879
-1890
-1645
-1400
-1124
-811
-568
-255
88
350
695
946
1106
1292
1491
1882
2544
3302
4001
4576
4995
5369
5764
6259
6826
7306
7700
8021
8237
8249
8303
7979
7138
6321
5324
4592
4446
4196
3916
3419
2263
1170
268
-554
-716
-985
-1561
-2059
-2612
-3026
-3202
-3453
-3996
-4432
-4650
-4828
-4457
-3770
-3458
-3211
-3025
-3224
-3099
-2924
-3018
-2913
-2986
-3175
-3035
-2779
-2542
-2362
-2412
-2562
-2877
-3115
-3277
-3244
-2968
-2815
-2730
-2500
-2336
-2151
-1900
-1919
-1953
-2009
-2276
-2342
-2281
-2213
-1977
-1760
-1633
-1532
-1601
-1627
-1432
-1186
-887
-675
-418
-213
74
491
730
1020
1375
1597
1985
2633
3336
4004
4648
5106
5437
5756
6160
6668
7195
7610
7798
7985
8125
8156
7964
7415
6555
5515
4796
4622
4431
4119
3616
2406
1183
272
-503
-777
-1062
-1603
-1948
-2340
-2613
-2647
-2772
-3218
-3749
-4176
-4365
-4128
-3639
-3276
-3010
-2970
-3187
-3148
-3041
-3077
-3074
-3114
-3379
-3354
-3194
-3180
-3067
-3014
-3290
-3568
-3777
-3866
-3820
-3563
-3392
-3268
-2970
-2774
-2507
-2218
-2084
-2025
-2090
-2305
-2422
-2256
-2143
-1974
-1739
-1667
-1628
-1648
-1571
-1346
-984
-673
-472
-215
44
319
750
1079
1312
1613
1896
2207
2805
3460
4143
4772
5197
5514
5866
6277
6753
7313
7672
7772
7958
8005
8106
8151
7481
6629
5684
4718
4336
4397
4232
3950
3010
1665
674
-115
-634
-877
-1252
-1805
-2276
-2535
-2645
-2657
-2906
-3410
-3809
-4073
-4057
-3580
-3157
-2963
-2867
-2999
-3092
-2888
-2820
-2817
-2761
-2904
-3064
-3062
-2910
-2806
-2878
-3013
-3209
-3565
-3777
-3854
-3862
-3691
-3458
-3325
-3129
-2961
-2752
-2542
-2309
-2205
-2160
-2159
-2202
-1978
-1690
-1431
-1180
-1173
-1347
-1394
-1385
-1242
-867
-683
-505
-173
30
341
768
1114
1336
1636
1971
2485
3132
3791
4432
4797
5063
5353
5844
6262
6708
7124
7265
7402
7497
7486
7408
7010
6275
5473
4627
4019
3961
3883
3485
2885
1917
1005
314
-190
-568
-841
-1245
-1656
-1877
-1913
-1977
-2121
-2588
-3082
-3451
-3619
-3416
-2993
-2815
-2868
-3007
-3188
-3123
-3035
-3020
-3010
-3035
-3144
-3141
-3062
-2852
-2837
-2967
-3086
-3384
-3674
-3806
-3850
-3708
-3502
-3488
-3396
-3233
-3118
-2915
-2759
-2677
-2611
-2656
-2807
-2692
-2295
-1961
-1624
-1426
-1489
-1465
-1287
-1047
-704
-371
-270
-156
19
180
635
1138
1458
1669
1969
2361
2935
3526
4101
4619
4918
5169
5524
5957
6495
6951
7196
7425
7609
7651
7690
7474
6917
6149
5248
4495
4063
3916
3729
3316
2608
1675
807
125
-205
-443
-817
-1154
-1520
-1764
-1832
-1894
-2132
-2425
-2840
-3186
-3204
-3037
-2861
-2707
-2810
-3006
-3075
-3140
-3161
-3131
-3243
-3442
-3455
-3516
-3368
-3052
-2992
-3138
-3248
-3521
-3726
-3767
-3757
-3621
-3418
-3317
-3156
-3013
-2889
-2687
-2423
-2414
-2554
-2706
-2985
-2956
-2611
-2433
-2196
-1922
-1896
-1741
-1474
-1176
-786
-386
-145
68
423
772
1206
1601
1807
2022
2272
2699
3161
3626
4098
4496
4760
5013
5321
5686
6123
6471
6759
7034
7249
7399
7377
7096
6540
5902
5128
4494
4096
3767
3424
2948
2313
1582
872
218
-234
-605
-959
-1190
-1368
-1578
-1550
-1604
-1915
-2213
-2514
-2824
-2841
-2668
-2584
-2592
-2720
-2917
-3041
-3150
-3206
-3135
-3291
-3480
-3575
-3617
-3579
-3350
-3189
-3289
-3323
-3512
-3774
-3876
-3874
-3765
-3489
-3256
-3118
-2832
-2679
-2446
-2269
-2326
-2330
-2428
-2549
-2456
-2091
-1869
-1745
-1597
-1556
-1455
-1254
-1042
-692
-303
19
368
858
1313
1797
2221
2460
2678
2916
3282
3649
4025
4415
4806
5081
5209
5411
5602
5818
6071
6296
6510
6730
6730
6652
6405
5888
5234
4589
3976
3482
3258
2956
2622
2115
1330
521
-33
-455
-838
-1114
-1391
-1545
-1472
-1515
-1622
-1760
-2099
-2506
-2787
-2773
-2686
-2588
-2610
-2718
-2789
-3007
-3098
-3013
-3178
-3374
-3447
-3525
-3531
-3354
-3273
-3311
-3314
-3481
-3645
-3605
-3573
-3515
-3257
-3171
-3111
-2847
-2584
-2281
-1981
-1823
-1883
-1976
-2102
-2172
-1944
-1651
-1394
-1261
-1149
-1048
-851
-676
-516
-279
-52
244
707
1324
1837
2275
2518
2627
2818
3122
3515
3953
4314
4610
4897
5054
5185
5435
5609
5713
5782
5897
6090
6229
6258
6116
5762
5094
4273
3624
3246
3043
2880
2449
1856
1118
413
-54
-373
-679
-1013
-1288
-1509
-1577
-1584
-1537
-1676
-2020
-2442
-2758
-2810
-2748
-2672
-2705
-2859
-2981
-3106
-3129
-3044
-3101
-3294
-3485
-3610
-3665
-3476
-3281
-3269
-3310
-3346
-3473
-3595
-3570
-3456
-3262
-3131
-3017
-2763
-2519
-2200
-1866
-1799
-1812
-1726
-1770
-1826
-1588
-1349
-1228
-1041
-1013
-903
-655
-442
-292
-122
10
205
625
1127
1644
2024
2265
2389
2623
2866
3159
3532
3880
4218
4407
4587
4857
5158
5344
5522
5587
5569
5689
5822
5869
5746
5470
4944
4207
3534
3098
2891
2826
2503
2049
1553
805
158
-144
-471
-773
-1038
-1243
-1346
-1262
-1321
-1531
-1732
-2134
-2513
-2604
-2568
-2528
-2506
-2674
-2904
-2988
-3039
-3157
-3139
-3222
-3458
-3602
-3530
-3412
-3184
-3092
-3173
-3256
-3343
-3435
-3377
-3266
-3228
-3079
-2934
-2738
-2425
-2179
-2095
-2038
-2006
-2030
-1871
-1693
-1614
-1431
-1251
-1118
-938
-714
-486
-316
-180
-95
182
548
861
1240
1689
2072
2361
2614
2810
3057
3425
3737
4041
4284
4406
4546
4707
4846
5006
5147
5268
5420
5518
5600
5556
5417
5153
4699
4182
3656
3233
2803
2483
2217
1817
1357
783
318
-65
-403
-690
-912
-1167
-1343
-1311
-1383
-1533
-1704
-1993
-2350
-2494
-2590
-2667
-2712
-2919
-3075
-3175
-3279
-3428
-3610
-3721
-3771
-3747
-3624
-3440
-3267
-3267
-3386
-3394
-3312
-3201
-3121
-3159
-3201
-3054
-2823
-2539
-2254
-2090
-1992
-1894
-1750
-1550
-1372
-1265
-1225
-1178
-1137
-958
-545
-226
-112
-19
103
258
589
935
1226
1474
1651
1943
2254
2533
2866
3200
3502
3781
3995
4127
4218
4328
4403
4486
4595
4686
4734
4800
4859
4811
4770
4615
4367
4104
3782
3431
3044
2705
2371
1970
1561
1190
853
495
46
-366
-624
-844
-978
-1003
-1045
-1144
-1330
-1524
-1735
-1933
-2121
-2225
-2324
-2482
-2663
-2863
-3047
-3152
-3273
-3409
-3532
-3595
-3618
-3556
-3375
-3237
-3144
-3092
-3082
-3025
-2858
-2735
-2662
-2683
-2667
-2634
-2572
-2419
-2187
-1976
-1804
-1719
-1668
-1492
-1300
-1177
-1042
-902
-822
-704
-416
-122
119
336
488
630
869
1163
1481
1799
2112
2383
2651
2936
3189
3397
3669
3958
4104
4225
4299
4314
4296
4321
4283
4243
4207
4136
4080
4035
3944
3725
3484
3218
2929
2634
2309
1982
1593
1190
856
563
285
11
-268
-548
-813
-1063
-1254
-1389
-1598
-1742
-1940
-2098
-2130
-2179
-2313
-2470
-2625
-2814
-2985
-3176
-3184
-3218
-3289
-3359
-3399
-3443
-3473
-3387
-3381
-3330
-3206
-3031
-2841
-2599
-2442
-2344
-2219
-2146
-2076
-1977
-1932
-1813
-1679
-1589
-1479
-1365
-1252
-1165
-1033
-919
-790
-681
-584
-330
-38
226
458
612
809
1073
1271
1478
1776
2069
2308
2581
2847
3011
3298
3592
3769
3902
4026
4111
4183
4204
4208
4181
4086
3892
3690
3540
3429
3348
3241
3116
2927
2738
2483
2189
1896
1621
1378
1077
759
539
351
162
-75
-379
-696
-905
-1108
-1222
-1268
-1377
-1456
-1520
-1698
-1890
-2024
-2225
-2440
-2653
-2824
-2900
-2941
-3048
-3102
-3135
-3272
-3340
-3357
-3327
-3265
-3228
-3065
-2893
-2737
-2575
-2410
-2313
-2223
-2097
-2014
-1962
-1898
-1839
-1705
-1568
-1438
-1320
-1200
-1120
-1018
-869
-691
-468
-237
2
196
369
552
744
940
1138
1387
1616
1869
2090
2347
2619
2806
3042
3171
3327
3508
3583
3687
3798
3885
3934
3914
3836
3749
3507
3292
3193
2995
2866
2723
2538
2353
2076
1875
1783
1662
1444
1225
1005
779
541
373
255
87
-78
-355
-621
-845
-1062
-1185
-1345
-1518
-1666
-1802
-1917
-2031
-2215
-2448
-2726
-2986
-3188
-3239
-3239
-3252
-3350
-3440
-3567
-3598
-3436
-3350
-3287
-3225
-3103
-2988
-2900
-2728
-2522
-2340
-2220
-2205
-2160
-2074
-1971
-1874
-1689
-1531
-1407
-1194
-973
-773
-576
-362
-212
-46
189
546
803
1053
1308
1479
1671
1837
1932
2171
2436
2633
2865
3034
3131
3257
3403
3424
3506
3559
3594
3587
3572
3569
3487
3369
3205
3078
2973
2891
2783
2614
2352
2066
1875
1704
1566
1508
1365
1222
1029
845
715
576
331
97
-91
-324
-491
-594
-741
-958
-1194
-1485
-1776
-1986
-2179
-2312
-2449
-2716
-2943
-3072
-3230
-3374
-3513
-3687
-3771
-3839
-3859
-3790
-3717
-3663
-3594
-3483
-3363
-3255
-3127
-2994
-2823
-2663
-2424
-2273
-2176
-2038
-1899
-1841
-1763
-1660
-1563
-1364
-1167
-913
-709
-480
-233
-14
155
439
725
1016
1293
1520
1711
1890
2075
2292
2454
2608
2708
2839
3019
3118
3276
3370
3384
3416
3402
3329
3330
3288
3123
2990
2887
2795
2675
2645
2545
2304
2058
1803
1640
1587
1571
1493
1282
1091
1001
946
857
719
579
448
319
174
76
-52
-222
-404
-688
-953
-1162
-1360
-1524
-1731
-1880
-2075
-2338
-2588
-2784
-2953
-3070
-3183
-3272
-3347
-3464
-3512
-3553
-3559
-3546
-3514
-3439
-3375
-3262
-3135
-3011
-2861
-2763
-2718
-2553
-2302
-2150
-2008
-1806
-1624
-1490
-1356
-1215
-1021
-819
-619
-346
-188
34
388
674
928
1230
1505
1775
2086
2332
2516
2705
2886
2993
3118
3248
3315
3308
3311
3301
3312
3315
3235
3123
2982
2876
2739
2625
2616
2583
2452
2286
2062
1803
1679
1536
1403
1245
1078
963
894
795
692
569
430
260
59
-20
-85
-198
-270
-365
-522
-620
-791
-985
-1152
-1296
-1406
-1594
-1870
-2035
-2202
-2407
-2524
-2621
-2738
-2836
-2900
-2997
-3035
-3024
-3056
-3053
-3044
-3065
-2989
-2862
-2808
-2721
-2627
-2541
-2405
-2267
-2176
-1999
-1862
-1764
-1624
-1442
-1256
-1111
-973
-837
-623
-343
-140
35
267
476
725
996
1270
1504
1774
2018
2185
2365
2543
2707
2803
2882
2979
2998
3057
3109
3096
3016
2937
2807
2656
2548
2390
2288
2194
2076
1989
1829
1675
1499
1311
1220
1172
1067
902
732
594
534
436
356
298
209
61
-27
-84
-156
-249
-364
-551
-754
-864
-879
-947
-1093
-1263
-1458
-1594
-1688
-1809
-1959
-2097
-2234
-2328
-2423
-2514
-2532
-2593
-2641
-2669
-2658
-2605
-2522
-2489
-2469
-2427
-2379
-2306
-2237
-2183
-2146
-2051
-1963
-1869
-1693
-1558
-1455
-1344
-1250
-1083
-872
-709
-560
-371
-151
74
345
568
745
961
1206
1421
1603
1795
1942
2091
2234
2326
2451
2570
2620
2614
2581
2598
2597
2578
2542
2441
2303
2148
2091
1978
1882
1774
1646
1504
1391
1262
1131
1030
897
824
753
687
554
428
330
214
93
-25
-95
-140
-239
-369
-494
-613
-730
-861
-976
-1077
-1193
-1264
-1383
-1549
-1647
-1764
-1833
-1863
-1926
-1974
-2050
-2106
-2109
-2074
-2073
-2029
-2027
-2038
-1997
-1921
-1858
-1795
-1712
-1605
-1512
-1405
-1308
-1281
-1197
-1128
-1034
-898
-784
-660
-549
-476
-374
-259
-125
43
186
355
534
772
986
1149
1289
1421
1554
1693
1817
1908
2031
2085
2088
2086
2098
2086
2087
2051
2021
1999
1907
1824
1712
1604
1530
1411
1281
1154
1063
985
847
737
643
591
560
461
401
322
205
120
41
-27
-116
-176
-222
-359
-428
-452
-553
-679
-772
-872
-945
-984
-1086
-1215
-1331
-1436
-1532
-1580
-1606
-1595
-1587
-1657
-1710
-1780
-1784
-1745
-1743
-1695
-1665
-1599
-1540
-1460
-1360
-1268
-1195
-1136
-1074
-987
-845
-724
-624
-532
-420
-329
-228
-135
-34
47
164
285
384
532
700
829
970
1051
1177
1339
1453
1540
1654
1744
1859
1933
1943
1964
1947
1929
1899
1841
1772
1746
1691
1554
1430
1282
1158
1079
976
866
794
691
573
491
365
174
24
-60
-133
-209
-251
-288
-358
-375
-397
-457
-530
-603
-604
-604
-637
-685
-809
-890
-983
-1077
-1124
-1146
-1150
-1179
-1186
-1279
-1319
-1307
-1335
-1331
-1349
-1315
-1296
-1265
-1247
-1233
-1209
-1167
-1100
-1065
-985
-889
-828
-811
-752
-646
-537
-466
-405
-323
-227
-113
-6
86
223
339
412
528
650
752
879
1024
1110
1205
1395
1547
1684
1803
1862
1908
1936
1922
1856
1870
1894
1914
1850
1804
1740
1648
1562
1434
1314
1213
1110
1020
938
813
653
489
309
162
26
-102
-172
-316
-459
-561
-696
-843
-935
-975
-990
-1006
-1016
-1071
-1118
-1103
-1100
-1133
-1138
-1157
-1234
-1307
-1377
-1426
-1425
-1454
-1528
-1526
-1500
-1523
-1464
-1419
-1380
-1370
-1348
-1277
-1185
-1098
-1019
-950
-906
-847
-768
-627
-558
-491
-367
-283
-228
-125
-66
18
145
246
315
419
510
564
607
643
727
807
917
1041
1148
1228
1356
1456
1518
1630
1754
1831
1906
1930
1914
1910
1864
1858
1799
1722
1635
1509
1389
1275
1205
1108
1021
897
781
667
586
476
356
254
109
-38
-176
-279
-354
-424
-526
-663
-764
-815
-855
-907
-992
-1020
-1095
-1171
-1154
-1118
-1107
-1094
-1152
-1209
-1297
-1314
-1255
-1269
-1272
-1280
-1327
-1384
-1392
-1399
-1419
-1373
-1340
-1306
-1249
-1152
-1089
-1050
-1025
-999
-926
-834
-726
-615
-481
-355
-293
-215
-110
-4
90
177
267
353
454
567
657
779
896
946
1039
1107
1195
1326
1460
1558
1663
1711
1787
1854
1921
1972
1994
2009
2002
2029
1997
1978
1944
1829
1681
1506
1370
1289
1192
1046
877
725
585
459
372
258
91
-47
-180
-348
-485
-606
-728
-804
-879
-930
-971
-1040
-1165
-1264
-1308
-1345
-1412
-1434
-1429
-1410
-1422
-1459
-1497
-1482
-1525
-1578
-1572
-1566
-1498
-1447
-1430
-1409
-1378
-1352
-1308
-1287
-1245
-1221
-1165
-1099
-1022
-918
-796
-705
-639
-577
-550
-500
-418
-299
-169
-25
99
220
338
408
479
558
627
729
835
951
1055
1163
1292
1408
1484
1536
1597
1644
1755
1867
1946
2079
2155
2165
2145
2128
2095
2061
2032
2003
1961
1872
1788
1668
1533
1383
1239
1059
892
737
629
502
324
169
52
-64
-179
-324
-504
-682
-883
-993
-1045
-1086
-1101
-1140
-1207
-1269
-1370
-1442
-1469
-1509
-1531
-1532
-1531
-1533
-1524
-1513
-1597
-1669
-1655
-1620
-1571
-1506
-1452
-1439
-1370
-1326
-1285
-1210
-1138
-1054
-982
-899
-832
-784
-704
-606
-516
-414
-310
-263
-196
-127
-33
88
149
234
331
361
443
543
640
738
819
914
972
1064
1194
1306
1327
1375
1443
1482
1564
1661
1750
1833
1879
1830
1826
1840
1824
1797
1771
1672
1609
1574
1508
1413
1313
1219
1078
920
773
614
435
292
169
87
-27
-232
-374
-481
-604
-724
-832
-935
-1058
-1148
-1222
-1278
-1330
-1373
-1447
-1502
-1566
-1625
-1617
-1602
-1590
-1597
-1645
-1623
-1648
-1675
-1643
-1581
-1509
-1456
-1383
-1325
-1282
-1238
-1195
-1119
-1041
-934
-800
-663
-594
-536
-450
-376
-275
-178
-93
-1
92
156
253
302
389
473
504
569
614
699
781
825
911
994
1061
1136
1225
1292
1381
1416
1434
1492
1537
1557
1565
1601
1615
1640
1663
1680
1662
1605
1560
1484
1373
1277
1184
1130
1062
948
812
670
542
431
298
152
52
-59
-200
-315
-441
-589
-721
-803
-873
-991
-1100
-1185
-1275
-1336
-1406
-1498
-1570
-1620
-1653
-1695
-1738
-1761
-1777
-1800
-1793
-1768
-1756
-1781
-1782
-1744
-1726
-1644
-1571
-1532
-1485
-1389
-1290
-1178
-1087
-977
-900
-823
-730
-666
-560
-460
-328
-253
-171
-40
72
187
304
376
471
575
682
743
777
817
895
952
1050
1123
1179
1256
1303
1372
1438
1485
1495
1527
1526
1523
1535
1557
1574
1520
1470
1434
1401
1341
1283
1237
1134
1036
991
916
837
699
529
392
250
138
23
-80
-192
-327
-475
-575
-706
-783
-817
-891
-972
-1068
-1112
-1154
-1218
-1282
-1330
-1405
-1480
-1499
-1532
-1564
-1598
-1616
-1657
-1692
-1641
-1608
-1585
-1568
-1579
-1564
-1543
-1470
-1382
-1297
-1236
-1192
-1114
-1030
-972
-875
-792
-708
-628
-547
-431
-320
-224
-156
-78
6
108
236
356
497
570
636
725
809
896
973
1035
1142
1238
1279
1375
1439
1467
1508
1560
1609
1641
1708
1758
1746
1717
1692
1674
1653
1601
1531
1448
1369
1317
1271
1200
1107
981
806
651
519
376
251
141
-19
-210
-373
-505
-602
-717
-862
-979
-1104
-1204
-1267
-1328
-1396
-1511
-1624
-1711
-1714
-1714
-1765
-1804
-1828
-1867
-1885
-1846
-1836
-1861
-1823
-1785
-1748
-1658
-1563
-1513
-1508
-1464
-1388
-1328
-1246
-1163
-1060
-960
-853
-750
-635
-567
-500
-366
-242
-126
21
143
202
289
415
540
645
709
753
839
937
1068
1209
1322
1374
1416
1473
1539
1651
1722
1767
1772
1756
1828
1898
1905
1883
1842
1796
1760
1741
1724
1707
1641
1575
1516
1426
1361
1261
1136
1009
854
729
610
465
301
124
-35
-177
-352
-491
-594
-739
-857
-949
-1059
-1171
-1285
-1379
-1453
-1508
-1585
-1596
-1664
-1778
-1828
-1851
-1879
-1870
-1843
-1838
-1846
-1882
-1846
-1743
-1700
-1647
-1541
-1484
-1425
-1322
-1223
-1153
-1089
-995
-914
-848
-724
-601
-509
-392
-289
-172
-15
104
172
266
322
409
535
640
773
867
937
1003
1095
1164
1276
1350
1378
1404
1476
1575
1653
1728
1770
1790
1784
1764
1769
1789
1784
1806
1797
1753
1757
1715
1624
1591
1511
1458
1411
1345
1279
1159
995
885
763
609
521
383
207
22
-125
-267
-376
-520
-656
-745
-853
-1003
-1134
-1244
-1366
-1456
-1508
-1547
-1644
-1745
-1827
-1889
-1931
-1909
-1885
-1895
-1906
-1920
-1887
-1826
-1796
-1786
-1761
-1690
-1623
-1536
-1400
-1308
-1263
-1199
-1104
-1019
-927
-771
-644
-526
-396
-270
-140
-18
49
128
226
356
488
598
719
810
922
1002
1071
1152
1215
1302
1414
1524
1616
1718
1779
1824
1858
1899
1977
1998
1960
1951
1984
2005
2002
2005
1971
1846
1752
1702
1672
1625
1561
1507
1444
1335
1236
1144
1000
847
699
544
436
321
178
26
-168
-311
-441
-562
-649
-751
-893
-1027
-1136
-1226
-1300
-1423
-1514
-1582
-1678
-1742
-1784
-1804
-1812
-1883
-1906
-1894
-1895
-1854
-1786
-1759
-1732
-1674
-1590
-1534
-1473
-1372
-1298
-1231
-1153
-1085
-991
-832
-713
-629
-496
-354
-242
-109
-12
83
201
314
441
543
637
730
839
972
1064
1132
1214
1291
1345
1415
1520
1625
1709
1756
1827
1882
1899
1949
1982
1998
1991
2013
2052
2063
2059
2025
1988
1907
1836
1816
1774
1717
1650
1591
1508
1375
1248
1171
1066
952
831
685
562
409
254
115
-1
-138
-254
-353
-513
-631
-744
-879
-1005
-1128
-1197
-1296
-1389
-1486
-1576
-1633
-1648
-1670
-1700
-1732
-1783
-1796
-1803
-1785
-1733
-1682
-1590
-1515
-1493
-1438
-1390
-1366
-1310
-1245
-1169
-1031
-918
-795
-653
-555
-467
-359
-242
-170
-63
79
195
332
437
509
610
704
809
942
1055
1142
1199
1264
1346
1419
1517
1591
1666
1721
1795
1849
1904
1954
1957
1935
1953
1994
1974
1936
1916
1860
1812
1755
1744
1721
1659
1590
1520
1462
1359
1272
1148
1014
892
784
675
584
455
296
166
13
-112
-216
-338
-465
-569
-684
-815
-928
-1050
-1175
-1282
-1403
-1496
-1580
-1651
-1681
-1732
-1815
-1867
-1889
-1919
-1912
-1928
-1948
-1914
-1893
-1860
-1814
-1768
-1763
-1698
-1576
-1498
-1412
-1314
-1227
-1130
-1000
-892
-766
-624
-515
-397
-279
-128
22
134
272
370
441
566
701
809
927
1044
1145
1217
1259
1346
1431
1521
1623
1680
1709
1748
1790
1784
1779
1808
1846
1860
1879
1867
1809
1785
1738
1655
1620
1598
1584
1532
1486
1448
1390
1331
1238
1103
1001
911
788
646
552
435
295
226
130
14
-116
-224
-329
-470
-592
-702
-786
-892
-1015
-1093
-1171
-1244
-1315
-1380
-1444
-1538
-1580
-1620
-1652
-1626
-1646
-1676
-1657
-1622
-1600
-1552
-1556
-1558
-1519
-1510
-1457
-1370
-1275
-1219
-1179
-1086
-1015
-916
-815
-739
-653
-559
-462
-316
-195
-104
20
131
230
312
417
523
634
721
806
895
960
1033
1132
1247
1312
1337
1381
1458
1523
1565
1608
1642
1658
1636
1690
1713
1711
1709
1674
1592
1503
1466
1437
1384
1331
1278
1217
1150
1048
940
830
746
671
576
454
331
206
70
-64
-169
-269
-331
-425
-541
-666
-810
-940
-1035
-1100
-1177
-1234
-1286
-1345
-1411
-1473
-1522
-1577
-1645
-1647
-1644
-1639
-1623
-1655
-1670
-1624
-1604
-1570
-1504
-1462
-1419
-1354
-1271
-1219
-1147
-1076
-975
-864
-798
-709
-608
-521
-442
-343
-215
-84
-8
65
160
225
321
433
526
615
693
752
833
936
991
1053
1128
1225
1281
1326
1364
1381
1406
1436
1474
1502
1519
1545
1536
1473
1443
1407
1382
1357
1326
1277
1234
1214
1139
1071
1003
886
821
767
663
566
463
352
244
125
28
-95
-212
-285
-382
-513
-595
-692
-779
-823
-917
-994
-1085
-1180
-1272
-1330
-1364
-1395
-1427
-1454
-1477
-1484
-1460
-1452
-1473
-1489
-1483
-1441
-1395
-1382
-1379
-1346
-1293
-1202
-1110
-1052
-992
-927
-858
-778
-691
-621
-556
-483
-394
-315
-198
-146
-99
-27
56
154
256
368
442
490
546
619
681
751
820
912
966
1023
1071
1100
1142
1181
1213
1231
1238
1285
1311
1286
1285
1283
1245
1217
1219
1196
1175
1158
1139
1098
1030
985
943
866
783
718
665
594
511
415
294
209
113
10
-70
-181
-292
-368
-455
-541
-612
-705
-789
-851
-901
-942
-970
-1042
-1061
-1109
-1177
-1202
-1237
-1262
-1308
-1310
-1285
-1258
-1206
-1163
-1133
-1108
-1094
-1070
-1030
-967
-904
-832
-741
-660
-618
-577
-514
-461
-384
-279
-179
-97
-37
-6
88
188
271
336
387
431
494
569
627
691
750
807
850
932
1014
1044
1057
1091
1120
1159
1180
1175
1191
1198
1177
1191
1193
1163
1155
1139
1119
1099
1067
1031
965
918
891
861
821
764
699
583
496
409
335
253
181
91
12
-68
-185
-290
-385
-445
-512
-582
-644
-719
-783
-861
-915
-948
-973
-1002
-1033
-1040
-1070
-1100
-1110
-1140
-1165
-1189
-1150
-1126
-1113
-1076
-1028
-986
-955
-880
-825
-780
-737
-677
-608
-567
-506
-414
-342
-279
-190
-93
-16
15
86
148
185
290
388
424
458
511
560
595
630
677
714
747
818
864
893
956
990
1032
1076
1088
1102
1127
1134
1149
1159
1129
1093
1085
1057
1055
1046
1024
986
933
901
845
806
774
724
662
575
520
447
360
267
177
106
20
-82
-160
-220
-307
-381
-437
-496
-554
-593
-660
-735
-795
-839
-895
-938
-946
-951
-965
-967
-989
-986
-980
-969
-979
-970
-928
-926
-896
-863
-834
-800
-755
-705
-634
-578
-560
-496
-433
-372
-311
-239
-180
-125
-50
11
84
128
183
244
305
371
388
424
463
492
507
528
565
601
617
660
684
708
746
771
795
802
788
795
792
781
791
814
795
776
735
703
682
616
595
577
551
519
493
458
408
343
259
206
168
119
55
-12
-61
-146
-211
-290
-364
-423
-491
-532
-568
-646
-725
-753
-808
-871
-876
-903
-929
-943
-957
-963
-978
-990
-985
-977
-972
-948
-915
-878
-851
-822
-774
-732
-687
-650
-583
-510
-457
-404
-343
-295
-246
-154
-99
-72
5
74
134
201
242
293
345
398
438
491
554
592
622
636
665
680
689
702
719
746
733
740
756
785
788
770
754
720
699
678
691
685
654
641
626
594
547
501
491
421
345
301
253
223
199
168
125
57
-3
-50
-116
-181
-207
-251
-315
-351
-387
-426
-483
-541
-600
-625
-672
-713
-746
-803
-821
-828
-846
-873
-930
-953
-967
-977
-964
-950
-919
-888
-861
-850
-811
-775
-739
-706
-657
-598
-549
-481
-465
-434
-381
-329
-249
-174
-101
-64
-14
38
81
137
191
240
294
361
411
417
453
486
498
560
616
626
651
684
666
660
653
663
656
650
656
639
630
636
647
602
580
584
579
552
498
429
423
398
377
375
338
296
225
169
109
75
26
-31
-52
-104
-141
-196
-266
-293
-350
-406
-453
-500
-539
-547
-578
-627
-653
-695
-732
-760
-791
-801
-807
-837
-840
-848
-849
-814
-787
-770
-782
-779
-742
-712
-690
-636
-592
-529
-485
-445
-374
-347
-302
-237
-168
-118
-84
-27
15
49
91
158
207
251
292
320
350
375
402
475
520
518
552
563
578
614
647
638
644
650
640
646
659
651
624
612
617
603
569
543
548
528
497
488
473
431
411
385
335
279
227
209
160
113
98
74
34
-13
-77
-148
-180
-244
-299
-334
-379
-413
-445
-460
-526
-571
-606
-628
-649
-700
-714
-713
-730
-732
-723
-736
-727
-721
-713
-683
-674
-658
-643
-616
-569
-542
-497
-448
-417
-397
-386
-344
-303
-250
-194
-149
-91
-39
-4
37
78
125
162
201
234
263
314
338
354
394
399
418
447
456
462
467
477
496
537
540
553
570
572
579
575
586
572
517
499
484
464
450
432
449
438
397
381
380
364
329
311
303
242
201
171
151
117
64
20
-25
-57
-111
-129
-160
-224
-252
-305
-319
-337
-387
-425
-449
-462
-493
-524
-547
-564
-618
-653
-652
-645
-621
-623
-615
-608
-609
-586
-589
-583
-545
-500
-472
-416
-376
-358
-322
-300
-245
-188
-143
-95
-62
-24
0
38
85
134
187
212
241
278
318
322
356
370
372
415
449
443
423
417
417
439
451
461
472
471
480
450
436
425
407
392
378
364
362
351
318
331
294
262
269
262
222
196
190
153
131
100
41
-7
-36
-58
-86
-107
-147
-195
-213
-248
-284
-323
-365
-374
-396
-414
-443
-489
-505
-524
-529
-543
-576
-573
-587
-600
-615
-619
-618
-614
-591
-574
-574
-558
-526
-487
-482
-445
-392
-333
-284
-237
-207
-188
-138
-108
-85
-51
8
62
87
118
172
197
238
294
338
352
402
421
437
461
457
456
456
461
490
488
474
483
472
458
439
438
441
453
430
422
402
367
348
334
303
272
259
244
227
217
177
141
107
83
65
48
26
15
3
-28
-83
-136
-141
-184
-214
-240
-272
-285
-289
-304
-331
-344
-365
-395
-426
-432
-429
-458
-484
-491
-488
-498
-521
-528
-535
-517
-496
-467
-443
-422
-398
-378
-344
-331
-285
-244
-221
-217
-181
-135
-112
-90
-47
-15
6
48
88
103
122
158
165
184
220
248
273
292
301
323
340
340
352
353
347
347
348
360
364
361
355
344
347
346
329
301
288
273
265
251
228
197
149
131
91
67
58
50
56
34
12
0
-7
-28
-52
-83
-116
-126
-142
-140
-153
-181
-206
-225
-234
-267
-290
-296
-302
-322
-338
-326
-322
-328
-329
-332
-351
-361
-362
-358
-363
-353
-344
-337
-301
-286
-258
-230
-222
-203
-184
-144
-103
-88
-32
20
37
74
110
141
176
205
225
243
273
302
339
360
383
388
417
452
466
475
449
465
470
449
419
439
459
450
449
405
381
341
320
328
308
281
268
261
232
199
158
115
86
74
52
32
29
7
-19
-36
-68
-116
-157
-170
-175
-190
-193
-202
-221
-241
-269
-271
-265
-271
-282
-283
-306
-336
-357
-361
-363
-376
-359
-346
-351
-348
-335
-348
-339
-314
-278
-255
-248
-244
-238
-230
-229
-220
-213
-181
-154
-134
-120
-94
-69
-44
-36
-1
46
64
119
170
162
192
225
217
227
276
286
306
318
340
351
354
363
370
375
380
389
370
354
347
329
336
340
296
267
241
208
194
195
177
154
121
93
61
38
5
-14
-40
-76
-95
-119
-135
-159
-169
-177
-212
-256
-267
-269
-275
-276
-273
-288
-301
-318
-338
-350
-369
-375
-375
-371
-366
-363
-355
-369
-373
-355
-357
-354
-342
-345
-340
-326
-297
-267
-251
-213
-210
-203
-197
-191
-152
-143
-114
-74
-60
-26
2
37
69
108
114
146
182
197
225
240
254
266
280
281
297
316
332
318
331
363
360
365
371
349
342
311
292
277
262
226
199
187
157
142
123
105
75
68
38
-2
-41
-58
-75
-88
-113
-135
-161
-201
-219
-251
-279
-301
-330
-363
-403
-429
-448
-466
-469
-459
-447
-447
-452
-458
-470
-482
-484
-479
-464
-462
-455
-453
-454
-455
-458
-436
-415
-407
-385
-350
-334
-292
-249
-221
-186
-152
-147
-114
-91
-86
-47
-25
39
56
77
117
148
192
233
262
300
359
389
410
424
435
443
453
450
473
501
491
502
511
502
499
492
493
501
496
488
478
454
432
395
349
339
321
283
234
205
176
126
112
90
95
65
40
17
-26
-83
-125
-168
-213
-227
-248
-258
-285
-317
-347
-382
-396
-410
-413
-423
-428
-422
-454
-477
-480
-465
-473
-464
-448
-465
-461
-469
-480
-465
-445
-399
-397
-405
-399
-384
-380
-351
-312
-281
-247
-236
-219
-187
-151
-128
-106
-74
-27
4
46
80
113
148
191
237
274
307
327
355
390
409
433
442
455
472
461
470
480
483
479
481
475
481
475
454
442
413
393
363
359
327
307
289
253
198
158
147
118
85
80
59
1
-31
-72
-94
-132
-165
-187
-227
-244
-280
-308
-327
-349
-365
-393
-414
-436
-442
-453
-459
-442
-443
-454
-478
-490
-499
-510
-519
-509
-483
-483
-452
-431
-422
-418
-397
-367
-353
-312
-273
-236
-211
-199
-178
-161
-125
-94
-74
-22
3
19
43
80
123
158
208
250
309
340
379
397
414
439
466
485
533
556
569
605
624
633
639
657
655
644
629
606
588
587
570
576
570
541
494
466
432
380
346
320
266
225
209
160
113
76
44
-15
-37
-63
-116
-145
-200
-250
-271
-298
-344
-362
-370
-415
-447
-476
-509
-546
-566
-573
-571
-573
-576
-562
-559
-552
-550
-559
-545
-560
-554
-543
-526
-529
-514
-456
-447
-413
-393
-366
-341
-310
-266
-227
-196
-155
-112
-76
-45
-26
10
21
44
63
107
156
203
263
306
344
371
404
423
438
453
467
498
533
550
562
579
594
591
603
633
631
635
633
621
618
583
558
550
528
484
442
417
390
341
307
300
248
211
182
151
110
55
6
-23
-62
-100
-115
-147
-181
-201
-243
-272
-296
-317
-353
-373
-390
-430
-436
-450
-471
-489
-497
-516
-521
-523
-500
-496
-504
-475
-453
-447
-424
-423
-412
-397
-374
-352
-331
-295
-283
-255
-208
-197
-166
-141
-110
-55
-24
-2
55
96
118
163
187
215
246
287
332
353
381
399
422
434
455
477
506
520
525
541
550
564
558
548
564
553
543
537
529
527
516
512
499
492
473
454
398
371
346
325
299
269
237
213
168
111
78
30
-4
-36
-64
-107
-133
-162
-195
-215
-256
-286
-331
-369
-389
-412
-434
-448
-473
-503
-505
-506
-513
-513
-520
-528
-518
-516
-506
-492
-492
-474
-444
-452
-439
-429
-414
-380
-350
-312
-275
-240
-205
-172
-158
-122
-95
-76
-54
-10
30
70
123
165
204
235
266
303
327
351
390
402
428
453
487
505
515
534
544
549
541
540
557
568
565
565
576
562
549
548
529
503
492
478
456
427
405
396
370
325
283
249
214
180
147
119
76
34
12
-11
-65
-96
-134
-169
-192
-224
-250
-283
-301
-336
-369
-392
-422
-442
-457
-472
-479
-484
-505
-521
-522
-524
-532
-524
-496
-504
-514
-495
-497
-478
-458
-454
-431
-406
-399
-360
-327
-305
-282
-242
-199
-166
-142
-121
-95
-67
-31
8
49
74
107
142
173
212
237
260
305
354
366
387
411
413
442
455
441
466
497
505
516
501
504
505
497
495
482
479
474
447
420
417
387
355
335
306
288
262
234
223
184
148
146
107
65
15
-28
-67
-104
-132
-162
-177
-206
-240
-277
-320
-342
-368
-396
-399
-424
-449
-459
-471
-495
-498
-505
-504
-497
-489
-485
-474
-456
-464
-439
-450
-422
-381
-367
-354
-341
-321
-299
-266
-237
-197
-168
-127
-84
-51
-36
-13
27
54
96
115
160
195
235
255
277
309
341
376
394
426
441
458
494
524
536
549
563
571
574
588
595
599
585
578
579
578
560
548
548
523
498
479
452
425
386
349
304
253
220
192
155
136
113
67
47
3
-50
-71
-94
-140
-159
-175
-214
-251
-300
-328
-344
-382
-399
-418
-427
-447
-456
-475
-481
-490
-517
-513
-510
-508
-503
-486
-471
-473
-481
-474
-460
-436
-387
-348
-321
-285
-268
-256
-225
-188
-150
-102
-72
-49
-30
-6
30
66
90
121
165
199
224
249
274
286
312
337
362
398
405
419
428
433
444
436
457
454
458
470
461
469
448
435
433
407
413
411
377
343
316
281
266
246
223
211
179
160
129
86
45
16
-13
-45
-90
-106
-131
-162
-176
-213
-237
-257
-289
-305
-334
-370
-390
-406
-426
-440
-446
-453
-464
-480
-483
-493
-487
-469
-479
-467
-441
-429
-428
-426
-428
-406
-371
-356
-322
-286
-266
-236
-219
-220
-202
-166
-139
-121
-106
-81
-41
-20
17
45
71
101
121
154
181
220
249
262
270
280
307
343
353
388
395
393
403
407
410
416
422
412
422
416
408
401
376
351
336
302
286
248
218
197
148
126
109
64
48
32
2
-24
-53
-76
-97
-130
-168
-192
-227
-255
-279
-303
-335
-355
-357
-376
-394
-419
-433
-470
-485
-475
-472
-481
-477
-464
-471
-478
-478
-466
-479
-482
-465
-444
-435
-431
-425
-417
-399
-377
-358
-345
-316
-306
-290
-270
-247
-196
-151
-126
-86
-61
-32
-4
20
62
91
115
135
159
188
227
270
296
308
350
382
391
408
405
410
428
440
465
472
471
461
452
455
438
435
417
399
401
381
382
363
338
338
310
296
282
258
230
195
155
121
74
28
-2
-29
-57
-81
-100
-126
-147
-172
-226
-256
-282
-312
-325
-340
-351
-366
-390
-412
-423
-431
-432
-426
-437
-439
-422
-433
-427
-422
-423
-394
-377
-366
-332
-335
-323
-318
-294
-293
-270
-222
-211
-182
-159
-145
-123
-112
-93
-73
-33
0
31
65
76
107
122
145
170
197
236
254
272
294
302
313
329
345
364
364
364
346
328
336
343
359
371
382
368
361
352
344
305
289
297
276
247
234
221
200
157
128
114
65
44
12
-25
-61
-98
-110
-120
-158
-178
-195
-228
-247
-270
-294
-304
-335
-355
-386
-401
-421
-421
-421
-441
-445
-450
-439
-450
-449
-445
-425
-434
-432
-421
-415
-408
-394
-368
-359
-323
-299
-295
-276
-242
-210
-173
-137
-96
-61
-43
-16
27
46
66
99
131
156
195
224
249
279
309
328
349
380
402
426
422
432
437
439
445
457
459
466
460
449
440
432
438
406
404
407
397
376
362
349
310
285
260
243
214
193
156
135
118
89
71
47
16
-10
-38
-75
-104
-129
-159
-195
-210
-234
-266
-282
-300
-325
-363
-376
-396
-416
-414
-394
-393
-414
-417
-438
-438
-436
-441
-435
-430
-433
-432
-429
-412
-402
-380
-353
-335
-314
-300
-278
-270
-237
-205
-164
-137
-111
-78
-64
-44
-23
11
44
69
95
116
142
178
211
229
231
249
258
265
280
314
336
357
356
372
402
397
399
378
374
376
381
373
375
363
344
324
331
335
293
300
286
249
240
212
188
169
137
113
78
63
43
20
4
-3
-30
-47
-61
-99
-108
-126
-149
-178
-200
-213
-212
-224
-238
-248
-239
-245
-241
-235
-246
-251
-269
-292
-288
-281
-289
-279
-273
-275
-283
-285
-274
-252
-242
-208
-181
-175
-148
-141
-104
-92
-78
-64
-44
-39
-16
-12
-4
43
51
97
128
152
183
204
214
216
251
284
318
330
348
348
348
365
373
384
395
405
404
398
375
359
350
358
342
319
318
300
282
260
249
233
206
170
144
126
94
60
24
7
-20
-38
-55
-84
-101
-138
-175
-194
-228
-253
-270
-296
-303
-321
-349
-364
-370
-385
-389
-403
-416
-415
-417
-441
-446
-434
-435
-441
-438
-425
-417
-419
-410
-401
-389
-368
-345
-324
-317
-300
-273
-263
-263
-239
-211
-197
-169
-142
-125
-102
-58
-29
-9
22
33
57
71
81
105
113
136
169
198
229
258
267
275
286
304
343
344
342
361
351
348
346
332
334
326
325
320
331
339
331
324
309
293
276
261
245
206
188
172
147
135
98
74
46
6
-22
-39
-54
-63
-76
-89
-93
-119
-142
-151
-169
-184
-213
-232
-249
-284
-276
-270
-280
-300
-297
-297
-299
-306
-314
-294
-307
-308
-300
-295
-290
-301
-286
-280
-286
-281
-274
-256
-251
-244
-218
-219
-216
-207
-179
-155
-136
-101
-104
-80
-63
-59
-55
-31
-11
-1
13
26
40
63
73
79
98
101
105
118
143
155
169
187
181
168
153
155
133
139
146
138
141
136
125
127
105
96
113
82
81
84
67
52
35
16
4
-24
-41
-53
-66
-78
-96
-106
-112
-116
-121
-131
-139
-147
-149
-160
-166
-182
-191
-192
-206
-202
-216
-215
-221
-209
-191
-196
-178
-169
-160
-146
-146
-140
-118
-111
-98
-79
-62
-55
-34
-25
-10
5
23
45
56
59
74
85
97
110
125
139
144
174
185
182
203
219
223
241
254
266
264
271
274
300
325
344
352
345
350
339
326
325
323
326
323
308
302
283
261
268
245
227
204
191
180
146
130
107
97
68
59
53
28
3
-3
-17
-44
-84
-103
-94
-96
-116
-131
-128
-133
-145
-156
-149
-143
-155
-156
-169
-178
-178
-184
-183
-175
-184
-192
-199
-200
-204
-191
-162
-171
-148
-135
-121
-104
-104
-87
-83
-77
-78
-72
-51
-38
-27
-4
-5
-5
4
25
37
40
47
50
64
57
70
91
79
98
119
133
140
148
163
161
163
164
164
178
179
198
205
184
189
183
188
190
179
170
164
160
144
135
122
97
84
59
48
47
39
17
19
14
9
-8
-34
-31
-29
-41
-64
-91
-91
-100
-105
-116
-130
-134
-127
-137
-147
-140
-151
-158
-158
-164
-172
-164
-167
-153
-143
-138
-139
-133
-127
-127
-125
-98
-70
-70
-58
-54
-43
-35
-24
-20
-4
1
-2
23
34
46
51
66
72
76
65
62
76
80
90
114
100
105
110
109
129
128
156
179
183
207
217
208
205
201
194
186
178
167
171
163
162
153
139
140
126
119
119
113
85
70
39
26
6
-23
-27
-44
-33
-45
-54
-64
-66
-69
-81
-80
-96
-96
-98
-111
-122
-128
-142
-143
-126
-119
-120
-112
-111
-119
-117
-129
-120
-114
-96
-81
-90
-86
-98
-86
-74
-77
-71
-63
-61
-45
-34
-29
-23
-12
4
-1
10
25
37
48
50
58
74
87
89
103
122
129
127
134
148
140
129
149
154
162
164
184
187
186
201
210
206
204
199
188
194
207
195
190
193
174
150
145
143
133
119
105
113
106
83
67
50
37
38
13
10
9
-9
-2
-15
-42
-48
-56
-56
-71
-76
-70
-76
-80
-78
-84
-94
-100
-89
-97
-101
-102
-109
-90
-91
-94
-88
-94
-90
-75
-66
-82
-90
-82
-73
-65
-50
-41
-36
-33
-28
-16
-28
1
17
23
38
62
88
111
126
144
148
147
162
178
191
200
200
194
222
213
198
231
235
231
234
219
211
213
196
199
198
192
197
180
178
176
167
167
161
144
131
116
128
110
82
72
62
49
29
7
-7
-14
-33
-35
-44
-45
-49
-55
-78
-66
-82
-87
-92
-87
-97
-93
-91
-100
-97
-124
-131
-142
-150
-137
-143
-125
-108
-115
-99
-86
-79
-77
-90
-75
-59
-62
-43
-38
-21
-10
1
14
32
40
56
62
56
54
65
77
98
119
131
137
142
135
142
155
170
190
200
211
207
211
211
216
211
210
216
208
208
218
211
219
222
211
221
215
213
199
200
184
158
148
141
127
126
116
109
108
93
87
72
65
54
54
48
39
38
21
8
13
-4
1
-8
-22
-22
-42
-48
-63
-87
-96
-99
-99
-100
-106
-98
-93
-81
-85
-94
-92
-104
-98
-102
-95
-94
-107
-115
-117
-107
-95
-79
-81
-75
-52
-23
-20
-10
-3
9
31
48
66
61
91
95
106
107
121
123
143
164
154
193
196
194
195
203
196
206
205
206
189
168
182
172
186
191
184
179
166
152
125
109
87
77
61
52
56
42
19
15
5
-20
-17
-21
-33
-42
-62
-64
-71
-93
-91
-95
-94
-114
-114
-119
-131
-130
-153
-137
-154
-145
-148
-161
-159
-163
-165
-147
-137
-130
-114
-114
-121
-114
-91
-91
-91
-87
-85
-62
-31
-40
-26
-20
-20
-6
12
20
40
60
67
78
90
81
91
105
112
120
133
144
154
161
157
161
166
184
183
175
180
167
156
156
140
149
142
155
134
129
133
123
144
130
134
125
108
117
97
89
96
88
84
79
61
56
45
23
13
0
-8
-24
-33
-31
-35
-52
-48
-53
-67
-82
-92
-116
-114
-103
-110
-125
-136
-118
-150
-157
-168
-177
-183
-206
-184
-195
-201
-203
-198
-209
-204
-193
-203
-184
-178
-187
-186
-156
-175
-182
-152
-134
-121
-117
-101
-93
-85
-74
-67
-56
-33
-22
0
31
41
44
50
65
84
94
103
111
119
119
111
108
106
124
140
131
128
124
111
99
88
82
90
91
85
83
78
67
39
41
29
35
23
24
7
-3
-13
-37
-45
-60
-50
-51
-50
-53
-51
-45
-67
-91
-97
-109
-118
-134
-140
-128
-138
-137
-140
-158
-155
-163
-159
-152
-151
-142
-131
-139
-144
-118
-108
-114
-95
-109
-114
-119
-120
-92
-73
-56
-30
-27
-37
-41
-59
-53
-45
-26
-19
-9
-5
7
2
14
24
26
53
60
74
83
82
76
90
97
117
125
115
91
97
106
100
109
117
125
119
97
93
81
71
62
46
45
32
20
10
-1
-17
-24
-25
-27
-35
-39
-44
-67
-66
-85
-83
-70
-72
-69
-79
-79
-86
-87
-91
-114
-123
-137
-142
-140
-150
-153
-152
-143
-145
-158
-166
-170
-165
-169
-166
-148
-147
-156
-163
-148
-147
-165
-138
-117
-91
-71
-71
-62
-59
-61
-42
-26
-20
-5
14
36
54
59
70
89
107
119
141
159
166
184
196
211
214
227
247
260
257
249
257
256
247
258
263
267
285
280
289
275
265
262
260
266
250
254
230
210
198
169
158
154
143
130
112
95
82
73
72
68
48
40
30
5
-9
-14
-34
-49
-68
-76
-79
-90
-92
-84
-83
-89
-104
-114
-113
-110
-115
-119
-115
-119
-136
-127
-128
-145
-155
-168
-168
-178
-171
-147
-141
-135
-135
-134
-111
-98
-97
-109
-104
-104
-111
-88
-79
-76
-84
-77
-64
-56
-28
-18
-1
31
37
47
51
37
32
35
43
62
58
60
70
66
68
63
67
68
81
75
71
78
77
69
55
49
46
22
13
7
-9
-16
-28
-55
-57
-74
-80
-91
-115
-117
-129
-123
-136
-159
-157
-160
-171
-189
-187
-200
-197
-191
-199
-194
-191
-175
-194
-194
-196
-204
-214
-219
-207
-211
-226
-222
-215
-212
-206
-200
-176
-173
-180
-179
-162
-150
-131
-122
-93
-76
-63
-48
-52
-53
-34
-41
-25
-10
7
26
35
27
32
50
44
66
82
82
94
93
91
92
86
91
86
111
124
142
155
152
138
135
133
132
123
109
117
121
126
143
128
122
105
91
86
67
51
41
38
26
13
4
-7
-9
-19
-29
-42
-67
-78
-92
-94
-104
-124
-131
-131
-144
-168
-168
-154
-150
-148
-155
-161
-171
-177
-181
-189
-185
-186
-196
-185
-184
-182
-181
-166
-156
-147
-133
-146
-128
-112
-127
-108
-91
-97
-94
-93
-84
-87
-72
-37
-30
0
21
20
42
48
53
62
77
91
99
135
150
157
180
175
181
184
197
208
213
218
222
228
221
217
211
212
208
194
182
177
174
169
157
156
143
128
113
104
122
120
115
95
77
61
62
50
23
23
6
3
-9
-26
-28
-34
-42
-49
-67
-71
-77
-73
-70
-87
-101
-110
-114
-113
-112
-109
-102
-88
-65
-67
-65
-72
-68
-60
-57
-58
-57
-58
-53
-36
-15
-11
-8
15
17
33
47
61
64
64
78
78
87
106
110
124
124
134
142
141
159
162
162
170
171
152
151
156
159
171
180
181
167
177
172
157
153
165
169
161
152
138
125
110
114
115
109
95
78
66
57
50
40
28
11
8
-1
-12
-20
-30
-43
-56
-86
-105
-123
-128
-128
-155
-150
-167
-197
-202
-208
-220
-226
-229
-232
-217
-214
-216
-209
-209
-191
-173
-177
-180
-174
-167
-140
-141
-119
-101
-99
-75
-76
-71
-59
-53
-25
-8
13
25
24
38
40
51
61
74
82
99
118
141
153
163
178
181
208
201
196
207
216
209
220
224
219
231
230
244
248
237
241
233
221
223
231
220
199
187
170
173
169
156
162
145
147
143
120
132
115
115
113
99
77
71
57
38
38
13
-5
-11
-23
-40
-52
-55
-67
-85
-101
-113
-117
-136
-158
-154
-163
-173
-191
-192
-173
-173
-174
-151
-158
-158
-138
-136
-126
-121
-113
-93
-93
-85
-93
-85
-81
-84
-74
-71
-59
-52
-38
-43
-35
-17
-12
13
22
31
36
48
53
64
75
83
92
88
105
98
101
110
111
117
120
130
119
115
129
127
126
131
126
119
103
115
120
104
99
94
95
87
75
74
71
58
56
51
22
6
-14
-19
-22
-35
-40
-47
-72
-79
-78
-90
-100
-110
-127
-136
-140
-153
-152
-156
-163
-146
-140
-153
-156
-172
-168
-163
-163
-158
-149
-138
-134
-147
-138
-141
-138
-133
-134
-128
-133
-128
-105
-98
-110
-100
-85
-66
-61
-49
-37
-33
-18
-11
-10
7
21
24
53
69
68
94
99
107
128
137
152
155
165
165
172
181
189
196
190
187
189
172
177
181
157
161
158
144
145
152
139
135
120
100
106
89
80
79
56
55
64
47
20
5
-7
-27
-46
-71
-91
-104
-113
-120
-127
-153
-160
-186
-203
-214
-229
-231
-230
-236
-249
-240
-269
-265
-267
-262
-260
-260
-244
-251
-244
-230
-227
-206
-192
-182
-167
-154
-135
-128
-121
-107
-104
-98
-75
-55
-43
-35
-18
-19
-22
-8
6
29
39
42
46
61
68
80
91
119
121
128
155
159
150
148
144
164
179
185
201
220
227
214
220
235
228
214
211
209
211
180
177
168
133
118
114
94
86
92
88
81
72
69
61
62
55
42
21
13
3
-9
-38
-36
-27
-39
-42
-45
-40
-57
-67
-76
-81
-87
-99
-87
-79
-85
-91
-86
-92
-99
-85
-72
-70
-78
-71
-72
-81
-78
-73
-69
-63
-49
-26
-22
-26
-1
2
-16
-14
15
30
50
56
71
93
98
97
91
105
111
111
115
128
129
130
138
151
162
171
172
172
176
175
185
199
190
178
194
200
180
183
175
175
167
156
143
134
125
116
109
90
87
90
83
88
87
68
67
57
50
39
29
14
3
12
1
-9
-14
-13
-24
-33
-28
-46
-51
-54
-71
-81
-91
-107
-96
-85
-77
-72
-66
-68
-68
-71
-75
-65
-61
-72
-65
-62
-53
-33
-29
-15
-5
-10
2
21
23
31
38
60
68
74
76
69
85
89
106
109
109
118
121
125
138
146
145
145
152
138
146
141
146
168
177
188
183
200
198
194
188
182
182
175
169
175
164
161
152
137
138
124
122
116
110
99
85
92
81
63
66
57
53
57
55
28
11
-1
-25
-42
-31
-33
-40
-38
-41
-61
-75
-90
-99
-108
-129
-124
-118
-132
-140
-138
-143
-149
-151
-139
-130
-151
-153
-152
-158
-152
-150
-151
-149
-133
-132
-120
-113
-108
-91
-90
-89
-82
-61
-51
-53
-30
-18
-2
12
8
-1
4
13
15
39
41
53
72
68
74
68
73
69
76
99
105
113
127
131
117
110
121
138
141
132
127
128
100
100
101
98
106
93
96
106
96
75
59
55
44
13
-18
-8
-16
-39
-48
-49
-64
-76
-65
-77
-87
-96
-107
-106
-109
-120
-138
-143
-156
-172
-179
-170
-167
-172
-163
-156
-163
-157
-149
-151
-141
-144
-139
-137
-144
-120
-109
-110
-85
-70
-55
-38
-22
8
17
31
27
31
48
58
61
65
83
105
108
115
122
135
137
149
164
160
172
171
176
188
187
200
214
224
223
218
234
227
219
216
217
216
211
208
210
205
198
190
179
158
153
157
155
148
137
144
135
108
97
89
79
71
65
66
54
41
39
22
-4
0
-4
-2
2
-8
-8
-13
-21
-37
-30
-36
-46
-43
-50
-60
-62
-74
-92
-85
-86
-77
-73
-74
-68
-61
-64
-53
-63
-65
-55
-68
-72
-59
-55
-57
-34
-41
-22
-8
-11
-8
6
16
24
30
28
37
52
62
76
80
81
93
89
88
102
86
95
96
93
88
93
103
94
105
104
108
110
96
102
89
77
80
83
63
58
59
53
53
47
48
50
33
33
46
24
19
11
-4
-3
-24
-42
-36
-40
-35
-51
-58
-62
-55
-48
-60
-53
-48
-39
-38
-41
-27
-31
-29
-19
-22
-22
-30
-12
-1
-10
3
0
6
6
6
5
1
14
14
20
23
18
39
47
51
71
68
73
83
85
91
89
88
83
91
91
97
104
109
107
104
102
105
106
101
103
100
95
83
69
85
103
98
94
101
97
88
100
90
79
59
50
50
38
26
20
31
21
4
-13
-20
-28
-43
-52
-59
-62
-72
-71
-88
-90
-104
-114
-130
-133
-142
-166
-157
-162
-161
-171
-174
-174
-170
-163
-177
-177
-190
-190
-200
-211
-202
-196
-206
-200
-201
-213
-194
-177
-172
-156
-146
-132
-116
-114
-110
-102
-111
-103
-87
-72
-66
-54
-40
-40
-39
-30
-21
-17
4
11
5
18
43
43
45
43
39
58
61
77
77
75
83
92
97
93
103
106
99
100
103
89
88
91
93
102
98
91
89
73
82
73
71
77
64
53
55
45
32
32
17
18
21
13
-4
-14
-7
-11
-7
-14
-16
-37
-39
-40
-52
-48
-60
-72
-73
-75
-77
-75
-80
-83
-95
-95
-119
-107
-116
-125
-122
-114
-102
-112
-97
-110
-105
-90
-96
-103
-105
-83
-84
-69
-74
-72
-62
-67
-50
-49
-39
-41
-42
-50
-43
-28
-6
-4
0
2
3
3
-14
5
19
18
25
37
34
27
38
37
36
51
61
48
52
47
37
30
32
27
16
7
3
-17
-24
-21
-32
-38
-44
-36
-37
-44
-60
-65
-63
-59
-54
-56
-58
-63
-68
-78
-83
-85
-85
-86
-93
-96
-101
-106
-110
-116
-115
-118
-127
-131
-126
-124
-129
-129
-133
-132
-126
-122
-122
-111
-105
-102
-106
-102
-87
-95
-100
-104
-94
-100
-86
-69
-61
-39
-40
-26
-14
-17
-7
9
-1
12
15
23
33
28
31
35
47
54
48
52
53
55
46
41
41
38
33
31
29
26
40
31
31
42
30
37
36
40
46
29
24
20
19
11
8
11
5
16
12
8
-2
-15
-6
-13
-31
-32
-32
-39
-39
-38
-55
-52
-62
-77
-72
-89
-104
-107
-102
-117
-135
-130
-139
-135
-140
-138
-137
-148
-137
-138
-134
-139
-127
-118
-119
-108
-114
-118
-111
-90
-80
-75
-69
-46
-46
-44
-20
-22
-9
-7
-2
12
9
16
21
24
43
46
45
58
63
60
68
64
51
54
61
70
67
62
71
72
64
61
63
62
58
57
64
57
64
61
68
66
61
67
57
62
53
44
34
26
36
40
25
18
30
25
18
32
25
21
17
5
1
8
10
16
18
12
9
5
10
-1
-3
-3
3
8
14
21
18
33
27
28
36
35
40
32
45
50
47
54
54
55
47
58
52
54
37
45
52
54
72
69
63
58
69
85
85
85
95
97
88
70
77
75
65
70
59
50
63
77
86
61
58
73
65
66
52
47
47
47
44
44
25
28
20
14
7
-5
15
12
6
9
2
17
20
6
11
9
7
-8
-6
-22
-21
-20
-31
-22
-35
-44
-47
-31
-58
-59
-58
-74
-68
-72
-89
-87
-89
-109
-112
-99
-101
-102
-113
-108
-98
-106
-99
-100
-97
-107
-94
-83
-72
-63
-60
-44
-42
-48
-55
-35
-21
-24
-18
-4
7
-8
-3
-4
-4
-8
-6
-13
-18
-13
-8
-4
-13
-11
-12
-19
-30
-15
-18
-30
-41
-39
-29
-30
-25
-22
-33
-29
-31
-31
-40
-34
-26
-22
-16
3
4
11
18
3
-1
-8
0
-11
-10
5
5
17
24
28
19
13
10
-5
0
-11
-24
-26
-26
-28
-35
-36
-50
-62
-48
-49
-75
-78
-83
-77
-78
-90
-93
-93
-99
-98
-72
-80
-81
-90
-101
-87
-89
-96
-95
-83
-89
-100
-82
-76
-84
-85
-69
-57
-63
-76
-66
-53
-45
-47
-39
-29
-45
-36
-21
-24
-29
-29
-23
-20
-19
-4
-12
-3
-2
5
13
11
14
16
19
19
17
13
28
26
26
37
46
32
31
29
26
31
26
31
31
28
36
41
49
46
41
39
29
16
7
2
-8
-7
-8
-10
-7
-14
-21
-24
-36
-42
-64
-82
-72
-80
-97
-95
-98
-98
-101
-96
-76
-83
-75
-69
-59
-45
-41
-30
-23
-16
-13
-5
22
33
34
39
52
51
58
67
62
66
55
49
64
59
74
75
87
85
85
92
86
81
81
78
75
97
75
63
68
64
58
64
55
40
27
31
21
11
22
32
15
15
14
18
7
1
5
10
8
9
6
7
10
3
-10
-7
1
-5
8
10
11
10
6
6
5
-13
-12
-13
-36
-51
-61
-61
-65
-69
-76
-96
-95
-89
-78
-78
-87
-75
-68
-63
-62
-65
-67
-74
-90
-81
-76
-81
-83
-76
-72
-71
-61
-68
-62
-47
-47
-44
-39
-24
-24
-24
-11
-16
-17
-17
-13
-8
-6
3
3
11
20
22
27
18
16
7
-2
-5
-2
3
9
12
-10
-12
-16
-26
-28
-40
-31
-35
-52
-45
-51
-54
-55
-50
-56
-77
-71
-52
-62
-64
-81
-95
-91
-86
-96
-89
-86
-87
-88
-79
-80
-81
-90
-90
-99
-102
-110
-121
-103
-94
-92
-101
-93
-89
-81
-83
-76
-57
-38
-34
-24
-28
-25
-28
-27
-22
-18
-5
0
12
7
13
13
23
21
19
24
12
18
25
25
32
33
29
29
56
70
65
24
-15
-17
-4
-7
-35
-52
-66
-46
-36
-30
-31
-61
-95
-65
-33
-26
-33
-51
-45
-34
-33
-53
-49
-48
-54
-64
-60
-54
-54
-54
-68
-77
-91
-100
-108
-105
-93
-92
-110
-118
-125
-132
-147
-158
-170
-157
-153
-140
-136
-135
-131
-139
-118
-112
-119
-122
-128
-116
-108
-101
-106
-109
-98
-98
-113
-108
-91
-101
-82
-56
-51
-46
-42
-41
-37
-37
-32
-28
-20
-36
-31
-12
-13
-8
5
6
2
23
26
35
38
29
25
28
19
15
15
12
20
23
16
27
28
22
22
20
22
28
26
12
27
16
6
16
10
13
12
11
5
-3
-9
-22
-19
-18
-30
-30
-36
-36
-49
-53
-43
-56
-60
-60
-64
-74
-68
-74
-94
-86
-90
-93
-101
-95
-84
-90
-91
-98
-100
-107
-102
-111
-103
-105
-101
-88
-87
-91
-85
-85
-95
-99
-111
-106
-105
-98
-86
-78
-82
-94
-70
-70
-62
-52
-48
-34
-44
-47
-48
-57
-61
-57
-67
-56
-49
-50
-38
-18
-30
-15
-23
-15
-1
-30
-15
-24
-22
-15
-34
-29
-28
-26
-36
-46
-47
-65
-62
-76
-78
-74
-60
-62
-68
-65
-78
-74
-92
-95
-92
-102
-100
-98
-99
-89
-98
-119
-109
-116
-125
-129
-119
-126
-128
-128
-127
-122
-131
-120
-131
-136
-126
-132
-137
-141
-126
-100
-94
-78
-84
-74
-64
-61
-62
-45
-37
-51
-56
-54
-52
-66
-45
-42
-48
-37
-44
-37
-20
-9
-10
-2
4
0
10
29
31
20
11
20
33
35
33
34
49
58
57
60
56
59
65
59
39
46
58
44
53
36
40
40
31
37
39
32
15
19
5
4
11
15
8
11
-1
-10
-18
-23
-23
-37
-35
-19
-25
-30
-10
-28
-37
-39
-40
-52
-38
-33
-50
-53
-58
-57
-56
-49
-53
-51
-51
-47
-38
-40
-34
-39
-17
4
16
28
37
32
19
25
29
36
26
23
31
33
52
47
59
68
44
50
49
54
51
48
69
68
77
84
85
88
100
102
104
101
99
93
91
104
92
101
103
102
109
95
101
101
88
89
96
87
82
77
72
75
56
69
65
54
55
54
55
51
45
39
26
4
-3
1
8
6
18
-5
-15
-28
-21
-28
-16
-23
-35
-23
-20
-19
-32
-20
-27
-21
-24
-22
-30
-14
-18
-10
-7
7
17
20
13
14
22
22
19
19
21
15
25
37
40
14
-32
-19
-18
13
38
11
-14
-17
33
49
80
60
29
41
59
99
77
40
59
59
83
128
125
100
82
94
107
122
140
113
106
115
124
141
113
103
102
112
116
92
86
41
55
60
65
66
27
36
28
66
57
50
30
19
24
24
49
37
21
19
15
27
33
30
-14
-10
-28
-28
-11
-41
-31
-57
-31
-36
-29
-51
-52
-75
-72
-64
-69
-80
-99
-112
-123
-104
-112
-102
-117
-99
-69
-68
-58
-83
-80
-53
-64
-35
-50
-30
-47
-45
-35
-43
-19
-8
-5
-32
-6
14
18
14
27
18
30
16
49
58
29
35
30
38
46
27
32
32
30
40
30
55
48
27
26
6
28
30
22
37
31
-4
8
3
-1
-2
-35
21
-30
-12
-30
-37
-10
-30
-6
-46
-58
-76
-48
-56
-70
-61
-68
-75
-36
-50
-45
-50
-70
-45
-80
-60
-61
-72
-50
-44
-34
-35
-13
-15
-35
-30
-33
-30
-17
-43
-24
-6
-26
-15
-24
-28
-11
-9
-13
-23
-15
-17
-13
-3
3
35
21
51
42
43
44
59
56
35
73
64
91
73
83
90
85
89
