-61
-62
-57
-65
-98
-109
-128
-128
-122
-110
-101
-113
-106
-91
-86
-99
-106
-123
-109
-114
-147
-124
-123
-116
-113
-119
-116
-114
-116
-127
-128
-153
-170
-147
-150
-144
-134
-136
-132
-143
-127
-112
-91
-89
-97
-98
-89
-96
-91
-109
-110
-119
-130
-107
-111
-107
-126
-123
-132
-102
-70
-92
-99
-114
-114
-128
-148
-136
-108
-122
-140
-144
-129
-72
-67
-76
-105
-121
-127
-159
-142
-109
-127
-141
-146
-151
-113
-110
-107
-125
-145
-143
-153
-152
-128
-112
-114
-143
-146
-141
-100
-59
-73
-72
-59
-75
-81
-81
-77
-64
-75
-81
-69
-61
-68
-53
-50
-24
1
-11
15
25
16
-9
-33
-26
8
4
-12
-36
-42
8
19
36
13
-14
-51
-71
-48
-12
5
-19
-35
-69
-71
-46
-18
32
30
-1
-30
-64
-42
-35
-65
-83
-118
-135
-105
-99
-68
-69
-89
-103
-132
-115
-102
-99
-100
-105
-103
-85
-63
-38
-40
-63
-57
-56
-30
-16
-28
-39
-51
-52
-36
-27
-25
-34
-48
-38
-30
-24
-1
14
15
-1
-8
-2
-1
-11
-25
-41
-62
-62
-62
-51
-20
-32
-21
-25
-62
-39
-42
-48
-55
-112
-154
-172
-186
-181
-171
-185
-160
-133
-175
-154
-138
-169
-152
-164
-182
-183
-171
-150
-123
-115
-114
-99
-81
-59
-26
-42
-53
-39
-24
-43
-38
-41
-90
-78
-61
-32
-30
-47
-30
-46
-53
-40
-53
-44
-75
-116
-118
-125
-104
-71
-47
-45
-48
-36
-51
-55
-52
-42
-58
-100
-113
-114
-138
-152
-165
-164
-163
-184
-196
-168
-142
-146
-161
-172
-164
-181
-186
-175
-164
-164
-164
-150
-143
-90
-87
-96
-83
-69
-51
-52
-47
-43
-33
-27
-9
17
32
72
62
26
19
25
40
25
4
-4
16
43
62
105
137
121
117
92
89
101
112
97
66
35
24
22
17
43
68
40
1
-39
-39
-19
-25
-58
-86
-104
-130
-130
-117
-82
-75
-99
-106
-85
-56
-47
-62
-79
-69
-73
-103
-116
-115
-128
-133
-133
-132
-93
-74
-79
-67
-80
-86
-102
-124
-120
-109
-124
-145
-130
-90
-63
-50
-54
-63
-64
-64
-47
-51
-49
-67
-113
-116
-107
-99
-102
-103
-112
-119
-123
-128
-117
-113
-127
-128
-143
-176
-172
-177
-154
-128
-106
-80
-89
-88
-97
-103
-75
-84
-88
-118
-138
-126
-146
-127
-111
-112
-94
-109
-119
-111
-126
-111
-86
-92
-87
-98
-107
-91
-72
-63
-46
-38
-49
-19
1
-2
-2
-17
-18
-26
-30
-42
-50
-75
-85
-63
-42
-37
-61
-70
-38
-25
3
3
-47
-90
-127
-125
-94
-62
-48
-41
-48
-67
-42
-44
-57
-76
-123
-180
-223
-208
-203
-160
-145
-149
-126
-108
-89
-79
-86
-71
-81
-96
-92
-125
-117
-111
-103
-87
-70
-44
-39
-47
-50
-37
-24
-35
-61
-99
-134
-138
-143
-126
-137
-122
-99
-117
-116
-110
-109
-74
-52
-74
-101
-120
-101
-98
-96
-89
-71
-70
-81
-109
-118
-93
-79
-102
-130
-155
-190
-192
-176
-170
-181
-190
-198
-186
-186
-196
-186
-187
-182
-180
-202
-192
-173
-157
-117
-82
-55
-28
-16
-4
-29
-21
-34
-48
-71
-91
-92
-102
-98
-80
-40
-40
-35
-48
-61
-53
-52
-23
-31
-56
-68
-93
-67
-64
-69
-28
-16
-16
-10
-3
12
16
16
25
-4
-34
-57
-75
-57
-85
-114
-112
-132
-144
-161
-155
-133
-124
-120
-162
-170
-207
-198
-169
-146
-122
-123
-119
-92
-66
-64
-80
-92
-94
-133
-123
-115
-86
-89
-87
-72
-53
-60
-62
-51
-74
-74
-84
-79
-78
-79
-83
-82
-54
-46
-29
-19
-29
-21
-25
-58
-71
-76
-73
-94
-121
-120
-136
-128
-128
-106
-91
-116
-130
-140
-118
-119
-134
-177
-207
-224
-195
-183
-182
-191
-191
-172
-141
-81
-78
-88
-84
-98
-107
-120
-146
-166
-153
-163
-193
-158
-129
-102
-98
-104
-87
-94
-103
-107
-136
-128
-148
-178
-148
-141
-146
-132
-116
-117
-114
-102
-99
-111
-163
-180
-154
-123
-82
-77
-75
-79
-65
-56
-43
-27
-35
-38
-59
-86
-90
-109
-106
-99
-117
-111
-106
-101
-76
-65
-79
-69
-109
-164
-174
-181
-164
-172
-198
-197
-181
-156
-134
-138
-144
-155
-162
-155
-146
-117
-127
-161
-171
-161
-130
-81
-53
-41
-42
-38
9
43
32
-18
-68
-108
-101
-86
-67
-64
-73
-56
-72
-65
-42
-31
-34
-43
-76
-72
-77
-73
-58
-54
-55
-74
-56
-33
-8
18
28
37
6
-26
-39
-43
-61
-110
-131
-107
-78
-84
-105
-91
-96
-62
-57
-64
-44
-55
-61
-81
-69
-48
-59
-64
-74
-78
-50
-30
-8
15
1
-54
-81
-76
-91
-109
-138
-134
-126
-132
-112
-117
-129
-141
-135
-116
-104
-119
-151
-171
-173
-181
-187
-170
-158
-147
-151
-140
-126
-133
-155
-177
-208
-236
-237
-252
-258
-245
-246
-247
-230
-233
-224
-226
-249
-215
-204
-205
-221
-226
-228
-225
-217
-177
-160
-157
-161
-157
-136
-127
-141
-158
-152
-162
-170
-153
-143
-167
-142
-114
-120
-106
-102
-62
-18
-40
-50
-75
-97
-88
-90
-92
-85
-41
-29
-25
14
27
67
75
14
-24
-45
-42
-41
-61
-58
-62
-66
-42
-28
-32
-24
-36
-34
-30
-48
-35
-26
-15
-38
-48
-19
3
18
36
42
64
79
45
41
18
-5
-16
-54
-53
-53
-48
-36
-46
-62
-83
-82
-59
-65
-77
-108
-137
-131
-120
-110
-100
-71
-66
-48
-22
12
43
43
-10
-56
-69
-56
-67
-89
-114
-136
-125
-139
-100
-83
-99
-66
-61
-86
-128
-122
-120
-119
-125
-155
-166
-164
-147
-111
-64
-50
-47
-51
-56
-54
-85
-131
-174
-193
-193
-197
-193
-178
-197
-189
-179
-146
-127
-144
-177
-221
-210
-209
-216
-216
-229
-245
-239
-232
-181
-129
-113
-101
-110
-104
-125
-142
-136
-125
-143
-150
-175
-167
-157
-161
-159
-139
-109
-112
-97
-91
-84
-90
-110
-125
-110
-107
-105
-104
-81
-68
-68
-52
-26
-5
-51
-93
-96
-105
-98
-92
-99
-110
-151
-157
-110
-58
-32
-28
-41
-58
-54
-40
-22
-42
-100
-136
-141
-128
-75
-58
-52
-50
-56
-73
-82
-70
-86
-115
-146
-149
-138
-118
-128
-151
-143
-154
-125
-104
-93
-87
-111
-120
-90
-71
-72
-107
-132
-123
-120
-95
-77
-46
-17
-23
-32
-58
-86
-99
-105
-97
-110
-148
-172
-157
-128
-97
-110
-110
-98
-106
-122
-126
-123
-143
-168
-178
-191
-172
-166
-138
-108
-126
-136
-164
-128
-110
-132
-178
-181
-190
-191
-170
-162
-147
-150
-137
-111
-78
-94
-121
-184
-178
-175
-181
-164
-184
-175
-163
-153
-150
-128
-93
-100
-137
-174
-176
-170
-154
-164
-211
-217
-233
-232
-211
-198
-172
-164
-154
-142
-168
-147
-153
-197
-220
-247
-237
-220
-228
-252
-240
-239
-210
-167
-157
-149
-174
-200
-211
-192
-166
-183
-198
-198
-204
-132
-90
-77
-54
-67
-65
-45
-36
-47
-63
-86
-84
-55
-44
-25
-8
-5
-1
-5
-15
-19
-29
-48
-55
-87
-114
-112
-118
-99
-74
-78
-57
-26
-7
39
41
14
20
15
-24
-47
-47
-73
-58
-69
-75
-54
-51
-61
-62
-78
-108
-136
-182
-190
-215
-220
-245
-250
-239
-226
-171
-140
-116
-112
-113
-91
-73
-57
-41
-73
-123
-145
-139
-110
-86
-54
-42
-37
-21
-21
-29
-36
-58
-82
-132
-168
-195
-178
-159
-141
-124
-102
-95
-81
-64
-66
-46
-64
-74
-106
-112
-116
-122
-147
-124
-102
-100
-98
-126
-122
-139
-141
-166
-214
-259
-253
-265
-268
-281
-286
-229
-197
-196
-219
-219
-207
-175
-178
-163
-194
-208
-187
-194
-171
-154
-146
-120
-141
-124
-91
-112
-88
-72
-72
-109
-128
-137
-145
-117
-98
-96
-80
-71
-90
-68
-52
-90
-103
-99
-75
-91
-97
-79
-61
-28
-18
-35
-40
-54
-73
-76
-87
-54
-51
-54
-70
-83
-75
-56
-16
-8
-6
-38
-74
-75
-54
-35
-63
-64
-72
-77
-86
-71
-42
0
3
8
5
-36
-32
-45
-33
-37
-33
-49
-45
-60
-61
-63
-48
-15
2
-4
-43
-52
-64
-67
-98
-84
-80
-102
-128
-152
-134
-99
-70
-61
-81
-104
-123
-118
-119
-102
-139
-158
-167
-198
-163
-138
-112
-107
-100
-105
-113
-125
-137
-143
-127
-152
-186
-211
-239
-203
-189
-164
-129
-163
-176
-179
-172
-146
-127
-140
-163
-173
-198
-208
-211
-186
-151
-144
-115
-52
-55
-48
-90
-132
-125
-135
-138
-144
-169
-170
-183
-159
-102
-93
-108
-162
-153
-143
-136
-169
-175
-180
-190
-215
-220
-198
-183
-159
-132
-94
-124
-153
-156
-147
-144
-163
-192
-200
-201
-188
-137
-111
-95
-104
-106
-104
-128
-103
-114
-147
-171
-179
-171
-180
-141
-110
-96
-93
-61
-28
-11
-19
-25
-32
-26
-66
-73
-59
-54
-72
-110
-71
-50
-54
-94
-116
-106
-115
-137
-115
-115
-155
-196
-241
-209
-188
-200
-183
-129
-117
-134
-149
-162
-145
-168
-170
-168
-171
-172
-168
-166
-149
-151
-174
-164
-152
-144
-142
-165
-176
-159
-151
-179
-192
-168
-168
-179
-168
-107
-65
-95
-108
-86
-63
-59
-70
-36
-39
-27
-51
-46
-25
-33
-57
-47
-36
-65
-83
-80
-57
-85
-99
-115
-119
-100
-90
-95
-78
-48
-50
-48
-69
-62
-90
-115
-118
-109
-126
-131
-119
-98
-80
-128
-118
-111
-105
-131
-203
-243
-240
-260
-251
-211
-204
-205
-237
-192
-147
-104
-125
-156
-181
-199
-195
-165
-125
-109
-127
-160
-122
-79
-35
-27
-51
-65
-69
-95
-75
-36
-57
-72
-106
-111
-96
-111
-137
-104
-68
-70
-50
-34
0
-33
-74
-107
-125
-95
-95
-92
-63
-84
-110
-107
-86
-48
-53
-72
-80
-108
-141
-160
-168
-165
-191
-222
-225
-202
-169
-146
-150
-145
-140
-147
-153
-151
-132
-148
-168
-180
-175
-129
-133
-135
-117
-114
-118
-132
-119
-105
-99
-142
-150
-161
-172
-165
-135
-92
-91
-103
-118
-89
-68
-79
-93
-99
-126
-159
-119
-91
-70
-98
-126
-88
-86
-89
-92
-117
-130
-161
-186
-183
-177
-181
-207
-230
-234
-207
-157
-150
-141
-170
-196
-200
-166
-140
-151
-169
-193
-210
-214
-209
-176
-144
-146
-169
-182
-204
-195
-200
-205
-185
-184
-213
-233
-216
-205
-185
-161
-116
-92
-99
-101
-88
-86
-80
-90
-103
-87
-84
-108
-119
-115
-117
-117
-137
-150
-159
-167
-173
-181
-169
-184
-191
-205
-225
-216
-232
-202
-172
-172
-189
-202
-212
-201
-197
-202
-195
-199
-204
-234
-206
-180
-157
-166
-168
-172
-188
-199
-199
-202
-200
-205
-192
-150
-138
-135
-140
-98
-58
-66
-69
-79
-75
-66
-61
-43
-23
-12
-12
-19
-34
-42
-38
-22
-6
-8
-53
-69
-95
-86
-78
-95
-109
-101
-82
-74
-52
-7
24
1
-27
-53
-43
-46
-78
-76
-84
-95
-102
-112
-107
-103
-122
-120
-134
-135
-135
-177
-193
-207
-179
-161
-150
-133
-112
-111
-111
-110
-98
-91
-100
-96
-92
-94
-116
-119
-98
-87
-102
-120
-150
-140
-101
-64
-57
-76
-95
-111
-94
-96
-101
-98
-103
-115
-140
-130
-107
-64
-30
-12
-2
-22
-53
-65
-53
-61
-80
-107
-141
-133
-137
-136
-126
-134
-165
-174
-177
-184
-150
-154
-167
-179
-189
-155
-164
-152
-133
-120
-119
-110
-80
-35
-31
-57
-80
-68
-51
-77
-88
-99
-120
-117
-116
-103
-98
-98
-83
-91
-89
-77
-51
-56
-66
-67
-81
-45
-49
-37
-15
-12
10
30
38
0
-11
-5
-3
-7
-23
-4
10
-2
-20
-11
-13
-18
-16
-37
-38
-61
-88
-76
-75
-77
-86
-87
-85
-77
-76
-59
-58
-55
-56
-48
-31
-22
-49
-73
-92
-119
-125
-128
-113
-106
-116
-122
-126
-103
-83
-49
-48
-71
-85
-103
-102
-107
-107
-89
-92
-90
-74
-65
-52
-31
-3
26
28
-13
-20
-28
-59
-66
-73
-97
-125
-146
-135
-86
-72
-59
-74
-99
-102
-124
-102
-85
-59
-58
-50
-40
-35
-26
-50
-52
-55
-86
-115
-107
-84
-72
-107
-107
-86
-83
-107
-135
-120
-94
-84
-122
-140
-145
-163
-170
-170
-117
-83
-73
-54
-27
-29
-50
-80
-72
-56
-64
-50
-60
-87
-140
-135
-110
-55
-45
-75
-112
-102
-95
-74
-55
-78
-83
-124
-136
-138
-126
-109
-114
-116
-94
-85
-85
-46
-29
-25
-61
-72
-73
-92
-102
-120
-115
-96
-121
-143
-123
-104
-118
-133
-127
-108
-96
-96
-78
-60
-56
-54
-29
-23
-39
-23
-8
16
23
24
37
59
58
51
53
54
55
48
56
48
51
30
15
54
84
106
79
32
26
18
17
16
31
59
39
15
42
57
74
66
67
81
33
-16
-20
20
15
16
4
11
19
-21
-52
-50
-29
-57
-78
-77
-94
-113
-126
-109
-95
-87
-84
-86
-92
-72
-78
-63
-43
-25
-44
-84
-86
-80
-66
-51
-33
-59
-60
-64
-50
-20
-18
-15
-12
-9
-13
-23
-31
-36
-39
-51
-79
-81
-64
-39
-8
13
41
69
69
29
-6
-34
-81
-89
-74
-78
-87
-93
-89
-48
-10
-1
8
5
-24
-57
-50
-31
-52
-65
-89
-90
-90
-94
-62
-55
-42
-31
-26
-36
-29
-27
-51
-42
-31
-16
-44
-60
-61
-41
-11
1
8
-2
-27
-73
-25
13
16
-7
-24
-13
-25
-15
-12
-13
-13
-5
-27
-12
14
26
18
9
9
-18
-40
-50
-50
-69
-101
-114
-76
-54
-45
-44
-25
1
8
-8
-6
-20
-53
-66
-44
-19
-2
-15
-9
-38
-37
-32
-50
-19
-22
-51
-84
-84
-89
-101
-105
-82
-63
-74
-110
-97
-61
-69
-97
-126
-112
-111
-146
-174
-165
-151
-151
-121
-92
-71
-98
-102
-83
-54
-64
-113
-142
-149
-149
-175
-198
-176
-166
-182
-196
-185
-131
-158
-204
-208
-180
-184
-205
-207
-172
-177
-187
-168
-137
-125
-129
-143
-146
-145
-166
-155
-154
-150
-163
-180
-164
-141
-152
-164
-174
-136
-110
-99
-100
-121
-130
-142
-146
-125
-81
-85
-115
-134
-107
-79
-76
-66
-64
-51
-62
-77
-79
-66
-90
-100
-87
-77
-86
-110
-77
-51
-58
-82
-86
-64
-42
-65
-91
-104
-95
-74
-78
-72
-70
-94
-92
-72
-52
-59
-58
-72
-77
-82
-91
-69
-32
-37
-84
-115
-94
-87
-72
-80
-96
-104
-133
-147
-144
-124
-139
-190
-194
-169
-129
-124
-139
-153
-166
-203
-201
-183
-190
-206
-233
-209
-180
-179
-215
-203
-163
-158
-172
-183
-181
-192
-204
-223
-203
-213
-245
-271
-266
-236
-230
-242
-224
-191
-170
-174
-181
-156
-170
-202
-226
-201
-182
-190
-218
-216
-196
-189
-172
-176
-178
-194
-238
-226
-195
-174
-177
-212
-232
-232
-226
-229
-208
-213
-229
-267
-250
-225
-225
-240
-244
-236
-223
-214
-222
-229
-235
-254
-261
-226
-201
-219
-251
-272
-268
-233
-230
-231
-224
-202
-201
-185
-170
-153
-159
-175
-177
-164
-166
-164
-142
-137
-144
-160
-164
-147
-128
-141
-118
-112
-137
-155
-176
-145
-131
-133
-138
-126
-117
-107
-106
-114
-107
-122
-139
-130
-115
-93
-113
-114
-123
-138
-139
-139
-141
-157
-169
-157
-114
-92
-92
-121
-138
-145
-151
-157
-140
-137
-153
-175
-156
-128
-120
-122
-143
-153
-155
-173
-172
-142
-116
-136
-175
-185
-162
-139
-146
-131
-110
-125
-134
-134
-113
-101
-137
-147
-145
-119
-109
-101
-84
-81
-95
-137
-119
-93
-115
-168
-182
-170
-155
-159
-150
-137
-138
-172
-190
-163
-157
-162
-183
-167
-144
-164
-174
-179
-172
-189
-220
-223
-207
-199
-222
-216
-192
-185
-200
-234
-219
-195
-197
-215
-230
-209
-213
-219
-188
-164
-172
-200
-193
-175
-164
-156
-146
-131
-120
-128
-150
-153
-137
-140
-152
-130
-101
-102
-106
-122
-106
-82
-104
-104
-92
-84
-91
-99
-117
-99
-99
-135
-129
-111
-127
-149
-170
-164
-150
-152
-160
-149
-138
-161
-177
-162
-134
-137
-167
-178
-151
-148
-142
-132
-115
-97
-118
-108
-60
-30
-60
-80
-76
-51
-67
-75
-47
-47
-53
-90
-75
-34
-26
-36
-23
-25
-19
-37
-39
-27
-29
-33
-41
-8
29
22
-8
13
7
-1
-6
-10
-8
-34
-62
-76
-50
-33
-28
-41
-47
-52
-75
-73
-74
-58
-70
-116
-143
-146
-136
-117
-106
-108
-121
-102
-53
-13
4
-15
-43
-70
-78
-92
-71
-50
-50
-49
-64
-29
33
49
14
-21
-40
-37
-34
-10
0
-16
-44
-86
-62
-36
-57
-84
-102
-92
-64
-55
-53
-72
-89
-100
-100
-95
-77
-52
-66
-85
-86
-96
-114
-115
-99
-123
-139
-148
-132
-126
-118
-138
-144
-153
-180
-172
-160
-154
-171
-155
-155
-158
-131
-114
-100
-106
-150
-173
-144
-116
-76
-66
-73
-62
-52
-17
22
36
25
1
-15
-20
1
33
41
22
14
22
28
27
14
14
-14
-4
-1
-16
-10
-23
-17
-4
-10
2
2
-7
-29
-44
-24
-12
-27
-57
-58
-80
-79
-62
-65
-62
-89
-99
-112
-103
-108
-118
-115
-105
-93
-90
-87
-75
-59
-45
-22
-13
-30
-38
-45
-47
-41
-32
-21
9
6
1
5
4
19
32
47
34
12
-3
6
10
34
33
23
20
2
1
-6
10
31
52
58
65
56
50
75
67
66
56
41
60
56
65
78
69
48
38
43
47
40
28
-6
-34
-52
-42
-23
-18
-3
-14
21
48
44
39
21
16
16
13
5
15
26
35
50
34
38
55
38
36
17
1
-10
-35
-18
-4
-6
-12
-48
-62
-51
-31
-12
-5
-1
-32
-43
-25
3
34
41
33
27
26
33
70
100
104
96
96
113
132
111
87
66
70
79
53
42
40
56
45
51
59
57
40
7
26
35
29
34
43
53
54
76
101
109
117
99
89
98
93
108
107
89
85
85
91
109
125
111
79
68
85
89
80
79
88
80
72
69
100
112
75
83
122
146
137
110
87
91
74
55
63
107
112
88
84
97
104
110
126
120
117
92
69
49
52
60
36
34
37
44
36
47
77
86
101
100
103
96
78
51
32
23
26
8
6
42
63
64
62
78
68
43
25
-2
-33
-67
-59
-33
-27
-24
-44
-56
-59
-68
-69
-36
-5
-16
-42
-44
-47
-76
-86
-82
-84
-84
-76
-71
-52
-53
-42
-38
-52
-55
-74
-79
-76
-64
-59
-63
-56
-51
-35
-41
-44
-29
-39
-55
-72
-80
-68
-50
-62
-56
-30
5
31
55
67
53
45
58
73
93
68
38
29
12
22
21
36
59
71
44
25
36
19
-11
-22
-35
-35
-47
-59
-80
-80
-92
-86
-70
-50
-46
-47
-38
0
2
-30
-45
-56
-45
-52
-71
-43
-33
-45
-54
-50
-37
-25
-30
-34
-7
2
-9
-51
-71
-70
-82
-73
-45
2
-3
-9
22
64
91
104
89
57
38
27
39
71
58
31
-5
-5
28
41
35
23
1
-41
-49
-77
-69
-74
-113
-123
-124
-86
-77
-93
-113
-130
-143
-138
-119
-136
-150
-173
-168
-147
-141
-123
-104
-106
-132
-132
-139
-133
-108
-120
-137
-154
-192
-206
-186
-170
-156
-169
-160
-167
-144
-120
-92
-58
-41
-40
-33
-21
-8
7
-2
0
-5
-3
-2
1
-6
-4
-16
6
30
43
43
9
-19
-34
-49
-57
-73
-65
-71
-83
-85
-67
-60
-60
-70
-74
-78
-73
-47
-41
-41
-66
-61
-55
-55
-53
-92
-108
-125
-142
-132
-125
-99
-95
-95
-101
-71
-61
-48
-72
-113
-118
-113
-116
-99
-93
-81
-61
-28
4
27
15
18
33
30
14
9
-4
-14
-50
-76
-46
-10
1
-5
-7
-17
-32
-45
-22
-17
-22
-65
-85
-90
-91
-61
-65
-63
-76
-81
-102
-83
-69
-73
-101
-123
-146
-168
-172
-171
-152
-138
-152
-148
-123
-118
-99
-123
-138
-96
-99
-87
-101
-102
-105
-105
-85
-83
-74
-86
-125
-114
-118
-102
-93
-83
-79
-111
-101
-91
-71
-62
-38
-60
-56
-72
-88
-91
-81
-56
-65
-87
-104
-91
-103
-90
-93
-82
-82
-104
-96
-108
-117
-142
-155
-152
-155
-169
-179
-197
-204
-211
-197
-157
-138
-136
-174
-166
-149
-111
-79
-60
-65
-71
-65
-58
-5
23
19
0
-2
-7
-10
-9
0
9
-6
3
10
21
58
30
30
46
29
22
24
21
4
2
-17
-29
7
17
23
6
-3
22
27
29
1
-26
-48
-75
-78
-48
-23
-23
-28
-59
-83
-85
-47
-1
0
-21
-49
-48
-61
-37
-50
-52
-35
-71
-65
-56
-19
6
-9
-1
-13
-2
6
-24
4
-24
-12
-18
-24
-25
-40
-41
-61
-2
11
5
23
-14
-7
-42
-4
-20
-12
-61
-101
-108
-127
-90
-101
-65
-84
-95
-125
-128
-154
-146
-175
-166
-153
-166
-190
-187
-184
-180
-136
-135
-101
-126
-160
-210
-206
-223
-174
-153
-152
-140
-131
-136
-114
-60
-54
-55
-36
-60
-85
-103
-105
-75
-31
-46
-40
-28
-12
28
63
107
97
92
48
65
37
24
25
10
36
15
37
55
69
84
109
85
94
88
39
5
-4
6
3
-2
4
-11
-18
-20
-6
30
2
0
-26
-49
-33
-52
-43
-84
-102
-138
-139
-138
-157
-137
-133
-161
-133
-150
-139
-141
-131
-123
-107
-78
-90
-80
-91
-100
-80
-41
-22
-29
-47
-45
-21
-36
-17
4
21
-2
10
25
6
35
25
42
71
37
63
72
52
65
30
26
2
-2
-13
-16
9
32
-2
24
3
26
30
28
35
25
48
-27
4
-27
-8
-22
-55
-40
-56
-38
-48
-57
-79
-104
-121
-81
-57
-103
-93
-71
-53
-56
-52
-64
-45
-38
-51
-31
-25
-27
-36
-46
-40
-23
-13
-31
-67
-75
-101
-82
-57
-58
-57
-98
-130
-140
-170
-161
-154
-137
-129
-171
-149
-122
-102
-126
-139
-133
-105
-124
-129
-172
-176
-207
-214
-207
-180
-220
-232
-238
-319
-259
-268
-244
-239
-301
-310
-342
-290
-216
-223
-188
-200
-179
-197
-198
-144
-93
-81
-59
-46
-23
22
-1
29
7
48
66
71
87
81
93
71
75
104
71
92
41
58
70
75
101
92
112
60
94
83
73
54
78
56
63
86
23
63
72
24
75
33
7
17
3
6
30
13
11
-46
-58
-61
-71
-74
-122
-99
-127
-162
-148
-163
-149
-118
-138
-116
-133
-136
-152
-97
-91
-130
-158
-132
-196
-176
-200
-211
-174
-189
-190
-240
-205
-247
-251
-216
-246
-264
-246
-287
-286
-270
-295
-248
-226
-228
-210
-199
-209
-171
-225
-205
-203
-223
-187
-210
-197
-164
-140
-105
-105
-109
-74
-64
-79
-58
-54
-66
-42
-81
-15
-8
46
109
128
178
148
164
178
165
180
168
158
109
151
122
159
192
172
222
202
205
239
233
267
275
233
223
175
189
130
139
136
100
134
141
145
148
150
135
115
68
108
76
34
21
-43
-19
-39
-19
10
-63
-39
-65
-75
-45
-93
-117
-173
-223
-218
-256
-260
-294
-330
-337
-323
-373
-319
-381
-385
-406
-450
-429
-473
-463
-491
-467
-508
-470
-447
-463
-438
-450
-442
-438
-411
-413
-356
-385
-358
-354
-302
-253
-228
-159
-179
-130
-125
-100
-47
-40
-25
23
30
49
84
58
131
139
170
216
256
326
331
339
357
388
371
398
394
405
411
432
501
512
516
549
514
528
532
519
516
479
464
435
439
428
419
411
383
377
372
377
377
368
371
335
364
314
316
296
226
244
238
254
258
245
227
158
117
47
-18
-92
-222
-332
-460
-584
-671
-771
-905
-985
-1083
-1149
-1161
-1205
-1127
-1157
-1095
-1017
-1016
-922
-865
-876
-856
-913
-944
-947
-950
-913
-885
-860
-822
-789
-698
-618
-537
-467
-414
-381
-326
-286
-208
-197
-194
-205
-243
-190
-209
-131
-115
-94
-46
27
143
224
323
350
408
462
517
562
595
605
604
598
633
661
689
778
749
824
864
904
1008
1056
1128
1147
1149
1238
1248
1305
1323
1334
1390
1374
1452
1446
1420
1407
1344
1292
1227
1138
1008
854
697
505
340
192
-15
-201
-388
-596
-737
-921
-1029
-1165
-1308
-1424
-1546
-1592
-1687
-1678
-1693
-1697
-1712
-1652
-1582
-1501
-1419
-1313
-1183
-1043
-881
-739
-609
-507
-433
-372
-305
-276
-257
-231
-227
-237
-249
-204
-190
-167
-146
-159
-144
-159
-147
-136
-97
-91
-116
-120
-63
-49
-32
25
3
15
34
67
93
87
71
56
78
51
82
76
13
8
-50
-92
-112
-151
-123
-166
-179
-152
-121
-71
-25
51
113
204
270
338
425
493
514
597
662
743
866
922
1032
1093
1142
1190
1221
1312
1289
1322
1318
1285
1319
1273
1260
1207
1153
1061
980
911
772
656
527
413
261
84
-114
-329
-472
-678
-839
-983
-1131
-1276
-1444
-1561
-1667
-1719
-1831
-1868
-1877
-1914
-1876
-1824
-1737
-1636
-1536
-1357
-1168
-978
-789
-660
-519
-438
-360
-293
-298
-300
-306
-288
-242
-207
-109
-87
-82
-55
-42
12
49
80
123
87
77
91
111
140
151
175
198
231
287
312
371
389
387
397
380
386
317
264
198
159
108
51
34
-3
-31
-48
-85
-81
-66
-85
-58
-23
44
100
201
288
391
486
560
671
798
899
1031
1094
1155
1241
1271
1364
1421
1480
1516
1515
1520
1476
1403
1321
1226
1148
971
795
593
449
269
41
-155
-369
-532
-737
-934
-1126
-1287
-1483
-1657
-1808
-1932
-2044
-2160
-2236
-2303
-2312
-2321
-2300
-2216
-2195
-2088
-1940
-1763
-1540
-1311
-1091
-882
-708
-557
-391
-297
-247
-194
-169
-145
-104
-89
-34
-54
-32
14
23
50
51
84
135
174
237
298
363
397
435
452
475
493
496
520
519
532
520
584
587
592
603
576
548
500
459
442
373
294
246
198
148
98
134
156
167
201
272
354
444
536
598
680
751
865
943
1006
1036
1082
1144
1183
1241
1288
1319
1301
1238
1159
1068
948
797
652
470
247
75
-107
-313
-513
-738
-898
-1083
-1271
-1438
-1541
-1656
-1834
-1928
-2042
-2129
-2200
-2237
-2233
-2261
-2263
-2213
-2111
-2027
-1901
-1763
-1575
-1386
-1168
-899
-674
-482
-284
-105
63
173
253
328
339
320
281
282
258
188
188
195
177
180
230
277
287
292
333
401
418
416
426
437
395
383
380
405
397
398
420
409
415
375
386
329
228
174
99
21
-49
-125
-184
-250
-311
-328
-320
-300
-250
-178
-69
45
185
313
465
615
773
986
1153
1277
1446
1560
1653
1738
1755
1800
1791
1719
1589
1451
1320
1153
970
744
537
333
88
-158
-374
-551
-783
-1029
-1244
-1393
-1528
-1681
-1796
-1899
-2033
-2116
-2145
-2116
-2130
-2157
-2162
-2112
-2064
-1995
-1853
-1690
-1534
-1375
-1125
-847
-616
-396
-213
-42
64
153
223
275
253
183
117
36
-48
-80
-116
-172
-249
-245
-173
-129
-44
64
173
244
332
464
608
678
723
761
776
751
767
749
740
718
716
724
718
677
638
612
552
491
393
380
322
223
194
112
80
50
31
50
43
96
181
303
443
556
727
822
937
1132
1261
1377
1442
1464
1521
1495
1451
1391
1287
1074
859
649
452
220
-36
-241
-460
-767
-1034
-1167
-1347
-1554
-1819
-1966
-2051
-2211
-2314
-2330
-2363
-2493
-2535
-2439
-2354
-2279
-2236
-2112
-1982
-1877
-1617
-1287
-1055
-887
-709
-456
-225
-22
256
419
415
445
467
584
597
528
494
378
229
132
141
130
20
-60
-100
-77
-80
-36
97
123
172
257
434
574
645
696
755
708
664
694
730
698
590
573
533
513
522
499
459
318
220
234
188
161
125
99
74
47
138
291
422
544
672
883
1123
1363
1624
1876
2044
2153
2301
2443
2478
2436
2273
1978
1635
1287
1062
687
245
-238
-679
-1072
-1401
-1631
-1803
-2029
-2307
-2447
-2443
-2406
-2413
-2373
-2411
-2515
-2580
-2485
-2319
-2276
-2301
-2271
-2172
-2100
-1932
-1651
-1404
-1277
-1174
-930
-607
-336
-101
48
81
3
39
142
90
-25
-146
-241
-375
-472
-429
-371
-379
-417
-357
-192
-62
63
249
343
393
524
723
938
1007
1087
1207
1253
1286
1351
1476
1423
1281
1166
1105
1018
897
811
703
549
357
344
305
205
141
105
124
87
146
344
525
652
850
1125
1418
1688
1986
2260
2459
2582
2667
2750
2719
2444
2143
1684
1241
784
265
-305
-862
-1350
-1892
-2267
-2598
-2716
-2838
-3006
-2961
-2787
-2613
-2409
-2164
-1893
-1777
-1698
-1389
-1125
-1031
-1019
-965
-882
-867
-849
-658
-570
-610
-627
-540
-389
-435
-449
-469
-609
-796
-975
-1052
-1269
-1548
-1738
-1875
-1996
-2133
-2022
-1880
-1826
-1678
-1383
-964
-640
-331
57
352
554
809
1114
1335
1398
1492
1560
1596
1588
1633
1730
1707
1600
1592
1592
1481
1372
1273
1243
1058
908
915
872
820
752
772
862
979
1112
1498
1736
2021
2370
2767
3194
3468
3706
3846
3803
3671
3442
2947
2283
1367
584
-297
-1292
-2227
-2875
-3511
-4223
-4670
-4737
-4625
-4533
-4269
-3701
-3187
-2761
-2126
-1408
-994
-795
-460
-18
185
133
224
454
392
161
259
453
380
177
149
144
-144
-527
-759
-1126
-1772
-2341
-2698
-3118
-3698
-4045
-4033
-3991
-4052
-3798
-3184
-2691
-2176
-1494
-686
-44
369
897
1327
1444
1459
1595
1568
1268
1031
993
939
670
565
685
723
613
717
979
1062
1000
1036
1133
1123
1004
1093
1199
1177
1183
1433
1736
1936
2287
2864
3468
3833
4322
5010
5575
5808
5942
5939
5760
5148
4510
3541
2067
363
-1062
-2178
-3557
-4872
-5777
-6197
-6692
-6917
-6342
-5527
-4865
-4208
-3047
-1827
-1002
-156
837
1481
1384
1450
1905
2100
1783
1483
1574
1409
937
931
1253
1186
609
128
-251
-901
-1777
-2264
-2840
-4155
-5437
-5965
-6053
-6302
-6271
-5644
-4942
-4138
-3003
-1222
308
1266
2236
3078
3421
3355
3379
3240
2335
1063
128
-502
-1301
-2046
-2402
-2644
-3028
-3082
-2406
-1710
-1349
-1057
-484
-109
44
480
1073
1252
1106
1265
1715
2067
2370
2928
3560
3861
4223
4959
5740
6197
6447
6818
6920
6742
6525
6174
5234
3777
2448
1149
-652
-2744
-4341
-5272
-6268
-7325
-7695
-7052
-6443
-5797
-4557
-3012
-1608
-442
1059
2488
3101
3193
3578
3853
3112
2264
1939
1630
650
-505
-780
-721
-1208
-1785
-1776
-1805
-2353
-2923
-3080
-3340
-4078
-4791
-5127
-5697
-6187
-5885
-4964
-4357
-3741
-2172
-122
1479
2644
4147
5491
5865
5655
5387
4724
3381
1859
420
-1307
-3150
-4353
-4895
-5634
-6259
-5906
-4957
-4230
-3665
-2512
-1087
-255
214
886
1631
1814
1880
2124
2200
2171
2284
2696
2865
2826
3222
3905
4111
3928
4199
4697
4743
4439
4250
4242
4008
3528
3458
3127
2580
2107
1837
1075
-364
-1664
-2566
-2954
-3692
-4365
-4359
-4047
-3834
-3239
-2175
-920
106
755
1671
2619
2768
2712
2830
2634
1610
474
-121
-474
-1304
-2305
-2602
-2602
-2937
-3173
-2838
-2558
-2937
-3397
-3407
-3412
-3792
-4023
-3858
-4010
-4143
-3560
-2156
-1050
-340
928
2620
3599
3954
4573
4941
4285
3108
2051
804
-898
-2423
-3385
-4539
-5782
-5983
-5324
-5039
-4801
-3906
-2540
-1624
-1048
-17
962
1280
1194
1452
1738
1621
1603
1822
1861
1601
1709
2322
2563
2423
2597
3026
2988
2698
2891
3342
3369
3105
3229
3507
3567
3844
4544
4945
4886
4838
4832
3924
2028
229
-1258
-2596
-4020
-5267
-5779
-5654
-5271
-4374
-3024
-1543
4
1332
2435
3445
3938
3779
3412
2690
1388
-7
-1063
-1741
-2587
-3637
-4090
-3827
-3662
-3709
-3413
-3160
-3393
-4037
-4342
-4161
-4248
-4478
-4354
-3938
-3380
-2270
-530
1008
2043
3139
4399
4992
4796
4549
4050
2753
1045
-445
-1771
-3021
-3946
-4423
-4731
-4876
-4262
-3112
-2363
-1862
-992
-84
361
516
906
1363
1385
1158
1237
1561
1643
1723
1901
1895
1788
1821
2054
2072
1836
1853
2084
2067
1804
2027
2542
2766
3059
3415
4039
4642
5247
5815
5917
5552
5083
3551
896
-1743
-3761
-4718
-5672
-7143
-7251
-5835
-4425
-2768
-743
1309
3056
4058
4715
5464
5083
3915
3065
1742
-495
-2076
-2468
-2624
-3411
-4416
-4182
-3147
-3038
-3172
-2867
-2958
-3905
-4978
-5269
-4902
-4661
-4283
-3349
-2747
-1858
-33
2019
3186
3343
3558
3919
3383
2049
1230
456
-1345
-3031
-3802
-4182
-4289
-4122
-3621
-3280
-3251
-2416
-1011
-685
-871
-383
72
-36
-12
728
1534
1673
1550
1866
2329
2380
2578
2628
2142
1584
1498
1677
1491
1098
1184
1512
1412
1432
2183
2962
3500
3959
4629
5598
6429
7232
7606
7296
6041
4970
2966
-789
-4140
-6456
-7274
-7625
-8787
-8364
-5734
-3232
-1363
1246
3542
5230
5968
5961
6134
5073
3077
1898
919
-1528
-3416
-3418
-2979
-3346
-4421
-4087
-2683
-2691
-3630
-3715
-3572
-4453
-5259
-5219
-4081
-3209
-2568
-1281
-314
502
1740
3106
2888
1681
1067
1060
463
-1117
-1784
-1672
-1979
-2556
-2627
-2202
-2121
-1892
-1834
-2287
-2967
-2772
-2071
-2359
-2935
-2311
-925
-247
249
1293
2656
3298
3261
3457
3444
3132
2812
2391
1668
1071
1195
1403
1089
622
950
1475
1561
1548
2234
3377
4321
5057
5762
6985
7881
8197
7794
6296
4498
1652
-2462
-6521
-9020
-9226
-8914
-9391
-8440
-4976
-1587
1262
4049
6176
7329
7223
6752
6059
3835
1185
156
-1112
-3887
-5370
-4399
-3034
-3336
-4399
-3752
-2218
-2302
-3155
-3140
-3226
-3806
-4075
-3453
-2045
-732
433
1325
1081
914
1532
2025
935
-1088
-1925
-1647
-1763
-2134
-1385
-274
276
504
422
216
-285
-807
-1963
-4039
-5895
-5975
-5161
-5322
-5152
-3522
-1412
120
1502
3105
4588
5098
4931
4544
3772
3176
3028
2531
1285
571
852
1187
792
351
772
1217
1481
1569
2288
3532
4978
6406
7437
8493
9045
9186
7923
5270
2410
-1634
-6269
-10034
-11435
-10467
-9556
-8688
-5479
-1052
2180
5244
7692
8554
7844
6140
4698
2714
-768
-3057
-3257
-4579
-6456
-6047
-3866
-2241
-2640
-3158
-2166
-1544
-2497
-3006
-2904
-3193
-3399
-3026
-1683
-291
524
1020
1402
601
-316
-659
-1891
-2922
-3483
-2999
-1698
-774
504
2465
4145
4497
3880
2341
366
-1357
-3170
-5655
-7699
-8393
-7851
-6754
-5778
-3497
-512
1562
2679
3702
4906
5671
5612
5003
4207
3250
2756
2592
2119
1429
1031
895
490
43
210
910
1425
1559
2230
3825
5566
7015
8111
9115
9386
8732
6837
3903
592
-4551
-9084
-11570
-11466
-9443
-7626
-5235
-896
3433
5780
8297
9255
8171
6114
3356
1296
-1135
-4399
-5555
-4713
-5671
-6339
-4647
-2195
-960
-2151
-3005
-2069
-1931
-3202
-3188
-2668
-2270
-1948
-1205
192
1140
720
189
-607
-2780
-4327
-5492
-5833
-5240
-3928
-1596
887
2870
4711
6669
7222
6247
3932
887
-1991
-4261
-6199
-7962
-8709
-8456
-6860
-5317
-3544
-916
1475
2606
2711
2982
4082
4968
4826
4571
4278
3999
3767
3685
3480
2897
2191
1345
661
246
580
1667
2534
2790
3390
4691
6080
7282
8121
8412
7635
5349
2310
-1760
-7051
-10559
-11919
-10727
-7927
-5896
-2568
2823
6251
7906
9636
8865
6766
3964
337
-1453
-3229
-5816
-5742
-4794
-5480
-4950
-3415
-1855
-1259
-2933
-3661
-2649
-2678
-2872
-1923
-1004
-17
507
737
1384
786
-937
-2298
-4348
-6868
-8537
-9049
-7820
-5601
-3118
370
3587
5436
7065
8024
7232
5031
1769
-1379
-3790
-5697
-6975
-7374
-7348
-6572
-5102
-3921
-2490
-628
881
1600
1850
2423
3766
4848
5094
5276
5095
4750
4420
3986
3599
3331
3071
3025
3097
3198
3817
4470
4709
4526
4664
5061
5665
6527
6851
6325
4529
1544
-2226
-7058
-11008
-12401
-10692
-7288
-4302
-1108
3738
7785
9358
10085
9350
6968
3556
-526
-3081
-4265
-6130
-6571
-5154
-4980
-5188
-4551
-3407
-2456
-3406
-4487
-3413
-2290
-2037
-809
1116
2731
3203
2807
2656
1330
-1933
-4654
-6831
-8928
-10496
-11067
-9097
-5531
-2430
1140
4514
5961
6681
6860
5537
3309
589
-2135
-3800
-5163
-6089
-5632
-5328
-5318
-4542
-3959
-3556
-2659
-1468
-359
471
1395
3043
4471
4797
4910
5050
4470
3362
2671
2751
3092
3373
4020
5312
6221
6797
7509
7561
7073
6517
6564
6530
6052
5263
4269
2294
-900
-4313
-8579
-11700
-12281
-10005
-5206
-1221
1855
6362
9949
10580
10410
8742
6015
3105
-1107
-3820
-4670
-6118
-6225
-4857
-5116
-5864
-6056
-5763
-4871
-5411
-5917
-3938
-1691
-268
1439
3226
4882
5199
3690
2016
-469
-3256
-6039
-8758
-10291
-10978
-9926
-6962
-3741
-687
2466
4484
5028
5069
3989
2446
1050
-1084
-2902
-3794
-4351
-4043
-3530
-4120
-4510
-4301
-4078
-3678
-2887
-1612
143
1328
2147
3398
4216
4035
3302
2167
1226
609
437
1275
2669
4196
6121
7977
9325
10318
10727
10648
9979
9315
8752
8202
7245
5372
2203
-1817
-8038
-14052
-16361
-15112
-10530
-4942
-749
4911
10793
13020
13815
12618
9315
6354
2412
-1762
-2960
-4541
-5299
-4019
-4279
-5524
-6133
-7084
-7337
-8518
-10346
-8559
-4904
-1865
1303
4263
6817
7940
6553
4859
2705
-1522
-5801
-9165
-11619
-12497
-11864
-9572
-5771
-2582
239
3040
4206
3721
2988
2137
930
-540
-2130
-2577
-2379
-2587
-2790
-3090
-4021
-4756
-5190
-5350
-4796
-3482
-1669
505
2143
3374
4627
4802
3820
2479
790
-503
-1061
-1001
-40
1376
3004
5021
6669
7548
8537
9523
10498
11153
11213
11732
12104
10873
8006
3856
-1403
-8202
-14854
-17917
-16419
-11269
-5507
-387
5542
10896
13119
13475
11859
8580
5136
1357
-1106
-1672
-2680
-2635
-1430
-1811
-3572
-6128
-8016
-8474
-10238
-11813
-9815
-5725
-1027
2775
5615
8618
9081
6543
3938
950
-2568
-6014
-9384
-10908
-11210
-10877
-7950
-4012
-1185
743
1304
1233
1162
-44
-796
-413
-674
-1201
-1480
-1789
-1574
-2087
-3625
-4616
-5550
-6155
-5463
-4090
-2196
-55
1548
2952
3728
3172
2301
1390
279
-408
-598
-43
1427
2864
3922
4988
5458
5804
6332
6799
7662
8901
10323
11751
12862
13126
11410
7449
1874
-6359
-14121
-18019
-17809
-12803
-6612
-1665
4972
10728
12928
13677
11331
8088
5853
1903
-368
198
-482
539
1738
63
-1393
-4742
-8939
-10325
-12724
-14193
-10999
-6862
-1261
4472
7104
9899
10510
7138
4356
1142
-2728
-5124
-7908
-9408
-8538
-8153
-6680
-4069
-2888
-2076
-2095
-3197
-2832
-1923
-1180
485
1348
1315
1115
-364
-2082
-3786
-6299
-7738
-7871
-7440
-5643
-3190
-544
2068
3072
2955
2632
1316
-358
-1800
-2509
-1667
-24
1583
3628
5340
5978
5975
5506
5111
5290
5640
6765
8490
10302
12063
13353
13568
10838
5476
-1562
-9584
-15785
-17879
-15520
-8901
-2488
2373
7786
11116
11619
10679
7728
5243
3803
1714
2225
4195
4492
5509
4851
1522
-2194
-7633
-12240
-14012
-15739
-14493
-9319
-3833
2271
6647
8370
9663
7750
3847
1009
-1392
-2628
-3032
-3650
-2751
-1662
-1771
-1967
-3187
-5020
-6396
-7819
-8177
-6525
-4063
-588
2475
3587
3538
1897
-838
-3354
-6126
-8376
-8767
-7603
-5115
-2387
-425
1463
2483
1759
307
-1183
-2334
-3050
-3410
-2533
-578
1231
2668
3800
4251
4064
3715
3928
4646
5726
6947
8751
10990
12978
14187
14093
11002
5009
-2156
-10453
-16769
-19080
-16577
-9488
-2124
2836
7408
9788
9147
7392
4160
2238
2271
2424
4950
8541
9705
10584
9889
5895
369
-7130
-12915
-14934
-16432
-15118
-9399
-2694
3455
6677
6605
6378
3879
-166
-2334
-3517
-2687
-118
1867
4058
5421
4412
2933
-349
-5477
-9143
-11160
-10907
-7905
-4781
-1034
2666
3628
2933
541
-3271
-6009
-7802
-8810
-7620
-5242
-2082
1310
2525
2109
1291
-569
-2278
-3591
-4502
-3829
-2209
-426
1499
2554
2767
2756
2041
1258
1080
1809
3534
5664
7617
9798
11669
13208
14560
14443
11481
5594
-1711
-9127
-15449
-18794
-16965
-10121
-2763
1936
4719
6245
5455
2763
-153
-803
489
2297
5836
10535
13177
13068
10991
7312
1826
-6175
-12797
-14811
-14529
-12545
-7703
-1063
4698
6229
4373
2392
-600
-4492
-5982
-4713
-1576
1900
4607
7805
9736
8144
4886
721
-4266
-7939
-9770
-8867
-5627
-2384
842
3281
2848
397
-2758
-6082
-8215
-9054
-8221
-5299
-1975
804
3017
3516
2321
353
-2035
-3840
-4625
-4387
-2908
-1062
485
1895
2413
1853
880
13
-6
569
1722
3636
6114
8278
10060
11446
12451
13150
12412
9328
3867
-2924
-9786
-14527
-16016
-13138
-7025
-1491
1689
2985
2562
758
-2238
-4620
-3662
-654
3351
8460
12932
14861
13484
9367
4797
-523
-7079
-11381
-12455
-11548
-8773
-4402
1485
5765
4835
1101
-2553
-5957
-8052
-7836
-4415
1119
5383
7900
9650
9467
6781
3011
-605
-3719
-5985
-6553
-4398
-875
1449
2641
2687
907
-2635
-6694
-8919
-8854
-7704
-5677
-2511
633
2440
2453
1467
234
-1140
-2319
-2336
-1383
-457
225
677
913
743
-165
-1054
-1375
-1412
-788
887
3180
5628
7458
8790
10005
10667
11153
11594
11092
8101
2892
-3269
-8906
-12529
-13228
-10223
-4946
-1055
557
649
-494
-2765
-5789
-7016
-5022
-1001
4009
9349
13440
14502
12044
7504
2820
-2136
-6727
-9056
-9042
-7817
-5853
-2598
1607
3791
1914
-2011
-5623
-8227
-9676
-8900
-4880
959
5517
8001
9090
8475
5633
1606
-1790
-3304
-3321
-2200
226
2454
2976
1681
-206
-1945
-4130
-6567
-7668
-6999
-5662
-4280
-2325
214
1928
1805
500
-351
-705
-990
-499
1004
2718
3260
2175
768
-437
-1717
-2595
-2360
-1040
513
1646
2790
4437
6259
7984
9545
10998
11756
11497
9596
6133
1472
-3771
-7822
-9392
-8488
-5608
-2696
-1002
-706
-2043
-4381
-6856
-8331
-7759
-5226
-1312
3504
8254
11125
11142
8695
5009
1279
-2206
-4600
-5149
-4610
-3668
-2339
-573
1183
1589
39
-2572
-5366
-7338
-7855
-6620
-3799
-444
2345
3942
4363
3587
2033
300
-1381
-2185
-1627
47
2305
3800
4042
2894
666
-1685
-3701
-4853
-4906
-4414
-3784
-3189
-2673
-2002
-1132
-575
-417
-324
-314
-119
547
1190
1699
1949
1605
958
-75
-1339
-2101
-2431
-2369
-1708
-617
1088
3205
5235
7157
8926
10204
10669
10224
8513
5816
2720
-108
-1325
-865
562
2011
2087
879
-1079
-3428
-5436
-6594
-6527
-5220
-2900
-380
1859
3517
4100
3826
2810
1204
-250
-1163
-1596
-1894
-2671
-3487
-3637
-3201
-2448
-1983
-2075
-2522
-3309
-4050
-4070
-3371
-2342
-1153
-124
641
1175
1130
678
94
-948
-1814
-1812
-1012
315
1008
790
159
-972
-2251
-3154
-3492
-3525
-3584
-3882
-3737
-2747
-1656
-535
425
903
1239
1522
2045
2963
3600
3591
3158
2289
1375
612
-116
-528
-917
-1528
-1758
-1174
179
2277
4719
7142
9493
10957
11070
10338
8968
7607
6722
6146
5903
5250
3656
1628
-330
-1786
-3089
-4461
-5950
-7305
-7742
-7016
-4989
-2766
-1554
-1586
-2349
-2755
-2535
-1937
-1473
-1815
-2827
-3830
-3969
-3076
-1995
-1639
-2121
-2998
-3663
-3855
-3453
-2593
-2029
-2022
-2233
-1907
-769
420
1104
984
419
-149
-583
-219
821
1878
2107
1414
464
-457
-1017
-1363
-1550
-1631
-2143
-2833
-3105
-2647
-1713
-919
-383
-131
5
371
1099
2274
3319
3618
3389
2914
2599
2368
1906
1392
621
-301
-842
-772
220
1642
3094
4471
5735
6844
7417
7530
7321
7258
7675
8173
8407
7787
6244
4185
1951
-97
-1926
-3564
-5237
-6542
-6985
-6442
-5417
-4662
-4513
-4792
-4911
-4410
-3229
-2046
-1472
-1716
-2407
-2634
-2273
-1584
-1105
-1284
-1917
-2538
-2571
-2025
-1365
-1257
-1887
-2814
-3378
-3113
-2163
-902
-130
-214
-776
-1071
-561
505
1703
2454
2471
1893
945
240
-43
-156
-569
-1414
-2262
-2813
-2834
-2493
-1997
-1693
-1870
-2162
-2105
-1406
-267
805
1630
2201
2404
2527
2842
3097
3151
2741
2029
1582
1543
1975
2682
3486
4170
4766
5270
5473
5438
5045
4751
5038
5742
6631
7171
7052
6383
5464
4438
3204
1695
-214
-2325
-3986
-4874
-5029
-5165
-5798
-6803
-7649
-7550
-6511
-5028
-3696
-3272
-3555
-3530
-2880
-1780
-726
-424
-922
-1788
-2360
-2204
-1260
-476
-726
-1639
-2815
-3330
-2951
-2062
-1092
-961
-1525
-2193
-2056
-733
1078
2553
3111
2825
1881
1068
1002
1240
1353
714
-430
-1278
-1581
-1410
-1072
-1010
-1486
-2347
-2924
-2761
-1978
-986
-307
-56
-19
101
755
1721
2485
2713
2396
2152
2208
2654
3375
4059
4653
4962
5158
5391
5407
5227
4768
4239
4257
4651
4951
4958
4596
4101
3579
3108
2352
1394
180
-1263
-2111
-2409
-2606
-3238
-4493
-5942
-7044
-7215
-6559
-5562
-4830
-4729
-4819
-4295
-3162
-1920
-993
-748
-1106
-1472
-1325
-602
397
912
466
-396
-1079
-1328
-1037
-553
-341
-658
-1347
-1878
-1673
-578
839
1870
2195
1940
1344
961
838
748
635
116
-716
-1308
-1457
-1190
-831
-850
-1454
-2245
-2728
-2692
-2109
-1510
-1274
-1341
-1505
-1334
-750
52
803
1111
1104
1173
1477
2246
3208
4118
4734
5100
5453
5722
5640
5249
4627
4179
4279
4464
4755
4845
4431
3769
2988
2496
1952
1124
-40
-1124
-1517
-1609
-1584
-1911
-2797
-4046
-5331
-5803
-5427
-4672
-4177
-4167
-4180
-3692
-2732
-1754
-998
-805
-1185
-1583
-1426
-568
533
1313
1268
559
-210
-706
-786
-615
-692
-1234
-1890
-2232
-2165
-1304
-107
702
1064
756
191
-56
125
237
30
-484
-1287
-1829
-1984
-1875
-1599
-1561
-2072
-2866
-3224
-2907
-2118
-1390
-1017
-989
-1071
-982
-514
341
1173
1532
1504
1457
1689
2292
3218
4275
5096
5634
5860
6013
6094
5871
5342
4903
4928
5138
5386
5287
4866
4243
3254
2412
1611
970
159
-798
-1147
-1102
-951
-1196
-2101
-3397
-4805
-5887
-6158
-5627
-5005
-4727
-4552
-4105
-3335
-2516
-1956
-1731
-1865
-2243
-2213
-1563
-484
613
1008
864
330
-360
-760
-984
-1151
-1563
-2167
-2612
-2530
-1883
-991
-176
218
189
-46
-204
54
463
623
416
-192
-803
-1131
-1307
-1441
-1715
-2239
-2846
-3226
-3144
-2619
-1875
-1259
-989
-840
-571
-86
616
1306
1812
2008
2243
2620
3009
3676
4348
4956
5569
5720
5529
5209
4579
3862
3676
4046
4748
5373
5228
4607
3902
3030
2243
1527
726
-365
-1410
-1790
-1464
-847
-776
-1506
-2744
-4065
-5041
-5253
-4799
-4429
-4465
-4591
-4265
-3356
-2377
-1773
-1579
-1690
-1942
-1785
-843
414
1445
1767
1465
1043
666
336
89
-216
-883
-1721
-2391
-2509
-1946
-1303
-896
-816
-1079
-1428
-1507
-1129
-449
185
481
390
129
-199
-465
-792
-1417
-2236
-3180
-3830
-3899
-3705
-3318
-2872
-2619
-2268
-1733
-1032
-124
752
1317
1593
1904
2364
3002
3816
4539
5195
5803
6016
5911
5617
4940
3975
3142
2946
3410
4266
4826
4725
4378
3615
2757
2056
1418
782
-204
-890
-1006
-658
-347
-784
-1604
-2754
-3987
-4634
-4527
-4006
-3702
-3754
-3761
-3311
-2682
-2216
-1921
-1904
-2121
-2245
-1849
-761
618
1486
1744
1617
1235
922
572
318
-27
-688
-1349
-1792
-1699
-1328
-1073
-1044
-1406
-1930
-2506
-2734
-2410
-1839
-1037
-452
-102
201
210
139
-205
-803
-1486
-2210
-2674
-2975
-3112
-3007
-2955
-2759
-2518
-2193
-1412
-533
428
1348
2099
2744
3163
3593
4136
4864
5766
6334
6337
5819
4828
3714
2913
2658
2953
3501
3723
3455
3143
2686
2164
1815
1212
585
-295
-1030
-1055
-662
-193
-368
-1111
-2083
-3160
-3748
-3681
-3221
-2862
-2843
-2944
-2690
-2064
-1470
-1153
-1179
-1616
-2064
-2005
-1268
55
1132
1608
1675
1383
1184
1017
912
819
455
-125
-658
-800
-556
-267
-272
-779
-1513
-2336
-2879
-2866
-2580
-1973
-1409
-1104
-887
-804
-701
-691
-889
-1289
-1791
-2158
-2417
-2588
-2576
-2635
-2796
-2996
-3116
-2761
-2033
-1152
-165
800
1644
2325
3097
3954
4821
5760
6228
6251
5943
4948
3801
2866
2436
2544
2933
3191
2941
2621
1996
1388
1160
736
235
-517
-1094
-1197
-846
-268
-259
-778
-1730
-2814
-3278
-3039
-2476
-2019
-1951
-2058
-1832
-1317
-660
-189
-214
-750
-1378
-1526
-1119
-207
712
1140
1174
1072
887
851
1055
1047
717
386
-47
-237
39
287
368
176
-488
-1460
-2065
-2288
-2277
-1777
-1484
-1512
-1550
-1730
-1839
-1733
-1571
-1667
-1888
-2064
-2276
-2212
-2005
-1984
-2062
-2443
-2941
-3119
-2866
-2163
-1367
-486
297
905
1666
2593
3762
5077
5978
6280
6054
5253
4256
3365
2916
2916
3079
3052
2614
2169
1591
1157
876
336
-191
-1086
-1750
-1756
-1289
-508
-270
-629
-1361
-2103
-2393
-2217
-1727
-1396
-1429
-1563
-1349
-676
214
810
807
395
-137
-390
-120
507
1003
1162
996
703
776
818
812
822
391
0
-228
-243
11
400
583
240
-231
-970
-1695
-1957
-2042
-1799
-1458
-1408
-1594
-1846
-1934
-1931
-1910
-1953
-2238
-2483
-2516
-2445
-2003
-1615
-1582
-1863
-2414
-2755
-2748
-2365
-1718
-1102
-567
-165
350
1294
2533
3963
5161
5777
5942
5412
4555
3814
3233
3123
3041
2770
2330
1792
1171
575
293
-170
-725
-1505
-2269
-2305
-1913
-1298
-910
-954
-1323
-1923
-2151
-1836
-1356
-1138
-1354
-1665
-1567
-1089
-358
399
822
732
226
-32
221
780
1405
1725
1627
1253
1009
874
946
1171
913
479
108
-111
221
852
1299
1300
757
-225
-1131
-1394
-1280
-928
-629
-789
-1166
-1434
-1458
-1299
-1153
-1298
-1879
-2403
-2584
-2480
-1918
-1499
-1528
-1880
-2524
-2820
-2657
-2171
-1601
-1246
-971
-881
-614
91
1103
2326
3434
4146
4578
4608
4154
3572
3112
2955
2866
2723
2339
1755
1158
433
-60
-429
-819
-1473
-2199
-2416
-2282
-1815
-1399
-1340
-1464
-1818
-1996
-1701
-1044
-544
-573
-824
-919
-722
-202
316
640
661
230
-129
0
478
985
1313
1288
1012
825
703
738
990
989
640
307
121
320
870
1318
1365
960
191
-640
-1002
-977
-796
-578
-723
-1116
-1421
-1470
-1293
-1110
-1167
-1573
-2015
-2264
-2213
-1818
-1444
-1385
-1649
-2111
-2346
-2205
-1830
-1398
-1040
-781
-646
-406
130
891
1827
2758
3429
3999
4204
3964
3628
3299
3180
3252
3133
2728
2164
1372
568
21
-442
-934
-1676
-2517
-2929
-2923
-2568
-2289
-2267
-2431
-2767
-2845
-2457
-1722
-1116
-960
-1084
-1030
-643
-48
514
782
689
219
-235
-151
357
866
1119
987
631
497
569
798
1204
1267
989
725
665
1047
1685
2230
2276
1876
1148
388
100
115
282
304
25
-484
-975
-1076
-980
-871
-919
-1389
-1844
-2026
-1917
-1448
-1063
-1017
-1264
-1742
-1951
-1770
-1323
-806
-503
-391
-421
-311
-6
552
1315
1912
2409
2863
3103
3167
3049
2810
2758
2788
2617
2294
1879
1176
468
-58
-578
-1019
-1675
-2564
-3115
-3302
-3188
-2965
-2886
-2979
-3232
-3225
-2946
-2383
-1776
-1590
-1539
-1296
-873
-200
581
1038
1120
868
491
412
739
1116
1345
1325
1006
752
679
805
1108
1194
981
652
487
747
1311
1910
2153
1888
1221
500
137
168
452
539
273
-253
-810
-1078
-1122
-1096
-1178
-1567
-2018
-2257
-2132
-1602
-1084
-921
-1102
-1481
-1647
-1469
-1016
-400
60
238
241
256
431
865
1407
1844
2241
2574
2722
2818
2784
2606
2581
2626
2485
2235
1835
1173
472
-27
-534
-955
-1475
-2287
-2816
-3032
-3045
-2910
-2778
-2803
-3041
-3066
-2855
-2388
-1848
-1777
-1893
-1760
-1438
-912
-159
417
661
556
204
117
442
842
1081
1143
1006
728
605
625
816
962
770
460
317
567
1033
1569
1923
1723
1159
474
42
110
416
609
505
173
-311
-659
-743
-791
-977
-1381
-1839
-2071
-1917
-1458
-1022
-833
-965
-1351
-1565
-1383
-944
-333
225
590
809
963
1173
1488
1802
2029
2195
2499
2717
2662
2488
2259
2118
2087
2059
1893
1614
1007
186
-286
-609
-914
-1347
-2106
-2727
-3119
-3203
-3130
-2959
-2897
-3202
-3339
-3102
-2612
-2073
-1902
-1970
-1942
-1715
-1306
-641
4
257
147
-89
-211
13
437
713
909
912
757
673
685
782
824
704
418
289
469
908
1489
1936
1929
1488
909
416
290
646
904
882
682
238
-33
-136
-239
-367
-765
-1340
-1752
-1699
-1249
-756
-466
-571
-903
-1155
-1142
-785
-201
373
791
1070
1391
1784
2141
2460
2567
2572
2632
2641
2487
2231
1984
1762
1757
1857
1752
1560
961
48
-478
-846
-1098
-1383
-1993
-2545
-2962
-3067
-3001
-2889
-2864
-3266
-3516
-3394
-3015
-2467
-2118
-2051
-1986
-1787
-1445
-809
-136
149
109
-86
-205
42
418
697
873
791
700
642
647
832
887
761
575
384
466
807
1246
1568
1616
1397
929
588
463
573
840
861
722
476
278
180
26
-89
-417
-842
-1102
-1226
-945
-554
-430
-472
-729
-962
-989
-830
-424
44
476
828
1208
1744
2224
2563
2734
2779
2860
2801
2488
2135
1759
1538
1590
1670
1700
1516
894
-9
-472
-847
-1178
-1384
-2051
-2538
-2842
-2977
-2833
-2660
-2690
-3112
-3319
-3204
-2931
-2456
-2210
-2229
-2136
-2004
-1676
-967
-382
-179
-225
-425
-501
-242
110
379
590
539
413
488
613
836
962
832
655
469
514
784
1161
1439
1372
1116
717
420
393
543
735
738
610
411
284
259
185
113
-149
-486
-693
-733
-397
10
173
173
-90
-356
-370
-309
-34
323
532
746
1076
1551
2038
2470
2730
2772
2917
2827
2465
2113
1620
1308
1330
1489
1541
1404
782
-195
-689
-1111
-1530
-1776
-2363
-2895
-3174
-3250
-3057
-2769
-2718
-3087
-3263
-3126
-2883
-2436
-2170
-2207
-2163
-2065
-1760
-1023
-460
-267
-334
-545
-534
-284
3
229
294
123
26
219
459
814
918
819
849
823
1044
1297
1553
1693
1479
1212
816
580
504
404
486
523
426
270
107
26
-93
-265
-483
-759
-844
-857
-622
-190
31
193
127
1
70
102
265
488
562
732
941
1302
1746
2050
2346
2516
2672
2570
2169
1758
1236
963
1040
1231
1369
1218
653
-30
-431
-881
-1254
-1640
-2278
-2744
-2993
-2965
-2728
-2540
-2693
-2974
-2966
-2703
-2285
-1856
-1651
-1706
-1706
-1621
-1279
-628
-273
-276
-513
-660
-484
-176
152
321
212
-134
-315
-228
59
452
482
385
342
369
680
1148
1556
1602
1390
972
543
504
490
516
579
438
220
107
96
101
127
-20
-422
-684
-783
-743
-381
-127
-7
146
131
244
618
923
1171
1268
1265
1264
1372
1648
1864
2161
2417
2472
2591
2472
2081
1621
1135
889
904
1016
933
742
333
-103
-331
-677
-1058
-1615
-2245
-2636
-2751
-2621
-2510
-2613
-2947
-3275
-3277
-2964
-2514
-2130
-2030
-2054
-1924
-1627
-1101
-603
-526
-732
-996
-1057
-828
-466
-238
-264
-477
-716
-728
-534
-183
0
-15
-30
-74
100
489
865
1188
1212
1028
763
552
475
496
670
719
640
506
380
390
409
416
327
148
-20
-162
-83
109
237
309
264
243
432
712
1060
1393
1536
1606
1665
1859
2108
2358
2497
2553
2608
2485
2281
1881
1441
1110
862
826
754
568
221
-180
-485
-730
-931
-1325
-1843
-2279
-2544
-2573
-2457
-2411
-2639
-2973
-3154
-3111
-2728
-2357
-2245
-2159
-2132
-1965
-1531
-1009
-606
-558
-763
-918
-875
-509
-126
34
-52
-404
-765
-949
-761
-462
-246
-180
-261
-186
94
551
985
1234
1141
795
556
511
647
882
925
756
555
394
442
615
776
745
588
471
398
573
768
808
820
709
644
845
1085
1343
1557
1679
1738
1814
1974
2162
2352
2498
2508
2382
2184
1789
1303
911
719
595
439
271
-195
-591
-921
-1289
-1282
-1464
-1881
-2279
-2585
-2619
-2507
-2320
-2415
-2649
-2904
-3247
-3124
-2694
-2432
-2330
-2317
-2272
-2005
-1481
-1030
-613
-363
-509
-544
-260
70
406
510
328
123
-27
-122
-89
29
3
-233
-266
-176
57
459
721
920
1021
950
798
827
949
1029
1216
1224
1096
1026
791
685
718
705
689
505
398
405
475
660
775
835
800
758
869
1115
1418
1699
1819
1832
1879
2007
2163
2291
2338
2175
1968
1634
1170
864
616
373
179
-48
-354
-737
-1056
-1404
-1456
-1479
-1849
-2143
-2420
-2482
-2355
-2178
-2101
-2244
-2465
-2779
-2760
-2392
-2107
-2026
-2116
-2236
-2151
-1828
-1373
-861
-602
-641
-715
-541
-103
380
665
665
563
394
270
385
520
494
333
101
-26
58
238
411
608
693
633
577
584
705
905
1128
1181
1147
1074
911
913
979
966
904
659
404
318
364
564
688
660
582
544
689
937
1246
1499
1521
1465
1480
1627
1885
2050
2027
1889
1747
1580
1331
1054
698
339
44
-209
-373
-624
-990
-1363
-1622
-1624
-1703
-1918
-2167
-2424
-2426
-2291
-2130
-2071
-2225
-2491
-2674
-2468
-2080
-1834
-1806
-1966
-2012
-1850
-1478
-1037
-729
-630
-758
-762
-452
9
447
666
684
667
702
815
987
1110
1037
823
608
519
547
654
736
748
733
644
585
703
926
1061
1113
1066
960
971
1032
1148
1227
1128
846
537
411
468
598
617
477
299
217
334
614
962
1241
1228
1163
1171
1231
1510
1673
1644
1516
1321
1215
1151
1074
787
420
88
-202
-253
-283
-497
-821
-1208
-1566
-1707
-1752
-1946
-2160
-2363
-2490
-2355
-2089
-1911
-1872
-1992
-2113
-2030
-1815
-1596
-1539
-1527
-1487
-1317
-905
-576
-399
-449
-648
-622
-342
119
439
488
362
236
353
618
935
1049
895
678
531
629
850
951
827
543
300
282
448
710
913
863
686
551
573
769
1005
1054
939
743
533
489
564
660
651
462
226
81
105
324
550
772
867
839
843
908
1100
1270
1265
1135
898
619
589
709
843
929
718
276
-110
-355
-412
-214
-98
-340
-613
-952
-1156
-1139
-1128
-1310
-1669
-1939
-2129
-1882
-1368
-1088
-965
-1150
-1454
-1530
-1435
-1179
-960
-910
-1010
-1079
-908
-644
-341
-170
-229
-368
-515
-505
-226
141
447
611
575
460
405
409
525
654
678
554
374
346
434
640
865
864
776
575
433
566
837
1167
1345
1279
1084
847
725
715
744
791
676
467
306
222
336
494
544
499
367
269
320
431
436
460
376
207
286
403
482
539
369
92
31
22
10
175
213
123
55
-30
-134
-122
-138
-362
-443
-488
-699
-773
-825
-895
-827
-827
-882
-878
-921
-1056
-1099
-1015
-967
-875
-857
-1002
-1016
-1022
-1000
-856
-737
-728
-801
-851
-839
-696
-505
-367
-280
-202
-204
-158
4
115
231
242
153
146
148
271
426
561
621
534
491
531
672
908
1059
1092
1058
955
934
996
1107
1170
1080
903
679
541
545
602
638
589
448
345
335
431
497
480
388
219
126
162
319
478
514
425
255
144
117
110
188
204
142
88
60
106
135
146
70
-90
-243
-404
-471
-448
-376
-363
-390
-485
-616
-689
-708
-712
-746
-807
-910
-923
-846
-726
-651
-662
-773
-939
-1001
-965
-859
-765
-776
-862
-943
-906
-788
-613
-478
-445
-432
-436
-349
-175
-22
118
142
112
93
47
68
128
185
274
336
367
403
435
491
562
659
700
652
586
500
462
511
549
581
564
476
410
413
437
428
394
267
162
209
292
431
550
513
443
393
328
359
413
421
442
474
567
674
794
791
674
552
408
291
285
268
240
213
110
12
-56
-183
-330
-445
-550
-583
-585
-631
-673
-732
-832
-910
-948
-1026
-1164
-1285
-1378
-1400
-1317
-1299
-1291
-1287
-1370
-1420
-1346
-1221
-1048
-878
-800
-705
-570
-427
-241
-83
-15
-33
-40
-20
50
213
289
310
323
319
368
475
585
668
673
602
530
536
594
652
688
648
582
539
504
495
498
444
354
262
261
293
364
437
460
456
450
427
455
481
482
515
536
600
663
748
789
848
953
975
1028
998
935
901
845
872
839
822
716
540
446
322
257
183
22
-164
-345
-436
-450
-406
-458
-639
-862
-1103
-1235
-1238
-1213
-1257
-1388
-1550
-1658
-1626
-1501
-1368
-1357
-1427
-1488
-1463
-1249
-973
-729
-618
-657
-710
-677
-530
-326
-186
-167
-248
-314
-269
-162
9
110
83
61
25
42
144
209
239
233
196
184
221
272
288
289
208
153
122
97
139
236
369
463
506
534
543
543
592
650
745
817
848
878
933
1056
1150
1191
1180
1151
1106
1102
1178
1252
1357
1334
1243
1167
1116
1134
1117
1097
947
733
518
360
344
319
205
-17
-255
-434
-541
-579
-631
-729
-926
-1132
-1202
-1162
-1097
-1119
-1234
-1390
-1528
-1581
-1526
-1432
-1343
-1322
-1331
-1309
-1249
-1178
-1167
-1142
-1126
-1095
-1014
-966
-875
-805
-771
-714
-696
-679
-711
-749
-729
-661
-515
-442
-398
-354
-352
-296
-219
-121
-71
-56
-24
11
113
233
310
388
410
437
494
560
675
748
812
849
891
1004
1106
1213
1289
1309
1339
1360
1380
1425
1438
1452
1412
1392
1341
1301
1316
1305
1312
1284
1200
1077
962
892
846
856
836
751
602
396
257
177
119
40
-107
-265
-378
-438
-437
-433
-502
-660
-866
-1030
-1067
-1012
-955
-967
-1056
-1183
-1282
-1334
-1336
-1317
-1389
-1515
-1627
-1671
-1616
-1546
-1481
-1488
-1538
-1580
-1600
-1539
-1476
-1434
-1408
-1406
-1357
-1299
-1200
-1093
-1009
-927
-876
-799
-726
-622
-490
-369
-202
-68
47
157
241
362
497
624
755
874
986
1131
1275
1440
1558
1606
1641
1639
1665
1722
1792
1829
1805
1747
1704
1688
1679
1654
1579
1467
1341
1219
1150
1140
1085
1008
922
814
728
645
557
488
404
299
207
154
129
74
19
-52
-131
-207
-285
-336
-365
-435
-496
-526
-552
-600
-676
-734
-805
-811
-870
-944
-977
-1082
-1152
-1184
-1175
-1159
-1212
-1281
-1390
-1450
-1476
-1506
-1478
-1488
-1506
-1498
-1481
-1430
-1399
-1374
-1405
-1410
-1367
-1313
-1162
-1023
-911
-801
-741
-678
-587
-501
-384
-277
-162
-58
66
208
373
570
688
789
877
955
1073
1187
1320
1430
1474
1479
1474
1507
1526
1547
1497
1392
1279
1188
1143
1149
1163
1111
1036
932
874
850
816
791
728
652
573
518
465
404
338
223
140
69
14
-9
-42
-61
-80
-115
-169
-259
-345
-437
-494
-513
-521
-531
-590
-668
-754
-797
-825
-852
-895
-987
-1064
-1096
-1109
-1118
-1170
-1235
-1306
-1338
-1318
-1284
-1241
-1260
-1303
-1309
-1268
-1197
-1156
-1114
-1089
-1052
-977
-902
-793
-726
-681
-637
-588
-514
-461
-374
-280
-174
-67
24
149
265
363
442
529
619
694
735
767
815
894
969
988
1000
992
947
911
894
910
928
945
967
996
1046
1040
1004
965
897
862
867
870
881
854
789
721
673
609
556
516
453
395
371
355
316
250
116
-4
-127
-229
-271
-292
-305
-347
-398
-471
-533
-585
-670
-740
-820
-895
-924
-943
-933
-961
-1009
-1050
-1091
-1084
-1110
-1124
-1099
-1086
-1050
-1024
-983
-938
-899
-873
-814
-742
-675
-653
-627
-566
-513
-457
-428
-355
-305
-289
-228
-150
-59
-8
-3
88
176
249
294
318
352
359
380
428
532
590
546
482
438
429
470
484
490
469
399
374
450
565
640
616
548
490
491
512
545
588
523
440
401
403
459
501
478
442
392
342
332
350
360
318
243
170
142
168
180
171
126
28
-86
-165
-194
-215
-244
-290
-348
-391
-423
-444
-452
-485
-554
-622
-665
-677
-649
-631
-619
-632
-676
-681
-643
-578
-522
-462
-418
-398
-382
-352
-310
-283
-275
-283
-265
-232
-196
-128
-56
-5
0
1
10
54
77
70
79
74
92
85
111
132
118
86
39
31
46
40
45
47
29
29
35
75
112
104
78
60
57
49
45
69
63
61
83
103
143
172
150
137
169
200
223
276
281
277
273
240
260
278
234
182
153
140
129
120
83
11
-60
-137
-157
-157
-174
-203
-264
-296
-344
-389
-402
-433
-455
-469
-490
-473
-484
-475
-469
-447
-400
-402
-364
-341
-337
-303
-274
-256
-307
-335
-334
-326
-266
-203
-136
-102
-98
-103
-114
-82
-50
-49
-60
-74
-58
-42
-6
23
41
3
-47
-47
-16
40
67
70
62
74
89
111
147
169
138
81
34
37
72
79
79
75
46
19
6
38
74
73
40
39
74
146
209
245
239
214
169
144
199
236
254
220
187
167
118
124
107
93
62
-17
-34
-26
-14
-2
-34
-59
-83
-108
-124
-121
-107
-155
-212
-245
-249
-204
-201
-221
-186
-198
-230
-233
-200
-200
-230
-264
-271
-232
-234
-246
-219
-224
-255
-297
-297
-264
-297
-298
-278
-242
-189
-209
-218
-220
-248
-266
-251
-204
-160
-143
-107
-86
-75
-111
-149
-119
-95
-78
-106
-119
-112
-94
-60
-37
24
44
48
88
141
199
224
227
239
280
309
335
367
376
346
325
297
292
297
264
272
285
290
313
293
243
178
113
53
1
-13
-43
-51
-82
-149
-189
-218
-238
-251
-221
-196
-181
-156
-145
-108
-74
-66
-82
-96
-107
-98
-85
-66
-54
-56
-72
-79
-42
7
43
58
69
91
94
93
120
126
131
88
42
36
32
19
9
-3
-23
-38
-37
-17
22
46
34
-3
-52
-77
-99
-113
-115
-126
-152
-204
-218
-213
-200
-156
-132
-102
-77
-59
0
68
108
143
137
145
163
176
201
214
210
177
131
107
83
76
77
55
29
13
-1
-26
-58
-84
-131
-169
-184
-180
-188
-212
-258
-302
-316
-343
-325
-300
-282
-268
-255
-203
-183
-205
-216
-230
-223
-209
-204
-200
-186
-182
-148
-78
-27
-4
-31
-52
-25
46
98
124
115
101
92
92
128
144
120
76
63
98
131
149
117
87
74
66
66
41
20
-42
-129
-167
-174
-201
-228
-286
-315
-312
-313
-309
-283
-255
-260
-220
-164
-81
-24
-19
-28
-29
-40
-55
-43
-64
-55
-45
-28
23
53
55
45
54
86
115
142
139
123
103
100
124
136
131
89
42
16
21
63
102
113
92
70
52
68
101
83
53
-14
-79
-87
-80
-83
-86
-103
-126
-120
-92
-93
-97
-89
-80
-49
-11
-15
-21
-12
-43
-43
-29
-55
-79
-97
-113
-66
2
-4
-14
-15
-9
12
51
65
46
14
-59
-80
-65
-65
-95
-151
-183
-193
-176
-163
-146
-127
-114
-95
-46
19
74
101
92
101
115
103
87
89
99
90
87
78
53
15
1
22
63
80
50
32
29
39
55
78
81
51
35
69
124
175
169
119
80
44
50
71
81
93
78
55
40
53
54
44
38
23
16
24
39
58
73
58
21
-7
-37
-40
-22
-15
-27
-38
-56
-83
-85
-100
-97
-123
-146
-140
-133
-134
-160
-160
-164
-189
-194
-197
-202
-221
-260
-235
-212
-226
-236
-247
-239
-240
-238
-213
-176
-149
-134
-126
-84
-44
-16
20
23
14
3
-17
1
59
76
75
37
14
13
31
59
68
63
57
61
70
113
146
146
106
81
84
138
201
220
217
190
168
162
179
216
225
222
198
172
180
197
233
242
236
185
136
150
186
221
232
203
136
89
89
124
159
151
94
42
10
2
31
30
-3
-86
-142
-149
-116
-105
-153
-197
-258
-308
-348
-320
-301
-335
-380
-416
-416
-441
-490
-501
-478
-479
-492
-475
-427
-415
-393
-364
-327
-281
-300
-303
-271
-211
-164
-144
-136
-156
-178
-182
-148
-91
-73
-60
-32
15
66
87
85
98
120
115
126
161
168
149
136
129
146
160
157
160
181
215
228
242
232
211
204
233
259
286
289
252
231
235
248
271
279
256
241
228
243
277
298
286
238
214
238
267
277
256
220
172
108
82
59
43
23
-12
-4
5
-20
-58
-92
-99
-115
-110
-125
-144
-192
-253
-271
-263
-267
-302
-340
-363
-370
-345
-310
-312
-327
-382
-388
-357
-319
-281
-283
-299
-303
-300
-302
-290
-284
-295
-312
-306
-277
-237
-201
-192
-179
-134
-97
-51
-11
0
10
15
43
103
138
152
150
184
236
274
304
300
330
368
417
468
504
491
464
469
479
512
529
524
517
538
549
546
549
539
514
482
451
411
390
355
325
305
254
193
150
93
41
37
24
-4
-18
-58
-82
-97
-127
-157
-193
-226
-257
-286
-280
-294
-320
-379
-432
-441
-449
-465
-494
-511
-513
-522
-521
-521
-520
-528
-554
-557
-556
-539
-552
-544
-505
-507
-510
-534
-541
-527
-513
-475
-431
-388
-340
-302
-276
-219
-156
-116
-77
-53
-23
-8
22
63
95
150
192
228
285
316
359
418
470
519
554
574
609
637
649
695
716
732
733
744
755
765
743
710
702
693
663
615
588
566
555
513
475
452
422
362
331
306
265
200
136
118
119
116
68
27
-21
-59
-71
-82
-85
-111
-178
-214
-212
-197
-216
-272
-301
-324
-360
-394
-394
-417
-448
-494
-496
-472
-487
-522
-560
-586
-555
-533
-549
-539
-548
-568
-561
-511
-484
-496
-512
-515
-469
-392
-372
-384
-361
-347
-321
-253
-202
-175
-165
-166
-75
54
123
124
112
122
142
198
247
286
320
306
338
404
431
439
428
447
479
506
532
525
522
514
481
459
452
418
363
334
336
348
355
312
283
257
203
197
221
223
209
183
144
142
133
90
44
-12
-50
-67
-61
-57
-57
-88
-169
-210
-221
-233
-268
-306
-332
-350
-369
-376
-397
-423
-471
-536
-570
-582
-601
-605
-605
-588
-557
-532
-530
-519
-501
-486
-451
-411
-367
-355
-344
-332
-316
-284
-262
-243
-227
-214
-199
-134
-48
12
32
43
75
97
136
173
212
235
222
234
295
332
370
358
353
364
393
447
492
522
509
510
512
509
501
505
492
466
453
436
417
398
370
367
374
397
410
397
382
368
374
366
362
326
283
254
243
252
245
211
175
141
120
106
74
49
14
-32
-64
-90
-109
-123
-186
-240
-265
-296
-329
-358
-379
-412
-444
-481
-499
-517
-547
-559
-551
-545
-558
-570
-568
-536
-516
-508
-504
-504
-478
-475
-437
-374
-338
-342
-357
-333
-280
-232
-204
-178
-147
-139
-139
-78
-11
36
38
52
87
128
171
189
217
257
278
313
338
365
375
360
388
421
448
464
460
477
516
558
589
607
625
620
622
619
647
692
675
649
622
577
555
558
564
565
531
503
486
492
491
459
428
381
332
305
276
245
204
137
90
50
-6
-42
-92
-137
-173
-193
-218
-243
-248
-275
-297
-331
-374
-423
-488
-543
-541
-524
-534
-574
-617
-644
-647
-625
-621
-609
-602
-600
-564
-498
-450
-443
-463
-487
-476
-450
-418
-392
-359
-337
-325
-285
-228
-160
-137
-133
-93
-51
2
58
108
177
223
242
249
276
310
340
380
437
495
518
518
548
580
604
599
595
586
594
600
586
576
553
499
468
465
464
452
395
359
348
352
355
352
332
277
218
197
190
190
153
79
30
-5
-16
-40
-67
-101
-149
-190
-202
-204
-216
-260
-320
-343
-364
-391
-428
-475
-523
-544
-560
-564
-540
-567
-587
-587
-578
-565
-555
-563
-550
-528
-511
-516
-525
-528
-523
-499
-449
-389
-362
-374
-360
-306
-242
-207
-180
-162
-143
-108
-50
33
82
89
93
145
211
257
292
307
344
366
418
481
524
564
558
571
629
673
680
671
673
674
680
685
690
673
631
610
613
631
619
570
518
506
521
516
493
463
400
338
299
290
296
285
240
197
169
148
101
59
17
-35
-94
-146
-156
-192
-237
-259
-272
-275
-304
-333
-351
-362
-395
-425
-435
-440
-450
-470
-480
-472
-512
-547
-565
-551
-547
-560
-548
-528
-517
-506
-460
-425
-386
-383
-395
-353
-310
-284
-262
-228
-174
-164
-153
-114
-64
-33
-16
20
80
118
149
176
214
255
270
295
338
382
391
403
416
441
456
466
476
509
523
518
525
541
525
517
501
502
518
488
482
477
475
450
421
390
386
358
336
341
334
307
273
238
209
182
123
93
82
67
37
-5
-33
-77
-128
-172
-180
-170
-199
-245
-275
-295
-306
-339
-381
-391
-403
-449
-482
-499
-476
-478
-505
-516
-508
-495
-512
-500
-474
-445
-443
-448
-421
-381
-349
-326
-296
-253
-251
-235
-194
-135
-108
-92
-65
-16
29
49
99
147
173
181
185
225
278
306
322
352
394
389
379
423
471
498
502
510
524
517
491
494
519
524
520
503
506
509
483
451
445
437
408
377
356
354
318
264
218
223
207
146
94
37
25
9
-11
-36
-75
-130
-192
-202
-204
-233
-303
-373
-392
-405
-427
-461
-504
-547
-593
-610
-595
-571
-578
-594
-595
-588
-558
-558
-560
-547
-559
-549
-516
-461
-425
-411
-403
-374
-340
-321
-276
-248
-194
-148
-119
-63
-12
30
61
96
147
173
180
218
245
278
300
315
331
358
373
403
441
468
479
473
502
536
560
531
515
510
513
517
506
503
499
480
466
471
467
457
435
404
381
374
361
315
258
196
150
113
83
54
-14
-61
-103
-139
-163
-205
-226
-265
-297
-326
-343
-351
-376
-421
-437
-442
-463
-498
-515
-514
-517
-535
-524
-492
-475
-480
-484
-446
-412
-381
-356
-323
-291
-286
-293
-253
-212
-188
-195
-192
-165
-147
-132
-132
-79
-41
-11
6
37
66
69
56
72
100
112
119
129
175
184
184
204
234
252
254
257
285
306
306
324
368
392
384
367
349
371
359
355
374
373
361
337
320
326
311
273
235
234
258
225
193
161
130
86
27
0
-29
-58
-105
-138
-152
-180
-215
-256
-272
-281
-305
-325
-324
-324
-340
-365
-369
-378
-406
-436
-444
-429
-431
-437
-430
-410
-366
-358
-343
-292
-249
-219
-210
-202
-189
-191
-197
-191
-162
-129
-136
-139
-106
-86
-68
-62
-34
-11
13
35
54
68
51
54
82
121
132
139
128
143
156
161
170
182
197
194
209
237
256
254
256
268
301
327
315
292
289
285
290
296
290
286
246
229
249
267
266
217
176
161
122
92
64
62
43
4
-20
-27
-34
-85
-142
-177
-209
-227
-253
-272
-288
-330
-376
-385
-388
-394
-412
-425
-414
-401
-396
-410
-407
-404
-409
-428
-419
-393
-384
-372
-362
-332
-307
-308
-330
-337
-327
-292
-251
-225
-202
-192
-208
-182
-148
-122
-112
-104
-104
-90
-79
-68
-20
8
32
35
53
95
130
156
191
234
253
282
304
321
338
348
348
356
366
382
395
407
421
392
383
367
352
364
372
361
351
325
313
309
282
248
200
162
120
93
69
38
24
3
-26
-52
-81
-112
-149
-167
-200
-234
-248
-287
-321
-326
-330
-326
-321
-309
-320
-352
-363
-363
-327
-323
-337
-346
-351
-343
-349
-335
-330
-346
-349
-342
-332
-332
-325
-335
-318
-297
-289
-260
-227
-200
-171
-158
-151
-148
-147
-110
-63
-14
13
16
36
67
116
166
202
248
269
290
326
354
381
379
390
413
435
458
484
505
508
501
494
492
510
512
489
459
446
431
414
398
378
349
309
276
240
225
202
173
140
101
82
47
6
-19
-28
-75
-117
-148
-176
-206
-242
-263
-257
-271
-295
-305
-310
-305
-320
-346
-347
-335
-329
-328
-324
-329
-358
-369
-366
-332
-298
-288
-316
-323
-296
-288
-263
-242
-235
-252
-255
-238
-213
-176
-187
-198
-189
-176
-165
-142
-106
-67
-44
-20
24
71
98
101
155
197
222
250
279
312
322
322
323
344
367
369
374
392
416
421
421
417
418
396
384
394
385
367
336
304
300
291
258
235
220
187
165
136
126
122
87
54
36
16
-15
-48
-70
-90
-104
-130
-168
-174
-183
-203
-217
-224
-227
-234
-251
-260
-269
-276
-293
-301
-298
-316
-323
-333
-314
-324
-348
-345
-348
-326
-311
-306
-299
-292
-287
-291
-282
-247
-253
-270
-282
-266
-244
-228
-209
-198
-185
-178
-159
-126
-96
-67
-36
10
46
56
76
104
141
165
183
194
220
237
249
269
281
300
307
317
331
341
332
326
323
332
327
326
318
302
266
248
248
245
222
188
182
165
158
134
125
114
88
48
33
32
23
-5
-25
-31
-39
-66
-99
-125
-146
-169
-196
-206
-200
-195
-228
-257
-260
-257
-271
-289
-280
-268
-283
-300
-318
-303
-304
-315
-324
-319
-311
-328
-323
-317
-317
-340
-344
-325
-307
-312
-301
-281
-270
-258
-262
-234
-219
-219
-224
-214
-158
-144
-127
-103
-83
-61
-47
-21
22
55
69
78
95
129
138
145
158
176
188
190
198
209
231
217
215
232
244
249
243
249
252
237
205
186
179
180
174
172
164
158
149
128
148
152
129
117
110
110
90
79
60
44
31
0
-21
-22
-35
-69
-94
-104
-108
-118
-133
-146
-167
-192
-207
-221
-224
-235
-267
-288
-305
-300
-308
-327
-334
-338
-328
-340
-346
-334
-307
-298
-305
-307
-303
-278
-269
-255
-243
-236
-236
-224
-199
-187
-178
-190
-184
-164
-140
-122
-101
-100
-92
-48
-21
-11
2
9
25
28
29
38
51
50
55
53
69
86
86
99
114
127
127
143
174
179
170
146
135
151
140
143
157
119
107
111
107
114
108
96
88
72
78
72
66
64
42
26
6
-32
-51
-46
-56
-73
-101
-132
-143
-156
-174
-183
-201
-214
-221
-211
-213
-232
-237
-251
-263
-262
-257
-245
-239
-248
-240
-237
-244
-250
-252
-235
-228
-223
-225
-224
-209
-212
-208
-205
-204
-192
-178
-151
-134
-133
-127
-133
-119
-92
-95
-88
-72
-68
-56
-52
-25
-17
-12
-8
10
42
53
61
53
67
81
87
109
127
131
122
124
140
141
135
118
122
120
113
122
129
137
123
116
95
91
81
73
78
55
37
18
12
12
4
-17
-46
-72
-76
-88
-96
-132
-152
-178
-192
-199
-198
-206
-225
-228
-227
-233
-260
-247
-246
-239
-225
-233
-202
-191
-203
-207
-213
-184
-174
-169
-178
-183
-183
-184
-190
-174
-141
-158
-167
-155
-117
-90
-115
-137
-136
-127
-125
-117
-99
-83
-87
-108
-84
-62
-55
-50
-55
-39
-34
-28
-27
3
30
32
40
48
67
89
101
124
133
123
114
126
152
155
142
127
145
160
170
185
193
202
196
179
193
199
178
166
144
130
134
109
82
71
66
48
34
30
27
44
11
-2
5
-6
-11
-23
-15
-17
-33
-55
-61
-67
-71
-73
-77
-58
-44
-40
-40
-35
-40
-57
-67
-56
-53
-63
-75
-90
-79
-95
-112
-119
-122
-120
-127
-115
-92
-77
-73
-48
-50
-56
-56
-46
-24
-11
-14
-33
-22
-11
5
16
8
10
16
34
43
75
90
79
75
90
98
110
111
115
133
131
134
119
122
133
144
143
143
151
155
142
134
144
127
126
114
102
79
49
51
48
35
38
23
4
-9
-15
5
7
-13
-27
-25
-19
-15
-35
-37
-51
-67
-79
-80
-86
-69
-60
-73
-97
-107
-93
-83
-77
-68
-71
-80
-73
-83
-87
-77
-93
-98
-105
-107
-98
-104
-104
-120
-120
-131
-136
-122
-95
-82
-83
-78
-73
-73
-66
-61
-56
-53
-49
-46
-51
-56
-51
-37
-35
-15
-2
11
20
19
28
48
54
52
47
60
90
108
109
113
116
113
94
72
80
73
69
70
68
68
77
86
88
78
69
66
63
57
44
42
45
25
30
34
32
37
17
10
21
13
4
-2
-6
-1
-9
-22
-32
-30
-46
-63
-61
-46
-31
-38
-39
-64
-102
-130
-127
-124
-126
-125
-127
-119
-103
-82
-80
-77
-78
-74
-73
-62
-40
-36
-46
-60
-58
-49
-47
-31
-29
-29
-30
-33
-6
26
50
51
41
44
55
55
64
69
73
61
48
47
59
58
49
32
42
47
39
40
40
53
32
16
27
37
43
44
37
45
37
27
31
31
15
-2
-10
-9
-7
-11
-30
-27
-20
-21
-20
-17
-8
-2
-10
-5
29
51
50
38
33
40
44
43
42
54
44
24
22
28
45
34
11
7
10
6
-8
12
32
22
2
22
60
68
71
68
72
59
36
20
20
6
0
-7
-11
-13
-26
-24
-24
-22
-22
-18
-5
-1
-1
-10
-17
-9
-8
-16
-28
-10
10
8
9
27
17
7
-3
-6
5
18
27
18
12
22
31
29
37
27
4
-12
-13
6
16
10
-18
-20
-20
-27
-19
-8
3
-6
-14
4
25
33
33
23
6
-21
-26
-3
10
9
9
5
4
8
15
23
16
1
18
27
37
45
47
34
31
29
20
39
23
34
53
55
45
25
31
39
42
35
46
54
56
55
48
36
28
13
7
-3
-1
3
-9
-12
2
-2
-19
-17
-26
-23
-24
-30
-32
-15
8
12
10
13
15
22
18
16
30
42
47
65
84
84
79
71
80
84
84
74
63
76
88
80
66
54
54
44
37
32
32
24
18
26
16
-11
-38
-47
-39
-36
-41
-31
-30
-32
-46
-59
-54
-66
-64
-56
-34
-17
-30
-38
-25
-26
-22
-42
-61
-46
-59
-58
-64
-62
-53
-58
-68
-71
-56
-55
-68
-70
-70
-69
-81
-78
-78
-82
-95
-100
-111
-116
-116
-125
-117
-91
-89
-79
-72
-77
-69
-61
-50
-25
-18
-17
2
19
38
23
-5
-18
8
6
6
11
16
18
-7
-2
2
6
12
22
36
47
46
34
43
41
39
9
8
3
-8
-16
-33
-32
-34
-23
-28
-20
-9
-14
-7
-9
-7
-5
-8
1
1
-6
3
13
7
-9
-10
4
2
-3
4
6
11
12
2
-13
-18
-13
-9
15
36
28
34
34
36
43
30
22
25
38
43
40
39
17
9
10
16
18
5
1
-4
-1
-10
-15
4
5
-1
-12
4
11
-2
-15
-25
-19
-16
-18
-7
1
4
-1
8
31
43
36
24
38
51
56
60
55
48
46
46
46
58
58
54
39
25
22
1
-16
-18
8
8
3
11
17
25
28
20
29
47
40
42
51
56
51
32
29
34
45
47
35
40
34
18
15
26
46
37
37
36
33
29
18
6
18
14
10
-5
0
-6
-30
-34
-43
-57
-62
-72
-73
-46
-30
-51
-72
-69
-61
-61
-63
-52
-26
-55
-67
-71
-89
-87
-95
-101
-86
-81
-94
-95
-85
-82
-86
-79
-62
-48
-26
-16
-3
5
-22
-22
-18
-6
2
-7
5
11
6
-5
-20
-12
-3
1
25
32
30
26
19
21
12
30
51
59
76
94
94
87
91
93
82
78
81
97
127
125
115
103
99
102
106
110
121
133
140
131
117
95
89
92
105
108
102
104
95
97
100
91
80
85
88
95
75
52
31
6
1
1
-5
-3
-17
-37
-38
-48
-56
-54
-47
-39
-45
-52
-38
-33
-26
-30
-30
-44
-53
-51
-47
-30
-12
-16
-14
-10
-9
-7
5
24
43
50
37
32
21
19
8
17
15
32
50
38
43
40
48
57
80
92
112
125
133
128
135
133
116
108
113
134
138
124
120
113
95
95
99
100
82
75
64
58
59
49
56
37
22
22
13
24
35
35
30
29
25
24
31
28
4
15
14
-2
-7
-12
-22
-33
-29
-31
-13
-44
-62
-54
-51
-48
-67
-37
-31
-33
-18
-16
-16
-37
-46
-29
-16
-14
-28
-21
-5
-34
-38
-38
-24
1
3
20
18
14
13
18
25
43
44
33
41
30
29
32
37
39
52
58
67
64
62
70
63
70
78
77
100
110
108
94
85
77
58
46
40
57
82
102
86
73
72
55
40
39
42
56
45
48
55
53
59
51
52
64
76
82
87
86
85
72
50
38
35
24
31
25
11
7
-9
-12
-16
-7
-14
-21
-21
-30
-41
-52
-40
-36
-48
-73
-81
-81
-70
-85
-102
-92
-92
-99
-83
-61
-52
-56
-82
-80
-79
-86
-93
-102
-78
-71
-78
-84
-75
-71
-88
-99
-98
-76
-58
-50
-47
-35
-45
-50
-45
-38
-22
-9
3
9
27
37
38
49
64
94
114
128
139
121
114
136
144
153
161
158
183
174
168
164
152
150
138
125
102
100
109
98
109
105
102
89
95
98
97
86
61
60
46
41
15
-2
-19
-48
-48
-59
-71
-68
-77
-86
-99
-92
-90
-97
-110
-112
-132
-120
-136
-148
-144
-147
-136
-152
-171
-181
-175
-172
-168
-186
-174
-163
-171
-184
-176
-160
-166
-176
-164
-118
-98
-97
-111
-115
-98
-79
-62
-37
-14
-12
-13
7
24
42
64
80
91
105
107
101
99
102
114
127
149
143
146
153
165
181
165
154
145
138
133
132
142
145
134
124
105
85
88
75
76
68
70
69
41
27
39
33
14
-6
-16
-3
-16
-27
-41
-46
-54
-69
-76
-59
-48
-56
-73
-99
-111
-133
-141
-144
-152
-153
-148
-154
-156
-145
-153
-146
-140
-143
-121
-102
-113
-118
-93
-81
-92
-116
-123
-114
-100
-77
-64
-56
-48
-46
-61
-59
-45
-33
-14
-7
8
19
21
41
54
61
87
109
119
134
140
157
142
133
141
165
185
190
181
181
165
150
136
147
164
168
173
153
146
146
131
124
121
104
120
113
108
112
90
68
55
36
30
43
44
43
48
45
22
-4
-30
-34
-41
-68
-90
-107
-107
-124
-142
-143
-156
-174
-188
-192
-178
-184
-168
-175
-167
-159
-169
-164
-182
-168
-160
-167
-158
-151
-146
-130
-128
-110
-89
-93
-103
-103
-78
-68
-47
-19
-4
-2
-11
3
27
36
54
57
61
60
54
63
91
104
100
86
93
117
131
123
127
149
158
148
144
158
166
158
135
140
142
131
114
114
111
110
89
103
108
88
78
65
62
51
63
61
53
39
20
11
13
13
9
0
13
26
16
15
7
-5
-31
-46
-51
-41
-40
-56
-74
-65
-61
-82
-99
-90
-83
-110
-132
-129
-131
-145
-148
-153
-139
-145
-128
-121
-130
-142
-162
-174
-182
-168
-158
-144
-138
-136
-137
-133
-122
-125
-117
-112
-103
-82
-66
-78
-75
-62
-64
-42
-40
-19
4
17
20
26
36
35
35
49
56
81
93
82
82
89
85
77
74
72
79
76
60
58
45
16
12
2
16
23
28
14
9
0
-14
-34
-39
-41
-54
-54
-51
-36
-45
-72
-70
-84
-82
-78
-90
-111
-146
-161
-168
-162
-172
-182
-197
-202
-209
-199
-205
-223
-246
-252
-253
-254
-253
-249
-239
-252
-255
-260
-266
-264
-265
-257
-233
-230
-229
-241
-248
-240
-248
-224
-202
-188
-167
-152
-140
-122
-105
-104
-100
-76
-52
-32
-40
-23
16
19
37
47
63
86
78
85
111
104
95
93
100
126
140
128
118
113
98
95
87
86
80
89
78
72
75
79
71
60
56
60
45
32
34
26
10
-6
-4
-21
-39
-45
-59
-66
-75
-92
-91
-113
-125
-118
-116
-105
-105
-117
-137
-148
-156
-169
-167
-159
-151
-149
-177
-165
-150
-155
-137
-154
-149
-143
-136
-127
-127
-117
-122
-120
-99
-76
-63
-75
-82
-78
-67
-66
-66
-53
-55
-45
-21
1
15
7
37
56
66
83
106
109
115
133
133
138
133
127
117
123
123
111
108
114
117
104
92
97
99
90
90
98
69
59
54
35
28
25
35
25
8
5
8
-1
-21
-41
-39
-30
-41
-60
-61
-90
-111
-118
-150
-159
-168
-171
-169
-185
-199
-207
-212
-212
-227
-230
-213
-218
-217
-202
-203
-221
-231
-236
-229
-213
-193
-186
-184
-187
-180
-162
-156
-132
-113
-95
-85
-93
-83
-66
-50
-47
-48
-37
-24
-24
-10
9
27
28
36
56
69
68
70
77
93
100
102
108
113
130
135
148
152
144
137
114
110
105
100
92
82
82
68
68
72
73
55
57
28
24
35
22
18
7
-6
-29
-33
-13
2
-5
-20
-32
-43
-78
-83
-78
-89
-92
-103
-114
-122
-122
-131
-143
-157
-170
-160
-153
-136
-129
-144
-143
-143
-134
-123
-134
-130
-129
-121
-103
-101
-97
-104
-101
-101
-108
-96
-81
-79
-71
-77
-86
-78
-85
-84
-76
-77
-69
-51
-58
-59
-39
-61
-56
-27
-12
9
19
11
11
6
13
15
31
32
20
19
27
29
13
14
20
28
40
33
37
30
11
2
1
9
10
-5
-3
12
-4
-10
-16
1
8
-11
-30
-32
-19
-8
-13
-29
-30
-33
-47
-53
-53
-51
-60
-67
-82
-90
-101
-103
-95
-89
-94
-96
-89
-97
-102
-109
-112
-110
-112
-114
-99
-98
-105
-98
-102
-99
-89
-97
-93
-92
-85
-70
-61
-54
-61
-59
-60
-60
-66
-63
-54
-50
-35
-36
-42
-52
-53
-48
-34
-19
-8
4
-13
-14
-11
-9
9
26
47
42
37
45
48
63
73
64
73
59
58
65
61
60
64
65
63
63
72
77
69
68
64
58
66
71
69
54
35
33
30
29
15
0
-2
-13
-33
-41
-49
-43
-44
-63
-75
-83
-79
-101
-105
-92
-97
-106
-111
-109
-114
-111
-123
-135
-130
-138
-157
-149
-142
-122
-128
-129
-117
-118
-131
-128
-131
-119
-117
-105
-93
-108
-95
-117
-109
-102
-97
-85
-93
-85
-57
-45
-33
-14
-17
0
1
5
40
49
56
57
81
104
113
123
113
116
104
97
108
119
133
144
149
147
149
156
150
149
147
141
139
128
126
121
111
100
92
68
72
75
81
82
71
71
76
81
61
55
41
30
21
1
-3
-9
-19
-34
-46
-54
-67
-90
-101
-103
-109
-110
-108
-118
-118
-129
-135
-141
-154
-145
-145
-138
-148
-147
-128
-123
-120
-137
-128
-121
-117
-111
-96
-78
-86
-82
-81
-79
-89
-84
-78
-77
-74
-65
-57
-50
-42
-36
-19
-11
12
30
40
42
53
56
79
84
86
102
110
102
100
105
93
91
97
114
114
103
89
75
58
49
39
25
33
39
28
34
32
34
28
8
0
-14
-16
-24
-16
-4
-2
1
-8
-28
-30
-38
-52
-51
-49
-64
-69
-84
-81
-74
-83
-79
-69
-62
-73
-83
-81
-69
-92
-103
-86
-80
-85
-90
-83
-66
-75
-67
-45
-32
-20
-29
-27
-20
-16
-28
-36
-50
-61
-57
-46
-37
-18
-20
-18
-19
-9
9
31
56
69
74
90
100
108
112
91
103
98
106
106
99
118
119
110
106
114
144
152
159
152
153
154
137
139
137
137
120
86
75
83
69
54
51
54
51
45
49
48
50
38
27
24
1
-9
-37
-40
-36
-37
-37
-54
-66
-86
-83
-100
-110
-103
-100
-96
-116
-120
-109
-120
-120
-115
-99
-74
-70
-61
-48
-61
-68
-74
-70
-70
-60
-64
-67
-73
-63
-48
-47
-40
-19
-8
-7
-5
-2
4
1
12
10
16
8
15
8
-4
7
9
6
5
4
1
12
32
33
46
58
58
69
89
100
102
116
109
83
66
45
61
59
50
57
31
31
21
35
46
32
16
23
32
37
36
36
34
8
5
0
-7
-19
-28
-25
-23
-32
-50
-46
-32
-33
-20
-13
-14
-15
-25
-21
-12
-10
-18
-22
-31
-23
-29
-29
-22
-16
-9
-23
-19
-5
11
15
18
17
15
22
13
-1
8
26
12
15
16
22
17
7
21
18
14
-8
3
19
15
6
12
33
40
46
57
59
53
56
59
52
59
55
56
66
56
56
55
39
23
20
31
31
32
31
36
16
9
10
12
22
10
2
0
7
18
19
7
-14
-28
-25
-24
-26
-26
-19
-21
-46
-60
-62
-66
-76
-83
-99
-116
-125
-124
-120
-122
-114
-107
-115
-110
-113
-125
-110
-118
-124
-109
-83
-74
-73
-74
-78
-81
-80
-61
-38
-40
-34
-21
-10
14
13
14
29
38
54
51
36
38
46
60
59
63
80
97
103
110
102
110
120
117
111
122
144
170
184
193
185
162
147
133
133
139
148
146
133
118
103
94
79
59
43
47
47
41
33
28
26
9
6
-2
11
34
21
24
29
22
13
4
4
22
12
15
23
7
-1
-6
2
21
32
30
43
29
21
18
27
33
26
33
51
53
56
63
60
61
39
40
65
84
90
93
89
93
83
82
75
70
75
78
84
65
47
38
33
17
10
7
8
11
6
9
6
-5
2
4
14
19
10
37
25
4
-7
-21
-8
1
-8
-17
-23
-30
-44
-48
-39
-42
-39
-51
-35
-26
-39
-41
-36
-47
-46
-55
-40
-28
-35
-40
-35
-26
-46
-49
-48
-27
-16
-24
-11
-16
-18
-39
-55
-50
-55
-43
-42
-29
-23
-37
-46
-54
-48
-47
-48
-37
-27
-33
-37
-27
-29
-27
-16
-4
1
11
26
35
19
18
27
31
39
34
42
54
41
36
49
54
58
49
48
64
62
48
44
39
39
42
46
53
65
60
51
56
58
55
68
63
60
70
92
100
95
78
83
89
100
120
122
112
94
91
85
74
61
57
43
35
49
55
47
30
22
34
44
36
38
37
34
28
17
10
14
-6
-12
-6
-11
-4
4
3
0
-1
11
21
5
5
6
4
-1
-8
-12
3
11
-2
22
26
17
16
24
22
22
26
36
44
28
8
14
4
-11
-22
-17
-13
-17
-7
6
2
-4
-3
-10
-14
-13
8
15
8
-6
-16
-20
-35
-45
-33
-27
-24
-29
-12
-14
-16
-21
-28
-16
-28
-9
-12
-25
-33
-47
-59
-64
-72
-79
-80
-69
-79
-94
-104
-102
-99
-115
-120
-114
-101
-101
-116
-147
-158
-153
-155
-157
-171
-172
-165
-167
-187
-179
-169
-159
-149
-142
-126
-137
-142
-152
-156
-156
-172
-168
-161
-157
-151
-162
-179
-167
-156
-145
-136
-131
-122
-113
-115
-124
-115
-110
-117
-118
-120
-118
-112
-101
-99
-98
-106
-108
-109
-110
-91
-73
-80
-83
-97
-114
-109
-116
-102
-97
-99
-91
-96
-104
-117
-118
-128
-134
-142
-140
-140
-142
-159
-163
-145
-145
-141
-131
-122
-121
-139
-166
-156
-161
-179
-175
-178
-184
-186
-199
-202
-219
-215
-200
-199
-189
-193
-207
-204
-213
-218
-219
-220
-226
-219
-212
-214
-200
-190
-193
-184
-174
-184
-178
-173
-155
-148
-138
-140
-145
-134
-138
-139
-126
-124
-115
-110
-111
-119
-123
-117
-136
-131
-108
-104
-94
-91
-80
-74
-71
-63
-65
-63
-58
-67
-64
-73
-75
-67
-64
-45
-44
-38
-47
-63
-74
-81
-81
-72
-73
-64
-59
-60
-62
-68
-58
-78
-83
-83
-84
-89
-102
-99
-108
-117
-125
-113
-114
-107
-97
-96
-92
-108
-108
-116
-109
-116
-116
-113
-118
-111
-105
-97
-120
-131
-122
-111
-98
-83
-75
-74
-80
-76
-71
-59
-42
-32
-12
-20
-34
-40
-50
-43
-33
-37
-26
-29
-40
-47
-52
-39
-45
-31
-36
-32
-29
-42
-41
-38
-51
-56
-49
-59
-54
-61
-72
-78
-110
-110
-113
-117
-125
-131
-131
-127
-118
-124
-119
-124
-126
-131
-127
-138
-126
-119
-123
-139
-151
-163
-171
-162
-156
-134
-124
-118
-122
-116
-108
-113
-104
-105
-107
-99
-95
-94
-86
-87
-87
-90
-92
-92
-77
-83
-87
-77
-67
-70
-80
-86
-81
-71
-89
-85
-85
-90
-85
-80
-72
-57
-50
-50
-47
-55
-57
-58
-70
-78
-75
-82
-69
-56
-66
-70
-65
-67
-78
-75
-53
-36
-26
-22
-13
-18
-25
-25
-15
-8
-10
-8
-20
-23
-23
-15
-24
-25
-12
-5
-19
-19
-13
-12
-22
-36
-29
-37
-38
-33
-36
-40
-49
-51
-58
-63
-57
-62
-71
-72
-76
-85
-77
-90
-89
-100
-91
-84
-81
-78
-78
-67
-82
-102
-88
-93
-103
-95
-75
-57
-57
-54
-62
-66
-68
-64
-50
-33
-30
-25
-30
-31
-17
-15
-21
-15
-22
-33
-41
-49
-47
-44
-31
-28
-14
-24
-33
-28
-45
-46
-33
-36
-35
-30
-21
-20
-19
-13
-18
-26
-34
-36
-34
-49
-45
-44
-53
-43
-41
-45
-44
-48
-43
-33
-38
-45
-49
-40
-41
-35
-20
-10
-20
-31
-16
-23
-24
-33
-16
-9
-19
-25
-11
-8
-22
-20
-32
-25
-14
-3
10
3
-3
3
-3
-12
-32
-35
-25
-23
-19
-14
-2
-4
6
5
5
14
8
4
0
-15
