123
131
120
108
105
109
91
74
81
73
92
92
108
115
111
98
86
87
57
55
56
62
76
81
102
97
92
91
73
95
106
120
131
130
155
159
160
171
165
198
188
166
185
197
185
204
199
210
235
210
206
204
190
176
190
178
184
171
165
167
153
148
154
181
174
143
134
139
124
126
107
117
125
111
109
106
103
103
96
87
92
88
67
68
67
67
65
48
50
61
33
19
2
-32
-39
-42
-38
-44
-53
-65
-33
-45
-54
-51
-51
-44
-70
-60
-51
-49
-65
-54
-46
-60
-90
-74
-60
-70
-40
-49
-36
-45
-47
-45
-43
-43
-46
-53
-49
-49
-56
-50
-48
-66
-63
-62
-60
-64
-58
-68
-77
-62
-73
-68
-53
-50
-45
-59
-71
-50
-50
-40
-27
1
-8
-8
6
9
12
-7
10
38
39
45
68
91
76
77
96
87
110
89
104
141
131
135
144
152
155
141
132
180
158
169
177
177
179
134
144
159
159
173
175
164
169
146
136
152
152
145
159
156
166
178
171
199
191
185
186
185
176
182
181
165
148
130
117
106
100
88
83
90
85
73
75
63
50
36
20
27
13
12
16
9
-14
-28
-39
-37
-31
-38
-13
-13
-11
-20
-17
-3
-9
-1
-7
-24
-26
-31
-42
-26
-41
-47
-32
-55
-51
-70
-69
-75
-94
-103
-112
-111
-112
-122
-144
-151
-154
-169
-164
-159
-183
-189
-201
-200
-196
-205
-191
-186
-193
-210
-201
-176
-173
-160
-148
-141
-139
-152
-167
-143
-135
-141
-134
-120
-126
-120
-114
-104
-91
-106
-91
-83
-52
-45
-21
15
11
35
47
50
79
98
91
111
118
113
120
135
131
130
138
136
138
125
106
112
105
91
72
76
84
68
61
59
59
68
67
84
83
75
75
69
87
91
84
55
35
40
31
19
22
12
32
22
11
11
-17
-9
-23
-32
-39
-35
-37
-59
-45
-59
-63
-56
-70
-50
-45
-67
-43
-33
-55
-44
-47
-34
-16
-49
-25
-30
-33
-33
-40
-20
-15
-13
-16
-22
-21
-17
-15
-27
-26
-28
-34
-39
-39
-46
-29
-46
-60
-64
-56
-56
-60
-53
-75
-74
-103
-105
-92
-107
-102
-113
-132
-137
-143
-154
-163
-151
-155
-163
-159
-165
-160
-153
-165
-166
-155
-156
-133
-126
-112
-111
-102
-84
-97
-99
-107
-107
-90
-88
-97
-88
-90
-81
-60
-60
-51
-61
-40
-33
-24
-14
-6
2
0
0
-1
-1
-9
-11
-30
-42
-22
-25
-12
-32
-45
-26
-36
-43
-17
-36
-45
-45
-70
-50
-53
-55
-60
-75
-66
-63
-58
-62
-73
-62
-56
-48
-46
-62
-68
-81
-91
-86
-92
-91
-93
-86
-75
-73
-70
-67
-67
-70
-58
-47
-59
-51
-50
-62
-54
-62
-53
-44
-42
-25
-2
9
31
45
50
70
68
77
82
82
82
97
117
107
100
103
90
84
88
82
92
85
80
89
96
95
79
70
74
81
96
91
109
109
80
93
83
72
71
71
83
88
87
74
66
67
72
95
78
95
95
84
74
66
81
73
70
67
59
58
54
41
40
25
8
-10
-30
-39
-41
-33
-40
-55
-72
-80
-81
-81
-85
-80
-99
-110
-97
-96
-85
-82
-93
-82
-82
-75
-73
-79
-64
-84
-57
-56
-71
-62
-61
-58
-55
-67
-75
-75
-80
-75
-65
-67
-64
-68
-47
-31
-61
-53
-53
-51
-35
-43
-32
-25
-26
-9
4
26
32
32
43
49
58
73
63
79
76
69
85
80
106
107
98
98
97
90
81
79
77
68
70
50
50
50
46
39
31
19
10
16
7
8
11
6
-4
-6
2
11
16
20
23
32
38
36
33
48
40
55
58
55
63
45
62
75
76
82
82
92
78
81
85
85
88
72
89
104
79
92
107
105
122
118
126
128
123
145
137
141
151
150
142
128
133
134
121
122
106
97
78
61
44
41
21
10
16
-6
-11
-20
-22
-18
-34
-56
-57
-64
-72
-62
-72
-77
-84
-103
-88
-108
-103
-101
-102
-106
-126
-108
-112
-120
-101
-92
-87
-80
-87
-78
-75
-88
-71
-59
-64
-52
-53
-43
-20
-27
6
20
25
46
45
50
56
54
61
75
90
92
103
115
94
102
103
84
87
77
50
50
38
29
38
16
23
30
3
-6
-14
-11
-12
-28
-10
-4
0
3
-19
-32
-22
-34
-40
-33
-43
-24
-25
-37
-31
-14
-26
-33
-32
-39
-33
-51
-31
-14
-21
-1
14
6
21
22
9
39
34
40
44
42
53
48
37
62
61
63
63
70
93
78
75
92
96
95
109
78
94
96
77
106
100
104
89
76
76
42
35
46
41
30
-6
-7
10
-1
-18
-22
-18
-32
-46
-35
-32
-26
-24
-35
-32
-43
-54
-44
-21
-32
-8
-5
-6
6
3
2
20
23
2
12
3
9
4
-12
-7
0
-23
-27
-11
0
15
10
2
-2
-1
2
-6
10
21
24
43
14
22
19
20
25
7
0
3
-6
-22
-27
-28
-41
-29
-30
-31
-5
-28
-21
2
-6
-7
7
-2
7
18
-1
14
21
1
7
10
12
15
11
-10
9
6
-15
-10
-13
-11
-21
-23
-17
-27
-26
-14
-8
9
20
35
17
-1
3
3
6
22
18
17
15
-2
-11
-5
-6
-3
11
6
23
35
39
33
57
59
55
78
77
98
111
93
100
118
117
136
146
136
137
149
130
120
118
91
91
94
70
67
51
30
43
33
61
81
70
68
59
47
58
59
68
78
70
65
47
50
47
33
58
70
60
57
44
47
58
65
61
44
44
35
30
48
50
47
51
56
56
68
56
32
38
13
-1
1
0
-7
-18
-28
-32
-48
-60
-62
-57
-63
-84
-82
-71
-71
-80
-54
-39
-41
-30
-30
-40
-45
-65
-82
-78
-59
-59
-61
-71
-80
-97
-102
-101
-110
-94
-101
-94
-82
-70
-60
-49
-46
-50
-37
-27
-16
-5
12
28
50
41
50
89
66
77
70
84
94
84
65
72
81
83
95
85
98
107
106
115
149
136
131
121
113
128
137
139
128
114
110
114
114
122
122
114
97
102
110
105
114
124
136
141
131
136
140
127
137
133
141
163
158
163
149
144
147
150
141
135
129
108
109
108
99
117
115
96
98
93
86
84
70
54
63
56
43
33
32
41
38
31
30
33
24
29
28
25
29
17
10
19
21
28
26
1
14
6
-10
4
6
5
-1
-29
-49
-41
-55
-47
-46
-58
-49
-64
-68
-67
-71
-89
-98
-107
-107
-109
-107
-104
-110
-109
-107
-107
-105
-104
-98
-87
-90
-89
-74
-79
-68
-65
-69
-55
-61
-51
-18
-38
-33
-30
-32
-42
-16
-31
-7
-42
-56
29
-32
-19
1
38
18
65
57
79
69
91
112
88
58
73
70
62
68
56
52
70
66
47
68
43
39
24
29
40
39
6
41
39
23
21
18
28
21
31
5
-17
-21
-24
-11
1
-1
-8
-11
-27
-34
-44
-45
-61
-77
-92
-90
-85
-104
-88
-75
-79
-88
-88
-89
-72
-90
-100
-93
-97
-106
-115
-106
-99
-102
-99
-108
-117
-125
-137
-115
-110
-109
-107
-112
-110
-111
-113
-115
-118
-128
-121
-118
-121
-120
-119
-121
-111
-100
-90
-87
-81
-73
-80
-83
-63
-70
-55
-40
-38
-26
-21
-4
16
32
39
22
22
22
21
23
15
14
6
7
11
0
-12
-3
-2
-26
-54
-46
-52
-80
-90
-80
-89
-115
-136
-140
-131
-114
-110
-111
-94
-94
-86
-60
-43
-18
-20
-16
-15
-11
13
4
35
32
22
53
46
54
60
59
55
36
45
48
66
56
36
32
46
40
35
34
47
64
48
56
67
66
80
74
84
80
73
65
60
66
48
33
42
48
58
74
78
87
72
66
67
46
50
65
69
57
53
36
36
41
26
41
42
38
29
37
40
57
36
42
54
53
67
69
71
84
90
78
98
97
109
120
101
105
93
91
79
93
104
84
72
65
62
56
49
49
46
43
31
22
24
3
9
10
1
18
14
6
-8
-17
-9
-3
10
-3
-1
-3
-5
-12
-26
-6
-17
-20
-14
-7
0
-16
-23
-27
-15
-32
-30
-38
-51
-45
-52
-62
-52
-66
-91
-80
-74
-68
-60
-58
-84
-91
-69
-84
-74
-84
-99
-93
-88
-80
-57
-55
-63
-63
-81
-67
-69
-84
-78
-81
-76
-78
-88
-66
-70
-54
-33
-30
-10
-4
-4
-11
-20
-5
5
-13
8
17
23
17
11
50
42
33
47
48
81
87
78
85
69
67
73
51
63
63
40
39
35
17
27
9
18
26
2
8
-2
-14
-29
-27
-17
-19
-26
-30
-40
-34
-28
-18
-13
1
16
14
22
23
30
27
23
36
38
31
39
39
40
31
29
39
63
60
58
41
24
14
7
-1
14
11
4
13
12
-6
-26
-43
-62
-58
-70
-85
-85
-84
-91
-98
-103
-102
-97
-102
-114
-107
-112
-130
-130
-136
-129
-146
-150
-144
-154
-159
-154
-143
-140
-146
-132
-118
-113
-108
-109
-121
-121
-114
-108
-97
-90
-106
-111
-105
-110
-93
-83
-78
-68
-67
-61
-48
-51
-56
-40
-42
-24
-17
-1
11
8
10
5
1
4
17
19
34
33
50
40
46
51
51
52
68
79
86
107
101
100
93
87
90
104
97
88
80
89
91
83
92
91
83
85
67
68
80
72
83
90
86
81
74
79
83
90
99
93
103
92
69
59
44
41
41
34
25
17
20
18
6
6
8
5
-10
1
8
2
8
-1
6
21
31
37
21
14
7
9
3
6
16
31
28
19
12
-10
-14
-13
-21
-11
-13
-23
-16
-43
-35
-27
-37
-25
-27
-24
-21
-37
-48
-58
-60
-72
-86
-69
-81
-84
-73
-81
-81
-83
-91
-93
-89
-95
-105
-98
-101
-110
-115
-116
-116
-123
-128
-132
-126
-139
-125
-112
-117
-119
-109
-112
-109
-102
-104
-82
-83
-75
-59
-46
-26
-17
-10
8
19
35
24
23
26
10
7
-2
10
23
15
18
19
12
30
18
2
6
14
11
10
17
29
28
37
39
44
46
38
38
45
49
58
50
38
37
32
33
22
5
20
2
10
7
-10
-2
-14
-25
-18
-25
-30
-37
-55
-40
-34
-27
-21
-25
-17
-11
-28
-20
-13
-10
-8
9
7
-7
1
2
0
-10
-9
11
18
11
-2
2
10
5
7
6
11
10
26
23
14
15
15
30
26
43
41
50
45
36
41
26
35
43
32
36
27
-7
-4
-13
-13
-13
-37
-45
-52
-50
-49
-59
-83
-76
-83
-102
-98
-92
-102
-120
-130
-132
-133
-121
-112
-111
-97
-114
-120
-96
-94
-92
-84
-89
-71
-75
-85
-89
-92
-89
-97
-74
-75
-75
-76
-85
-89
-87
-83
-76
-80
-79
-71
-70
-74
-63
-59
-45
-34
-22
-13
-4
21
12
20
18
21
43
36
40
64
44
49
50
40
22
-4
-9
-8
-18
-37
-38
-44
-42
-52
-79
-87
-89
-99
-100
-94
-101
-80
-78
-62
-51
-42
-19
-27
-22
-13
-7
6
14
16
31
45
43
58
67
72
71
77
100
97
117
117
118
137
128
141
153
157
160
163
175
186
171
165
166
165
172
185
182
188
182
169
171
151
155
165
150
143
140
119
107
107
88
75
73
80
67
64
48
34
30
15
10
2
-11
-30
-42
-54
-76
-73
-84
-82
-80
-89
-84
-87
-101
-115
-123
-119
-119
-124
-117
-125
-121
-138
-145
-142
-139
-151
-156
-159
-163
-157
-162
-157
-154
-150
-123
-103
-108
-104
-102
-91
-83
-94
-61
-45
-52
-54
-64
-49
-45
-58
-69
-20
-11
-24
-24
-18
-23
-15
-19
-9
4
-17
2
8
9
14
7
4
17
34
44
62
66
89
88
95
121
127
141
122
131
140
132
135
138
140
134
139
160
169
161
156
150
151
143
126
138
144
130
119
115
113
102
95
87
105
102
92
107
117
123
112
123
136
118
133
132
124
140
126
106
102
88
87
80
77
81
58
42
41
23
21
27
11
6
7
2
-6
-12
-2
-12
-12
4
-6
-17
-17
-18
-24
-30
-14
-16
-12
3
11
43
37
22
21
28
44
44
47
59
58
41
22
14
11
-7
-17
-9
-21
-19
-22
-48
-37
-41
-62
-51
-47
-51
-54
-68
-70
-73
-83
-86
-79
-65
-56
-47
-32
-33
-26
-33
-16
-7
5
9
19
27
20
31
26
37
21
2
1
-1
5
23
16
37
32
11
10
21
20
33
35
20
22
14
34
22
21
41
39
53
55
54
76
66
55
64
67
82
83
59
45
59
54
45
47
58
56
52
48
36
65
71
64
86
89
96
108
106
104
102
90
92
81
71
76
55
58
27
26
20
-7
4
5
12
6
-18
-48
-46
-52
-62
-67
-68
-65
-95
-93
-101
-91
-91
-95
-62
-73
-52
-47
-70
-42
-41
-31
-18
-18
-6
1
-8
-5
5
15
25
28
35
43
19
13
23
27
22
35
41
45
45
26
26
13
9
-3
-2
-38
-36
-34
-42
-46
-56
-62
-50
-51
-54
-51
-56
-49
-51
-61
-49
-29
-42
-18
-14
-25
-28
-32
-22
-12
-21
-1
14
1
9
2
-11
8
-15
-30
-15
-25
-18
-36
-24
-9
-16
-19
-15
-20
-45
-49
-40
-31
-9
-28
-36
-24
-32
-38
-58
-54
-29
-19
7
1
11
4
7
20
12
21
31
24
26
33
-8
11
2
-8
6
-8
-10
-14
-16
-28
-21
-10
-15
27
20
15
11
-9
9
6
9
18
31
45
44
21
28
27
12
34
33
28
22
8
-18
-17
-16
-21
-23
-4
7
13
18
4
9
6
13
26
45
46
63
79
76
84
81
74
93
84
86
90
71
80
73
74
68
69
76
102
95
70
88
78
59
52
26
7
21
14
13
23
4
7
-13
-14
-30
-33
-46
-53
-49
-53
-46
-56
-59
-74
-42
-35
-19
-7
0
1
-3
-7
-2
7
-5
-17
-9
-5
-17
-1
-25
-26
-24
-36
-37
-35
-40
-52
-38
-54
-67
-63
-79
-75
-81
-88
-85
-72
-70
-68
-60
-60
-54
-41
-50
-31
-8
-10
-22
8
-6
-2
23
25
58
60
57
80
85
77
78
70
73
74
67
74
92
92
76
78
67
80
76
70
81
82
64
68
76
58
55
70
76
78
68
68
77
62
34
15
8
-4
-1
-1
33
30
25
14
10
15
6
8
-1
1
-7
-6
-1
23
25
23
31
39
42
55
57
63
54
31
42
52
40
40
39
30
29
15
22
39
24
23
33
33
24
17
23
32
27
25
38
42
24
28
36
48
45
54
52
46
64
25
23
23
6
-9
-10
-4
-1
-14
-19
-15
-1
2
22
37
18
14
14
13
10
3
0
4
5
-7
-9
-13
-17
-30
-36
-18
-19
-31
-22
-45
-37
-21
-46
-39
-35
-55
-37
-48
-57
-35
-48
-48
-34
-41
-26
-37
-38
-30
-30
-27
-49
-51
-54
-64
-48
-60
-38
-37
-48
-42
-42
-41
-49
-34
-44
-51
-47
-65
-43
-41
-42
-49
-59
-46
-41
-30
-26
-17
-3
7
12
24
35
24
36
31
36
32
32
31
32
42
32
37
30
22
5
-3
-21
-23
-5
-13
-24
-6
-21
-8
-6
-17
-7
-17
0
-3
8
-6
-4
-2
-4
18
13
10
24
20
12
28
16
18
35
33
22
25
23
15
19
14
17
11
3
1
18
44
31
34
45
44
56
58
62
61
61
50
42
51
44
51
61
62
61
58
58
57
50
37
50
56
48
49
48
47
52
56
77
63
65
66
43
41
22
16
13
8
-11
-12
-13
-33
-18
-15
-33
-46
-54
-60
-55
-49
-66
-60
-79
-100
-103
-99
-107
-108
-100
-90
-94
-100
-110
-103
-112
-130
-129
-126
-130
-142
-132
-138
-128
-119
-109
-94
-85
-94
-52
-55
-79
-62
-84
-69
-69
-89
-78
-104
-110
-111
-107
-105
-119
-142
-138
-137
-151
-132
-127
-133
-142
-161
-150
-134
-149
-148
-142
-157
-145
-140
-132
-125
-123
-137
-115
-98
-99
-91
-84
-88
-89
-93
-109
-83
-88
-92
-79
-66
-71
-33
-40
-43
-26
-36
-5
-2
8
14
18
31
17
37
43
61
84
71
85
92
91
109
116
116
121
129
126
127
137
145
140
130
132
123
155
149
136
166
158
172
166
157
167
156
155
150
149
158
165
174
170
168
150
139
117
116
91
60
59
48
41
23
11
10
-2
-2
-11
-24
-17
-31
-53
-55
-50
-60
-75
-71
-55
-68
-79
-60
-90
-108
-129
-155
-162
-177
-205
-201
-199
-223
-207
-223
-230
-229
-240
-226
-223
-225
-228
-232
-229
-207
-201
-223
-210
-191
-191
-174
-151
-134
-141
-130
-140
-111
-108
-145
-124
-126
-138
-139
-152
-161
-165
-166
-157
-154
-159
-167
-158
-174
-167
-163
-149
-157
-156
-145
-148
-138
-123
-105
-79
-75
-55
-64
-57
-59
-65
-56
-52
-31
-21
-7
-1
-13
-2
9
-5
11
4
3
0
-4
-9
17
17
7
36
35
35
52
69
67
53
57
56
63
66
69
51
56
39
33
73
65
64
70
48
58
37
21
21
11
3
-20
-30
-25
-44
-39
-40
-36
-16
-26
-19
-31
-28
-15
-36
-30
-30
-26
-5
-11
-1
-6
-5
-25
-43
-32
-36
-49
-36
-68
-73
-82
-104
-98
-111
-119
-135
-164
-161
-165
-185
-174
-189
-188
-198
-209
-182
-192
-193
-181
-191
-199
-194
-173
-172
-168
-169
-172
-160
-160
-165
-149
-162
-153
-134
-140
-135
-143
-156
-144
-139
-149
-141
-131
-139
-148
-149
-146
-151
-146
-134
-128
-120
-109
-109
-97
-77
-77
-77
-91
-90
-84
-79
-78
-68
-51
-40
-33
-39
-45
-51
-38
-21
-19
-4
-10
-9
-10
-17
5
21
13
24
19
16
28
27
29
23
24
25
15
11
-1
6
7
-3
-5
-1
-8
-7
-27
-13
0
-5
6
-3
-16
-13
-10
-18
11
7
-3
23
9
0
27
-2
-6
-1
-19
-11
-10
-22
-10
-10
-16
-8
-1
-3
-8
4
-5
10
1
3
13
-6
-10
8
-1
-9
-6
-10
-28
-29
-34
-35
-13
-35
-32
-23
-35
-46
-41
-37
-42
-40
-32
-21
3
-1
-13
-10
-27
-50
-61
-61
-79
-73
-82
-80
-81
-90
-85
-71
-78
-81
-89
-88
-88
-103
-99
-100
-94
-84
-92
-108
-107
-114
-107
-107
-117
-128
-128
-131
-149
-144
-155
-159
-178
-169
-162
-159
-175
-179
-172
-158
-138
-158
-138
-149
-140
-132
-124
-102
-96
-82
-92
-77
-83
-84
-60
-56
-49
-34
-26
-24
-1
14
14
29
36
37
61
60
50
53
30
17
28
8
11
34
9
8
19
0
12
21
14
40
42
50
60
51
51
63
54
62
67
63
70
70
67
86
87
75
83
69
58
46
26
14
8
-17
-38
-35
-34
-44
-27
-22
-24
-18
-12
7
26
17
20
14
10
35
33
33
34
3
-5
10
4
10
2
1
-13
-7
13
16
13
16
14
-4
-9
-23
-29
-44
-39
-40
-46
-45
-56
-57
-70
-79
-74
-62
-58
-60
-54
-63
-66
-57
-84
-87
-90
-110
-102
-91
-79
-109
-102
-99
-93
-86
-113
-103
-110
-161
-144
-147
-154
-143
-151
-138
-133
-154
-131
-115
-117
-113
-102
-76
-82
-92
-95
-71
-55
-46
-27
-2
8
-3
7
18
33
23
33
42
31
32
32
40
62
62
78
99
114
117
119
119
105
117
112
125
137
135
134
137
130
126
129
116
119
124
123
117
121
112
96
109
101
103
93
99
102
98
109
106
141
148
139
173
168
157
142
126
125
106
91
103
95
88
82
53
56
33
6
11
-4
-2
-11
-31
-35
-51
-59
-75
-76
-66
-101
-93
-100
-122
-120
-145
-134
-125
-133
-115
-107
-96
-85
-93
-81
-63
-58
-47
-31
-7
-13
-19
-16
-20
-32
-35
-34
-25
-21
-34
-22
-36
-41
-37
-42
-29
-38
-58
-32
-32
-28
-20
-33
-6
-6
0
18
33
20
22
13
17
17
-2
-12
-21
-23
-29
-22
-29
-23
-23
-8
7
-9
-10
1
6
7
15
11
19
18
14
2
-3
21
39
48
39
52
60
51
69
69
65
61
53
69
53
73
77
83
108
99
110
123
120
103
106
103
102
112
100
104
101
94
101
110
120
130
133
118
135
134
124
128
116
117
127
114
109
102
84
76
56
47
34
37
36
43
45
47
40
48
45
32
37
9
-2
-3
-8
-23
-26
-20
-14
-23
-25
-13
-6
4
20
34
38
28
18
5
6
-12
2
-1
-14
3
-8
13
14
0
6
15
19
5
17
14
26
28
28
58
80
67
60
75
62
82
85
78
94
101
89
92
95
77
85
79
87
80
93
101
112
118
111
127
126
120
127
124
126
132
156
131
125
136
132
189
42
85
111
136
148
102
79
61
84
109
129
46
128
128
138
115
75
72
71
79
49
55
34
44
37
44
40
13
29
2
12
17
-13
-10
-13
-14
-13
-16
-30
-18
-5
-3
-7
11
11
37
36
29
47
22
29
48
42
43
51
59
92
113
113
129
135
119
132
130
139
139
121
119
127
129
122
127
133
113
106
103
103
108
93
73
80
89
74
85
81
78
101
80
79
93
73
79
70
54
56
51
49
54
56
49
53
68
58
69
90
95
145
149
156
177
154
167
167
165
182
176
184
182
184
189
167
166
168
146
146
152
148
160
145
119
149
148
150
159
163
151
160
159
122
111
110
103
81
65
30
51
44
45
32
3
21
16
1
-22
-40
-44
-55
-69
-70
-77
-80
-73
-72
-58
-63
-72
-74
-90
-88
-82
-101
-97
-79
-94
-87
-94
-100
-95
-90
-89
-82
-79
-62
-59
-39
-39
-40
-23
-18
5
-3
4
6
27
36
31
42
34
68
77
108
110
104
87
81
75
65
71
78
84
93
95
83
98
101
80
71
78
82
110
106
98
92
112
107
110
125
111
106
100
96
111
106
99
122
125
98
101
102
94
91
74
92
101
103
100
109
95
91
95
95
112
119
100
91
103
105
112
117
114
122
129
113
124
136
120
103
110
96
101
106
95
120
116
106
93
85
78
58
58
75
60
50
53
61
70
47
42
59
47
40
46
51
64
59
58
65
68
61
65
57
60
37
30
36
27
16
8
13
-16
-36
-33
-39
-36
-26
-31
-30
-37
-33
-18
-9
-2
-1
5
-2
-5
7
7
11
20
12
1
-2
-1
6
-5
-6
-1
-13
4
-6
-24
-27
-23
-27
-18
0
2
8
4
3
13
17
21
39
41
56
71
72
56
62
61
58
75
65
66
83
77
104
122
104
115
108
115
120
117
124
122
122
110
110
107
121
121
113
118
109
105
97
107
98
76
89
87
101
90
78
75
63
65
74
88
90
96
84
76
72
52
52
39
28
17
11
13
3
-11
-21
-19
-21
-19
-18
-21
-9
-13
-4
5
-3
-5
-19
-19
-9
-13
-9
-5
-12
-7
9
28
41
44
41
44
38
26
46
42
29
40
35
50
47
38
38
39
30
24
51
52
69
50
39
52
36
33
44
37
38
2
7
2
6
-15
4
-12
1
-12
-2
11
-43
14
-101
52
-237
71
-1287
106
-765
-449
698
117
195
-159
16
-165
-229
-758
210
-502
152
-359
320
105
2
-351
-30
-203
-160
-917
-827
307
-768
498
452
249
184
-608
-628
-42
-1073
-263
-1635
-200
-483
-670
461
401
317
172
-339
144
-1191
-2740
248
-414
-611
-480
428
1088
78
-1303
-774
-2151
-645
-213
708
-417
-1891
351
795
530
34
-1643
-1381
-249
-1275
1250
250
977
1020
1003
1140
54
-1319
-941
-999
-445
845
1223
1986
962
396
-223
-204
-653
-84
-71
452
143
771
488
470
223
-309
-311
-517
-843
-1149
6
175
732
376
415
49
-157
-407
45
-63
119
1149
920
988
210
-275
-252
-158
46
272
139
787
463
-103
17
-404
-10
30
171
567
171
-76
510
363
-4
-195
-108
-124
299
814
734
411
565
289
-26
82
-101
352
215
595
635
378
18
-13
-166
-286
-78
18
8
53
22
-178
-97
-92
-294
-246
-287
-233
215
-119
-102
274
178
-161
-28
-176
113
211
-21
379
436
183
466
-78
-4
-190
-180
249
-120
88
415
-25
-113
61
-215
187
-84
-40
276
-140
33
496
-236
-50
207
-427
223
207
-21
299
-141
75
13
154
-96
203
-202
181
77
-569
89
-164
-305
-184
-367
-844
-964
-807
-377
-285
-440
-199
-584
-695
54
-216
353
100
683
1500
457
679
-70
-445
-62
139
419
789
685
568
375
-288
-449
-455
-332
8
234
461
235
94
96
-609
-340
-821
-146
16
300
572
82
197
-11
80
33
208
-38
411
370
451
-70
88
-263
-638
-289
-92
349
259
283
240
106
-434
-336
-552
-157
-92
76
187
116
-62
-414
-429
-483
-225
254
569
584
432
85
-256
-308
-493
-312
-257
-191
277
111
279
166
-622
-520
-419
-465
110
493
284
439
350
-70
-224
-675
-759
-114
-354
298
588
365
17
-619
-1173
-601
-464
159
509
197
498
-70
-92
-560
-717
-516
-151
247
520
613
369
-42
-516
-503
-555
-152
150
464
655
250
92
-190
-394
-142
-27
595
443
420
542
217
76
-101
-109
155
211
374
477
-100
-52
-287
-396
100
72
61
371
133
8
-92
-13
218
106
272
770
347
86
-47
-172
76
99
479
365
134
284
249
93
153
47
-198
-147
10
110
-36
-43
-15
-78
2
-217
-151
-3
298
395
429
170
172
362
273
302
-92
203
404
394
101
-210
-227
69
179
171
203
-319
-267
-163
-149
448
168
7
175
-117
-457
59
-51
201
-135
-165
407
202
54
-176
-147
-67
-25
-175
109
340
397
382
470
676
53
420
123
327
183
88
440
-99
223
376
78
-242
107
167
221
-74
55
-24
-61
349
236
405
277
-78
153
12
5
119
571
507
191
67
670
157
295
459
401
230
327
370
-1
649
709
572
289
381
181
190
-59
224
347
-168
110
531
385
-567
-524
371
763
-412
218
1104
351
-136
214
0
-775
-1180
-721
-576
-1207
-1408
-1194
-1149
-1355
-1418
-1431
-1297
-1561
-1472
-1060
-1240
-1329
-1152
-826
-582
-577
-732
-472
-451
-474
-356
-118
146
99
216
324
280
171
294
414
371
327
446
496
307
208
97
141
100
139
55
-5
70
64
129
104
83
138
66
63
-72
-153
-163
-115
-179
-244
-262
-278
-326
-446
-356
-340
-352
-394
-233
-283
114
-538
-668
-219
196
153
-510
-536
-172
207
76
263
-147
-38
205
417
286
-73
86
223
278
158
48
107
102
152
219
220
106
17
-97
52
1
-35
-95
-355
-608
-823
-553
-414
-499
-599
-109
-66
-40
-750
-756
-588
-483
-591
-413
-277
-59
31
79
-339
-744
-652
55
68
58
213
50
-516
-575
-715
-700
279
175
697
473
-489
117
255
-576
294
409
887
908
288
-10
-88
-518
-506
-382
817
1624
-174
-551
314
-436
-1489
-418
-150
-1164
-596
963
255
-1220
-1128
128
-522
-1562
-1247
20
1019
313
-407
197
-111
-900
-264
-210
-19
429
575
914
502
-528
-51
-480
-696
332
462
1549
1112
-347
226
205
-308
-2
453
1052
956
473
495
-181
-84
-45
-208
138
77
389
667
-86
102
-280
-631
205
108
-327
154
577
531
-286
43
731
-375
-181
351
-41
-185
634
492
-94
-295
-389
-719
-508
-272
-149
296
35
72
-219
-296
-279
-299
-419
553
568
251
324
252
362
44
-63
1153
799
-61
660
516
-77
-126
547
476
233
794
836
-190
-412
264
307
-224
303
1521
647
-83
468
667
-87
-326
382
1033
248
569
1424
81
-376
167
343
-267
-111
712
1516
897
274
550
244
145
397
846
911
1307
811
287
412
205
177
307
860
1240
-18
-52
945
-155
-962
211
1012
269
-171
149
437
-759
-1111
522
340
-262
-122
188
458
-775
-1074
19
-216
-463
152
290
-350
-1084
-1030
-466
-1199
-1345
13
-167
-601
-762
-1119
-773
-934
-1151
-482
-210
-480
-350
-430
-704
-934
-591
23
-696
48
721
253
-379
-375
209
-126
-403
880
841
-120
528
884
0
-458
162
725
737
57
700
659
501
273
854
744
25
584
1189
798
368
951
669
380
-54
752
586
133
277
121
808
406
53
199
102
-295
-171
341
247
529
94
98
-246
-39
-254
-361
217
475
-33
-77
475
-193
-276
-153
55
-177
54
341
284
-120
-417
87
89
-330
-492
-42
140
-401
-392
-297
-346
-484
-607
-556
-428
-338
-383
-489
-790
-598
-704
-568
-752
-697
-459
-723
-790
-951
-1256
-1748
-1292
-865
-739
-713
-357
-567
-940
-858
-779
-835
-915
-622
-94
-379
-489
-451
-789
-1005
-1034
-339
-259
-368
-131
65
-366
-572
-290
-235
-658
-111
239
-193
37
57
323
-16
-86
274
367
7
357
592
521
644
390
565
635
553
301
710
765
664
550
1250
1062
489
648
1057
1099
580
941
1338
1188
800
1173
1343
615
739
1252
822
808
1274
1130
723
573
571
460
398
704
450
384
664
189
-593
-306
-227
-588
-561
-392
-432
-766
-812
-1015
-1425
-1348
-1336
-1509
-1329
-1070
-1301
-1520
-1551
-1759
-1939
-1808
-1145
-1503
-1659
-926
-1119
-1411
-1557
-1562
-694
-793
-1237
-674
26
-832
-421
-101
-211
-703
-686
746
568
-614
121
1327
226
582
848
666
-77
358
2541
1175
410
1216
512
990
829
736
1814
961
1286
1609
846
1346
1357
911
1877
1112
1041
2305
1553
1753
1971
1846
1716
1896
2358
1896
1745
2248
2124
1796
2279
2120
1536
1514
1816
1648
608
288
323
92
-155
-436
-784
-1174
-1504
-1887
-2088
-2249
-2318
-2401
-2508
-2963
-3195
-3345
-3750
-3817
-3492
-3353
-3374
-3464
-3313
-3238
-3197
-3029
-2468
-1842
-1880
-2039
-1809
-1555
-1489
-1424
-724
-203
-950
-418
-173
-511
-426
-248
464
144
17
1135
922
-145
579
831
791
1361
1449
1306
894
1200
1947
1859
1353
2097
2125
2217
2236
1969
2533
2497
2741
3168
3093
3023
2911
3011
3374
3033
2870
3761
3925
3439
3563
3507
3432
3107
3242
3561
3022
2400
1879
1015
22
114
451
567
273
-563
-1471
-2441
-3280
-3292
-2762
-2386
-2385
-2855
-3484
-4150
-4720
-4832
-4508
-3925
-3352
-3124
-3417
-3747
-3946
-4033
-3561
-2929
-2169
-1557
-1539
-1750
-2011
-2125
-1860
-1162
-486
-332
-410
-672
-1036
-1309
-1234
-776
-510
-560
-257
-222
-582
-579
-505
-515
-196
594
858
1145
980
579
282
221
1395
2251
1916
1760
1883
1164
1419
2091
2162
2394
2326
2870
3044
2417
2390
2212
2803
3465
3617
3965
4176
3445
2899
3015
3151
3348
3292
3667
2684
1117
848
1032
1523
2028
1883
1200
109
-1053
-1581
-1804
-1669
-1301
-1008
-1346
-2278
-3265
-4123
-4448
-4230
-3805
-3158
-2882
-3214
-3727
-4148
-4258
-3950
-3241
-2347
-2007
-2183
-2414
-2549
-2345
-2013
-1504
-1100
-950
-737
-795
-1056
-1117
-918
-771
-637
-190
-19
-346
-137
-152
-650
-500
164
348
200
666
878
485
520
894
900
1016
1364
1850
1355
899
994
1031
1458
1825
1775
1312
1443
1197
1496
2111
2167
2069
2529
3041
3104
3022
3382
3815
3217
3040
3192
2797
1712
1258
1858
2726
3313
3059
1932
359
-680
-926
-795
-239
312
162
-1096
-2716
-3682
-3724
-3704
-3680
-3482
-3281
-3402
-3990
-4562
-4636
-4278
-3928
-3358
-2780
-2457
-2611
-3068
-3223
-2846
-1948
-1105
-778
-958
-1350
-1513
-1448
-870
-145
203
33
-381
-498
-253
-130
-44
90
-59
-200
-297
-439
-430
-382
-128
-101
-152
328
664
508
192
287
741
1134
1205
1211
1665
2139
1627
1207
1600
2105
2165
2966
3625
3601
3618
3832
4337
4711
4420
4164
3948
3035
2483
2139
2640
4033
4586
3655
1748
-138
-614
-149
-269
-223
70
-151
-1317
-2995
-4037
-4097
-3998
-4189
-3962
-3586
-3728
-4590
-5519
-5598
-4755
-3909
-3089
-2538
-2504
-2705
-3098
-3012
-1879
-513
410
704
224
22
-4
-141
159
767
1355
1589
1241
940
756
316
51
170
380
669
476
-182
-689
-918
-913
-671
-499
-265
-114
-546
-1089
-992
-403
96
424
481
790
395
284
819
1174
1887
2386
2574
2879
2970
3080
3760
4318
4772
5104
4243
3648
3579
3209
2773
2719
3435
4641
4377
2830
867
-525
-879
-284
299
716
452
-1100
-2901
-4215
-4652
-4155
-3615
-3541
-3639
-4308
-5345
-5958
-5908
-5257
-4198
-3479
-3055
-3037
-3531
-3841
-3630
-2594
-1053
-24
21
-421
-988
-1094
-327
607
1530
1947
1510
803
324
482
1052
1440
1765
1640
1073
439
-135
-267
47
564
943
1016
624
-223
-653
-193
335
1159
1792
1660
1119
773
1206
1779
2287
3297
3923
4009
3971
4120
4265
4517
4660
4563
4499
3842
2831
2709
3527
4248
4211
2914
1326
376
-134
-205
79
68
-81
-1062
-2806
-3906
-4292
-4247
-4012
-4187
-4484
-4877
-5807
-6660
-6671
-5975
-4811
-4169
-4129
-4189
-4685
-5025
-4421
-3142
-1473
-543
-864
-1629
-2029
-1744
-651
439
1132
1391
776
219
248
739
1440
1820
1801
1720
1531
1294
992
904
1199
1476
1481
1219
1008
828
613
833
1275
1694
1915
1601
1377
1517
1916
2348
2593
3121
3716
3434
3080
3570
4556
5684
5976
5113
3979
1893
731
1935
4099
6019
5696
2550
-176
-1443
-1218
-14
522
569
441
-1230
-3465
-4888
-5309
-4507
-3774
-3811
-3577
-4185
-6320
-7999
-8294
-6747
-4098
-2850
-3139
-4400
-6305
-6833
-5547
-3068
-349
378
-1013
-2773
-3509
-2214
14
1430
1955
1551
636
211
336
1013
2090
2692
2923
2947
2494
1810
1056
989
2216
3527
3881
3241
1941
1065
1025
1703
3177
4070
3673
2378
1359
1452
2564
3543
3961
3905
3616
3509
3597
4017
4488
4854
3470
1738
1426
2585
3948
4157
2396
844
-229
-391
44
-46
-509
-752
-1648
-2523
-3111
-4133
-4822
-5424
-5473
-4398
-3919
-4968
-6668
-8190
-8222
-6479
-4648
-3903
-4202
-5890
-6949
-6599
-4982
-2717
-1481
-1675
-2424
-3066
-2513
-1463
-318
627
948
789
778
722
956
1382
1753
2407
2983
3062
2664
1806
1313
1918
2950
3683
3591
2817
1993
1714
2039
2969
3697
3673
3101
2554
2580
3224
3766
3926
3941
3820
3948
4671
5076
5300
5521
5450
5757
4835
2233
842
1680
5116
7644
5597
1217
-1783
-2305
-137
1054
673
222
-659
-2547
-4284
-5845
-5707
-4971
-4822
-4520
-4448
-5827
-8283
-10431
-10126
-6889
-3928
-3632
-5308
-7787
-9183
-8474
-6275
-3128
-1170
-1881
-4071
-5531
-5203
-2963
-751
298
699
374
-408
-835
-795
641
2435
3161
3348
3123
2212
1408
1136
2267
4588
5612
4762
3151
2008
2456
3882
5014
5925
5666
4468
3351
3352
4674
6255
6625
6197
5795
5669
5862
6388
6709
7640
5966
2462
1445
3523
6639
7021
3114
-165
390
1643
1593
-836
-2762
-1657
-41
-1251
-3093
-5588
-6793
-6777
-6300
-4875
-3756
-6296
-9881
-11329
-9873
-6334
-4835
-6450
-7657
-8351
-8499
-7445
-6365
-4686
-3626
-4222
-4662
-3990
-3287
-2748
-2898
-2386
-625
360
-207
-1190
-1601
-241
1349
1916
2145
1954
1219
719
883
2322
3866
3543
2368
2033
2572
3266
3326
3339
4005
4336
3986
3684
3811
4594
5355
5288
5472
5730
6017
6291
6504
7236
8293
8005
6834
4395
2850
4345
6975
8403
7032
3197
870
1252
1942
2178
973
251
853
420
-2096
-4450
-5850
-5017
-3682
-3485
-4318
-6078
-8775
-9948
-8982
-6866
-5122
-5824
-7899
-8672
-8302
-7716
-6847
-6185
-5076
-4474
-4954
-5568
-5271
-4661
-3499
-2638
-2111
-1719
-1816
-2251
-2267
-1439
13
826
604
258
248
365
450
1082
2105
2751
2301
1772
2183
2863
3259
3467
3865
4499
4615
4127
4158
4602
5809
6521
6518
6500
6759
6977
7174
8308
8490
7737
3969
2642
4951
8649
8838
5724
1691
1771
3387
3060
896
-873
250
1994
1030
-2554
-4937
-5961
-4657
-3411
-2903
-3850
-6308
-9364
-9542
-7565
-5408
-4997
-6603
-7607
-7012
-6968
-7360
-6954
-5454
-2927
-2530
-3960
-5183
-4894
-3340
-1593
-961
-640
-945
-1604
-1809
-1423
-397
792
1172
1061
856
163
-507
-447
870
2597
2741
1319
198
367
1316
2100
2458
2750
2625
1948
1520
2076
2978
3859
4012
4196
4056
4259
3889
4704
6139
7687
8229
6826
4908
2396
2683
5390
8605
8552
5540
1511
979
2865
3390
2186
471
1120
2519
1109
-2976
-5343
-4983
-2422
-1119
-2659
-5038
-7444
-8754
-7984
-6105
-5086
-5242
-6807
-7734
-7065
-6841
-7166
-6764
-5257
-3094
-2900
-4602
-5788
-5113
-3116
-1345
-900
-1408
-1799
-1999
-1540
-805
61
829
1036
912
1105
1061
599
589
1545
3014
3257
2227
1305
1680
2710
3494
3697
3570
3378
3026
2929
3393
4063
4980
5095
5207
5188
4890
5065
5728
7310
7292
6126
1730
1854
4567
7696
7338
3750
1087
1848
3289
1779
-207
-1650
708
2595
624
-3272
-6057
-6248
-3702
-2150
-2919
-4814
-7656
-9241
-8000
-6690
-5725
-5705
-6383
-6516
-6517
-7366
-7914
-6400
-4226
-1868
-2363
-4534
-5321
-4321
-2013
-398
-119
-524
-663
-658
-201
82
465
1625
2686
2880
2320
1078
512
1441
3209
4554
3865
2099
1307
2008
3106
3744
3538
3407
3146
2538
1941
2085
2678
3567
4150
3605
3177
2538
2446
3377
4731
5833
5609
5332
3714
3090
670
1852
4695
6802
6022
1729
-953
-147
2017
2101
427
-651
120
672
-1729
-4583
-5135
-3753
-2098
-2454
-4529
-6455
-7347
-7750
-6355
-5528
-5433
-5873
-6554
-6635
-6297
-7197
-6727
-5165
-3330
-2352
-4225
-5698
-5117
-2895
-830
-941
-1869
-1968
-1295
-520
-285
-430
183
1326
1796
1745
1174
1003
1370
2208
3205
3797
3361
2463
2591
3555
4352
4471
4295
4517
4632
4528
3887
4192
4995
5966
6197
5414
4905
4777
5714
6523
7343
6653
5011
1077
1446
4364
6707
6615
1874
-173
1195
1775
780
-2113
-3000
478
1897
-1004
-5212
-8026
-6452
-3164
-3009
-4216
-6677
-8678
-8926
-7764
-6949
-6429
-6546
-6596
-5729
-5910
-7793
-8226
-6469
-3167
-915
-2680
-5135
-5193
-3335
-973
-143
-764
-390
396
271
-61
-430
128
2186
3291
2992
1886
445
273
1821
3433
4244
3587
1836
1500
2500
3094
3289
3084
3427
3854
3033
1841
1932
2828
4044
4555
3590
3008
2834
2844
3893
4481
5421
5494
4975
4269
3135
1978
1126
3648
5744
5790
2651
-1392
-1119
1576
2125
556
-1735
-1808
52
-800
-3797
-5190
-4884
-3089
-2425
-4553
-6087
-7055
-7444
-6209
-5423
-5466
-5795
-6401
-6186
-5440
-5534
-6056
-4894
-3348
-2021
-2719
-4772
-4699
-2539
-202
77
-935
-1732
-1018
108
197
146
308
1231
2350
2211
1171
646
932
1955
3366
3619
3035
2110
1634
2687
3809
3932
3902
3637
3787
3856
3323
3297
4254
5115
5671
5216
4123
4085
4883
5775
6867
7286
5844
3606
105
2153
5437
6852
5474
909
-460
1678
1583
-174
-2256
-2416
900
1254
-2710
-6277
-7983
-6068
-2988
-3407
-5421
-7832
-9737
-8831
-7155
-7442
-7475
-7238
-6519
-5586
-7041
-9250
-7933
-4767
-1985
-1276
-3753
-5527
-4630
-2749
-295
580
293
670
372
126
451
629
1965
3568
4144
3594
1936
926
1378
3079
4777
5215
3655
2066
1752
2648
3537
3612
3634
3867
3321
2173
1436
1921
3108
3897
3748
2957
2338
2190
1952
3236
4073
5161
5125
3865
3897
2626
1595
1420
3603
5632
5239
1929
-587
86
1989
2160
459
-967
-349
377
-793
-3104
-4244
-3886
-2885
-2618
-4109
-5432
-6626
-6950
-5849
-5563
-6096
-6509
-6412
-5543
-5379
-6429
-6919
-5438
-3620
-2811
-3542
-5081
-4714
-2840
-1368
-915
-1412
-1535
-753
-380
-199
-84
58
1236
2254
2013
1399
911
1364
2413
3054
3410
3031
2048
1966
2851
3856
3949
3394
3199
3299
3316
3072
3404
3806
4388
4484
3753
3562
3239
4251
4505
5666
5785
6007
5320
2366
-139
2130
5234
6909
5317
393
-319
1798
2091
842
-1574
-1520
2330
2253
-1772
-5444
-6716
-4149
-1108
-2303
-4371
-6501
-8053
-7400
-6282
-6836
-6617
-6281
-5915
-5017
-6587
-9081
-8018
-5078
-2313
-1587
-4321
-6215
-4771
-2615
-1032
-762
-1489
-563
535
117
-309
-421
254
2546
3492
2890
1859
501
1013
3048
3980
4018
2557
1255
2076
3068
2904
2294
2109
3032
3303
2080
1184
1289
2339
3227
2967
2432
1899
1710
2227
3018
4153
4345
3791
3860
4106
2873
1173
803
4295
6111
5055
1556
-166
1877
3811
2311
314
-90
1902
2813
328
-2756
-3261
-2173
-593
-651
-2522
-4242
-5642
-5722
-4519
-4163
-5073
-5411
-5014
-4367
-5046
-7036
-7312
-4602
-2296
-2309
-4246
-6113
-5204
-2709
-1654
-1683
-1904
-1843
-1017
-1160
-1390
-914
-457
587
1846
1756
798
-214
73
1746
3115
3024
1961
972
1390
2612
2959
2450
2268
2840
3165
2153
1585
2047
2802
3455
3172
2943
2324
2207
3223
3683
4815
4559
4418
4393
2525
-97
942
3900
6034
5429
804
-892
1653
3001
1994
-480
-1286
2248
3385
-145
-3752
-4803
-2920
66
-763
-3059
-4707
-6457
-6128
-4679
-4940
-5271
-5283
-5212
-4059
-4734
-7454
-7461
-4579
-1709
-584
-3062
-5643
-4678
-2399
-396
-194
-1465
-820
425
182
75
-510
-28
2146
3276
3175
1755
-85
503
2397
3824
4012
2101
631
1279
2517
2791
1643
959
2046
2789
1680
223
8
850
1997
1977
1291
628
-9
869
1448
2875
1986
2165
2291
2638
3931
1883
-30
572
2964
4805
3908
852
361
2495
3687
2751
308
-773
1557
3008
2207
-372
-2444
-2215
-472
-139
-1453
-3343
-4553
-4132
-2986
-3897
-5157
-5368
-4759
-3197
-3366
-5412
-6204
-4954
-3189
-1954
-2809
-4106
-3997
-2827
-1335
-1219
-1818
-1715
-862
127
204
-445
-691
247
1857
2380
1693
725
752
1747
2706
2719
1903
1461
1816
2761
2934
1829
1249
1874
2655
2535
1610
950
1294
2128
2197
1882
1257
1362
1791
2600
2819
2272
1993
2479
3658
2845
66
-1076
1626
4151
4492
1429
-1022
574
2682
1772
-511
-1829
460
2871
1322
-2313
-4268
-3630
-1215
-493
-2327
-4204
-5619
-5701
-4256
-4047
-5125
-5390
-4878
-3691
-3369
-5398
-6528
-4587
-2098
-852
-1747
-3840
-3677
-1854
-188
475
-621
-796
245
1051
1154
605
603
1768
3045
3016
1963
1066
1566
2707
3446
3203
2128
1449
1791
2549
2926
2139
1013
1399
2295
2149
1151
497
811
2006
2028
1370
523
577
1580
2114
2074
1604
1824
1782
3328
3592
2211
226
-590
2215
4923
4050
1650
-185
1169
3606
2588
-122
-865
825
2918
2115
-1525
-3546
-3001
-1340
-402
-1815
-4141
-5259
-5127
-4141
-3883
-4957
-5798
-4887
-3886
-3708
-5034
-6355
-5116
-2772
-1734
-2427
-3954
-4209
-2463
-1057
-624
-1259
-1478
-503
174
631
321
-97
587
1594
2455
2302
1180
1027
1596
2569
3272
2411
1777
1894
2462
3066
2448
1486
1895
2841
3076
2425
1435
1312
2301
2770
2668
2061
1646
2089
2683
3089
2386
2499
2862
3608
3897
2060
-231
185
2756
4671
3890
719
-550
1276
2351
1134
-990
-1432
887
1948
-492
-3507
-4658
-3586
-1651
-1928
-3625
-5190
-6190
-5704
-4462
-4641
-5514
-5560
-4750
-3680
-3887
-5560
-5883
-3915
-1826
-1179
-2207
-3579
-2925
-1331
-499
-94
-390
-284
394
617
545
694
635
1376
2434
2492
1839
971
776
1713
2675
2900
2160
1420
1361
1881
2192
1793
1558
1976
2423
2258
1360
984
1504
2223
2416
2163
1780
1433
2120
2308
2520
2852
2844
3265
3757
3623
2620
937
652
3042
4960
4143
1879
162
1128
2985
2217
185
-803
-6
1292
598
-2008
-3586
-3338
-2328
-1867
-2951
-4575
-5379
-5112
-4407
-4398
-5398
-5926
-4934
-3890
-3650
-4576
-5609
-4843
-3148
-2185
-2394
-3178
-3156
-1943
-966
-1066
-1836
-1836
-537
538
567
-176
-731
-159
1086
1785
1448
757
597
1215
1806
1967
1702
1302
1612
2148
2420
1776
1061
1543
2686
3000
2207
1487
1530
2448
2931
2658
1949
2117
2434
2974
3297
2792
3209
3394
3842
4364
2951
1071
733
2545
4934
4668
1866
68
873
2600
2537
156
-1288
-229
1295
844
-1700
-3813
-3643
-2133
-1320
-2315
-3962
-5146
-5062
-4158
-4032
-4662
-5183
-4765
-3425
-3276
-4457
-5475
-4862
-2813
-1404
-1925
-3271
-3565
-2552
-1163
-863
-1449
-1511
-654
-15
-118
-664
-808
-139
712
1176
1146
517
36
361
1048
1825
1845
1151
939
1348
1955
1867
1414
1667
2417
2703
2146
1447
1637
2365
2883
2662
2417
2162
2348
2742
2841
3486
3207
3309
3717
4118
4123
2615
1235
1825
3860
4891
3461
1350
720
1965
2970
1781
-195
-803
289
1376
601
-1787
-3147
-2759
-1551
-1078
-2350
-4134
-4717
-4197
-3409
-3704
-4820
-5162
-3999
-3096
-3508
-4830
-5446
-4227
-2386
-1981
-2943
-3728
-3445
-2161
-1452
-1951
-2244
-1971
-1131
-543
-957
-1473
-1183
-437
500
795
191
-206
-125
556
1430
1533
1242
948
1212
1744
1751
1483
1538
2143
2597
2276
1665
1510
2142
2703
2734
2306
2099
1947
2225
2823
2894
3060
3117
2792
3329
3762
2598
1530
646
1966
4310
3934
1777
225
495
2581
2895
692
-758
-238
1107
1683
-181
-2147
-2074
-1162
-474
-927
-2598
-3693
-3430
-2588
-2138
-2937
-4130
-3967
-2546
-1941
-2772
-4122
-4198
-2368
-1217
-1643
-2800
-3261
-2215
-1117
-971
-1697
-2130
-1569
-850
-640
-910
-1304
-1108
-418
224
448
-40
-559
-174
457
921
818
255
396
963
1436
1268
671
700
1260
1702
1361
930
1102
1333
1441
1468
1387
1025
1166
1293
1877
2202
1845
1790
1783
1985
2737
2835
2269
1611
1331
1208
2244
2990
2304
1919
1234
1475
2277
1343
118
378
1205
2313
1679
-600
-1470
-872
-362
-19
-933
-1869
-1914
-2319
-2649
-2497
-2756
-2718
-2026
-1983
-2453
-3084
-4024
-3292
-1690
-1298
-1874
-2732
-3205
-2264
-1572
-2105
-2115
-1813
-1337
-765
-1593
-2197
-1554
-811
54
218
-575
-830
-688
-288
576
763
473
584
535
763
1006
636
802
1471
1606
1632
995
544
1128
1641
1685
1634
1449
1149
1522
1452
1697
1952
1963
2310
2691
2384
1259
761
475
2241
3775
2737
1388
545
1004
2577
2068
559
375
1089
1932
1708
-259
-1245
-657
-81
296
-341
-1711
-2096
-2067
-1933
-1691
-2141
-2608
-2032
-1424
-1743
-2417
-3226
-2862
-1425
-786
-1319
-1982
-2468
-1828
-970
-1121
-1392
-1387
-1103
-545
-481
-1177
-1425
-958
-18
807
424
-593
-805
-38
870
1064
441
73
540
1062
1131
698
241
538
995
1092
750
266
226
428
853
882
415
-137
-74
573
926
919
284
595
1248
1267
1594
1455
1331
1348
1292
581
1757
2510
2007
2103
1561
1666
2511
1587
898
1172
1384
2296
2091
428
-220
-295
-314
590
81
-1133
-1304
-1724
-1817
-1323
-2007
-2351
-1634
-1747
-2089
-2401
-3243
-2832
-1617
-1406
-1607
-2230
-2985
-2274
-1563
-1586
-1542
-1912
-2011
-1193
-1183
-1372
-1281
-1131
-306
270
-150
-503
-703
-334
611
1067
831
398
130
486
953
824
696
713
869
1033
743
281
383
555
890
951
662
316
211
341
792
1343
1320
1331
1377
1852
1444
1008
891
866
2790
3185
2117
1716
1054
1847
2952
2011
1245
1314
1495
2375
1889
172
-263
-135
338
885
-300
-1541
-1677
-1805
-1527
-1235
-2034
-2331
-1890
-2214
-2379
-2523
-3087
-2298
-1410
-1784
-2028
-2510
-3004
-1939
-1345
-1522
-1363
-1792
-1686
-977
-1347
-1097
-678
-723
169
472
-66
-104
-127
305
1339
1259
691
555
368
895
1391
934
712
647
587
693
408
89
153
322
334
205
-321
-620
-301
-161
653
682
207
475
617
980
1881
1819
2062
2121
1861
1714
1359
2637
3362
3414
2981
2231
2186
2757
2317
2040
2044
2254
2567
1769
321
-244
-336
323
398
-577
-1419
-2138
-2594
-2444
-2481
-2897
-2884
-2812
-3088
-3522
-4010
-4393
-3535
-2942
-2899
-2996
-3896
-3719
-3161
-2821
-2409
-2332
-2370
-1941
-1698
-1771
-1387
-1138
-375
298
198
166
173
317
829
1219
1447
1548
1257
1080
1330
1494
1364
1458
1404
1431
1416
869
821
1124
1299
1309
1002
865
1204
1415
1382
1829
2089
2393
2552
2422
2868
2488
2732
2519
2291
3953
3727
3330
3052
2261
2880
3546
2459
2033
1699
1528
2199
1469
31
-202
-686
-479
-355
-1632
-2332
-2537
-3085
-3003
-2999
-3844
-3896
-3590
-3985
-3920
-4204
-4826
-3986
-3396
-3464
-3363
-4226
-4085
-2746
-2432
-2388
-2527
-2733
-1675
-982
-1276
-1236
-1077
-337
770
710
420
351
444
1299
1741
1449
1218
992
1418
2090
1812
1082
838
1018
1437
1481
710
386
702
815
901
673
378
795
997
1131
1502
1263
1508
2104
2380
2497
2921
2703
3381
3482
3444
2851
2283
3547
4215
4197
3441
2236
2378
3111
2578
1806
1111
1322
1995
1340
-322
-1276
-1668
-1061
-909
-1863
-2797
-3586
-4157
-3855
-3708
-4226
-4457
-4433
-4469
-4209
-4693
-5436
-4854
-3953
-3380
-3284
-4145
-4235
-3586
-2574
-2149
-2174
-2168
-1892
-1347
-1143
-811
-368
-96
317
796
849
726
723
750
1339
1901
1603
1355
1026
1098
1850
1693
1316
1290
1246
1463
1560
1437
1554
1727
1761
1943
1940
1907
2060
2670
2807
3371
3322
3088
3666
4186
4109
4017
3690
2747
4173
4606
4335
4091
2765
2593
3671
2952
2191
1326
815
1743
1701
-217
-1277
-1911
-1807
-949
-1948
-3338
-3708
-4295
-4287
-3865
-4710
-5090
-4678
-4818
-4701
-4662
-5600
-5259
-4263
-3921
-3521
-4247
-4581
-3786
-2748
-2220
-2283
-2567
-2164
-1216
-836
-867
-891
-570
286
1039
1086
675
509
804
1396
1848
1686
1376
1134
1363
1810
1684
1419
1282
1416
1805
1549
1147
1143
1290
1739
1979
1698
1572
1772
1706
2323
2537
2521
2767
2709
3078
3455
3546
3713
3543
3664
3383
2537
2935
3536
3740
3381
2178
1569
2113
1843
1139
403
123
650
294
-1079
-2052
-2594
-2262
-1994
-2649
-3432
-4071
-4730
-4686
-4126
-4254
-4502
-4614
-4765
-4408
-4280
-4786
-4466
-3801
-3087
-2784
-3319
-3642
-3094
-2269
-1516
-1356
-1628
-1493
-1246
-796
-273
-68
96
292
590
839
801
620
607
1040
1560
1732
1365
942
1063
1610
1834
1717
1382
1411
1752
1951
1981
2077
2080
2217
2434
2570
2571
2711
2843
3217
3586
3647
3702
3685
3973
4102
4041
3204
2568
3400
4088
4000
3152
1806
1745
2344
2010
1116
171
-131
512
175
-1155
-2252
-2814
-2492
-2027
-2693
-3679
-4380
-4787
-4425
-4037
-4483
-4861
-4812
-4643
-4201
-4214
-4766
-4433
-3716
-3242
-2824
-3208
-3459
-2883
-2151
-1563
-1310
-1702
-1520
-917
-632
-244
-180
-111
435
747
860
874
656
778
1155
1355
1472
1241
904
1266
1715
1606
1367
1021
1222
1801
1650
1293
1337
1438
1739
1699
1573
1520
1877
1981
2204
2150
2080
2424
2412
2791
2882
2828
2808
2833
2701
2031
1617
2061
2637
2700
1726
634
580
1100
849
33
-739
-684
-93
-483
-1638
-2460
-2601
-2180
-2010
-2443
-3003
-3602
-3908
-3593
-3131
-3156
-3437
-3631
-3460
-2885
-3008
-3366
-3269
-2682
-1955
-1867
-2372
-2579
-2079
-1471
-1129
-1138
-1284
-1083
-894
-709
-405
-266
-102
115
278
304
245
231
413
833
1161
1128
769
568
947
1453
1549
1400
1337
1597
1810
1805
1777
1818
2148
2294
2366
2345
2351
2434
2695
3044
3252
3211
2921
2940
3148
3221
2203
1861
2393
3082
3002
1832
618
956
1441
1181
192
-723
-534
33
-543
-1552
-2365
-2614
-2149
-2047
-2492
-3042
-3756
-4080
-3644
-3169
-3180
-3505
-3767
-3516
-3030
-3164
-3433
-3227
-2558
-1891
-1855
-2425
-2498
-2104
-1458
-973
-1042
-1139
-1049
-991
-711
-371
-145
31
194
385
563
454
302
535
994
1374
1333
824
582
1026
1495
1586
1265
1095
1223
1444
1387
1250
1356
1516
1655
1657
1394
1310
1450
1671
2019
1990
1890
1667
1719
2011
2118
2170
2149
2045
1439
999
1032
1513
1864
1413
576
257
430
444
-91
-679
-649
-115
-182
-909
-1649
-1989
-1631
-1382
-1487
-1742
-2252
-2597
-2604
-2460
-2286
-2192
-2340
-2432
-2348
-2336
-2336
-2359
-2131
-1744
-1495
-1582
-1879
-1880
-1512
-1096
-854
-953
-1057
-923
-743
-575
-408
-228
23
188
221
214
257
310
557
928
1153
1032
768
694
1051
1427
1494
1396
1342
1338
1487
1680
1662
1550
1767
1800
2064
2028
1693
1919
2048
2408
2709
2289
2107
2203
2436
2204
1699
1369
1660
2178
1925
1239
598
627
905
696
-82
-585
-423
-180
-326
-1051
-1794
-1805
-1719
-1586
-1628
-2103
-2521
-2701
-2701
-2438
-2328
-2505
-2651
-2686
-2737
-2385
-2323
-2486
-2184
-2057
-1787
-1752
-2080
-2007
-1636
-1324
-876
-947
-1298
-1147
-934
-601
-197
-266
-127
63
73
333
402
333
539
833
915
774
589
663
1148
1366
1294
1157
962
1068
1312
1480
1519
1361
1260
1436
1527
1422
1534
1469
1660
1888
1855
1705
1511
1585
1872
2254
2127
1683
984
868
1306
1671
1639
1092
564
570
681
557
116
-167
-100
146
33
-517
-1150
-1342
-1119
-863
-954
-1404
-1932
-2122
-1984
-1797
-1872
-2061
-2263
-2157
-2094
-2289
-2285
-2326
-2036
-1731
-1797
-1912
-1977
-1939
-1586
-1361
-1280
-1111
-1156
-1117
-858
-728
-443
-247
-201
-13
75
-10
109
305
518
797
782
655
666
781
959
1220
1317
1331
1261
1264
1361
1555
1572
1595
1639
1683
1760
1747
1724
1737
1885
2198
2197
2013
1773
1802
2166
2371
2039
1345
1186
1386
1732
1718
1158
828
799
726
549
135
-97
-36
70
-103
-545
-1185
-1411
-1326
-1193
-1174
-1536
-2170
-2389
-2348
-2241
-2180
-2344
-2553
-2488
-2498
-2635
-2638
-2657
-2373
-2075
-2101
-2263
-2395
-2280
-1886
-1574
-1457
-1497
-1557
-1371
-1062
-836
-665
-530
-402
-196
7
69
110
283
506
709
750
684
786
1000
1217
1329
1283
1249
1316
1379
1460
1543
1666
1657
1629
1559
1570
1632
1661
1823
1959
1874
1818
1729
1895
2019
2039
2026
1916
1812
1617
1487
1491
1639
1565
1351
1153
943
840
705
412
347
302
144
-102
-448
-738
-874
-962
-1086
-1190
-1449
-1782
-2044
-2196
-2145
-2058
-2237
-2357
-2393
-2439
-2367
-2424
-2505
-2313
-2105
-2045
-1961
-2049
-1931
-1610
-1501
-1328
-1165
-1113
-909
-808
-714
-423
-262
-135
31
111
238
339
354
500
667
764
872
949
1003
1134
1238
1317
1386
1361
1408
1488
1594
1684
1639
1525
1605
1689
1722
1803
1761
1813
1957
1970
1910
1890
1900
2039
2153
1969
1764
1552
1569
1647
1664
1454
1192
953
855
795
573
325
163
-45
-171
-450
-827
-1147
-1276
-1330
-1385
-1649
-2029
-2328
-2400
-2399
-2419
-2439
-2634
-2671
-2742
-2790
-2674
-2607
-2523
-2433
-2501
-2344
-2187
-2155
-1957
-1764
-1612
-1361
-1343
-1311
-1101
-898
-617
-395
-282
-116
-10
124
292
470
651
794
880
916
1064
1228
1325
1498
1561
1631
1654
1650
1787
1924
2061
2054
2024
1977
2047
2107
2123
2159
2232
2221
2118
2117
2082
2193
2160
2099
2055
1992
1865
1693
1481
1487
1534
1387
1063
711
525
502
374
92
-192
-483
-638
-787
-1033
-1265
-1469
-1595
-1697
-1949
-2226
-2525
-2613
-2542
-2541
-2659
-2782
-2875
-2880
-2748
-2645
-2560
-2486
-2393
-2202
-1995
-1881
-1766
-1622
-1360
-1093
-969
-969
-866
-622
-356
-146
-60
62
269
402
586
722
779
894
991
1144
1317
1323
1357
1419
1494
1584
1618
1501
1531
1612
1705
1867
1706
1627
1652
1645
1649
1807
1767
1740
1732
1725
1724
1656
1621
1681
1724
1598
1445
1222
1139
1215
1108
936
732
403
251
214
83
-45
-313
-702
-801
-875
-1076
-1320
-1558
-1511
-1499
-1742
-2014
-2280
-2301
-2204
-2187
-2218
-2295
-2441
-2528
-2435
-2296
-2170
-2116
-2142
-2054
-1865
-1765
-1649
-1528
-1348
-1127
-1027
-977
-805
-654
-493
-305
-156
29
140
195
343
561
748
870
876
985
1127
1260
1417
1516
1636
1747
1764
1796
1885
1935
2003
2046
2080
2146
2146
2092
2094
2166
2246
2140
1997
1987
1998
1978
1928
1719
1684
1567
1411
1332
1156
1060
968
717
568
427
163
-125
-355
-452
-416
-613
-985
-1241
-1349
-1365
-1436
-1658
-1835
-1854
-1852
-1943
-2065
-2072
-2038
-2056
-2111
-2133
-2047
-2015
-1987
-1933
-1809
-1702
-1679
-1678
-1581
-1400
-1268
-1140
-1049
-927
-842
-762
-665
-496
-314
-224
-133
-29
79
197
285
399
548
677
754
801
933
1043
1116
1187
1292
1378
1467
1484
1492
1557
1652
1668
1700
1716
1750
1822
1820
1764
1767
1831
1737
1611
1572
1589
1589
1475
1267
1087
1018
1014
975
784
622
433
331
327
148
-40
-125
-175
-227
-350
-649
-978
-1017
-888
-745
-862
-1222
-1461
-1473
-1285
-1188
-1352
-1545
-1550
-1467
-1365
-1471
-1699
-1670
-1478
-1377
-1372
-1490
-1603
-1604
-1486
-1319
-1203
-1241
-1345
-1291
-1134
-924
-831
-829
-706
-544
-405
-253
-196
-140
105
295
390
479
574
750
917
1028
1176
1254
1257
1395
1554
1649
1662
1699
1704
1776
1819
1815
1775
1756
1874
1836
1717
1610
1526
1471
1333
1257
1169
964
757
734
707
537
344
160
109
-54
-154
-205
-355
-467
-482
-577
-746
-811
-818
-846
-863
-870
-867
-919
-866
-994
-1070
-974
-911
-875
-943
-1057
-1065
-979
-893
-840
-916
-1002
-978
-888
-818
-840
-914
-896
-834
-821
-815
-773
-815
-805
-685
-600
-593
-616
-622
-570
-423
-335
-238
-131
-115
-17
179
268
349
431
603
716
712
846
936
963
1072
1168
1168
1191
1272
1289
1285
1323
1358
1286
1269
1346
1187
1064
1087
967
866
867
803
580
450
434
357
310
194
-9
-220
-173
-164
-242
-348
-512
-621
-606
-517
-689
-813
-789
-682
-697
-758
-788
-888
-811
-670
-633
-728
-784
-751
-694
-644
-633
-741
-769
-660
-595
-692
-804
-734
-614
-558
-561
-640
-730
-599
-467
-413
-359
-424
-444
-379
-168
-67
-167
-127
31
140
219
288
319
407
547
703
777
767
748
814
1022
1185
1183
1084
1078
1094
1119
1179
1171
1060
1013
1095
933
779
812
763
663
565
474
326
266
240
167
-22
-30
-69
-250
-254
-323
-441
-495
-482
-477
-561
-682
-699
-713
-779
-704
-707
-719
-844
-905
-818
-771
-803
-841
-894
-936
-862
-826
-811
-899
-852
-777
-739
-696
-753
-786
-676
-517
-436
-463
-528
-515
-435
-283
-234
-238
-231
-204
-94
88
147
128
135
316
440
527
620
693
710
846
1000
962
953
989
1088
1138
1192
1232
1159
1100
1093
1154
1231
1130
1007
1013
948
880
789
683
515
398
454
419
222
37
21
-72
-213
-251
-348
-522
-631
-574
-584
-727
-815
-901
-1052
-1028
-858
-953
-1056
-1072
-1131
-1203
-1171
-1034
-1076
-1212
-1183
-1153
-1158
-1043
-985
-1040
-1068
-948
-842
-878
-804
-817
-835
-640
-502
-495
-455
-442
-412
-283
-99
43
13
19
165
255
341
484
569
521
607
752
858
951
989
1057
1111
1188
1240
1295
1238
1317
1302
1265
1334
1277
1201
1202
962
586
485
500
470
237
278
388
207
142
62
-119
-422
-559
-394
-521
-536
-479
-565
-622
-799
-1022
-1126
-1213
-1276
-1187
-1116
-1152
-1188
-1225
-1064
-1021
-1205
-1228
-1223
-1282
-1171
-991
-909
-986
-946
-865
-905
-1001
-942
-813
-735
-555
-371
-290
-275
-122
-67
-123
-106
-93
-77
38
150
187
223
294
344
326
351
419
455
484
566
676
766
863
920
932
993
1071
1121
1148
1198
1237
1318
1380
1350
1316
1308
1260
1241
1196
1184
1194
1132
1055
970
843
707
622
572
466
325
222
156
81
-53
-160
-301
-428
-529
-615
-689
-772
-852
-920
-975
-1036
-1140
-1228
-1219
-1190
-1194
-1190
-1218
-1267
-1243
-1216
-1135
-1099
-1094
-1091
-1098
-1040
-980
-886
-832
-774
-704
-640
-590
-502
-411
-314
-228
-156
-77
16
91
188
274
318
384
515
610
658
704
801
896
962
1016
1035
1063
1098
1113
1195
1231
1208
1198
1171
1137
935
810
703
671
758
733
686
635
587
516
463
369
310
228
116
89
36
-54
-154
-342
-544
-686
-736
-720
-743
-809
-869
-884
-843
-843
-896
-969
-1037
-1051
-1008
-978
-991
-1030
-1057
-1032
-1022
-1002
-1014
-1027
-974
-858
-692
-534
-431
-430
-425
-345
-254
-190
-174
-158
-177
-178
-119
-19
40
39
15
3
62
135
255
350
412
438
465
557
589
635
631
646
727
821
903
957
983
995
1042
1121
1190
1236
1251
1246
1248
1269
1303
1279
1208
1118
1026
980
932
906
822
678
572
448
367
301
211
102
-39
-155
-274
-328
-414
-551
-683
-787
-849
-925
-991
-1056
-1093
-1116
-1170
-1170
-1218
-1227
-1184
-1179
-1149
-1123
-1088
-1062
-1021
-973
-893
-827
-740
-661
-602
-515
-473
-396
-293
-175
-77
-30
20
59
129
208
293
345
390
448
470
507
526
546
591
631
647
643
678
716
753
762
767
779
771
780
809
797
798
803
813
850
819
776
767
738
733
703
622
572
520
485
432
355
299
238
156
59
-37
-137
-222
-284
-365
-444
-523
-601
-673
-706
-752
-811
-874
-927
-938
-940
-967
-957
-979
-987
-974
-956
-899
-866
-833
-804
-768
-722
-657
-579
-516
-462
-410
-342
-262
-178
-124
-99
-58
-21
53
103
84
99
147
198
219
224
251
244
267
317
378
434
434
444
487
529
576
573
576
604
604
615
644
684
718
746
740
758
797
797
795
825
828
828
818
777
749
687
633
575
522
509
444
370
315
240
169
90
9
-80
-141
-208
-274
-354
-469
-567
-620
-666
-733
-816
-896
-943
-941
-964
-963
-1008
-1055
-1003
-951
-881
-859
-887
-871
-809
-740
-661
-577
-537
-514
-469
-400
-290
-223
-169
-97
-45
28
100
153
182
215
260
323
356
348
359
366
400
439
472
504
483
446
466
522
569
592
588
555
521
529
560
598
633
623
614
612
616
621
610
598
581
577
538
505
472
405
374
322
271
245
165
97
47
-3
-58
-109
-189
-234
-273
-345
-395
-443
-507
-573
-602
-629
-665
-687
-732
-723
-708
-714
-689
-672
-665
-626
-589
-560
-505
-462
-407
-381
-360
-342
-301
-207
-153
-98
-63
-29
18
70
92
102
133
151
184
210
229
238
229
236
237
231
229
229
240
257
269
285
301
322
301
291
321
317
340
370
389
404
372
363
384
382
401
406
411
421
406
399
378
357
338
299
278
236
194
142
85
32
-18
-66
-124
-164
-201
-235
-317
-338
-366
-421
-429
-468
-489
-521
-521
-497
-497
-520
-541
-561
-528
-469
-420
-371
-338
-280
-225
-170
-118
-78
-19
33
90
159
220
259
263
299
302
291
296
292
307
333
338
354
347
321
332
322
299
299
305
297
287
260
271
257
232
237
227
185
157
153
156
180
188
146
142
134
104
96
94
88
76
66
34
14
-11
-60
-96
-119
-146
-162
-185
-219
-247
-279
-278
-283
-301
-310
-349
-392
-387
-379
-346
-342
-372
-385
-362
-361
-353
-314
-311
-271
-246
-225
-168
-139
-88
-56
-30
-3
21
68
91
141
173
204
242
256
262
281
278
284
304
321
332
362
373
369
369
379
382
364
337
307
296
297
303
303
281
263
246
238
233
227
213
195
181
154
121
122
112
81
31
-20
-35
-36
-53
-76
-109
-123
-123
-149
-184
-219
-270
-307
-329
-347
-346
-377
-418
-457
-466
-490
-542
-566
-553
-584
-592
-558
-533
-519
-526
-535
-513
-470
-418
-381
-360
-381
-354
-268
-195
-119
-101
-84
-36
25
110
190
229
231
260
291
346
396
405
425
447
482
487
493
487
502
518
493
491
471
452
441
435
424
373
350
327
277
261
234
222
223
206
187
158
131
141
150
159
127
96
81
58
65
70
44
-6
-47
-65
-83
-93
-106
-136
-163
-200
-193
-189
-221
-257
-268
-267
-293
-326
-323
-327
-337
-351
-363
-379
-383
-384
-337
-267
-257
-267
-262
-267
-261
-235
-185
-139
-110
-81
-45
-8
0
14
52
71
83
154
210
236
244
256
296
335
348
367
377
396
424
444
436
439
450
415
403
395
379
337
306
285
253
222
190
163
129
114
82
58
38
3
-16
-1
-11
-39
-40
-65
-86
-112
-135
-156
-160
-179
-192
-192
-236
-260
-246
-260
-249
-260
-288
-310
-320
-331
-318
-321
-361
-355
-360
-365
-348
-326
-328
-329
-320
-340
-332
-296
-263
-220
-233
-204
-148
-119
-95
-44
1
6
34
73
123
168
176
182
233
263
292
306
325
336
344
356
380
374
342
334
345
360
373
361
316
315
315
328
323
282
245
216
199
191
183
154
113
85
41
7
-11
-46
-81
-101
-122
-149
-158
-187
-210
-208
-222
-224
-241
-265
-276
-286
-282
-289
-309
-330
-331
-343
-348
-334
-343
-335
-331
-316
-313
-316
-315
-297
-281
-260
-250
-264
-260
-237
-204
-146
-131
-109
-112
-98
-78
-37
-7
22
69
78
110
143
176
217
241
263
307
333
361
377
396
410
420
419
408
404
381
384
388
400
403
383
346
271
236
228
204
192
161
94
75
46
13
-9
-57
-84
-122
-147
-181
-215
-232
-244
-260
-296
-325
-347
-365
-364
-343
-363
-384
-403
-399
-360
-348
-351
-349
-368
-375
-369
-383
-359
-348
-375
-362
-345
-335
-326
-322
-302
-280
-258
-219
-181
-160
-159
-148
-124
-109
-98
-85
-83
-81
-60
-44
-26
-15
29
68
120
159
171
195
216
232
258
286
285
311
319
329
347
337
338
349
345
328
325
323
337
325
312
296
262
229
207
197
173
146
113
61
32
8
-15
-46
-70
-82
-99
-104
-113
-107
-109
-108
-106
-119
-113
-94
-111
-123
-127
-149
-128
-118
-134
-117
-102
-118
-96
-89
-87
-63
-79
-99
-84
-93
-79
-97
-111
-102
-121
-126
-110
-108
-107
-94
-83
-55
-42
-32
15
41
66
71
70
87
103
123
129
142
154
186
192
194
208
206
213
230
227
208
209
182
192
201
180
169
136
96
84
84
54
41
10
0
7
-18
-37
-54
-71
-89
-108
-100
-124
-116
-103
-123
-117
-122
-138
-148
-154
-158
-147
-145
-137
-104
-105
-118
-113
-134
-120
-112
-124
-104
-111
-118
-100
-78
-87
-94
-119
-119
-125
-130
-129
-139
-137
-144
-152
-148
-144
-165
-169
-161
-135
-113
-102
-98
-97
-68
-55
-48
-47
-22
-5
13
51
57
66
78
66
70
66
59
67
89
97
90
91
92
102
102
77
79
46
27
1
-21
-23
-34
-66
-67
-65
-108
-92
-91
-79
-41
-45
-31
-30
-17
8
9
25
33
32
41
59
64
78
79
57
54
69
60
35
27
26
13
16
-2
-18
-8
-38
-36
-40
-62
-80
-109
-114
-116
-125
-148
-149
-131
-148
-140
-130
-131
-130
-143
-148
-130
-147
-157
-169
-161
-166
-187
-189
-187
-184
-191
-176
-159
-145
-145
-149
-149
-138
-120
-133
-131
-136
-135
-125
-154
-159
-165
-190
-192
-206
-192
-172
-176
-180
-158
-115
-121
-128
-125
-125
-129
-120
-118
-96
-87
-74
-23
-1
28
27
57
72
97
132
150
184
198
210
216
207
210
225
212
215
217
227
255
254
241
218
207
200
212
200
161
148
140
125
113
105
54
42
38
41
51
30
26
-4
-22
-25
-36
-27
-42
-68
-72
-93
-91
-91
-102
-108
-137
-149
-123
-119
-126
-144
-167
-172
-191
-188
-211
-227
-224
-224
-207
-213
-217
-206
-214
-196
-181
-180
-163
-163
-147
-113
-97
-77
-46
-22
-14
-4
23
48
74
108
135
168
166
189
209
222
243
245
277
288
289
303
302
286
291
296
284
280
260
250
248
229
203
187
197
168
150
135
120
126
100
81
82
73
78
57
62
68
51
56
65
61
36
18
25
50
54
40
38
23
1
8
-10
-29
-39
-68
-61
-64
-83
-82
-94
-145
-142
-183
-206
-237
-284
-286
-315
-319
-318
-316
-328
-327
-304
-309
-307
-300
-277
-261
-260
-258
-241
-239
-245
-201
-163
-145
-109
-57
-31
-10
11
37
71
89
109
148
182
202
218
230
221
255
274
280
286
280
296
280
269
254
261
272
246
257
279
254
269
267
245
256
245
258
263
254
243
244
236
228
235
222
211
214
218
209
208
171
149
144
127
118
71
35
6
-17
-39
-72
-107
-114
-130
-170
-168
-194
-203
-224
-231
-221
-238
-237
-230
-244
-273
-274
-261
-240
-225
-225
-207
-198
-198
-202
-185
-176
-160
-118
-105
-77
-60
-47
-48
-19
14
20
35
22
44
79
73
92
118
116
113
131
148
164
157
148
173
173
180
190
192
177
174
172
180
197
209
220
199
194
193
202
214
195
178
155
139
149
165
150
113
97
83
81
81
55
38
4
-7
-13
-16
-36
-56
-54
-57
-50
-49
-68
-71
-82
-104
-85
-95
-122
-113
-127
-130
-120
-150
-149
-150
-156
-150
-134
-120
-130
-115
-119
-111
-85
-81
-60
-24
-8
15
21
33
54
72
93
135
167
171
173
210
215
234
265
274
297
294
332
333
335
333
329
358
369
369
377
369
347
338
340
356
361
341
324
308
302
285
270
253
242
231
207
205
202
187
178
138
125
111
93
80
61
43
18
1
-29
-41
-56
-92
-107
-129
-145
-150
-170
-176
-178
-211
-212
-235
-261
-249
-260
-260
-270
-283
-280
-272
-261
-257
-278
-269
-246
-242
-233
-201
-193
-173
-160
-146
-119
-121
-117
-75
-53
-32
6
19
51
58
75
85
100
116
115
108
129
144
124
138
144
142
151
149
144
155
141
153
189
157
141
128
129
159
143
130
123
113
102
111
94
87
90
87
73
72
75
58
58
45
40
31
4
-4
-13
-44
-66
-82
-92
-101
-102
-123
-145
-151
-160
-158
-156
-158
-166
-170
-165
-166
-155
-150
-161
-152
-153
-142
-118
-117
-119
-103
-115
-109
-85
-90
-80
-90
-95
-66
-55
-35
-19
-8
-19
-18
1
14
7
14
8
-6
11
0
7
13
-6
-2
-1
8
10
5
5
28
39
46
66
75
75
91
101
95
109
87
75
72
61
47
52
41
39
13
-1
4
-13
7
1
-13
-10
8
-6
-25
-36
-53
-72
-81
-82
-82
-85
-95
-94
-101
-98
-112
-110
-102
-118
-116
-125
-126
-113
-153
-174
-176
-217
-223
-225
-221
-205
-225
-237
-236
-219
-220
-228
-211
-221
-218
-221
-209
-193
-199
-206
-198
-181
-180
-182
-178
-152
-119
-82
-54
-40
-29
-21
-23
-16
2
5
26
37
48
42
38
32
39
37
43
52
43
54
39
50
55
25
35
36
34
67
60
47
56
34
32
35
45
44
44
48
49
50
43
49
45
48
56
52
80
93
88
98
89
84
95
100
93
81
73
79
85
99
119
91
74
47
50
70
59
72
89
75
85
88
80
71
49
27
31
56
45
30
28
18
25
37
31
51
56
51
58
43
58
66
68
63
52
64
58
53
57
53
47
37
38
55
46
39
32
42
42
48
49
39
39
48
35
56
33
30
40
28
41
25
34
27
22
23
8
17
-1
-24
-17
-54
-91
-120
-143
-148
-141
-151
-136
-135
-159
-167
-174
-174
-189
-204
-205
-205
-212
-197
-187
-195
-199
-186
-178
-180
-140
-115
-90
-36
-24
-26
-7
2
14
16
37
51
62
52
61
72
73
79
94
95
99
105
85
92
70
68
83
76
83
74
53
56
36
46
46
32
40
9
15
7
10
30
17
19
32
27
18
11
5
-8
-5
0
1
20
19
8
6
1
5
18
19
25
7
-11
-8
-33
-36
-50
-72
-50
-63
-54
-61
-88
-99
-86
-47
-41
-32
-24
-23
-13
-9
-7
-3
11
-10
-10
0
-9
-15
-1
-13
1
17
22
25
24
5
-1
0
-9
-4
-28
-30
-50
-67
-69
-80
-93
-86
-87
-92
-91
-72
-64
-89
-95
-109
-131
-119
-128
-134
-119
-136
-143
-145
-140
-142
-153
-159
-165
-137
-143
-141
-124
-146
-139
-134
-137
-137
-123
-125
-132
-129
-118
-116
-110
-97
-109
-88
-83
-83
-55
-62
-59
-27
-28
-11
25
21
26
45
61
90
115
123
130
142
168
174
200
210
230
249
230
252
259
253
271
275
292
308
305
328
325
322
326
308
335
362
344
339
308
296
317
292
276
265
241
218
208
193
162
142
113
91
75
63
37
14
-16
-35
-61
-84
-93
-127
-138
-145
-172
-174
-183
-188
-171
-199
-214
-219
-216
-221
-242
-242
-246
-252
-223
-227
-223
-217
-213
-198
-195
-183
-143
-140
-133
-115
-107
-109
-104
-108
-107
-92
-85
-59
-17
4
6
36
56
63
93
103
128
144
162
187
204
249
256
267
302
303
308
312
315
334
360
337
332
344
327
323
315
294
283
284
279
271
254
238
226
220
204
194
183
162
131
103
68
49
25
3
-16
-35
-48
-74
-85
-97
-110
-126
-139
-149
-173
-203
-219
-247
-265
-268
-277
-284
-284
-290
-287
-293
-277
-250
-227
-215
-200
-185
-186
-165
-158
-150
-137
-134
-131
-105
-99
-94
-80
-86
-74
-28
-18
6
38
58
111
126
142
151
147
162
193
211
211
221
222
230
245
235
246
270
304
294
301
321
312
329
306
309
317
303
285
274
268
254
249
235
227
213
194
196
184
174
164
130
116
105
78
46
33
5
-34
-32
-51
-61
-50
-60
-55
-59
-77
-64
-63
-91
-77
-79
-109
-116
-126
-141
-156
-170
-180
-179
-176
-190
-169
-169
-203
-210
-209
-192
-166
-174
-174
-147
-140
-131
-103
-97
-96
-77
-55
-23
18
10
39
75
76
104
116
144
168
161
171
202
215
213
210
214
222
220
214
224
226
222
213
231
235
231
221
226
231
208
203
202
193
193
163
132
149
121
103
109
84
84
60
47
45
37
6
-7
10
-5
-17
-35
-60
-85
-105
-120
-107
-109
-132
-131
-130
-151
-164
-163
-161
-158
-163
-158
-146
-128
-127
-129
-113
-97
-98
-92
-69
-69
-67
-54
-36
-32
-27
-12
4
24
45
44
48
77
77
104
120
120
147
150
149
159
151
156
169
178
202
217
211
219
225
237
230
215
204
212
216
198
205
205
194
192
198
193
192
181
161
145
142
123
108
99
63
66
53
22
3
-4
-34
-39
-33
-53
-28
-51
-58
-47
-68
-78
-86
-105
-109
-92
-110
-129
-128
-144
-134
-143
-169
-153
-149
-147
-134
-133
-112
-97
-93
-88
-57
-38
-31
-22
-23
-9
-3
11
2
14
18
24
32
43
48
40
63
90
115
116
113
103
118
136
142
144
135
136
146
152
152
152
160
150
159
154
169
177
168
171
143
133
113
92
87
68
35
27
23
8
8
-4
-13
-21
-38
-57
-74
-93
-117
-134
-137
-156
-177
-182
-180
-197
-197
-194
-192
-215
-234
-234
-217
-207
-218
-201
-195
-188
-190
-201
-195
-193
-211
-198
-175
-170
-161
-146
-124
-108
-97
-96
-90
-74
-75
-74
-54
-59
-70
-56
-56
-52
-34
-15
8
31
47
61
75
87
103
114
124
134
140
161
171
162
153
154
176
175
180
195
202
201
179
178
157
144
130
114
95
67
41
24
22
22
6
-4
-3
-16
-22
-34
-33
-29
-30
-25
-42
-49
-61
-58
-61
-84
-78
-88
-92
-86
-83
-73
-86
-91
-89
-99
-101
-104
-111
-109
-116
-122
-127
-140
-122
-115
-114
-110
-105
-107
-106
-111
-80
-69
-72
-63
-54
-40
-36
-46
-60
-56
-37
-48
-40
-30
-26
-12
-22
-22
-26
-23
-35
-27
-14
-23
-13
-14
-8
-24
-37
-33
-29
-40
-60
-81
-81
-71
-83
-79
-94
-122
-130
-128
-113
-114
-128
-124
-125
-122
-119
-141
-141
-134
-144
-138
-128
-121
-123
-114
-128
-119
-99
-105
-101
-89
-83
-73
-57
-61
-66
-56
-48
-56
-61
-43
-31
-36
-29
-38
-42
-38
-31
-38
-30
-1
-14
-7
4
20
33
19
29
47
66
75
98
105
109
113
112
117
123
117
92
116
114
126
152
147
150
174
175
176
159
128
129
149
151
115
133
120
106
89
57
51
47
15
14
-3
-19
-10
-32
-49
-63
-68
-64
-77
-84
-85
-111
-106
-116
-127
-121
-118
-131
-141
-168
-163
-171
-177
-157
-162
-174
-160
-171
-182
-165
-177
-165
-164
-169
-163
-170
-151
-156
-155
-143
-145
-154
-147
-150
-160
-143
-149
-148
-152
-143
-127
-123
-130
-99
-96
-98
-89
-87
-91
-77
-66
-80
-67
-45
-61
-47
-39
-26
-18
-32
-14
7
8
20
37
36
44
38
38
59
55
43
55
65
53
47
44
36
46
39
39
47
50
55
31
36
26
32
-4
15
-56
-42
1
-111
47
61
-14
-33
-42
-67
-92
-97
-37
-41
-37
31
53
52
45
32
-1
-4
-6
17
50
55
101
108
122
145
130
125
69
77
73
59
88
102
112
105
114
108
118
112
80
88
92
118
104
98
111
135
149
149
163
146
129
101
106
105
93
88
78
67
55
38
17
-1
-15
-49
-48
-51
-75
-80
-97
-102
-111
-131
-133
-134
-145
-151
-145
-126
-157
-162
-152
-178
-187
-174
-174
-167
-179
-183
-154
-168
-168
-156
-142
-153
-158
-165
-145
-145
-156
-140
-116
-106
-102
-79
-67
-48
-72
-49
-13
4
-21
-10
17
31
44
57
70
68
76
82
101
131
139
152
168
167
184
191
197
203
217
220
238
238
269
275
268
258
239
228
208
213
206
184
177
165
143
129
96
96
78
54
49
37
17
-29
-47
-43
-60
-82
-97
-121
-135
-156
-165
-170
-181
-202
-210
-217
-217
-224
-227
-244
-232
-224
-234
-204
-202
-202
-188
-176
-159
-167
-174
-129
-124
-143
-120
-96
-96
-98
-86
-72
-44
-58
-57
-21
-29
-22
10
43
42
45
59
82
85
75
88
107
114
109
121
145
144
138
154
157
152
152
168
180
169
160
167
150
146
124
132
136
103
92
76
71
42
26
39
6
-20
-40
-45
-53
-69
-88
-95
-97
-129
-150
-140
-164
-201
-194
-221
-238
-247
-276
-290
-288
-303
-318
-305
-319
-325
-312
-328
-336
-325
-306
-290
-275
-277
-259
-238
-236
-217
-199
-189
-167
-151
-134
-117
-107
-86
-66
-45
-32
-2
20
52
82
93
117
127
140
163
173
183
184
218
247
249
269
269
264
266
244
263
281
246
262
253
230
238
233
223
230
202
159
169
146
113
99
67
45
36
16
1
-20
-48
-67
-79
-102
-128
-139
-142
-158
-169
-187
-207
-211
-226
-241
-218
-228
-231
-241
-263
-264
-243
-246
-246
-231
-241
-234
-227
-219
-216
-199
-208
-215
-187
-181
-168
-170
-164
-146
-134
-135
-102
-81
-86
-68
-49
-45
-45
-50
-19
-6
17
29
29
78
67
70
95
104
108
126
151
165
169
180
184
212
179
164
184
167
163
155
153
150
122
100
93
75
64
72
58
29
9
-12
-5
-18
-40
-59
-71
-94
-122
-136
-149
-164
-176
-193
-221
-219
-239
-243
-258
-268
-275
-299
-328
-330
-341
-349
-349
-339
-324
-305
-294
-283
-261
-255
-249
-220
-187
-198
-196
-149
-128
-98
-88
-69
-22
-9
15
44
63
83
115
164
179
181
199
211
239
228
231
254
223
216
215
221
220
209
194
202
190
182
174
180
188
174
188
195
214
203
187
182
172
150
159
155
149
144
131
109
103
81
60
49
18
10
7
-32
-56
-76
-93
-127
-154
-165
-186
-189
-209
-213
-239
-239
-241
-247
-254
-262
-264
-277
-283
-294
-285
-276
-263
-264
-254
-246
-253
-247
-249
-231
-190
-193
-186
-137
-138
-110
-90
-94
-76
-58
-48
-12
6
25
40
54
69
74
86
92
114
136
136
142
160
176
173
180
180
194
195
185
211
219
226
225
217
220
216
211
211
192
163
153
131
121
100
79
68
54
37
12
16
-10
-29
-35
-62
-66
-86
-109
-115
-152
-161
-169
-190
-195
-202
-199
-199
-193
-183
-172
-163
-164
-156
-140
-111
-103
-95
-76
-81
-84
-84
-66
-60
-58
-31
-38
-43
-22
-5
14
26
37
44
62
72
82
106
128
129
139
146
155
174
173
183
210
204
228
230
234
254
238
255
283
265
268
269
273
267
243
259
245
227
216
190
182
164
144
147
128
107
89
81
66
33
21
-3
-9
-13
-46
-37
-57
-84
-91
-104
-121
-136
-145
-146
-160
-183
-169
-164
-167
-170
-179
-173
-177
-187
-185
-171
-155
-157
-157
-134
-134
-127
-130
-120
-142
-130
-112
-84
-67
-63
-17
10
6
42
74
77
96
102
124
141
143
153
160
166
170
195
212
233
225
220
238
237
227
234
246
224
212
187
186
170
150
145
159
150
135
133
139
129
105
107
96
83
65
48
41
19
4
0
4
-15
-18
-22
-38
-53
-63
-92
-105
-125
-139
-123
-137
-149
-148
-147
-138
-157
-157
-142
-155
-143
-138
-123
-104
-108
-91
-81
-67
-65
-52
-41
-33
-24
-25
-8
2
10
20
47
52
65
87
91
117
129
139
148
155
154
162
188
174
183
186
188
195
191
193
183
204
205
211
219
229
233
234
241
242
240
241
236
236
217
200
187
171
141
139
122
86
81
51
35
38
24
6
4
-15
-31
-36
-55
-64
-52
-70
-87
-85
-103
-117
-126
-115
-103
-87
-90
-95
-73
-77
-89
-65
-49
-70
-47
-52
-66
-50
-63
-59
-42
-43
-56
-48
-22
-27
-8
5
-1
20
32
30
37
49
56
69
70
69
74
73
75
80
85
79
94
103
112
129
137
143
149
156
161
158
144
150
141
143
140
122
113
91
93
73
68
59
51
26
-4
-3
-29
-31
-35
-58
-66
-63
-83
-92
-92
-95
-92
-97
-84
-79
-78
-82
-89
-76
-60
-56
-52
-42
-34
-43
-43
-34
-50
-45
-36
-17
-10
-15
9
23
28
27
52
86
112
118
135
124
113
127
135
150
132
144
154
167
178
166
191
188
193
204
203
213
208
188
170
160
164
168
157
165
143
141
126
106
102
107
89
73
46
34
34
27
11
2
-9
-43
-42
-41
-48
-44
-56
-46
-49
-60
-39
-33
-37
-38
-49
-54
-46
-45
-36
-38
-23
-28
-27
-21
-24
-33
-56
-57
-33
-37
-44
-52
-52
-56
-69
-59
-44
-36
-49
-42
-21
-16
-11
4
8
24
27
32
58
62
61
73
74
85
96
89
89
96
86
105
116
106
141
145
147
150
125
137
140
121
126
123
129
114
98
109
97
85
77
80
86
78
79
89
76
60
50
61
32
-1
14
-1
-22
-28
-40
-36
-39
-61
-55
-53
-68
-75
-81
-57
-61
-64
-47
-42
-55
-64
-49
-36
-61
-84
-61
-73
-77
-67
-71
-52
-63
-74
-41
-17
-36
-26
6
10
20
30
58
59
29
42
67
77
79
91
109
105
102
127
160
166
165
179
207
206
186
209
230
217
216
233
238
242
206
224
242
232
200
208
214
187
179
156
153
130
97
86
78
62
55
65
50
36
23
7
13
-19
-30
-40
-58
-79
-82
-79
-97
-119
-121
-136
-143
-139
-150
-150
-166
-176
-163
-148
-165
-142
-138
-139
-160
-159
-132
-138
-123
-133
-117
-88
-101
-102
-87
-94
-95
-72
-60
-39
-16
-18
-18
-2
-1
5
19
20
31
45
32
30
55
55
69
82
84
98
116
90
104
120
112
103
108
112
91
94
81
70
59
46
61
54
60
54
31
34
21
-12
-14
-23
-26
-48
-67
-62
-71
-96
-98
-114
-125
-131
-129
-127
-151
-153
-149
-138
-148
-154
-135
-136
-153
-147
-144
-140
-127
-129
-116
-107
-110
-113
-110
-103
-106
-122
-115
-97
-84
-75
-59
-51
-30
-22
-10
0
3
11
27
41
36
48
58
64
78
86
101
115
123
137
154
174
189
184
207
206
199
201
207
194
200
190
190
195
178
174
162
151
139
119
103
80
57
57
49
40
12
-1
-12
-24
-44
-44
-43
-48
-66
-77
-69
-79
-97
-102
-112
-132
-147
-172
-171
-163
-191
-190
-183
-182
-194
-206
-199
-197
-202
-210
-190
-165
-160
-171
-165
-164
-178
-180
-175
-167
-166
-150
-128
-115
-98
-100
-73
-38
-45
-25
-22
-9
-6
-2
28
40
37
32
48
71
77
95
111
122
136
148
152
153
158
163
173
155
151
136
147
159
141
157
150
141
134
124
122
114
97
99
116
102
83
68
79
60
35
40
31
13
-6
6
-11
-29
-22
-8
-9
-16
-47
-37
-18
-45
-49
-49
-72
-80
-79
-88
-78
-101
-115
-109
-114
-108
-99
-86
-96
-99
-97
-82
-77
-83
-54
-63
-47
-40
-50
-49
-36
-26
-20
-9
13
22
36
67
73
82
84
94
89
95
111
111
123
119
102
99
92
90
94
60
55
56
42
35
38
49
46
51
49
50
67
33
29
37
43
28
0
13
18
-14
-18
-9
-10
-18
-28
-16
-24
-30
-38
-28
-34
-55
-54
-50
-49
-69
-66
-51
-69
-89
-84
-89
-88
-88
-76
-68
-77
-84
-70
-39
-32
-34
-24
5
-15
-7
7
23
20
27
27
42
51
37
67
76
70
71
87
100
97
88
95
114
85
93
122
95
87
96
87
88
83
61
76
95
83
71
70
62
62
61
66
56
50
47
59
77
62
74
79
63
71
48
48
36
14
18
-2
8
-7
-32
-29
-27
-43
-43
-60
-73
-69
-96
-97
-107
-117
-117
-125
-140
-142
-142
-168
-156
-161
-168
-159
-168
-178
-181
-190
-191
-189
-197
-197
-210
-203
-202
-211
-218
-199
-188
-189
-191
-189
-188
-177
-181
-199
-173
-170
-161
-158
-168
-145
-128
-128
-117
-96
-105
-84
-68
-61
-44
-22
-28
-12
-6
6
15
23
14
19
42
47
67
69
86
100
89
94
103
109
112
100
109
111
107
87
102
104
87
82
98
81
61
67
52
58
35
17
38
33
18
22
13
12
12
-2
6
-3
-8
4
16
-5
16
13
-13
9
-1
0
8
7
5
1
14
-11
-21
-7
-15
-12
-31
-50
-31
-44
-84
-63
-50
-60
-46
-39
-37
-34
-37
-27
-5
-19
-16
10
17
20
21
32
27
33
14
10
26
24
17
26
29
19
28
22
14
5
-8
-9
5
-15
-14
-11
-25
-25
-53
-68
-78
-90
-86
-105
-106
-101
-98
-96
-96
-86
-82
-74
-84
-83
-69
-73
-68
-42
-35
-29
-17
-13
11
15
9
5
-6
-2
-6
16
12
-2
19
15
4
-18
-15
5
-5
-16
13
14
10
25
29
32
20
27
43
56
45
40
67
62
59
74
67
88
94
82
108
117
110
110
120
112
107
105
99
90
92
92
96
98
86
94
106
85
85
91
74
64
55
30
32
14
5
2
-19
-38
-42
-37
-43
-39
-57
-53
-46
-45
-46
-48
-62
-58
-50
-43
-46
-56
-48
-21
-59
-76
-55
-60
-66
-67
-56
-70
-78
-91
-99
-91
-71
-78
-78
-80
-85
-81
-90
-87
-99
-97
-83
-85
-83
-70
-63
-51
-52
-37
-20
-23
-13
-1
5
-3
0
15
-1
-4
7
5
16
12
9
4
5
-17
-16
-19
-23
-35
-31
-29
-21
-12
-8
-38
-47
-55
-71
-83
-89
-83
-102
-109
-95
-81
-90
-59
-83
-58
-30
-67
-48
-48
-64
-54
-47
-27
-26
-26
-22
-4
1
-11
-14
-3
-19
-32
-22
-26
-16
-42
-46
-13
-9
-21
-15
2
15
2
7
37
30
28
53
75
54
66
75
79
102
97
99
130
135
91
136
131
128
117
131
136
107
106
109
101
100
66
71
62
39
61
47
55
48
20
19
42
11
-1
-18
-24
-35
-23
-23
-48
-46
-54
-25
-21
-29
-29
-18
-39
-19
-12
-61
-38
-63
-76
-61
-69
-84
-76
-79
-97
-96
-50
-87
-74
-69
-69
-45
-60
-50
-37
-31
-60
-50
-31
-35
-32
-3
10
6
29
43
29
57
59
48
46
59
71
61
83
66
61
89
77
70
95
108
115
143
129
135
122
143
149
117
129
89
97
117
82
84
60
53
66
55
59
47
34
6
34
39
18
23
35
4
-7
-19
-10
-2
-42
-35
-56
-63
-31
-59
-34
-34
-43
-46
-42
-39
-22
-14
-36
-39
-55
-40
-48
-43
-54
-36
-39
-46
-17
-30
-21
-17
-38
-42
-38
-37
-57
-33
-32
-28
-2
-3
32
23
27
24
63
61
39
65
50
47
59
57
87
85
71
87
110
89
98
111
84
104
88
96
106
116
89
97
77
62
73
38
45
