-73
-73
-98
-119
-125
-147
-145
-143
-163
-148
-156
-159
-138
-151
-136
-124
-134
-142
-143
-145
-123
-114
-125
-101
-103
-96
-77
-89
-89
-78
-60
-54
-64
-75
-67
-70
-83
-96
-84
-76
-89
-89
-90
-88
-96
-116
-118
-112
-111
-103
-97
-90
-86
-96
-104
-112
-118
-127
-135
-138
-132
-128
-113
-89
-96
-107
-96
-97
-90
-101
-121
-129
-130
-130
-104
-111
-98
-89
-84
-63
-61
-53
-57
-31
-25
-16
-14
-10
-7
6
0
14
29
35
22
18
28
14
12
-6
9
21
-27
-47
-45
-73
-76
-72
-83
-69
-79
-100
-97
-106
-118
-113
-122
-119
-111
-120
-102
-121
-135
-132
-139
-152
-173
-172
-155
-168
-163
-164
-173
-145
-157
-162
-158
-169
-179
-186
-197
-219
-197
-203
-226
-220
-235
-247
-241
-248
-205
-181
-200
-198
-183
-166
-164
-165
-148
-148
-148
-136
-134
-111
-118
-120
-149
-182
-184
-196
-213
-202
-208
-220
-224
-246
-256
-283
-321
-343
-337
-343
-363
-382
-381
-387
-396
-374
-383
-394
-371
-372
-340
-327
-329
-310
-293
-283
-315
-306
-293
-281
-265
-269
-266
-248
-266
-268
-254
-259
-246
-243
-255
-234
-214
-207
-181
-184
-169
-164
-178
-175
-170
-144
-130
-125
-114
-87
-62
-74
-78
-60
-64
-58
-77
-86
-75
-70
-80
-82
-73
-56
-44
-50
-79
-92
-89
-119
-136
-153
-144
-152
-167
-167
-168
-160
-170
-173
-153
-143
-131
-118
-119
-100
-85
-73
-77
-57
-38
-23
-30
-40
-18
-9
-27
-32
-26
-34
-30
-23
-18
2
-7
-31
-24
-24
-26
-32
-48
-38
-36
-46
-45
-69
-68
-73
-86
-80
-71
-75
-68
-68
-89
-80
-81
-89
-87
-84
-75
-64
-65
-59
-57
-62
-68
-80
-78
-76
-76
-96
-106
-99
-106
-95
-113
-128
-138
-127
-122
-126
-120
-121
-131
-125
-126
-112
-103
-105
-87
-80
-85
-79
-85
-95
-67
-47
-36
-32
-46
-34
-29
-40
-36
-39
-32
-36
-60
-49
-42
-52
-54
-59
-66
-59
-71
-95
-95
-111
-123
-124
-121
-117
-109
-113
-131
-128
-143
-134
-132
-137
-127
-104
-121
-138
-121
-128
-147
-136
-144
-112
-108
-126
-122
-150
-127
-140
-139
-134
-128
-136
-156
-150
-165
-161
-172
-177
-164
-154
-143
-157
-155
-135
-129
-132
-110
-96
-76
-56
-48
-38
-35
-29
-13
-9
-29
-22
-32
-21
-6
-4
6
9
13
39
30
24
13
3
8
-7
-15
-20
-17
-7
-28
-35
-8
0
1
-16
-20
-2
-8
-17
-17
2
9
28
23
25
24
24
17
-2
15
19
26
28
22
37
50
42
37
34
50
38
23
24
30
35
20
36
64
78
94
89
106
128
137
155
168
168
198
187
185
187
179
171
153
140
133
120
97
77
73
68
42
46
25
22
20
3
-6
5
-3
-40
-4
0
-27
-8
-27
-23
-11
-20
-19
-3
2
5
25
36
47
56
66
57
54
69
68
71
70
75
92
89
97
111
111
121
138
123
141
153
143
153
141
166
187
188
189
193
196
206
213
230
245
254
248
243
260
239
237
221
178
187
177
150
156
137
134
144
131
126
135
143
138
142
112
119
116
95
94
85
83
88
88
112
138
123
128
120
117
127
132
130
131
144
147
143
134
141
168
163
149
151
169
165
169
177
189
196
182
183
186
200
214
198
201
216
206
204
196
194
210
203
199
180
184
192
194
180
159
164
169
151
155
156
133
143
132
118
125
120
108
99
114
110
110
128
105
107
122
103
84
81
78
67
57
55
79
92
95
83
99
120
101
95
105
119
122
110
126
144
147
132
118
120
123
116
113
133
119
129
114
105
107
78
74
78
55
54
47
29
32
32
48
49
51
50
45
25
19
0
0
-15
-37
-23
-21
-22
-16
-24
-39
-42
-64
-57
-51
-77
-78
-63
-54
-60
-60
-44
-30
-43
-35
-9
-5
-19
-9
-19
-8
8
-6
12
41
44
54
71
80
95
108
112
117
134
151
171
183
179
182
163
151
166
165
158
152
124
136
142
136
117
100
114
97
75
60
69
59
63
64
58
53
53
66
58
51
78
98
80
77
79
96
115
77
75
81
67
38
23
28
17
3
-10
12
12
1
-7
4
-9
-8
5
6
18
-3
3
12
10
-7
15
32
23
36
46
83
78
84
89
97
107
98
112
112
118
120
119
122
122
140
140
131
128
126
126
131
110
97
115
104
89
82
90
101
102
106
121
131
127
131
125
126
99
102
114
100
90
88
114
107
76
116
114
73
88
78
95
94
78
117
132
122
130
137
156
141
137
164
170
180
163
180
219
227
214
219
213
209
214
209
219
220
222
198
190
179
182
202
175
160
169
162
140
138
164
155
119
103
128
130
115
96
84
100
66
67
91
106
120
110
118
112
102
116
104
90
91
81
100
97
89
97
102
116
111
104
131
115
110
130
153
166
152
165
186
198
199
192
232
229
221
241
262
249
254
263
277
280
263
271
265
250
231
241
250
232
223
210
192
168
154
152
132
116
112
121
101
78
95
93
76
67
40
59
65
33
45
67
71
83
63
81
91
78
98
93
85
78
86
97
116
122
122
142
132
147
161
170
170
154
156
173
166
154
185
184
163
172
182
197
205
194
209
197
171
172
171
159
141
111
113
129
107
116
118
118
105
94
110
110
113
109
96
101
113
95
80
60
36
29
12
-1
-17
7
18
3
24
19
21
17
-11
3
29
-11
-25
-8
4
8
2
28
47
49
32
49
61
56
59
62
82
78
72
97
104
92
78
96
107
91
91
86
83
71
59
65
69
68
56
76
80
76
67
62
65
71
54
51
50
24
27
46
39
33
34
44
56
35
24
39
67
66
60
67
71
81
103
84
92
90
77
97
86
82
112
108
104
115
152
146
136
147
154
174
159
139
171
191
172
171
181
187
171
141
153
167
183
151
125
141
114
88
75
60
68
59
33
37
25
32
10
-8
3
2
-5
-23
-35
-29
-40
-62
-77
-86
-92
-110
-131
-123
-102
-107
-98
-81
-85
-100
-99
-90
-84
-102
-114
-100
-95
-90
-82
-62
-54
-42
-27
-10
4
20
30
23
30
8
25
53
38
48
66
91
85
82
91
86
71
64
60
80
51
33
42
54
76
46
33
47
35
18
23
10
14
12
23
20
24
27
15
11
-14
-13
-17
-30
-39
-42
-19
-37
-73
-37
-13
-21
-16
-5
20
13
10
2
13
33
36
57
48
53
73
93
95
106
108
113
133
131
112
132
109
130
129
129
147
121
148
150
141
148
109
103
117
96
110
122
122
122
112
103
103
72
70
77
42
35
30
20
44
4
-1
-1
-43
-36
-41
-59
-50
-55
-52
-38
-37
-57
-60
-50
-66
-66
-60
-58
-32
-41
-51
-43
-43
-40
-34
-46
-65
-44
-35
-5
-15
-23
2
-2
-7
-29
-19
-20
-48
-50
-54
-34
-41
-64
-56
-29
-34
-44
-48
-55
-20
-8
-52
-36
-19
-58
-55
-61
-56
-40
-38
-13
-25
-22
-36
-34
-25
-63
-72
-68
-69
-101
-86
-89
-109
-113
-121
-121
-120
-145
-127
-110
-139
-112
-135
-131
-119
-122
-104
-101
-104
-100
-76
-47
-23
-12
-7
2
3
46
29
29
26
12
16
19
22
36
37
48
63
52
53
55
37
12
32
12
25
37
21
41
20
21
31
55
60
39
19
16
-3
-2
-21
-36
-4
-8
4
-4
-22
-12
-13
-46
-46
-42
-26
9
-1
-26
-36
-42
-46
-57
-73
-30
-42
-40
-17
-30
-1
-19
-10
11
3
-12
-14
-9
14
18
22
63
58
44
28
16
2
-25
-56
-48
-56
-85
-90
-106
-100
-141
-153
-122
-125
-113
-125
-108
-109
-97
-118
-119
-96
-96
-110
-126
-123
-143
-139
-166
-147
-132
-115
-112
-146
-131
-153
-136
-150
-192
-194
-175
-181
-197
-194
-184
-183
-223
-203
-180
-161
-164
-163
-137
-111
-127
-117
-106
-109
-91
-79
-62
-64
-64
-54
-42
-48
-71
-50
-71
-66
-64
-59
-44
-40
-50
-53
-55
-110
-123
-140
-172
-166
-195
-196
-173
-174
-167
-150
-121
-145
-141
-166
-165
-155
-196
-167
-155
-140
-138
-165
-139
-146
-144
-150
-175
-165
-152
-137
-149
-154
-130
-138
-146
-118
-111
-99
-117
-145
-123
-119
-133
-179
-169
-128
-122
-153
-165
-120
-131
-129
-136
-120
-123
-173
-140
-136
-155
-158
-151
-135
-140
-126
-143
-122
-136
-129
-98
-105
-122
-114
-103
-100
-139
-154
-106
-134
-152
-154
-156
-124
-150
-125
-94
-129
-113
-126
-130
-124
-160
-148
-143
-112
-102
-95
-68
-78
-44
-42
-37
-33
-54
-47
-51
-50
-14
-27
-50
-82
-89
-92
-111
-119
-134
-111
-126
-134
-127
-114
-120
-101
-112
-103
-102
-154
-136
-101
-118
-120
-113
-117
-107
-89
-101
-100
-112
-125
-114
-137
-158
-183
-177
-153
-158
-165
-177
-149
-151
-174
-155
-173
-166
-171
-172
-178
-206
-187
-179
-140
-170
-155
-142
-149
-142
-145
-106
-90
-100
-94
-78
-56
-72
-71
-32
-44
-20
-29
-16
-9
-14
-8
17
17
17
38
34
57
59
46
53
51
46
54
45
38
32
39
59
35
38
44
68
72
76
77
91
94
57
33
13
3
-19
15
15
-9
-3
-8
-7
-13
-12
-22
-18
-18
-27
11
-18
-31
-26
-35
-39
-68
-70
-58
-34
-38
-52
-43
-61
-87
-72
-80
-83
-77
-62
-53
-44
-51
-16
0
3
-14
-9
-9
-29
-19
13
30
16
28
47
73
42
31
13
15
-3
9
15
19
7
1
9
-11
-14
-24
-31
-24
-14
-12
-61
-51
-78
-80
-67
-113
-77
-77
-76
-77
-86
-72
-86
-89
-72
-80
-94
-127
-136
-125
-130
-103
-127
-120
-103
-98
-94
-100
-112
-72
-58
-97
-74
-71
-45
-60
-48
-11
-17
-13
-10
25
1
13
32
56
87
97
106
118
119
110
96
84
90
48
48
37
35
81
72
69
43
77
71
68
28
-8
16
-3
-25
3
-4
15
16
-12
0
-18
-39
-32
-12
-9
-30
-24
-2
-18
-45
-44
-17
-5
7
-36
-50
-35
-53
-52
-64
-61
-30
-36
-30
-26
-3
-4
-29
-26
-13
34
53
14
37
64
57
26
54
81
81
79
64
71
90
90
92
105
89
85
80
82
66
81
73
73
77
55
49
22
7
33
41
34
34
36
32
11
-33
-38
-17
-41
-45
-34
-16
-8
-14
-39
-37
-27
-41
-37
-42
-49
-75
-97
-62
-56
-63
-52
-36
-18
-11
-42
-44
-23
-34
-41
-40
-34
-30
-29
-22
-31
13
17
13
9
2
4
-23
-50
-43
-49
-53
-61
-65
-12
-16
-15
-12
-31
-6
6
-2
26
43
19
11
8
-32
-42
-44
-63
-34
-32
-50
-33
-30
-32
-2
-2
-16
-9
-20
-17
-33
16
34
48
69
88
102
102
118
152
159
170
171
119
120
122
138
148
163
162
164
181
174
160
130
132
119
140
146
153
180
160
165
158
170
177
166
153
160
155
147
149
133
125
135
95
80
86
79
76
83
86
84
115
111
106
117
97
85
56
62
80
97
111
95
128
124
80
73
79
82
85
72
96
96
97
126
115
135
128
106
122
110
103
108
102
107
104
112
96
115
117
104
110
97
76
76
67
68
63
65
86
88
86
64
66
52
38
38
32
39
49
48
70
64
48
65
67
55
55
52
52
59
34
40
65
36
7
-23
-20
8
-19
-30
-27
-12
-16
-35
-4
-2
13
5
18
45
52
73
88
97
114
117
107
105
92
102
92
78
89
110
96
96
85
91
88
52
52
44
63
46
30
60
69
77
66
36
52
34
22
40
26
23
29
8
29
11
-21
-13
-27
-40
-76
-69
-68
-69
-43
-36
-26
-60
-63
-80
-96
-61
-79
-43
-40
-22
-2
-18
6
9
5
23
27
33
43
58
56
30
35
42
42
54
56
44
52
34
16
20
-20
-28
-27
-24
-2
-14
-20
-35
-39
-37
-78
-70
-66
-59
-43
-89
-77
-61
-80
-99
-89
-98
-67
-76
-79
-75
-88
-88
-98
-56
-34
-36
-14
-18
-20
-6
0
-4
2
-28
-16
-14
-27
7
16
2
22
21
25
23
17
41
58
68
70
71
98
93
56
49
76
64
40
50
79
102
105
95
83
61
33
28
39
52
45
35
63
65
81
65
58
70
69
84
76
91
88
78
63
36
24
21
5
10
-11
-7
-37
-30
-25
-47
-33
-51
-65
-75
-72
-82
-60
-70
-69
-69
-73
-71
-87
-88
-110
-84
-57
-56
-29
-48
-26
-10
-13
-17
-23
-10
-15
-7
-6
-5
17
18
0
0
-12
0
22
36
12
12
15
7
29
34
6
30
12
12
27
0
18
43
31
22
15
30
35
25
15
37
70
45
18
17
19
24
20
33
71
76
70
69
77
82
46
39
41
28
27
34
57
73
83
113
101
108
140
142
121
128
143
170
169
123
129
139
126
127
119
143
122
99
90
98
92
74
66
91
110
75
68
40
21
8
-25
-19
-11
-4
8
-8
-25
-34
-43
-67
-88
-99
-100
-77
-99
-87
-74
-104
-133
-133
-113
-109
-122
-134
-109
-96
-111
-129
-125
-143
-157
-150
-132
-143
-147
-138
-146
-111
-108
-82
-71
-88
-75
-61
-49
-69
-53
-31
-20
-11
-9
45
79
32
28
45
38
46
25
31
54
47
40
68
90
75
79
69
61
84
66
71
67
52
81
92
88
108
130
105
80
75
96
82
67
69
89
105
76
77
86
113
94
74
86
82
92
71
87
132
132
93
96
111
117
119
124
138
167
163
154
186
150
138
137
129
147
124
110
98
89
81
61
67
85
93
83
95
84
83
80
45
50
79
100
98
60
54
39
9
-6
-15
-9
1
3
4
19
16
-33
-60
-42
-39
-61
-104
-120
-90
-99
-113
-113
-133
-121
-116
-118
-104
-56
-32
-4
9
39
52
22
-13
-5
5
-1
0
7
48
38
18
17
45
35
5
8
22
46
51
44
52
43
17
-2
-18
-21
-30
-37
-39
-24
-10
-17
-46
-66
-31
-11
-21
-30
-23
1
-37
-96
-115
-108
-128
-112
-67
-30
-20
-31
-40
-57
-75
-91
-99
-36
9
37
73
67
82
52
5
9
0
0
27
36
70
101
123
132
132
116
74
68
92
96
114
129
110
116
86
44
35
9
-18
-26
-9
2
2
-11
-6
-10
-23
-29
-41
-50
-60
-70
-70
-74
-30
-20
-3
-18
-41
1
2
-1
-6
14
9
-8
-39
-60
-40
-71
-73
-47
-14
-9
-14
-11
-16
-33
0
-53
-83
-73
-67
-60
-41
8
-59
-75
-80
-134
-136
-116
-106
-50
-54
9
-12
-91
-107
-146
-186
-242
-187
-126
-117
-131
-80
-65
-122
-161
-145
-146
-149
-104
-62
-26
-38
-37
-32
-85
-163
-186
-201
-149
-110
-42
-42
-114
-165
-220
-305
-341
-329
-255
-250
-229
-170
-145
-218
-330
-280
-301
-291
-172
-93
-90
0
-30
-47
-95
-94
-123
-155
-17
-21
-1
39
4
-78
-68
-152
-172
-64
32
40
-10
2
-82
-162
-111
-104
-150
3
63
8
-2
-32
-99
-137
-89
-56
-26
34
35
-26
-84
-69
-92
-103
-54
-18
-22
-27
-112
-112
-99
-155
-97
-47
-58
-58
20
-93
-20
-107
-178
-130
-124
-70
-18
28
69
-4
-39
-41
-150
-200
-147
-85
-76
40
148
126
-83
-74
-211
-266
-198
-154
-8
-9
0
62
-69
-200
-230
-173
-97
7
164
102
32
-50
-105
-149
-204
-182
-78
-70
-143
-60
-124
-93
-112
-109
75
-120
-174
-18
-70
-137
7
39
143
-38
-58
-84
-284
-226
24
-70
-133
68
61
10
6
0
-94
-4
-82
-65
85
49
-80
-28
-150
-127
-38
-3
128
-58
-84
206
-95
34
152
-187
56
69
122
203
102
119
64
48
212
-207
-241
64
-154
-7
198
238
34
-170
4
-90
-411
26
4
-131
62
207
-99
-180
-118
-84
-251
-543
-174
48
-189
-80
120
9
-86
-45
145
-248
-445
84
-168
-167
247
-114
-112
25
-141
19
-199
-373
-184
-242
11
41
-85
54
45
-259
-185
-251
-195
-158
-225
144
-124
-49
-42
-231
-269
8
-264
-77
126
-342
-96
-62
-112
-366
-88
25
-350
-171
15
-124
-128
-136
-44
-344
-144
21
-288
1
-30
-283
9
175
-320
111
0
-139
-172
-55
-55
-149
-317
44
-17
-283
84
-524
-374
-82
-422
-131
253
-381
47
-71
-393
-179
-204
-137
-73
-252
238
219
-540
108
40
-387
94
-179
-202
-44
-612
-265
130
-324
-202
-30
-201
-305
-353
231
-185
-276
-92
108
-347
147
143
-428
-1
-101
-157
-137
-78
-286
-212
-234
-86
-98
-248
136
-23
-214
-120
83
-184
-321
26
79
-236
217
311
-343
139
261
-118
181
133
88
22
10
164
313
-252
387
-42
-58
193
-329
110
-152
100
-184
354
-38
-334
1
193
-350
146
39
-220
160
-74
-93
-255
207
-244
97
292
-185
-348
429
-93
-204
157
-366
140
-436
97
101
-158
354
-88
-483
150
-258
-500
296
-367
228
47
217
-234
-111
-173
-33
79
84
-133
261
120
-346
-4
35
-326
456
327
-353
293
-150
-184
-468
279
-346
110
6
510
-20
-661
352
-319
-381
326
129
-127
46
297
51
-723
299
-62
-700
369
321
-314
15
-26
-325
-66
-270
389
-493
163
122
-199
-77
-228
35
-258
-125
8
199
-119
304
-224
-278
469
-462
-25
376
-227
-341
381
-24
32
285
-442
432
-976
382
-248
-373
481
147
124
745
-257
-616
617
-786
97
160
713
537
-101
410
353
-772
-98
423
-544
270
825
-197
415
319
-121
-64
-534
35
140
-417
638
136
11
491
-381
126
23
-606
399
-55
-467
1222
-85
-270
505
-347
-127
-311
-151
268
-308
75
621
-555
108
75
-635
395
-501
437
286
-91
262
573
-1002
216
-35
-402
573
-141
600
66
11
353
-45
-749
344
-350
-81
415
-176
198
254
-664
124
75
-803
-128
470
-161
294
-249
630
-132
-475
535
10
-1012
866
236
-380
307
402
-117
-487
339
94
-630
320
624
-642
528
-241
90
-558
50
40
-72
-85
609
-262
-439
-151
-154
97
-374
491
-175
58
698
-736
79
128
-619
627
-419
230
469
-263
56
194
-547
480
-233
-472
848
-993
514
702
-1058
825
78
-453
134
-145
92
-196
142
100
320
-21
473
-506
241
36
157
-319
-9
928
-1235
778
308
-382
8
199
937
-954
286
718
-374
-313
498
122
-248
9
831
-529
-149
1581
-2001
899
461
-1052
551
458
96
-6
56
865
-722
-187
615
-180
0
564
299
-179
589
-327
-190
769
-909
-290
807
-762
478
143
-665
999
-1289
90
831
-2059
1588
-385
-900
1935
-2064
277
1290
-1614
375
1097
-1122
673
-99
-573
1303
-1293
867
438
-921
1265
-519
-798
1385
-651
-730
1802
-823
-203
983
-474
432
-207
-275
879
-343
-253
1284
-662
126
464
-512
683
-685
54
70
611
-243
129
612
-963
310
307
-151
-792
1060
-441
-88
860
-495
172
-377
448
-420
151
-51
254
-206
58
600
-419
-65
-198
21
-147
-504
715
-189
566
-612
469
-1
-887
1021
-87
-804
1087
60
-710
1297
-2128
2186
-1721
385
1323
-1343
413
1324
-1523
420
368
-490
781
-1174
1424
162
-850
805
335
-827
916
-147
497
-907
1357
2
-342
568
-429
442
-12
136
-13
204
-499
1518
-1057
537
444
-954
1054
-525
371
668
-694
945
4
-997
1775
-1413
-123
1028
-1099
318
617
-764
660
-636
-12
1039
-1954
1752
-230
-739
1110
-311
-458
1486
-1511
567
535
-1478
1056
-224
-703
1441
-1143
18
1530
-1620
813
-140
401
-689
517
238
-171
97
595
-235
-106
4
218
464
-709
304
711
-1274
1852
-912
284
1041
-1283
1526
-529
-254
1245
-911
-142
1516
-1489
1274
579
-1196
1290
-131
-839
1678
-1113
393
-125
-141
1081
-984
-192
1777
-1460
-678
2256
-1193
147
583
632
-787
519
309
334
-669
163
629
-564
186
332
75
-834
1546
-1351
930
774
-1638
1328
-719
318
-253
467
456
-471
61
751
-219
-918
1461
-1618
1424
284
-448
169
1248
-1297
64
955
-39
-782
574
1503
-1056
168
1321
-883
-56
268
317
-400
492
694
-325
-97
618
103
-1671
2766
-1076
-285
608
1095
-1063
-501
2184
-2427
1576
-199
-483
1851
-1494
-210
2070
-1627
-232
2149
-3033
2587
-780
-874
2411
-2361
1222
817
-2006
1460
-473
-862
1727
-780
-813
2593
-2714
985
873
-1645
877
-693
1596
-771
93
299
1019
-2425
1600
289
-1972
1108
192
-209
-65
186
131
-192
313
-439
80
-21
80
122
-1069
2100
-1343
-82
1104
124
-1727
2417
-1731
-708
3103
-3076
1742
-159
-698
1233
-703
-807
1651
-2230
1037
792
-1855
1680
133
-1747
1846
-735
-861
1902
-2281
1347
-718
306
0
546
-913
788
-411
-195
1045
-1782
1983
-832
-201
457
265
-713
-329
1384
-624
-1184
2104
-321
-1864
3238
-2443
1056
586
-655
905
-1345
882
495
-1293
1252
601
-2713
3525
-2052
-1014
2550
-1155
-371
521
1275
-2022
1414
-382
-110
-133
188
344
-114
-64
1007
-1213
1121
-491
491
49
-281
1142
-2099
2334
-1524
446
-106
241
-791
192
355
-247
-142
380
-247
-111
454
-879
780
-67
-1775
3541
-3048
428
2454
-2549
1833
-1034
627
-1043
639
-32
592
-2170
3047
-1694
37
1047
-708
-1092
1201
223
-1339
1195
-109
-548
351
300
-1178
1652
-1771
1768
-1274
1080
-248
30
-736
1684
-1765
399
773
-1649
1931
-2138
1718
-549
-529
567
289
-890
379
320
-630
943
-1155
1087
-25
-510
530
-416
851
-572
714
-702
1077
-662
821
-478
-743
2494
-2613
1977
-214
-383
1110
-795
683
-323
-125
135
409
-529
402
17
-264
896
-1718
2238
-2074
611
681
-1041
938
-319
1107
-1708
1321
-1303
2202
-2846
1717
322
-2149
2603
-523
-674
797
6
-940
1616
-558
-16
1039
-1261
1770
-1201
-513
1977
-1997
134
2242
-2108
1490
-901
485
312
-2271
2792
-1451
-1445
3984
-2734
-147
2708
-3405
2540
-955
-1456
3129
-4020
2918
741
-2640
2244
-1187
698
-490
-456
371
428
-1405
1283
-331
49
-945
194
877
-1523
1110
-587
740
-331
-229
493
225
-1422
1296
-1206
1216
-1220
710
-360
240
398
-1785
1927
-1124
-21
-46
-271
596
-841
-87
685
-1237
774
-994
824
-347
-144
-240
1282
-2340
1725
-536
-1072
2447
-3242
3189
-2155
754
302
-817
908
-627
935
-1213
1139
-1089
904
-1499
2256
-1477
-433
1593
-1259
334
-391
1186
-1864
2000
-1522
1280
-558
-814
1350
-1712
840
-92
-549
520
-39
-745
957
-980
243
-343
-564
1021
-1054
-686
1684
-1704
67
639
-1290
1230
-900
289
-26
113
-894
1981
-2273
2039
-1004
-311
1602
-1854
559
499
-612
74
394
-662
1563
-2245
1654
-554
-298
1259
-1404
775
757
-1584
2055
-734
-1289
2350
-1883
553
713
-1998
2604
-1656
432
1467
-2250
706
1520
-2391
1656
101
-1106
1403
-156
-1018
1741
-1667
652
85
735
-1036
249
1055
-1372
747
-1088
2023
-3220
3445
-2485
2456
-2120
1321
175
-2244
2588
-1269
-1006
2237
-1927
262
1402
-1255
-704
1727
-1799
1674
-1246
563
1255
-3372
3469
-2030
190
-1218
2427
-2736
1230
45
-168
-349
-97
765
-1634
1005
-1042
831
-178
-961
1073
-368
-1565
1681
-1110
-1192
2058
-2276
1197
342
-1442
1221
-508
-1786
2236
-2148
306
968
-1498
1113
-1343
1598
-1563
215
-645
273
-1523
1445
-761
-929
1044
-1013
581
-1858
919
206
-2969
3766
-2330
-389
1186
-1523
676
-1874
1232
-856
31
442
-153
-169
-208
-11
-789
479
-482
-67
321
-11
-1057
265
711
-2541
1185
201
-1964
747
774
-1267
-295
941
-978
-564
1434
-2042
2019
-1919
1072
466
-2481
2912
-2647
913
376
-994
-306
1084
-1240
1374
-1035
132
548
-1263
1269
-999
-160
316
-14
119
-216
-359
1253
-2001
1735
-816
-459
1208
-1039
441
990
-1663
520
1317
-2015
1472
-1573
1235
-647
-1127
1932
-1323
175
-199
515
-1315
863
-1466
2288
-2296
1521
110
-1801
2546
-3253
2264
-1835
657
313
-1017
616
322
-1864
860
181
-2167
2692
-1713
819
846
-2826
3118
-3071
456
607
-1381
1083
30
-1342
661
222
-2034
2055
-848
-2137
3094
-2495
725
-284
-637
569
-1458
675
-70
-652
-1180
1925
-3169
2218
-1722
211
590
-2161
2025
-1737
314
451
-1156
226
42
-366
-167
711
-1628
511
-451
-224
138
-1001
1363
-1186
195
215
-463
-426
427
-637
806
-221
-1367
2532
-2032
-162
1829
-3048
2844
-1148
-726
2252
-2244
435
1173
-796
-282
406
615
-1349
1700
-1120
459
-445
-331
779
-1263
1896
-1623
1297
-1869
2183
-2201
1376
665
-1313
2592
-2454
2791
-2418
1377
-254
-401
1461
-1044
467
939
-1045
11
1805
-2647
2571
83
-1523
2173
-786
-161
715
-885
1248
-1726
328
1770
-2536
987
505
130
-856
1167
-776
165
293
628
-244
-793
1591
-1352
279
886
-2188
1889
-1504
2271
-2341
1467
-444
-264
47
71
492
-1292
2164
-1668
1014
-913
1137
-1535
1613
-1268
-149
627
85
-654
-430
561
-464
-332
-50
977
-2026
1833
-1540
829
-591
-443
999
-1187
67
-175
60
-662
367
-898
58
431
-1659
1138
-525
-127
-646
1781
-3816
3570
-1430
-1722
3044
-3816
2807
-1983
200
413
-788
-789
2575
-2880
1605
-1187
-386
720
-876
-352
407
-878
958
-2493
1742
-415
-3209
3933
-2743
576
-658
1007
-813
52
-870
1316
-1606
656
1553
-3328
2729
-1916
238
432
78
-1435
2683
-3123
2667
-564
-1843
3560
-3730
1936
503
-1772
1538
278
-1916
3054
-2169
363
1232
-979
-886
1925
-814
144
682
10
47
-445
-52
-40
652
-1963
1976
-70
-930
779
-443
-72
-208
225
176
-760
541
-758
1199
-1953
2217
-972
-479
730
-789
475
-545
922
-909
702
-163
-353
418
-46
-947
1257
-478
-301
1333
-2028
1506
-543
-1349
2562
-1617
132
2213
-2551
1181
-43
-753
-787
2120
-1312
114
913
-659
1135
-1782
540
1240
-2695
2420
-563
-762
105
1029
-2147
1471
-828
-664
1056
-515
-21
550
-434
-576
872
-788
221
526
-1199
1016
381
-2707
4472
-4566
2234
319
-1074
-144
654
214
-962
577
-806
1561
-3401
3106
-552
-1127
1638
58
-1691
1741
-2118
2610
-2593
1075
962
-522
-120
1025
-1386
534
-156
-670
2711
-3631
3919
-689
-1870
2221
-1145
172
805
-929
2053
-1601
1067
249
39
-671
1636
-2090
2460
-720
-1113
2761
-1861
916
-626
1840
-1278
998
245
600
-1600
1612
-641
642
-283
929
39
-121
1083
166
-992
434
1283
-1459
1494
594
-206
798
-1304
1415
-1058
948
-1217
1361
-67
-719
2256
-2302
2393
-1452
1357
420
-804
1212
215
-625
196
1195
-2601
3176
-2111
2076
-1332
-678
3782
-4356
2167
2064
-2990
1910
850
-1108
1266
-838
390
-56
-1350
1396
2
-1499
2232
-838
631
-641
1058
-6
-692
1088
-244
-554
914
-765
-25
649
-374
-1307
2975
-2874
316
2738
-4307
3518
-1539
522
152
78
-27
-141
-515
2107
-2613
1461
553
-830
559
-112
472
-1446
1412
122
-122
-850
2438
-2971
1688
10
-52
70
197
1120
-1729
1379
-242
265
-836
1337
-628
-170
531
2
-1791
3533
-4559
3500
-20
-1108
154
1776
-2040
570
1409
-1624
1455
-1353
1641
-1103
400
53
466
-1245
1418
-780
1055
-659
1099
-1897
2564
-1006
-866
2024
-706
-615
783
915
-2840
3544
-1808
388
94
-5
812
-1161
1550
-103
-734
-312
2475
-2287
302
1007
-1176
308
430
794
49
-963
1297
-190
-1327
690
-37
-219
-98
704
142
242
-1214
1101
439
-2617
2843
-1385
777
-1193
1739
-11
-2212
1955
482
-1742
1124
623
-663
524
-179
1607
-2006
206
2749
-3461
1513
1405
-2121
2165
-1010
-50
1676
-2642
2637
-505
-1002
2659
-1957
1336
1310
-2325
1852
878
-3552
3197
77
-1505
2364
-674
-507
884
-533
730
-773
606
1066
-1593
1192
844
-1841
1751
-959
272
350
-195
1310
-1078
134
1442
-1696
1217
-95
-1678
2353
-1498
353
140
-480
1077
-595
-549
1679
-683
608
-236
1528
-1024
-764
2021
-1025
-1482
2558
-1112
-341
989
-670
968
-1095
411
1534
-2977
2011
924
-2648
1823
539
-1574
1352
-166
-236
1264
-1120
1169
70
-1437
1539
188
-1501
1198
889
-1911
1641
978
-2197
1858
-247
44
489
-336
1499
-1268
927
-51
660
-588
267
598
-179
584
-776
1130
-7
139
-934
2454
-1117
-87
1696
-873
340
338
-165
-50
549
456
-309
1205
-772
-219
1313
-2271
284
1032
-1496
955
1812
-586
22
313
336
-5
-2362
1904
-234
-2745
2771
-1192
-876
1157
-377
189
595
-125
1622
-369
992
1128
-1037
1193
441
128
1081
212
812
289
24
72
461
427
-772
910
-46
525
-268
772
-881
667
-668
-277
790
-1109
1186
-344
214
648
-289
-625
753
-1145
186
567
-864
1543
-448
-671
976
-1420
400
-440
-934
1230
-1001
-107
1083
-1409
-233
278
-765
375
615
-323
220
-67
-140
-694
330
-136
-662
1805
-554
754
-272
200
-129
-210
147
-218
163
760
951
-1495
1543
-1122
-475
283
-948
260
1117
-149
253
690
-928
913
-1716
203
331
-55
1649
276
-861
1331
-918
-369
992
-1103
1194
510
888
-1
121
-29
336
-937
643
114
880
583
15
452
-334
-9
292
-228
-160
124
180
404
-122
-440
160
-492
-257
-353
23
259
-505
834
-553
-893
326
-433
-547
160
-212
-213
104
291
-706
-143
-959
210
-79
319
432
82
-378
71
-139
-247
-395
-471
1156
-264
170
759
-127
-6
221
433
473
576
871
-68
1067
771
-127
634
574
138
728
1115
139
856
881
45
697
-160
208
1150
461
720
860
347
1061
84
244
415
35
522
1378
-5
792
-114
320
-117
-65
121
23
203
-105
314
-425
-177
-761
-228
-583
-573
-435
-326
-595
-806
-453
-1017
-1359
-1423
-1155
-1441
-961
-653
-1781
-1534
-946
-1663
-2067
-1229
-1609
-1179
-1132
-1059
-1003
-1430
-1373
-1085
-950
-740
-687
-615
184
-477
-148
354
-193
361
880
1245
954
1269
2370
1215
2046
2926
2177
2730
3528
3412
3133
3858
4128
3532
3727
4752
4316
4233
4343
3827
3318
2486
2183
1079
1859
2248
1146
751
365
-661
-1140
-2222
-2766
-2755
-2970
-3020
-3176
-3357
-4214
-4962
-4768
-5280
-5257
-4677
-4219
-3983
-4109
-3542
-3494
-3833
-3166
-3030
-2503
-1565
-1270
-1564
-662
-1174
-1514
-1707
-702
-891
-68
256
-117
230
-1141
-963
-1649
-712
36
-200
546
1126
247
729
1029
1050
2174
2644
3827
4984
5671
5479
6493
6807
7971
10202
8850
8228
7269
5254
5378
3544
4095
5881
5624
5686
3807
1371
153
-2333
-2932
-3362
-2324
-1448
-2660
-2778
-4140
-7407
-8061
-9155
-8265
-6523
-6478
-4780
-4652
-6014
-5907
-6330
-5142
-4350
-3473
-1104
233
207
129
258
-237
151
527
1972
3014
1648
1478
-127
-1091
-1427
-2215
-972
5
-621
-1073
-2066
-2814
-3062
-4853
-3608
-3298
-2411
-1916
-2647
-1839
-2679
-3693
-2355
-1438
567
1824
2186
3610
3529
4067
4656
5283
6333
7132
8660
9312
10751
12120
11396
10399
8293
5737
5239
4107
5685
6495
7237
6596
3066
638
-2025
-4252
-4305
-4392
-3062
-2281
-3683
-4730
-7706
-10132
-10773
-10606
-8255
-6352
-5698
-5076
-6167
-7092
-6960
-6053
-3570
-1390
-416
1639
2105
1402
637
465
1040
1798
3209
4241
4656
3083
1371
-1852
-1638
-1292
-773
-217
-393
-1558
-3234
-3752
-4496
-4952
-5085
-4331
-4057
-3682
-3504
-4393
-4518
-3945
-3062
-1652
-128
1661
1992
2123
2669
3937
5176
6566
8479
9120
10367
10481
10903
12179
11771
11944
13338
11306
9962
7400
4198
5258
5207
5540
5416
2662
1341
-2207
-5644
-5758
-7127
-6629
-5675
-6784
-6497
-8689
-11478
-11787
-12367
-10555
-8198
-7511
-5652
-5923
-6980
-5862
-5225
-3119
-550
85
2213
2722
2233
2843
2706
3208
2972
3162
4687
4994
2879
483
-2269
-1853
-1302
-559
-158
-2160
-3317
-5187
-6560
-6811
-6506
-5673
-5137
-4735
-3826
-4973
-5440
-5403
-5028
-2660
-324
1624
2820
2670
2978
3509
4582
7257
9071
10371
11892
11640
12050
12021
13197
13747
14406
14354
11442
10269
5732
5066
5551
5739
6261
3724
969
-748
-5053
-7030
-7804
-8854
-6408
-7225
-7775
-8529
-12323
-13426
-14030
-12535
-8889
-7814
-6692
-6471
-7835
-7154
-5803
-3663
-804
486
1589
2624
2280
2874
3009
3015
3886
3996
5045
5061
3764
-12
-2399
-3936
-2750
452
1253
324
-2992
-7115
-8619
-8991
-7358
-4734
-4341
-3062
-3570
-5183
-5135
-6596
-5752
-2522
192
4450
4907
4137
2623
1664
4298
7922
11223
13603
12414
11483
10867
11146
13451
14358
15423
15485
16118
13536
11180
6426
1533
2495
3491
6580
6301
1830
-2170
-7311
-11495
-10568
-11170
-7783
-6503
-9466
-10088
-13722
-15860
-15344
-15448
-11439
-8172
-6896
-5518
-8066
-9447
-8803
-7204
-1866
2391
3728
4435
2269
440
1461
2444
5118
6850
6648
6348
3709
741
-276
-972
372
107
-1426
-197
-2100
-3831
-5431
-8885
-7885
-6181
-3454
-1993
-3869
-4743
-6515
-6430
-2484
-197
1672
2406
2144
2770
3159
4204
6007
6002
8140
10059
10763
11835
10661
10525
10270
11658
13504
13795
13822
13120
11797
8918
7591
1978
74
1673
2402
4594
507
-3697
-5912
-9558
-10756
-10868
-11611
-8136
-9044
-10709
-11212
-14720
-15091
-14605
-13328
-7952
-6780
-6386
-6844
-9673
-8289
-5539
-2125
2741
3790
3706
3649
1530
2218
4513
5797
7536
7325
7198
6605
3605
254
-1294
-565
349
2643
2608
1702
-2058
-7741
-8577
-8046
-4336
-85
-1276
-1737
-4309
-6372
-5011
-4212
-1289
1221
1967
4318
3405
1900
2220
1536
4653
7204
9496
10512
7911
6029
5130
6175
9918
11674
12432
11246
7868
6376
7645
8070
8022
4038
-3037
-1916
-765
2201
1732
-3780
-5246
-7563
-9516
-7965
-9745
-9311
-8345
-10827
-8482
-8585
-10418
-10355
-12654
-10312
-6260
-5013
-2759
-4487
-6742
-5084
-2620
1581
4582
4222
4116
2412
1224
4641
6552
7804
7782
5586
5720
4970
3466
3644
2264
-789
-1468
-1342
1666
2281
-3090
-6427
-7897
-5552
-1571
-3173
-4483
-6523
-7005
-4081
-3209
-2121
-1398
-3415
-2429
-1243
274
2672
1186
496
731
2233
5647
5035
3994
3357
2427
3940
5535
7848
8458
6774
6075
6204
7981
8473
10041
7443
5355
2921
-1947
1378
3759
5898
4550
-879
-2603
-3115
-5802
-4991
-7095
-6378
-2845
-4752
-4834
-7558
-11999
-11217
-11210
-6946
-2316
-3501
-5252
-8934
-10274
-6431
-2084
1459
3344
1184
-259
-759
-681
3147
5502
6394
6278
5134
4812
4014
2346
2900
2248
1812
2452
922
2279
568
-1495
-3185
-3386
-881
-384
-1856
-3479
-5174
-3704
-1979
-744
-854
-2456
-2928
-2745
-1810
558
647
323
-474
-723
1058
1571
1635
912
15
989
1694
3104
4097
4240
3868
3145
4178
4473
6290
7505
8678
7716
5005
2250
-1053
1800
4142
6522
5617
2283
-148
-2227
-4738
-4762
-5027
-2984
-1053
-2765
-4229
-7641
-10690
-10226
-9327
-5561
-3341
-4411
-6111
-8671
-8990
-6110
-2631
549
1658
483
-40
-455
365
3411
5674
6443
6410
5085
4871
4974
4103
3059
2131
3025
3754
5493
1568
-1257
-2987
-3157
1327
901
-368
-2851
-6110
-4936
-4874
-3653
-1159
-3797
-4481
-4956
-6063
-3027
-3289
-2760
-2301
-3125
-502
-1487
-1768
-888
-1845
559
1933
2797
4286
2834
3161
4080
5380
8184
8006
7912
9184
9939
8448
7456
3730
4046
6620
6914
8302
4999
2592
1099
-2066
-2471
-1891
-2546
-1105
-3050
-5687
-6626
-9768
-9689
-8817
-8334
-5604
-6839
-8331
-9002
-10083
-7887
-4896
-2443
166
-170
-1579
-1503
-1329
1445
4864
6531
7083
5575
3062
2669
3315
5428
6798
6010
4978
677
-904
-1115
202
2371
2702
1290
-1791
-4638
-5446
-6286
-5281
-3303
-2760
-2513
-4582
-7232
-7844
-7600
-4652
-2535
-2051
-2057
-4127
-4688
-3854
-1899
958
1766
2044
1546
878
2057
3730
6025
7947
8831
7388
7543
7917
10075
11117
9518
9737
6928
5384
5985
5813
7849
6970
4754
3139
68
-1819
-2155
-3218
-1554
-1646
-3597
-5264
-8939
-10028
-9129
-7910
-5928
-6310
-7600
-8312
-9889
-9194
-5916
-3061
-1235
-1589
-2791
-2078
-1712
-785
2352
4311
5169
4152
2035
2358
2321
3090
4439
4560
4509
2857
442
-126
44
995
2150
1602
-156
-2404
-4453
-5023
-4347
-2885
-1978
-2948
-4530
-5972
-6311
-5602
-4090
-2723
-1995
-2315
-3041
-3210
-2862
-1103
405
1475
2181
2192
2297
2129
3430
5560
7057
7856
7743
6978
7367
8342
9683
10219
8970
9229
6921
5301
5086
5603
7821
6648
3804
1625
-340
-865
-952
-2536
-1498
-2007
-4095
-5361
-8022
-8271
-7293
-7186
-6487
-7314
-8431
-8336
-8962
-8338
-5761
-4035
-3109
-3916
-5075
-3642
-2996
-1292
1069
2003
2263
601
-207
770
2172
3258
4360
3881
3347
1043
8
1456
2623
3888
2771
312
-587
-1068
-657
-469
-1027
-418
-1018
-2346
-3134
-3804
-2805
-1709
-1752
-1261
-1718
-1812
-2301
-2243
-697
401
1478
1339
443
549
1121
1901
3510
4284
4695
4557
3899
4710
5356
6611
7138
7225
6757
5880
4772
4206
4593
5129
5981
5492
4123
2642
1308
647
590
609
139
-587
-2472
-3910
-4480
-4909
-4662
-5294
-5721
-6108
-6928
-7326
-7676
-7273
-6249
-5728
-5401
-5573
-5577
-5116
-4094
-3141
-1770
-1208
-1119
-1090
-1351
-169
628
1768
2297
2137
1897
1205
1391
2377
3034
3363
2817
2227
1991
1506
1303
1436
1592
1455
601
-194
-642
-937
-552
-429
-224
-215
-645
-865
-1004
-468
-61
288
464
529
700
1271
1336
1316
1598
1798
2198
2412
2949
3170
3870
3739
3814
3680
4288
3954
3615
3458
3964
4085
3877
3798
2856
2560
2047
1008
82
256
11
-271
-1652
-2169
-2713
-3944
-4001
-4186
-4237
-4379
-4826
-5398
-5765
-5890
-5043
-4596
-4334
-3985
-4113
-4142
-4088
-3687
-2613
-1821
-1512
-1182
-1171
-628
-302
192
642
725
824
924
1163
1571
1679
1834
1622
1285
1177
1058
987
870
864
1011
975
832
545
450
778
1098
1088
1295
1614
1327
1572
1897
1966
2372
2397
2374
2266
2544
2727
2617
2739
3130
2946
2882
2797
2100
1869
1984
2103
1480
1172
1264
835
226
36
49
-29
-275
-486
-1139
-1573
-1670
-2082
-2071
-2012
-2077
-2429
-2754
-2946
-3139
-3209
-2972
-2650
-2623
-2505
-2532
-2570
-2483
-2052
-1554
-1153
-1050
-838
-690
-605
-418
87
723
1101
1016
634
470
217
276
75
291
411
393
86
-1
-51
-396
-405
-523
-306
-312
-44
32
256
-200
-222
234
806
1218
1267
1407
1696
1917
1502
1196
943
1411
1537
1921
1905
1603
1108
773
160
-255
-143
-75
156
-48
-52
-25
-455
-1018
-1223
-1030
-990
-978
-720
-258
-357
-495
-121
-232
-323
-150
389
592
973
814
873
1126
1338
1521
1321
1443
1803
1784
1601
1282
976
950
880
864
818
566
6
-324
-546
-432
-302
-472
-829
-1192
-1533
-1793
-2008
-2086
-2137
-2162
-2224
-2179
-2146
-2261
-2284
-2012
-1822
-1275
-871
-600
-434
-327
-5
275
1274
1522
1107
657
69
55
764
1847
2277
2134
2379
2579
1893
762
340
-233
-904
-806
79
582
480
216
-812
-2105
-3202
-2617
-2252
-2437
-2338
-2105
-1833
-1509
-1046
-1283
-1953
-2180
-1383
-311
518
888
801
590
1013
1628
1905
1961
1909
2003
2356
2824
3067
3137
2909
2810
2707
2569
2548
2399
2336
2123
1992
1520
1415
1223
1013
459
-129
-183
-106
-95
-408
-890
-1279
-1619
-1439
-1263
-1081
-703
-579
-331
-270
-95
105
196
272
501
733
1024
1191
1120
833
488
332
312
350
529
187
-369
-867
-1423
-1727
-1781
-1566
-1550
-1805
-2185
-2509
-2677
-2742
-2738
-2634
-2509
-2443
-2354
-2094
-1995
-1776
-1539
-1157
-589
-23
535
593
704
688
989
1428
1760
2094
2038
1765
1543
1338
1537
1589
1384
1209
860
642
433
121
-53
-16
-264
-380
-486
-673
-788
-1023
-1141
-1081
-896
-759
-804
-752
-772
-655
-304
-325
72
753
1143
1335
1719
2011
2259
2493
2798
2895
2742
3222
3581
3486
3288
3004
2744
2595
2561
2644
2370
1877
1062
472
70
-134
-139
-334
-825
-1340
-1781
-2010
-1962
-2025
-1864
-2022
-2260
-2346
-2274
-2007
-1663
-1363
-1222
-1013
-854
-675
-502
-119
149
373
642
830
806
656
683
677
652
643
408
122
-317
-762
-1038
-1083
-1141
-1423
-1760
-2128
-2424
-2530
-2580
-2664
-2579
-2581
-2495
-2447
-2321
-2087
-1990
-1824
-1571
-1110
-525
-44
426
597
833
1116
1594
2204
2620
2851
2819
2832
2988
3164
3228
3224
3048
2832
2707
2552
2325
2063
1667
1171
786
507
376
137
-337
-938
-1307
-1499
-1528
-1425
-1350
-1381
-1558
-1709
-1585
-1246
-853
-412
-197
82
327
566
776
969
1323
1757
1993
2189
2177
2143
2072
1904
1871
1923
1858
1563
983
428
-122
-564
-797
-1103
-1535
-2053
-2755
-3194
-3451
-3718
-3863
-4253
-4521
-4568
-4571
-4374
-4160
-3844
-3655
-3464
-3106
-2686
-2209
-1715
-1261
-843
-236
362
864
1285
1586
1978
2313
2677
3100
3373
3512
3481
3522
3490
3350
3183
2925
2654
2615
2412
2283
2031
1566
1081
653
491
433
323
127
-169
-402
-509
-660
-653
-520
-324
-107
78
94
219
333
562
862
1172
1394
1579
1677
1651
1727
1824
1984
1983
1882
1826
1651
1373
1086
761
627
446
-64
-577
-1219
-1682
-2013
-2391
-2655
-2976
-3519
-4047
-4376
-4488
-4542
-4581
-4487
-4595
-4696
-4715
-4638
-4272
-3706
-3228
-2773
-2516
-2330
-1960
-1539
-936
-344
186
539
781
1122
1547
2099
2549
2840
2959
3068
3158
3246
3443
3594
3582
3323
3066
2868
2868
2826
2613
2391
2092
1836
1611
1410
1242
974
729
450
242
152
123
32
-18
73
25
66
72
46
188
341
517
639
709
693
523
472
585
711
790
829
835
780
590
389
185
89
-12
-186
-494
-864
-1181
-1478
-1701
-1852
-2006
-2201
-2545
-2820
-3051
-3195
-3264
-3259
-3279
-3239
-3231
-3173
-3100
-2854
-2477
-2186
-1944
-1700
-1325
-1078
-752
-351
-59
314
646
981
1422
1777
2081
2307
2542
2747
2872
2984
3081
3026
3001
2844
2640
2528
2444
2284
2017
1714
1317
993
776
588
361
103
-134
-386
-624
-833
-959
-1069
-1073
-1079
-1007
-935
-897
-916
-938
-793
-631
-496
-332
-145
-40
143
269
457
612
793
979
1105
1223
1128
994
929
856
1051
995
764
438
-5
-279
-414
-536
-599
-935
-1337
-1762
-2143
-2162
-2231
-2295
-2428
-2610
-2714
-2737
-2764
-2681
-2586
-2369
-2085
-1846
-1607
-1411
-1297
-1032
-708
-299
84
364
768
1147
1434
1746
1967
2136
2384
2467
2687
2778
2679
2560
2349
2243
2203
2069
1860
1600
1238
919
674
553
389
181
-50
-314
-584
-706
-848
-946
-961
-970
-937
-986
-1017
-962
-1028
-1081
-990
-892
-633
-498
-495
-421
-383
-241
-12
186
336
411
383
365
321
417
495
489
472
356
194
125
16
-72
-133
-225
-388
-476
-549
-588
-693
-858
-953
-1125
-1187
-1171
-1126
-1024
-998
-991
-959
-944
-880
-802
-702
-492
-353
-262
-124
-59
77
313
520
680
746
766
770
777
779
821
828
747
682
609
549
451
338
286
215
150
144
147
145
172
135
129
95
106
201
299
319
308
279
265
305
344
353
270
101
86
154
260
315
202
130
52
51
121
80
131
108
16
34
43
40
-37
-134
-162
-142
-109
-139
-167
-230
-216
-268
-254
-244
-311
-378
-520
-502
-446
-450
-486
-601
-765
-762
-756
-647
-552
-649
-711
-855
-778
-618
-426
-308
-320
-385
-326
-168
-57
74
84
84
198
336
440
486
430
358
373
457
597
603
525
444
492
646
698
706
606
486
457
550
736
854
722
460
265
201
225
290
195
87
-61
-250
-344
-350
-348
-407
-448
-442
-388
-329
-298
-281
-224
-81
53
250
399
445
407
457
584
811
1011
1089
1076
1025
1031
1081
1094
1018
940
771
594
481
391
202
-35
-268
-412
-487
-622
-763
-940
-1075
-1140
-1184
-1262
-1234
-1311
-1360
-1275
-1256
-1178
-1171
-1216
-1171
-1132
-990
-852
-714
-562
-560
-482
-468
-383
-318
-229
-105
-44
-22
-40
-11
-21
-32
-34
-47
-57
-13
-25
20
32
-38
-115
-189
-189
-185
-176
-169
-226
-341
-459
-445
-253
-44
86
164
146
198
314
483
757
930
1056
1039
1110
1211
1375
1547
1583
1630
1609
1601
1593
1591
1470
1374
1267
1139
1053
889
704
532
338
92
-148
-321
-448
-548
-672
-871
-1000
-1110
-1132
-1094
-1054
-1024
-1075
-1093
-991
-955
-820
-727
-724
-688
-620
-580
-481
-367
-289
-240
-239
-248
-243
-209
-206
-186
-293
-428
-523
-590
-617
-689
-740
-841
-937
-977
-1034
-1021
-1019
-1045
-1039
-1017
-1049
-1078
-1084
-1011
-874
-722
-664
-576
-516
-407
-227
-46
191
371
548
715
844
948
1062
1117
1190
1325
1441
1549
1547
1467
1302
1203
1130
1137
1171
1122
980
700
453
310
245
254
228
119
9
-132
-202
-262
-277
-292
-283
-231
-168
-102
-16
-18
-45
29
159
277
378
451
457
419
402
379
397
386
362
316
275
247
161
128
-32
-154
-305
-412
-498
-629
-753
-884
-950
-1041
-1081
-1110
-1185
-1241
-1258
-1207
-1102
-1039
-988
-956
-905
-796
-639
-493
-381
-313
-256
-110
63
244
357
433
520
643
794
918
985
895
842
829
841
923
939
860
677
433
234
151
113
47
20
-69
-192
-324
-455
-429
-361
-321
-331
-401
-438
-525
-526
-419
-288
-218
-177
-158
-99
31
124
238
331
390
420
458
510
555
561
539
516
520
513
522
500
480
404
334
218
114
74
-74
-164
-213
-281
-366
-442
-545
-646
-722
-779
-735
-692
-670
-635
-614
-606
-566
-469
-364
-243
-196
-114
-25
79
207
323
420
461
512
623
749
836
856
829
800
763
739
725
695
579
445
285
155
103
4
-107
-229
-362
-496
-612
-675
-699
-713
-765
-839
-924
-983
-1016
-991
-928
-844
-733
-707
-674
-603
-470
-313
-113
41
167
264
287
378
502
613
727
827
924
975
919
871
848
858
905
942
941
885
738
539
391
263
187
118
75
14
-116
-263
-395
-496
-507
-470
-470
-486
-564
-669
-700
-651
-598
-519
-494
-489
-452
-427
-396
-332
-287
-285
-297
-245
-199
-182
-190
-261
-308
-333
-397
-420
-471
-505
-581
-667
-733
-801
-855
-931
-927
-894
-868
-850
-861
-880
-893
-821
-729
-602
-483
-391
-313
-263
-136
24
168
321
445
592
718
832
922
1061
1163
1224
1282
1281
1325
1380
1390
1423
1420
1328
1243
1133
1086
1064
1015
949
798
630
462
323
265
203
112
-15
-159
-260
-345
-428
-460
-499
-533
-547
-571
-611
-619
-609
-595
-546
-546
-557
-509
-503
-497
-470
-478
-506
-547
-566
-579
-527
-484
-475
-468
-544
-592
-632
-619
-616
-594
-586
-599
-657
-680
-693
-684
-621
-588
-568
-487
-411
-325
-190
-108
-35
102
209
325
443
531
628
700
854
1017
1159
1201
1240
1276
1337
1429
1529
1596
1544
1452
1405
1388
1398
1397
1305
1209
1080
947
878
810
728
567
413
271
174
90
-18
-128
-228
-310
-376
-440
-489
-581
-665
-720
-795
-826
-906
-953
-972
-992
-1022
-1045
-1053
-1119
-1125
-1154
-1153
-1115
-1136
-1181
-1191
-1216
-1191
-1131
-1087
-1004
-1021
-981
-943
-904
-771
-652
-561
-506
-454
-394
-306
-175
0
116
230
328
445
583
669
750
862
950
1055
1144
1213
1254
1258
1279
1291
1332
1354
1315
1251
1173
1135
1111
1057
985
892
812
732
657
578
534
458
360
266
152
103
81
55
45
13
-50
-134
-220
-304
-311
-305
-284
-321
-386
-441
-572
-617
-656
-702
-730
-805
-917
-971
-1011
-1048
-1085
-1126
-1167
-1181
-1239
-1244
-1257
-1282
-1279
-1270
-1189
-1101
-1020
-971
-889
-781
-642
-559
-486
-374
-240
-81
79
225
365
451
500
552
648
780
943
1049
1103
1160
1153
1169
1210
1186
1219
1127
1047
927
866
650
542
190
254
-125
-286
-128
-366
734
354
1052
919
1045
820
491
395
178
-70
276
183
-502
-194
-328
-114
-467
943
-117
1063
-1862
-2299
-3264
-3019
-1606
213
345
607
-647
-2390
-2720
-4466
-2077
-1669
688
1242
572
-221
-2281
-2405
-2079
-1619
937
331
700
-10
-1656
-1824
-1227
-917
470
1357
-207
-684
-1329
-1681
-1570
11
87
1339
2177
1731
2333
800
-671
-963
-257
545
2243
2386
3276
1912
356
551
168
320
1510
3626
1937
3530
2033
-470
1472
-1216
609
3412
582
3346
983
-582
372
-1146
558
1786
392
2365
67
-1230
92
-1446
80
389
766
1019
-207
646
-897
-742
44
7
765
422
718
912
-383
-1958
-2107
-2539
-1748
-631
-480
177
-127
-145
-325
-1719
-1910
-1500
-644
511
925
302
332
-1510
-1667
-1428
-1252
283
192
425
74
-1077
-1157
-1758
-1266
-231
-182
257
106
-726
-1141
-1366
-796
-238
37
1182
470
477
620
-223
933
1077
1226
1720
1627
1325
1157
1178
1203
1717
592
1440
293
536
34
-704
-659
-1371
-297
-181
275
-359
722
127
-87
22
-194
345
1752
348
-224
-545
-2613
-223
-1272
152
1197
1229
1872
706
-348
-1663
-1951
-521
610
2206
2854
1630
1143
-146
-1508
-460
-463
849
1391
1471
1993
70
-6
-43
75
957
474
806
563
-789
-448
-305
-384
-372
185
-96
-774
-1513
-1579
-1780
-1150
-78
144
-384
-1225
-525
-2032
-939
-560
-1021
431
52
-249
-418
-1855
-351
96
-1563
1795
510
257
1172
-887
-954
-1240
-2184
-436
62
318
2127
898
453
-1258
-1734
-1267
-490
163
1772
2269
1228
226
21
-2211
-1346
557
735
2745
1871
1241
-121
-600
-338
-759
-187
1663
725
827
1226
601
-929
746
611
-161
857
462
457
1197
272
806
709
-158
699
-561
116
424
-997
1436
492
-438
1157
-1280
-1574
-989
863
652
875
899
-1214
-1439
-2136
-1824
-60
799
632
1538
79
-3091
-2819
-987
-2894
226
1834
1261
-176
-559
-2757
-3024
-989
-1073
2588
1283
281
815
-807
-2973
-2455
1850
476
1510
3573
-10
-1085
-285
505
-1663
625
1584
2624
-252
2013
-1248
-1906
46
-2299
2617
1308
-1736
4835
-2411
-1503
1759
-2213
2557
-1566
1777
4557
-4618
1979
2388
-5954
3207
937
1545
2164
-529
3313
-2969
-787
4317
-3792
3412
3904
-2241
4162
-1487
-872
322
-1422
2158
8
1335
1330
-2301
-727
2054
-6627
3235
-116
-774
2074
-1354
-2290
173
-2939
-2025
1895
-4156
2724
-2096
260
-881
-4708
-77
2267
-5366
2060
1909
-268
-948
-250
2348
-2512
91
1631
2882
-2087
1154
1700
-354
-571
2322
-788
65
2760
-1211
3978
-4343
1782
1394
-1694
414
-12
1647
-1108
-1034
854
-479
-928
953
-402
486
-835
931
112
-1246
13
354
898
970
-1400
1748
849
-1301
982
501
-520
1333
1123
888
2779
-3664
3999
22
-2378
3474
236
433
103
2014
-420
-548
900
128
-231
-347
2791
-2011
-1067
561
-1058
-1571
2168
-1677
-2847
2439
-1675
-198
-3183
459
1042
-4170
1410
1768
-5714
2916
622
-4042
3247
-683
-1764
2492
-2981
1460
-524
-429
1499
-695
-1721
3150
-2089
-324
1913
-2951
2233
-818
-275
-128
344
-2683
269
72
-595
-1873
-281
2185
-2946
227
4342
-4494
-1440
2660
-631
-1766
1698
1627
-284
-1198
5096
-3320
-2189
5254
-967
638
1849
-110
1294
-398
-493
2081
-2745
1250
1317
197
2493
-1435
1272
700
-2098
2603
-508
-313
1679
-1260
2209
1951
-3927
1813
-427
-1900
1711
-1594
2913
222
-1748
1212
-1495
-68
241
-712
-1025
2046
447
-1864
2389
-846
-168
-185
-757
-153
730
-1097
-105
2192
-2853
995
1598
-3258
-1539
1187
-1510
779
448
-2279
3116
-5105
647
-284
-1331
-648
-1041
1473
-87
-746
-2403
2628
-2623
-1215
1962
877
-2219
2434
203
-2321
145
-991
2763
-3430
555
2921
-3293
3045
161
-835
-827
1216
-777
1641
-799
152
111
519
-629
67
1834
-1832
1323
-610
1000
435
-1114
3414
-1594
-2017
5053
-2681
1947
952
-867
1875
-1214
3062
109
-732
2865
-1106
-123
1523
-1107
-115
2896
-481
-2610
2133
1624
-3471
173
2765
-3524
1529
-328
2548
-6003
2238
-297
-3705
2544
-1684
150
523
-2032
-2062
1647
-2148
-545
733
159
-3547
4064
-3203
-1299
-272
-1822
3571
-2091
-1025
4862
-4591
-1609
5181
-7368
3644
-285
-1870
4865
-2563
-2642
3595
-4316
-738
2887
-3106
3819
40
-1684
5678
-4816
-3974
6444
-3827
1356
2719
697
2216
-994
-1137
3300
-3778
1235
2402
445
2980
-817
3558
-2968
1466
-478
1613
777
-1105
3886
910
-2164
2975
1757
-6641
6913
-213
-3774
4088
-373
-1575
1195
-1055
121
-528
-3575
4302
-3910
-122
1575
-3099
164
-278
-2529
105
-9
-1992
968
-1350
321
-1026
567
-2045
-2538
2183
-568
-2616
2979
246
-1227
-100
678
-1264
-1484
523
341
331
-1343
3042
-1930
-1246
1622
-2357
-624
2892
-2790
554
2660
-1537
847
-1088
2366
-2002
-1808
3468
-1145
-2137
4265
-3362
2534
-508
-1560
4872
-3372
958
3529
-3224
2447
1410
-1912
2991
-1345
683
549
160
1945
-1666
1918
928
-1667
1967
-1525
933
-143
-172
1986
-2164
1805
1525
-5385
4815
-2181
-3255
5034
-3948
1829
-1351
1434
-340
-3999
3986
-2021
-3289
3971
-2693
422
404
-375
-424
-1789
-13
-231
-3129
1300
-874
-257
990
-2531
749
-858
-2864
1380
179
-1500
1075
-1019
-281
-743
-556
-586
65
-1743
2294
-515
-701
1477
-1052
783
-334
1200
-1730
3186
-63
-465
730
2041
-1795
1297
390
1292
617
-1159
3169
79
-982
2745
420
194
210
775
1273
-1012
1278
249
-638
1384
1364
-1770
741
1842
-3218
784
2856
-3016
1204
-452
804
293
-3209
3040
508
-4136
2639
362
-3439
1523
-20
-2654
2323
-3051
3390
-4052
1486
2198
-5971
2656
1868
-2531
-684
4405
-5523
3074
-2892
1707
-758
-4811
6930
-5885
156
1576
-2630
244
1592
-4998
5152
-3477
-1378
3952
-4509
1421
-1607
972
-152
-1709
350
1934
-2909
776
645
-88
-1420
1097
276
-2626
2949
-995
125
247
648
-798
740
-1266
1615
696
-966
2955
-208
-1272
2127
61
-1297
1185
607
1188
1155
-1083
2382
-2634
601
1120
-632
1803
-902
2101
-81
219
-555
615
-1921
3406
-1249
667
394
1145
-1447
1041
-589
999
654
-720
2353
-883
-211
490
1639
-3342
2444
-301
976
-243
-681
2319
-3223
636
155
-167
658
319
-1404
3984
-4050
221
3506
-5866
4346
-3038
995
243
-2155
3332
-2182
-1915
1079
-1146
-72
-989
-619
1249
-1472
-204
1523
-2854
351
-1204
-1443
2384
-3136
1939
-436
-682
552
-1166
-1130
581
54
-1901
2631
-1612
-28
158
-859
329
-1795
412
1757
-3271
3071
-1545
14
-319
1100
-2499
1108
2243
-4302
4706
-3018
1890
-412
250
-155
49
-302
-501
1515
-1735
3796
-3745
2274
3072
-6057
7221
-2145
-782
3783
-1096
604
1593
-392
-1024
4469
-3822
3975
-574
436
539
-469
2679
-3321
2935
-2024
2569
-1670
628
958
-1261
541
-991
842
-2278
3688
-4171
1756
34
-1498
518
-2139
571
-2834
414
240
-1847
-1553
1985
-4154
748
522
-3383
1367
-2604
1669
-3069
884
-67
-642
-2255
2473
-1502
-1042
1694
-986
89
-1729
1675
-1180
-31
85
2055
-3738
1468
2011
-3732
2375
-693
662
746
-383
1879
-613
-791
941
878
-1371
3097
-949
1786
908
584
242
887
1862
-1156
2807
-914
1572
1359
-909
2077
-123
-785
2166
-531
612
789
293
1205
-411
-1051
2079
-559
-492
660
564
-2532
2208
-975
-1637
226
-1176
309
-1200
641
-360
-1600
-1773
1412
-4328
1742
-422
-1542
1530
-2585
604
-541
-2620
354
-1367
259
-87
-894
1563
-2738
1097
-1167
-138
-281
-862
890
-1402
286
-94
1225
-2584
3548
-3020
1741
-545
-779
1007
-862
1809
-1725
1356
-61
-110
-657
1379
-2698
3305
-2777
3420
-528
-1584
2577
-970
289
723
95
425
1485
-1818
3896
-2625
1712
1248
-1728
2931
620
-442
1524
233
619
-250
2080
-1211
1592
156
-179
3109
-3359
2913
-91
-2975
2774
-725
-1966
3895
-3025
976
887
-2822
1916
-3272
-19
973
-2247
1747
-683
-1304
1876
-3783
519
291
-1683
-1090
2306
-2410
-534
1575
-2849
1249
-1615
-162
973
-2059
630
1435
-2429
85
1888
-2107
544
-802
646
-743
526
428
-1749
2027
-1035
-224
1228
-1744
994
411
-282
1367
-1663
1971
-181
-1732
2969
-2807
891
1895
344
-915
3127
-1944
1451
221
-537
1249
-863
2174
289
10
1117
1261
-2500
4293
-1729
185
1955
-1308
2777
-209
-1274
4380
-5407
3432
-247
-1724
3309
-3443
2110
285
-811
511
339
-4053
3565
-3842
1350
2062
-4376
4521
-5096
2644
-1473
-1645
-162
88
-129
8
597
-2518
251
-249
-2320
1696
-1994
-279
2219
-3800
2986
-2986
-1336
1884
-2667
-965
4288
-5110
1677
1211
-3034
970
-731
-796
-571
551
-1488
2673
-1795
242
-363
-749
367
-403
-1627
3226
-1741
-1288
4982
-3634
-985
2365
-741
-807
1912
-346
184
469
-390
1422
-2996
3799
-1035
358
463
1775
-766
320
1998
-1653
2540
-971
3235
-2320
3846
-2219
2205
536
364
95
1537
-940
392
1691
-1923
1612
351
-374
475
-1339
480
525
-2407
2364
-2514
972
70
-1622
-274
1893
-4762
3700
-1137
-2053
2046
-830
-458
-282
-238
-92
-713
745
-721
-745
582
-525
-579
-481
1018
-1545
-372
636
498
-3166
2096
-1317
-449
293
67
-331
-1449
714
728
-1656
-222
1014
-226
-2097
2473
-1817
-739
1462
-1644
-82
1438
-1646
-159
2560
-2339
1619
219
123
-862
2405
-1694
1776
267
977
-100
679
918
-779
64
1851
-265
-244
1782
80
-116
-210
1239
-662
284
1116
-80
456
-75
310
497
-440
-685
1644
-1287
860
413
-822
805
-1930
1227
-860
48
85
1448
-1065
771
-129
46
40
-520
1040
-61
-1144
2480
-1706
-265
923
-387
46
-185
1071
-1154
259
953
-58
-2561
2522
-1834
1099
200
-1992
2458
-1345
-213
715
-543
-1001
795
792
-563
104
1664
35
-1672
1419
606
-1385
1011
1932
-482
-176
2385
212
-2798
2885
-312
-1602
3907
-2853
1847
-1187
1140
349
-809
92
2087
-2587
2986
632
-2506
2889
-2254
936
82
74
-1390
2098
-1450
592
424
344
-1813
1063
-302
-946
613
211
38
-753
449
-907
602
-1983
566
-508
-124
13
187
69
-1246
-265
149
-368
-1556
2382
-1058
-1082
2036
-1488
323
-85
-632
420
-372
124
1655
-2009
443
2258
-3609
1088
2060
-3878
2505
819
-1362
686
875
-528
-26
277
1517
-1916
1105
1721
-1198
1555
-845
1279
-1614
1696
-2204
934
524
426
-184
268
-735
-10
-89
343
-2282
1575
509
-978
1635
-209
-1797
1576
-1893
121
2835
-4014
4490
-1986
-205
527
-672
-262
-437
-723
2430
-1425
-940
3139
-2661
-538
1313
-2223
1057
-85
-128
1262
-1038
960
200
-1256
1516
-1298
677
336
870
77
242
1623
-833
-704
1620
-798
-1294
2586
-826
529
336
-29
-615
1529
-1279
-345
552
434
-464
669
703
-1865
-403
394
423
-2455
2092
383
-1752
1634
489
-2090
-406
660
-1702
-876
1962
-904
-1722
2104
-931
-2962
2774
-819
-2497
1878
249
-518
-279
1807
-1365
-2240
3293
-1645
-1197
3141
-1003
-1474
2282
610
-1239
-355
2298
265
-3866
5176
-1242
-1964
3045
378
-1541
581
1777
-1211
-616
948
1843
-3586
3758
-246
-1192
2265
-744
419
-340
1029
-561
1617
-1457
2773
-1589
1228
699
-1871
2428
-1704
1204
177
-57
-1495
3522
-2874
1380
-884
350
-132
-982
1638
-1430
-712
1589
-550
-1655
3096
-2971
5
943
-323
-215
-40
484
-567
-713
1767
-2397
-289
2200
-1852
-210
1867
-773
-998
546
58
-1263
389
1938
-2825
1277
1292
-3060
2919
-1564
-534
847
-703
446
-70
131
-823
2053
-2246
2234
-131
-2013
3354
-2479
671
1549
-714
-874
2571
-1077
-349
939
-1158
1034
-19
1573
336
283
400
1652
-820
295
1203
-1108
490
2356
-728
17
1573
-1891
288
691
-995
1165
-444
272
-68
1645
-2608
124
1043
-2090
875
774
-1843
1088
-940
293
-40
-3065
2579
-1402
-917
1500
-1164
-1008
1087
-1399
28
-426
-1003
771
-1876
866
-579
-913
-308
-747
645
-1394
153
347
-1114
-843
1249
-593
-1328
464
-118
-789
-13
-541
862
-1663
891
624
-1053
762
-1200
1407
-1285
828
401
1297
-2995
2454
583
-2130
2426
-1320
279
648
802
-875
1019
256
132
686
-197
1139
-1591
846
1050
-287
210
373
1026
-1025
-42
649
-522
-623
1010
302
-497
45
491
-426
-1152
277
750
-1639
802
-104
-948
700
-511
-35
-304
-1045
1787
-851
-955
1715
-1947
377
1620
-1631
281
929
-2497
1942
-1600
654
-236
-1087
2462
-2635
350
420
-947
-838
765
-197
-770
829
-620
238
-807
244
-435
-1465
1014
-994
-41
945
66
-379
-535
1297
-728
-885
772
630
-732
1658
221
762
-221
191
715
-663
360
1671
-994
1482
-4
792
609
-819
503
30
-1368
1116
958
-1656
2239
-1001
1172
-1194
-283
1632
-2337
-474
1907
-786
-1186
2955
-1765
-806
724
-759
-940
51
-75
-322
-70
-388
621
-2515
915
-462
-624
3
998
-1656
39
303
-1453
684
-1187
203
770
-3
-242
6
366
-87
-1258
1440
-210
-958
551
1269
-1653
440
761
-1369
-88
-834
1054
-1729
549
1044
-1007
374
1464
-1382
-452
667
-309
-199
135
1477
417
-1089
1714
-223
-1140
783
894
-994
1182
1338
-406
238
418
-386
78
-164
1123
187
-976
2870
-1087
-764
1691
-1519
-387
1385
-577
168
823
-361
874
-997
1308
-386
-1092
1156
-264
-108
1015
-89
-95
564
-1292
1639
-1916
260
130
221
-75
471
-26
500
-1766
757
576
-2609
1974
-382
-61
17
962
-1875
845
-1033
262
-580
158
192
-1351
1036
-788
-281
-187
-1114
41
-178
-325
805
-1046
671
-668
-313
50
-516
-1625
2531
-2006
223
1225
-1747
972
-554
552
-992
576
-160
128
-161
1380
-122
-451
1188
-1396
430
739
-1049
1113
813
-379
508
881
-883
-610
453
-183
-338
287
1013
-708
784
-136
-562
-59
-486
-185
-1030
722
-93
-338
1294
-375
-1374
304
-972
-892
261
-84
499
-228
133
753
-980
-521
397
-1481
-477
1423
-1140
820
511
-812
681
36
-696
-950
395
-193
26
397
100
23
-101
-417
-281
-702
-649
487
916
-1077
456
-73
222
-510
-218
1401
-1047
167
244
964
-915
724
347
21
-310
940
26
-364
957
-776
846
316
216
47
345
192
-105
183
1116
-513
180
323
-287
-466
951
-1114
503
1086
-1044
716
485
-837
725
-273
-106
1061
-573
599
54
-755
353
-499
-411
310
-686
462
-275
696
-704
-260
560
-486
-542
967
365
-936
636
98
-76
-201
929
-699
-112
710
-47
-392
342
719
-541
168
647
-751
-212
-222
-58
-435
-97
119
204
-61
-548
282
-588
-213
-924
1287
-632
-336
736
212
-471
-137
550
-304
-73
101
528
-62
-542
1123
-216
-523
774
-98
-238
2
360
669
-693
167
498
-551
-226
428
-616
-150
1092
-146
-210
685
-226
-551
973
-815
-378
1433
-707
83
1243
-994
363
453
-734
48
-231
29
-201
308
339
428
-874
252
-145
-1239
-231
327
-152
-783
616
122
-363
-782
565
-532
-725
1267
138
-570
-162
835
-447
-141
874
-635
70
209
-883
743
-122
-173
181
36
-42
-288
-485
531
-361
-353
1421
-765
29
186
383
-404
-349
1147
-763
-67
640
146
-334
565
250
-500
-82
959
-315
-1262
1684
-185
-357
75
409
-171
-1198
633
571
-1301
-8
956
-802
-830
623
480
-1069
264
380
-703
-810
568
-536
-306
-93
-474
-590
-987
784
-950
-776
270
-397
-638
-219
-130
-493
-766
-126
-189
-215
-354
-332
-572
319
-100
-634
94
-1231
-149
-430
-27
60
-171
189
484
-560
-525
332
-700
-641
75
432
-568
261
854
-785
112
444
-442
-529
-264
362
-239
-238
745
107
-460
641
-1
-865
228
-128
-200
242
469
393
182
725
352
-769
146
388
-807
365
747
390
-158
933
296
-758
-322
641
34
-729
578
664
-447
-196
1214
-683
-406
218
89
-340
151
-35
34
101
-19
223
117
-397
-176
-151
169
69
-302
290
-409
-171
65
-417
-485
618
-310
150
365
-131
-100
-661
484
191
-719
219
410
208
-234
-102
-54
-622
-256
10
189
75
-90
-17
23
-595
-547
264
-545
25
498
212
150
597
463
93
374
381
369
223
264
129
818
-60
387
652
175
-232
295
348
-3
-20
436
296
-150
526
402
-1
125
45
-173
14
-662
-60
-26
-24
59
255
232
68
-120
-301
-410
-300
203
-369
-181
388
130
-218
-65
-120
-564
-410
133
26
-148
515
537
319
218
231
167
-63
-51
289
181
294
629
461
260
165
58
-109
290
192
341
495
773
117
88
-119
-234
-109
33
65
343
330
53
276
-20
-283
-67
70
-354
111
45
-94
31
152
-204
215
-265
-286
-6
-285
-482
-129
187
-304
-71
-19
-199
-332
76
135
-675
-107
73
-477
-73
-51
77
23
126
240
-55
-36
-47
-30
-315
-22
142
331
-345
291
454
-70
197
-201
-63
-389
-197
213
-10
-75
199
252
38
6
253
-103
-243
-260
-202
-63
-18
319
248
283
142
211
-114
-80
-22
-230
42
394
367
-89
264
116
-248
-267
-259
-18
24
-59
148
64
-320
-484
-158
-233
-463
31
-50
-31
40
-359
-155
33
-500
-441
-357
-332
-3
66
69
52
-26
-337
-33
-138
-324
-465
-181
99
55
59
313
99
-379
-410
47
261
-166
-126
460
98
-380
52
342
105
-199
507
148
-85
303
215
49
-207
-130
186
346
146
316
138
153
104
42
-59
-245
-354
-272
-107
16
350
311
278
405
-91
-116
-13
50
327
-51
78
165
261
418
-41
-123
-233
115
160
77
108
-252
-30
-218
-87
-90
-192
-50
-115
-184
-395
-97
-183
-277
-225
-94
136
-61
-113
-59
-56
-101
253
131
-98
-164
235
-40
-94
153
90
27
332
65
-32
198
112
-58
-71
143
220
324
308
294
-7
359
258
156
6
-83
-119
89
281
298
206
250
154
-51
184
105
328
251
246
191
252
477
268
311
-49
13
57
71
322
-80
21
71
415
207
239
55
-171
-93
-34
14
-275
100
34
-158
-169
5
-2
-162
-50
-65
-214
-138
39
-130
-167
-2
-174
62
28
-161
-180
-73
-225
-339
-195
-45
-119
121
58
-32
-2
-39
108
-116
-38
95
56
-65
1
-91
-213
-54
-53
18
44
-65
13
-177
-184
-128
-120
93
191
-89
312
231
78
112
113
69
157
341
234
234
234
92
84
252
87
309
478
239
262
192
-86
48
143
241
155
301
459
365
260
256
-23
-62
-112
40
171
328
450
214
133
9
-123
-237
-276
-316
-92
146
19
74
48
-114
-242
-198
-189
-360
17
-99
-189
-38
-14
-58
-50
-292
-305
-224
-222
-3
-69
-97
38
-56
-30
-363
-274
-305
-276
-186
-161
100
-49
-54
-56
-106
-144
79
-70
-42
-29
122
89
135
283
131
-45
153
52
-49
24
279
47
8
238
106
234
206
216
69
83
130
164
202
169
180
165
113
160
304
240
136
-31
-12
67
41
316
211
91
193
112
102
55
75
-136
-8
-84
-105
226
-94
-92
-89
-90
50
-16
53
43
-95
-23
95
-45
40
25
-257
-109
-29
-173
-179
-150
1
-208
-121
50
-168
-61
-100
-134
-122
30
111
-37
35
3
-77
-64
-128
-271
-295
-184
-271
-71
-69
-141
-48
66
-59
120
36
-24
55
8
117
108
186
264
148
81
200
47
72
130
95
178
299
247
440
438
224
330
343
139
339
330
277
392
316
257
287
274
168
208
203
190
157
239
62
96
-27
29
74
-16
0
-36
-135
-173
-327
-272
-423
-527
-394
-503
-238
-263
-172
-243
-342
-331
-361
-394
-412
-377
-345
-304
-262
-259
-354
-264
-268
-362
-272
-236
-283
-144
-45
-121
30
-32
49
-12
99
-37
1
197
67
171
360
286
199
374
142
158
144
140
230
250
182
134
180
78
130
25
40
-27
-21
215
127
142
41
46
16
-7
59
41
-22
-80
9
8
116
22
-126
-58
-162
-122
-81
-15
-157
-137
-157
-182
-95
-234
-150
-224
-241
-159
-185
-129
-108
-176
-122
-57
-172
-170
-169
-171
-231
-188
-97
-8
-79
-15
-29
-221
-106
-95
-171
-114
61
22
-8
-42
-92
-102
-116
-195
-73
-23
-10
83
40
68
-7
-4
-37
-89
-122
-17
12
66
93
49
163
242
148
307
212
124
156
215
219
164
294
159
178
243
260
286
300
191
124
232
60
175
205
135
216
130
100
87
99
65
90
5
-21
-43
101
74
-70
-27
-36
0
-7
-7
-90
-189
-197
-166
-140
-148
-192
-106
-235
-246
-229
-320
-206
-269
-216
-250
-137
-119
-113
14
-108
-170
-166
-103
-159
-78
-185
-156
-132
-107
-57
-96
-96
-262
-201
-164
-216
-96
-78
-135
-122
-63
-81
-62
2
-203
-121
-111
-137
3
-33
-84
-110
-75
-34
13
-33
37
-62
-47
-50
31
107
-47
61
17
-85
91
33
-16
2
-14
-26
-2
54
59
27
40
56
-2
41
105
-36
8
4
-43
-8
145
129
31
171
-27
11
56
-34
8
-20
9
-49
65
16
-46
46
21
-43
-6
93
-48
53
47
-30
-4
0
-48
-62
-94
-126
-144
-129
-71
-154
-22
-84
-140
-69
-53
-141
-41
-48
-96
11
3
-104
-42
-84
-135
-98
15
-75
-52
1
-56
-31
3
4
-57
-54
69
-13
16
55
32
51
55
50
12
53
2
34
-100
-33
-53
12
-89
-15
14
-113
-74
-32
-199
-102
-45
-111
-2
-36
-69
-26
25
-21
-32
-19
-17
-71
21
-3
-5
13
57
-33
6
-61
-32
24
-81
-32
14
26
-55
48
-79
-74
20
-19
-34
58
41
-32
80
76
11
12
-59
-72
-27
-55
-46
-50
-116
-58
-67
20
19
20
-35
0
73
-8
71
52
-16
26
20
33
-4
-25
-13
-52
-52
76
9
63
60
20
61
55
62
12
75
47
58
70
67
-28
-68
-43
-65
-114
-30
-103
-17
-76
-48
29
-73
1
-40
56
-63
20
6
2
5
-22
15
44
35
114
64
95
112
46
102
149
90
143
175
55
152
93
-13
31
4
-48
-13
-22
18
-50
37
-61
-54
-25
-77
37
-5
-34
-36
-43
-66
-31
-146
-149
-117
-196
-147
-136
-112
-194
-128
-61
-83
-57
-12
-2
-62
27
36
-68
-65
-36
-93
-65
-14
-33
37
11
-37
41
47
89
92
133
57
81
49
82
-12
16
-31
-109
78
5
-47
-16
-43
-118
-13
19
-3
51
30
-50
-14
-5
-19
30
-57
4
-24
-67
-25
-48
-36
-73
17
3
-43
13
-40
-82
-16
0
-79
-11
-38
-64
-39
-43
-56
-126
-109
-85
-93
-82
-97
-146
-134
-140
-139
-108
-92
-74
-163
-115
-146
-136
-116
-144
-175
-155
-77
-149
-96
-35
-134
-169
-151
-156
-93
-177
-144
-172
-198
-179
-200
-188
-173
-199
-208
-204
-218
-191
-220
-202
-240
-236
-256
-290
-224
-237
-258
-261
-250
-238
-235
-209
-169
-192
-179
-119
-178
-123
-119
-118
-176
-92
-119
-145
-77
-130
-99
-72
-25
-29
11
-37
-17
58
51
12
59
26
-12
3
13
-17
-26
-11
-81
-17
-101
-118
-64
-129
-36
-66
-52
-41
-114
-137
-170
-192
-180
-209
-180
-159
-233
-214
-257
-273
-255
-237
-275
-246
-269
-292
-213
-269
-251
-223
-273
-235
-290
-189
-218
-255
-247
-274
-244
-244
-222
-177
-150
-168
-138
-113
-159
-75
-63
-81
-60
-58
-65
-46
-30
-64
-42
-60
-62
8
-24
-34
-8
-7
32
2
54
0
-21
49
7
-21
28
-9
-9
-27
11
1
-21
5
43
42
55
88
16
-21
17
-9
-1
28
12
30
17
56
33
44
36
27
11
-42
-3
-53
-80
-20
-90
-110
-94
-122
-151
-143
-189
-225
-193
-214
-215
-171
-208
-210
-232
-196
-207
-206
-220
-206
-175
-246
-226
-225
-227
-209
-226
-232
-220
-249
-216
-170
-210
-189
-205
-241
-202
-195
-197
-161
-113
-199
-112
-115
-126
-112
-129
-79
-141
-106
-100
-73
-106
-45
-85
-26
-11
-20
-5
-3
-21
23
46
-6
79
67
27
50
28
-16
4
19
-6
9
21
1
15
1
-2
-35
-112
-91
-100
-106
-87
-54
-51
-69
-76
-76
-66
-87
-70
-84
-74
-99
-70
-75
-62
-76
-77
-93
-128
-71
-111
-100
-116
-104
-125
-152
-142
-184
-180
-170
-200
-169
-131
-111
-162
-150
-109
-120
-85
-71
-58
-37
-23
-4
18
3
32
40
45
64
60
77
58
89
153
161
183
177
139
153
155
100
134
174
131
155
230
185
164
144
169
143
153
236
152
177
235
208
225
187
185
123
122
124
136
97
44
64
1
21
47
16
41
3
-23
31
-9
46
42
2
37
52
39
20
-7
-52
-79
-70
-91
-72
-81
-101
-75
-88
-67
-45
-63
-70
41
-22
-62
-9
-20
-57
-2
17
-6
-6
38
-13
14
108
104
109
121
155
104
144
174
159
128
130
93
142
132
146
138
99
100
87
176
152
156
173
176
202
214
180
184
164
136
158
121
105
121
132
117
124
65
49
88
56
117
123
93
77
85
100
92
90
74
17
-25
-36
-11
-49
-17
-3
6
-10
10
-6
-49
-7
-43
-44
-32
0
-59
-39
-46
-14
-40
-42
-46
-25
1
-1
41
6
23
15
-17
26
36
7
22
82
47
41
81
54
30
40
41
32
67
111
120
109
102
80
132
82
125
107
104
110
110
86
112
78
71
63
66
83
29
94
72
96
47
35
40
55
79
53
33
57
54
59
53
61
62
76
97
77
110
126
106
153
163
148
173
160
122
159
162
103
158
122
103
119
109
124
125
133
152
129
143
110
106
113
108
85
51
78
54
52
21
19
26
10
45
29
35
49
-5
9
27
36
27
44
79
52
71
81
50
39
47
41
43
123
72
55
89
103
127
128
118
76
106
87
78
94
80
90
77
116
126
118
117
126
106
118
119
110
134
147
196
151
148
167
169
186
189
145
154
157
162
179
192
139
160
138
158
222
184
222
199
240
237
241
242
204
179
156
183
182
178
222
193
228
282
283
275
266
297
293
334
363
331
310
366
354
358
391
333
334
346
349
328
387
360
388
420
394
412
383
368
351
376
369
384
394
398
360
324
328
310
275
302
283
239
255
241
232
221
206
179
162
134
136
139
115
78
109
107
84
104
97
81
83
76
76
85
40
23
28
49
15
28
54
38
44
52
72
89
68
59
69
64
82
109
104
133
159
129
168
179
187
183
175
183
186
163
193
180
150
182
183
174
172
198
153
153
155
141
171
150
156
131
134
130
63
88
94
70
120
84
114
125
102
99
92
66
72
75
54
86
42
40
59
88
68
63
100
74
77
118
109
111
109
98
101
107
100
93
116
103
73
155
127
141
117
113
134
124
137
124
139
113
149
154
165
158
130
116
80
51
83
38
44
68
45
75
112
77
90
69
6
20
43
53
64
42
25
34
21
29
25
-4
-12
0
30
-3
21
15
-16
11
29
35
27
9
21
25
15
37
-9
-27
-12
-14
-36
-17
-33
-68
-48
-48
-36
-12
-20
-1
-32
-4
11
-6
38
-1
5
6
-11
8
-25
-31
-25
-74
-34
-14
-24
-39
-41
-33
-65
-49
-29
-57
-24
-14
-55
-44
-15
-39
-25
-9
21
44
22
28
23
29
14
0
3
28
19
0
-9
13
5
7
-3
-12
-20
-26
-6
3
-24
-28
1
-27
0
27
15
3
31
-5
42
74
74
84
99
108
110
124
128
147
126
142
158
131
146
155
172
176
166
183
182
169
171
193
149
163
202
171
194
187
155
141
114
108
106
104
94
105
101
104
102
118
96
102
96
67
78
67
51
68
72
89
71
77
80
68
109
83
59
53
62
50
69
74
56
90
70
81
89
97
137
117
125
127
133
156
148
168
181
166
183
183
197
195
208
204
161
168
191
165
150
127
125
111
112
133
113
138
93
76
63
61
57
53
51
48
55
38
35
35
14
7
21
-17
0
-27
-36
-12
-35
-15
-38
-54
-44
-44
-48
-59
-65
-63
-49
-52
-47
-46
-45
-45
0
-8
-1
15
57
72
61
55
62
92
68
92
87
94
96
98
83
79
65
42
64
61
70
82
63
53
52
42
26
16
10
8
20
15
25
15
18
2
-5
-27
-25
-25
-29
-40
-50
-45
-37
-39
-45
-17
-48
-62
-59
-76
-76
-91
-123
-109
-129
-153
-150
-151
-152
-162
-164
-145
-130
-131
-144
-131
-108
-111
-130
-141
-134
-97
-138
-132
-124
-147
-174
-177
-195
-161
-127
-133
-119
-111
-109
-125
-108
-114
-107
-107
-100
-106
-104
-86
-62
-66
-70
-38
-44
-37
-34
-25
37
9
26
39
37
71
43
23
35
37
37
37
39
47
19
6
15
27
22
11
-4
-2
3
26
57
42
44
26
-18
-5
-22
-40
-45
-61
-59
-63
-50
-53
-54
-7
-26
-30
-13
-40
-74
-65
-55
-42
-57
-58
-76
-59
-71
-101
-89
-97
-104
-107
-82
-80
-76
-94
-87
-94
-127
-133
-152
-163
-164
-139
-136
-149
-127
-135
-122
-123
-137
-131
-104
-82
-69
-63
-68
-53
-62
-78
-31
-35
-55
-30
16
34
33
62
70
77
79
82
87
88
104
103
118
130
100
122
122
108
115
131
111
115
123
109
105
103
88
92
98
97
85
86
87
54
42
18
-2
-22
-9
-25
-22
-45
-57
-58
-70
-73
-70
-52
-64
-40
-45
-44
-19
-45
-36
-26
-53
-42
-54
-56
-47
-61
-64
-54
-25
-29
-42
-50
-50
-52
-54
-79
-75
-79
-77
-87
-84
-62
-64
-40
-4
10
-3
7
-3
-1
24
15
-26
-1
-14
2
-2
-11
20
23
35
22
20
29
4
-7
-2
-36
-50
-33
-46
-35
-20
-36
-39
-30
-53
-60
-39
-80
-86
-78
-82
-107
-131
-124
-143
-143
-135
-129
-126
-121
-114
-119
-107
-116
-135
-128
-111
-126
-120
-122
-123
-163
-160
-137
-132
-129
-140
-105
-116
-125
-92
-86
-89
-79
-83
-87
-91
-96
-92
-106
-107
-120
-127
-83
-73
-112
-99
-112
-107
-113
-122
-104
-131
-137
-124
-105
-105
-99
-127
-124
-106
-141
-155
-138
-167
-159
-162
-164
-139
-170
-156
-134
-143
-116
-124
-138
-118
-131
-135
-131
-127
-118
-90
-98
-98
-93
-82
-70
-78
-94
-78
-59
-70
-48
-47
-71
-43
-43
-45
-19
-41
-49
-51
-47
-42
-22
-21
-17
-42
-16
-13
-18
-5
-9
-2
-16
7
19
6
-9
8
-11
-10
-27
-34
-22
-63
-64
-49
-41
-27
-12
-16
12
4
-17
-10
4
5
-22
-14
-6
1
-7
10
18
23
11
17
21
23
21
-8
-8
19
26
24
10
13
9
-21
-15
-20
-10
-7
-19
-9
-1
-15
6
16
20
41
18
40
54
17
16
1
-13
-25
-21
-55
-30
-21
-42
-50
-26
6
-8
-11
0
17
-4
-22
-1
24
0
-33
-28
-44
-39
-38
-36
-9
9
1
7
14
17
21
2
35
44
30
42
50
31
39
68
67
68
77
78
83
97
90
95
124
129
134
144
154
140
152
145
154
194
144
124
117
130
116
116
127
127
143
140
126
130
133
115
116
112
83
90
89
66
75
87
63
54
35
26
40
37
11
13
16
-2
16
13
-7
9
7
0
13
-13
6
19
-3
8
-4
-9
-2
-21
-24
-19
-7
-35
-24
-14
-31
-35
-47
-49
-59
-61
-83
-87
-93
-114
-136
-137
-119
-117
-130
-129
-118
-113
-97
-107
-110
-107
-135
-148
-143
-151
-147
-168
-161
-160
-163
-153
-157
-178
-177
-177
-164
-157
-157
-147
-129
-133
-125
-132
-145
-154
-158
-175
-167
-163
-171
-164
-154
-144
-144
-141
-141
-144
-150
-129
-134
-134
-105
-89
-108
-109
-118
-114
-102
-122
-124
-109
-132
-163
-171
-172
-167
-186
-194
-163
-147
-139
-125
-131
-117
-137
-151
-156
-160
-152
-174
-165
-125
-127
-110
-76
-80
-65
-56
-70
-37
-41
-41
-15
-12
3
6
-9
1
8
0
-1
-3
-3
-10
12
15
-18
-24
-12
-18
-11
-1
-20
-8
-24
-30
2
0
-15
-14
-20
-11
-1
-8
-5
25
25
0
21
8
-7
-9
-15
-19
-11
11
20
56
45
65
90
74
67
69
78
73
94
94
106
97
77
61
63
62
50
45
45
40
36
53
54
69
38
13
7
-10
-6
-34
-61
-39
-38
-59
-56
-43
-42
-67
-69
-81
-51
-42
-58
-30
-18
-21
-22
-11
6
-11
-7
-19
-38
-10
-14
-16
-6
-11
-16
-2
-14
-13
-21
-26
-32
-26
-28
-22
-18
-21
-23
-1
0
3
21
-6
31
46
57
59
66
71
92
116
106
117
134
129
150
146
150
152
158
164
161
158
138
138
150
129
128
118
106
109
110
109
112
128
147
176
181
201
217
198
191
191
170
165
156
152
159
151
156
182
202
194
194
202
216
226
220
217
230
213
199
189
197
194
173
174
171
168
144
122
101
70
56
28
52
63
49
59
66
72
73
44
43
61
46
35
16
-11
0
-26
-21
-1
-21
-11
-53
-58
-42
-69
-82
-54
-59
-71
-67
-74
-63
-48
-75
-93
-71
-115
-135
-144
-144
-139
-152
-153
-137
-122
-124
-118
-102
-87
-107
-116
-120
-107
-104
-129
-131
-110
-122
-141
-134
-147
-151
-158
-175
-188
-197
-196
-222
-219
-215
-231
-223
-224
-212
-192
-224
-240
-241
-237
-241
-237
-216
-206
-198
-216
-216
-190
-193
-190
-191
-181
-158
-155
-135
-104
-91
-105
-121
-126
-127
-109
-111
-107
-94
-90
-91
-93
-96
-98
-93
-106
-114
-116
-119
-129
-127
-110
-117
-96
-82
-94
-89
-71
-63
-53
-62
-72
-61
-47
-76
-50
-22
-19
3
12
24
17
43
49
53
64
75
93
100
91
105
107
99
101
82
103
113
127
125
138
139
151
167
146
142
164
160
151
144
157
164
150
135
134
155
137
121
109
105
121
122
99
122
132
127
116
99
117
110
89
84
101
103
82
71
62
64
51
28
38
56
36
13
36
22
3
9
-8
-4
13
8
3
-10
-20
-25
-36
-46
-43
-37
-32
-21
-23
-21
4
-23
-4
1
-33
-10
-29
-27
-17
-22
-10
30
45
61
92
101
111
114
113
108
113
128
116
122
146
147
158
142
145
188
203
174
184
193
191
162
152
162
161
139
138
156
162
156
133
114
123
152
133
131
148
164
164
162
182
191
197
167
140
158
159
143
147
146
145
144
139
150
145
147
140
123
119
114
157
153
130
144
152
173
149
121
127
112
95
103
108
112
111
107
120
130
121
118
125
129
106
119
130
133
133
119
112
97
102
88
90
95
115
103
96
87
76
103
88
71
63
55
41
24
6
-8
-22
-38
-44
-44
-44
-33
-42
-56
-45
-42
-52
-39
-45
-51
-51
-76
-69
-50
-29
-28
-44
-55
-37
-34
-39
-36
-32
-33
-52
-37
-37
-37
-26
-41
-32
-16
-27
-44
-25
-29
-31
-35
-42
-34
-45
-64
-60
-80
-89
-70
-76
-74
-74
-82
-69
-47
-62
-46
-59
-55
-51
-50
-47
-31
-18
-34
-21
-16
-2
7
10
10
18
23
13
14
2
25
21
17
42
42
42
32
36
37
53
49
54
52
36
22
15
24
23
26
34
24
24
21
37
44
37
25
37
34
27
24
31
39
22
42
33
55
67
57
65
59
64
83
84
96
113
139
145
139
151
164
168
152
151
153
177
175
155
158
169
161
152
148
156
154
123
110
138
166
148
126
164
189
179
176
178
190
185
149
148
159
150
142
151
181
183
177
170
166
151
140
135
118
112
104
111
120
146
124
125
153
138
138
122
119
123
130
133
156
147
129
116
109
119
98
92
103
97
96
91
78
114
114
115
132
129
118
135
152
147
149
143
149
143
124
147
144
128
119
115
116
96
94
100
93
104
83
89
128
110
70
63
66
58
22
12
28
13
-8
-31
-32
6
-16
-34
-20
-19
-12
-28
-36
4
1
-18
-18
12
34
28
17
32
31
29
25
45
65
40
18
32
32
31
17
22
37
4
-2
13
22
-17
-17
18
14
5
7
2
2
-7
-47
-47
-41
-52
-50
-22
-1
-8
2
15
54
48
40
54
60
58
65
71
88
73
50
43
57
63
37
19
40
48
34
43
33
54
31
14
29
30
12
-7
9
12
9
-16
-14
7
-25
-55
-78
-91
-90
-100
-96
-105
-113
-122
-123
-105
-86
-68
-73
-109
-96
-100
-107
-99
-94
-91
-67
-92
-106
-76
-77
-75
-77
-71
-69
-65
-81
-74
-72
-67
-42
-58
-46
-37
-23
-17
-26
-16
-30
-28
-33
-38
-17
-16
-15
4
15
6
-9
-8
12
14
11
-1
-4
19
6
8
16
7
13
-2
-17
-18
-22
-42
-24
-11
-15
-22
-34
-30
-24
-39
-55
-54
-30
-32
-49
-48
-43
-40
-44
-53
-46
-52
-48
-52
-69
-74
-48
-44
-42
-26
-27
-12
-2
9
17
11
14
20
46
33
50
94
79
92
86
77
111
109
97
122
123
115
111
134
168
164
152
136
139
139
134
99
97
98
80
75
75
99
93
85
90
115
142
132
118
132
132
118
114
125
151
122
115
122
123
141
148
140
151
134
109
107
109
102
84
73
76
67
50
40
34
30
5
16
14
13
24
-3
-4
0
-11
-6
6
6
24
12
21
30
26
49
52
52
51
60
58
51
52
68
60
51
38
27
39
29
11
0
-11
1
13
16
15
4
-9
-15
-17
-18
-5
3
11
15
-9
-17
-34
-33
-36
-53
-52
-52
-61
-64
-53
-65
-77
-67
-52
-49
-49
-57
-72
-65
-88
-98
-104
-114
-112
-136
-115
-108
-104
-79
-52
-20
-12
-21
-6
3
-26
-35
-7
-14
-34
-5
2
8
-11
-47
-36
-26
-56
-57
-41
-42
-34
-27
-31
-17
-16
-47
-34
-29
-51
-59
-70
-75
-68
-80
-81
-66
-65
-67
-73
-86
-96
-101
-121
-128
-123
-130
-117
-110
-123
-110
-120
-128
-121
-131
-124
-128
-115
-113
-141
-134
-142
-140
-125
-133
-125
-121
-113
-121
-127
-133
-123
-111
-106
-107
-119
-133
-130
-117
-150
-141
-142
-157
-148
-156
-138
-149
-146
-161
-155
-148
-156
-162
-125
-115
-114
-109
-108
-80
-86
-82
-84
-83
-89
-98
-94
-94
-95
-97
-96
-73
-55
-56
-34
-32
-15
-32
-37
-35
-49
-60
-65
-65
-63
-60
-87
-64
-69
-80
-63
-54
-64
-55
-61
-56
-32
-49
-61
-66
-57
-57
-65
-72
-73
-74
-76
-90
-69
-77
-91
-67
-78
-79
-72
-68
-63
-55
-62
-53
-53
-57
-44
-25
-6
-14
-14
-13
-5
-10
-23
13
35
55
45
61
91
95
117
127
146
172
154
143
146
139
133
117
135
132
131
109
82
114
112
71
62
74
73
57
49
58
55
53
43
57
59
44
49
76
75
78
73
59
55
61
70
77
85
92
97
80
69
80
90
84
67
55
70
69
40
34
57
67
44
16
22
34
26
17
16
27
10
-17
-17
4
-6
-23
-41
-43
-35
-55
-54
-53
-40
-46
-50
-70
-52
-43
-59
-53
-74
-98
-103
-104
-123
-120
-131
-111
-96
-110
-111
-115
-118
-130
-131
-122
-111
-117
-117
-105
-89
-93
-94
-95
-92
-101
-104
-111
-108
-123
-140
-136
-132
-128
-112
-125
-120
-117
-137
-127
-142
-129
-136
-148
-141
-147
-156
-151
-157
-170
-182
-180
-179
-193
-179
-193
-177
-159
-165
-165
-154
-156
-151
-145
-149
-149
-152
-146
-123
-106
-86
-88
-92
-77
-92
-92
-87
-88
-78
-65
-62
-53
-54
-52
-52
-60
-65
-65
-57
-61
-60
-72
-73
-77
-72
-84
-87
-82
-77
-86
-111
-121
-153
-159
-186
-182
-167
-178
-173
-167
-154
-146
-155
-158
-146
-165
-201
-211
-197
-195
-220
-221
-211
-196
-199
-207
-178
-190
-198
-187
-202
-172
-180
-214
-207
-187
-198
-203
-190
-163
-159
-171
-166
-156
-147
-164
-146
-143
-139
-147
-131
-108
-114
-122
-115
-120
-110
-128
-147
-125
-154
-147
-156
-179
-162
-194
-176
-159
-172
-175
-165
-149
-144
-153
-148
-133
-167
-180
-164
-142
-157
-185
-197
-197
-188
-234
-229
-200
-204
-218
-218
-182
-160
-190
-229
-216
-213
-244
-266
-269
-260
-278
-315
-296
-261
-269
-273
-272
-263
-248
-270
-251
-223
-225
-239
-219
-188
-199
-217
-228
-204
-206
-249
-232
-201
-202
-230
-231
-211
-202
-232
-237
-204
-206
-212
-218
-193
-182
-182
-169
-168
-143
-171
-174
-150
-144
-142
-141
-122
-109
-98
-93
-72
-43
-43
-36
-10
-21
-48
-58
-57
-44
-78
-97
-63
-62
-84
-80
-44
-26
-52
-72
-56
-44
-67
-122
-110
-70
-88
-112
-81
-21
-25
-53
-80
-51
-53
-111
-111
-91
-83
-88
-112
-100
-73
-98
-110
-105
-107
-131
-166
-171
-169
-166
-157
-158
-135
-137
-143
-146
-153
-156
-166
-164
-169
-181
-210
-181
-198
-227
-224
-228
-222
-233
-250
-236
-220
-235
-273
-259
-237
-262
-278
-274
-241
-247
-268
-271
-257
-266
-277
-276
-279
-280
-289
-287
-271
-263
-264
-249
-256
-243
-241
-261
-269
-262
-271
-263
-242
-248
-244
-226
-233
-227
-227
-231
-221
-224
-226
-224
-222
-238
-232
-241
-230
-222
-217
-224
-213
-220
-229
-217
-220
-219
-227
-250
-239
-253
-277
-265
-265
-249
-259
-259
-231
-221
-215
-211
-224
-213
-225
-248
-247
-229
-231
-218
-202
-197
-186
-176
-172
-162
-139
-160
-163
-155
-163
-184
-189
-183
-179
-182
-184
-172
-162
-170
-161
-147
-142
-159
-166
-165
-173
-186
-200
-183
-172
-185
-185
-172
-154
-167
-161
-146
-147
-134
-131
-110
-95
-116
-145
-139
-124
-126
-161
-177
-150
-160
-200
-217
-195
-192
-217
-232
-205
-194
-224
-267
-264
-215
-236
-243
-227
-233
-220
-246
-240
-224
-221
-220
-211
-216
-215
-194
-192
-179
-185
-186
-179
-181
-174
-168
-139
-132
-143
-118
-98
-95
-114
-130
-98
-92
-120
-115
-98
-89
-89
-103
-68
-38
-45
-73
-77
-52
-53
-80
-75
-55
-33
-57
-84
-54
-42
-63
-70
-65
-35
-57
-79
-63
-54
-57
-66
-62
-40
-35
-45
-44
-35
-27
-37
-37
-39
-19
-21
-14
2
-9
-16
-19
-11
-20
-12
-4
-18
-17
-25
-20
-7
-17
-3
-5
-15
-15
-33
-34
-31
-38
-63
-42
-36
-41
-40
-31
-22
-24
-37
-35
6
-10
-24
-17
-7
10
-28
-21
17
-7
-37
-51
-31
-22
-59
-48
-31
-32
-36
-49
-30
-18
-28
-47
-30
0
-21
-60
-41
-13
-19
-44
-59
-32
-31
-50
-64
-51
-24
-40
-28
-3
17
19
-6
-12
1
11
-14
-7
-7
-6
-5
-22
-36
-27
-10
-32
-35
-40
-21
-18
-49
-43
-15
-14
-25
-28
-2
16
-15
-47
-19
-5
-25
-55
-48
-10
2
-39
-55
-16
1
-19
-42
-17
19
-16
-42
-23
-2
-17
-44
-33
-29
-15
-41
-41
-27
-26
-40
-60
-45
-43
-41
-36
-33
-17
3
-9
-15
-35
-36
-9
-18
-12
-6
-3
0
-18
-18
5
-8
-21
4
27
59
51
61
78
99
102
78
100
110
95
81
62
80
78
63
69
103
117
91
78
83
102
87
87
100
114
106
79
81
90
91
76
60
85
79
57
66
63
83
59
47
66
65
83
83
82
93
106
92
98
89
102
118
98
108
133
136
138
139
123
125
106
96
86
95
93
83
85
83
82
61
70
59
68
61
54
64
76
88
88
104
118
132
118
126
138
145
147
144
147
160
153
147
169
194
212
193
200
231
242
213
217
227
238
228
208
214
208
214
196
206
224
210
198
204
208
234
228
230
259
249
237
248
244
230
224
191
211
232
214
216
223
225
224
243
248
254
265
243
257
269
261
265
280
280
278
258
253
261
269
267
276
270
286
289
285
308
295
282
296
291
278
281
280
279
271
269
252
266
274
249
243
246
241
231
242
267
272
266
264
278
281
287
284
309
298
301
301
317
334
324
333
341
337
320
319
345
334
315
324
312
296
281
273
290
305
291
282
314
305
277
263
268
266
246
214
222
228
180
170
170
184
158
141
146
155
162
146
180
222
235
209
206
238
208
182
147
166
177
145
150
180
207
180
173
183
203
209
165
145
143
131
126
130
117
130
127
93
87
84
104
100
77
91
101
90
76
76
109
107
79
68
81
96
71
55
101
125
107
74
77
123
138
127
120
155
153
129
137
152
173
134
118
137
147
142
116
110
145
125
98
108
116
129
122
104
131
147
138
168
163
167
169
150
158
157
148
165
180
174
186
187
209
225
210
209
235
229
244
264
265
265
244
242
233
223
198
200
216
205
191
188
183
178
161
160
183
172
147
150
152
148
163
174
185
193
161
170
162
158
161
141
158
159
142
133
130
144
139
142
145
151
143
124
125
112
120
102
102
122
100
86
81
90
79
60
78
80
53
56
52
61
61
26
47
74
94
84
90
100
108
85
76
95
118
109
108
155
167
167
184
186
201
203
171
197
204
187
204
224
241
240
223
247
267
256
260
264
275
261
235
248
256
233
187
170
182
175
133
138
154
159
151
138
179
207
191
201
221
228
226
209
243
279
256
234
236
254
252
245
261
304
296
279
285
304
309
293
297
299
307
299
289
279
278
277
278
289
300
295
295
310
311
309
304
318
295
275
264
259
273
259
247
267
264
233
244
254
265
254
226
239
253
227
200
189
206
187
167
163
166
187
158
148
180
179
171
161
156
158
152
128
143
143
133
114
108
116
116
114
114
126
117
124
146
145
149
134
142
150
121
132
149
135
125
96
121
154
138
135
136
169
158
133
138
153
134
118
112
124
141
110
90
119
129
116
93
99
124
119
117
108
115
121
100
93
94
99
86
81
84
96
111
114
118
136
130
105
86
65
68
64
57
57
82
85
79
73
59
59
70
50
50
55
49
37
27
42
45
43
47
57
61
66
60
58
81
88
73
64
96
104
90
107
115
112
109
99
117
133
111
97
96
92
105
99
98
112
119
95
110
111
104
112
114
144
162
156
147
165
162
140
140
121
120
126
90
79
93
78
69
79
94
126
132
95
105
128
108
100
108
105
121
104
87
111
114
103
92
92
105
101
78
82
97
108
93
82
85
86
73
71
74
89
89
76
95
107
110
107
102
87
90
74
24
40
55
54
56
76
67
74
74
61
81
80
55
64
82
87
68
69
72
94
105
66
85
102
101
102
98
107
134
148
131
163
192
174
162
155
175
167
152
151
175
162
137
115
133
151
137
149
150
157
139
118
126
145
135
121
112
110
126
98
81
93
97
108
87
72
90
90
97
79
121
155
134
121
116
121
114
98
72
85
95
60
58
55
82
102
61
40
63
51
38
36
50
87
44
15
38
52
45
23
16
55
53
20
8
44
62
35
34
31
45
29
-4
-12
35
18
-12
-8
-1
38
10
5
38
60
43
14
25
49
