-8
5
6
-12
-13
-6
-19
-13
8
2
29
41
38
39
28
34
28
30
31
31
40
38
29
36
44
24
47
40
31
39
27
59
67
54
68
83
77
88
108
101
120
118
116
133
129
130
139
133
119
117
112
102
102
104
112
111
114
94
72
69
43
44
22
24
11
14
-6
12
18
-8
16
2
-5
-16
-29
-32
-32
-19
-29
-39
-38
-53
-56
-38
-51
-38
-31
-45
-33
-38
-44
-47
-75
-51
-34
-44
-50
-38
-37
-38
-36
-20
-21
-25
-35
-41
-37
-36
-30
-30
-20
-7
-12
-20
-13
3
18
31
34
39
36
22
37
42
35
39
35
10
8
-2
-22
-28
-28
-42
-35
-34
-56
-48
-49
-55
-50
-66
-75
-98
-106
-121
-112
-100
-113
-101
-115
-133
-115
-127
-150
-148
-153
-165
-162
-165
-185
-169
-165
-157
-167
-175
-169
-181
-183
-173
-175
-180
-189
-194
-190
-194
-185
-166
-172
-167
-167
-160
-149
-144
-149
-134
-131
-113
-105
-109
-112
-113
-108
-124
-103
-96
-109
-96
-78
-87
-69
-72
-79
-57
-45
-55
-21
-31
-21
0
-4
7
21
26
23
32
50
74
64
69
69
54
63
64
60
73
77
80
89
93
84
93
76
57
68
58
53
57
72
76
73
76
74
89
81
78
78
75
89
87
92
105
96
91
96
88
98
96
79
96
82
80
91
81
82
62
54
37
46
36
28
46
19
9
16
-2
-10
-7
-20
-16
-18
-19
-13
-15
-22
-28
-10
-28
-10
-28
-34
-17
-38
-18
1
4
8
18
4
-21
-35
-32
-41
-8
7
13
33
52
60
52
60
60
56
61
71
70
105
91
89
92
71
71
58
62
75
95
86
97
106
95
87
94
103
83
104
90
98
125
110
104
123
111
104
99
87
95
79
87
88
97
105
107
125
107
104
86
69
63
69
69
68
89
91
101
78
70
81
59
69
82
65
77
77
72
68
65
47
36
19
2
7
2
5
19
15
15
8
1
0
-9
-14
-9
-18
-12
5
4
5
-13
-7
-11
-16
-6
-31
-17
-6
6
25
23
23
20
19
6
-7
2
-11
9
37
12
21
12
3
0
-25
-16
14
22
19
25
16
21
21
7
5
-16
-18
-9
9
13
13
32
13
25
35
14
11
6
21
15
24
10
2
8
-10
-12
-11
-29
-13
-7
-21
-22
-18
-21
-36
-25
-15
-14
-23
-21
-29
-27
-19
-41
-32
-23
-31
-38
-34
-41
-9
-14
-27
-19
-22
-12
7
14
22
42
46
48
58
42
42
55
57
60
74
82
76
91
87
97
107
100
120
121
92
104
89
94
108
89
99
97
89
99
94
75
88
98
111
135
137
155
158
150
126
124
129
114
136
116
111
126
111
103
93
65
67
62
60
62
60
60
42
32
12
4
0
-1
10
4
20
28
19
32
7
8
9
2
4
-5
2
11
-9
-12
-17
-22
-5
-14
0
16
15
27
54
46
59
68
78
83
83
92
100
105
102
114
113
102
94
87
101
91
82
101
111
109
119
111
108
109
96
94
101
90
97
88
89
97
91
78
73
65
50
54
54
39
43
57
51
62
47
27
26
18
16
18
33
31
44
50
39
52
39
44
47
49
44
51
80
75
81
67
63
68
48
51
61
56
66
73
58
71
46
45
49
22
36
53
43
63
84
85
99
94
91
106
100
78
94
94
101
110
120
119
120
113
117
96
86
98
96
117
115
110
115
102
98
104
78
82
89
87
89
83
91
88
69
81
74
60
88
77
81
112
95
95
91
75
69
50
69
83
85
82
88
101
94
86
81
89
93
83
99
106
84
79
91
108
104
91
85
85
85
90
88
76
73
65
69
61
51
38
37
42
20
32
33
34
24
22
30
22
39
5
9
20
8
-2
-1
14
9
18
14
13
33
22
25
36
33
45
26
15
47
31
28
32
6
32
37
18
14
18
9
18
13
12
17
10
16
31
31
-3
19
20
1
9
-10
10
4
-4
13
-9
-10
-15
-22
-39
-38
-17
-16
-12
-17
-28
-22
-25
-37
-13
-10
10
16
18
37
43
28
33
40
46
62
69
83
87
92
89
93
102
91
87
110
104
121
130
128
145
156
139
138
136
124
124
119
121
122
122
117
112
117
96
82
95
96
93
94
79
52
64
46
63
64
53
75
74
52
67
59
67
60
51
68
62
63
65
62
50
60
59
47
45
46
46
43
45
37
43
34
40
34
29
34
12
40
33
23
31
19
14
19
0
-4
10
-3
1
-5
-16
-15
-18
-24
-30
-10
-41
-40
-36
-67
-57
-54
-66
-74
-68
-61
-56
-45
-47
-39
-47
-38
-30
-27
-22
-24
-12
-4
-9
-12
-10
-18
11
-21
-10
5
4
24
23
28
27
27
38
45
45
47
58
67
45
47
30
19
31
13
17
30
26
41
47
41
41
43
39
36
25
18
24
31
29
32
41
45
43
55
62
67
77
69
70
75
86
93
83
97
90
68
79
91
74
80
76
66
75
65
55
65
63
45
36
31
45
44
49
40
44
35
21
39
27
32
56
32
39
51
14
38
29
32
43
21
30
32
35
28
17
35
29
14
21
21
32
20
14
21
19
14
7
21
16
8
-6
-21
-26
-40
-49
-45
-39
-48
-69
-71
-81
-77
-68
-79
-69
-67
-57
-66
-75
-70
-76
-64
-63
-69
-77
-71
-80
-71
-77
-79
-89
-90
-98
-120
-111
-111
-107
-122
-134
-124
-138
-143
-149
-146
-135
-147
-156
-153
-175
-186
-179
-173
-170
-160
-151
-155
-145
-141
-142
-120
-129
-137
-135
-127
-131
-140
-143
-145
-170
-171
-141
-140
-132
-141
-144
-138
-124
-114
-119
-111
-96
-92
-89
-90
-96
-114
-100
-86
-93
-93
-94
-88
-74
-56
-50
-52
-38
-29
-25
-19
-7
15
19
17
9
12
13
11
35
39
37
47
38
56
65
48
63
54
67
64
57
62
56
65
41
24
35
16
12
28
11
17
9
1
2
18
8
6
2
6
10
7
1
-7
-7
-8
-16
-21
-18
-39
-35
-41
-41
-36
-35
-48
-37
-52
-58
-33
-57
-60
-54
-63
-63
-59
-80
-80
-94
-92
-77
-82
-92
-73
-75
-88
-95
-99
-93
-99
-83
-85
-80
-85
-98
-95
-100
-77
-76
-79
-69
-68
-59
-54
-51
-46
-49
-55
-42
-40
-47
-49
-54
-43
-49
-47
-49
-45
-55
-62
-61
-53
-54
-65
-45
-48
-54
-37
-30
-42
-29
-26
-46
-35
-45
-62
-62
-73
-61
-50
-67
-47
-38
-64
-76
-76
-67
-56
-53
-50
-42
-40
-24
-26
-43
-25
-38
-45
-20
-10
0
10
3
-4
3
-2
-1
17
3
17
17
15
23
24
38
22
38
18
23
-3
9
6
15
24
5
20
4
20
4
9
3
17
10
0
6
-17
-1
-16
-25
-12
3
-17
-7
11
-11
-1
-5
-6
1
4
2
3
8
-11
-9
-6
-22
-20
-11
-16
-11
9
2
3
-9
-28
-14
-29
-38
-39
-48
-49
-30
-54
-65
-60
-70
-78
-94
-88
-100
-114
-112
-125
-145
-132
-150
-140
-129
-159
-167
-156
-161
-151
-153
-142
-126
-120
-134
-111
-121
-130
-116
-136
-129
-102
-118
-102
-95
-109
-92
-110
-106
-107
-89
-93
-82
-92
-104
-90
-74
-87
-82
-69
-69
-67
-88
-91
-82
-63
-76
-64
-48
-50
-59
-58
-59
-49
-63
-51
-46
-51
-25
-51
-43
-34
-65
-35
-29
-53
-22
-55
-40
-51
-70
-46
-49
-77
-68
-66
-91
-93
-87
-106
-93
-82
-92
-92
-87
-77
-91
-89
-82
-80
-101
-84
-90
-76
-93
-105
-74
-90
-92
-69
-71
-79
-71
-78
-68
-64
-63
-81
-79
-81
-97
-90
-65
-77
-88
-72
-91
-70
-80
-86
-68
-68
-46
-50
-39
-42
-51
-37
-52
-48
-38
-59
-42
-38
-50
-67
-57
-52
-68
-47
-53
-42
-28
-38
-45
-27
-23
-37
-46
-36
-39
-32
-26
-23
-22
-36
-46
-39
-33
-41
-27
-35
-30
-39
-54
-48
-45
-41
-48
-43
-54
-43
-15
-25
-18
-21
-11
-20
-26
-19
-32
-9
-52
-39
-29
-52
-43
-35
-10
-33
-36
-43
-30
-44
-56
-43
-51
-49
-62
-76
-65
-65
-77
-72
-85
-88
-88
-81
-95
-82
-87
-104
-84
-99
-111
-95
-118
-112
-99
-106
-89
-115
-112
-99
-96
-92
-91
-98
-80
-102
-93
-80
-84
-60
-79
-61
-86
-90
-71
-65
-64
-67
-54
-61
-44
-44
-40
-36
-37
-28
-28
-8
-14
-9
-11
-15
4
23
10
13
22
20
22
29
41
37
14
22
34
28
12
31
17
-9
5
-8
11
-5
-9
-4
-13
-19
-14
-6
-15
-12
-21
-20
3
-4
-1
-5
3
12
22
20
24
28
12
39
40
38
26
31
41
21
26
36
37
26
18
15
26
20
7
13
-1
6
0
-19
-12
-9
-24
-23
-34
-38
-41
-61
-52
-51
-54
-68
-71
-82
-82
-74
-91
-96
-88
-96
-104
-79
-75
-85
-91
-78
-70
-66
-59
-48
-46
-45
-47
-48
-49
-38
-33
-48
-48
-37
-47
-49
-37
-52
-39
-26
-43
-51
-49
-50
-60
-53
-60
-64
-64
-82
-75
-69
-55
-67
-69
-50
-47
-43
-46
-43
-42
-43
-48
-54
-47
-58
-55
-52
-43
-32
-34
-39
-47
-25
-32
-45
-13
-31
-27
-4
-10
0
12
-2
23
17
10
11
5
17
21
37
42
43
37
39
53
42
25
55
55
70
71
77
64
90
77
64
88
74
98
99
90
107
115
98
106
118
106
96
85
71
79
90
87
89
84
82
69
59
74
69
58
59
49
57
43
51
57
35
38
51
32
27
22
-5
26
-7
-15
-3
-23
-24
-23
-39
-30
-30
-53
-38
-45
-58
-54
-65
-74
-63
-73
-69
-64
-66
-68
-58
-67
-77
-81
-71
-82
-79
-64
-68
-43
-51
-37
-41
-25
-38
-23
-14
-35
-28
-25
-41
-40
-22
-20
-24
-20
-25
-33
-16
-36
-26
-19
-34
-9
-14
-28
-5
25
-7
-12
5
2
7
19
16
23
33
0
28
44
23
56
54
54
72
65
60
88
76
78
76
71
91
70
86
89
95
88
86
93
90
78
68
73
86
86
85
82
86
85
79
82
82
83
79
84
76
81
71
80
71
58
78
51
59
64
53
67
61
45
63
51
45
58
53
57
47
40
47
38
32
35
53
54
48
49
44
33
68
60
54
62
53
65
65
67
90
83
74
78
61
73
92
72
81
83
64
84
87
80
96
88
80
97
80
70
60
61
51
72
65
54
63
56
56
65
59
48
59
54
52
64
44
53
44
29
39
39
22
32
31
21
40
48
33
53
64
58
64
64
79
78
99
85
87
96
77
90
56
54
55
43
42
51
45
55
62
47
34
22
18
15
17
9
18
-2
1
-12
-24
-22
-35
-28
-36
-17
-14
-20
-9
-8
-4
-5
-13
4
11
7
-4
21
23
25
27
21
30
34
40
55
45
59
75
58
61
81
87
103
101
94
116
116
105
123
127
119
126
124
125
111
124
120
123
118
116
116
118
118
117
115
103
115
100
105
106
107
108
110
101
85
87
94
99
80
99
81
76
78
59
59
54
38
33
31
40
37
27
24
28
23
15
13
19
29
34
31
34
39
58
41
47
67
74
75
75
73
88
88
88
73
87
81
70
73
48
55
65
55
64
73
48
46
48
34
57
46
45
42
22
26
6
12
13
1
2
11
4
18
7
-13
2
5
-6
17
0
1
11
-2
16
8
-1
-1
-3
7
-5
4
-10
-19
-13
-18
-11
-25
-33
-25
-36
-37
-42
-22
-29
-35
-48
-47
-51
-65
-39
-58
-33
-23
-27
-25
-34
-24
-24
-31
-32
-14
-13
-14
-8
0
2
9
13
26
23
26
37
42
46
53
63
63
64
62
68
65
92
101
81
85
84
91
105
103
100
110
81
79
88
61
70
59
53
57
37
34
30
34
31
32
36
58
32
29
27
32
56
31
33
24
24
14
15
16
29
36
27
33
28
12
9
18
16
27
14
9
-4
-15
-22
-33
-25
-25
-24
-9
-21
-4
1
-6
-2
-7
0
6
-3
-6
-12
-24
-14
-19
-24
-29
-13
-20
-26
-30
-32
-25
-38
-44
-35
-45
-45
-42
-41
-43
-32
-40
-46
-38
-30
-22
-26
-28
-28
-17
-22
-17
-23
-25
-35
-33
-26
-42
-29
-16
-15
-23
-11
-6
-11
-16
2
12
-5
1
9
17
25
19
25
31
31
32
41
29
42
40
46
62
41
50
37
28
48
51
52
46
39
31
40
32
38
46
40
33
38
34
40
47
59
66
66
47
58
50
35
65
50
38
56
45
38
55
33
43
51
21
12
29
31
20
11
6
14
25
2
1
4
-5
-1
11
-2
6
-2
-16
-34
-17
-17
-17
-37
-47
-35
-47
-42
-43
-48
-52
-63
-68
-47
-57
-51
-58
-55
-70
-66
-72
-71
-58
-74
-61
-52
-67
-54
-55
-45
-44
-57
-53
-47
-31
-35
-31
-37
-34
-33
-18
-34
-24
-8
-22
-9
-11
-14
-22
0
-13
-32
2
-26
-23
4
-18
-15
-10
-16
-7
-15
-8
0
4
-15
-24
-24
-40
-30
-26
-33
-31
-33
-38
-19
-19
-44
-36
-22
-24
-41
-50
-40
-48
-51
-42
-43
-40
-44
-52
-42
-37
-32
-29
-46
-38
-48
-49
-46
-42
-46
-59
-52
-46
-44
-36
-46
-42
-30
-18
-35
-30
-24
-33
-29
-47
-44
-45
-46
-34
-37
-50
-46
-45
-39
-29
-40
-32
-17
-20
-26
-33
-12
-18
-20
-26
-18
-5
-10
2
6
-8
0
-4
-2
-3
-15
-15
-11
-10
-3
9
2
-19
-27
-37
-39
-45
-55
-49
-51
-60
-73
-63
-69
-76
-84
-88
-84
-78
-85
-85
-99
-98
-76
-83
-88
-98
-87
-102
-100
-98
-99
-76
-87
-87
-81
-81
-61
-53
-56
-42
-48
-31
-25
-32
-26
-40
-30
-34
-22
-42
-48
-33
-25
-27
-34
-42
-36
-50
-48
-51
-50
-39
-63
-70
-85
-76
-78
-95
-87
-97
-109
-108
-104
-114
-98
-113
-115
-118
-119
-125
-117
-116
-110
-119
-138
-104
-109
-83
-121
-93
-109
-117
-116
-120
-97
-115
-109
-104
-101
-82
-75
-93
-91
-89
-84
-70
-72
-54
-45
-45
-52
-67
-71
-67
-75
-69
-60
-68
-65
-73
-80
-89
-79
-99
-92
-84
-95
-82
-77
-87
-69
-75
-73
-80
-79
-89
-85
-69
-79
-79
-64
-79
-94
-84
-86
-81
-98
-89
-102
-101
-88
-90
-73
-72
-76
-92
-86
-94
-97
-83
-73
-72
-55
-58
-81
-70
-75
-67
-65
-75
-65
-47
-61
-58
-56
-55
-52
-60
-66
-71
-74
-76
-74
-64
-74
-86
-78
-94
-101
-97
-112
-99
-106
-118
-125
-144
-142
-151
-138
-153
-154
-144
-149
-151
-136
-143
-154
-136
-157
-136
-127
-143
-128
-108
-130
-126
-114
-128
-97
-81
-90
-70
-81
-82
-66
-56
-59
-63
-60
-60
-54
-57
-64
-67
-44
-65
-52
-58
-76
-52
-73
-74
-79
-79
-83
-90
-66
-80
-88
-87
-101
-102
-103
-96
-76
-72
-77
-70
-64
-63
-66
-53
-57
-53
-48
-45
-40
-41
-50
-55
-32
-38
-57
-53
-66
-74
-74
-90
-82
-81
-112
-99
-122
-109
-114
-116
-108
-129
-120
-127
-115
-126
-114
-121
-104
-114
-121
-120
-102
-95
-105
-65
-95
-80
-75
-96
-82
-78
-93
-68
-80
-66
-71
-79
-51
-49
-48
-35
-35
-39
-15
-26
-22
-18
-20
-21
-42
-49
-38
-36
-34
-19
-23
-38
-42
-58
-57
-57
-70
-65
-58
-71
-56
-61
-64
-45
-67
-56
-43
-51
-40
-41
-38
-50
-34
-27
-37
-8
-23
-25
-20
-34
-29
-31
-22
-15
-31
-20
-26
-35
-21
-36
-35
-35
-34
-32
-38
-29
-27
-28
-26
-35
-44
-37
-43
-39
-25
-26
-26
-28
-28
-16
-23
-13
-8
-9
-25
-21
-21
-25
-23
-29
-22
-24
-17
-19
-22
-22
-24
-55
-36
-40
-51
-48
-61
-54
-49
-41
-42
-50
-39
-40
-36
-38
-36
-22
-17
-4
-13
2
-9
-7
-4
16
16
10
11
11
6
-6
-5
-16
-7
5
-4
21
7
14
12
4
6
21
16
6
6
7
3
-8
-8
-3
-12
-24
-19
-21
-33
-22
-20
-39
-42
-56
-45
-44
-69
-61
-68
-74
-65
-74
-90
-84
-79
-77
-67
-64
-60
-65
-68
-48
-43
-39
-20
-10
0
12
10
24
34
32
42
35
44
46
24
22
33
30
36
30
46
43
32
31
23
38
32
27
28
23
21
15
3
1
2
11
11
10
9
8
0
7
15
16
17
18
13
17
46
26
25
35
5
13
6
-2
13
21
21
2
7
13
18
19
17
20
4
8
-3
-8
5
2
8
14
8
20
16
9
14
18
33
21
14
15
21
13
16
8
3
10
17
9
-1
2
-3
15
16
6
-14
-15
-12
-12
-18
-20
-30
-33
-20
-18
-37
-46
-41
-40
-34
-39
-22
-12
-16
-19
-26
0
2
-3
-5
4
10
-4
-13
-5
-20
-25
-12
-6
-24
-7
7
5
29
11
12
18
14
11
30
58
44
53
51
30
37
24
26
53
63
58
64
86
88
97
80
62
72
67
85
88
81
71
58
50
60
39
55
67
65
66
46
60
32
22
30
36
50
42
50
33
7
-1
-17
-12
-26
-35
-27
-33
-34
-34
-45
-55
-38
-25
-39
-11
-5
12
24
11
16
16
24
26
52
51
65
62
53
51
26
55
48
52
75
69
93
127
113
102
103
68
68
65
61
55
59
70
87
48
18
34
5
18
29
33
46
41
26
17
-2
3
9
3
14
34
11
-8
-10
-35
-25
-32
-17
-22
-13
-13
-42
-57
-37
-34
-30
-1
37
38
28
33
9
-7
4
23
28
89
67
75
90
62
48
77
84
49
72
68
92
83
74
98
97
59
84
87
21
36
39
28
69
89
65
90
36
0
-4
-18
-16
-15
-20
-1
17
36
41
23
41
6
-11
9
16
35
65
92
120
110
89
71
32
6
65
55
77
106
104
127
135
97
89
121
81
91
77
85
115
104
156
192
165
142
106
52
56
133
136
166
163
144
122
98
56
37
87
16
77
68
40
68
97
30
34
94
39
105
68
35
82
10
23
128
70
108
157
57
59
112
68
70
93
96
138
136
91
137
104
86
125
117
62
97
121
89
123
113
82
79
112
86
70
63
62
35
52
121
99
66
100
50
43
-8
31
33
89
60
61
45
59
119
47
88
9
52
16
62
47
18
2
20
-37
52
83
-20
46
-36
-73
1
12
4
84
-24
11
64
-21
-46
-1
-26
-2
30
-1
47
-61
-39
46
-51
50
40
-44
35
39
-102
32
77
5
77
81
91
59
6
15
14
-11
71
185
89
67
135
45
22
149
63
118
24
30
105
81
84
235
-36
-28
120
-1
70
-48
182
39
173
154
109
133
73
24
71
102
108
270
52
112
262
-64
104
193
-67
276
21
126
213
6
74
298
4
71
227
-66
180
286
10
215
109
-116
211
104
22
83
85
147
239
-87
180
127
-171
210
149
10
122
67
65
165
-69
3
80
-67
-15
63
47
-16
92
-22
12
54
-17
3
154
-2
-78
91
83
-42
-24
-59
133
104
-110
299
-91
-168
158
-179
-9
280
12
241
112
11
144
-71
-111
264
-172
45
456
-37
46
47
81
12
171
-61
335
19
-70
482
-100
98
292
-104
19
196
-109
238
-20
79
173
26
47
321
-133
114
147
-126
233
1
87
35
32
-74
83
100
15
143
2
-30
12
104
91
-57
68
45
68
2
-11
105
-204
28
125
78
-23
166
14
-41
128
-9
141
93
-17
102
-52
118
244
-110
262
214
-70
303
145
-20
185
44
104
204
96
22
347
-160
150
119
-12
406
65
-30
498
-115
-43
335
64
-107
217
43
-52
39
-38
406
-150
159
81
-51
43
18
-36
252
89
10
298
-60
85
34
0
69
127
-47
295
179
-262
187
71
25
179
24
230
-29
73
25
157
36
60
55
162
183
-207
402
-63
-18
325
94
-4
172
-267
526
43
-281
511
-63
-169
181
-47
-176
226
-210
235
-53
-177
303
-344
-244
472
-443
-27
235
-360
-96
190
-240
112
-336
31
162
-677
16
371
-333
-132
364
-287
-51
64
-197
-136
236
-384
361
141
-184
27
116
-32
-122
90
-67
60
-71
11
277
-257
86
167
-352
116
-119
-50
-73
65
-80
83
23
-252
302
-27
-92
117
-93
230
-286
326
-35
-51
-22
484
-296
-291
809
-639
-259
644
-278
-129
82
-157
72
-292
-48
356
-358
-397
630
-683
171
214
-309
107
43
-131
-143
204
-247
199
-168
312
-260
101
38
5
-23
-271
269
-135
-116
334
-237
194
-279
235
-163
31
81
-98
12
59
79
-342
643
-665
458
22
-498
640
-501
267
139
-507
541
-500
154
346
-382
-214
678
-794
277
138
-506
493
-500
317
-93
-62
-242
542
-510
278
-284
103
-126
180
153
-541
602
-227
-307
482
-192
-575
632
-345
30
338
-436
363
-91
-275
461
-308
-144
358
-317
4
371
-502
597
-244
-503
280
-561
349
-79
-294
70
277
-547
298
4
-496
174
-635
542
-218
-114
258
-494
174
-101
-338
272
-196
-297
504
-894
118
718
-1765
1539
-354
-1116
1187
-957
-83
888
-1278
406
867
-1799
1527
-194
-1044
972
-457
-483
865
-675
25
508
-571
506
-72
-244
525
-375
-36
22
402
-116
12
518
-328
123
-271
329
-545
47
458
-763
787
-420
116
-160
150
-328
217
239
-536
616
-870
501
20
-370
-49
190
-428
-256
445
-427
141
-103
-166
384
-389
173
-55
-17
-664
774
-349
-130
149
-107
-157
-333
439
-544
640
-681
490
-208
70
-363
153
-151
114
116
-466
512
-552
-131
110
-64
-262
329
-324
366
-31
-202
-91
181
-606
339
-49
-57
-54
-394
431
-677
443
-735
561
-592
125
134
-163
-53
-166
327
-634
238
-630
264
-90
-554
206
-11
-259
29
75
-405
-365
282
-302
171
-408
16
207
-423
39
196
-428
-108
345
-173
-19
58
40
-114
183
-114
-110
94
-83
-205
587
-525
245
-25
-344
328
-163
-302
204
7
-670
619
-177
-219
150
72
-609
807
-535
17
298
-543
-201
815
-1055
461
383
-933
362
129
-464
184
105
-593
536
-688
304
-237
-9
-399
681
-911
531
86
-890
578
-260
-295
18
292
-433
371
-634
392
66
-917
882
-373
-516
834
-576
84
-72
-62
-185
369
-831
479
-71
-284
633
-637
745
-829
531
-290
35
-127
14
-77
243
-461
344
-32
-629
747
-712
93
457
-476
-408
893
-1155
814
-912
287
-534
213
-730
816
-780
-386
994
-1241
410
-545
445
-1235
1210
-932
632
-960
731
-830
325
-368
-83
303
-526
417
-209
147
-717
1089
-1374
973
-199
-397
283
158
-224
204
-130
-232
388
-199
138
-103
320
-677
870
-358
104
143
-160
145
-154
164
-563
742
-716
443
-22
-329
392
-134
-183
-5
384
-860
700
-305
-237
95
-407
189
-418
-161
236
-420
-3
-166
107
-116
-223
252
-29
-375
-2
598
-932
671
-491
260
-67
-301
442
-248
44
-167
268
-312
199
-79
279
-215
183
11
15
91
-268
134
-90
-601
984
-644
-152
503
-537
-16
377
-532
34
745
-1320
1249
-776
140
181
-376
471
-311
-48
118
179
-531
349
51
-94
122
-154
350
-331
-122
697
-860
442
-51
-109
430
-834
914
-685
257
-108
430
-762
453
-6
-546
904
-1001
643
-390
-24
-92
42
-430
112
132
-390
544
-302
-98
185
-542
309
-226
-102
295
-316
199
-158
380
-737
755
-761
253
-91
-236
588
-664
731
-706
573
-446
273
36
-441
747
-833
825
-490
313
-173
-65
340
-481
705
-707
628
-701
449
-235
240
-206
-132
267
-398
282
-418
318
-72
-431
333
318
-807
464
176
-502
185
450
-805
770
-709
246
161
-545
474
-338
190
-698
991
-835
216
96
-492
302
-15
-231
-286
747
-1268
1235
-786
-128
383
-484
-43
408
-492
111
167
-461
461
-249
283
-398
490
-605
451
-566
346
105
-252
295
-94
293
-495
572
-677
294
191
-556
680
-322
-8
431
-591
601
-262
-66
-182
244
-151
-164
386
-674
791
-821
397
294
-578
372
137
-176
-112
519
-435
-8
402
-889
1256
-1203
765
30
-455
663
-639
655
-912
980
-874
244
296
-417
-29
81
-139
-895
1186
-1138
194
372
-761
511
-404
-329
355
-451
-13
121
-5
-568
792
-772
57
285
-803
322
-290
-10
-67
353
-875
682
-153
-653
705
-654
220
-239
184
-102
116
-554
304
47
-730
828
-663
349
-262
94
173
-349
24
135
-146
-387
628
-866
458
-308
-299
544
-679
141
11
-479
613
-625
251
-12
-171
-222
327
-712
803
-628
-164
715
-1052
349
-16
-334
-59
301
-678
751
-986
817
-773
471
-657
653
-1058
1014
-834
282
64
-468
407
-278
441
-743
1098
-1132
786
-370
-113
445
-248
37
595
-632
428
-33
-310
182
-16
-402
569
9
-412
1023
-973
662
-160
-27
-75
326
-278
296
83
-250
524
-292
-574
919
-460
-42
230
38
-267
309
-96
-67
373
-268
103
297
-196
-295
371
-311
-33
574
-412
120
517
-664
637
-472
177
-26
-38
-11
591
-318
-50
491
-776
617
-730
757
-775
494
207
-260
756
-169
-276
372
-515
8
474
-350
293
583
-947
1160
-533
-603
1253
-1338
904
99
-526
975
-283
-77
229
216
-420
824
-672
655
-426
290
214
-315
342
-71
136
61
267
-703
689
-424
426
-210
169
43
-71
97
166
-93
184
-48
-72
169
75
-260
525
-374
221
377
-927
1356
-1087
399
18
296
-333
531
-245
85
45
-694
701
-676
324
-10
-287
405
-356
237
-78
-193
-20
75
53
-10
201
-182
257
-233
379
-312
317
-3
-489
885
-646
628
-369
423
-363
546
-428
557
76
115
209
-123
517
-443
481
-118
-49
36
352
-246
581
-602
783
-300
281
103
400
-57
-226
904
-960
1232
-1120
930
-552
248
-503
902
-765
562
-70
-67
319
-434
200
264
-507
415
-57
-97
551
-484
-127
-115
168
-447
805
-903
1027
-823
588
-90
-276
329
-577
883
-952
1025
-755
554
-400
128
375
-611
993
-967
694
-144
-133
537
-339
563
-389
653
-359
404
263
-733
906
-352
368
-73
-95
532
-587
606
-364
724
-559
221
375
-438
801
-496
435
-276
255
-189
175
-72
-99
161
176
168
-200
364
18
135
-35
146
-9
125
-278
603
-426
70
208
5
93
188
106
-200
365
-331
191
-270
447
-490
717
-754
786
-242
-387
717
-608
121
-213
439
-525
771
-661
209
220
-504
401
-122
-267
324
173
-163
562
-326
291
-319
9
230
-225
278
285
-212
171
254
-281
572
-160
-84
371
-82
401
-180
277
-152
-191
566
-306
603
-362
295
-7
25
220
1
67
-340
687
-621
421
177
-562
615
-271
46
38
109
-142
115
204
-152
202
-478
785
-310
-190
495
-470
400
-214
216
95
-140
360
241
-495
1002
-929
732
99
-540
829
-137
-138
325
-40
-298
765
-527
305
664
-1032
1310
-536
-133
721
-693
222
155
118
157
71
-188
279
-99
430
-240
27
-142
422
-314
788
-641
674
-440
140
284
-434
295
-316
510
-377
815
-820
666
-225
69
-316
446
-129
102
-70
-53
210
-481
348
-153
-60
-230
246
-376
357
-472
103
74
-316
285
-8
-466
267
-195
-432
720
-801
466
-510
189
-41
-82
-218
114
231
-514
486
-403
-8
-25
42
-14
141
-267
185
259
-377
530
-353
-30
849
-761
793
-81
-341
642
-99
-162
282
16
93
367
-442
871
-856
681
-22
188
190
-283
485
175
22
269
-150
122
258
-233
232
83
-212
22
629
-309
795
-633
752
-148
243
-182
257
-338
415
-135
258
202
-581
579
217
-355
309
-60
-267
465
-403
817
-446
384
-582
1167
-993
672
-325
-380
373
0
257
378
19
-452
595
-883
688
-340
120
175
172
-17
619
-727
381
-430
-227
503
-615
994
-566
88
256
-266
57
392
-301
275
-493
424
-144
351
-755
823
-914
424
-265
-296
839
-1251
1153
-859
289
188
-286
-287
94
-285
-353
795
-840
231
-556
41
-50
67
10
-556
-89
-78
231
-354
-116
351
-659
381
483
-862
79
-86
205
-578
377
-616
581
-747
335
86
-699
444
340
-175
-373
194
-738
617
-478
505
-411
43
-314
912
-325
190
-53
-265
109
237
-260
253
-78
129
361
-387
751
-959
529
-425
459
-533
437
139
-3
5
-125
70
-642
1022
-523
158
314
139
-108
288
-348
409
-773
466
-74
195
-355
187
270
29
168
-294
266
-334
656
-367
444
-252
-114
357
-809
203
96
-643
457
-220
361
-359
36
-44
-279
-445
274
-288
33
302
-583
232
-262
-12
-688
886
-1160
917
-622
287
-68
-589
386
-757
435
-690
400
-858
468
-384
-273
345
-750
-71
-169
-791
751
-1352
695
-684
20
81
-1062
511
-832
218
-898
770
-1300
559
-157
-528
45
-539
-83
-356
-560
637
-1045
198
-409
108
-678
235
-311
-326
210
-696
386
-1133
725
-1087
265
-243
-509
-109
-444
225
-599
182
-936
803
-1285
582
-422
-474
272
-638
149
61
-390
-393
456
-562
-156
72
-666
801
-640
-321
616
-1067
483
-462
-293
217
-291
-505
549
-461
-445
249
-672
66
-198
-439
379
-495
434
-111
-712
524
-726
-264
-62
149
-754
903
-635
-162
608
-1405
990
-918
-24
489
-1157
881
-569
44
-524
239
-487
-291
33
-386
433
-1102
1068
-1342
503
-330
-40
-617
285
-409
-199
309
-509
59
-769
478
-796
433
-473
-131
-140
-96
-564
415
-448
-198
403
-661
-217
878
-1582
351
589
-1892
1422
-534
-809
548
-192
-814
190
-648
62
-258
-532
136
77
-899
633
-388
-793
728
-308
-701
199
-330
-575
-68
-226
133
105
-1500
1775
-1064
-1069
1791
-1948
1028
-1019
678
-109
-188
49
-222
-116
-737
622
-1107
356
-624
621
-809
349
635
-1150
140
49
-795
542
-427
706
-482
19
-33
-586
7
-872
551
-302
504
-816
1139
-1464
1123
-906
-24
253
71
-646
789
-259
-1170
1582
-2285
1252
-44
-676
580
584
-1598
1391
-728
-597
739
-478
-1048
1598
-887
-450
1609
-1767
678
63
-712
248
-108
-1091
1402
-916
-45
715
-794
75
186
-469
17
-55
-373
143
-383
530
-888
624
-640
175
-44
-285
136
-179
224
-279
-14
-346
633
-737
54
361
-136
-169
-208
663
-1046
128
314
-664
742
-590
96
157
-1084
454
301
-1156
597
145
-1306
940
-327
-620
321
-567
430
-204
-834
856
-628
-73
-241
422
-478
-182
303
-394
138
-368
521
-540
84
101
-798
334
-454
428
195
-848
826
-604
-56
-199
-118
-316
216
-496
396
85
-630
752
-640
-134
-12
-588
105
-79
-252
101
-9
-94
60
-213
-145
188
-417
146
-72
-223
69
-56
-198
125
-174
-244
103
-281
-126
-21
-528
333
-514
-130
-289
-163
179
130
106
-57
377
-566
120
-294
-35
-304
266
-56
-14
-32
-255
-335
115
-282
57
455
-418
417
-247
-175
-91
-217
-212
12
-372
76
-28
-308
107
-130
-462
217
-492
296
66
-296
564
-65
-88
283
-383
14
126
-356
498
91
-236
247
-183
-81
119
-227
155
-82
136
7
-89
141
48
484
-342
502
4
-428
335
-398
384
-353
387
149
53
378
-174
401
-344
-159
432
-326
-153
694
-249
-61
5
-166
67
-43
9
333
-571
107
543
-450
131
60
-125
-90
17
-95
-147
18
-350
-9
-90
-51
288
-401
426
-229
81
-179
488
126
-383
521
-143
-99
33
78
-318
284
-239
250
230
-159
342
-76
-94
145
-73
-216
25
-35
-187
-114
319
-128
13
126
130
141
27
18
494
-195
240
448
-239
546
69
-163
262
-4
-98
485
-166
-10
367
-442
442
-47
-166
-53
-4
-164
178
329
-191
482
-311
91
206
-172
406
125
-167
385
297
-116
467
273
43
-71
123
376
196
133
222
231
172
209
239
35
240
-99
118
235
138
-15
206
159
61
381
190
-13
495
12
62
707
80
310
156
49
423
-126
-231
346
101
200
702
-97
113
-65
-250
336
-214
298
127
304
326
401
83
-237
493
-40
336
89
333
-20
121
203
122
-24
-73
69
-13
211
245
121
127
262
-11
-66
130
54
23
183
2
179
293
33
-138
253
57
32
-72
326
-56
-417
68
6
-88
-68
138
-37
-115
182
274
-4
194
450
-91
256
421
144
322
98
455
618
313
497
332
269
294
420
231
325
437
218
580
510
164
339
223
298
334
108
251
485
204
252
674
7
235
335
61
593
300
279
272
407
300
356
252
125
291
149
292
411
-24
37
121
108
33
251
-186
50
85
-249
86
-35
-169
-120
-233
-239
-96
-378
-135
-373
-462
-450
-288
-259
-221
-223
-440
-148
-249
-291
-330
-301
-367
-231
-297
-276
-117
-251
-268
73
64
-74
-113
103
97
80
140
364
433
489
407
587
368
338
499
374
1045
742
1033
1112
954
1000
897
959
1172
1057
1308
1383
1456
1602
1192
1479
1351
1367
1405
1342
1667
1711
1472
1640
1539
1503
1276
1299
1567
1376
1751
2175
2149
2171
1699
833
184
-470
-630
-718
-636
-586
-711
-1115
-1629
-2382
-3092
-3337
-3552
-3188
-2892
-2623
-2516
-2784
-3141
-3658
-4155
-3939
-3952
-3227
-2693
-2100
-1653
-1414
-1440
-1499
-1450
-1327
-1008
-443
269
518
729
764
519
261
14
-4
261
433
676
1028
1110
1012
977
1043
929
1139
1314
1783
2219
2635
3173
3334
3891
4369
4821
5196
6093
6594
7132
7605
7792
7753
7174
6794
5955
4244
1448
14
-434
-267
134
-483
-384
-1271
-3506
-5069
-6275
-7011
-7875
-7783
-6220
-4265
-4095
-3916
-3426
-3872
-5273
-5867
-4204
-2286
-819
644
2921
4454
3980
3239
3296
2832
1738
1356
2451
3908
3500
2732
2371
1205
-1417
-3810
-4824
-4740
-4959
-5293
-4037
-4126
-4842
-5809
-6477
-5532
-6031
-5824
-4215
-2611
-1524
-1039
-534
-152
-191
-461
521
1625
2380
2639
2807
2958
2664
2150
1744
2188
2040
1925
2026
2283
2358
1982
1575
1701
1907
2250
3058
4188
5424
6704
7915
8525
8953
8719
8754
9159
8193
7733
5141
897
564
-486
973
1854
-480
152
-1891
-5290
-6427
-8637
-9066
-8950
-9873
-6315
-3702
-4248
-3618
-4328
-4825
-5728
-6548
-3138
-188
1742
3089
5309
7015
5522
4169
3764
3417
2232
1700
3394
5096
4059
2331
1178
-750
-3754
-6456
-6669
-5635
-5766
-5762
-4283
-3749
-4245
-5461
-5715
-5220
-5820
-5988
-3998
-2097
-382
320
907
1986
1336
945
1216
1846
1966
1885
2085
2585
2208
1241
385
-233
-1049
-1703
-1988
-1709
-1361
-1545
-1324
-587
134
540
1452
2550
3824
4989
5631
7020
8565
10111
11631
12206
12841
12868
12542
11804
9706
7600
2706
-1534
-1965
-3051
-1253
-1907
-3719
-3292
-7117
-10388
-12104
-14014
-13573
-13029
-11232
-5692
-3241
-3012
-2199
-2782
-3296
-4259
-3094
1416
4521
6722
8999
11325
11538
8685
6690
5195
3460
1879
1807
3565
4007
1862
-115
-2407
-5537
-9229
-11034
-10140
-8846
-7811
-6290
-4354
-3446
-4191
-4797
-4493
-4459
-3877
-2324
597
3052
3838
4231
4082
3441
2353
1578
1529
1878
1700
1253
922
-146
-1674
-3499
-4879
-5272
-5426
-5225
-4617
-3799
-3327
-3103
-2519
-1784
-539
520
2215
4386
6792
8647
9564
10796
11218
12268
12933
13562
14328
14114
13466
12133
9588
6056
-199
-5246
-5983
-6700
-4864
-4882
-5695
-4975
-8862
-11913
-13101
-14705
-13598
-12423
-8673
-2043
405
1463
3035
2538
1727
706
2155
6566
8776
10978
13364
14834
13312
9052
5989
3258
103
-1852
-1695
-526
-1126
-3582
-5281
-7597
-11010
-14075
-14869
-13601
-11721
-9738
-6699
-3796
-3268
-3368
-3161
-2280
-1764
-868
937
2852
4267
4696
4845
4720
3353
2021
852
-26
-446
-1712
-2379
-3291
-4538
-5671
-6990
-7513
-7343
-6943
-6100
-5226
-4093
-2946
-2005
-470
1503
3133
5422
6953
9082
11106
11907
12800
13111
13416
13781
14277
14959
15084
14157
12552
10978
8010
4012
697
-5774
-9034
-9145
-9703
-6204
-6660
-7379
-6325
-9908
-11512
-11707
-12305
-9281
-6957
-2863
3877
5445
5976
6494
4928
4223
2741
4279
7879
9184
10298
10737
10217
6817
1926
-1353
-4014
-6440
-7784
-7235
-5809
-6427
-8189
-9620
-11224
-13590
-14902
-13796
-10837
-7632
-4884
-1660
921
1812
1823
2049
2542
2841
3086
4413
5487
6073
5659
4719
3729
1584
-574
-2354
-3386
-4489
-5299
-6107
-6354
-6678
-7751
-7696
-7334
-6184
-4988
-3850
-1882
-492
1275
3135
5065
7020
7925
9024
10302
11627
13064
13709
13446
13410
12188
12001
12686
11667
11173
8811
7092
5599
881
-1848
-5452
-11457
-12511
-12883
-11015
-6739
-8137
-6678
-6093
-9389
-9159
-9959
-8252
-4236
-2687
2772
8188
8666
8770
7653
5976
4573
2798
4721
7611
8369
8562
8005
6449
2410
-2494
-5226
-7120
-8963
-9357
-7941
-6298
-6393
-7905
-8559
-9817
-11345
-11140
-8964
-4928
-1598
1112
3877
5102
4772
4278
4074
3997
3623
3988
4414
4489
3695
1987
352
-1621
-3996
-5831
-7021
-8005
-8312
-8714
-8298
-8414
-8621
-8164
-7459
-5853
-4388
-2659
-607
1082
2871
4266
5794
6958
7472
8518
9528
10526
11455
11729
12066
11432
10362
8949
8566
9413
8946
9225
8261
7018
6418
2640
-1264
-3273
-9988
-11713
-9965
-8668
-2038
-2727
-2882
-701
-5450
-7014
-7775
-8097
-3780
-2185
1558
8206
8312
6997
5386
2066
688
-1886
-621
3629
5143
5972
5712
4693
1368
-3713
-6836
-8327
-9713
-9458
-7481
-4795
-3916
-5472
-6515
-7847
-9464
-9440
-7609
-3844
-206
2267
4884
6202
5706
4805
3662
2728
1735
2053
2666
2992
2742
769
-823
-3079
-5355
-6745
-7821
-8372
-8285
-7939
-7628
-6879
-7162
-6839
-6144
-5396
-3519
-1678
779
2574
3755
4801
5470
6184
6756
7170
8089
8834
9295
10213
10107
9888
8904
7986
7101
6780
6750
6913
8012
7373
7447
6173
1802
-337
-6165
-11182
-9051
-8705
-3394
430
-651
2240
-865
-5457
-6209
-9409
-7425
-4045
-1700
5928
8667
7655
7186
3045
262
-2374
-3494
487
2992
5123
6864
6394
4361
-781
-5533
-8291
-10883
-11042
-8899
-5625
-2964
-3455
-4539
-6225
-8881
-10285
-9675
-6885
-2913
955
4385
7059
6787
5332
4187
2560
1579
1186
1835
2650
2879
1674
-97
-2024
-4900
-6840
-7995
-8856
-8852
-8538
-8051
-6972
-6717
-6353
-5122
-4438
-2858
-1244
355
2765
3919
5247
6234
6719
7259
7430
8020
8658
9089
9453
9419
9154
9123
8613
7682
7128
5972
5223
6139
6178
7809
8357
6658
4127
705
-5143
-10690
-10388
-9140
-3822
-631
-227
2687
-392
-5230
-7933
-11109
-10207
-7475
-4113
3971
8257
7117
6775
3292
-225
-3058
-4718
-879
2040
4121
6699
7374
5345
331
-5178
-8909
-11711
-12658
-9990
-5887
-3125
-2767
-3892
-5671
-8264
-10272
-9713
-7115
-3158
952
4855
8019
8531
7581
5967
3911
2044
1246
2047
2742
3413
3091
1231
-906
-4148
-6704
-8388
-9640
-9672
-8868
-7413
-5920
-4896
-4554
-3898
-3626
-2774
-520
1856
4329
5704
6845
7637
7698
7856
7575
7856
8275
8483
9338
9799
9499
9026
7114
5777
4660
3708
4409
5197
6855
7862
7745
5491
1103
-2091
-9491
-13141
-11229
-9342
-2370
-368
100
2609
-2820
-7472
-9560
-12511
-9205
-6359
-1929
7334
8745
8079
7133
2622
28
-3656
-3957
448
2889
5531
8251
8079
5058
-768
-6613
-10135
-12698
-12640
-8925
-4940
-2464
-2126
-3319
-5094
-8022
-9988
-8958
-6554
-2444
2359
6309
9545
9308
7560
5589
2537
547
206
1062
2154
2836
2186
786
-1490
-5063
-7793
-9755
-11031
-10083
-8446
-6552
-4298
-3756
-3400
-2921
-2993
-1443
590
2855
5323
6935
8313
8921
8631
8049
7539
7237
7588
8043
8789
9276
8760
7478
5925
4478
3194
3088
3526
4669
6270
7046
6460
2134
-1062
-7205
-13610
-12422
-11497
-5655
-945
-692
2463
319
-4902
-7212
-10879
-10383
-6800
-4437
3874
9033
8494
9094
5384
1875
-1094
-4154
-1571
1026
3214
6474
7550
6421
2466
-3331
-7800
-11579
-13428
-11606
-8056
-4570
-2451
-1889
-2768
-5046
-7660
-8523
-7758
-4619
-328
3991
8385
10035
9633
7842
4753
1910
43
23
639
1683
2487
2126
479
-2570
-5830
-8608
-10358
-10603
-9180
-7376
-5422
-3604
-2911
-2287
-1889
-1634
-252
1539
3774
6183
8107
9484
9820
8934
7988
7294
6847
7333
7925
8670
8857
8098
6561
4688
3999
3439
2918
3830
4384
5457
5969
1700
-716
-6296
-13189
-12261
-12199
-7410
-2205
-2539
967
511
-4087
-5499
-9020
-9563
-6537
-5431
1258
6878
7330
8869
6628
3547
1247
-2050
-1083
978
2166
4966
6481
6122
4158
-304
-4362
-8186
-11373
-11277
-9395
-6669
-4340
-3043
-2617
-3951
-5693
-6799
-6704
-4906
-2305
1489
5141
6754
7506
6986
5570
3835
1241
223
-156
-254
379
203
-594
-2076
-4172
-5934
-6982
-8100
-8418
-7762
-6720
-5000
-3244
-1820
-370
432
1000
2484
4223
5627
7191
7917
8621
8888
8589
8746
8591
8804
8484
8163
8028
6953
6107
5648
5060
4725
4764
4757
5272
4526
418
-2154
-7351
-12025
-10994
-10903
-6800
-3364
-3301
-404
-856
-4080
-4905
-7560
-8128
-5579
-4671
472
4848
4974
6706
5509
3201
1892
-465
-117
864
995
3190
4914
4647
3775
743
-2521
-5579
-9088
-10082
-9385
-8498
-6624
-5090
-4141
-3855
-4676
-5228
-5246
-4572
-2753
-140
2748
5610
7276
8084
7761
5979
4003
2313
1030
866
1194
1493
1335
42
-1367
-3301
-5334
-6607
-7602
-8166
-7630
-6448
-4904
-2993
-1463
-212
952
1582
2462
3729
4735
5934
6820
7555
8484
8733
8728
8623
8194
7952
6852
6037
5696
4729
5015
5297
5205
5667
4627
2826
388
-2984
-6726
-9720
-9969
-8492
-5956
-4096
-2721
-1596
-1997
-3323
-4800
-6156
-6484
-5859
-4872
-2243
-50
1044
2442
2685
2257
1413
363
356
367
643
1965
3470
4524
4831
4216
2901
763
-1772
-3556
-4732
-5430
-5485
-4830
-4129
-3638
-3219
-3118
-3153
-2990
-2736
-1912
-768
78
1220
2168
2823
2891
2327
1723
681
-254
-457
-495
-601
-821
-1109
-1413
-1898
-2463
-2994
-3563
-3927
-3862
-3551
-2730
-1681
-518
878
1935
2955
3847
4481
5010
5215
5249
5373
5199
5209
5229
5172
5177
4605
4199
3689
3498
3160
3026
3194
2862
2945
2189
703
-698
-2845
-3581
-2849
-2079
-498
226
784
1720
1095
276
-578
-2160
-2866
-3764
-4630
-4243
-4381
-3651
-2520
-2202
-1673
-1836
-2022
-2115
-2733
-2653
-2017
-1386
-54
1069
2073
2670
2065
1423
310
-1008
-1946
-2613
-2251
-1833
-1517
-1087
-816
-540
-536
-538
-421
-378
-348
-78
174
703
830
304
-1
-707
-1018
-1138
-1223
-873
-943
-1117
-1354
-1567
-1590
-1814
-2105
-2181
-1954
-1443
-920
-76
724
1372
1819
2275
2773
3343
3906
4006
3928
3740
3007
2459
2056
1658
1388
1188
1234
1034
940
811
664
360
304
347
838
1680
2158
2418
2277
1652
1156
827
1172
2046
2480
3154
3941
3809
3323
2490
1045
-4
-1576
-2876
-3742
-4294
-3967
-3619
-3008
-2456
-2304
-2141
-2341
-2672
-2939
-3132
-2892
-2441
-1667
-779
-226
-166
-535
-1123
-1661
-2134
-2234
-2028
-1903
-1498
-1125
-818
-443
-286
55
323
454
781
963
1170
1114
500
-194
-996
-1518
-1565
-1348
-755
-427
-360
-468
-905
-1334
-1541
-1598
-1374
-1052
-393
487
1106
1833
2170
2361
2638
2751
3079
3278
3364
3140
2625
2220
1292
494
-142
-639
-499
-512
-239
13
-37
-154
-564
-773
-689
-288
681
2013
3289
4052
4494
3800
3001
2723
2507
2753
2797
3283
3837
3924
3240
2260
1132
-234
-1520
-2704
-3242
-3250
-3098
-2669
-2186
-2009
-2040
-2199
-2359
-2736
-3276
-3313
-2945
-2555
-2096
-1956
-1789
-1896
-2193
-2336
-2542
-2733
-2832
-2593
-1959
-1630
-1264
-711
-433
-146
-71
256
654
847
1076
1144
912
210
-609
-1050
-1217
-1240
-1005
-721
-537
-552
-816
-1011
-1172
-1087
-913
-610
147
777
1332
1676
1717
1889
1775
1772
2085
2255
2623
2572
2322
1961
1094
143
-328
-727
-852
-880
-537
-35
137
166
-28
-259
-449
-166
491
1594
2822
3580
4152
4086
3542
3285
2899
2757
2662
2665
3205
3485
3399
2883
1775
685
-478
-1508
-1871
-2130
-1988
-1708
-1331
-998
-1151
-1187
-1371
-1782
-2092
-2483
-2336
-1982
-2065
-1988
-2141
-2404
-2635
-3050
-2987
-2917
-2856
-2386
-2010
-1671
-1382
-1089
-738
-589
-602
-434
-154
39
221
256
89
-459
-1095
-1535
-1687
-1685
-1707
-1616
-1407
-1565
-1644
-1519
-1382
-1013
-906
-531
159
689
1138
1617
1647
1688
1742
1954
2290
2485
2565
2621
2567
2161
1613
974
594
338
180
178
369
599
768
846
707
534
523
894
1395
2181
2822
3281
3494
3250
3071
2949
2839
2841
2748
2700
2836
2916
2820
2545
1780
691
-266
-1242
-1871
-2143
-2362
-2126
-1822
-1491
-1281
-1592
-1841
-2133
-2417
-2467
-2520
-2433
-2385
-2543
-2583
-2815
-2986
-2873
-2857
-2598
-2404
-2176
-1684
-1466
-1179
-888
-708
-454
-527
-346
-136
68
432
445
331
-103
-789
-1045
-1484
-1711
-1653
-1964
-1811
-1674
-1530
-1290
-1176
-966
-796
-521
-265
76
215
688
1242
1582
1919
2203
2396
2567
2673
2596
2638
2315
1947
1668
1384
1243
972
852
983
945
876
832
911
1090
1118
1410
1688
2051
2625
2895
3005
2757
2432
2443
2416
2545
2607
2593
2674
2701
2527
2116
1400
681
55
-670
-1095
-1445
-1649
-1603
-1383
-1130
-1341
-1552
-1732
-1903
-1893
-2051
-2055
-2078
-2342
-2500
-2742
-2978
-3027
-3135
-2883
-2601
-2401
-2210
-2023
-1773
-1702
-1651
-1529
-1361
-1222
-937
-564
-225
4
-29
-145
-433
-1056
-1503
-1667
-1909
-1942
-1525
-1202
-842
-766
-829
-726
-875
-848
-514
-395
-142
411
689
1105
1488
1389
1468
1503
1528
1599
1704
1842
1977
1820
1582
1475
1245
1077
819
794
781
734
1015
1360
1738
1851
2125
2478
2799
3246
3490
3645
3576
3284
3114
3011
3049
3130
3070
3112
3003
2565
2084
1395
721
-122
-889
-1471
-1934
-2162
-2223
-2168
-2056
-2081
-2179
-2205
-2214
-2287
-2246
-2367
-2707
-2797
-2864
-2852
-2757
-2885
-2852
-2729
-2488
-2044
-1883
-1727
-1595
-1561
-1441
-1229
-1164
-884
-604
-406
-163
-88
-127
-214
-473
-790
-1184
-1370
-1558
-1468
-1165
-1165
-859
-920
-1044
-672
-346
-105
18
273
415
812
1069
712
1057
1041
1032
1305
1357
1408
1470
1502
1312
1046
438
391
281
311
404
314
322
488
832
1103
1417
1861
2306
2499
2930
3324
3728
4072
4097
3989
3839
3826
4027
4209
4111
3975
3631
3221
2674
1955
1263
350
-636
-1421
-2124
-2573
-2746
-2763
-2602
-2583
-2745
-2801
-2855
-2897
-2976
-3116
-3283
-3329
-3213
-2961
-2851
-2993
-3033
-2976
-2672
-2460
-2225
-2122
-2103
-1998
-1843
-1717
-1581
-1240
-1043
-650
-559
-484
-496
-646
-875
-1173
-1429
-1492
-1384
-1369
-1174
-906
-844
-554
-256
-320
171
-2
212
558
280
836
1132
1430
1778
2179
2318
2632
2316
2328
1928
1307
1382
904
752
504
528
468
585
394
574
806
939
1583
1789
2176
2584
2819
3288
3778
4040
3973
3978
4074
4404
4640
4553
4616
4479
4251
3828
3150
2384
1552
544
-601
-1673
-2751
-3526
-3984
-3923
-3700
-3540
-3414
-3051
-3096
-3402
-3570
-3640
-3590
-3481
-3029
-2575
-1976
-2123
-2130
-2143
-2253
-2437
-2496
-2284
-2204
-2100
-1796
-1577
-1524
-1331
-1206
-1004
-1177
-988
-782
-1114
-1219
-1499
-1929
-1565
-1618
-1777
-1334
-1639
-893
-604
-1070
-821
-516
-53
227
371
-73
557
546
713
1743
1506
1936
1985
2608
2716
2713
2103
1779
2112
1767
2325
2216
1819
1709
1707
1737
2238
2462
2977
3890
4178
4281
4427
4173
3730
2900
2189
2748
3453
4143
4475
4394
4250
3725
2785
1749
589
-387
-1512
-2483
-3048
-3693
-4223
-4514
-4436
-4298
-4138
-4135
-3785
-3743
-3873
-3777
-3539
-3218
-2806
-2225
-1339
-607
-484
-499
-668
-1058
-1615
-2059
-2364
-2250
-2131
-2143
-1505
-893
-631
-438
-666
-905
-1530
-1989
-1962
-2150
-1837
-1550
-1207
-1025
-1397
-1358
-1761
-1707
-2488
-1718
-1357
-760
-69
-440
17
-1229
-269
-87
161
956
987
2253
1971
2850
3091
3241
2812
3323
4572
4680
5495
5250
5402
5466
5752
6393
6814
7203
7175
7118
7188
5957
3439
1243
492
661
1390
1631
2272
2675
1905
1163
-264
-1693
-2927
-4135
-5140
-5052
-4961
-4503
-3966
-3629
-3621
-4304
-4899
-5121
-5083
-5329
-4684
-3439
-2162
-999
-103
810
1119
796
473
215
-246
-846
-1364
-1648
-1694
-2023
-2299
-2477
-2323
-2117
-2397
-2961
-3422
-3655
-3550
-3044
-2571
-2269
-2092
-1709
-1324
-1352
-1293
-1478
-1449
-1693
-1302
-463
-215
100
475
297
-159
-158
-687
-494
-405
481
1223
1313
2254
3095
3042
3772
4594
4966
6242
7199
8747
10091
10815
11866
12252
11569
10588
8482
4915
1768
226
313
1544
2397
2216
1880
866
-1323
-3652
-5866
-6887
-7113
-7204
-6083
-4660
-3750
-3114
-2780
-2933
-3269
-3533
-3284
-2771
-2403
-1771
-758
271
886
1279
1411
1400
861
158
-119
-506
-1505
-3047
-4429
-4812
-4708
-4412
-3698
-3498
-3950
-5096
-6212
-6929
-6975
-6020
-4799
-3532
-2446
-1753
-1576
-1587
-1793
-1876
-1632
-981
266
1129
2063
2782
2484
1896
1474
717
12
168
306
809
1539
2018
2295
2195
2343
2716
3226
4197
5647
7266
9170
11271
12859
13952
13903
12152
9200
4194
20
-624
282
2250
3344
2519
1670
-215
-3300
-5927
-8090
-8936
-8692
-8235
-6241
-4016
-3500
-3233
-3060
-3550
-3494
-2674
-1035
1060
2278
3525
5109
5793
5918
5645
5001
4151
2744
1555
886
-468
-3444
-6008
-6926
-7134
-7031
-7393
-8076
-8769
-9799
-10785
-11188
-10406
-8532
-6391
-4351
-2404
-1575
-1841
-1906
-1932
-1990
-1229
157
1472
2479
3338
3878
3372
2543
1765
690
150
181
538
1044
1598
2306
2244
2211
2351
2689
3290
4211
5719
7562
9726
11820
13810
14673
13819
10989
4757
-1606
-3118
-1499
1423
3833
3553
2760
904
-3095
-6223
-8731
-9811
-8794
-7943
-5490
-2247
-1711
-2140
-2678
-4080
-4473
-3558
-1465
1268
2887
4075
5686
6405
6398
6450
6076
5458
4530
3556
3279
2209
-1007
-4014
-4914
-4846
-4794
-5112
-6116
-6860
-8091
-9939
-10568
-10462
-9199
-6849
-4759
-2777
-1874
-2908
-3917
-4255
-4461
-3325
-1362
551
2119
2891
3239
2843
1688
754
-213
-1373
-1524
-997
-341
387
1072
1228
894
1256
1970
2420
3552
5349
7244
9739
12277
14068
15916
15865
12925
6360
-1669
-3623
-1274
1603
4534
4331
2544
205
-4619
-8707
-10893
-12077
-11168
-9334
-6453
-2784
-1982
-2866
-3474
-5034
-5747
-4162
-1231
2153
4514
5660
7033
7770
7621
7703
7618
7141
6346
5539
5074
3507
-8
-3568
-5431
-5518
-5146
-5027
-5136
-5741
-6991
-8734
-9554
-8971
-7429
-4920
-2388
-378
467
8
-951
-1952
-2642
-2444
-955
1074
2836
3700
3387
2074
278
-1217
-2264
-2738
-2474
-2035
-1644
-1491
-1328
-1418
-1769
-1661
-1608
-807
1113
3044
5458
7854
9923
12011
14002
15044
13257
7542
-625
-4270
-2181
1301
4550
4850
3184
1415
-2686
-7060
-9210
-10861
-10820
-9194
-6629
-2785
-1591
-3131
-4472
-6206
-7312
-6087
-3022
585
3060
4124
5156
6277
6535
6783
7184
7156
6916
6652
6956
6277
3068
-1197
-4261
-4824
-3848
-3268
-3225
-3818
-5364
-7512
-8938
-8076
-6347
-3992
-1225
607
1461
1400
425
-1126
-1893
-1450
325
2963
5451
6781
6035
4053
1659
-213
-1154
-1365
-1183
-1218
-1032
-906
-1484
-1868
-2405
-3086
-2525
-1768
-780
1188
3171
4876
7574
9813
11808
13682
12156
6998
-1291
-6489
-4893
-1429
1640
2537
1022
-557
-3850
-8484
-11231
-12590
-12471
-10623
-7276
-2777
-1049
-2712
-4379
-5753
-6418
-5196
-1959
2043
4731
5683
6436
7523
7826
7396
7102
6950
6491
5990
6133
5757
2804
-1691
-5250
-5844
-4226
-3060
-2812
-3451
-5298
-7644
-8610
-7595
-5281
-2555
25
2164
3259
3148
2069
282
-874
-615
1150
4229
6970
7946
6806
4376
1722
59
-5
263
529
595
248
-206
-657
-1113
-1720
-1948
-1972
-1237
457
2507
4827
6114
7569
8981
10444
12455
10972
5778
-1930
-7131
-5391
-1957
707
1668
-344
-2504
-5708
-10257
-12317
-13458
-13748
-11552
-8504
-4761
-3002
-4580
-6476
-7826
-8614
-7142
-3385
783
3907
5310
6090
7258
7852
7895
8055
7917
7596
7617
8066
7614
4440
-68
-3571
-4129
-2910
-2437
-2546
-3681
-5812
-7717
-8389
-7266
-4825
-2292
-273
1287
1941
1640
823
-142
-297
625
2681
5736
8087
8437
6970
4569
2165
1113
1339
1814
2191
2147
1401
672
-8
-945
-1222
-1293
-787
867
2104
3772
5565
6494
7887
9445
11489
13461
11785
6884
-478
-5903
-4430
-2007
69
894
-1117
-3210
-6402
-10547
-12601
-14119
-14415
-11838
-8807
-5324
-3149
-5047
-6946
-8503
-9624
-7670
-4308
-186
2649
4129
4699
5623
5950
5789
5612
5206
4936
5375
5964
5626
3246
-1142
-5226
-5502
-3963
-2999
-2157
-3192
-5024
-6244
-6529
-5202
-3155
-1043
606
1716
2431
2759
1766
306
35
619
2402
5271
7464
7608
6042
3666
1692
1122
1958
2716
2937
2356
1561
1034
400
208
-51
-290
536
1874
3416
5405
6655
7610
8772
10746
13131
13937
10941
5482
-1357
-4742
-2737
-292
1500
1446
-1256
-3676
-6985
-10862
-12285
-13167
-12216
-9267
-6493
-3349
-2501
-5010
-7442
-9182
-9444
-7111
-3568
-153
2426
3329
3787
4405
4536
4201
3744
3445
3555
4110
4663
4153
1087
-3211
-6853
-7444
-6025
-5188
-4607
-5079
-6480
-7200
-7263
-5986
-3637
-1708
-141
1077
1867
2298
2034
1365
1669
2558
4055
6375
7889
7577
6076
3794
2108
1907
2555
3076
3055
2337
1222
582
247
179
363
740
1417
2829
4334
5724
7169
8239
9635
12156
14757
15245
11879
4916
-2631
-4607
-2218
381
2073
969
-1492
-3858
-7477
-10618
-12503
-13972
-12780
-9639
-5671
-1944
-1813
-4351
-7013
-9079
-8861
-6112
-2438
791
2874
4023
4697
4894
4513
3611
2489
1813
1966
3265
4477
3564
387
-4179
-6909
-7192
-6630
-5826
-5445
-6287
-6992
-6615
-6089
-4662
-3211
-2600
-1624
-683
115
858
684
530
1010
1799
3413
5228
5997
5798
4717
3110
2266
2585
3089
3238
2985
2360
1942
1551
1725
1611
1656
2211
2547
3933
5151
6114
7550
9080
11000
13523
15182
14271
10447
4482
-2137
-4209
-1864
482
2329
1716
-1373
-3794
-7543
-11099
-12534
-13384
-11544
-8278
-5061
-2000
-2064
-4790
-7432
-9323
-9284
-6899
-3262
288
2939
4234
4505
4306
3533
2356
1666
1671
2410
3712
4785
3827
1009
-3461
-6491
-7016
-6934
-6157
-5966
-6106
-5850
-5495
-4974
-4390
-3769
-3125
-2383
-1078
104
741
759
628
734
1226
2221
3478
4356
4556
4036
2959
2078
1788
1736
1573
1458
1304
1604
1470
1521
1792
1460
1976
2336
2809
4828
6429
8495
10858
11953
13829
15324
13497
9953
3906
-2499
-3045
-926
1629
3768
2185
-1077
-4311
-8724
-11149
-12079
-12190
-9564
-6515
-3417
-1095
-1980
-4703
-7709
-9948
-9735
-7030
-3016
647
2907
3703
3547
2966
1984
1050
609
774
1654
3509
4726
3665
527
-3526
-6371
-7020
-6581
-5884
-4714
-4230
-3983
-3855
-4098
-4016
-3360
-3001
-2121
-775
246
1181
1224
647
136
75
755
2297
3671
4548
4334
3057
2016
1385
1241
1113
1205
1305
1900
2357
2404
2401
2015
1649
1735
1987
3409
5444
7672
10124
11591
12716
13490
12405
9117
4230
-2013
-3797
-1855
980
3625
2941
-49
-3127
-7405
-10529
-11290
-11039
-8697
-6030
-3364
-814
-977
-3615
-6851
-9698
-10124
-8203
-4643
-281
2757
3877
3460
2473
1461
271
-372
144
1371
3043
4393
4503
2220
-1775
-5092
-6792
-6657
-5708
-4488
-3209
-2449
-2799
-3816
-4272
-3870
-3542
-2601
-1063
81
917
697
514
-188
-767
-136
1144
3081
4516
4722
3887
2633
1258
539
473
867
1652
2459
3169
3349
2951
1956
1520
1474
1755
2951
4767
6770
9086
10712
11794
12931
12538
10406
6290
-210
-3855
-3107
-670
2591
2948
1393
19
-3414
-7173
-9696
-11182
-10006
-8007
-5149
-1277
323
-775
-3898
-7628
-10095
-10941
-9083
-5052
-882
2060
3192
3378
2458
344
-1462
-2205
-1743
-84
2211
4458
5024
2454
-982
-3535
-5215
-5516
-4980
-3144
-701
153
-200
-1220
-2317
-2959
-3332
-2655
-945
312
732
705
-38
-1041
-2102
-1980
-363
1437
2961
3660
3355
2498
1238
272
-23
315
1091
2208
3092
3409
3059
2265
1432
940
1050
1977
3976
6301
8344
9489
10119
10417
9816
8094
5278
1412
-1507
-1890
-358
2182
3290
2800
1669
-906
-3746
-6153
-7674
-7289
-6374
-4799
-2522
-1127
-1157
-3050
-5877
-8228
-9930
-9810
-7436
-4121
-1160
464
1160
1089
-123
-1690
-2698
-2807
-1990
-410
1461
2586
2251
956
-445
-1530
-2338
-2639
-1796
-325
823
1227
983
575
-43
-565
-590
-92
621
708
493
327
17
-63
288
920
1451
1702
1411
1280
1477
1500
928
781
425
-119
412
589
349
-71
-1393
-3208
-3357
-2050
-699
44
1186
2559
2227
2498
3945
4787
4588
4607
4660
4647
4569
3911
2926
1969
1978
2782
3794
4464
4303
2964
1679
791
166
-238
-786
-1385
-2025
-2519
-2729
-2964
-3446
-4294
-5265
-5931
-5794
-5172
-4602
-4157
-3624
-2878
-2075
-1332
-836
-862
-1287
-1504
-1237
-725
-284
45
317
391
378
194
-245
-671
-1338
-1894
-1897
-1496
-782
-313
-73
-227
-884
-1543
-2071
-2093
-1805
-1418
-804
-348
-58
32
-131
-240
-200
-37
219
492
714
923
1100
1042
766
386
100
209
428
638
880
1084
1502
1936
2271
2796
3342
3673
3920
4310
4739
5319
5798
5797
5730
5912
6021
6252
6287
5800
5023
3824
2727
2026
1748
1397
591
-230
-877
-1121
-1404
-2081
-2921
-3988
-5216
-6107
-6386
-6051
-5493
-5137
-5112
-5218
-5215
-5138
-4886
-4384
-3870
-3188
-2434
-1604
-772
-312
-263
-823
-1586
-2288
-2541
-2115
-1524
-898
-659
-889
-1217
-1570
-1577
-1334
-1104
-998
-988
-784
-285
320
608
571
466
401
490
727
1114
1440
1502
1453
1335
1500
1963
2336
2695
2656
2301
1962
1569
1462
1358
1457
1815
2036
2543
2870
3161
3609
4084
4523
4789
4964
4978
5101
5193
5279
5282
4573
3517
2386
1400
841
666
514
104
-473
-1084
-1452
-1700
-2209
-2944
-3836
-4781
-5333
-5105
-4324
-3619
-3541
-3885
-4239
-4373
-4192
-3885
-3286
-2683
-2288
-1925
-1565
-1115
-936
-1155
-1680
-2290
-2601
-2436
-1897
-1358
-1137
-1312
-1749
-2052
-2004
-1693
-1246
-907
-820
-720
-362
-52
224
393
434
436
453
689
1029
1242
1153
801
642
832
1378
2180
2516
2467
2131
1639
1515
1526
1691
1852
1910
2207
2497
2952
3560
4023
4448
4681
5007
5426
5554
5414
5045
4724
4503
4269
3981
3318
2440
1466
695
517
686
634
16
-885
-1660
-2282
-2799
-3374
-3913
-4451
-5070
-5236
-4905
-4535
-4220
-4235
-4393
-4447
-4222
-3616
-2769
-2128
-1975
-1994
-1981
-1911
-1786
-1797
-2125
-2395
-2616
-2632
-2252
-2017
-2127
-2469
-2775
-2700
-2219
-1451
-772
-378
-458
-729
-678
-514
-13
566
864
1078
1253
1548
1656
1483
1215
1058
1300
1897
2506
2827
2746
2399
2001
1677
1548
1767
2013
2206
2472
2843
3337
3917
4481
4944
5476
5866
6129
6215
5852
5027
4101
3516
3199
3245
3084
2313
1392
295
-428
-572
-608
-914
-1557
-2390
-3056
-3396
-3723
-3989
-4343
-5120
-5778
-5805
-5357
-4776
-4479
-4555
-4531
-4231
-3717
-2849
-2133
-1985
-2259
-2657
-2606
-2094
-1507
-1309
-1478
-1681
-1876
-1771
-1404
-1186
-1161
-1318
-1232
-778
-70
772
1196
1145
741
368
395
670
1043
1436
1577
1619
1597
1522
1433
1495
1675
1902
2167
2247
2225
2051
1667
1449
1247
1095
1102
1060
1087
1143
1391
1744
2169
3034
3913
4648
5282
5525
5527
5124
4108
2990
2237
2132
2262
2474
2301
1506
384
-850
-1683
-1774
-1643
-1898
-2298
-2740
-2979
-3084
-3428
-3914
-4521
-5215
-5535
-5185
-4489
-3869
-3663
-3664
-3421
-2865
-2130
-1418
-1016
-1134
-1498
-1535
-1242
-709
-366
-503
-702
-999
-1262
-1309
-1240
-1133
-1056
-796
-401
213
829
1120
1172
1021
795
680
558
607
808
1056
1216
1098
930
750
670
776
993
1247
1250
1076
776
523
537
609
660
477
268
122
30
324
879
1595
2432
3281
4081
4759
5086
4924
4417
3674
2882
2293
2185
2326
2581
2641
2079
1262
199
-813
-1259
-1113
-732
-672
-853
-1076
-1305
-1632
-2141
-2632
-3069
-3519
-3701
-3478
-2910
-2404
-2323
-2314
-2220
-2015
-1848
-1642
-1426
-1417
-1408
-1322
-1108
-797
-803
-1127
-1606
-2045
-2216
-2133
-1803
-1412
-1073
-856
-695
-495
-352
-205
-39
-49
-95
-232
-344
-289
-80
113
184
302
367
342
382
454
555
609
529
530
612
721
795
852
802
661
569
580
930
1614
2502
3399
4260
4897
5207
5122
4680
4304
3928
3388
2746
2357
2270
2317
2374
2032
1293
235
-902
-1510
-1360
-896
-767
-990
-1362
-1708
-1977
-2274
-2538
-2878
-3478
-3891
-3770
-3180
-2529
-2271
-2135
-2065
-2126
-2158
-2011
-1715
-1480
-1326
-1275
-1176
-1073
-1243
-1542
-1789
-1969
-2013
-1873
-1576
-1137
-683
-413
-276
-196
-52
270
618
817
768
558
248
45
183
508
899
1032
823
602
420
443
542
586
593
560
557
571
638
676
545
362
299
536
1126
1884
2683
3393
4012
4364
4391
4146
3765
3459
3295
3024
2301
1638
1179
866
936
834
498
-194
-1140
-1669
-1567
-937
-607
-873
-1388
-1951
-2123
-2124
-2149
-2287
-2789
-3257
-3266
-2758
-2095
-1832
-1760
-1876
-2030
-1808
-1374
-764
-549
-742
-898
-1065
-1075
-1129
-1211
-1262
-1323
-1305
-1174
-833
-601
-481
-406
-401
-241
59
430
817
971
813
428
-19
-327
-284
169
708
1045
1072
735
362
211
251
337
415
418
302
159
133
170
225
282
330
558
1047
1708
2404
3047
3604
3993
4094
3954
3697
3449
3106
2727
1921
1011
633
436
617
738
450
-72
-972
-1577
-1574
-1041
-677
-1014
-1474
-1877
-1911
-1787
-1912
-2118
-2529
-3107
-3274
-2807
-2073
-1780
-1952
-2211
-2333
-1930
-1299
-646
-329
-654
-1226
-1710
-1788
-1524
-1224
-1030
-987
-960
-885
-762
-624
-556
-541
-403
-23
557
1213
1624
1673
1387
920
405
135
297
709
1187
1463
1494
1375
1090
886
847
944
1085
1090
1057
972
909
1005
1051
1210
1360
1475
1701
2123
2694
3269
3774
4005
4063
4009
3793
3506
3018
2306
1207
180
-287
-396
-60
-142
-696
-1435
-2327
-2652
-2531
-2089
-2028
-2523
-2932
-3127
-2924
-2734
-2913
-3207
-3657
-4055
-4002
-3502
-3045
-3106
-3264
-3232
-2788
-1954
-1213
-753
-745
-1132
-1522
-1617
-1429
-1118
-819
-562
-311
-37
218
291
230
144
186
576
1156
1819
2306
2513
2495
2183
1766
1392
1188
1222
1439
1825
2131
2255
2122
1770
1541
1412
1377
1408
1387
1314
1146
1069
1163
1335
1522
1583
1574
1610
1838
2299
2826
3324
3644
3704
3573
3411
3205
2722
2041
933
-202
-627
-724
-536
-435
-954
-1850
-2646
-3064
-2985
-2583
-2746
-3363
-3809
-4078
-3853
-3429
-3371
-3698
-4296
-4895
-4887
-4334
-3857
-3652
-3684
-3617
-3135
-2355
-1561
-1111
-1227
-1789
-2086
-1939
-1497
-855
-456
-228
-58
123
413
624
719
664
733
1201
1760
2484
2938
3000
2839
2404
2070
1886
1869
1912
1986
2251
2516
2672
2682
2473
2245
1981
1800
1731
1724
1777
1705
1665
1655
1651
1658
1575
1540
1584
1801
2153
2537
2929
3141
3235
3137
2948
2775
2381
1933
1132
76
-561
-912
-915
-790
-974
-1327
-1872
-2331
-2582
-2538
-2486
-2952
-3388
-3715
-3671
-3286
-3377
-3565
-3904
-4378
-4644
-4637
-4393
-4355
-4278
-4072
-3637
-2763
-2262
-2065
-2205
-2739
-2947
-2787
-2331
-1641
-1146
-883
-744
-557
-329
-236
-11
57
322
942
1540
2296
2680
2766
2763
2539
2482
2425
2377
2303
2291
2625
2979
3402
3623
3403
3091
2663
2382
2420
2495
2663
2664
2628
2598
2505
2463
2266
2160
2094
2155
2447
2799
3200
3439
3384
3268
3097
2894
2614
2222
1691
709
-198
-761
-1005
-776
-749
-1023
-1462
-2140
-2649
-2877
-2820
-2929
-3381
-3804
-4035
-3916
-3801
-3973
-4224
-4717
-5266
-5432
-5326
-5045
-4788
-4653
-4385
-3900
-3392
-2972
-2746
-2878
-3137
-3146
-2797
-2126
-1423
-1021
-751
-595
-565
-360
-40
196
525
925
1353
1867
2350
2605
2675
2705
2617
2540
2449
2327
2476
2717
3076
3513
3719
3665
3349
2986
2688
2547
2597
2592
2622
2579
2412
2422
2359
2333
2337
2211
2282
2425
2712
3084
3327
3510
3451
3274
3111
2901
2628
2054
1086
-55
-739
-692
-270
112
-69
-836
-1811
-2549
-2748
-2437
-2285
-2677
-3260
-3627
-3612
-3455
-3616
-4214
-4984
-5578
-5718
-5295
-4737
-4432
-4503
-4573
-4264
-3710
-3067
-2769
-2878
-3195
-3259
-2835
-2123
-1402
-1069
-1018
-1141
-1124
-913
-567
-229
9
407
831
1237
1641
1810
1881
1814
1691
1655
1574
1593
1721
1984
2401
2778
2961
2803
2450
2163
1999
2078
2231
2377
2450
2390
2286
2247
2169
2117
2072
2079
2235
2457
2801
3059
3359
3593
3710
3822
3750
3551
2945
2080
1575
1357
1418
1549
1392
961
287
-314
-608
-645
-675
-1132
-1667
-1988
-2087
-2033
-2412
-2974
-3595
-4361
-4761
-4755
-4543
-4510
-4778
-4982
-4965
-4483
-3981
-3746
-3627
-3781
-3730
-3546
-3167
-2675
-2540
-2574
-2597
-2348
-1913
-1586
-1392
-1349
-1249
-943
-531
46
431
571
676
722
952
1075
1105
1112
1075
1251
1486
1835
2120
2190
2186
2048
2087
2173
2249
2352
2316
2399
2473
2479
2614
2660
2726
2858
2941
3080
3232
3477
3683
3957
4307
4502
4661
4684
4552
4392
4057
3569
2949
2155
1171
298
-198
-225
213
513
259
-530
-1593
-2377
-2764
-2695
-2633
-2976
-3427
-3932
-3950
-3767
-3844
-4214
-5115
-5768
-5908
-5511
-4678
-4089
-3809
-3864
-3823
-3472
-3169
-2967
-3186
-3495
-3473
-2998
-2030
-1261
-979
-1215
-1707
-1881
-1643
-1079
-607
-376
-155
123
648
1183
1503
1489
1136
758
682
974
1566
2145
2535
2785
2815
2661
2319
1953
1657
1572
1774
2083
2439
2690
2698
2568
2490
2498
2531
2620
2708
2937
3476
4141
4721
4994
4877
4307
3529
2961
2684
2704
2526
2366
2259
1759
1258
608
-31
-262
-519
-681
-827
-1070
-1516
-2191
-2515
-2860
-3173
-3605
-4247
-4378
-4522
-4554
-4477
-4536
-4535
-4535
-4319
-3992
-3671
-3433
-3468
-3455
-3314
-2987
-2530
-2415
-2421
-2454
-2504
-2248
-1837
-1451
-1219
-1152
-1127
-997
-640
-294
12
252
358
553
716
830
938
936
1008
1095
1292
1524
1636
1821
1826
1822
1784
1619
1522
1483
1558
1697
1836
1918
1935
1875
1925
2012
2228
2461
2665
2940
3167
3539
3779
3869
3890
3760
3588
3407
3276
3051
2765
2332
1869
1618
1342
1211
1078
862
533
-23
-557
-1045
-1362
-1710
-2082
-2414
-2793
-3048
-3294
-3576
-3821
-4107
-4306
-4300
-4083
-3838
-3665
-3573
-3564
-3475
-3357
-3218
-3092
-3006
-2898
-2801
-2584
-2292
-2008
-1801
-1730
-1588
-1493
-1326
-1035
-766
-423
-135
109
348
478
621
600
574
611
631
792
947
1221
1487
1689
1763
1591
1361
1142
1112
1288
1575
1835
1886
1730
1539
1427
1497
1719
1979
2198
2416
2634
2821
3054
3245
3348
3361
3435
3543
3612
3517
3103
2707
2410
2198
2045
1887
1681
1409
1080
721
412
127
-350
-879
-1265
-1514
-1689
-1919
-2313
-2662
-3012
-3344
-3514
-3611
-3531
-3486
-3393
-3293
-3170
-3059
-3099
-3141
-3144
-3014
-2828
-2614
-2422
-2264
-2123
-2028
-1889
-1758
-1610
-1490
-1369
-1145
-861
-518
-290
-70
136
265
358
404
452
472
510
580
766
988
1087
1114
1095
1104
1176
1211
1269
1371
1457
1520
1475
1408
1311
1262
1259
1353
1595
1825
1996
2049
2090
2188
2292
2488
2711
2910
3035
2990
2874
2643
2392
2081
1844
1642
1378
1193
1003
868
667
381
74
-329
-668
-962
-1137
-1125
-1238
-1396
-1734
-1998
-2199
-2500
-2640
-2811
-2846
-2808
-2670
-2451
-2375
-2294
-2364
-2414
-2307
-2129
-1875
-1677
-1525
-1409
-1300
-1112
-988
-911
-856
-903
-819
-701
-537
-295
-101
74
131
147
168
181
213
239
288
315
335
368
362
372
400
423
451
517
618
714
761
701
617
583
678
864
1097
1354
1473
1556
1564
1525
1598
1646
1780
1969
2202
2451
2644
2634
2438
2222
2004
1863
1797
1793
1766
1582
1346
1047
730
469
135
-95
-308
-471
-617
-809
-870
-1100
-1282
-1558
-1854
-1932
-2090
-2121
-2137
-2128
-2086
-2105
-2083
-2081
-2031
-1976
-1924
-1855
-1769
-1611
-1461
-1296
-1135
-994
-924
-833
-792
-720
-618
-529
-463
-407
-347
-296
-229
-208
-188
-115
-101
-101
-87
-66
-44
-85
-67
-27
120
290
388
503
545
473
377
306
357
541
819
1068
1339
1502
1542
1544
1515
1591
1672
1820
2058
2336
2562
2599
2437
2161
1915
1770
1743
1745
1793
1667
1490
1312
1047
898
509
180
-79
-322
-330
-449
-497
-686
-1010
-1289
-1651
-1715
-1822
-1967
-2017
-2134
-2064
-2026
-1951
-1866
-1892
-1851
-1835
-1746
-1617
-1477
-1312
-1203
-1047
-878
-710
-566
-466
-381
-331
-212
-83
35
141
198
248
226
190
178
164
200
211
209
187
147
105
77
103
145
242
249
241
270
285
301
277
225
203
317
485
717
922
956
937
845
791
873
1004
1174
1338
1420
1456
1433
1339
1235
1123
1033
1021
996
1012
1015
966
863
689
568
386
234
68
-88
-244
-430
-521
-647
-689
-808
-951
-1088
-1328
-1415
-1494
-1392
-1240
-1113
-1049
-1092
-1006
-981
-906
-898
-948
-878
-859
-736
-563
-447
-361
-339
-287
-231
-113
-68
-36
49
113
268
325
298
175
9
-121
-233
-187
-188
-227
-302
-424
-402
-337
-265
-225
-243
-288
-258
-178
-18
117
126
75
19
62
162
286
343
329
346
386
516
686
781
809
756
757
826
922
969
862
774
621
582
648
634
632
501
399
360
429
561
477
342
99
-111
-94
-138
-76
-129
-373
-572
-799
-815
-760
-748
-686
-679
-555
-489
-442
-333
-425
-410
-455
-419
-288
-216
-212
-317
-332
-418
-367
-281
-291
-174
-178
-153
-50
70
127
109
20
-137
-203
-282
-324
-317
-390
-520
-608
-677
-681
-605
-585
-548
-503
-439
-285
-115
49
157
118
21
-82
-85
-38
5
67
47
59
98
137
199
244
248
255
319
388
499
598
588
510
357
274
243
273
327
327
293
237
205
215
205
171
143
97
112
134
54
-60
-189
-226
-204
-73
-6
-27
-57
-79
10
105
214
307
282
276
254
299
371
353
265
82
-22
-97
-127
-136
-206
-236
-262
-173
-105
-89
-125
-293
-393
-481
-436
-421
-461
-538
-680
-792
-807
-796
-817
-836
-885
-860
-692
-490
-320
-207
-200
-188
-143
-97
-99
-166
-253
-274
-169
-50
49
10
-128
-253
-262
-187
-107
-69
-75
-24
60
207
320
303
208
-2
-39
6
124
246
237
249
234
240
265
280
295
233
217
305
442
617
694
659
653
647
685
808
828
921
903
898
932
944
1055
1029
972
816
646
539
363
320
219
91
23
-78
-110
-189
-326
-465
-608
-666
-719
-699
-651
-722
-734
-882
-977
-1028
-1145
-1154
-1206
-1117
-1006
-899
-816
-817
-863
-911
-885
-765
-635
-512
-450
-430
-342
-293
-223
-246
-317
-331
-303
-228
-122
-128
-127
-176
-184
-126
-81
11
15
57
130
160
188
109
64
94
127
182
191
121
62
20
106
244
384
513
517
549
663
754
880
942
1062
1177
1300
1412
1325
1296
1183
1095
1155
1177
1229
1160
1035
920
873
820
660
512
315
194
83
45
32
-87
-286
-534
-666
-800
-866
-949
-1006
-1033
-1012
-938
-961
-967
-1050
-1118
-1138
-1135
-1126
-1178
-1210
-1195
-1147
-1119
-1106
-1136
-1193
-1218
-1144
-978
-803
-654
-594
-512
-427
-424
-438
-512
-561
-506
-337
-183
-55
-28
-93
-154
-201
-136
-57
41
55
112
173
198
223
147
86
54
58
88
177
311
366
446
526
661
822
915
1070
1155
1275
1371
1456
1518
1507
1520
1452
1447
1455
1423
1391
1297
1190
1184
1138
1095
1010
885
815
684
612
517
401
222
-37
-168
-313
-366
-417
-529
-668
-837
-946
-1014
-991
-1028
-1076
-1152
-1232
-1286
-1311
-1300
-1369
-1446
-1529
-1606
-1635
-1641
-1637
-1607
-1604
-1574
-1529
-1489
-1443
-1432
-1388
-1293
-1147
-954
-824
-766
-798
-742
-690
-609
-527
-466
-372
-315
-214
-140
-55
10
8
35
76
202
313
414
491
582
668
792
915
988
1079
1048
1101
1194
1391
1572
1646
1719
1670
1641
1585
1558
1537
1483
1499
1441
1447
1468
1414
1371
1248
1105
985
871
850
827
766
667
516
401
241
139
-7
-174
-264
-392
-445
-515
-548
-596
-728
-830
-909
-938
-947
-982
-980
-1025
-1086
-1111
-1143
-1132
-1175
-1263
-1333
-1389
-1380
-1361
-1322
-1258
-1205
-1117
-1061
-966
-928
-918
-909
-879
-805
-715
-602
-550
-528
-498
-465
-430
-396
-317
-285
-224
-138
-18
123
233
319
355
438
518
617
726
786
814
803
826
901
946
1023
1040
1047
1025
1059
1090
1060
1073
1035
1059
1078
1112
1090
1011
914
785
765
711
730
722
665
676
612
556
504
424
360
327
320
322
295
230
108
30
-53
-122
-167
-228
-261
-279
-291
-331
-356
-411
-481
-522
-538
-555
-583
-672
-781
-801
-844
-820
-783
-816
-833
-850
-866
-861
-859
-897
-913
-894
-863
-793
-799
-842
-846
-900
-876
-758
-660
-594
-544
-519
-443
-338
-251
-201
-191
-126
-62
90
260
360
401
410
406
470
581
644
741
771
854
934
971
1020
1003
999
972
975
973
988
1038
1034
1070
1066
1022
941
845
851
890
957
1039
1024
998
899
792
738
650
595
485
470
449
431
460
375
300
193
83
28
9
-24
-48
-81
-141
-156
-218
-302
-406
-475
-492
-507
-502
-477
-498
-544
-584
-640
-684
-743
-765
-795
-836
-842
-895
-939
-981
-1000
-993
-979
-990
-1026
-1033
-1052
-956
-849
-738
-679
-700
-707
-678
-572
-431
-327
-252
-182
-163
-60
61
130
217
274
374
492
611
679
721
713
703
779
836
913
986
965
1007
1074
1082
1101
1071
996
1035
1074
1132
1170
1151
1064
987
954
915
905
854
798
779
803
795
789
704
550
433
393
418
432
474
437
364
323
286
288
234
151
26
22
55
100
124
59
-29
-161
-246
-297
-305
-379
-476
-600
-713
-748
-766
-755
-834
-913
-1007
-1079
-1087
-1081
-1083
-1111
-1118
-1125
-1083
-1093
-1078
-1102
-1096
-1016
-984
-857
-796
-734
-672
-616
-576
-543
-436
-365
-272
-175
-58
57
152
226
265
328
380
442
582
692
807
895
927
995
1044
1083
1091
1094
1102
1116
1163
1194
1172
1126
1043
1003
975
934
942
916
881
852
822
790
736
664
574
517
471
468
469
471
392
289
223
196
189
127
41
-45
-115
-169
-193
-248
-314
-411
-489
-548
-590
-660
-719
-782
-844
-849
-876
-934
-996
-1082
-1143
-1172
-1167
-1161
-1193
-1223
-1245
-1200
-1179
-1144
-1141
-1182
-1188
-1135
-1038
-981
-931
-895
-871
-788
-729
-648
-548
-502
-420
-330
-250
-167
-110
-32
75
168
297
404
467
500
519
547
581
646
693
739
793
832
875
876
856
792
788
811
844
894
883
845
784
775
746
722
717
689
705
690
685
719
660
598
532
454
453
449
454
436
349
241
133
95
82
45
22
-44
-117
-172
-225
-283
-375
-492
-607
-688
-761
-788
-816
-867
-949
-1018
-1107
-1153
-1126
-1131
-1125
-1120
-1119
-1115
-1102
-1079
-1065
-1070
-1100
-1091
-1074
-1045
-991
-945
-903
-870
-814
-755
-686
-614
-530
-453
-363
-280
-192
-109
-14
51
87
111
115
173
218
260
321
390
418
466
486
520
552
527
544
587
662
757
817
839
809
812
822
858
911
909
904
878
901
961
992
988
978
949
933
932
953
917
853
803
765
774
720
620
519
348
237
177
88
18
-87
-190
-273
-349
-464
-601
-752
-894
-963
-980
-988
-1007
-1063
-1127
-1182
-1236
-1250
-1301
-1353
-1356
-1347
-1299
-1226
-1200
-1221
-1263
-1290
-1258
-1190
-1112
-1046
-972
-893
-820
-716
-657
-593
-522
-437
-316
-212
-73
4
82
155
168
247
278
317
367
400
466
529
591
702
821
871
937
967
989
1054
1102
1199
1247
1251
1273
1255
1247
1263
1257
1274
1248
1248
1293
1296
1328
1289
1200
1132
1124
1085
1055
1020
906
803
695
568
409
254
79
-58
-100
-144
-198
-285
-447
-590
-684
-767
-810
-885
-970
-1046
-1095
-1125
-1171
-1238
-1341
-1422
-1476
-1476
-1459
-1447
-1484
-1499
-1464
-1411
-1374
-1344
-1340
-1357
-1326
-1243
-1132
-1038
-979
-945
-906
-820
-736
-627
-557
-509
-405
-293
-189
-108
-25
-3
70
145
237
340
420
441
492
587
630
735
786
828
874
906
970
1026
1085
1147
1174
1193
1205
1218
1243
1264
1290
1285
1300
1291
1238
1191
1123
1088
1064
1018
929
844
721
651
578
452
341
198
105
31
29
-21
-141
-294
-450
-541
-611
-686
-764
-847
-910
-958
-983
-986
-1018
-1102
-1199
-1242
-1240
-1225
-1229
-1260
-1292
-1292
-1287
-1291
-1297
-1342
-1352
-1324
-1242
-1105
-1006
-978
-944
-913
-855
-779
-742
-680
-632
-580
-498
-378
-324
-267
-206
-164
-46
37
120
175
248
344
471
611
692
748
770
795
849
895
949
1033
1097
1170
1281
1355
1401
1442
1455
1486
1546
1590
1596
1549
1488
1399
1343
1262
1181
1076
946
840
763
721
662
603
514
444
361
261
145
9
-115
-239
-300
-346
-418
-520
-635
-711
-775
-835
-848
-870
-895
-947
-971
-939
-916
-879
-887
-918
-935
-987
-1019
-1011
-1001
-957
-943
-924
-862
-817
-798
-756
-706
-666
-600
-504
-453
-417
-426
-440
-391
-362
-289
-252
-246
-192
-151
-59
63
136
219
269
312
382
399
483
545
599
692
770
848
870
923
945
958
1033
1114
1213
1290
1333
1341
1368
1350
1357
1340
1306
1297
1237
1207
1175
1132
1067
977
902
831
777
713
631
541
468
393
343
308
260
197
95
45
-24
-78
-143
-205
-241
-278
-280
-308
-321
-362
-408
-417
-437
-464
-496
-539
-560
-564
-554
-526
-529
-575
-597
-627
-656
-676
-698
-696
-679
-668
-635
-588
-612
-628
-633
-627
-589
-543
-529
-503
-444
-356
-277
-203
-164
-170
-133
-85
-6
113
207
324
413
503
578
632
679
734
791
866
952
1037
1095
1117
1125
1121
1123
1130
1155
1165
1168
1150
1117
1126
1122
1103
1082
998
927
836
746
678
640
606
553
505
462
416
348
291
203
109
65
28
13
22
-55
-118
-183
-248
-321
-401
-459
-505
-526
-537
-509
-507
-521
-579
-619
-642
-653
-678
-693
-698
-719
-682
-697
-719
-759
-819
-869
-858
-828
-791
-760
-733
-686
-651
-601
-566
-540
-508
-486
-449
-379
-320
-259
-168
-107
-29
60
132
210
291
365
475
573
685
768
832
882
910
928
942
974
1006
1043
1076
1141
1143
1127
1122
1123
1124
1140
1131
1117
1092
1058
1043
1003
945
878
816
765
737
714
652
607
538
483
438
374
338
272
216
145
110
60
13
-62
-154
-221
-261
-306
-373
-407
-458
-491
-519
-548
-593
-633
-696
-742
-775
-818
-846
-874
-912
-892
-866
-884
-895
-920
-917
-866
-813
-767
-710
-696
-665
-620
-595
-539
-503
-480
-440
-375
-266
-157
-85
-16
24
71
123
168
239
295
347
400
472
565
619
625
622
614
612
631
692
756
791
823
808
781
776
775
759
777
772
779
811
840
843
827
785
726
696
670
684
677
664
646
615
590
544
507
470
398
354
309
288
240
206
152
100
64
-33
-98
-174
-265
-320
-370
-396
-454
-517
-563
-630
-679
-759
-792
-824
-863
-864
-878
-892
-897
-902
-908
-892
-877
-872
-815
-756
-733
-692
-651
-630
-549
-468
-382
-289
-204
-131
-81
5
77
150
234
281
345
394
460
519
564
623
664
703
739
744
774
808
858
902
918
917
897
877
880
875
877
875
867
870
839
833
808
755
709
647
624
601
601
579
560
546
475
457
413
352
305
229
198
176
128
124
91
26
-45
-105
-181
-249
-294
-343
-376
-406
-442
-493
-536
-599
-660
-725
-773
-796
-814
-822
-817
-839
-876
-891
-935
-944
-951
-929
-894
-858
-775
-676
-635
-621
-601
-582
-523
-468
-403
-345
-307
-257
-215
-168
-113
-60
-2
45
83
194
251
279
326
328
379
439
439
465
475
474
485
506
527
562
584
583
610
612
634
662
670
678
683
664
640
619
598
592
568
541
523
519
505
500
498
451
426
382
348
337
327
288
246
189
127
74
22
-14
-85
-138
-192
-215
-233
-260
-306
-376
-420
-448
-495
-532
-554
-595
-623
-650
-676
-671
-683
-718
-736
-717
-692
-647
-610
-576
-522
-518
-505
-496
-497
-490
-467
-432
-389
-323
-287
-253
-251
-224
-177
-134
-97
-35
12
41
117
170
204
208
181
186
215
246
279
311
335
371
384
429
457
482
539
573
606
616
648
612
598
602
597
595
600
585
540
520
497
471
463
451
439
451
412
370
327
257
190
125
60
33
-14
-78
-131
-193
-268
-353
-416
-496
-550
-581
-602
-633
-659
-708
-743
-782
-814
-832
-849
-856
-866
-868
-862
-838
-831
-823
-807
-785
-754
-711
-690
-635
-586
-558
-504
-449
-421
-376
-332
-317
-267
-204
-151
-122
-72
-20
30
78
82
113
148
182
248
290
337
342
349
409
448
491
527
527
548
547
555
605
621
648
660
677
685
684
693
670
661
666
646
646
657
655
631
581
546
513
489
481
454
414
364
293
255
222
162
113
59
-3
-45
-99
-141
-187
-260
-331
-389
-435
-461
-488
-523
-566
-614
-663
-687
-702
-724
-745
-750
-755
-754
-744
-759
-775
-771
-760
-745
-709
-705
-673
-628
-596
-550
-523
-478
-462
-436
-391
-351
-294
-230
-174
-112
-56
-24
39
53
98
141
172
236
290
343
379
414
402
418
461
466
517
575
562
567
580
583
581
566
524
492
530
575
607
616
584
525
479
457
456
450
432
375
347
328
272
229
171
110
94
80
74
58
-5
-81
-140
-179
-202
-228
-274
-332
-389
-424
-466
-473
-524
-586
-624
-653
-673
-705
-730
-762
-804
-802
-768
-758
-754
-789
-804
-783
-755
-721
-719
-694
-684
-637
-576
-541
-506
-478
-453
-399
-322
-252
-187
-166
-127
-74
-22
33
99
142
181
198
259
309
329
366
374
380
428
466
475
493
498
511
534
559
589
611
570
564
581
570
571
546
510
494
473
474
452
422
385
346
321
303
280
261
243
180
156
126
76
28
-11
-53
-81
-111
-161
-211
-239
-294
-334
-354
-401
-434
-458
-475
-471
-495
-536
-543
-561
-576
-574
-596
-628
-639
-642
-627
-619
-611
-595
-594
-567
-547
-524
-500
-501
-486
-439
-405
-353
-331
-342
-307
-281
-230
-190
-149
-112
-93
-41
-6
13
37
59
80
125
184
223
236
243
239
226
229
242
265
274
296
308
329
316
308
308
317
349
363
385
370
356
330
342
339
312
316
283
300
277
284
289
267
264
244
239
191
184
151
118
60
36
36
-9
-24
-31
-81
-118
-130
-187
-210
-235
-260
-261
-286
-306
-335
-350
-386
-406
-422
-442
-448
-441
-436
-470
-488
-497
-502
-478
-458
-442
-393
-373
-367
-343
-335
-306
-287
-275
-271
-249
-234
-227
-203
-179
-152
-147
-143
-106
-75
-42
5
31
84
135
161
193
199
222
235
244
274
317
337
360
387
409
434
419
429
436
453
492
513
547
558
550
532
502
478
459
444
425
401
397
377
352
338
310
267
231
190
163
164
129
80
47
-10
-36
-88
-124
-165
-205
-248
-285
-288
-316
-318
-360
-388
-401
-422
-447
-468
-486
-480
-481
-504
-506
-503
-514
-530
-534
-545
-542
-542
-530
-527
-508
-501
-479
-466
-458
-463
-441
-424
-434
-423
-415
-400
-357
-333
-320
-289
-254
-222
-186
-144
-116
-63
-37
-16
40
73
105
163
193
230
271
292
340
378
446
486
507
535
525
532
527
531
525
537
548
560
563
536
503
488
467
475
451
418
397
378
378
339
328
275
243
212
188
163
120
81
37
40
36
20
-19
-48
-97
-142
-154
-198
-196
-215
-243
-242
-258
-273
-298
-352
-392
-391
-394
-417
-418
-436
-473
-465
-468
-478
-481
-509
-535
-504
-479
-458
-436
-452
-463
-445
-431
-403
-372
-367
-336
-302
-239
-207
-174
-165
-116
-63
-26
30
83
133
171
227
274
313
371
386
423
449
472
506
520
533
555
562
539
541
537
538
531
535
522
510
494
468
461
451
404
359
329
307
258
233
168
139
122
76
47
18
6
-6
-31
-72
-100
-102
-131
-163
-199
-232
-266
-289
-328
-364
-363
-387
-393
-403
-423
-426
-432
-472
-465
-452
-480
-476
-478
-490
-477
-491
-510
-512
-510
-520
-501
-486
-479
-440
-441
-420
-384
-355
-332
-312
-269
-222
-191
-161
-125
-79
-41
-22
27
59
80
114
143
168
211
234
268
325
356
386
404
426
460
489
506
524
529
523
511
523
529
524
510
481
483
503
490
491
482
462
462
440
427
415
371
356
351
318
320
297
261
252
217
229
204
168
160
118
105
87
56
17
-10
-51
-85
-114
-160
-204
-254
-287
-338
-347
-386
-410
-426
-463
-475
-502
-517
-535
-549
-562
-568
-563
-564
-569
-564
-566
-542
-518
-510
-479
-460
-435
-389
-357
-325
-317
-302
-292
-253
-214
-197
-165
-132
-90
-61
-39
-17
18
48
93
128
150
185
209
232
250
263
272
286
294
295
301
326
347
343
339
334
364
374
374
383
374
368
351
342
335
319
305
273
270
255
229
219
198
173
148
124
107
93
67
64
47
34
-5
-38
-57
-102
-115
-150
-187
-207
-233
-243
-260
-303
-327
-361
-384
-393
-413
-423
-399
-401
-417
-423
-433
-438
-436
-434
-421
-401
-380
-375
-349
-342
-320
-292
-306
-276
-242
-227
-190
-145
-108
-51
-35
-8
19
32
62
90
138
158
200
241
277
321
337
370
395
402
442
479
510
525
548
563
576
589
590
582
575
569
570
583
565
561
572
546
527
516
475
466
443
421
398
393
372
332
298
245
216
169
149
126
86
47
16
-10
-53
-98
-149
-193
-242
-261
-289
-315
-354
-393
-423
-463
-509
-524
-555
-576
-576
-589
-566
-577
-593
-579
-590
-589
-588
-602
-597
-582
-555
-523
-478
-464
-440
-414
-392
-363
-329
-296
-275
-228
-179
-150
-112
-83
-47
-9
26
61
116
157
198
230
261
298
343
370
405
429
464
493
513
521
550
567
558
567
565
573
566
562
569
568
551
543
530
520
502
482
455
433
406
371
340
296
277
245
200
173
116
72
34
6
-30
-71
-103
-150
-187
-228
-277
-303
-333
-371
-390
-419
-446
-457
-485
-500
-504
-507
-522
-526
-530
-519
-501
-509
-509
-486
-468
-474
-431
-410
-396
-358
-358
-331
-297
-298
-273
-248
-247
-210
-200
-185
-157
-148
-125
-110
-68
-58
-21
9
36
80
102
98
122
146
156
180
207
233
227
245
266
286
298
323
346
347
358
360
369
387
377
380
372
359
337
331
316
288
278
230
207
177
154
127
100
65
17
-7
-64
-104
-129
-180
-218
-243
-288
-322
-347
-386
-390
-418
-435
-448
-487
-467
-482
-513
-519
-534
-540
-550
-549
-554
-532
-536
-525
-515
-535
-507
-486
-477
-453
-436
-422
-419
-406
-380
-361
-330
-314
-284
-267
-248
-221
-202
-174
-141
-121
-81
-68
-48
-9
2
24
59
93
113
143
160
196
234
233
266
313
314
348
375
378
404
402
404
430
431
441
457
451
456
473
463
467
463
436
420
418
397
384
372
356
327
300
279
247
221
209
170
138
113
71
43
21
-8
-48
-69
-108
-133
-152
-184
-206
-242
-261
-292
-311
-323
-360
-373
-385
-410
-411
-421
-443
-460
-477
-480
-488
-505
-511
-490
-500
-513
-482
-479
-462
-456
-456
-433
-416
-397
-365
-339
-313
-274
-254
-229
-187
-146
-126
-97
-69
-48
-2
15
35
76
93
120
160
198
215
245
262
266
295
291
302
313
335
361
359
364
362
382
391
386
375
373
363
360
333
309
287
267
250
228
217
190
168
150
139
116
100
82
56
36
3
-26
-54
-78
-92
-135
-188
-198
-229
-257
-289
-336
-368
-394
-418
-440
-456
-493
-498
-504
-533
-541
-552
-568
-565
-571
-575
-555
-562
-567
-535
-526
-515
-495
-465
-465
-432
-425
-402
-370
-326
-281
-253
-223
-192
-153
-110
-77
-32
8
30
77
101
164
201
220
254
270
307
334
353
385
411
430
455
489
510
514
530
532
550
576
554
541
542
519
534
509
485
484
437
404
398
389
366
340
297
263
226
209
173
152
102
67
54
-2
-44
-66
-116
-142
-161
-214
-242
-263
-281
-316
-345
-372
-413
-432
-486
-523
-538
-563
-582
-582
-591
-596
-601
-612
-608
-605
-590
-573
-552
-532
-523
-506
-476
-434
-413
-395
-359
-334
-294
-239
-220
-180
-149
-115
-80
-41
3
38
83
125
160
196
220
254
282
314
329
364
403
405
420
445
459
477
490
497
516
517
528
540
538
539
528
518
506
477
465
451
434
426
400
378
373
354
326
300
272
258
235
215
190
158
144
101
62
41
14
-12
-28
-69
-96
-103
-137
-177
-193
-211
-237
-247
-274
-294
-302
-329
-343
-350
-371
-368
-383
-382
-363
-372
-358
-345
-330
-336
-307
-278
-277
-264
-240
-219
-202
-151
-121
-101
-59
-46
3
37
52
84
120
167
210
237
265
297
318
353
376
402
439
461
470
485
506
518
530
543
542
557
561
562
588
576
583
582
576
585
581
579
573
578
567
549
531
513
497
497
462
435
425
405
382
348
327
293
257
221
188
161
115
72
41
-2
-46
-83
-131
-145
-169
-202
-231
-266
-293
-324
-332
-357
-360
-374
-384
-388
-411
-422
-425
-411
-443
-424
-395
-406
-380
-355
-335
-311
-307
-275
-251
-222
-204
-180
-143
-125
-91
-71
-32
-7
26
55
84
119
149
187
224
270
286
317
346
369
393
418
439
450
486
500
510
521
533
558
587
589
608
633
646
638
645
644
623
621
622
626
598
582
577
553
528
505
498
473
460
437
401
372
341
308
283
249
200
168
149
112
77
55
24
-2
-18
-49
-75
-103
-145
-139
-164
-183
-205
-236
-251
-274
-278
-288
-326
-319
-320
-346
-321
-339
-328
-342
-320
-310
-317
-288
-264
-268
-246
-226
-205
-161
-152
-140
-84
-63
-35
10
35
61
101
121
160
198
222
245
285
311
335
380
401
424
451
476
469
504
507
538
557
566
578
569
574
576
578
569
549
541
540
534
532
510
490
457
427
403
376
341
316
292
257
233
206
179
157
114
64
49
3
-19
-36
-81
-118
-128
-179
-198
-204
-240
-266
-285
-298
-302
-331
-358
-359
-386
-390
-386
-397
-376
-368
-356
-351
-339
-326
-322
-305
-291
-282
-256
-236
-215
-182
-160
-117
-87
-50
-18
13
25
58
91
111
132
165
183
223
250
279
326
330
350
401
407
413
436
428
457
489
510
522
533
539
549
575
584
586
579
564
557
552
554
516
506
506
475
474
439
432
414
360
337
308
284
258
223
194
155
102
76
50
29
3
-23
-46
-80
-107
-139
-178
-202
-226
-252
-289
-315
-321
-336
-333
-352
-367
-379
-389
-405
-401
-408
-408
-405
-409
-396
-370
-354
-349
-333
-334
-325
-315
-298
-279
-261
-227
-207
-188
-161
-125
-104
-84
-44
-11
25
54
83
108
143
170
186
209
246
277
307
322
339
349
364
381
405
401
420
416
416
431
416
422
415
404
373
389
365
337
340
303
283
250
218
209
177
156
136
122
74
74
42
23
5
-36
-34
-67
-87
-112
-128
-139
-160
-182
-178
-196
-222
-231
-246
-260
-283
-285
-302
-309
-307
-321
-316
-328
-336
-327
-334
-327
-308
-316
-296
-269
-265
-250
-244
-209
-193
-192
-172
-155
-130
-125
-107
-93
-82
-57
-36
-9
7
24
60
81
94
120
126
156
171
174
192
214
225
229
234
242
273
283
281
294
295
299
282
292
269
250
281
247
245
228
211
218
186
167
160
151
138
110
101
91
57
45
32
20
-9
-29
-41
-68
-92
-90
-112
-109
-122
-137
-140
-157
-177
-187
-199
-215
-213
-234
-227
-231
-255
-254
-251
-260
-263
-261
-266
-258
-246
-235
-240
-239
-237
-215
-203
-210
-200
-207
-195
-200
-188
-191
-175
-156
-154
-130
-114
-104
-102
-80
-60
-54
-57
-47
-45
-33
9
-6
2
10
1
9
15
40
40
56
58
56
73
68
78
81
76
90
94
114
123
130
137
147
146
140
141
140
136
144
142
138
135
123
121
96
112
122
96
91
67
59
43
53
29
6
1
-17
-28
-30
-43
-78
-80
-93
-112
-104
-124
-134
-134
-133
-130
-126
-143
-145
-132
-154
-141
-138
-145
-136
-141
-147
-141
-130
-154
-147
-129
-149
-127
-110
-120
-100
-96
-94
-83
-85
-99
-84
-87
-81
-63
-63
-47
-44
-35
-25
-31
-14
-3
6
35
22
38
53
39
64
72
66
85
127
111
107
144
122
123
154
137
158
161
141
155
154
151
152
141
137
124
125
110
93
93
85
84
77
69
45
30
23
-2
-8
-12
-46
-56
-69
-83
-93
-104
-116
-121
-131
-138
-148
-161
-162
-166
-179
-190
-198
-207
-196
-206
-215
-224
-226
-231
-226
-223
-217
-212
-213
-210
-187
-180
-179
-175
-163
-154
-163
-144
-144
-132
-113
-121
-100
-82
-76
-48
-31
-24
-19
-4
0
22
31
34
59
69
101
112
117
124
130
141
145
148
145
143
137
140
139
136
142
140
140
144
124
123
129
124
133
134
118
126
133
111
112
106
101
103
84
96
96
87
92
84
73
76
74
67
44
19
9
5
-6
-31
-48
-50
-61
-64
-64
-89
-101
-121
-130
-141
-157
-147
-165
-173
-183
-176
-189
-197
-197
-209
-206
-188
-192
-190
-191
-179
-177
-178
-163
-138
-134
-127
-118
-111
-107
-109
-99
-98
-75
-67
-62
-32
-13
-13
8
18
34
63
73
78
107
109
116
136
134
152
139
129
140
123
113
119
113
90
97
86
82
82
70
69
37
27
34
15
12
-9
-21
-26
-42
-33
-22
-22
-39
-44
-28
-48
-47
-51
-72
-63
-66
-81
-64
-63
-87
-59
-79
-77
-68
-96
-101
-88
-101
-117
-92
-116
-126
-126
-144
-150
-147
-164
-162
-154
-167
-140
-132
-163
-152
-160
-166
-146
-146
-138
-137
-146
-134
-119
-125
-122
-118
-115
-117
-114
-100
-89
-87
-78
-90
-70
-69
-61
-53
-49
-43
-33
-18
-11
12
8
12
38
46
61
58
54
57
55
64
78
94
102
119
128
136
144
132
142
144
139
147
135
132
142
135
134
137
116
118
123
113
111
101
89
58
67
33
30
14
-18
-25
-48
-48
-69
-74
-115
-125
-133
-132
-157
-163
-194
-203
-201
-241
-254
-247
-270
-292
-280
-281
-284
-279
-292
-282
-274
-279
-259
-265
-254
-242
-249
-255
-255
-257
-233
-224
-222
-211
-202
-182
-190
-185
-161
-149
-130
-99
-84
-50
-46
-35
-17
0
22
35
34
49
66
95
113
121
115
136
159
165
178
178
196
201
200
218
224
214
227
216
213
229
227
198
199
190
183
171
142
128
112
103
96
105
96
81
51
45
27
13
-9
-11
-20
-54
-81
-102
-129
-138
-138
-159
-175
-192
-227
-245
-248
-261
-270
-288
-296
-312
-315
-313
-328
-326
-327
-328
-313
-321
-321
-312
-309
-296
-282
-270
-280
-257
-244
-230
-211
-203
-189
-167
-157
-129
-111
-103
-82
-58
-47
-10
22
42
75
86
93
125
149
151
173
206
214
217
241
246
255
270
263
259
271
271
277
263
277
282
255
256
261
254
255
222
218
213
181
173
158
146
116
90
77
57
35
7
-31
-33
-63
-76
-96
-123
-141
-150
-156
-177
-176
-204
-212
-217
-241
-259
-260
-277
-280
-279
-297
-315
-297
-309
-309
-298
-310
-301
-320
-308
-281
-292
-268
-242
-255
-243
-209
-202
-179
-171
-149
-126
-107
-84
-87
-49
-35
-24
7
19
23
59
68
86
107
119
136
151
174
186
202
210
227
244
246
261
267
280
282
292
281
277
277
268
276
286
281
247
227
207
205
198
184
168
140
119
102
106
90
60
48
34
26
-6
-28
-33
-69
-90
-102
-126
-113
-121
-132
-136
-145
-144
-161
-180
-197
-194
-198
-207
-218
-228
-228
-224
-223
-229
-220
-227
-224
-205
-208
-184
-170
-170
-162
-152
-132
-123
-108
-84
-68
-64
-40
-20
-7
28
28
47
69
66
70
81
94
112
101
117
122
135
141
137
152
150
143
168
164
159
182
151
176
171
156
171
164
162
160
158
140
137
142
112
104
111
89
100
76
68
67
16
16
5
-14
-16
-25
-29
-65
-72
-72
-90
-91
-116
-122
-118
-125
-137
-136
-144
-156
-144
-151
-168
-168
-163
-187
-186
-176
-182
-181
-174
-179
-188
-176
-171
-166
-177
-177
-168
-168
-155
-148
-140
-136
-149
-132
-104
-108
-98
-88
-81
-63
-55
-40
-17
-5
-3
26
31
42
58
74
72
78
90
90
105
106
128
120
132
125
132
156
132
157
166
163
174
158
166
194
182
185
185
178
188
180
180
190
171
159
156
152
130
126
119
103
112
84
61
57
37
33
21
-13
-21
-30
-48
-63
-87
-85
-92
-108
-102
-112
-116
-111
-127
-126
-114
-131
-131
-127
-124
-120
-136
-140
-133
-129
-120
-121
-110
-108
-97
-101
-102
-81
-88
-76
-71
-74
-72
-71
-61
-62
-74
-46
-44
-46
-31
-35
-21
1
9
25
37
34
47
60
70
81
86
88
101
111
110
140
141
146
145
151
148
161
155
170
173
164
169
135
155
158
151
167
147
142
125
112
127
128
125
110
98
102
84
74
61
42
26
13
-9
-27
-36
-55
-63
-79
-87
-85
-86
-100
-114
-126
-127
-131
-136
-140
-151
-152
-132
-156
-158
-143
-164
-146
-146
-136
-118
-132
-115
-102
-105
-94
-78
-81
-82
-76
-65
-59
-46
-34
-41
-18
-8
-4
24
30
28
38
42
59
60
68
73
82
94
98
121
141
145
143
161
162
161
186
186
182
192
196
193
187
177
162
167
184
173
166
159
151
145
128
125
117
104
87
75
64
75
55
43
41
5
6
-2
-24
-19
-46
-61
-75
-100
-92
-108
-121
-129
-146
-158
-158
-173
-171
-196
-212
-194
-197
-210
-222
-220
-230
-232
-232
-228
-210
-223
-199
-225
-223
-198
-185
-189
-178
-171
-160
-128
-143
-128
-105
-105
-64
-35
-23
-5
3
21
36
59
69
87
105
126
145
157
166
181
200
204
214
246
245
235
237
247
238
264
253
234
237
239
223
219
220
190
195
172
162
163
139
143
114
117
110
89
80
72
77
70
60
46
33
4
-2
-9
-11
-39
-55
-79
-88
-82
-82
-102
-112
-112
-137
-126
-129
-133
-131
-124
-142
-126
-121
-135
-138
-149
-155
-143
-131
-129
-134
-133
-133
-134
-101
-79
-90
-106
-98
-78
-56
-43
-49
-46
-29
-28
-6
-2
-6
3
17
41
59
76
91
87
91
100
111
113
104
127
138
138
146
140
150
161
158
155
170
177
175
158
149
157
161
150
149
142
135
143
139
139
126
120
115
96
97
85
81
62
47
54
37
13
4
-14
-17
-4
-33
-35
-38
-66
-64
-71
-79
-88
-118
-131
-133
-143
-149
-147
-176
-186
-175
-206
-207
-203
-213
-227
-226
-226
-225
-206
-226
-218
-201
-216
-211
-207
-202
-190
-182
-178
-169
-169
-156
-145
-134
-131
-111
-104
-92
-79
-65
-55
-31
-29
-32
-11
-16
-2
-1
2
17
17
29
32
40
43
42
35
42
45
38
48
44
30
30
46
52
22
4
9
3
1
-10
-11
-37
-62
-61
-67
-90
-96
-103
-102
-117
-147
-154
-165
-178
-201
-223
-225
-232
-249
-263
-258
-270
-291
-286
-296
-308
-307
-319
-323
-323
-343
-333
-338
-337
-329
-340
-336
-334
-344
-334
-309
-310
-280
-274
-268
-255
-227
-216
-207
-182
-188
-168
-136
-142
-112
-71
-88
-62
-42
-53
-31
-25
-26
-2
0
11
21
38
51
65
76
93
97
99
122
115
125
127
140
136
134
144
155
147
127
147
129
130
144
130
120
112
113
121
102
86
84
75
54
48
19
5
8
-27
-44
-61
-66
-87
-122
-128
-145
-177
-167
-191
-215
-210
-216
-223
-234
-240
-239
-210
-233
-242
-227
-239
-237
-242
-224
-229
-232
-230
-217
-197
-219
-209
-183
-181
-185
-187
-162
-150
-148
-138
-132
-118
-121
-99
-79
-65
-59
-46
-34
-40
-39
-16
-12
-1
28
16
30
50
52
63
62
60
72
68
83
75
70
69
58
53
48
41
51
22
8
22
18
28
22
10
-2
-5
-5
0
-4
-23
-23
-30
-30
-32
-44
-38
-59
-76
-78
-82
-100
-104
-120
-120
-151
-163
-164
-184
-174
-197
-208
-208
-225
-221
-228
-228
-232
-242
-248
-236
-244
-230
-228
-242
-230
-234
-227
-226
-224
-201
-202
-196
-183
-170
-128
-131
-105
-90
-97
-88
-70
-58
-50
-35
-30
-20
-1
7
15
41
43
57
66
64
59
66
87
90
87
101
90
109
119
128
143
146
142
134
149
130
128
118
117
112
90
89
74
76
57
38
59
41
4
-2
-19
-10
-26
-33
-35
-35
-47
-59
-65
-83
-77
-76
-68
-73
-98
-102
-126
-153
-157
-180
-192
-195
-219
-218
-205
-218
-195
-184
-193
-194
-209
-187
-179
-200
-214
-205
-199
-203
-205
-207
-215
-213
-198
-164
-152
-141
-134
-141
-113
-115
-107
-92
-96
-84
-104
-99
-89
-79
-95
-101
-72
-48
-40
-40
-33
-28
-15
-16
-25
-8
-22
-27
-32
-24
2
-5
3
10
31
41
43
41
36
48
29
19
36
28
15
-8
8
16
6
-3
5
16
-6
-8
-6
-3
-2
-23
-31
-30
-40
-23
-24
-27
-44
-36
-47
-44
-49
-42
-41
-65
-76
-76
-94
-87
-100
-98
-83
-101
-75
-69
-91
-79
-89
-98
-87
-103
-103
-92
-94
-102
-96
-86
-81
-81
-85
-87
-74
-72
-70
-66
-62
-54
-43
-38
-41
-29
-31
-16
5
17
17
17
33
27
37
56
50
52
53
75
87
89
102
96
99
95
80
98
116
99
104
76
80
76
81
73
54
57
33
29
21
24
11
8
-13
-22
-41
-34
-52
-52
-57
-64
-69
-71
-83
-96
-96
-102
-95
-105
-109
-115
-108
-109
-92
-115
-115
-103
-109
-109
-120
-130
-128
-125
-139
-140
-139
-137
-143
-144
-155
-158
-153
-149
-126
-124
-105
-108
-115
-113
-96
-97
-89
-74
-66
-44
-53
-40
-37
-22
-26
-23
-9
-16
-19
3
10
14
24
7
24
18
19
37
29
24
37
30
33
38
39
64
36
36
54
60
56
59
62
64
66
79
98
90
79
70
75
72
74
78
58
75
63
60
68
68
69
67
65
66
73
68
58
55
63
47
26
23
1
-20
-32
-39
-24
-30
-53
-49
-43
-65
-72
-81
-91
-86
-93
-87
-88
-93
-88
-108
-100
-111
-112
-104
-128
-129
-105
-106
-111
-92
-101
-87
-78
-84
-70
-59
-66
-54
-48
-53
-30
-35
-20
-16
-9
-11
-9
-3
2
0
12
32
24
21
22
36
36
38
33
40
37
33
49
57
60
63
49
30
56
51
50
53
37
57
45
46
46
63
51
39
27
19
10
19
14
4
4
4
6
-22
-25
-32
-32
-35
-46
-36
-47
-48
-59
-67
-69
-60
-71
-92
-77
-79
-75
-84
-85
-83
-82
-81
-79
-65
-69
-62
-70
-54
-41
-50
-32
-39
-36
-31
-26
-12
-8
5
19
21
11
41
25
43
56
35
61
51
59
67
65
90
102
95
99
100
102
102
122
138
122
114
104
140
127
126
138
131
156
148
147
146
130
135
130
108
109
108
100
92
92
92
83
67
65
65
50
34
25
22
-5
-5
-12
-11
-18
-37
-42
-29
-38
-43
-56
-59
-66
-79
-66
-99
-89
-89
-97
-97
-102
-100
-77
-96
-114
-106
-103
-87
-90
-104
-83
-75
-86
-67
-68
-77
-67
-63
-58
-49
-33
-23
-9
-9
1
16
17
15
21
15
20
37
22
32
55
54
66
77
96
104
110
125
132
134
144
148
147
166
167
179
176
178
203
236
251
264
305
288
232
188
188
213
262
307
323
293
272
251
244
219
225
267
275
312
299
275
251
259
266
257
280
279
229
124
6
-67
-68
-2
139
253
289
266
238
130
31
-44
-25
67
175
230
204
159
67
30
25
53
86
135
181
173
139
92
62
107
121
139
146
121
101
96
96
93
125
133
148
170
158
150
166
178
193
213
207
206
228
243
241
210
180
185
183
181
203
216
243
267
260
252
249
216
243
264
264
269
255
266
294
285
283
272
265
267
271
263
256
261
249
252
264
259
239
225
211
175
176
165
163
176
160
143
129
116
103
93
82
92
88
70
51
36
17
28
23
14
33
14
13
11
-3
-3
-1
-2
1
5
-20
-17
-15
-31
-22
-17
-19
-14
-11
-21
5
7
10
31
24
42
46
59
63
76
94
93
115
131
146
142
163
181
181
194
199
212
217
229
228
214
225
238
241
260
271
270
290
280
265
285
275
271
265
258
255
255
256
244
241
250
221
216
225
193
201
196
163
154
141
130
119
97
78
92
72
48
34
24
30
6
15
1
-14
-21
-34
-41
-29
-44
-52
-24
-36
-53
-49
-56
-59
-49
-66
-79
-71
-48
-65
-39
-19
-10
6
-8
2
6
12
11
-8
11
-2
-6
25
37
38
62
64
81
119
106
134
147
144
150
138
154
186
184
190
197
187
190
188
178
202
198
186
192
190
202
175
166
164
171
165
165
171
162
149
123
132
150
163
155
158
159
153
135
118
101
77
69
62
38
30
37
1
-14
0
-9
-24
-41
-47
-47
-51
-64
-62
-50
-63
-66
-51
-68
-77
-78
-83
-68
-74
-72
-43
-43
-48
-42
-38
-15
-6
-4
3
12
28
26
52
51
60
75
72
69
100
101
108
131
138
129
145
154
157
144
157
167
174
187
156
168
157
164
171
156
179
195
180
161
180
187
171
163
164
148
175
150
127
159
149
152
171
156
135
164
129
117
129
120
117
99
106
92
70
46
30
50
33
6
17
19
3
-11
-13
-19
-34
-42
-61
-52
-80
-79
-75
-92
-101
-111
-131
-140
-121
-130
-144
-126
-130
-137
-132
-140
-127
-129
-146
-169
-134
-139
-133
-119
-148
-109
-116
-149
-118
-93
-94
-93
-103
-88
-51
-57
-73
-39
-18
-35
-27
-8
-16
2
-17
0
34
22
29
28
43
54
50
57
75
71
61
58
79
81
77
71
78
91
97
96
99
115
111
115
104
107
121
101
100
101
79
93
93
99
94
59
57
46
46
27
17
-3
10
24
11
-21
-13
-28
-48
-53
-74
-55
-76
-113
-95
-95
-105
-98
-108
-90
-95
-109
-95
-91
-85
-89
-90
-70
-71
-65
-65
-65
-37
-20
-26
-27
3
2
-22
-6
4
19
23
25
41
53
36
30
48
46
59
53
60
76
72
78
78
55
73
87
58
74
88
90
89
85
100
89
96
101
95
99
102
106
100
71
69
75
52
40
65
50
40
44
25
20
-2
-19
-12
-29
-29
-43
-39
-54
-81
-84
-95
-95
-103
-95
-103
-88
-115
-127
-135
-142
-137
-156
-143
-161
-154
-172
-155
-146
-165
-157
-158
-157
-169
-164
-164
-170
-169
-171
-153
-149
-153
-133
-132
-136
-130
-111
-130
-117
-75
-75
-60
-37
-27
3
-11
0
22
22
39
65
75
89
109
107
123
133
149
172
182
163
183
192
173
180
175
176
176
158
173
186
155
158
168
160
168
144
130
136
126
99
89
84
92
93
71
77
67
51
50
39
35
36
27
17
4
-3
-16
-11
-29
-19
-8
-29
-35
-15
-33
-28
-41
-41
-33
-58
-53
-46
-58
-60
-59
-74
-68
-43
-58
-62
-61
-70
-72
-59
-34
-21
-25
-38
-29
-7
-17
-27
-11
-20
-10
-12
-24
-6
10
-1
5
13
2
16
21
18
30
23
20
23
43
45
51
47
37
55
38
28
49
39
25
32
10
11
7
5
17
10
4
2
-11
-9
-1
-20
-15
-6
-14
-12
-6
-15
-25
-11
-11
1
0
-23
-26
-28
-35
-25
-43
-36
-27
-40
-42
-43
-60
-56
-45
-51
-44
-49
-42
-51
-37
-49
-46
-34
-48
-42
-49
-65
-55
-59
-61
-45
-64
-63
-65
-61
-46
-54
-59
-69
-60
-64
-57
-46
-44
-40
-33
-32
-38
-28
-39
-33
-4
-25
-14
15
2
30
31
13
36
39
32
41
58
69
71
86
70
69
91
86
85
76
90
95
74
69
88
94
78
69
77
85
83
88
84
78
74
55
38
50
31
10
21
1
3
-2
-14
-12
1
-16
-18
-11
-26
-21
-41
-37
-36
-44
-61
-62
-32
-48
-44
-36
-49
-37
-59
-72
-52
-52
-71
-77
-74
-73
-68
-60
-71
-75
-53
-69
-53
-61
-65
-59
-81
-72
-55
-39
-62
-82
-72
-68
-82
-74
-60
-58
-67
-62
-44
-40
-30
-39
-40
-22
-30
-6
5
3
26
11
16
45
58
83
83
70
87
90
85
98
92
98
89
94
93
101
85
74
84
64
73
69
65
81
83
66
75
51
56
52
27
38
37
25
23
27
19
20
22
9
23
13
5
9
-21
-14
-2
-4
4
0
20
15
27
35
19
27
0
-3
22
16
5
17
10
17
8
6
5
12
10
13
26
20
20
14
25
45
51
52
69
78
75
84
106
94
82
84
77
83
80
74
79
82
70
56
71
91
83
73
59
69
57
49
65
67
50
38
50
41
42
47
31
38
29
10
5
15
5
-18
-11
-7
0
-7
-29
-14
-14
-28
-35
-31
-48
-69
-76
-76
-63
-55
-68
-84
-80
-98
-109
-97
-97
-101
-102
-103
-106
-97
-104
-96
-90
-106
-96
-91
-97
-104
-96
-89
-73
-72
-84
-69
-65
-81
-49
-60
-53
-64
-60
-50
-47
-40
-37
-33
-19
-4
-14
0
-1
-18
-12
-3
8
10
13
3
19
16
0
36
39
37
43
36
35
46
42
41
63
68
60
47
38
46
57
40
59
60
66
73
52
59
38
27
20
19
22
12
-8
4
0
-8
-14
-12
-12
-20
-9
-11
3
-6
-20
-25
-16
-8
-19
-43
-38
-40
-62
-46
-49
-58
-57
-72
-83
-76
-67
-87
-80
-76
-90
-76
-89
-88
-83
-78
-68
-64
-71
-69
-51
-46
-32
-37
-38
-33
-20
-2
-9
2
3
8
26
25
31
39
25
43
41
31
23
22
24
25
28
10
7
1
-7
-8
-27
-35
-36
-39
-42
-43
-36
-35
-30
-33
-38
-40
-29
-24
-34
-20
-12
-23
-22
-25
-25
-7
-22
-34
-36
-20
-41
-37
-20
-39
-25
-42
-35
-23
-28
-30
-37
-31
-29
-35
-3
-16
-31
-16
-32
-21
-22
-29
-24
-33
-29
-37
-44
-28
-33
-38
-53
-59
-49
-49
-53
-41
-25
-30
-23
-24
-31
-26
-19
-2
18
-1
0
14
24
21
25
18
9
17
24
44
24
20
44
55
45
37
38
58
56
35
67
77
79
83
58
82
92
92
83
89
109
91
79
90
106
95
61
71
90
78
81
61
80
87
77
66
84
67
66
50
44
50
27
31
20
29
13
17
0
9
28
-6
-8
0
-16
-28
-20
-21
-42
-44
-53
-45
-42
-58
-57
-53
-65
-66
-54
-52
-64
-64
-66
-70
-61
-77
-77
-69
-76
-76
-60
-58
-53
-44
-49
-31
-35
-38
-32
-36
-38
-47
-53
-44
-31
-32
-22
-23
-15
-24
-28
-5
0
7
10
21
29
23
15
21
14
21
39
39
49
42
38
45
41
33
35
32
26
24
14
16
8
22
-4
-16
-14
-28
-29
-29
-44
-46
-64
-71
-68
-79
-85
-94
-95
-95
-93
-110
-113
-92
-96
-106
-88
-88
-70
-79
-86
-65
-60
-68
-77
-62
-61
-59
-49
-58
-46
-57
-56
-37
-47
-53
-50
-42
-40
-58
-55
-40
-29
-42
-37
-37
-41
-26
-32
-17
-10
-11
-17
-18
-6
7
12
-2
7
15
30
30
40
50
46
65
55
60
55
46
44
40
42
48
50
52
54
55
44
29
49
41
36
44
40
33
30
19
23
25
17
11
-4
1
-5
-4
-7
-18
-38
-31
-30
-27
-18
-24
-26
-39
-29
-40
-49
-49
-54
-55
-65
-64
-60
-67
-56
-62
-58
-44
-57
-48
-58
-59
-41
-51
-66
-49
-44
-34
-30
-40
-36
-32
-41
-42
-46
-47
-29
-30
-37
-34
-42
-51
-52
-67
-64
-56
-77
-60
-52
