28
23
25
23
11
27
38
27
33
28
23
48
54
50
54
47
32
42
30
52
70
53
61
75
80
77
99
103
98
101
75
65
60
49
66
83
91
84
80
93
92
91
100
89
90
89
83
82
62
66
72
59
41
57
44
39
52
30
19
15
10
7
10
5
13
36
30
31
33
12
-10
-20
-23
-37
-34
-30
-13
6
13
21
-5
-9
-28
-38
-18
-4
12
27
52
34
22
20
37
58
50
63
65
67
76
95
97
97
106
115
130
136
119
102
127
139
183
172
157
165
144
146
134
130
123
134
123
120
78
84
99
79
82
92
84
77
67
71
69
63
88
79
82
94
99
114
124
114
112
110
83
82
83
83
85
76
81
94
85
69
64
56
63
65
80
57
63
90
82
84
92
75
48
60
82
82
72
60
45
53
51
27
45
54
35
36
55
50
17
-17
-32
-36
-57
-61
-54
-51
-59
-67
-58
-63
-58
-58
-59
-58
-31
-28
-44
-22
-29
-38
-30
-48
-59
-47
-56
-58
-50
-79
-92
-74
-86
-85
-44
-36
-42
-26
-33
-21
-12
-29
-32
-17
1
-18
-29
-31
-31
-31
-21
-31
-45
-14
-22
-29
-25
-24
0
37
44
15
21
22
24
44
50
52
49
41
40
43
36
13
6
22
36
41
30
33
52
55
58
64
73
63
76
83
67
76
81
74
78
82
82
84
75
67
90
90
63
73
88
95
85
90
111
112
126
125
117
110
97
98
101
109
107
105
104
102
109
103
86
95
79
79
94
83
64
64
62
51
40
41
35
35
24
6
-1
4
1
-14
-16
-24
-34
-37
-29
-8
-12
-17
-19
-34
-24
-18
-27
-25
-11
-14
-17
-36
-19
-22
-40
-57
-76
-74
-60
-63
-80
-77
-79
-69
-67
-75
-54
-47
-58
-30
-11
0
3
-19
-36
-31
-51
-72
-70
-63
-42
-32
-14
-23
-29
-22
-12
3
-5
10
28
18
21
30
30
49
49
35
60
66
61
84
85
75
90
97
99
106
108
115
113
122
116
103
116
115
112
129
131
129
149
149
137
133
139
134
141
139
147
141
141
146
143
164
167
175
175
172
177
188
186
192
194
190
185
177
160
145
141
106
106
117
116
96
96
96
72
69
66
58
44
42
41
36
18
18
18
15
14
10
-6
-14
-24
-34
-23
-19
-20
-22
-32
-36
-18
-7
-13
-19
-16
-23
-28
-20
-20
-16
-23
-54
-49
-39
-43
-34
-31
-44
-56
-45
-49
-47
-59
-49
-66
-72
-63
-74
-82
-69
-67
-60
-28
-34
-50
-43
-63
-82
-62
-75
-88
-83
-93
-96
-83
-74
-64
-69
-87
-80
-74
-78
-77
-86
-74
-71
-78
-56
-55
-70
-67
-68
-57
-38
-39
-42
-58
-51
-41
-27
-36
-32
-17
-19
-19
-5
22
8
9
6
14
24
9
-3
5
24
31
31
22
30
41
36
37
60
96
106
107
108
106
102
102
96
98
107
110
99
100
107
100
94
85
83
83
75
72
67
65
78
75
73
59
44
43
27
20
-18
-10
7
-7
7
19
17
25
30
16
34
32
24
29
33
32
40
51
38
28
23
11
21
3
-2
-15
-28
-15
6
17
10
11
-15
-15
-6
-17
-14
-1
-9
-8
-31
-29
-19
-37
-39
-35
-42
-34
-23
-27
-24
-38
-44
-45
-54
-60
-64
-52
-55
-60
-51
-31
-13
-22
-26
-20
-16
-10
-4
-25
-27
-29
-38
-35
-26
-35
-19
-7
-21
-26
-46
-34
-39
-53
-40
-37
-23
-15
-13
-18
-8
0
-2
10
5
-1
14
19
22
19
8
18
21
8
-3
16
25
20
20
27
35
22
31
35
33
25
-5
-24
0
-2
-24
-11
-5
-19
-10
-11
-35
-33
-28
-26
-24
-37
-46
-38
-46
-72
-78
-80
-82
-90
-97
-102
-106
-95
-103
-95
-84
-93
-99
-95
-94
-79
-78
-79
-68
-65
-67
-75
-75
-72
-83
-91
-90
-90
-87
-76
-89
-81
-82
-91
-91
-101
-94
-87
-94
-101
-92
-91
-94
-98
-86
-89
-99
-103
-96
-88
-105
-108
-108
-115
-101
-109
-117
-128
-157
-172
-172
-169
-163
-167
-177
-175
-172
-179
-176
-176
-175
-146
-157
-171
-184
-198
-205
-196
-182
-199
-192
-183
-195
-198
-202
-194
-182
-184
-173
-186
-177
-174
-188
-176
-162
-181
-202
-216
-216
-218
-221
-221
-207
-197
-204
-209
-196
-194
-185
-190
-197
-176
-197
-213
-193
-188
-201
-183
-184
-194
-178
-181
-184
-171
-166
-175
-168
-173
-187
-199
-196
-203
-204
-174
-175
-188
-184
-169
-159
-168
-148
-140
-136
-119
-122
-118
-104
-95
-71
-75
-68
-75
-84
-68
-47
-42
-38
-28
-36
-40
-29
-40
-39
-22
-13
-23
-11
-8
-34
-30
-37
-28
-16
-4
-7
0
-5
-33
-41
-42
-48
-31
-44
-51
-44
-20
-18
-29
-33
-47
-38
-37
-56
-56
-36
-40
-44
-47
-61
-54
-35
-50
-56
-74
-68
-85
-73
-67
-110
-38
-123
-80
-121
-92
-120
-95
-67
-82
-59
-128
-109
-146
-131
-135
-116
-140
-124
-117
-137
-190
-156
-166
-150
-151
-106
-124
-135
-115
-132
-145
-162
-164
-172
-172
-164
-155
-110
-121
-110
-123
-96
-138
-110
-92
-81
-75
-68
-28
-49
-81
-93
-90
-98
-95
-86
-83
-84
-85
-81
-72
-91
-63
-89
-85
-81
-76
-87
-95
-100
-106
-119
-119
-109
-119
-120
-121
-116
-115
-138
-139
-131
-147
-133
-131
-146
-148
-157
-166
-192
-188
-190
-176
-197
-214
-220
-236
-199
-189
-186
-180
-181
-207
-212
-207
-213
-221
-229
-222
-208
-193
-195
-213
-215
-194
-182
-182
-180
-197
-192
-193
-194
-181
-188
-189
-183
-180
-176
-180
-183
-160
-159
-166
-156
-142
-133
-136
-140
-129
-127
-128
-102
-88
-72
-73
-92
-89
-85
-75
-78
-75
-85
-77
-61
-67
-60
-62
-69
-54
-62
-73
-85
-97
-114
-99
-96
-101
-102
-91
-75
-98
-98
-103
-103
-104
-113
-113
-114
-121
-119
-118
-133
-162
-184
-170
-151
-150
-137
-130
-133
-120
-112
-120
-113
-128
-127
-122
-110
-95
-86
-85
-84
-82
-64
-56
-41
-20
-33
-25
-16
-10
-11
2
-16
-14
-16
0
-15
-28
-22
-31
-28
-17
-18
-31
-38
-20
-9
-7
-7
-2
-2
10
6
1
2
5
2
-25
-40
-45
-43
-45
-25
-44
-52
-48
-53
-48
-50
-47
-39
-19
-4
-6
-37
-44
-48
-40
-44
-41
-38
-52
-35
-32
-16
-23
-29
-10
-9
-28
-32
-20
-35
-16
-4
3
6
8
18
15
36
55
49
44
53
54
40
47
35
32
41
14
14
21
38
40
34
15
12
0
-15
3
-17
-21
-14
-28
-38
-40
-48
-58
-59
-56
-54
-43
-36
-33
-31
-27
-29
-31
-31
-34
-31
-45
-43
-37
-31
-28
-10
-4
-13
-7
-9
-20
-18
-18
-16
-22
-15
-5
0
9
4
6
9
2
-10
-2
-18
-14
-8
-2
-1
-24
-21
-7
-8
-15
-18
-9
-5
-20
-22
7
14
-2
-12
-7
-2
-12
-20
-16
7
-12
-33
-37
-41
-54
-48
-37
-40
-45
-31
-34
-36
-22
-31
-25
-13
3
-1
-26
-41
-28
-21
-24
-26
-23
-43
-40
-38
-45
-47
-59
-49
-44
-43
-46
-30
-35
-31
-38
-38
-38
-36
-44
-46
-46
-55
-59
-46
-46
-45
-42
-56
-56
-63
-52
-59
-61
-33
-38
-44
-38
-38
-24
-18
-30
0
6
13
17
24
22
24
32
19
30
22
28
28
22
35
53
58
53
54
63
63
50
54
67
50
60
82
89
84
74
68
67
76
68
55
53
39
44
55
60
63
72
56
59
69
71
69
53
58
70
70
55
55
52
45
41
41
35
38
46
34
31
32
33
40
53
53
55
60
53
50
59
65
69
71
72
56
48
42
12
2
16
38
51
56
54
50
63
46
33
36
45
46
47
44
71
81
67
69
59
54
46
47
61
72
61
69
61
54
63
61
64
69
87
115
114
101
90
68
76
106
103
116
122
117
120
133
157
152
155
161
142
143
148
142
135
136
121
125
135
137
138
141
145
150
142
131
124
146
148
149
152
166
168
168
159
144
162
160
160
158
145
152
164
161
153
153
160
159
151
156
165
156
157
148
150
154
149
140
148
154
159
170
161
146
144
133
146
155
130
116
112
119
124
124
118
116
108
101
105
100
103
114
121
117
87
85
93
79
56
54
53
39
43
38
36
28
34
35
49
37
14
16
31
39
33
48
50
33
40
45
27
29
24
18
21
17
25
36
31
26
17
19
21
34
45
44
43
25
31
35
54
53
29
19
32
42
32
41
31
47
41
42
52
51
34
32
31
17
27
8
12
26
19
23
30
24
18
8
11
10
-14
-18
-13
-16
5
7
4
13
14
18
28
34
38
64
72
72
63
61
77
86
85
66
65
68
83
94
98
96
93
88
107
106
84
97
115
102
78
85
86
90
109
110
102
101
87
94
105
107
125
134
114
92
106
104
91
94
100
106
97
103
109
115
127
137
122
114
119
123
105
99
105
107
99
88
104
95
95
82
81
95
94
98
95
95
90
82
88
111
112
114
119
106
94
95
103
93
86
79
76
86
95
87
89
92
90
85
75
81
75
79
73
62
55
54
32
24
24
16
9
11
17
18
9
-2
15
35
33
31
39
27
43
36
43
53
50
41
39
41
49
45
52
58
41
37
41
43
31
46
49
29
39
41
37
48
54
51
72
66
51
54
51
44
53
58
57
71
72
80
78
96
93
102
129
134
119
119
134
138
147
140
135
141
144
144
148
141
146
170
170
168
164
142
143
151
161
149
143
156
157
133
160
161
140
152
170
175
177
161
145
163
160
151
164
165
160
171
163
145
142
145
150
149
146
128
111
117
130
128
130
110
108
128
103
102
101
91
88
111
99
80
81
69
65
70
58
55
36
10
28
31
16
17
28
14
16
19
13
20
-8
-11
-6
-19
-29
-11
-7
-25
-24
-36
-25
-11
-21
-33
-40
-49
-53
-39
-35
-52
-34
-27
-42
-25
-4
5
28
26
26
26
31
14
20
52
46
51
89
97
88
108
111
109
121
135
138
154
162
149
147
140
122
152
170
165
170
182
180
162
168
169
163
178
176
183
200
189
186
201
186
171
182
175
161
165
177
158
159
172
163
176
179
153
161
165
134
140
143
138
150
164
157
146
142
142
137
145
141
140
172
157
142
165
153
132
136
131
130
134
122
111
127
127
130
132
127
113
99
85
97
110
83
76
102
83
79
88
77
79
99
96
92
100
89
66
81
104
93
93
76
66
58
54
77
62
62
73
53
35
47
59
66
76
70
70
75
76
71
73
57
58
68
66
55
44
65
83
72
63
61
37
43
57
45
26
49
65
56
69
38
31
50
42
42
58
41
19
9
20
31
32
49
46
39
30
18
34
41
53
57
71
78
107
107
91
100
99
106
104
95
86
104
94
106
110
113
137
135
123
129
138
140
139
128
139
137
120
107
108
111
120
133
120
126
132
126
134
142
127
128
133
126
137
141
121
125
129
118
131
115
98
110
113
99
101
117
100
116
109
92
103
101
77
71
83
79
86
64
64
70
68
66
66
59
53
54
44
27
46
60
49
43
49
57
39
33
25
20
17
34
42
55
56
43
48
47
29
44
61
67
69
51
50
55
50
52
70
63
49
47
65
81
72
72
68
74
76
56
54
77
71
70
72
37
47
63
70
69
74
63
48
47
55
66
89
96
75
95
96
73
66
55
52
69
60
63
78
91
89
80
92
90
91
89
70
69
87
68
86
72
62
63
53
52
64
66
80
80
55
65
64
56
71
89
61
51
58
44
49
48
50
46
40
29
7
11
-7
2
1
-4
-3
-13
-19
-16
-26
-28
-10
-28
-42
-34
-34
-27
-24
-52
-61
-67
-80
-92
-98
-103
-92
-79
-70
-68
-70
-58
-63
-59
-49
-39
-33
-17
-15
-25
-11
-27
-37
-32
-29
-19
-31
-20
0
-13
-23
-29
-43
-40
-29
-27
-23
-16
-7
2
-2
-6
-15
-10
-21
-29
-23
-18
-7
-2
-5
-8
-14
-39
-51
-42
-41
-54
-52
-53
-66
-66
-55
-73
-73
-58
-74
-93
-99
-86
-93
-85
-66
-74
-68
-59
-67
-74
-68
-74
-78
-47
-40
-52
-65
-68
-68
-45
-56
-70
-49
-50
-66
-72
-69
-68
-53
-62
-67
-65
-59
-56
-48
-53
-52
-29
-31
-17
-24
-42
-32
-33
-36
-33
-42
-57
-56
-69
-74
-61
-71
-68
-42
-56
-48
-38
-39
-27
-24
-20
-36
-54
-67
-65
-56
-52
-48
-39
-42
-43
-40
-38
-29
-32
-14
10
-12
-28
-26
-37
-28
10
9
20
36
21
18
20
10
4
16
23
14
-3
4
11
3
-1
5
18
10
2
-2
-2
-11
-9
-21
-24
-10
-19
-16
-25
-32
-35
-28
-40
-43
-35
-39
-49
-43
-54
-75
-59
-79
-86
-100
-110
-111
-111
-96
-100
-112
-100
-74
-88
-104
-94
-118
-95
-88
-95
-68
-82
-110
-96
-111
-141
-113
-118
-128
-107
-116
-128
-100
-113
-129
-105
-113
-134
-110
-96
-110
-121
-105
-104
-108
-78
-72
-75
-64
-62
-72
-52
-57
-97
-85
-80
-97
-83
-79
-93
-75
-98
-119
-107
-100
-108
-105
-110
-106
-104
-122
-112
-100
-108
-117
-106
-112
-120
-117
-113
-108
-98
-102
-130
-135
-126
-141
-132
-116
-115
-112
-114
-106
-103
-116
-110
-105
-113
-112
-101
-113
-113
-103
-108
-110
-112
-117
-112
-111
-118
-134
-138
-129
-166
-148
-133
-153
-149
-164
-195
-185
-186
-184
-156
-181
-197
-193
-215
-235
-228
-219
-228
-220
-214
-226
-207
-196
-198
-184
-180
-176
-168
-163
-186
-194
-180
-180
-195
-175
-189
-217
-201
-209
-208
-192
-192
-199
-182
-178
-191
-172
-136
-134
-123
-123
-151
-163
-145
-161
-146
-129
-139
-153
-151
-142
-135
-113
-110
-118
-104
-92
-120
-102
-86
-108
-106
-91
-89
-80
-83
-104
-92
-78
-77
-63
-53
-68
-78
-82
-95
-88
-93
-99
-91
-77
-88
-81
-85
-97
-79
-62
-75
-70
-60
-77
-68
-66
-75
-84
-60
-83
-96
-65
-85
-96
-75
-59
-51
-35
-54
-76
-55
-84
-97
-84
-97
-89
-91
-108
-106
-112
-133
-120
-122
-124
-110
-101
-89
-82
-89
-82
-56
-77
-101
-92
-103
-99
-89
-92
-76
-82
-91
-85
-87
-84
-67
-51
-39
-40
-47
-27
-19
-29
-25
-27
-34
-20
-9
-11
-16
-24
-49
-48
-29
-49
-50
-39
-40
-31
-24
-15
-23
-7
12
12
19
20
24
39
30
25
12
-7
5
0
-23
-11
4
10
9
8
6
26
34
30
60
69
71
86
76
89
91
63
50
44
19
12
3
-7
8
3
-14
-6
8
4
9
5
-2
19
29
-1
9
22
3
1
-17
-8
-13
-39
-24
-14
-2
-7
-8
-29
-34
-1
2
-5
19
33
11
27
11
-6
-12
-4
-23
-25
-25
-50
-36
-31
-42
-48
-48
-55
-57
-74
-76
-85
-98
-75
-69
-84
-81
-82
-101
-94
-86
-105
-111
-110
-112
-94
-85
-80
-73
-62
-54
-53
-79
-73
-63
-63
-35
-23
-43
-29
-12
-17
-7
-25
-50
-32
-35
-65
-47
-61
-80
-73
-79
-75
-70
-68
-79
-82
-93
-105
-81
-56
-68
-68
-71
-80
-72
-75
-77
-79
-67
-74
-74
-56
-67
-52
-36
-34
-26
-13
-9
5
21
34
42
42
41
15
14
-2
-14
-9
4
8
14
25
8
11
33
16
20
27
-2
-1
-1
-6
-17
-29
-38
-27
-25
-17
-11
-11
0
-8
-11
-10
-9
-11
-4
-1
-6
14
15
10
26
26
18
18
-1
-1
10
8
10
29
32
31
47
33
29
39
42
16
10
16
12
10
12
10
7
13
-2
-9
-6
12
23
18
10
0
14
24
9
13
17
-15
-20
-4
-13
-10
9
-9
-36
-31
-37
-52
-34
-27
-48
-43
-29
-47
-27
-15
-34
-34
-14
-38
-49
-42
-71
-58
-61
-70
-61
-52
-66
-76
-49
-49
-54
-49
-63
-70
-58
-47
-22
-19
-15
-3
-27
-23
-22
-32
-16
13
23
30
50
51
59
74
76
58
50
44
61
64
72
61
50
56
60
84
74
81
101
107
102
115
133
112
115
125
104
107
120
121
109
108
120
124
118
130
136
139
144
143
123
139
140
110
126
126
116
113
114
100
110
122
127
134
125
134
148
147
139
147
154
143
130
123
127
122
138
140
105
86
94
68
60
77
75
74
74
73
57
58
52
50
57
51
71
68
50
45
56
47
33
27
19
40
44
30
30
17
13
20
13
7
2
-11
-20
-16
-22
-33
-28
-31
-48
-47
-54
-63
-78
-82
-70
-62
-51
-66
-76
-82
-82
-86
-95
-97
-93
-92
-75
-70
-51
-25
-29
-50
-51
-44
-67
-47
-55
-65
-43
-29
-39
-8
3
-11
-4
-4
-26
-14
6
-11
-9
0
6
16
15
24
25
18
35
45
28
29
39
46
37
40
46
26
48
56
32
33
36
30
47
49
22
38
45
37
44
38
43
53
33
49
73
57
39
20
15
37
44
32
46
52
37
47
54
36
46
38
34
41
31
43
51
36
46
51
38
24
37
37
28
32
20
34
28
10
-5
-7
-22
-18
-10
-4
9
3
-20
-12
-15
-27
-23
-28
-9
7
6
-6
-10
-33
-44
-45
-43
-57
-59
-44
-54
-49
-43
-47
-61
-71
-63
-33
-27
-36
-17
-13
-22
-42
-49
-67
-75
-81
-76
-67
-67
-67
-76
-86
-115
-133
-119
-110
-100
-116
-109
-128
-145
-134
-153
-169
-143
-109
-90
-48
-93
-142
-243
-289
-353
-276
-94
92
94
-219
-306
-404
-290
-904
-1695
-1792
-2561
-3193
-2346
-1597
-491
624
583
-1190
-3126
-4232
-4441
-3303
-1454
-217
1167
999
1177
-1123
-2188
-2067
-1631
200
1203
2694
2468
3595
3409
2651
2672
2268
2293
1390
1397
1772
2165
3742
3503
3798
2344
1871
1232
426
254
-217
-172
-119
305
-117
-226
-405
-914
-1377
-1747
-2516
-2910
-3200
-2931
-2619
-1926
-1701
-1317
-1628
-1594
-2176
-2533
-2978
-3170
-2602
-2442
-1354
-407
-180
514
436
83
71
-292
211
445
1397
2228
2694
3224
3586
3333
3500
3707
3754
4001
4413
4611
4468
4563
4915
4602
4309
3897
2513
2274
1884
1347
1257
991
620
230
-450
-1070
-1738
-1886
-2182
-2286
-2631
-3000
-3366
-3415
-3350
-3359
-3196
-3473
-3496
-3602
-3697
-3279
-2990
-2533
-2269
-2465
-2739
-3004
-3204
-3219
-2726
-2601
-2177
-1926
-2098
-1907
-1966
-1846
-1738
-1734
-1517
-1500
-1146
-702
-149
450
992
1485
1863
2387
2944
3623
4314
5053
5810
5964
6563
6555
6943
7129
6967
6915
5604
4783
3853
3232
3372
2784
2863
2565
2060
1456
535
-117
-1212
-1769
-2784
-3524
-4270
-4720
-4475
-4685
-4243
-4428
-4455
-4402
-4772
-4458
-4395
-3911
-3249
-2813
-2319
-2013
-1716
-1251
-780
-609
-491
-558
-929
-984
-1282
-1140
-910
-1185
-973
-1301
-1459
-1473
-1957
-1853
-2140
-2331
-2398
-2618
-2322
-2104
-1651
-1105
-528
-244
298
739
1316
1977
2366
3080
3711
3940
5089
5679
7108
8086
8775
9311
8558
7894
6136
5403
4368
4380
4337
3997
4220
3591
3235
2702
1589
1241
-172
-852
-2527
-3590
-4529
-5235
-5203
-5686
-5273
-5720
-5526
-5758
-6053
-5794
-5820
-5336
-5249
-4932
-4530
-4114
-3111
-2579
-1434
-961
-180
-8
-200
-14
-465
-52
-224
-125
-62
-251
-59
-256
-271
-508
-595
-988
-1510
-1908
-2340
-2246
-2561
-2489
-2296
-2032
-1267
-732
183
990
1701
2296
2536
2959
3442
4201
5264
6119
7474
8404
9247
9191
8701
7735
7117
6198
5696
4855
4412
3930
3456
2743
2136
1724
1426
756
-302
-1624
-2798
-3996
-4942
-5710
-6213
-6227
-6673
-6654
-6872
-6443
-5971
-5357
-4896
-4565
-4421
-4342
-4157
-3959
-3382
-2813
-2289
-1736
-1442
-1062
-591
-215
283
480
629
513
345
-32
-56
-287
-262
-514
-767
-787
-926
-917
-797
-857
-637
-680
-494
-360
67
594
1240
1737
2188
2875
3368
4282
5041
6102
7003
7835
8338
8129
7372
6746
6019
5590
4933
4444
4182
3843
3241
2669
2020
1734
1422
692
-147
-1186
-2155
-3180
-4157
-5015
-5293
-5757
-5969
-6285
-6175
-5709
-5206
-4595
-4056
-3748
-3495
-3567
-3474
-3160
-2798
-2344
-2069
-1807
-1599
-1231
-934
-381
-17
258
342
253
152
-12
-167
-218
-520
-1008
-1452
-1812
-2086
-2177
-2207
-2048
-2087
-1942
-1651
-1336
-790
-405
173
459
829
1314
1797
2641
3391
4391
5433
6518
7710
8511
8529
8129
7827
7167
6696
5820
5435
5289
4575
4039
3204
2799
2682
2437
2094
1392
580
-464
-1393
-2675
-3261
-3771
-4396
-4935
-5693
-5676
-5556
-5274
-4549
-3951
-3355
-3269
-3166
-2988
-2662
-2507
-2385
-2353
-2463
-2493
-2640
-2376
-2004
-1724
-1394
-1232
-1119
-1015
-936
-885
-1039
-1554
-2044
-2645
-3256
-3471
-3827
-3634
-3784
-3663
-3192
-2813
-2009
-1276
-545
121
503
1033
1582
2198
2934
3620
4440
5262
6459
7535
8664
8689
9159
8961
8572
8181
7395
7351
6659
5943
5255
4477
4036
3683
3512
3054
2650
1835
1090
247
-882
-1249
-2112
-2739
-3620
-4354
-4634
-5141
-4999
-4824
-4357
-4324
-4156
-4105
-3788
-3417
-3353
-2963
-3074
-3072
-3357
-3650
-3590
-3641
-3736
-3784
-3876
-3730
-3586
-3371
-3141
-2957
-3217
-3323
-3676
-3914
-4004
-4197
-4141
-4316
-4324
-4096
-3680
-3028
-2173
-1224
-218
744
1672
2857
3751
4629
5596
6350
7337
8256
9368
10245
10069
10415
9939
9752
9335
9072
9159
8638
8246
7453
6900
6218
5819
5416
4511
3771
2361
1575
464
-521
-916
-1865
-2524
-3752
-4519
-5144
-5609
-5672
-5593
-5390
-5622
-5622
-5656
-5545
-5261
-5386
-5098
-5507
-5567
-5730
-5876
-5416
-5301
-4999
-5021
-4930
-4757
-4643
-4325
-4106
-3779
-4056
-4092
-4147
-4090
-3655
-3523
-2943
-2931
-2485
-2084
-1446
-613
151
1046
1574
2317
2985
3969
4967
5898
7086
7863
9028
9901
11086
12135
11996
12209
11516
10955
10277
9413
9187
8453
7834
6882
6098
5193
4867
4593
3850
3371
2111
1180
-28
-1410
-2048
-3335
-4269
-5636
-6724
-7559
-8046
-8195
-8073
-7660
-7648
-7334
-7274
-6933
-6434
-6201
-5766
-5747
-5800
-5811
-5929
-5655
-5326
-5107
-4926
-4701
-4483
-3983
-3572
-2841
-2054
-1857
-1615
-1633
-1595
-1376
-1394
-1195
-1184
-1196
-1029
-844
-350
233
938
1611
2358
3105
4064
4958
5846
6652
7401
8040
8947
9635
10610
10739
10622
10566
9802
9642
8830
8570
8183
7305
6603
5490
4910
4483
4273
3839
3117
2521
1116
573
-903
-1430
-2391
-3521
-4457
-5841
-6524
-7242
-7382
-7421
-7178
-7014
-7039
-6704
-6586
-5917
-5699
-5313
-4974
-5119
-5011
-5336
-5112
-4987
-4845
-4928
-4879
-4749
-4514
-4182
-3796
-3152
-2946
-2747
-2618
-2524
-2272
-2218
-1990
-1932
-1941
-1817
-1631
-1146
-709
-33
412
1064
1723
2560
3724
4531
5834
6526
7803
8497
9460
10515
11246
11501
11162
11120
10514
10228
9530
9140
8762
7695
7016
5939
5379
5019
4375
4063
3058
2461
1250
679
-561
-1180
-2159
-3410
-4504
-6032
-6757
-7426
-7986
-8058
-8218
-8175
-8295
-8086
-7683
-7073
-6719
-6425
-6083
-6161
-6005
-6192
-5913
-5718
-5726
-5746
-5721
-5548
-5301
-5034
-4507
-3980
-3543
-3262
-2740
-2259
-1529
-1064
-568
-240
-216
9
55
310
514
880
1199
1736
2446
3483
4663
5802
7067
8203
9162
9964
10721
11525
11974
11665
11529
11112
10614
10025
9153
8665
7815
6818
5866
4979
4548
4094
3711
3057
2414
1595
834
91
-1017
-1639
-2949
-3993
-5307
-6394
-7065
-7724
-8185
-8239
-8244
-8235
-8055
-7698
-7133
-6505
-6389
-5947
-5879
-5787
-5803
-5950
-5667
-5659
-5690
-5781
-5719
-5587
-5322
-5052
-4539
-4082
-3795
-3429
-3020
-2532
-1958
-1630
-1150
-952
-634
-390
-154
99
382
735
1003
1526
2190
3175
4221
5294
6601
7710
8720
9615
10472
11329
11696
11391
11285
10805
10365
9824
9078
8711
7852
6987
6009
5206
4675
4229
3706
3113
2572
1762
1142
452
-477
-969
-2199
-3057
-4355
-5258
-6018
-6712
-7204
-7477
-7639
-7893
-7942
-7942
-7623
-7293
-7175
-6709
-6538
-6276
-6142
-6176
-5793
-5838
-5873
-5973
-5956
-6023
-5972
-6005
-5733
-5327
-5179
-4658
-4201
-3533
-2749
-2231
-1452
-904
-419
154
502
960
1224
1548
1688
2131
2599
3377
4326
5320
6779
7821
9181
10089
11091
12016
12374
12238
12249
11812
11466
10712
9988
9322
8375
7168
6139
5119
4411
3868
3254
2824
2227
1610
1020
413
-489
-943
-2124
-2925
-4241
-5189
-6143
-6957
-7669
-8053
-8381
-8723
-8878
-8931
-8569
-8297
-8020
-7520
-7187
-6819
-6594
-6492
-6104
-5972
-6019
-6110
-6182
-6278
-6262
-6379
-6004
-5787
-5529
-5020
-4594
-3778
-3172
-2367
-1615
-878
-287
493
1045
1605
1978
2203
2391
2614
3059
3842
4645
5651
6862
8000
9228
10149
11336
12332
12989
12953
13031
12563
12075
11442
10585
9976
8711
7496
6136
4952
4087
3430
2829
2279
1562
909
163
-411
-1285
-1517
-2568
-3332
-4536
-5546
-6392
-7337
-7911
-8364
-8727
-9199
-9470
-9588
-9321
-8990
-8585
-8001
-7606
-7205
-6932
-6698
-6174
-5894
-5770
-5773
-5832
-5864
-5886
-5917
-5610
-5311
-5132
-4711
-4337
-3540
-2788
-2043
-1203
-425
345
1189
1885
2547
3016
3309
3448
3674
3945
4660
5382
6423
7477
8537
9485
10382
11351
12296
12684
12721
12752
12250
11876
11059
10382
9554
8353
7006
5604
4337
3468
2617
1953
1274
685
-91
-564
-1330
-1829
-2283
-3124
-3856
-4929
-5620
-6402
-7146
-7703
-8072
-8520
-9054
-9337
-9482
-9216
-8976
-8656
-8037
-7654
-7103
-6745
-6286
-5677
-5342
-5153
-5153
-5206
-5291
-5443
-5587
-5331
-5207
-5050
-4774
-4443
-3675
-3053
-2373
-1488
-786
17
847
1680
2497
3100
3479
3695
3804
4027
4457
4980
5723
6721
7762
8805
9697
10779
11660
12074
12023
12132
11810
11600
10927
10258
9496
8220
6882
5381
4198
3258
2413
1641
913
307
-330
-758
-1250
-1748
-1998
-2895
-3469
-4453
-5076
-5756
-6443
-7011
-7492
-7994
-8604
-8980
-9155
-9004
-8738
-8455
-7826
-7401
-6852
-6371
-5928
-5224
-4978
-4823
-4906
-4962
-4985
-5173
-5217
-5101
-4933
-5023
-4787
-4541
-3972
-3423
-2965
-2186
-1537
-751
267
1171
2249
2913
3416
3520
3522
3752
3976
4533
5052
6125
6952
8006
9008
10093
11181
11634
11877
12121
12089
12001
11497
10983
10328
9175
7841
6355
5172
4006
3164
2174
1471
707
44
-493
-1023
-1499
-1814
-2561
-3236
-4120
-4859
-5528
-6274
-6916
-7490
-8057
-8801
-9216
-9460
-9325
-9127
-8904
-8390
-7952
-7493
-7012
-6520
-5889
-5484
-5305
-5264
-5293
-5243
-5360
-5392
-5263
-5122
-5140
-4996
-4734
-4230
-3665
-3169
-2453
-1680
-916
6
860
1819
2549
3070
3329
3600
3836
4181
4691
5167
6149
6913
8027
8875
9930
10886
11398
11652
11949
11870
11865
11347
11016
10313
9333
8068
6733
5534
4413
3617
2578
1901
1107
389
-198
-878
-1373
-1766
-2457
-3077
-3902
-4511
-5267
-5972
-6781
-7349
-8024
-8759
-9199
-9471
-9364
-9241
-9007
-8587
-8182
-7722
-7290
-6816
-6158
-5751
-5588
-5477
-5449
-5336
-5436
-5481
-5313
-5129
-5152
-4997
-4689
-4179
-3642
-3218
-2520
-1815
-1130
-193
722
1706
2571
3117
3449
3550
3781
4054
4561
5028
5943
6781
7674
8705
9632
10698
11184
11443
11894
11883
12046
11681
11393
10981
9915
8887
7416
6376
5169
4325
3304
2363
1650
778
270
-466
-970
-1346
-2171
-2749
-3655
-4289
-5073
-5926
-6727
-7542
-8265
-9187
-9763
-10195
-10268
-10132
-10041
-9530
-9157
-8695
-8236
-7822
-7168
-6765
-6537
-6416
-6327
-6134
-6141
-6079
-5858
-5612
-5521
-5353
-5034
-4484
-3821
-3329
-2476
-1626
-756
301
1258
2208
2952
3459
3722
3895
4086
4550
5087
5693
6598
7450
8401
9358
10392
11389
11819
12215
12550
12588
12745
12297
12050
11411
10430
9230
7878
6724
5604
4681
3596
2708
1873
1032
458
-400
-889
-1455
-2250
-3005
-3995
-4725
-5650
-6522
-7392
-8102
-8843
-9720
-10319
-10746
-10743
-10656
-10495
-10049
-9656
-9158
-8771
-8268
-7612
-7193
-6898
-6709
-6559
-6304
-6286
-6203
-5968
-5739
-5604
-5268
-4811
-4061
-3308
-2630
-1762
-997
-172
726
1529
2414
3100
3572
3883
4132
4442
4920
5405
6038
6970
7852
8886
9710
10731
11604
11938
12290
12399
12426
12353
11891
11546
10824
9864
8631
7365
6244
5244
4340
3284
2433
1484
700
101
-693
-1136
-1730
-2487
-3295
-4265
-4998
-5874
-6713
-7553
-8183
-8949
-9751
-10286
-10619
-10532
-10478
-10234
-9798
-9447
-9001
-8651
-8124
-7458
-6961
-6639
-6428
-6199
-5962
-5926
-5873
-5583
-5356
-5194
-4881
-4484
-3701
-3016
-2344
-1411
-587
266
1195
2098
2942
3534
3944
4137
4228
4423
4902
5322
6112
7049
8049
9095
10061
11119
11891
12189
12567
12555
12571
12424
11868
11544
10706
9663
8403
7140
6049
5052
4049
3064
2209
1329
566
11
-845
-1243
-1935
-2705
-3518
-4509
-5239
-6203
-7105
-8010
-8771
-9550
-10338
-10733
-10906
-10697
-10520
-10141
-9590
-9109
-8503
-8037
-7391
-6749
-6406
-6136
-6041
-5918
-5782
-5780
-5621
-5353
-5105
-4898
-4487
-3939
-3138
-2475
-1847
-990
-221
592
1451
2177
2849
3246
3289
3302
3380
3776
4353
5064
5922
6883
7910
8916
9969
10965
11729
11995
12370
12299
12265
12053
11551
11260
10389
9399
8229
6999
6141
5241
4425
3500
2720
1841
1149
558
-321
-701
-1580
-2390
-3332
-4378
-5088
-6123
-6987
-7847
-8596
-9350
-10093
-10422
-10532
-10275
-10104
-9706
-9227
-8832
-8314
-7987
-7352
-6761
-6476
-6221
-6238
-6132
-5984
-6008
-5850
-5522
-5332
-5069
-4750
-4186
-3436
-2926
-2159
-1295
-488
469
1360
2082
2632
2891
2932
2965
3250
3616
4410
5208
6285
7454
8578
9902
10862
12078
12553
12964
13208
13025
13148
12520
12230
11573
10527
9553
8179
7288
6291
5502
4701
3762
3172
2271
1774
876
244
-367
-1481
-2287
-3604
-4467
-5474
-6565
-7421
-8431
-9122
-9983
-10503
-10713
-10679
-10392
-10162
-9611
-9210
-8622
-8122
-7672
-6948
-6624
-6366
-6321
-6342
-6241
-6276
-6374
-6257
-6118
-6074
-5794
-5413
-4583
-3732
-2876
-1817
-892
23
896
1596
2083
2368
2455
2524
2719
3003
3779
4645
5648
6931
8086
9398
10583
11842
12726
13261
13787
13681
13823
13496
13007
12555
11464
10532
9152
7929
6983
6103
5364
4445
3755
2939
2357
1665
847
369
-652
-1524
-2753
-3928
-4899
-6181
-7197
-8254
-9146
-9985
-10664
-10994
-11027
-10720
-10490
-9948
-9449
-8924
-8300
-7950
-7288
-6799
-6537
-6465
-6568
-6569
-6538
-6656
-6607
-6428
-6325
-6038
-5678
-5067
-4183
-3392
-2393
-1400
-489
467
1388
2078
2539
2813
2823
2906
3059
3586
4406
5398
6610
7886
9268
10474
11693
12622
13222
13920
13869
14004
13800
13259
12905
11801
10803
9577
8307
7382
6423
5637
4691
4003
3147
2445
1842
971
487
-447
-1334
-2400
-3624
-4528
-5749
-6819
-7865
-8872
-9771
-10508
-10932
-11109
-10840
-10607
-10147
-9598
-9197
-8469
-8026
-7403
-6760
-6524
-6320
-6478
-6530
-6514
-6689
-6650
-6531
-6444
-6237
-5910
-5342
-4534
-3709
-2789
-1710
-738
253
1265
1976
2451
2605
2575
2791
2813
3267
4210
5115
6396
7549
8904
10298
11435
12488
13076
13897
14012
14075
13978
13394
13116
11969
10970
9727
8335
7481
6377
5688
4815
4102
3418
2662
2161
1255
791
-112
-1105
-2070
-3447
-4360
-5645
-6741
-7766
-8809
-9659
-10568
-10948
-11210
-11058
-10760
-10367
-9764
-9318
-8655
-8102
-7477
-6820
-6501
-6253
-6323
-6390
-6376
-6532
-6468
-6368
-6290
-6072
-5804
-5206
-4377
-3620
-2534
-1415
-395
523
1454
2138
2578
2784
2739
2924
2941
3463
4254
5156
6457
7540
8861
10215
11359
12249
12946
13804
13868
14072
13720
13233
12774
11567
10635
9277
8072
7202
6253
5494
4614
4074
3443
2942
2309
1607
1181
176
-709
-1840
-2984
-4017
-5379
-6451
-7536
-8522
-9458
-10203
-10561
-10679
-10534
-10286
-9822
-9321
-8780
-8199
-7734
-7075
-6600
-6343
-6195
-6369
-6385
-6481
-6785
-6742
-6677
-6632
-6485
-6236
-5464
-4640
-3884
-2849
-1732
-723
243
1030
1686
2079
2111
2162
2285
2445
2988
3863
4827
6043
7255
8640
9917
11055
11885
12720
13416
13541
13718
13380
12997
12387
11288
10347
9068
7960
7105
6266
5552
4779
4289
3707
3323
2633
2061
1634
654
-170
-1335
-2428
-3486
-4857
-5977
-7070
-8054
-9005
-9707
-10070
-10162
-10000
-9783
-9333
-8930
-8418
-7912
-7551
-6959
-6602
-6453
-6480
-6793
-6794
-6940
-7178
-7118
-7009
-6816
-6598
-6218
-5462
-4680
-3941
-3001
-2028
-1120
-292
418
1009
1450
1579
1709
2038
2292
3029
3955
4858
6096
7204
8658
9983
10855
11695
12577
13042
13259
13285
12964
12699
11877
10857
9944
8714
7854
7028
6232
5548
4883
4347
3941
3484
2803
2396
1688
741
-191
-1314
-2274
-3464
-4721
-5740
-6795
-7843
-8714
-9278
-9578
-9579
-9528
-9235
-8863
-8573
-8041
-7675
-7225
-6710
-6505
-6323
-6454
-6648
-6644
-6900
-7133
-7093
-7106
-6976
-6796
-6346
-5479
-4768
-3956
-2939
-2057
-1188
-320
287
735
851
805
920
1059
1449
2342
3391
4506
5754
6988
8504
9670
10480
11348
12233
12617
12795
12765
12592
12269
11426
10467
9456
8364
7570
6857
6235
5638
5171
4776
4369
3838
3312
2918
2124
1173
155
-968
-1994
-3282
-4444
-5453
-6538
-7621
-8503
-9016
-9267
-9263
-9139
-8802
-8500
-8228
-7820
-7552
-7147
-6761
-6711
-6762
-7097
-7282
-7374
-7691
-7733
-7646
-7508
-7357
-7120
-6424
-5605
-4828
-3971
-2957
-2168
-1419
-715
-270
103
207
262
711
906
1554
2624
3701
4989
6076
7572
8979
10038
10752
11621
12293
12550
12761
12487
12399
11883
10857
10119
8975
8229
7548
6923
6346
5685
5358
4948
4564
3918
3510
3002
1946
989
-209
-1166
-2328
-3689
-4639
-5703
-6716
-7778
-8471
-8814
-8976
-8939
-8836
-8542
-8338
-8027
-7736
-7537
-7075
-6961
-6909
-7183
-7519
-7429
-7652
-7827
-7743
-7545
-7366
-7271
-6793
-5925
-5038
-4279
-3283
-2380
-1644
-957
-454
-5
204
186
474
760
1160
2031
3037
4274
5429
6732
8197
9407
10095
10960
11882
12186
12493
12301
12134
11841
10855
10191
9220
8414
7771
7088
6597
5972
5718
5365
5129
4540
4009
3720
2725
1774
616
-424
-1466
-2847
-3883
-4938
-5865
-6961
-7785
-8201
-8526
-8554
-8612
-8394
-8273
-8104
-7746
-7651
-7271
-7020
-6994
-7080
-7455
-7522
-7554
-7804
-7830
-7713
-7554
-7385
-7124
-6342
-5329
-4525
-3555
-2560
-1817
-1108
-550
-142
210
256
331
684
921
1594
2465
3525
4802
5890
7405
8676
9473
10243
11052
11735
11934
11867
11699
11522
10813
9956
9210
8313
7729
7041
6496
5926
5466
5260
5009
4610
4167
3869
3277
2316
1255
175
-768
-2084
-3306
-4249
-5146
-6152
-7075
-7523
-7864
-8032
-8061
-7926
-7764
-7639
-7417
-7243
-6988
-6772
-6722
-6731
-7096
-7331
-7419
-7699
-7868
-7783
-7605
-7348
-7207
-6604
-5649
-4758
-3928
-2959
-2085
-1326
-801
-464
-73
-46
-23
273
384
903
1694
2720
3832
4775
6201
7492
8406
9095
9932
10662
11043
11093
10902
10796
10144
9304
8653
7715
7257
6660
6178
5698
5180
4993
4792
4553
4098
3873
3560
2769
1887
847
78
-1192
-2485
-3455
-4464
-5300
-6255
-6827
-7079
-7197
-7289
-7241
-7102
-7032
-6817
-6708
-6597
-6385
-6390
-6414
-6795
-7094
-7217
-7454
-7704
-7764
-7652
-7449
-7322
-6933
-6043
-5192
-4345
-3320
-2433
-1531
-870
-486
-186
-48
-106
52
196
425
1179
2062
3113
4075
5290
6644
7562
8250
9080
9799
10278
10406
10296
10220
9797
8919
8250
7413
6892
6337
5798
5394
4936
4768
4666
4525
4185
4009
3845
3245
2561
1659
945
-63
-1389
-2418
-3427
-4308
-5305
-5978
-6260
-6411
-6490
-6488
-6355
-6255
-6136
-6034
-6039
-5908
-5964
-6057
-6453
-6895
-7084
-7336
-7604
-7750
-7732
-7565
-7375
-6954
-6087
-5136
-4345
-3438
-2543
-1837
-1219
-721
-414
-151
-79
142
455
580
1233
2041
2988
3984
4984
6309
7152
7796
8589
9148
9724
9657
9616
9454
8964
8275
7518
6937
6434
6002
5528
5048
4738
4441
4487
4239
3962
3901
3560
3104
2327
1606
1031
122
-950
-1943
-2786
-3723
-4577
-5128
-5478
-5474
-5633
-5633
-5588
-5575
-5469
-5487
-5469
-5447
-5572
-5723
-6200
-6554
-6769
-7040
-7333
-7558
-7610
-7581
-7477
-7181
-6501
-5676
-4859
-3909
-3021
-2206
-1484
-969
-582
-397
-270
-71
117
480
1048
1948
2910
3799
4943
6006
6811
7498
8191
8871
9351
9469
9352
9230
8615
7899
7204
6503
6102
5602
5188
4706
4400
4344
4302
4171
3979
3943
3678
3193
2624
1953
1501
607
-380
-1289
-2153
-3036
-3873
-4427
-4745
-4824
-4923
-4943
-4867
-4825
-4657
-4662
-4634
-4651
-4844
-5158
-5826
-6204
-6578
-6941
-7318
-7587
-7707
-7779
-7625
-7275
-6633
-5903
-5095
-4161
-3357
-2517
-1920
-1291
-885
-694
-439
-231
68
402
1145
2038
2918
3885
4871
5909
6517
7239
7921
8477
9012
8996
9036
8772
8196
7610
6791
6257
5769
5318
4841
4312
4128
4067
4071
3843
3755
3661
3331
2900
2320
1941
1452
605
-207
-1089
-1874
-2739
-3450
-3930
-4212
-4347
-4512
-4507
-4547
-4429
-4269
-4322
-4254
-4379
-4598
-5033
-5705
-6071
-6524
-6896
-7338
-7640
-7771
-7875
-7751
-7359
-6751
-6150
-5379
-4559
-3840
-3051
-2382
-1683
-1224
-1017
-642
-320
21
527
1294
2250
3162
4083
5096
6005
6516
7288
7969
8519
8929
8914
8898
8587
7949
7384
6605
6166
5632
5121
4563
4017
3758
3687
3703
3390
3324
3255
2843
2402
1846
1555
1091
352
-353
-1151
-1781
-2667
-3225
-3602
-3790
-3904
-4081
-4083
-4154
-4056
-3905
-3870
-3738
-3872
-4016
-4504
-5088
-5446
-5846
-6251
-6711
-7037
-7290
-7445
-7451
-7036
-6430
-5900
-5192
-4427
-3745
-2999
-2259
-1527
-1017
-686
-318
-4
347
894
1698
2686
3615
4494
5470
6127
6693
7353
7874
8442
8643
8675
8610
8138
7467
6823
6151
5706
5179
4600
3949
3457
3112
2992
2794
2562
2514
2327
1938
1459
1009
769
300
-311
-914
-1525
-2150
-2846
-3268
-3521
-3575
-3676
-3768
-3762
-3776
-3633
-3549
-3417
-3225
-3346
-3507
-4042
-4481
-4763
-5230
-5628
-6002
-6315
-6648
-6855
-6814
-6463
-5997
-5543
-4880
-4248
-3593
-2909
-2242
-1501
-1034
-681
-345
35
486
1155
2044
2889
3770
4705
5582
6070
6612
7271
7761
8289
8326
8377
8254
7659
7175
6451
5923
5392
4804
4195
3471
3084
2720
2573
2240
2005
1923
1566
1236
744
481
225
-318
-743
-1278
-1674
-2277
-2770
-3006
-3172
-3142
-3272
-3254
-3287
-3253
-3116
-3124
-2920
-2801
-2849
-3075
-3525
-3759
-4054
-4450
-4899
-5254
-5566
-5958
-6265
-6207
-5917
-5600
-5104
-4558
-4051
-3456
-2812
-2130
-1555
-1255
-833
-419
-12
499
1340
2158
3077
3929
4801
5483
5815
6474
7015
7571
7947
7934
8030
7658
7162
6638
6012
5674
5115
4630
3920
3312
2912
2605
2299
1814
1654
1377
976
553
100
8
-390
-821
-1228
-1661
-2006
-2535
-2724
-2844
-2799
-2801
-2876
-2874
-2933
-2778
-2731
-2683
-2522
-2535
-2585
-2974
-3271
-3404
-3698
-4057
-4469
-4767
-5109
-5373
-5551
-5400
-5220
-5042
-4677
-4336
-3933
-3397
-2804
-2109
-1671
-1242
-757
-434
3
633
1568
2458
3352
4204
4996
5435
5938
6415
6992
7437
7616
7632
7557
7103
6718
6220
5878
5561
5103
4540
3890
3383
3003
2707
2206
1800
1438
995
398
-152
-491
-688
-1138
-1492
-1866
-2162
-2608
-2863
-2966
-2873
-2805
-2776
-2717
-2770
-2702
-2581
-2522
-2424
-2365
-2419
-2604
-2956
-3062
-3187
-3431
-3778
-4012
-4314
-4638
-4952
-4939
-4769
-4676
-4442
-4196
-3840
-3412
-2957
-2403
-1945
-1641
-1267
-892
-462
63
896
1822
2758
3537
4476
5050
5456
6048
6548
7105
7380
7406
7455
7177
6777
6374
5936
5674
5249
4826
4251
3772
3369
3115
2687
2173
1788
1376
798
185
-355
-612
-1056
-1542
-1943
-2274
-2597
-2980
-3067
-3057
-2889
-2825
-2748
-2669
-2646
-2493
-2392
-2339
-2226
-2266
-2318
-2623
-2851
-2919
-3108
-3368
-3611
-3818
-4073
-4325
-4481
-4303
-4137
-4036
-3800
-3591
-3313
-2898
-2485
-1975
-1653
-1364
-1014
-645
-179
468
1307
2250
3117
3880
4605
4989
5453
5970
6510
6923
7072
7115
7012
6631
6249
5853
5626
5383
5014
4550
4092
3699
3415
3156
2675
2240
1759
1200
501
-145
-603
-998
-1519
-2026
-2462
-2755
-3168
-3381
-3419
-3262
-3129
-3062
-2921
-2834
-2639
-2513
-2390
-2287
-2266
-2331
-2551
-2833
-2974
-3095
-3209
-3474
-3608
-3816
-4035
-4193
-4177
-4038
-3867
-3728
-3446
-3165
-2847
-2486
-2139
-1895
-1701
-1473
-1078
-620
-145
692
1508
2305
3090
3851
4541
5004
5546
6086
6526
6904
6952
6995
6825
6474
6128
5770
5559
5312
4940
4517
4130
3873
3641
3325
2807
2402
1932
1247
545
-139
-586
-1136
-1783
-2304
-2733
-3057
-3454
-3603
-3601
-3486
-3381
-3296
-3144
-3007
-2788
-2684
-2572
-2482
-2476
-2528
-2770
-2951
-3020
-3127
-3273
-3515
-3637
-3844
-3978
-4064
-3921
-3711
-3636
-3459
-3265
-2952
-2634
-2307
-1876
-1613
-1337
-1073
-729
-401
104
919
1663
2513
3221
4040
4676
4991
5646
6056
6541
6809
6807
6910
6680
6347
6005
5657
5467
5138
4822
4382
4061
3772
3516
3133
2566
2222
1720
1055
310
-360
-846
-1516
-2185
-2727
-3162
-3582
-4047
-4196
-4233
-4109
-4038
-3948
-3780
-3684
-3461
-3348
-3279
-3111
-3043
-3034
-3196
-3381
-3382
-3465
-3613
-3748
-3819
-3916
-4029
-4126
-3961
-3792
-3702
-3440
-3135
-2852
-2465
-2107
-1686
-1351
-1069
-694
-368
-66
440
1197
1862
2570
3344
4140
4764
5128
5619
6095
6471
6678
6706
6757
6571
6220
5888
5559
5377
5050
4752
4360
4027
3756
3440
3044
2610
2210
1725
1030
299
-356
-877
-1558
-2242
-2738
-3213
-3641
-4109
-4291
-4329
-4278
-4217
-4111
-3999
-3827
-3685
-3573
-3424
-3301
-3203
-3170
-3351
-3355
-3370
-3422
-3496
-3641
-3627
-3743
-3857
-3841
-3719
-3533
-3351
-3132
-2841
-2500
-2165
-1808
-1440
-1079
-727
-462
-47
238
732
1443
2020
2769
3496
4184
4821
5160
5660
6052
6343
6524
6562
6596
6429
6086
5779
5504
5319
5054
4747
4375
4064
3766
3408
3015
2561
2177
1653
964
240
-423
-1015
-1684
-2322
-2845
-3309
-3748
-4219
-4426
-4504
-4499
-4476
-4438
-4369
-4256
-4164
-4061
-3946
-3809
-3664
-3652
-3781
-3736
-3727
-3696
-3748
-3813
-3803
-3846
-3873
-3841
-3681
-3495
-3363
-3193
-2965
-2644
-2297
-1898
-1464
-982
-475
-159
200
510
974
1573
2097
2809
3516
4128
4763
5096
5546
5946
6201
6386
6436
6438
6335
6072
5820
5594
5434
5194
4881
4535
4212
3881
3501
3124
2659
2257
1700
1036
347
-280
-875
-1482
-2093
-2608
-3038
-3473
-3924
-4171
-4282
-4361
-4341
-4425
-4422
-4338
-4347
-4269
-4152
-4023
-3862
-3926
-3902
-3867
-3825
-3737
-3738
-3734
-3735
-3821
-3879
-3816
-3740
-3594
-3390
-3223
-2915
-2616
-2266
-1819
-1417
-869
-374
-29
332
737
1141
1737
2199
2811
3513
3992
4583
4984
5318
5805
6007
6240
6325
6289
6269
5995
5784
5560
5366
5128
4761
4371
4003
3658
3250
2858
2427
1967
1442
813
202
-434
-982
-1537
-2105
-2597
-3085
-3479
-3899
-4206
-4385
-4547
-4596
-4715
-4777
-4707
-4717
-4647
-4556
-4435
-4273
-4263
-4238
-4139
-4088
-4005
-3971
-3955
-3954
-3983
-4020
-3982
-3897
-3756
-3567
-3388
-3159
-2837
-2467
-2005
-1542
-1062
-528
-123
231
635
1029
1494
1965
2500
3192
3764
4298
4811
5179
5584
5929
6148
6324
6372
6371
6296
6045
5845
5590
5368
5051
4650
4267
3877
3480
3053
2622
2202
1715
1193
597
10
-517
-1048
-1553
-2042
-2483
-2885
-3259
-3651
-3908
-4141
-4305
-4463
-4639
-4639
-4666
-4687
-4632
-4587
-4394
-4322
-4295
-4155
-4104
-3994
-3909
-3875
-3848
-3847
-3840
-3814
-3798
-3703
-3514
-3379
-3195
-2967
-2637
-2189
-1758
-1216
-651
-165
235
622
1052
1465
1917
2368
2916
3515
4019
4553
4951
5280
5668
5952
6202
6340
6355
6369
6262
6016
5806
5544
5261
4899
4465
4048
3621
3149
2715
2269
1797
1330
810
261
-243
-757
-1215
-1653
-2118
-2501
-2852
-3234
-3590
-3869
-4063
-4300
-4504
-4648
-4778
-4781
-4811
-4789
-4671
-4584
-4464
-4378
-4292
-4183
-4111
-3987
-3989
-3944
-3931
-3955
-3939
-3903
-3808
-3665
-3502
-3294
-2972
-2583
-2131
-1617
-1108
-550
-45
407
859
1280
1758
2237
2769
3334
3881
4376
4860
5272
5612
6013
6246
6470
6575
6609
6624
6497
6303
6082
5798
5497
5075
4628
4166
3692
3211
2725
2245
1754
1279
770
280
-197
-611
-1044
-1479
-1855
-2223
-2594
-2970
-3345
-3620
-3903
-4175
-4399
-4571
-4672
-4731
-4751
-4723
-4605
-4522
-4429
-4351
-4268
-4123
-4038
-3985
-3947
-3944
-3881
-3880
-3839
-3751
-3655
-3538
-3414
-3197
-2873
-2454
-1997
-1458
-855
-291
238
710
1169
1644
2055
2531
3048
3550
4104
4637
5094
5540
5863
6199
6425
6553
6729
6774
6772
6692
6458
6219
5848
5430
4973
4480
3974
3452
2939
2421
1911
1412
947
494
52
-414
-858
-1254
-1649
-2005
-2348
-2694
-3051
-3426
-3756
-4092
-4406
-4605
-4776
-4900
-4980
-5013
-4932
-4837
-4737
-4592
-4464
-4337
-4208
-4162
-4061
-4007
-3976
-3923
-3865
-3795
-3705
-3600
-3463
-3292
-3069
-2733
-2339
-1939
-1430
-899
-391
116
603
1110
1578
2018
2517
3042
3573
4106
4623
5097
5569
5906
6186
6444
6588
6778
6841
6776
6690
6440
6133
5783
5346
4913
4447
3902
3341
2822
2293
1824
1370
946
557
132
-321
-751
-1127
-1483
-1819
-2167
-2535
-2883
-3278
-3634
-3944
-4245
-4459
-4599
-4752
-4788
-4797
-4765
-4651
-4591
-4453
-4276
-4212
-4128
-4048
-3916
-3782
-3723
-3635
-3529
-3499
-3442
-3335
-3218
-3039
-2845
-2585
-2247
-1918
-1506
-1050
-579
-26
463
1021
1536
1984
2521
3038
3549
4058
4599
5146
5570
5957
6284
6562
6798
6901
6985
7015
6919
6732
6450
6096
5687
5202
4735
4214
3651
3112
2584
2079
1630
1189
774
361
-75
-482
-884
-1269
-1634
-1978
-2344
-2701
-3111
-3478
-3812
-4145
-4369
-4559
-4706
-4808
-4888
-4872
-4840
-4788
-4651
-4549
-4405
-4274
-4126
-3959
-3834
-3734
-3616
-3541
-3499
-3465
-3391
-3247
-3109
-2879
-2604
-2331
-2000
-1648
-1205
-724
-266
289
838
1366
1892
2396
2934
3454
3980
4487
4947
5371
5800
6185
6501
6755
6954
7062
7064
6961
6810
6556
6261
5870
5452
4967
4416
3882
3340
2793
2274
1788
1335
894
451
33
-330
-685
-1072
-1413
-1792
-2185
-2557
-2973
-3334
-3671
-4027
-4285
-4534
-4729
-4849
-4965
-4970
-4995
-4965
-4852
-4759
-4603
-4451
-4264
-4056
-3914
-3752
-3620
-3540
-3463
-3398
-3287
-3155
-3016
-2821
-2583
-2348
-2035
-1654
-1230
-801
-333
171
683
1234
1774
2341
2871
3359
3888
4302
4725
5144
5528
5924
6262
6541
6780
6893
6935
6885
6779
6634
6377
6040
5668
5214
4735
4189
3621
3112
2577
2079
1568
1057
616
182
-245
-611
-1001
-1363
-1767
-2162
-2531
-2866
-3195
-3496
-3769
-4036
-4264
-4496
-4692
-4817
-4883
-4930
-4924
-4889
-4804
-4671
-4498
-4279
-4053
-3874
-3713
-3566
-3463
-3371
-3280
-3180
-3062
-2926
-2780
-2592
-2328
-2013
-1648
-1268
-888
-471
-24
467
981
1506
2027
2542
3043
3481
3887
4326
4726
5105
5457
5766
6028
6200
6379
6450
6515
6511
6401
6245
6016
5737
5404
4996
4578
4125
3664
3174
2677
2178
1722
1266
797
376
-54
-472
-884
-1270
-1653
-2033
-2385
-2733
-3062
-3363
-3673
-3982
-4275
-4517
-4713
-4892
-5026
-5109
-5128
-5107
-5042
-4903
-4727
-4532
-4357
-4207
-4040
-3917
-3800
-3684
-3579
-3453
-3324
-3181
-2995
-2745
-2425
-2077
-1671
-1223
-722
-184
320
897
1488
2049
2564
3063
3545
3996
4384
4755
5111
5388
5645
5864
6046
6201
6341
6425
6461
6418
6360
6214
6019
5752
5453
5135
4774
4328
3868
3387
2890
2405
1910
1441
980
523
54
-403
-846
-1270
-1655
-2011
-2362
-2670
-3012
-3352
-3683
-3997
-4230
-4486
-4711
-4907
-5047
-5150
-5216
-5177
-5115
-5007
-4902
-4790
-4670
-4556
-4413
-4267
-4104
-3955
-3820
-3658
-3438
-3186
-2879
-2537
-2188
-1771
-1324
-854
-359
177
742
1322
1866
2359
2885
3371
3816
4226
4600
4941
5216
5431
5613
5740
5800
5866
5907
5894
5869
5843
5778
5689
5524
5371
5185
4932
4696
4435
4130
3734
3316
2910
2450
1995
1540
1071
582
78
-409
-885
-1314
-1740
-2129
-2525
-2926
-3306
-3647
-3964
-4265
-4521
-4749
-4966
-5145
-5279
-5343
-5400
-5452
-5459
-5463
-5445
-5427
-5339
-5224
-5101
-4933
-4752
-4518
-4225
-3872
-3478
-3055
-2611
-2125
-1622
-1131
-607
-72
444
916
1374
1821
2283
2708
3114
3529
3903
4259
4550
4826
5086
5308
5505
5652
5722
5790
5806
5763
5723
5620
5490
5364
5159
4975
4807
4586
4337
4074
3785
3464
3110
2749
2371
1994
1585
1145
736
291
-153
-587
-1018
-1443
-1864
-2276
-2666
-3040
-3387
-3711
-3999
-4268
-4524
-4727
-4930
-5101
-5223
-5339
-5398
-5439
-5480
-5462
-5435
-5350
-5229
-5086
-4863
-4605
-4293
-3955
-3588
-3182
-2737
-2290
-1806
-1298
-805
-315
152
616
1084
1525
1963
2388
2783
3150
3463
3763
4027
4285
4505
4691
4845
4964
5060
5117
5148
5156
5126
5053
4964
4860
4757
4620
4494
4297
4108
3918
3658
3410
3133
2825
2527
2178
1816
1435
1057
671
283
-123
-539
-920
-1339
-1751
-2134
-2500
-2852
-3160
-3424
-3683
-3946
-4178
-4403
-4601
-4772
-4910
-5044
-5158
-5219
-5258
-5242
-5208
-5101
-4922
-4739
-4513
-4241
-3921
-3579
-3205
-2789
-2361
-1929
-1500
-1036
-573
-120
313
753
1176
1565
1930
2270
2595
2879
3150
3383
3574
3725
3866
3995
4106
4202
4288
4335
4366
4397
4400
4373
4288
4221
4131
4028
3904
3734
3555
3357
3134
2893
2646
2359
2048
1736
1398
1039
681
302
-82
-481
-901
-1274
-1657
-2059
-2380
-2693
-2982
-3227
-3456
-3638
-3823
-3974
-4113
-4268
-4371
-4434
-4465
-4472
-4452
-4401
-4273
-4115
-3922
-3685
-3417
-3077
-2718
-2350
-1947
-1546
-1145
-743
-338
65
451
807
1122
1398
1673
1907
2135
2322
2489
2649
2781
2889
2958
3007
3051
3102
3140
3158
3146
3153
3148
3133
3099
3029
2963
2880
2758
2635
2498
2361
2215
2066
1913
1725
1536
1337
1141
939
718
469
215
-45
-323
-610
-873
-1154
-1419
-1678
-1954
-2237
-2503
-2757
-2968
-3182
-3388
-3566
-3743
-3886
-4003
-4070
-4093
-4089
-4009
-3889
-3772
-3604
-3415
-3174
-2882
-2594
-2298
-1997
-1692
-1373
-1046
-710
-369
-23
339
669
984
1332
1633
1910
2213
2459
2693
2907
3050
3203
3295
3349
3368
3341
3345
3320
3290
3252
3183
3123
3058
2954
2843
2705
2572
2451
2309
2171
2003
1821
1608
1386
1137
853
566
236
-57
-331
-619
-917
-1190
-1467
-1717
-1940
-2181
-2420
-2664
-2857
-3059
-3246
-3405
-3564
-3707
-3808
-3899
-3978
-4012
-4014
-3961
-3861
-3757
-3601
-3429
-3229
-2987
-2762
-2505
-2243
-1959
-1634
-1296
-962
-623
-257
68
407
730
1038
1347
1616
1854
2095
2312
2501
2651
2775
2882
2945
3005
3050
3089
3113
3129
3129
3089
3053
3003
2942
2883
2792
2672
2545
2395
2263
2123
1933
1731
1526
1305
1086
864
616
385
131
-119
-384
-662
-916
-1187
-1457
-1734
-2000
-2278
-2562
-2824
-3069
-3277
-3481
-3670
-3805
-3902
-3951
-3990
-3988
-3917
-3848
-3743
-3611
-3462
-3289
-3091
-2878
-2651
-2424
-2199
-1950
-1672
-1396
-1122
-843
-540
-238
77
407
729
1048
1349
1615
1885
2113
2295
2442
2569
2665
2705
2737
2723
2717
2674
2637
2612
2581
2535
2475
2432
2364
2313
2234
2178
2105
1997
1900
1767
1599
1448
1266
1068
847
629
397
160
-87
-340
-561
-811
-1052
-1287
-1493
-1708
-1909
-2074
-2264
-2424
-2574
-2740
-2892
-3013
-3113
-3208
-3268
-3292
-3300
-3263
-3193
-3112
-2995
-2837
-2692
-2554
-2407
-2215
-2014
-1789
-1545
-1284
-1013
-755
-474
-187
100
402
693
952
1213
1439
1627
1811
1971
2128
2224
2305
2379
2401
2417
2399
2389
2393
2358
2306
2250
2188
2110
2032
1974
1903
1812
1675
1541
1401
1239
1077
889
688
464
249
35
-168
-367
-587
-757
-949
-1133
-1305
-1484
-1661
-1871
-2042
-2217
-2389
-2550
-2711
-2809
-2907
-3007
-3071
-3098
-3087
-3066
-2996
-2916
-2801
-2659
-2508
-2348
-2186
-2009
-1847
-1676
-1482
-1253
-1012
-808
-597
-357
-115
124
386
669
935
1178
1429
1652
1833
1993
2122
2230
2315
2385
2422
2460
2485
2480
2475
2454
2410
2372
2303
2236
2162
2053
1963
1851
1741
1601
1448
1290
1112
920
712
495
292
87
-114
-320
-537
-730
-909
-1093
-1294
-1468
-1639
-1837
-2014
-2198
-2368
-2532
-2674
-2777
-2865
-2923
-2974
-2968
-2973
-2950
-2897
-2810
-2685
-2549
-2398
-2236
-2076
-1929
-1779
-1599
-1421
-1239
-1046
-839
-645
-437
-204
17
260
499
714
949
1164
1367
1590
1785
1939
2083
2204
2288
2362
2415
2453
2486
2485
2483
2468
2417
2370
2315
2275
2194
2109
2020
1900
1783
1647
1529
1383
1206
1025
814
603
396
175
-43
-244
-455
-682
-896
-1097
-1295
-1474
-1674
-1861
-2048
-2227
-2384
-2505
-2613
-2700
-2739
-2780
-2807
-2784
-2743
-2695
-2604
-2521
-2444
-2336
-2222
-2107
-1989
-1842
-1716
-1570
-1393
-1228
-1039
-836
-641
-427
-223
-11
202
423
617
804
992
1169
1348
1495
1619
1718
1809
1881
1931
1984
2060
2114
2159
2180
2191
2204
2188
2153
2117
2067
1993
1903
1814
1709
1575
1417
1262
1094
916
733
545
359
166
-18
-203
-396
-582
-756
-944
-1106
-1234
-1367
-1536
-1684
-1826
-1960
-2087
-2191
-2246
-2291
-2302
-2316
-2292
-2257
-2215
-2140
-2065
-1964
-1854
-1748
-1638
-1521
-1399
-1266
-1143
-1011
-854
-721
-586
-434
-285
-141
-2
144
302
435
572
712
811
929
1047
1153
1257
1342
1423
1488
1543
1595
1662
1732
1768
1800
1814
1803
1777
1747
1723
1684
1641
1597
1541
1469
1373
1277
1165
1032
903
760
603
448
260
71
-110
-315
-512
-676
-855
-1023
-1185
-1339
-1469
-1606
-1715
-1804
-1866
-1908
-1933
-1931
-1904
-1889
-1866
-1826
-1744
-1655
-1594
-1504
-1391
-1249
-1134
-1023
-892
-736
-576
-423
-277
-130
37
184
320
449
582
702
806
899
967
1025
1072
1123
1175
1216
1264
1301
1340
1378
1420
1446
1468
1486
1477
1477
1475
1456
1412
1378
1351
1298
1224
1144
1057
956
842
740
632
502
378
238
92
-68
-228
-389
-573
-735
-874
-1022
-1182
-1319
-1436
-1554
-1651
-1730
-1773
-1801
-1817
-1822
-1807
-1767
-1699
-1611
-1525
-1414
-1295
-1165
-1037
-877
-730
-580
-411
-271
-113
34
173
304
426
559
673
787
906
993
1065
1134
1183
1229
1249
1274
1264
1276
1151
982
1025
968
921
906
828
783
704
785
852
718
653
615
689
841
886
893
783
663
571
550
479
323
115
-77
-149
-260
-385
-528
-757
-1029
-1200
-1230
-1280
-1371
-1438
-1555
-1674
-1706
-1697
-1709
-1718
-1776
-1800
-1671
-1542
-1427
-1274
-1154
-1097
-987
-793
-594
-387
-190
-16
144
334
505
642
764
841
930
1030
1127
1212
1282
1350
1396
1421
1437
1459
1479
1482
1521
1559
1551
1521
1514
1467
1442
1417
1351
1283
1230
1180
1120
1081
1018
941
887
830
757
718
678
603
543
477
377
263
158
49
-68
-191
-326
-422
-515
-628
-752
-858
-956
-1061
-1149
-1237
-1308
-1386
-1454
-1488
-1504
-1525
-1536
-1525
-1502
-1455
-1386
-1292
-1192
-1078
-954
-826
-674
-516
-360
-152
31
216
423
601
785
935
1081
1218
1323
1419
1507
1565
1630
1675
1690
1684
1648
1618
1571
1502
1420
1358
1294
1221
1151
1079
990
932
877
833
817
778
729
679
648
615
559
502
428
349
275
172
80
-4
-100
-189
-285
-405
-505
-586
-677
-761
-863
-961
-1089
-1193
-1259
-1353
-1441
-1514
-1547
-1580
-1587
-1590
-1621
-1614
-1570
-1498
-1420
-1301
-1169
-1017
-867
-707
-534
-350
-176
-6
155
294
435
574
715
817
909
1011
1082
1142
1188
1233
1286
1304
1308
1306
1284
1249
1226
1183
1131
1070
1008
962
905
841
780
725
667
615
579
554
515
477
437
386
321
253
190
90
0
-76
-174
-262
-365
-444
-514
-601
-696
-785
-874
-971
-1046
-1109
-1190
-1274
-1338
-1397
-1434
-1479
-1484
-1495
-1492
-1462
-1424
-1348
-1273
-1188
-1088
-969
-851
-721
-597
-460
-321
-184
-23
124
274
395
543
684
785
896
1008
1101
1170
1214
1253
1280
1277
1249
1211
1196
1125
1033
962
876
767
693
630
556
474
412
362
309
255
204
155
108
71
27
-24
-63
-94
-154
-219
-290
-355
-409
-454
-512
-569
-617
-688
-718
-732
-774
-819
-888
-949
-991
-1036
-1060
-1089
-1133
-1158
-1175
-1172
-1154
-1145
-1113
-1059
-981
-908
-795
-692
-588
-474
-356
-239
-105
44
185
320
446
556
682
790
891
975
1053
1133
1181
1223
1249
1261
1257
1235
1193
1140
1065
991
919
842
768
692
601
522
442
365
294
222
170
113
71
20
-33
-87
-143
-212
-278
-325
-364
-401
-436
-487
-557
-607
-637
-669
-700
-749
-803
-857
-887
-919
-968
-1018
-1044
-1052
-1073
-1093
-1100
-1094
-1071
-1043
-1000
-920
-844
-797
-718
-623
-545
-473
-384
-270
-166
-61
55
175
287
400
530
635
733
830
910
977
1031
1072
1094
1097
1088
1066
1043
1022
979
919
857
790
704
630
563
492
429
385
334
258
209
138
92
46
6
-26
-72
-130
-192
-250
-306
-349
-401
-448
-501
-544
-577
-585
-604
-640
-667
-707
-721
-752
-777
-800
-817
-840
-854
-860
-870
-869
-872
-840
-818
-798
-745
-676
-601
-533
-462
-368
-288
-204
-122
-37
71
169
259
355
429
486
550
614
680
745
788
846
898
949
961
977
981
946
914
874
818
748
683
595
512
419
329
251
176
111
50
-6
-51
-100
-150
-199
-239
-292
-338
-380
-427
-461
-512
-544
-558
-592
-622
-640
-653
-658
-651
-673
-691
-661
-664
-666
-649
-661
-667
-663
-645
-624
-600
-576
-552
-512
-454
-400
-326
-245
-177
-115
-74
-6
37
88
145
212
265
317
380
437
503
532
606
662
719
765
780
808
825
819
797
782
732
653
606
534
457
397
326
275
215
151
72
7
-34
-80
-131
-176
-237
-304
-361
-414
-461
-521
-552
-566
-602
-630
-629
-612
-616
-623
-626
-619
-626
-627
-605
-605
-595
-590
-584
-570
-566
-554
-540
-518
-500
-471
-429
-387
-347
-310
-252
-182
-131
-57
21
86
143
211
272
316
376
429
455
487
532
572
589
610
648
689
722
736
755
767
760
752
731
694
647
600
536
463
383
309
269
219
168
105
55
12
-34
-76
-109
-155
-200
-252
-292
-313
-359
-402
-439
-464
-466
-483
-493
-490
-477
-482
-491
-464
-455
-464
-456
-423
-394
-380
-372
-349
-312
-289
-257
-219
-178
-129
-87
-28
19
74
133
186
226
280
314
358
411
448
479
504
528
554
573
579
592
601
624
647
655
655
665
668
656
632
611
591
551
501
451
400
356
296
244
190
149
95
39
7
-44
-94
-149
-195
-241
-299
-373
-411
-444
-485
-516
-533
-549
-559
-549
-546
-536
-525
-508
-479
-430
-408
-377
-341
-319
-297
-273
-236
-196
-166
-121
-73
-16
38
87
167
224
287
363
407
441
482
522
558
589
584
594
600
612
609
594
593
573
560
532
526
527
522
515
495
472
448
435
403
357
302
252
196
130
76
26
-31
-100
-147
-170
-208
-251
-306
-357
-390
-423
-441
-468
-518
-567
-605
-625
-654
-650
-657
-664
-653
-660
-650
-621
-588
-553
-509
-467
-432
-403
-354
-300
-258
-222
-179
-107
-39
28
87
162
230
295
370
450
521
563
603
671
705
715
745
758
775
767
771
769
752
739
713
700
663
647
650
623
593
551
499
466
422
382
329
268
212
148
102
50
2
-49
-92
-145
-212
-282
-314
-361
-407
-438
-480
-532
-577
-643
-678
-703
-746
-754
-750
-749
-760
-745
-709
-699
-680
-647
-599
-545
-529
-492
-449
-402
-346
-295
-251
-218
-173
-95
-31
28
96
168
249
317
372
442
507
562
633
667
696
703
699
723
752
747
741
748
740
723
712
690
669
654
615
583
556
504
457
409
354
304
254
213
150
89
48
-8
-62
-114
-164
-206
-257
-299
-345
-400
-458
-519
-579
-617
-658
-696
-715
-755
-764
-774
-776
-779
-789
-797
-786
-750
-721
-687
-679
-649
-598
-575
-538
-495
-459
-421
-366
-314
-260
-201
-144
-80
-24
26
94
174
232
272
316
373
423
466
519
564
579
583
606
625
637
632
627
623
624
624
621
612
572
523
486
458
420
396
358
333
297
254
223
173
134
99
52
-12
-38
-97
-148
-174
-231
-274
-314
-360
-382
-411
-465
-506
-524
-545
-561
-566
-573
-571
-564
-556
-549
-526
-523
-487
-434
-423
-385
-352
-302
-238
-188
-153
-117
-73
-28
40
89
123
173
208
244
283
321
363
390
411
448
486
481
481
490
492
486
474
462
439
428
416
400
373
325
291
273
246
222
168
144
130
93
62
38
8
-18
-54
-96
-133
-180
-237
-280
-319
-352
-373
-398
-413
-446
-476
-483
-501
-513
-523
-506
-506
-525
-528
-513
-500
-482
-471
-454
-425
-402
-359
-310
-275
-242
-208
-167
-117
-70
-31
32
94
128
183
230
276
323
363
413
448
487
522
556
587
588
602
623
607
620
633
630
612
585
576
534
508
461
427
401
350
311
266
219
166
115
78
48
7
-48
-83
-125
-169
-201
-225
-249
-297
-342
-390
-408
-427
-455
-498
-521
-547
-565
-583
-579
-584
-594
-593
-579
-555
-536
-501
-467
-437
-416
-376
-328
-298
-248
-187
-133
-86
-40
16
67
97
132
175
232
271
314
362
398
436
461
498
532
549
548
564
584
597
602
618
615
583
565
543
529
523
499
479
454
411
388
372
341
303
269
247
218
167
128
92
40
-19
-66
-125
-174
-233
-278
-319
-354
-394
-434
-462
-489
-512
-538
-546
-561
-577
-597
-604
-621
-629
-623
-626
-623
-620
-602
-569
-531
-485
-458
-419
-376
-331
-271
-208
-144
-95
-50
9
53
83
125
167
222
261
298
338
389
437
460
495
526
549
558
573
592
575
557
549
557
540
524
516
509
495
468
476
481
452
442
437
413
383
367
331
301
277
236
192
166
132
107
73
36
10
-21
-50
-88
-136
-156
-186
-233
-266
-309
-323
-353
-376
-393
-412
-410
-405
-411
-402
-401
-395
-378
-360
-323
-300
-266
-245
-212
-168
-153
-129
-83
-57
-31
9
22
45
77
109
122
142
172
180
202
224
243
260
273
301
322
332
319
328
339
347
359
357
348
336
326
316
310
306
301
302
293
283
294
300
284
266
243
228
212
184
151
127
112
73
27
-4
-25
-27
-54
-84
-124
-153
-179
-204
-220
-248
-278
-291
-296
-289
-290
-296
-296
-288
-285
-278
-250
-233
-207
-187
-159
-142
-127
-103
-59
-18
12
55
74
101
113
120
125
147
164
186
190
194
201
204
223
233
221
234
266
273
281
286
297
283
289
288
280
286
271
285
285
296
308
297
274
253
248
252
242
237
237
234
229
217
210
197
173
158
147
123
101
95
71
34
10
-16
-35
-38
-53
-69
-66
-67
-72
-77
-82
-84
-77
-54
-36
-18
-10
-6
13
48
80
89
82
89
117
147
173
185
193
192
211
239
273
274
274
274
269
270
269
260
270
264
255
261
237
226
217
209
199
163
144
145
129
123
112
109
110
94
103
105
95
83
89
108
103
89
88
102
99
68
54
61
57
68
55
57
32
-3
-14
-20
-25
-48
-75
-98
-110
-98
-79
-84
-85
-80
-74
-57
-55
-49
-33
-6
12
32
60
61
84
91
93
108
119
125
140
162
170
174
202
215
237
256
268
289
294
295
303
317
315
315
329
341
325
309
336
349
342
341
358
353
337
333
343
355
331
305
292
281
244
221
225
213
178
164
151
134
110
80
66
62
22
-14
-46
-68
-79
-99
-119
-141
-149
-154
-175
-182
-192
-194
-191
-201
-192
-161
-147
-157
-140
-126
-103
-92
-87
-71
-53
-53
-40
-23
-13
25
36
44
51
65
92
115
138
149
162
162
173
202
226
225
233
273
289
314
329
343
362
369
366
380
384
390
387
367
384
396
402
404
395
403
397
385
372
352
343
311
290
272
260
228
206
175
137
106
64
31
-1
-47
-85
-110
-149
-157
-169
-211
-231
-239
-270
-288
-304
-314
-304
-329
-331
-310
-289
-289
-285
-283
-280
-262
-248
-232
-223
-213
-182
-144
-113
-74
-56
-32
-4
21
44
62
81
97
126
152
170
193
208
231
246
266
296
314
332
345
373
380
395
408
425
441
452
460
470
478
467
454
443
425
422
422
416
393
365
351
329
316
296
259
216
170
128
105
72
28
-9
-45
-76
-129
-175
-195
-219
-242
-270
-274
-291
-299
-325
-334
-335
-358
-370
-360
-346
-350
-353
-354
-342
-339
-336
-330
-303
-288
-285
-257
-229
-219
-203
-172
-144
-132
-108
-83
-62
-55
-41
11
32
35
53
82
109
135
163
186
211
222
264
275
277
281
284
294
306
313
329
325
305
293
283
281
270
265
239
218
194
173
138
118
99
76
33
-18
-46
-94
-139
-172
-190
-218
-231
-248
-268
-288
-304
-318
-326
-320
-328
-339
-337
-360
-361
-364
-360
-346
-346
-339
-339
-330
-322
-301
-292
-266
-261
-252
-222
-224
-206
-181
-153
-133
-110
-102
-92
-81
-72
-63
-47
-29
-20
-9
37
55
53
63
82
105
121
138
141
151
171
181
182
172
170
175
173
159
143
122
112
91
65
56
21
4
-25
-59
-86
-111
-147
-195
-214
-239
-274
-296
-315
-324
-325
-350
-360
-367
-365
-375
-373
-369
-368
-370
-372
-370
-353
-333
-309
-283
-273
-253
-259
-249
-225
-197
-171
-156
-121
-104
-92
-86
-69
-41
-33
-3
1
3
2
15
30
46
85
92
104
125
132
129
137
141
144
133
115
112
83
63
62
71
62
48
47
32
17
4
-25
-52
-70
-96
-116
-147
-191
-207
-227
-252
-301
-343
-370
-402
-410
-430
-444
-435
-440
-465
-468
-458
-465
-481
-470
-479
-471
-484
-487
-473
-473
-460
-434
-420
-397
-358
-330
-297
-258
-248
-231
-194
-167
-142
-126
-106
-88
-69
-51
-18
-7
10
46
61
75
111
135
146
145
169
199
189
189
186
196
201
188
179
166
154
131
117
115
87
54
43
26
-2
-16
-27
-50
-104
-144
-157
-193
-242
-263
-295
-330
-347
-359
-383
-405
-415
-417
-432
-445
-456
-474
-486
-501
-518
-520
-523
-539
-537
-534
-505
-484
-473
-453
-438
-411
-402
-371
-343
-316
-306
-285
-239
-212
-172
-146
-119
-90
-58
-26
0
19
43
78
127
141
161
193
211
236
242
255
276
291
294
304
292
278
278
285
288
267
243
252
258
240
205
185
160
129
94
64
32
-24
-65
-94
-122
-179
-219
-255
-288
-322
-341
-362
-399
-440
-431
-447
-465
-491
-521
-531
-544
-549
-566
-570
-567
-572
-566
-542
-527
-528
-520
-481
-453
-448
-439
-415
-382
-352
-320
-295
-272
-251
-220
-186
-169
-149
-126
-97
-65
-43
-10
18
52
70
79
96
120
135
157
179
183
179
164
170
164
152
148
138
131
119
121
120
110
91
65
46
34
8
-12
-12
-54
-85
-108
-126
-139
-159
-189
-233
-249
-268
-277
-282
-303
-338
-351
-359
-374
-376
-381
-397
-397
-391
-384
-383
-357
-344
-352
-354
-338
-311
-302
-297
-283
-251
-232
-214
-193
-184
-178
-168
-144
-117
-109
-82
-57
-45
-39
-30
-16
-8
11
15
38
40
28
38
48
33
34
27
42
44
45
45
56
46
34
54
54
46
33
18
1
3
2
-10
-22
-18
-25
-59
-76
-85
-92
-93
-100
-116
-126
-141
-147
-139
-143
-140
-148
-153
-139
-126
-143
-145
-159
-180
-186
-164
-150
-153
-126
-122
-113
-101
-103
-83
-68
-44
-23
-16
-1
15
12
32
52
54
51
66
89
74
81
88
92
100
103
107
99
90
88
94
71
59
51
47
47
49
29
14
15
-4
1
2
4
-15
-28
-54
-77
-98
-102
-112
-131
-141
-155
-167
-183
-205
-210
-191
-207
-216
-217
-218
-231
-234
-225
-231
-220
-208
-198
-197
-190
-182
-155
-135
-126
-115
-86
-45
-30
-29
-5
12
22
45
69
78
88
102
129
168
164
180
207
224
249
263
271
268
273
287
300
308
303
300
304
290
285
280
280
263
259
255
253
242
217
203
177
162
139
141
137
98
76
49
32
14
-3
-9
-19
-60
-89
-73
-83
-105
-114
-122
-135
-143
-157
-142
-144
-161
-134
-115
-115
-119
-99
-83
-87
-82
-75
-52
-36
-13
12
24
47
66
66
86
114
133
162
183
203
220
229
247
248
268
293
310
313
309
335
352
351
342
340
316
315
320
313
307
287
292
277
266
253
248
234
213
196
192
185
162
140
141
126
87
64
52
23
-9
-5
-17
-32
-59
-72
-75
-73
-81
-82
-91
-114
-126
-135
-128
-135
-137
-110
-96
-93
-91
-89
-73
-67
-52
-34
-29
-13
2
14
43
52
58
86
98
82
86
110
124
147
155
163
174
186
190
190
204
214
219
216
238
236
220
229
207
190
175
176
171
151
152
161
147
161
154
141
140
125
134
128
110
85
72
65
53
52
62
60
44
45
50
51
40
19
5
10
9
-7
5
7
-4
-2
-15
-14
-20
-23
-3
6
-8
-23
-42
-39
-29
-2
9
26
36
44
50
62
68
69
89
111
132
136
147
161
179
179
193
197
189
206
217
203
201
204
210
213
207
178
191
184
181
185
161
160
142
137
145
124
106
112
100
104
98
96
96
73
61
78
75
71
55
37
19
13
5
-6
-10
-31
-42
-50
-40
-60
-67
-59
-61
-74
-73
-62
-70
-72
-80
-69
-68
-50
-30
-3
17
25
37
60
74
81
89
103
113
127
135
141
144
140
140
140
148
167
183
187
194
197
210
214
213
198
175
167
178
191
186
194
198
184
173
166
166
153
162
174
167
153
145
130
153
144
117
112
106
103
99
96
91
79
68
70
50
62
66
72
71
72
73
74
60
46
43
50
61
62
62
51
61
63
72
81
86
88
102
107
124
132
144
144
153
173
165
173
181
172
177
188
188
180
169
168
177
174
166
162
158
170
168
158
164
157
165
153
133
133
117
115
100
92
94
82
71
61
56
47
49
52
57
59
59
50
49
46
27
29
42
46
33
37
23
26
16
-14
11
10
16
-9
-16
3
-6
6
15
-12
-3
-7
-9
-7
-33
-23
2
14
13
9
11
12
25
26
32
37
40
73
67
63
60
70
93
88
74
60
68
72
52
40
48
49
53
46
49
53
48
46
49
44
44
28
23
19
9
19
14
39
31
24
42
38
38
53
77
75
62
59
60
62
60
67
56
66
59
66
61
57
53
45
81
80
76
88
80
78
83
86
89
85
69
66
78
82
93
87
86
88
87
96
109
117
129
133
138
119
95
97
109
109
98
81
70
60
51
57
35
12
14
25
15
4
-2
-3
2
5
1
-6
-14
-33
-20
-25
-34
-34
-43
-52
-59
-46
-45
-35
-16
-11
8
27
15
25
19
28
43
26
41
51
44
50
70
67
88
88
78
91
108
133
154
157
155
160
167
172
153
152
159
149
151
148
167
167
147
134
124
121
101
96
80
74
64
50
35
20
20
8
-4
-11
-13
-22
-26
-25
-42
-56
-54
-69
-62
-63
-90
-80
-77
-67
-58
-59
-56
-50
-43
-48
-50
-42
-55
-44
-44
-56
-50
-56
-54
-49
-47
-40
-7
9
19
48
76
92
90
92
109
102
110
117
116
135
144
151
145
134
128
126
123
134
158
157
163
176
160
145
141
131
121
118
106
87
77
53
43
24
21
6
-13
-20
-17
-11
-7
-23
-53
-86
-97
-111
-146
-174
-190
-193
-195
-204
-203
-218
-238
-241
-240
-234
-220
-213
-207
-194
-181
-150
-137
-135
-134
-115
-100
-87
-64
-61
-54
-35
-40
-17
6
-1
30
65
72
74
79
69
81
72
58
57
55
71
93
96
78
54
28
40
29
38
41
38
55
58
73
64
34
11
-3
23
15
10
0
-43
-54
-73
-81
-89
-124
-140
-134
-129
-142
-140
-148
-163
-167
-166
-156
-166
-180
-181
-174
-191
-192
-186
-186
-183
-188
-175
-166
-168
-150
-131
-126
-116
-119
-113
-105
-103
-94
-71
-66
-56
-34
-29
-21
-14
-15
10
7
9
38
43
50
71
79
86
91
84
77
67
70
77
82
63
54
25
1
-5
-13
-6
-2
-6
-20
-25
-33
-47
-62
-99
-110
-110
-106
-103
-99
-115
-141
-157
-164
-174
-191
-216
-231
-213
-198
-185
-200
-220
-229
-265
-276
-280
-288
-274
-255
-258
-260
-261
-270
-265
-254
-233
-227
-227
-206
-176
-166
-175
-168
-171
-160
-159
-145
-110
-98
-97
-86
-68
-60
-62
-56
-41
-36
-22
1
21
34
35
36
45
35
24
21
33
43
55
71
66
49
34
34
17
-4
-4
9
5
-22
-25
-38
-36
-28
-64
-85
-90
-99
-108
-100
-105
-126
-135
-154
-149
-149
-164
-168
-170
-183
-181
-156
-171
-193
-182
-164
-142
-143
-137
-143
-158
-141
-119
-124
-104
-102
-103
-104
-129
-117
-108
-101
-98
-83
-71
-56
-43
-18
6
-3
15
27
35
28
37
50
47
13
-3
-10
3
12
-5
8
2
1
-9
-16
-14
-22
-34
-34
-41
-53
-52
-64
-62
-70
-85
-100
-119
-128
-118
-104
-108
-123
-126
-144
-163
-189
-230
-225
-223
-204
-208
-221
-214
-245
-284
-300
-310
-297
-284
-284
-283
-275
-286
-282
-272
-287
-275
-261
-229
-211
-222
-211
-190
-191
-201
-208
-192
-173
-157
-131
-107
-93
-75
-51
-54
-51
-52
-39
-31
-18
3
-2
-11
-34
-44
-43
-54
-66
-66
-52
-48
-41
-51
-63
-65
-71
-74
-75
-79
-93
-106
-106
-111
-131
-143
-150
-178
-192
-181
-180
-175
-170
-172
-159
-166
-187
-194
-202
-204
-176
-183
-191
-194
-191
-174
-186
-178
-163
-139
-113
-103
-90
-64
-49
-65
-62
-69
-76
-79
-74
-62
-73
-71
-63
-54
-53
-50
-28
-30
-20
0
4
-8
-16
-19
-16
-4
-9
-23
-40
-40
-49
-70
-67
-88
-97
-102
-100
-90
-93
-103
-116
-110
-111
-119
-119
-139
-154
-148
-156
-182
-207
-208
-225
-234
-219
-224
-227
-235
-213
-181
-182
-184
-182
-174
-191
-185
-184
-182
-175
-183
-173
-156
-153
-143
-136
-151
-130
-128
-117
-114
-111
-117
-128
-116
-125
-105
-106
-98
-78
-64
-63
-67
-33
-15
-4
9
25
6
2
1
-21
-23
-24
-35
-53
-71
-71
-80
-71
-72
-42
-14
-16
-16
-15
-20
-27
-52
-62
-68
-66
-60
-84
-80
-82
-75
-72
-68
-68
-53
-50
-44
-31
-21
-25
-26
-31
-37
-55
-77
-68
-82
-71
-57
-45
-34
-33
-30
-6
22
49
67
68
79
90
91
91
92
101
125
124
118
119
110
92
95
101
114
138
141
138
137
147
143
131
122
105
111
101
90
81
89
93
105
105
93
81
83
110
124
121
119
116
90
62
33
2
-29
-31
-14
-18
-17
-10
-11
-12
8
18
35
68
58
60
60
61
51
21
13
-4
-21
-17
11
58
77
97
108
114
107
100
113
107
116
134
141
125
127
105
81
85
85
90
91
105
121
129
147
158
168
166
158
151
148
141
125
125
125
104
108
123
126
124
121
121
123
131
128
122
118
115
105
93
78
41
25
30
22
21
62
84
87
86
79
102
124
133
127
134
141
156
154
141
131
127
126
115
139
136
143
170
192
216
227
240
220
215
205
201
175
150
170
187
202
199
204
193
201
228
237
233
236
237
242
255
257
243
215
204
170
164
156
133
133
140
148
154
138
130
144
148
154
130
114
115
110
98
84
62
46
47
57
74
76
83
88
95
105
89
96
95
116
132
122
116
88
94
94
111
122
130
159
172
186
188
199
205
196
197
189
191
221
242
254
271
279
278
278
274
282
289
303
309
310
309
307
301
272
249
229
220
210
199
200
202
203
204
208
216
217
195
182
168
156
166
179
156
146
138
136
132
102
95
84
71
60
45
28
6
-13
-26
-42
-52
-49
-48
-52
-49
-34
-28
-25
-37
-28
-11
21
34
49
42
39
54
39
43
58
56
74
90
100
124
136
155
168
181
159
159
157
142
147
148
149
167
182
198
207
190
179
184
207
218
214
222
212
202
198
180
169
157
144
132
127
140
144
146
153
156
147
135
121
100
100
91
96
99
100
102
87
67
57
51
61
96
105
123
131
129
142
129
114
100
95
77
82
92
100
137
153
165
170
189
190
189
210
202
204
202
202
180
166
153
141
136
122
141
152
143
151
158
159
156
159
164
162
178
190
188
174
159
128
115
125
136
147
178
213
218
224
214
200
172
159
146
154
166
178
186
165
185
170
128
120
138
159
163
189
203
213
194
160
128
109
91
111
135
148
156
138
125
118
127
135
156
161
176
181
177
191
189
170
155
146
140
128
135
163
171
183
187
181
163
136
114
119
109
107
126
124
113
86
66
41
33
33
38
53
74
77
77
78
62
47
40
34
36
61
77
81
75
55
31
6
9
13
12
28
67
97
95
98
83
77
56
45
56
74
95
119
126
113
102
114
125
113
120
137
169
198
206
205
201
188
165
170
183
195
205
200
194
184
161
166
160
158
163
168
174
195
211
207
219
211
204
171
154
142
142
127
103
110
84
49
17
4
-5
-1
-8
-14
-12
-14
-13
-18
-47
-58
-70
-84
-96
-107
-91
-83
-69
-59
-46
-48
-41
-36
-41
-48
-61
-65
-66
-61
-85
-90
-93
-81
-71
-54
-20
-12
11
52
74
71
64
59
55
61
57
57
70
81
97
102
84
50
40
59
94
107
113
131
138
130
111
98
84
76
63
82
112
118
125
118
116
100
79
47
9
-2
-17
-29
-26
-41
-66
-66
-76
-99
-112
-106
-69
-46
-48
-50
-60
-82
-112
-137
-159
-170
-180
-166
-152
-149
-125
-115
-119
-126
-113
-86
-82
-85
-74
-65
-44
-58
-69
-89
-100
-87
-75
-64
-46
-9
36
62
69
97
105
102
89
58
56
38
4
-19
-25
-28
-28
-18
-9
13
39
72
84
109
115
89
63
40
15
-18
-45
-70
-97
-107
-101
-113
-136
-142
-132
-135
-115
-112
-117
-135
-158
-165
-203
-254
-296
-318
-301
-276
-268
-240
-205
-194
-190
-183
-170
-175
-186
-190
-210
-224
-240
-249
-265
-286
-303
-306
-294
-267
-236
-195
-147
-101
-77
-73
-81
-96
-98
-97
-88
-109
-106
-98
-96
-82
-78
-72
-81
-86
-64
-66
-71
-84
-78
-78
-98
-99
-110
-119
-148
-158
-153
-137
-147
-141
-138
-148
-146
-161
-160
-173
-184
-191
-196
-206
-223
-233
-241
-241
-257
-255
-232
-218
-215
-199
-182
-173
-172
-179
-181
-189
-209
-206
-193
-178
-172
-139
-135
-138
-151
-164
-143
-134
-127
-100
-80
-62
-27
-22
-16
1
6
10
27
30
39
55
48
27
21
26
21
11
19
23
26
35
15
-15
-38
-57
-72
-88
-85
-90
-93
-80
-93
-121
-152
-184
-206
-226
-228
-221
-230
-240
-253
-270
-288
-327
-353
-370
-368
-351
-345
-337
-332
-335
-335
-321
-327
-313
-316
-316
-321
-317
-313
-339
-349
-352
-341
-322
-290
-273
-252
-246
-235
-229
-230
-230
-220
-201
-176
-145
-132
-122
-129
-144
-147
-134
-126
-122
-119
-106
-87
-84
-99
-98
-113
-148
-190
-207
-207
-196
-183
-187
-175
-163
-153
-135
-146
-170
-170
-172
-198
-215
-231
-277
-305
-309
-318
-324
-334
-344
-344
-334
-327
-323
-326
-336
-333
-348
-343
-323
-319
-318
-321
-330
-325
-333
-321
-310
-305
-289
-254
-221
-217
-217
-209
-217
-218
-229
-231
-224
-216
-207
-189
-154
-152
-126
-93
-69
-55
-57
-66
-75
-83
-74
-61
-62
-82
-72
-45
-36
-20
-1
-1
-8
1
-1
-6
-8
-8
6
-6
-35
-47
-70
-91
-102
-120
-121
-134
-135
-133
-137
-167
-179
-191
-206
-225
-270
-279
-300
-311
-315
-319
-318
-316
-316
-310
-301
-307
-306
-322
-359
-370
-380
-396
-412
-409
-402
-388
-387
-374
-356
-357
-339
-324
-325
-315
-301
-298
-283
-288
-294
-305
-315
-313
-302
-273
-242
-235
-208
-177
-161
-155
-161
-175
-181
-175
-191
-183
-181
-161
-151
-144
-126
-113
-110
-94
-77
-62
-58
-73
-99
-129
-171
-208
-220
-228
-225
-213
-218
-214
-202
-203
-197
-207
-214
-197
-188
-207
-213
-233
-256
-271
-290
-300
-312
-306
-307
-294
-292
-286
-289
-291
-274
-275
-264
-256
-255
-255
-270
-257
-235
-229
-220
-185
-153
-123
-98
-94
-90
-99
-104
-128
-139
-151
-145
-138
-114
-88
-66
-50
-42
-31
-25
-2
22
36
33
40
37
18
-2
-21
-38
-42
-30
-28
-16
1
-4
-19
-27
-36
-53
-60
-73
-83
-94
-109
-122
-136
-144
-147
-149
-146
-149
-149
-136
-129
-154
-166
-180
-211
-230
-247
-238
-219
-215
-214
-214
-195
-174
-171
-147
-114
-101
-84
-73
-95
-110
-125
-140
-136
-144
-134
-108
-93
-84
-79
-72
-73
-76
-89
-105
-95
-84
-65
-51
-53
-72
-82
-89
-101
-87
-68
-50
-45
-30
-38
-57
-67
-88
-98
-105
-108
-100
-102
-103
-100
-101
-111
-127
-110
-94
-71
-49
-34
-51
-71
-87
-104
-134
-146
-133
-114
-106
-116
-113
-115
-133
-137
-147
-157
-163
-148
-140
-122
-115
-114
-101
-99
-67
-38
-9
23
35
35
35
30
32
24
30
32
41
50
63
68
69
81
70
98
125
148
184
187
173
164
163
156
165
148
145
158
158
160
152
127
103
85
78
76
71
75
90
95
90
93
73
51
56
52
62
77
92
95
94
81
66
64
59
80
108
111
81
76
63
37
27
0
0
27
45
33
41
53
51
58
43
53
55
53
54
58
81
73
77
64
67
46
32
50
68
81
93
101
101
103
114
125
130
155
170
184
189
175
154
129
114
118
130
151
175
182
182
147
124
93
81
75
