81
73
67
76
83
85
73
70
81
78
72
83
80
81
75
67
84
69
73
79
55
68
75
80
89
77
105
112
85
100
110
114
108
118
145
151
148
152
175
177
156
165
179
179
187
186
179
185
175
186
188
172
182
191
184
175
173
169
154
129
126
117
103
104
101
104
108
108
95
103
88
90
91
72
82
79
69
77
67
77
76
57
68
65
75
71
67
86
87
62
66
73
69
73
63
84
78
64
63
62
75
77
84
92
95
94
101
85
83
81
77
76
56
42
40
22
13
10
10
12
-6
-16
-10
-25
-34
-41
-41
-33
-41
-38
-41
-29
-17
-25
-5
-10
11
22
18
29
31
19
14
38
56
60
47
72
93
89
79
80
113
95
81
89
94
98
76
60
95
109
86
81
94
109
116
98
115
153
145
146
156
167
166
154
148
154
174
154
127
156
161
147
138
142
151
141
120
115
135
138
129
132
141
139
122
101
94
98
98
101
93
93
101
88
74
66
79
74
54
55
57
37
26
19
13
21
11
7
27
22
12
9
4
3
15
27
39
52
69
69
66
77
79
98
93
95
127
129
113
108
123
146
123
118
115
116
105
73
78
106
107
99
81
65
65
36
28
29
28
23
-3
-4
-1
-6
-13
-24
4
12
0
2
6
15
-10
-25
-18
-23
-28
-32
-40
-29
-26
-34
-5
-7
-10
-9
-19
-12
-13
-14
-5
-15
-18
4
27
13
19
44
42
19
23
39
58
59
32
56
63
47
46
50
47
40
18
16
39
29
25
32
56
60
51
42
45
69
76
57
70
92
93
80
86
107
124
109
118
131
131
129
133
129
128
114
95
95
92
90
60
71
70
67
55
41
38
32
19
23
13
14
32
49
61
59
63
69
79
81
78
71
87
97
113
140
125
117
130
135
142
141
120
118
118
107
92
107
116
97
99
106
104
99
86
92
100
80
74
78
88
78
59
61
71
56
41
32
44
42
26
44
46
51
44
28
27
22
22
16
16
16
-1
-1
-3
-18
-13
-14
-34
-37
-43
-33
-20
-28
-23
-15
-12
-17
-14
-13
-12
-6
-5
-24
-15
-5
-34
-21
-19
-10
-13
-45
-36
-30
-30
-36
-31
-12
-13
-31
-30
-21
-30
-40
-38
-20
-21
-34
-31
-25
-23
-18
-27
-16
0
0
12
20
21
28
29
20
9
33
33
23
43
58
73
70
47
61
73
59
40
42
47
48
53
42
40
38
35
30
11
10
22
22
12
32
51
29
28
22
19
8
-13
-9
-10
-31
-60
-48
-48
-69
-76
-68
-55
-65
-76
-84
-77
-90
-93
-77
-88
-92
-78
-77
-89
-71
-60
-74
-74
-74
-67
-61
-64
-49
-36
-47
-58
-44
-64
-69
-90
-93
-76
-103
-103
-83
-96
-108
-113
-120
-111
-128
-126
-120
-121
-126
-116
-118
-128
-113
-113
-100
-112
-106
-73
-81
-90
-91
-74
-82
-94
-89
-84
-88
-102
-107
-93
-83
-94
-79
-80
-80
-73
-74
-51
-57
-52
-40
-61
-52
-53
-43
-48
-57
-28
-30
-47
-58
-46
-38
-46
-51
-31
-32
-34
-27
-30
-37
-48
-62
-65
-63
-59
-65
-49
-53
-49
-35
-40
-34
-28
-8
-12
-16
18
24
33
37
38
64
61
49
75
76
63
71
66
73
62
47
56
34
38
36
25
12
-10
9
3
-20
-19
3
-9
-31
-40
-36
-38
-65
-68
-39
-39
-54
-41
-49
-40
-58
-73
-66
-61
-64
-61
-53
-42
-56
-67
-76
-83
-76
-67
-63
-68
-42
-45
-62
-53
-41
-34
-35
-51
-48
-39
-52
-45
-38
-46
-53
-46
-51
-51
-48
-50
-48
-53
-45
-34
-45
-47
-34
-34
-51
-64
-75
-63
-66
-95
-85
-95
-97
-96
-104
-102
-108
-124
-119
-104
-107
-117
-103
-105
-107
-97
-99
-101
-81
-69
-84
-83
-90
-71
-47
-60
-40
-14
-23
-24
-23
-15
-27
-31
-23
-14
-32
-36
-19
-11
-24
-36
-25
-33
-36
-52
-43
-57
-59
-51
-79
-90
-69
-78
-88
-88
-100
-83
-83
-97
-84
-94
-84
-74
-72
-69
-75
-92
-100
-107
-119
-103
-98
-91
-102
-98
-67
-72
-71
-61
-49
-54
-56
-42
-27
-23
-34
-31
-14
-14
-26
-18
-2
-2
-11
-16
-15
-19
-22
-19
-33
-31
-43
-69
-51
-38
-23
-16
-34
-27
-10
-24
-31
-26
-15
-12
-23
-23
-20
-34
-35
-48
-51
-62
-73
-81
-82
-70
-89
-95
-94
-89
-96
-90
-116
-129
-110
-93
-92
-87
-81
-81
-93
-89
-86
-74
-70
-82
-64
-62
-45
-40
-45
-40
-52
-54
-51
-58
-48
-62
-69
-60
-65
-69
-85
-108
-99
-98
-110
-97
-98
-95
-92
-97
-95
-91
-92
-82
-68
-66
-74
-54
-36
-25
-36
-16
-6
-16
-28
-25
-16
-22
-28
-18
-3
-3
-2
-12
8
8
5
-1
-16
-24
-32
-34
-26
-23
-41
-32
-20
-32
-26
-34
-37
-24
-37
-55
-44
-58
-64
-64
-76
-68
-59
-77
-78
-65
-70
-64
-53
-47
-39
-53
-40
-33
-28
-21
-27
-3
-7
-12
0
-1
14
13
15
32
32
45
41
46
65
48
52
52
56
63
50
41
44
54
63
55
53
58
43
27
24
6
5
4
-9
-7
-28
-32
-23
-43
-48
-56
-65
-66
-69
-63
-65
-76
-76
-71
-75
-68
-79
-64
-53
-74
-73
-82
-82
-75
-82
-85
-91
-87
-99
-92
-80
-93
-80
-62
-67
-48
-38
-28
-15
-30
-22
-20
-39
-45
-44
-35
-43
-59
-55
-80
-86
-86
-85
-88
-87
-93
-107
-103
-96
-102
-98
-114
-122
-116
-129
-126
-118
-112
-124
-121
-110
-116
-111
-113
-111
-96
-118
-135
-102
-108
-120
-123
-127
-114
-114
-112
-106
-97
-104
-91
-101
-100
-100
-97
-98
-97
-86
-80
-72
-70
-55
-56
-57
-58
-46
-47
-41
-37
-23
-8
-14
4
3
19
5
6
9
7
31
23
25
24
25
23
15
10
11
11
12
-3
10
-6
-35
-32
-26
-16
-20
-19
-15
14
10
5
17
23
15
3
9
20
36
16
34
43
34
25
14
-1
3
-4
-8
-1
-6
-8
-19
-25
-27
-29
-43
-49
-45
-41
-48
-58
-51
-38
-58
-54
-50
-40
-45
-63
-62
-57
-61
-78
-70
-90
-91
-87
-109
-105
-101
-109
-91
-93
-98
-69
-84
-93
-98
-99
-100
-99
-110
-104
-96
-86
-89
-95
-71
-75
-70
-63
-64
-55
-56
-64
-67
-51
-60
-52
-60
-48
-27
-48
-36
-28
-30
-22
-22
-11
14
8
6
16
14
4
14
8
17
16
19
18
21
22
21
21
-2
6
2
0
3
-2
-4
0
-10
-13
3
-2
-13
-19
-15
-24
-41
-34
-32
-42
-36
-57
-47
-39
-40
-19
-26
-19
-1
-17
-9
-12
-2
3
-7
7
14
16
8
14
25
30
27
22
14
22
12
23
27
37
61
51
76
82
80
84
86
91
80
84
88
98
111
101
97
75
78
94
87
75
66
63
45
40
38
39
26
21
20
11
12
8
-7
-8
-14
-10
-12
-28
-19
-22
-20
-28
-35
-42
-39
-50
-45
-39
-43
-40
-38
-23
-22
-24
-21
-18
-6
-14
-16
-12
-31
-36
-40
-32
-28
-15
-12
-3
-3
-2
18
13
18
29
39
40
45
47
40
36
42
37
31
21
8
12
-13
-5
14
2
7
-12
-24
-28
-34
-39
-34
-38
-47
-30
-34
-27
-7
-7
-10
-3
1
-2
2
-1
2
-2
-11
-12
-12
-1
6
17
12
30
40
36
46
45
53
72
67
63
70
84
84
80
96
87
103
99
95
135
129
116
114
119
118
127
119
125
143
121
117
118
130
112
107
111
112
131
103
124
124
117
105
88
93
82
73
59
57
56
60
51
62
48
34
25
11
16
7
1
-14
-10
-14
-13
-41
-39
-22
-34
-21
-5
1
27
22
7
20
11
14
20
13
24
29
24
-1
-3
-3
-14
-5
-8
-9
-2
7
-2
7
15
7
11
12
19
11
11
13
26
37
37
42
40
28
21
43
45
55
65
60
72
64
64
83
69
78
89
74
69
71
90
104
96
104
94
95
89
64
77
79
75
86
76
81
86
80
92
80
79
70
54
55
60
66
75
79
86
86
85
67
69
82
68
86
92
82
96
84
83
92
65
61
55
43
46
39
41
31
52
54
38
46
42
34
44
42
43
47
48
56
63
62
62
69
55
50
53
54
53
49
42
47
44
22
43
43
48
34
19
46
39
34
42
59
55
56
49
52
66
70
61
75
78
98
99
87
108
102
97
103
98
107
116
114
118
112
105
102
102
94
75
73
65
73
79
61
64
60
56
74
68
49
54
51
71
74
62
67
68
53
53
46
31
33
10
25
33
19
35
29
33
34
17
15
26
25
46
40
34
37
35
33
25
30
30
27
20
14
23
17
0
21
24
26
19
29
34
35
45
43
53
56
58
87
96
77
93
74
74
90
91
106
99
97
109
109
107
105
101
92
93
100
111
122
107
109
100
103
81
70
90
85
67
46
63
68
61
62
66
65
73
71
61
70
72
70
67
54
76
76
68
88
84
91
81
74
95
87
62
68
80
62
50
55
54
52
48
38
49
58
45
66
83
83
91
85
83
92
87
76
79
75
88
104
92
81
90
85
86
93
97
100
91
99
93
82
93
77
68
64
61
48
19
32
30
28
30
36
49
43
57
62
68
91
87
78
87
73
77
68
72
83
82
97
97
91
99
86
91
91
82
81
52
65
67
78
76
71
69
63
61
58
57
54
63
43
47
39
35
32
28
42
54
49
52
64
63
70
68
55
62
61
45
41
41
47
40
33
41
49
42
35
32
46
37
26
24
24
35
38
20
29
33
30
27
32
27
17
26
8
12
9
-7
1
1
7
15
9
16
13
6
6
2
17
1
6
13
1
19
24
21
23
34
38
43
44
24
32
41
29
39
36
43
40
49
67
58
47
49
50
64
64
55
73
52
63
50
48
56
33
35
33
41
47
50
51
58
60
62
65
97
92
74
81
50
55
46
48
68
78
78
79
93
93
83
82
69
56
77
55
52
53
49
46
40
41
44
28
30
17
2
26
-1
-10
-2
7
6
-8
5
5
10
12
7
11
-7
-1
-7
-5
7
9
8
4
16
16
20
25
4
9
17
0
27
25
20
37
37
52
49
40
52
49
47
47
34
48
55
33
35
22
32
28
33
41
38
50
47
48
45
45
48
50
59
43
53
53
62
74
79
92
86
88
75
66
66
56
53
55
43
33
42
33
43
49
15
41
48
41
45
54
66
52
62
75
86
106
90
87
101
91
90
99
82
92
108
84
90
86
68
84
84
86
110
102
98
110
84
79
69
59
65
63
67
57
60
50
55
56
54
62
63
50
37
26
35
37
29
29
11
2
1
6
8
13
11
-1
10
3
0
-10
-11
-2
-6
-28
-31
-26
-37
-29
-30
-35
-43
-36
-47
-49
-46
-52
-53
-52
-48
-55
-57
-53
-50
-47
-41
-50
-35
-27
-7
-12
-7
-24
-9
7
-3
9
1
-7
18
23
15
23
6
17
20
10
7
-4
-14
-9
-16
-36
-19
-35
-64
-69
-75
-59
-70
-81
-60
-43
-75
-87
-63
-51
-70
-83
-84
-79
-64
-76
-67
-59
-71
-60
-54
-59
-57
-73
-89
-78
-62
-50
-51
-43
-39
-33
-32
-56
-53
-48
-45
-34
-31
-24
-34
-35
-22
-37
-26
-39
-31
-24
-18
-19
-22
-26
-5
-8
-10
-19
-39
-9
-18
-14
-25
-17
-13
-15
-20
-25
-18
-16
13
25
32
32
28
52
48
35
36
52
85
77
60
61
48
38
59
55
66
58
45
41
29
10
30
20
6
21
8
12
-14
-13
-10
-3
-20
-29
-32
-57
-46
-53
-63
-63
-60
-55
-67
-77
-56
-80
-56
-65
-74
-81
-81
-82
-57
-77
-116
-80
-91
-60
-63
-98
-81
-65
-77
-63
-72
-83
-90
-91
-73
-60
-66
-74
-89
-70
-57
-85
-61
-60
-55
-54
-90
-120
-111
-123
-131
-142
-153
-129
-136
-134
-130
-140
-139
-135
-125
-130
-128
-121
-130
-128
-110
-131
-116
-121
-100
-87
-105
-112
-98
-101
-95
-91
-104
-104
-98
-103
-84
-111
-105
-136
-125
-109
-108
-93
-92
-80
-65
-65
-90
-112
-94
-47
-48
-48
-31
-28
5
0
-18
-7
-24
-21
2
-12
-7
-14
-19
-15
-42
-45
-56
-48
-62
-70
-84
-60
-37
-66
-52
-113
-78
-79
-90
-75
-70
-76
-70
-95
-60
-49
-73
-52
-72
-64
-71
-89
-84
-89
-76
-44
-44
-89
-64
-83
-44
-31
-49
-56
-67
-49
-97
-35
-82
-41
-57
-40
-39
-103
-80
-92
-56
-73
-60
-61
-81
-124
-111
-66
-108
-100
-106
-76
-73
-94
-96
-97
-81
-81
-20
-49
-62
-94
-72
-108
-71
-29
-61
-27
-54
-40
-33
-40
-73
-75
-90
-69
-106
-104
-114
-66
-104
-66
-90
-121
-123
-145
-142
-184
-147
-168
-125
-152
-125
-188
-147
-133
-140
-130
-118
-85
-85
-104
-76
-128
-84
-98
-88
-124
-76
-105
-115
-33
-103
-9
-68
-66
-60
-78
-52
-23
-67
-39
-51
-66
-37
-38
-41
-46
-60
-24
-11
-3
18
-9
-13
-52
1
-25
7
-57
-20
-15
-35
-6
-34
7
-57
-4
-31
23
-33
6
-6
30
25
68
88
50
33
38
64
49
42
34
101
43
128
40
78
35
45
4
78
-4
36
36
12
101
-27
4
-5
12
26
38
7
39
-10
37
-34
-47
-16
-78
16
-107
-33
-106
-68
-102
-64
-99
-54
-119
-91
-45
-88
-47
-107
-66
-76
-44
-110
-62
-146
-69
-102
-90
-96
-102
-93
-77
-91
-167
-166
-231
-123
-137
-133
-142
-84
-132
-75
-137
-164
-165
-187
-102
-102
-122
-85
-106
-148
-85
-167
-171
-163
-186
-92
-157
-98
-100
-99
-119
-108
-186
-126
-159
-76
-73
-152
-108
-172
-52
-122
-20
-95
-44
-93
-24
-125
-28
-100
-42
-38
-61
-13
-97
-56
-81
-4
-65
41
-69
18
-58
-9
19
-33
35
21
56
80
27
42
17
39
35
47
-11
102
47
39
83
17
70
24
146
33
88
94
60
64
47
51
4
25
-21
58
-25
40
33
-48
11
-68
15
49
31
46
51
-1
78
-23
-2
-8
12
20
88
50
82
46
52
132
48
69
79
26
81
101
21
124
-63
134
30
43
-22
42
-27
86
-33
20
0
-17
54
-46
64
-61
3
-47
11
-79
-22
-11
-5
-47
-49
-47
-47
-62
-17
-92
-10
-36
-38
-29
-87
-41
-89
-15
-17
17
-77
-58
-16
-71
-15
-45
2
-18
-85
79
-50
5
-128
29
-116
32
-103
55
-54
-27
57
-142
64
-120
-28
-77
-33
-41
34
-69
46
-79
-17
-74
69
-32
24
41
61
-5
-15
80
-19
91
33
37
68
47
50
23
-48
61
44
6
144
46
71
60
42
87
27
43
9
5
-17
2
53
102
7
213
80
65
60
-29
59
-4
39
47
58
-23
195
-17
117
-22
-2
-5
-9
24
-20
-7
-14
140
-63
194
-119
25
-103
4
-25
-73
36
65
56
34
115
-84
73
-90
69
15
-10
60
76
49
25
-9
-45
-41
-83
-24
-12
28
15
89
-40
34
-115
5
-65
-28
-31
61
-15
21
-36
-54
31
-73
-65
-67
-197
19
-116
-149
76
-216
59
-177
-85
-193
-191
-175
23
-182
-102
-121
-89
-58
-141
-125
-117
-130
-48
-97
-85
-57
-276
1
-214
-30
-194
-60
-149
-80
-104
-25
-102
-149
-75
-204
-66
-57
42
42
-50
-17
-136
-37
-88
-27
-31
-7
60
-2
84
-131
-11
-162
92
-27
32
22
48
74
52
47
-58
105
-56
139
-85
106
-27
287
12
154
-7
77
40
-116
152
-58
84
-8
215
-26
142
-27
87
11
94
15
84
-29
3
146
5
81
-32
80
118
138
78
131
-52
139
35
28
62
15
101
35
157
9
49
14
76
-22
22
30
104
-7
114
90
42
107
-20
125
-32
63
14
-21
-72
90
-3
-24
-65
-121
-77
-114
16
-102
-7
-49
-24
-55
-112
-94
-177
-120
-2
63
-177
28
-134
-2
-52
0
2
1
-16
31
-8
-29
-13
-31
71
31
12
-43
17
-118
60
-104
160
43
10
106
71
95
-42
54
-132
105
-84
-16
8
-106
157
-178
78
-48
-6
-46
46
-60
-2
-51
-83
-19
15
-25
21
75
13
-117
-3
-66
-51
32
-65
209
-128
-3
29
-69
-11
99
-56
282
54
80
7
-102
93
92
61
185
8
78
205
-11
149
-127
167
27
162
1
123
-30
122
41
190
-6
12
203
-23
265
-31
263
25
295
67
45
-55
107
54
60
177
60
59
219
165
94
-8
-7
-6
48
183
-49
139
2
112
37
82
-134
136
9
21
162
-3
243
-28
28
45
-43
-90
140
36
33
3
-57
83
75
35
44
-26
-139
66
-72
143
52
-39
88
81
-58
-40
-1
-108
112
88
26
-44
162
-195
20
-160
139
-25
-59
218
-134
-3
28
-79
-131
229
-193
136
-137
163
-21
-187
-51
-285
25
-118
188
-144
4
-55
30
-98
41
-134
-21
-82
65
-11
-199
94
-174
32
42
40
-133
144
-313
146
-90
145
23
25
43
-114
8
111
201
-127
254
129
109
24
133
-23
89
265
158
-13
156
69
269
73
250
197
27
411
-99
45
-23
231
53
387
-56
100
76
47
255
-74
173
44
16
25
57
-152
288
-86
243
58
213
27
164
-109
61
169
-145
513
-265
285
77
-23
264
-127
99
-56
201
-14
279
-22
328
-35
63
35
119
-35
131
113
18
90
-122
67
100
355
-184
131
-184
102
-18
-35
36
-29
19
-4
163
-303
-80
-105
44
19
-36
-89
72
-306
79
-223
-17
117
-26
-88
-23
74
-178
107
-186
134
-200
128
8
-39
-75
71
-4
-10
-72
-90
-42
-158
-82
-186
86
-40
20
-101
102
11
-120
137
-205
15
-60
-7
41
70
-65
-89
24
171
132
157
68
-197
225
-52
272
-212
-17
54
27
38
192
-284
75
47
-94
193
-170
224
-31
16
135
-157
82
54
-4
72
64
-143
-22
82
-134
116
-129
158
-18
204
188
8
-200
214
-298
-171
351
-208
366
-286
289
-75
-37
270
-121
-311
270
43
162
185
-267
222
-188
256
137
-70
122
5
78
48
30
24
109
72
73
183
-77
-141
-68
150
92
61
21
-62
0
-51
24
194
-431
141
254
-28
125
-424
45
-42
197
-43
246
-419
109
-196
9
182
-138
82
8
-38
81
-59
-90
6
-223
230
-134
176
-154
170
-2
99
150
-36
-30
-54
362
-342
393
139
163
305
-130
182
-272
78
-19
72
266
162
-21
169
-44
-85
71
-108
59
-108
243
81
-393
223
-252
224
-71
101
-138
-41
26
-31
-20
3
176
-229
292
-134
155
-91
-152
-120
136
-118
139
-49
-104
195
127
-58
51
-257
129
-315
187
322
64
20
-29
82
-53
323
61
182
158
47
315
-237
-49
203
142
287
-6
174
70
345
-87
-86
-90
313
281
-84
280
-13
142
-67
29
97
77
121
-257
431
-155
244
-87
153
31
-40
307
-158
212
-24
-236
64
192
-120
249
28
278
-146
-14
364
-221
-61
89
-83
220
-93
118
113
140
-220
46
-39
31
255
-256
411
-296
384
-198
-122
-57
46
-178
391
-216
21
114
-146
164
-336
59
34
81
-129
272
-310
280
-44
-123
78
-526
296
197
-37
156
52
35
57
76
-12
150
-184
103
-3
-77
212
31
-199
12
-95
-125
26
-217
-70
-139
-5
-99
-123
-39
-99
-180
37
-89
111
-329
151
-27
-202
-292
-71
-160
-123
33
-136
23
-115
152
-249
-24
-257
-225
2
177
-277
215
-281
39
-208
-236
213
-229
-80
116
57
41
187
-303
56
-139
11
320
-168
12
-28
282
-248
-27
-6
-74
191
-283
370
-224
-121
125
-392
263
-284
146
0
120
-159
-176
-15
-283
-5
-255
22
-94
-92
-67
60
-172
-136
42
-101
-75
-43
-43
1
-33
-42
-273
0
-34
35
87
-766
456
-482
707
-288
-40
41
4
255
-62
197
-509
618
-295
528
-289
-66
316
-141
166
-83
-12
220
264
-162
297
-60
353
-13
400
30
-27
-311
396
-193
34
169
-154
231
-263
427
-416
-195
158
4
-244
288
-127
-59
12
151
-308
139
-46
-228
130
-213
394
-434
311
-182
292
-372
308
-365
-49
452
-317
204
-243
173
-249
445
-404
54
-150
140
-64
-20
257
-198
154
-143
107
-2
194
4
-163
171
-134
33
257
-510
233
49
16
-58
-264
-25
-162
8
103
126
-185
91
102
36
-18
23
7
-97
-230
118
-262
300
-122
-35
2
-194
-34
16
-96
-124
141
61
88
58
192
-108
90
-10
-56
102
13
-150
-117
-95
110
-17
81
-24
-94
245
-99
120
-186
254
-329
-4
242
55
574
-14
-187
-30
-97
17
179
-104
-66
2
38
529
-548
61
-233
28
29
-159
104
-362
-73
-125
67
-202
-71
123
-15
24
-193
-179
-103
-85
442
-377
98
129
151
-119
-54
-300
-311
48
-304
262
-283
-185
43
-13
-356
149
-380
381
-197
267
164
-38
55
42
-599
187
307
-191
84
-355
311
-150
-92
-323
-104
-266
28
-315
226
-663
-53
-11
-269
-128
-97
90
-290
127
-310
55
-160
144
-335
102
-234
-89
-7
-116
187
-414
38
-245
-68
-569
82
-544
140
-132
-339
52
-374
110
3
10
-22
-131
280
-1
-126
-140
71
347
-132
313
68
-25
-51
-74
-157
100
-182
123
122
-605
524
-527
232
-247
2
-49
245
161
82
144
-95
75
-412
254
-269
-26
-123
327
-105
6
-209
-31
-223
209
-63
-82
-133
-262
-138
-263
-45
-138
462
16
445
-342
392
-277
215
3
68
107
55
15
-100
51
-287
137
-98
364
113
433
-121
-367
-128
-127
-103
164
-218
188
111
40
606
-399
401
-38
-48
232
-113
276
-26
6
-61
-231
-244
268
-426
200
-203
-197
143
-124
-264
-629
-42
-90
54
-41
-154
-68
-316
111
74
-276
-5
-206
61
-152
-172
217
-173
142
-260
218
-477
-191
-504
-156
93
64
112
-211
-40
-540
-206
-422
38
-293
241
106
179
-183
36
-109
-18
12
-108
118
-214
337
-496
-1
-404
294
43
45
243
-192
-228
99
153
-674
131
-371
295
50
-152
216
-586
291
249
-107
135
208
-467
289
-77
-44
334
-329
285
212
-418
457
-563
-471
488
-787
664
-214
-90
376
-408
-147
-71
-655
244
245
-117
481
-585
514
-17
36
24
-350
-187
143
123
81
-80
-191
428
32
-190
73
-108
-431
501
-513
179
-238
-229
406
-527
50
51
-6
322
251
203
244
-946
240
-240
206
277
-55
26
28
-52
-21
-27
-778
162
-442
431
-411
-124
-253
-112
-55
-201
115
-307
218
-453
123
-697
365
-247
-277
91
-353
13
-369
160
-440
-511
-110
-57
-25
-302
122
-408
-70
-284
-366
-307
-224
168
-300
-21
-45
-2
24
236
-33
-137
-98
-164
67
-748
221
-150
87
459
-326
257
-373
-551
464
-842
-144
83
-267
312
-378
-377
35
-925
324
35
-575
804
-617
190
-188
-374
51
-130
-145
-424
-193
-573
98
-516
8
-211
-20
243
18
-14
-680
-106
42
207
-222
567
-445
731
-293
256
450
-351
768
-104
-132
632
64
409
521
-71
549
-5
253
245
116
-3
349
-533
-141
-339
-765
220
-194
56
251
367
68
167
-410
-276
-555
-184
298
292
106
172
-131
-30
43
-210
-366
-10
18
9
29
125
183
20
209
-92
285
122
193
-192
-349
100
119
243
463
-10
153
-15
-223
440
-506
285
548
92
355
-95
146
-145
-332
-109
-210
-219
-267
115
-18
-539
-119
-246
82
-167
-124
-204
-218
-180
-29
-28
-296
-12
-384
-25
-145
-166
-201
86
-223
88
76
-482
308
-463
-504
521
-841
513
-382
235
-46
-693
341
-216
-41
-161
187
-348
398
84
21
-43
345
548
339
447
63
128
214
-19
-62
-195
-99
422
-239
-30
-167
-188
327
-406
220
-343
270
-351
312
-208
-203
106
-383
7
-95
-47
-24
145
-664
550
-374
219
-957
-1196
528
37
304
493
-141
-232
467
-619
-18
-849
-413
339
332
405
122
-58
-226
478
-579
401
367
-87
815
-60
599
323
76
180
302
-55
-120
140
33
201
-41
-26
128
-133
-187
345
12
-265
337
-123
-75
130
-408
398
-658
195
-51
-199
165
63
-457
340
-9
-156
394
-400
57
-5
40
116
513
-310
585
-408
111
245
-316
95
52
-284
582
-186
-203
268
-377
130
513
-432
140
-824
172
23
-169
26
-197
439
-273
504
-498
34
-588
-54
331
60
-253
176
-70
-92
158
-624
336
-519
76
193
-674
17
-221
-97
458
-318
59
271
-177
442
-501
38
-269
355
-310
473
-419
-233
182
-121
551
-255
363
102
6
-165
-110
-86
-97
86
225
-15
18
-560
-24
1
115
-165
39
185
-252
282
-266
123
-65
36
-131
221
-47
-247
-82
153
75
263
369
70
-33
-233
98
171
-413
498
73
-140
570
-348
285
369
-218
659
-71
355
544
-606
815
-622
-6
-29
310
464
38
160
-238
169
-67
187
72
157
38
319
249
60
-307
73
214
267
-134
618
-168
443
-34
149
362
-431
515
-94
46
21
130
114
964
-757
546
-495
-464
567
-706
419
115
-39
245
349
-41
194
-245
127
-5
15
-196
469
-132
128
-307
-91
433
-213
4
-114
218
-812
713
-263
-88
6
-532
657
-305
592
-270
-439
298
-108
3
-273
-11
-174
-88
186
420
-21
-267
-56
-142
-362
-138
223
275
77
190
-213
126
-161
-62
-206
-139
-31
-132
119
-40
-177
-419
117
-62
165
-70
-156
-251
-418
-493
535
-338
71
-97
128
139
-379
6
-6
-199
407
-231
479
34
340
94
-173
-245
-67
203
216
403
-220
-95
156
221
200
264
-265
-223
547
116
270
-166
-373
611
-117
705
-509
-268
309
56
-199
466
-47
-252
683
-371
165
-20
304
1025
-660
701
-159
-90
-166
-121
389
287
261
612
287
57
233
-152
-172
128
304
211
17
270
384
127
702
-963
524
-521
229
269
-150
284
268
162
306
23
-373
-291
30
-265
512
-226
-493
339
-311
533
45
-474
-373
158
-310
473
-598
-10
-341
19
231
-688
-283
-258
-579
-250
330
-371
306
-3
-29
-357
-245
-211
-426
-305
383
250
3
160
-198
-54
-23
349
-266
140
-495
358
210
-70
310
-153
249
-44
217
-296
-332
-226
583
368
480
241
-625
409
-183
-278
47
-134
760
-145
223
83
-930
366
-303
-197
626
-430
289
-225
-347
-67
-178
-81
484
-457
173
379
-806
67
-592
-437
117
247
-113
727
-475
383
12
-308
465
-558
472
94
1076
-457
825
-473
214
404
-221
167
-202
478
-290
484
17
330
500
37
546
9
-80
522
-417
660
431
368
160
287
-260
199
101
91
515
207
219
-82
-82
79
-312
503
265
-27
163
-129
189
-585
100
-418
-2
90
325
-72
93
-617
-244
-332
375
239
-6
512
-87
-262
259
-302
61
-168
-166
632
-179
527
-141
15
-139
-147
-13
476
-259
38
201
-214
318
-8
238
-97
-39
-208
252
14
560
-140
50
-144
522
-60
555
-211
-605
-48
-201
653
24
-33
-56
820
-307
134
-718
-528
-38
-372
278
-275
-240
269
139
-195
198
-432
94
-83
-273
-71
-546
175
483
314
151
208
-362
-480
161
-288
22
-283
540
611
637
47
344
-362
50
379
74
269
523
304
704
49
288
134
-59
196
-178
220
-345
180
-31
553
-29
-145
187
-424
147
-147
-321
-23
517
267
485
-128
-801
174
-643
656
-334
-273
-84
-311
116
142
231
142
157
-557
126
-646
240
-563
564
242
435
84
26
-486
-605
-103
-91
346
662
536
-122
-73
-226
-400
155
84
198
66
-32
382
-479
230
-306
217
-110
110
168
-244
-132
-340
-387
-57
32
72
69
-430
37
-616
204
-67
363
144
108
7
132
-503
179
-375
158
156
-44
-22
91
-267
-48
-285
-96
185
219
-36
-531
-59
-542
-210
121
-42
-151
-104
-188
200
-264
671
-294
-23
293
41
219
-212
-212
-9
-224
302
101
636
-398
256
-140
-42
-33
0
201
-395
217
-360
405
-412
215
36
-106
390
-130
-78
35
-179
-127
-411
306
-231
403
100
-98
80
-407
450
-175
-156
-39
-182
-54
-48
275
-388
386
-269
531
-220
9
318
-102
108
77
-89
67
-65
114
70
-175
284
-55
-307
-326
-306
151
150
288
295
57
-92
151
-508
-32
79
-345
664
12
330
-68
-76
77
210
-157
504
120
-30
-61
-67
-57
467
-3
333
280
131
320
-150
-156
-76
27
70
104
63
30
210
-70
530
-42
-160
194
-273
136
96
-31
367
9
336
137
-28
-81
-145
179
-1
-18
23
-118
493
133
-401
261
-43
1
557
4
439
220
-125
339
-128
-173
111
-23
124
344
-434
97
-382
-463
315
137
-142
501
-11
146
-92
-158
-132
-172
446
0
25
-14
25
288
68
-196
-424
-290
-237
220
-369
468
-128
186
-131
-336
-22
-480
170
-303
143
-53
-104
-37
20
-88
-251
-76
-136
-33
-113
16
104
415
220
183
-234
-238
-29
-164
483
67
33
215
131
-50
-369
-444
133
481
205
329
192
-14
-261
-88
-36
-4
-202
392
440
30
-115
-283
-324
29
162
337
507
193
-148
219
-375
403
-435
312
400
-120
72
-90
-4
-263
177
-100
-139
-323
-52
64
-67
-529
-179
292
-150
-41
-62
-442
204
140
382
222
-314
164
82
-212
99
-288
141
-211
69
-41
95
475
-201
297
-100
-126
350
186
-22
247
-383
343
-195
32
96
-311
-147
42
1
236
-10
-259
205
-236
250
-393
-194
-31
331
-120
284
-77
108
-219
-287
50
-388
-31
5
57
73
-17
-6
89
332
4
155
-348
268
-466
200
89
52
427
-7
484
-64
-44
51
-230
-4
-6
-41
397
257
195
340
-95
-3
-51
-197
213
39
105
371
-19
527
11
33
226
-436
95
117
-57
400
-219
40
-50
-401
-50
-176
-594
-80
-498
212
-259
-145
-195
-262
25
-241
9
-178
132
-252
-56
-289
33
-328
-375
-52
-89
124
94
120
-165
-96
15
-64
219
-34
176
372
49
450
-131
276
188
161
259
264
195
191
381
168
75
223
454
315
365
183
124
246
317
286
250
247
358
390
611
-40
-426
102
-157
143
649
660
621
558
193
466
-139
180
204
10
399
287
429
39
-37
-90
53
5
36
-59
5
135
-17
-9
-310
-208
-326
-475
-368
-687
-391
-372
-419
-350
-440
-487
-478
-621
-541
-409
-479
-441
-318
-405
-425
-599
-451
-172
-240
-305
-277
-245
-593
-292
-449
-225
-109
86
70
-24
171
15
-170
219
172
319
458
518
493
471
644
434
456
478
441
693
696
865
1089
995
1226
1099
1027
1158
875
1075
1102
1155
1244
1411
1095
1231
1027
1082
1047
1118
1238
1172
1334
1208
1286
1095
937
645
385
182
-142
-504
-730
-935
-1074
-1229
-1397
-1382
-1734
-1662
-1848
-1745
-1838
-1805
-1781
-1695
-1619
-1696
-1693
-1754
-1848
-1849
-1804
-1760
-1805
-1806
-1842
-1925
-1681
-1811
-1446
-1284
-1045
-633
-737
-667
-766
-920
-648
-560
-412
-227
-26
124
141
292
529
524
514
922
880
1417
1621
2016
2021
2400
2588
2681
2679
2662
3014
3129
3439
3774
3585
3877
3754
4006
3737
3801
3722
3317
3164
2492
2180
1001
760
-250
-668
-1347
-1945
-2215
-2771
-2688
-3168
-2944
-2975
-2528
-2356
-2009
-1648
-1539
-1307
-1469
-1395
-1587
-1542
-1728
-1793
-1614
-1619
-1391
-1161
-1013
-785
-762
-623
-524
-613
-504
-719
-960
-1317
-1588
-1984
-2263
-2508
-2599
-2656
-2668
-2247
-2094
-1598
-1326
-951
-606
-321
-46
266
417
428
385
455
393
327
89
150
307
588
930
1254
1591
1813
2532
2386
2566
3079
2816
3262
3519
3806
3980
3862
4220
4359
4277
4589
4699
4865
5060
4615
3824
3136
2285
1796
1013
-4
-959
-2087
-2707
-3521
-3983
-4471
-4372
-4357
-4215
-3867
-3487
-2766
-2417
-1913
-1639
-1297
-1072
-976
-1128
-1315
-1346
-1348
-1187
-1204
-945
-735
-638
-298
-121
353
562
583
408
29
-452
-1022
-1578
-2403
-2980
-3811
-4055
-4462
-4389
-4058
-3755
-3067
-2528
-1546
-755
7
458
946
1233
1510
1661
1613
1481
1218
1101
864
891
972
1456
1846
2085
2436
2648
3158
3645
3802
4028
4161
4580
4750
4975
5087
5064
5168
5100
5332
4946
4490
3539
2720
2019
1304
615
-587
-1297
-2497
-2892
-3876
-4490
-4974
-5294
-5091
-5345
-4884
-4681
-3924
-3537
-3022
-2739
-2243
-1648
-1469
-1055
-1188
-787
-596
-341
-19
98
493
617
892
1068
1296
1275
1197
855
423
52
-645
-1353
-2408
-3085
-3791
-4518
-5058
-5260
-5231
-4867
-4322
-3563
-2603
-1560
-486
324
897
1318
1768
1823
1945
1829
1717
1529
1370
1380
1252
1466
1807
2037
2319
2546
2976
3464
3756
4197
4416
4880
5160
5395
5516
5652
5707
5608
5385
4959
4230
3103
2264
1269
436
-735
-1896
-2877
-3778
-4418
-5021
-5572
-5894
-5905
-5844
-5681
-5451
-5001
-4399
-3999
-3465
-3161
-2649
-2077
-1819
-1458
-1196
-676
-24
390
839
1320
1800
2302
2646
2967
3203
3181
2890
2420
1769
1097
246
-737
-1832
-2970
-3711
-4422
-4932
-5295
-5203
-5003
-4447
-3578
-2797
-1683
-684
284
1000
1634
2168
2401
2279
2058
1726
1456
1220
1163
1272
1257
1525
1830
2049
2391
2919
3158
3574
3698
4179
4480
4368
4687
4364
4552
4374
4579
4616
4267
3409
2462
1908
1032
425
-1144
-2044
-3233
-3952
-4728
-5648
-6243
-6508
-6569
-6611
-6235
-5981
-4977
-4429
-3735
-3141
-2507
-1466
-776
-448
-245
184
596
1231
1434
1893
2477
2808
3241
3310
3780
3999
4000
3585
3118
2437
1871
962
-347
-1319
-2774
-3453
-4709
-5140
-5636
-5788
-5720
-5494
-4803
-3991
-2841
-1952
-917
-388
606
1114
1642
1718
1771
1590
1339
990
778
696
612
854
910
1384
1849
2421
2778
3015
3339
3666
3958
4099
4420
4195
4364
4588
4802
5386
5027
4435
3295
2771
2343
1759
285
-775
-1849
-2811
-3385
-4650
-5410
-6020
-6371
-6524
-6650
-6427
-5531
-4934
-4470
-3870
-3359
-2093
-1211
-886
-450
-143
481
1296
1477
2016
2514
2825
3241
3371
3837
4464
4362
4156
3819
3299
2969
2225
1000
-212
-1560
-2667
-3671
-4838
-5400
-5843
-6139
-5973
-5737
-5115
-4179
-3363
-2480
-1930
-1278
-394
60
358
375
246
149
-200
-287
-310
-378
-268
-107
4
486
990
1519
1866
2048
2428
2722
2821
3129
3217
3328
3528
3803
4436
5111
6282
6643
7333
6682
6315
5803
4933
4225
2183
728
-1047
-2620
-4096
-5376
-6766
-7510
-7982
-8288
-7890
-7550
-6511
-5537
-4834
-3821
-2915
-1999
-948
-626
-348
-18
279
711
1103
1265
1847
2270
2687
3409
3868
4661
4963
4821
4692
4285
3781
3140
1816
416
-1133
-2485
-3692
-4691
-5542
-6098
-6386
-6535
-5908
-5419
-4331
-3400
-2555
-1709
-1118
-388
198
371
347
153
-212
-270
-481
-429
-430
-448
-110
165
664
1156
1587
1884
2092
2283
2506
2719
2809
3032
3021
3261
3866
4329
5565
6591
7332
7872
7388
6925
6501
5467
4586
2596
545
-1122
-3131
-4712
-6147
-7617
-8355
-8789
-9015
-8368
-7923
-6660
-5427
-4653
-3441
-2389
-1401
-280
149
355
872
1027
1607
1966
2072
2693
2977
3356
3988
4367
4939
5271
4955
4807
4355
3675
2979
1523
-30
-1535
-3200
-4311
-5555
-6620
-7167
-7786
-7822
-7337
-6836
-5629
-4731
-3759
-2678
-1935
-834
-91
232
605
526
429
472
223
422
242
207
474
548
945
1329
1681
2043
2245
2524
2938
3160
3478
3779
3865
4310
4793
5540
6504
7409
8085
8026
7043
6332
5624
4447
3295
1006
-659
-2498
-4200
-5524
-7024
-7919
-8193
-8515
-8512
-7921
-7326
-5878
-5110
-4277
-3246
-2398
-1225
-406
-161
290
854
1269
1941
2132
2751
3407
3663
4105
4541
4914
5278
5103
4629
4251
3416
2736
1595
-21
-1382
-2926
-4094
-5184
-6085
-6614
-6961
-7233
-6845
-6366
-5606
-4541
-3745
-2848
-2150
-1321
-462
-1
402
698
592
607
599
753
844
752
894
1009
1112
1435
1757
1945
2052
2290
2545
2953
3213
3695
3968
4283
4878
5484
6744
7547
7934
7965
6921
6198
5374
4132
2798
599
-1247
-2950
-4797
-6228
-7417
-8536
-8701
-8938
-8808
-8009
-7449
-6060
-5101
-4364
-3189
-2341
-1381
-596
-371
114
667
1079
1740
2080
2475
3277
3694
4282
4884
5166
5604
5378
4854
4411
3567
2576
1382
-283
-1929
-3170
-4490
-5205
-6060
-6549
-6507
-6659
-6091
-5324
-4516
-3374
-2482
-1727
-871
-340
482
858
960
1253
1114
1135
1216
1211
1441
1381
1476
1788
1809
2147
2291
2422
2565
2590
2804
3030
3142
3321
3527
3860
4387
5125
6224
6983
7369
7248
6345
5722
4852
3723
2212
26
-1714
-3437
-5234
-6631
-8025
-8951
-9174
-9410
-9012
-8342
-7527
-6128
-5143
-4122
-2854
-1843
-786
-140
-33
460
918
1347
1904
2038
2513
3132
3518
4160
4737
5171
5565
5311
4925
4534
3802
2839
1556
-164
-1753
-3077
-4377
-5248
-6154
-6517
-6547
-6558
-5961
-5265
-4335
-3071
-2145
-1359
-574
93
854
1172
1233
1374
1165
1165
1227
1179
1326
1353
1513
1750
1862
2256
2526
2657
2847
2890
3139
3423
3441
3707
3983
4317
5001
5922
6805
7275
7254
6540
5787
4961
3991
2601
482
-1394
-3167
-4959
-6429
-7877
-9010
-9435
-9747
-9509
-8894
-8084
-6704
-5647
-4681
-3437
-2308
-1123
-252
-49
361
728
1146
1714
1947
2282
2755
3060
3608
4221
4717
5231
5133
4755
4406
3780
3050
1989
515
-1106
-2542
-3836
-4732
-5613
-6222
-6252
-6385
-5863
-5153
-4261
-3151
-2184
-1246
-439
102
902
1364
1455
1597
1282
1262
1137
1206
1416
1297
1453
1753
1933
2325
2604
2860
3030
2954
3181
3406
3492
3748
3913
4099
4595
5512
6549
6981
6948
6048
5307
4638
3657
2523
415
-1375
-3097
-4891
-6288
-7710
-8806
-9215
-9735
-9680
-9075
-8318
-6853
-5762
-4872
-3647
-2578
-1311
-289
4
458
844
1150
1706
2013
2373
2919
3115
3511
3999
4432
5051
4994
4612
4245
3569
2890
1896
475
-1024
-2336
-3636
-4586
-5434
-5833
-5729
-5750
-5202
-4469
-3647
-2362
-1246
-503
216
562
1199
1423
1377
1450
1003
697
602
496
734
855
1106
1498
1578
2148
2619
2869
3171
3181
3327
3474
3393
3632
3752
3830
4568
5150
6251
6573
6602
5966
5167
4703
3732
2503
554
-1153
-2868
-4483
-6228
-7589
-8741
-9188
-9579
-9585
-9141
-8354
-7002
-5903
-4877
-3673
-2323
-1050
-96
264
824
1387
1933
2337
2560
2860
3326
3638
3915
4352
4730
5126
5004
4616
4257
3633
2860
1755
327
-1076
-2590
-3728
-4872
-5621
-6101
-6166
-6018
-5625
-4805
-3833
-2752
-1697
-863
-200
501
840
1151
1051
1034
860
453
371
364
476
718
881
1289
1777
2201
2820
3096
3394
3684
3747
4047
3966
4129
4290
4508
5155
5699
6751
6880
6959
6013
5365
4812
3760
2537
613
-1130
-2642
-4272
-5965
-7165
-8502
-8760
-9346
-9425
-9028
-8449
-7248
-6299
-5381
-4228
-2925
-1717
-660
-238
392
1097
1764
2242
2593
2915
3521
3897
4142
4659
4896
5221
5023
4466
4011
3366
2450
1331
-254
-1835
-3063
-4363
-5200
-5971
-6423
-6557
-6386
-5850
-4888
-3995
-2897
-1735
-1111
-148
437
809
1027
892
862
648
238
392
298
455
829
966
1603
2122
2741
3401
3664
4057
4458
4432
4825
4645
4829
4974
5138
5787
6361
7159
7191
6981
5726
5240
4353
3277
1775
-370
-1982
-3551
-5378
-6756
-8189
-9163
-9258
-9891
-9624
-9318
-8541
-7278
-6499
-5587
-4385
-3305
-1997
-1170
-746
110
844
1637
2273
2636
3208
3952
4335
4905
5427
5813
6130
5764
5225
4782
3874
2896
1488
-352
-1863
-3292
-4645
-5664
-6511
-6808
-6706
-6656
-5857
-4969
-3931
-2497
-1593
-692
164
648
1198
1065
877
853
358
226
112
100
517
702
1219
1800
2334
3336
4009
4422
4973
5136
5530
5679
5605
5784
5629
6051
6337
7093
7200
7000
6026
4823
4302
3058
1926
12
-2008
-3415
-5045
-6616
-7793
-9234
-9502
-9980
-10254
-9803
-9414
-8301
-7256
-6517
-5497
-4279
-3107
-1831
-1320
-688
202
1033
1951
2578
3116
3886
4487
4846
5560
6015
6421
6441
5744
5259
4481
3576
2355
668
-1229
-2733
-4289
-5518
-6410
-7275
-7241
-7397
-6914
-5942
-5003
-3583
-2318
-1438
-370
262
1075
1421
1171
1207
754
368
222
79
341
550
789
1488
1929
2904
3816
4480
5094
5559
6020
6473
6526
6638
6654
6654
6934
7358
7855
7594
7112
5537
4767
3791
2525
1114
-1094
-2746
-4180
-5954
-7155
-8525
-9351
-9446
-10122
-9915
-9691
-8999
-7855
-7098
-6373
-5304
-4297
-3050
-2137
-1735
-850
49
957
1910
2581
3364
4355
4755
5388
5982
6390
6812
6379
5731
5107
4078
3002
1516
-428
-2009
-3601
-5112
-6101
-7151
-7410
-7303
-7293
-6407
-5583
-4393
-2793
-1891
-784
18
601
1406
1315
1260
1215
630
514
244
192
652
699
1318
1789
2290
3387
4013
4748
5339
5702
6278
6487
6539
6678
6697
7102
7416
8029
7981
7650
6437
5129
4450
3001
1721
-297
-2374
-3753
-5458
-6898
-8118
-9414
-9475
-9894
-10029
-9592
-9188
-8109
-7193
-6534
-5603
-4606
-3568
-2524
-2176
-1658
-791
85
1004
1771
2483
3548
4299
4838
5644
6186
6680
6661
5937
5377
4467
3306
1993
12
-1853
-3475
-4988
-6170
-7102
-7751
-7676
-7570
-6969
-5883
-4835
-3329
-2027
-1089
-126
505
1170
1473
1172
1144
725
246
68
-147
49
245
538
1241
1724
2603
3510
4206
4979
5455
5988
6452
6512
6794
6785
7155
7459
8046
8552
7980
7280
5718
5045
4074
2545
945
-1321
-2840
-4178
-5916
-7124
-8452
-8940
-9043
-9454
-9170
-8728
-7894
-6901
-6297
-5587
-4581
-3583
-2592
-2137
-1838
-1112
-199
598
1331
2065
2997
3992
4549
5247
6011
6547
6803
6338
5672
4988
3887
2581
829
-1256
-2777
-4481
-5911
-6896
-7851
-7813
-7858
-7485
-6314
-5525
-3866
-2527
-1565
-343
215
1165
1433
1180
1248
749
271
-99
-556
-423
-423
-257
324
653
1579
2454
3179
3992
4624
5344
5929
6163
6465
6708
6948
7399
7969
8563
8605
8022
6547
5753
4772
3657
2186
-210
-1763
-3333
-4883
-6130
-7724
-8417
-8605
-9049
-8883
-8704
-8011
-6897
-6380
-5776
-5006
-4149
-3006
-2495
-2371
-1845
-1078
-198
620
1186
2184
3299
3963
4850
5530
6266
6823
6443
5940
5246
4248
3180
1403
-681
-2520
-4150
-5590
-6715
-7657
-8029
-7945
-7811
-6861
-5875
-4589
-2920
-1931
-875
12
737
1486
1248
1118
939
237
-65
-544
-689
-480
-571
-69
356
999
2138
2789
3558
4297
4903
5801
6094
6467
6781
7040
7549
7915
8898
8860
8591
7186
5976
5462
4016
2957
718
-1212
-2383
-4161
-5343
-6797
-7858
-7895
-8396
-8539
-8232
-7787
-6657
-5907
-5568
-4889
-4202
-3214
-2597
-2629
-2349
-1589
-780
-21
648
1459
2681
3497
4180
5206
5847
6647
6542
5906
5433
4388
3435
1813
-183
-2191
-3757
-5419
-6646
-7516
-8234
-7882
-8001
-7174
-6092
-5030
-3101
-2111
-1173
-136
414
1342
1273
938
1018
193
-183
-567
-991
-555
-680
-364
118
417
1676
2422
3170
3964
4506
5391
5880
6175
6648
6984
7428
7856
8611
8680
8513
7186
5950
5362
3826
2856
701
-1264
-2410
-4190
-5323
-6669
-7781
-7787
-8179
-8300
-7932
-7651
-6580
-5763
-5416
-4721
-4134
-3284
-2612
-2682
-2466
-1782
-1097
-271
394
1134
2461
3326
4095
5197
5844
6738
6804
6257
5850
4748
3648
2130
33
-2007
-3677
-5447
-6538
-7563
-8202
-7880
-7961
-7025
-5963
-4929
-3056
-1985
-908
44
483
1376
1298
996
990
266
-70
-468
-789
-345
-417
62
644
1006
2159
2852
3644
4390
4805
5566
5873
6273
6590
7043
7312
7832
8730
8493
8204
6579
5824
5184
3569
2408
32
-1570
-2846
-4546
-5771
-7155
-7883
-7884
-8251
-8278
-7789
-7196
-6090
-5434
-5052
-4363
-3591
-2749
-2431
-2641
-2447
-1750
-1199
-646
-29
787
2093
2814
3670
4927
5727
6713
6593
6184
5776
4841
3737
2034
-51
-1884
-3824
-5718
-6834
-7973
-8084
-8171
-8006
-7002
-6085
-4364
-2777
-1732
-567
195
1049
1604
1347
1320
885
294
-225
-823
-765
-557
-390
39
409
1256
2399
3123
3973
4553
5214
5836
5943
6375
6700
7102
7284
7790
8274
8034
7475
5875
5421
4312
3151
1816
-537
-1579
-3085
-4408
-5611
-7036
-7365
-7472
-7851
-7633
-7476
-6768
-5721
-5279
-4676
-4111
-3289
-2456
-2328
-2506
-2096
-1516
-958
-461
2
988
2066
2677
3662
4562
5453
6241
5959
5818
5304
4401
3333
1497
-364
-2041
-3797
-5383
-6681
-7516
-7700
-7688
-7302
-6332
-5263
-3755
-2175
-1159
-131
679
1403
1791
1479
1337
942
178
-305
-793
-859
-628
-458
95
497
1335
2512
3236
4055
4734
5429
5999
6004
6371
6557
6977
6964
7658
7852
7656
7275
5477
5519
4062
3284
1952
-424
-1179
-2917
-4211
-5453
-7011
-7373
-7510
-8128
-7730
-7815
-7108
-6062
-5735
-5040
-4379
-3565
-2596
-2460
-2558
-1981
-1530
-931
-391
-29
937
1995
2395
3615
4242
5241
5966
5555
5683
5040
4407
3244
1601
-223
-1669
-3729
-5205
-6256
-7409
-7096
-7636
-6995
-6120
-5240
-3300
-2310
-1213
66
574
1576
1649
1370
1568
700
404
-302
-894
-632
-626
-332
140
535
1744
2636
3384
4378
4908
5797
6113
6175
6579
6677
7128
7129
7736
7773
7529
6521
5164
5005
3676
3042
1102
-616
-1651
-3192
-4317
-5838
-7144
-7387
-7808
-8091
-7931
-7860
-6819
-6208
-5727
-5173
-4377
-3318
-2508
-2501
-2338
-1861
-1203
-631
-205
393
1385
2218
2739
3829
4520
5702
5991
5757
5634
5065
4456
3140
1434
-355
-1963
-3747
-5146
-6359
-6977
-7054
-7172
-6654
-5725
-4520
-2894
-1730
-720
334
954
1755
1716
1514
1412
843
176
-438
-887
-688
-590
-409
133
576
1707
2593
3352
4267
4895
5642
5935
5962
6347
6491
6849
6818
7502
7251
7187
5810
4754
4575
3166
2781
473
-852
-1956
-3287
-4433
-5885
-7085
-7121
-7665
-7846
-7588
-7490
-6323
-5813
-5364
-4762
-3975
-2982
-2181
-2387
-2119
-1617
-1025
-450
-31
551
1701
2213
2811
3767
4393
5689
5651
5513
5245
4673
4040
2739
1040
-506
-2097
-3877
-5105
-6346
-6559
-6720
-6662
-6188
-5194
-3989
-2257
-1142
-141
919
1491
2268
2057
1972
1846
1313
524
-85
-628
-279
-345
-69
320
734
1880
2599
3327
4198
4806
5569
5679
5760
6029
6305
6655
6594
7463
7006
7147
5469
4595
4325
2935
2493
132
-1128
-2141
-3388
-4483
-5817
-6966
-6817
-7433
-7491
-7326
-7100
-5951
-5485
-5115
-4600
-3847
-2905
-2235
-2475
-2221
-1657
-1044
-470
13
634
1897
2356
3035
3940
4610
5753
5639
5414
5085
4459
3679
2339
507
-972
-2447
-3964
-5226
-6174
-6383
-6299
-6096
-5518
-4355
-3305
-1569
-608
304
1181
1661
2257
1937
1622
1619
990
306
-177
-669
-217
-298
151
611
962
2054
2635
3308
3982
4537
5263
5236
5197
5552
5754
6126
6210
7027
6935
6888
5351
4678
4181
3083
2429
84
-1122
-2357
-3474
-4663
-6023
-7035
-6854
-7546
-7441
-7322
-6931
-5722
-5360
-4854
-4371
-3631
-2612
-2136
-2460
-2167
-1770
-1184
-690
-337
457
1572
2043
2836
3645
4464
5539
5314
5150
4665
4071
3212
1780
-81
-1423
-3183
-4665
-5596
-6808
-6278
-6659
-6070
-5329
-4379
-2682
-1373
-352
867
1230
2011
2233
1676
1795
1086
836
-53
-740
-720
-512
-373
177
429
1303
2190
2792
3592
4023
4770
5112
5055
4952
5113
5440
5806
5852
6846
7082
7206
5974
5025
4943
3785
3263
989
-456
-1696
-2953
-4334
-5767
-6990
-6859
-7323
-7480
-7175
-6788
-5463
-4959
-4424
-3968
-3171
-2357
-1776
-2182
-2147
-1740
-1320
-859
-568
151
1331
1906
2493
3511
4266
5458
5296
5011
4610
3900
3027
1511
-473
-2064
-3489
-5159
-6177
-7149
-6921
-6650
-6256
-5296
-4062
-2635
-829
200
1234
1925
2384
2796
2146
1827
1522
897
137
-548
-774
-323
-243
362
829
1447
2584
3092
3833
4302
4854
5300
5102
4887
4917
5164
5524
5495
6663
6775
7203
6200
5050
5146
3841
3465
1390
-381
-1517
-2899
-4411
-5638
-7166
-6878
-7315
-7533
-7035
-6721
-5340
-4604
-4119
-3669
-2872
-2260
-1612
-2062
-2224
-1821
-1520
-1149
-693
-152
1174
1910
2419
3604
4236
5463
5503
5024
4545
3737
2530
1093
-1013
-2656
-4153
-6005
-6819
-7955
-7338
-7111
-6379
-5485
-4147
-2585
-893
281
1241
1797
2215
2438
1736
1553
1000
810
-150
-593
-788
-207
156
781
1384
2082
3080
3669
4345
4675
5204
5361
5220
4829
4988
5188
5775
5735
6897
7391
7656
6892
5616
5573
4370
3612
1502
-415
-1919
-3171
-4911
-6148
-7552
-7393
-7433
-7611
-6973
-6433
-4962
-4104
-3477
-3186
-2435
-1945
-1481
-2013
-2409
-2164
-1875
-1593
-1181
-441
846
1880
2483
3739
4597
5743
5816
5261
4589
3573
2176
439
-1885
-3866
-5214
-6984
-7941
-8598
-8232
-7308
-6448
-5216
-3510
-2147
-104
1122
1788
2436
2386
2571
1780
1006
813
173
-513
-827
-1037
-180
251
1069
1973
2431
3588
4076
4459
4739
4740
4964
4418
3778
3948
3906
4585
4885
6149
7368
7840
7549
6395
6224
5247
4430
2279
69
-1715
-3386
-5189
-6813
-8188
-8164
-8080
-8135
-7305
-6721
-4967
-3845
-3126
-2714
-2253
-1655
-1397
-2126
-2682
-2760
-2637
-2371
-2085
-1168
233
1514
2418
3735
4831
6128
6409
5861
5160
3950
2438
446
-2002
-3947
-5513
-7562
-8364
-9057
-8474
-7223
-6402
-4689
-3282
-1533
566
1422
2277
2755
2487
2593
1415
866
559
-141
-400
-992
-885
97
803
1760
2579
3162
4344
4466
4841
4914
4761
4823
3934
3461
3347
3422
4222
4763
5871
7781
8302
8599
7184
6759
6033
4640
2574
-37
-2237
-4036
-5936
-7770
-8756
-9132
-8333
-8221
-7309
-6408
-4662
-3389
-2617
-2407
-2159
-1758
-1870
-2357
-3306
-3398
-3211
-2750
-2254
-1020
525
2337
3384
4718
5953
6992
7247
6439
5283
3787
1956
-226
-2602
-5104
-6307
-8192
-8634
-9116
-8215
-6760
-5534
-3912
-2311
-848
717
1734
2017
2277
1567
1534
396
-194
-458
-569
-743
-784
-401
647
1619
2500
3454
3849
4466
4556
4436
4253
3787
3668
2945
2421
2262
3031
3710
4994
6326
8352
9839
9588
8815
7303
6485
4647
2454
-716
-2961
-5202
-6644
-8469
-9275
-9081
-8190
-7348
-6572
-5371
-4119
-2650
-2330
-2231
-2680
-2752
-3083
-3735
-4791
-4818
-4489
-3454
-2489
-1005
1253
3158
4821
5855
6989
7606
7565
6250
4706
2716
644
-1608
-3944
-5794
-6800
-7719
-8039
-7924
-6780
-5186
-3847
-2417
-1301
-129
768
1380
1429
1141
831
497
-167
-532
-473
-17
181
238
775
1456
2351
2939
3327
3537
3451
3394
2904
2616
2273
2086
1791
1626
1689
2876
3891
5412
6926
8710
10611
10280
9184
7115
5885
3864
1741
-1409
-3560
-5386
-6550
-7611
-8231
-7839
-6691
-5712
-5215
-4327
-3845
-2666
-2887
-3283
-3976
-4495
-4721
-4965
-5676
-5181
-4334
-2741
-996
482
2901
4723
6029
6516
6928
6797
6339
4532
2739
839
-1023
-2621
-4357
-5458
-5958
-6498
-6218
-6297
-5396
-4054
-3388
-2464
-2270
-1454
-945
-787
-355
-178
-245
228
49
519
788
1344
2077
1620
1828
2067
2302
2534
2286
2426
2338
1870
1905
1842
1915
2292
2251
2589
2800
3792
5166
6344
7098
9111
9914
9615
7913
5381
4646
2343
668
-1597
-3480
-4553
-4984
-6184
-6109
-6360
-5357
-4525
-5166
-4655
-4618
-4373
-4344
-5009
-5487
-5161
-5392
-4563
-4609
-3867
-2248
-620
650
2143
3502
4845
5383
4787
5121
4541
3974
2751
1338
331
-495
-1671
-2314
-3399
-3759
-3880
-4839
-5089
-5376
-4850
-4533
-4545
-4051
-3272
-2633
-1398
-525
520
1302
1883
2423
2269
2361
2518
2210
1440
843
500
757
606
998
1390
1616
2000
2190
2517
2852
3138
3195
3102
2883
3576
4303
4972
6157
7259
8488
8519
6815
5565
4171
2928
1479
-738
-2276
-3368
-4676
-5413
-6417
-6708
-5919
-5847
-5736
-5542
-5432
-4583
-4533
-4710
-4429
-4498
-4002
-3624
-3691
-2970
-1910
-855
435
1124
2370
3524
3739
3937
3984
3936
3786
2826
1826
1372
318
-468
-1590
-2688
-3746
-4660
-5706
-6407
-6333
-6134
-5049
-4958
-3643
-2335
-1202
114
1249
2203
3019
2822
2963
2552
1833
1891
1261
725
357
334
925
1314
1587
2727
2726
2998
2731
2770
2811
2475
2374
2216
1940
2633
3880
4466
6357
7275
9531
9388
7747
6110
4439
2839
934
-1572
-3384
-4319
-5736
-5768
-6901
-6478
-5486
-4748
-4661
-4250
-4551
-3653
-4225
-4624
-4587
-4963
-4454
-4169
-3989
-3255
-1679
-475
1431
1801
3320
4259
4344
4066
3788
3451
3136
1827
769
365
-757
-1056
-2516
-3138
-3840
-4413
-5537
-6303
-6569
-5981
-5265
-4928
-3559
-2476
-813
395
1500
2496
3322
3219
3273
2311
2024
1658
1271
804
391
676
1267
1727
2020
2708
2833
3069
2459
2327
2233
2067
1970
1802
1790
3021
4167
5471
7131
7997
9902
9268
6934
4885
2745
1118
-938
-3675
-4654
-5280
-5881
-5496
-6120
-5318
-4101
-3802
-3801
-4140
-4853
-4308
-5497
-6059
-5884
-5940
-4751
-4063
-3423
-1810
-242
1284
2813
2762
3731
3933
3201
2487
1763
1497
1419
146
-78
56
-354
-211
-1530
-1744
-3354
-4268
-5483
-6772
-7062
-6572
-5710
-4932
-3414
-1199
504
1480
3177
3944
4465
3761
3491
2394
1617
1015
1094
394
472
1090
1962
2234
2527
3311
3247
2748
1976
2077
1520
1699
1474
2104
2344
4099
5512
7437
8314
9766
10466
7740
5093
1948
731
-1504
-3653
-5329
-5104
-5358
-4165
-4250
-3689
-3081
-2611
-3030
-4300
-5758
-6076
-6378
-7661
-7186
-6980
-4974
-3531
-1969
-444
1223
2112
3392
2847
2646
2319
1484
473
-606
-589
180
437
190
1113
1095
1419
-142
-1214
-2716
-4698
-6135
-7811
-8639
-7865
-6980
-5003
-3282
-816
2156
3108
4495
4720
4789
4226
2787
1608
938
359
908
931
1451
2497
3334
3934
3838
3546
3240
2486
1028
608
-58
530
1060
1845
3090
5021
6746
8405
9269
10004
10463
7563
4389
158
-1770
-3095
-4249
-5516
-5100
-3963
-2214
-1912
-2071
-1828
-2130
-3220
-5429
-7299
-8649
-8370
-8496
-7321
-6203
-3581
-1091
998
1901
3123
3404
3311
1936
307
-256
-1002
-1414
-1834
-1010
483
2193
2495
2931
2579
2166
477
-1868
-4930
-6756
-8373
-9069
-9231
-8383
-5431
-3249
-615
1625
3321
4424
4468
3787
3181
1639
1264
442
180
917
2060
3452
4106
4464
4958
4578
3635
2492
949
459
-551
-483
-372
656
2475
4277
5658
7495
8592
9739
9688
9226
8415
5025
1562
-2102
-3543
-3972
-3421
-3449
-2276
-1267
234
79
-1238
-2706
-3968
-5959
-7964
-9925
-10558
-8983
-7322
-4655
-2762
-279
2046
3218
2806
2355
1217
584
-1215
-2817
-3225
-2543
-1353
-261
892
2466
3841
3624
2705
838
-851
-2836
-5196
-8020
-9802
-9252
-8559
-6691
-5084
-2744
-24
1370
3155
2988
2141
2312
1219
800
485
742
2427
2746
4121
5277
5743
6128
5413
4177
2814
1257
264
-884
-1283
-705
494
1693
3018
4308
5819
6841
7669
7826
7886
7459
7050
6018
3056
389
-2277
-2469
-2422
-1622
-1352
-994
-839
-560
-1745
-3240
-5184
-6199
-7253
-8099
-8732
-8766
-6939
-4555
-1772
-325
929
1634
1999
997
163
-872
-687
-1136
-1207
-1324
-598
827
2060
2673
2547
2030
1027
-383
-2181
-3695
-4888
-5925
-7448
-7412
-8141
-5689
-4505
-2692
-1301
-1269
255
569
612
1159
136
1064
1690
1685
3519
3381
5014
5517
5631
5932
4749
3574
3006
1280
1133
50
-9
341
963
2078
2795
3428
4224
5262
5480
6321
6030
6834
6979
7004
6170
4490
1373
-339
-2000
-2124
-1588
-1862
-1407
-1922
-1936
-2351
-3501
-4994
-5618
-6839
-6318
-6948
-7056
-6660
-5152
-2972
-918
-110
608
787
488
471
-302
-213
156
450
298
375
116
1311
1527
1879
1186
-141
-1613
-2842
-3960
-4508
-5218
-6114
-6170
-6193
-5057
-3939
-2978
-2221
-1466
-1118
-165
-427
134
410
977
2089
2632
3347
4338
4739
5482
5373
4856
4514
3395
2879
1969
1188
1139
831
1176
1966
2311
3461
3340
3914
4435
4729
5622
5822
6508
7311
7444
7176
5321
2334
-105
-2214
-2778
-2299
-2229
-1762
-1365
-1382
-1439
-2695
-4233
-5177
-6303
-6217
-6472
-7047
-6485
-5864
-3959
-1602
-401
742
895
722
628
-186
-251
200
685
1151
912
550
871
1273
1783
1746
714
-929
-2336
-3708
-4286
-4496
-5097
-4706
-4631
-4311
-3470
-3675
-2921
-2322
-2124
-925
-1262
-890
-392
-120
1576
2233
3097
4155
4172
5055
4602
4018
3892
3013
3163
2724
2186
2374
1883
2270
2612
2861
3359
3210
3186
3214
3453
3880
4720
5492
6458
7192
7089
6521
4663
1846
-636
-3072
-3331
-3235
-2382
-826
-100
932
308
-1542
-3305
-5921
-6791
-7176
-7239
-6077
-5981
-4781
-3502
-2454
-949
-574
-276
152
-519
-665
-1161
-1290
-761
-585
-153
444
868
1726
2313
2105
1485
-86
-1489
-2320
-2997
-2849
-2543
-2141
-1332
-1201
-1064
-1061
-1366
-1154
-926
-399
530
959
1680
2362
2831
3435
3450
3481
3620
3178
2955
2460
1915
1805
1186
917
457
-262
-339
-704
-676
-662
-874
-677
-1116
-1290
-1631
-1973
-1240
-717
175
910
956
1382
1020
914
959
845
1647
2226
2910
3529
3626
3769
3483
2886
2189
1248
778
576
734
963
1016
840
586
292
-171
-795
-1416
-1885
-2088
-2271
-2324
-2275
-2174
-2036
-2312
-2585
-2955
-3007
-2826
-2510
-2019
-1397
-803
-204
52
257
348
145
-87
-508
-543
-416
-86
358
805
1191
1412
1245
867
316
-152
-398
-352
-114
315
884
1284
1496
1366
935
305
-432
-1218
-1738
-2209
-2264
-2173
-1797
-1221
-665
-282
-303
-533
-846
-1084
-1322
-1243
-1087
-705
-314
36
433
804
1142
1504
1669
1878
2069
2269
2613
2828
3048
3123
2850
2537
2196
1958
1884
1709
1805
1883
2023
2053
1903
1651
1342
886
360
-280
-728
-924
-1061
-1086
-1141
-1076
-1008
-987
-1126
-1220
-1286
-1204
-1123
-1104
-789
-423
-83
57
-23
-27
-167
-391
-531
-720
-758
-884
-1046
-1082
-1186
-1115
-1008
-1000
-821
-662
-435
-321
-373
-425
-687
-1034
-1407
-1798
-1986
-2056
-2036
-1875
-1662
-1069
-404
136
421
421
316
117
-116
-212
-216
-86
111
416
814
1254
1701
1960
2088
1930
1742
1567
1474
1502
1610
1554
1514
1471
1609
1874
2086
2216
2210
2133
1970
1872
1730
1647
1472
1295
985
737
622
629
553
350
85
-189
-420
-613
-618
-456
-185
109
306
459
726
901
916
606
125
-310
-725
-1013
-1149
-1150
-1050
-947
-868
-694
-449
-160
-52
-138
-330
-549
-773
-1045
-1330
-1579
-1819
-2006
-2091
-2082
-1959
-1811
-1758
-1765
-1777
-1681
-1532
-1501
-1519
-1625
-1593
-1514
-1308
-998
-730
-535
-413
-297
-149
41
196
289
292
127
84
94
259
225
-84
-810
-1405
-1247
-548
783
1866
2678
3069
3066
2639
1738
968
797
1612
3025
4169
4798
4692
4267
3075
1399
-464
-1712
-1971
-1068
516
2181
3312
3689
3169
1803
104
-1795
-3091
-3813
-3612
-2903
-2095
-1407
-953
-922
-1115
-1846
-2324
-2590
-2333
-1691
-1048
-405
205
768
1399
1731
1752
1565
1001
417
-361
-1236
-1968
-2506
-2570
-2001
-1723
-1118
-556
-364
-661
-1187
-2007
-2669
-3040
-2790
-2399
-1887
-1141
-611
-182
80
-187
-456
-606
-621
-371
100
1155
1500
1936
2206
1966
1650
1764
1545
1653
1916
2606
2722
2718
3146
3191
3472
3690
3571
3452
3208
2940
3015
2771
2813
2937
2872
2171
556
-1039
-1901
-2436
-2181
-1973
-1521
-738
-820
-1549
-3057
-4852
-5741
-6341
-5741
-4568
-3324
-1730
-802
-202
62
-84
192
361
723
1284
1796
2748
3601
4006
4165
3886
3605
3217
2405
1577
486
-710
-1671
-2602
-3180
-2940
-2969
-1946
-1887
-1945
-2308
-3551
-3924
-4621
-5058
-4374
-4216
-2476
-1342
-539
713
509
911
507
-164
156
-263
412
1229
1538
2896
2848
3569
3945
3418
3564
2797
2339
2456
1941
2444
2026
2180
2644
2473
3237
2998
2818
2386
1550
1358
563
371
499
25
-91
-1300
-2053
-2542
-2980
-2936
-3481
-3519
-3522
-3893
-3778
-4115
-3622
-2838
-2049
-943
-524
101
632
948
1581
1818
2266
2853
3211
3668
3655
3585
3230
2498
1680
1029
716
289
-194
-884
-1460
-1651
-2191
-2335
-2549
-2589
-2242
-2676
-2925
-3553
-4150
-3811
-3670
-2747
-1738
-941
310
465
655
498
78
507
402
531
807
830
1618
1902
2299
2865
2756
3021
2694
2414
2377
1958
2068
2163
2153
2621
2424
2535
2114
1487
1247
505
324
-131
-198
210
292
-21
-1173
-2564
-3452
-4309
-4310
-3988
-2858
-1358
-522
-29
-462
-1151
-1610
-2272
-2194
-2228
-1830
-815
-65
1103
1588
1905
2478
2366
2589
1927
1289
860
68
-100
-758
-1050
-1195
-1430
-1388
-1731
-2151
-2569
-3102
-3300
-3597
-3475
-3233
-2651
-2021
-1623
-1121
-807
-334
89
382
819
856
937
1002
1062
1502
1486
1792
1824
1791
1928
1824
1835
2013
2104
2621
2809
3196
3495
3234
3182
2586
2208
1823
1233
1277
1222
1466
2082
2185
2527
1829
738
-634
-2450
-3734
-4655
-4134
-3298
-2287
-1611
-1828
-1525
-2821
-3287
-4390
-4875
-3952
-3781
-2346
-1686
-1410
-64
-248
677
863
421
1282
498
986
1048
761
1823
1600
1966
2114
914
866
-769
-1486
-1931
-2713
-2035
-2102
-1512
-886
-1264
-1110
-1942
-2348
-2291
-2511
-1632
-1095
-136
726
1105
1661
1839
1896
1998
1751
1673
1206
899
738
855
1181
1573
1940
2331
2493
2154
1873
1545
1287
882
697
900
919
803
928
907
985
877
787
470
199
483
733
914
974
1077
1317
1122
469
-702
-1832
-2480
-2660
-2521
-2210
-1786
-1556
-1675
-2043
-2663
-2968
-3025
-2706
-2047
-1563
-948
-607
-469
-452
-610
-661
-535
-288
50
178
72
-95
-357
-484
-670
-636
-354
-156
122
80
-96
-292
-578
-605
-668
-550
-330
-197
175
517
975
1295
1345
1395
1433
1421
1406
1242
1369
1364
1262
1108
938
898
728
883
902
347
469
759
842
1271
903
447
281
130
-35
-794
-1378
-1263
-1308
-1256
-1397
-1078
-809
-486
155
366
636
968
1166
1048
473
177
114
98
428
413
509
631
546
210
-309
-778
-955
-969
-728
-490
-437
-468
-420
-345
-427
-445
-512
-546
-624
-859
-1103
-1303
-1395
-1321
-1402
-1358
-1211
-1038
-896
-937
-925
-962
-1018
-936
-806
-481
-269
-94
-17
7
360
480
570
659
656
729
671
873
847
653
543
556
719
581
741
1018
985
951
971
1007
1064
1131
1181
1005
591
539
108
-792
-935
-1199
-1109
-1092
-1234
-966
-852
-734
-891
-1046
-923
-578
-350
-131
-312
-302
112
542
891
1051
1349
1616
1392
904
433
128
58
44
186
419
550
732
731
484
275
-166
-450
-769
-1162
-1250
-1407
-1367
-1291
-1238
-994
-925
-778
-766
-902
-1047
-1294
-1311
-1202
-1034
-787
-621
-422
-388
-351
-278
-339
-251
-200
-129
10
115
225
209
102
-89
-479
-682
-615
-446
-277
-41
250
488
633
752
838
568
360
63
-32
-27
-40
-42
-68
-255
-645
-518
-527
-469
-348
-534
-361
-459
-569
-201
-433
-345
176
362
808
857
883
1399
1626
1708
1680
1526
1860
1922
1862
1985
2039
2323
2275
2161
1930
1816
1653
1065
389
-403
-739
-766
-914
-1023
-998
-797
-603
-820
-1101
-1365
-1471
-1480
-1415
-1291
-1156
-930
-744
-765
-759
-816
-696
-586
-652
-588
-551
-354
-234
-255
-335
-571
-775
-839
-1103
-1137
-1225
-1097
-864
-729
-543
-460
-275
-165
-217
-165
-123
-16
-96
-360
-558
-903
-891
-846
-774
-608
-310
88
329
356
402
195
297
502
558
846
1151
1543
1818
1860
1819
1656
1588
1825
1829
1862
1976
2055
2055
2062
1920
1847
1871
1799
1818
1454
1038
704
136
-61
-474
-534
-548
-687
-573
-928
-1064
-1403
-1538
-1396
-1316
-964
-617
-503
-161
-386
-416
-624
-848
-547
-676
-456
-418
-414
-127
-167
-50
-89
-403
-437
-912
-1089
-1312
-1460
-1261
-1291
-1037
-952
-876
-591
-633
-526
-590
-711
-662
-948
-991
-1045
-1093
-992
-957
-766
-579
-532
-384
-391
-288
-229
-206
-17
54
246
474
664
889
971
1192
1404
1793
2023
2041
1980
1764
1700
1460
1450
1408
1435
1594
1617
1607
1483
1276
1119
894
800
632
474
467
240
216
151
103
85
-100
-58
42
90
280
108
-21
-259
-482
-479
-618
-337
-258
-110
89
117
302
271
41
-166
-544
-697
-981
-1177
-1147
-1191
-1009
-879
-731
-528
-564
-557
-635
-795
-731
-883
-811
-906
-920
-864
-939
-914
-1058
-1144
-1184
-1205
-1091
-1041
-982
-884
-888
-890
-1001
-1095
-1094
-1014
-907
-727
-583
-423
-336
-182
-57
79
254
365
594
686
798
751
774
809
811
831
734
715
686
719
772
708
601
459
300
359
443
666
940
1074
1252
1376
1484
1533
1590
1632
1569
1426
1189
960
885
915
1113
1275
1388
1503
1409
1199
696
243
-179
-510
-723
-913
-819
-621
-395
-208
-220
-296
-474
-775
-963
-1111
-987
-773
-557
-383
-394
-420
-451
-451
-467
-474
-515
-487
-600
-693
-725
-736
-703
-765
-793
-857
-837
-719
-606
-526
-453
-461
-501
-608
-708
-782
-810
-756
-781
-715
-626
-474
-211
-105
2
57
7
-74
-264
-500
-623
-597
-521
-421
-342
-185
-17
121
214
237
286
311
361
396
382
458
656
964
1251
1458
1612
1749
1726
1538
1274
1133
1157
1177
1226
1165
1127
1214
1199
1213
1135
1081
1125
1055
1002
936
981
1103
1133
1199
1195
1129
1019
751
511
273
93
-56
-177
-232
-232
-329
-566
-891
-1205
-1340
-1427
-1459
-1399
-1297
-1111
-1009
-934
-936
-978
-960
-1021
-1092
-1204
-1204
-1099
-997
-876
-753
-647
-562
-480
-468
-562
-746
-953
-1158
-1355
-1509
-1573
-1556
-1478
-1386
-1254
-1180
-1126
-1108
-1146
-1178
-1191
-1191
-1091
-885
-577
-301
-108
88
252
469
638
758
879
990
1184
1427
1616
1747
1831
1936
2039
2055
1998
1901
1895
2011
2085
2150
2155
2207
2309
2254
2173
2002
1916
1942
1946
1894
1749
1672
1628
1486
1206
889
594
437
213
-24
-329
-500
-533
-545
-506
-505
-386
-232
-224
-453
-732
-945
-1138
-1268
-1307
-1185
-999
-792
-632
-572
-671
-823
-1020
-1302
-1581
-1824
-1955
-2013
-2054
-2077
-2088
-2151
-2224
-2327
-2403
-2485
-2505
-2482
-2381
-2213
-2118
-2026
-1852
-1621
-1359
-1111
-901
-646
-391
-146
27
193
399
553
649
697
837
1100
1343
1645
1904
2158
2383
2398
2296
2106
1950
1844
1749
1699
1740
1877
2045
2034
1975
1814
1640
1463
1250
1125
1096
1139
1122
1056
978
903
714
531
381
408
474
537
703
892
1086
1156
1071
907
780
745
787
812
832
853
874
879
756
601
336
40
-221
-506
-749
-992
-1199
-1337
-1486
-1692
-1925
-2111
-2251
-2379
-2530
-2606
-2576
-2542
-2491
-2484
-2412
-2279
-2162
-2034
-1882
-1681
-1430
-1216
-1004
-842
-695
-548
-443
-386
-223
15
292
515
630
741
833
854
851
831
853
896
872
862
826
883
1034
1129
1160
1088
1020
1072
1058
937
856
955
1199
1324
1259
1100
1001
999
910
806
711
795
1067
1294
1439
1543
1674
1831
1842
1674
1559
1503
1570
1555
1516
1504
1489
1525
1425
1228
940
582
312
55
-219
-476
-683
-726
-838
-1030
-1218
-1369
-1465
-1658
-1851
-2021
-2069
-2057
-2065
-2026
-1896
-1718
-1552
-1501
-1595
-1667
-1634
-1504
-1362
-1180
-915
-537
-204
-60
5
121
238
182
-13
-151
-163
-144
-118
-64
16
94
153
103
-37
-135
-194
-175
-151
-111
12
162
270
255
143
145
221
202
102
149
313
441
452
423
535
742
920
982
1029
1147
1392
1559
1569
1564
1666
1849
1930
1927
1922
1950
1929
1776
1506
1302
1199
1168
1063
947
895
905
849
677
396
125
-121
-385
-671
-892
-925
-914
-931
-972
-1017
-1053
-1122
-1182
-1306
-1487
-1597
-1560
-1465
-1433
-1299
-1051
-817
-699
-722
-647
-572
-512
-492
-599
-645
-634
-628
-766
-924
-936
-853
-756
-713
-724
-709
-658
-679
-804
-959
-873
-643
-445
-421
-322
-90
118
250
246
193
149
133
212
209
159
184
375
660
850
1012
1160
1247
1261
1210
1192
1231
1191
1210
1244
1319
1368
1366
1434
1455
1401
1330
1262
1188
1001
827
739
692
693
697
729
679
507
377
286
178
1
-183
-216
-244
-315
-354
-356
-295
-295
-364
-365
-342
-320
-413
-450
-481
-473
-423
-404
-484
-561
-607
-543
-536
-720
-884
-955
-1027
-1127
-1162
-1105
-1073
-1188
-1297
-1374
-1335
-1292
-1226
-1212
-1215
-1160
-1038
-911
-829
-745
-566
-355
-173
16
117
214
234
225
294
429
561
669
783
984
1235
1448
1521
1466
1423
1296
1202
1155
1182
1277
1307
1300
1149
925
961
813
642
518
413
453
509
686
578
378
166
116
30
-139
-144
-160
-184
-185
-61
37
-13
19
-103
-238
-412
-458
-433
-451
-439
-406
-186
-5
124
208
137
51
-47
-154
-333
-417
-545
-600
-532
-530
-470
-526
-634
-780
-923
-991
-1104
-1223
-1291
-1290
-1204
-1069
-979
-931
-866
-828
-797
-768
-754
-700
-636
-526
-431
-281
-138
13
178
268
358
441
510
585
574
557
591
707
852
938
958
927
875
869
898
970
1025
1034
1040
1041
1008
969
906
801
729
648
611
581
472
402
371
396
426
469
444
384
358
299
270
203
141
186
268
404
456
441
406
341
297
236
205
119
-11
-131
-242
-277
-312
-369
-512
-723
-881
-913
-932
-1001
-1094
-1183
-1173
-1115
-1053
-1020
-991
-949
-902
-894
-843
-817
-836
-839
-783
-732
-679
-624
-551
-447
-355
-272
-227
-227
-269
-279
-239
-238
-247
-215
-163
-104
-27
63
133
218
299
404
496
545
616
562
464
411
402
446
526
614
675
745
803
868
872
868
863
889
1001
1076
1113
1134
1114
1089
1099
1071
985
932
905
969
1070
1126
1140
1072
937
789
657
611
525
392
238
77
-21
-119
-276
-459
-656
-813
-878
-880
-843
-873
-1020
-1156
-1264
-1270
-1242
-1222
-1330
-1432
-1397
-1304
-1129
-999
-958
-915
-889
-823
-693
-574
-528
-572
-627
-657
-637
-521
-410
-337
-315
-258
-119
30
161
180
162
155
158
173
201
251
272
305
348
349
397
433
436
329
210
190
204
328
487
621
717
722
717
708
700
656
604
575
631
729
835
894
856
866
926
1031
1086
1093
1104
1092
1099
1078
1034
972
865
713
556
395
200
7
-116
-180
-241
-275
-297
-337
-449
-585
-690
-812
-923
-994
-990
-979
-1028
-1091
-1129
-1168
-1185
-1242
-1312
-1375
-1434
-1367
-1231
-1119
-1039
-961
-901
-794
-679
-620
-597
-643
-614
-542
-467
-397
-386
-395
-400
-308
-165
-9
104
159
234
306
390
422
379
296
217
219
274
293
278
244
282
344
401
401
321
269
245
321
447
527
592
631
672
774
882
954
1002
1037
1055
1056
1013
914
809
691
602
543
537
547
524
471
418
361
266
176
65
-48
-136
-190
-256
-347
-422
-502
-523
-562
-594
-657
-752
-821
-885
-869
-800
-758
-743
-754
-783
-795
-780
-737
-717
-761
-787
-747
-677
-606
-612
-674
-731
-719
-620
-410
-239
-192
-173
-118
-22
49
45
-62
-202
-316
-319
-316
-319
-358
-447
-437
-345
-236
-177
-220
-279
-319
-264
-215
-166
-143
-161
-100
20
163
277
370
393
411
461
520
592
635
642
630
652
700
744
777
750
724
674
636
618
586
533
465
384
307
297
296
292
282
255
199
136
133
148
123
61
-17
-66
-78
-93
-133
-171
-217
-266
-276
-269
-255
-298
-362
-451
-503
-497
-481
-425
-398
-385
-335
-269
-211
-183
-223
-282
-287
-294
-301
-325
-385
-408
-446
-493
-506
-527
-541
-528
-492
-438
-400
-388
-405
-440
-435
-405
-399
-348
-291
-270
-216
-141
-52
42
123
191
274
327
358
379
377
385
403
390
400
382
370
405
443
444
415
395
366
339
307
240
196
179
184
210
235
242
263
259
292
316
292
262
263
264
289
297
237
188
141
114
112
109
84
90
107
124
123
101
33
-40
-112
-174
-169
-162
-209
-294
-372
-405
-398
-398
-451
-543
-656
-728
-702
-663
-687
-738
-835
-878
-876
-838
-790
-806
-845
-841
-767
-631
-510
-412
-364
-367
-333
-258
-128
-50
-38
19
97
201
322
399
459
496
523
550
584
598
589
576
550
481
382
279
226
183
109
71
25
-4
-14
-38
-27
-46
-99
-119
-99
-43
-4
8
0
6
6
18
22
-1
-20
-57
-40
11
86
171
250
312
332
329
303
271
203
137
69
-15
-61
-105
-161
-223
-266
-305
-303
-267
-212
-163
-179
-202
-231
-268
-295
-329
-356
-402
-445
-453
-430
-371
-330
-321
-315
-311
-244
-118
5
70
80
88
120
167
212
210
195
187
191
270
347
385
371
287
246
233
256
301
297
260
256
268
294
272
196
95
42
40
23
3
-30
-56
-28
36
94
127
114
73
77
128
168
153
112
74
80
124
142
107
39
-44
-90
-65
-25
-10
-27
-62
-52
-29
-36
-75
-167
-266
-354
-391
-384
-354
-347
-363
-358
-325
-274
-218
-173
-169
-129
-90
-25
33
25
11
29
68
119
178
208
205
223
257
353
450
514
540
545
547
545
533
463
374
311
257
238
196
122
80
37
-5
-25
-52
-92
-109
-126
-106
-79
-78
-76
-84
-66
-48
-27
-15
-29
-10
12
70
140
153
162
170
177
214
223
214
203
163
156
154
146
101
8
-72
-134
-172
-184
-220
-235
-216
-215
-211
-246
-332
-355
-366
-348
-320
-365
-374
-370
-372
-347
-326
-319
-318
-290
-249
-207
-147
-126
-92
-39
-2
51
121
193
258
311
328
396
418
414
420
407
416
401
416
430
466
522
525
521
465
373
318
272
239
194
121
73
28
-4
-31
-54
-73
-78
-43
-1
55
110
131
147
157
161
162
148
123
103
80
55
49
73
86
85
77
37
45
29
42
58
45
26
-15
-54
-115
-185
-262
-350
-413
-464
-495
-518
-542
-539
-541
-522
-489
-449
-403
-386
-367
-366
-372
-341
-330
-333
-366
-411
-414
-387
-341
-259
-167
-77
4
50
96
166
203
215
201
185
185
225
281
291
292
246
233
242
250
261
216
181
194
225
290
325
300
243
190
169
202
237
250
217
245
296
311
316
281
246
248
275
331
416
435
432
431
403
372
343
312
295
279
264
276
284
300
234
153
58
-7
-33
-31
-22
-22
-30
-57
-79
-106
-158
-201
-218
-220
-196
-179
-183
-235
-276
-281
-308
-327
-338
-322
-301
-258
-205
-188
-168
-165
-132
-61
-28
-35
-54
-73
-56
12
57
68
24
-20
-19
23
51
41
14
12
46
92
99
47
-15
-86
-109
-58
-22
-35
-48
-80
-84
-56
-29
-4
27
58
98
155
221
279
311
323
310
310
308
317
349
367
362
339
323
350
381
413
440
411
375
348
344
373
363
296
211
99
26
31
29
13
-57
-141
-157
-89
-36
-49
-101
-205
-238
-196
-174
-169
-229
-299
-285
-247
-182
-121
-138
-157
-164
-139
-130
-142
-155
-133
-113
-115
-108
-144
-163
-158
-136
-136
-145
-136
-102
-51
-53
-109
-180
-248
-250
-228
-192
-176
-207
-219
-219
-202
-189
-167
-145
-101
-58
-40
-19
10
36
70
86
115
150
213
303
363
361
346
372
422
495
528
509
478
497
588
681
716
670
550
465
454
522
560
507
409
361
375
434
452
394
320
252
235
246
225
163
65
13
-19
-43
-67
-135
-181
-203
-156
-79
-47
-35
-50
-59
-66
-72
-89
-139
-192
-193
-183
-166
-183
-247
-298
-354
-401
-389
-390
-404
-411
-428
-443
-466
-479
-524
-553
-568
-642
-687
-680
-630
-572
-553
-585
-614
-596
-530
-428
-393
-394
-384
-311
-187
-99
-84
-129
-157
-135
-45
72
126
174
239
315
421
502
515
486
492
554
646
727
756
762
761
774
764
718
680
680
710
749
738
696
663
619
589
545
452
387
356
376
380
353
307
228
169
150
142
119
67
-17
-80
-99
-98
-106
-131
-182
-205
-200
-189
-205
-254
-288
-310
-292
-262
-285
-349
-434
-489
-513
-489
-492
-513
-526
-555
-550
-553
-548
-545
-537
-476
-417
-369
-333
-303
-256
-181
-147
-115
-96
-64
17
98
144
141
166
208
289
362
384
408
446
507
573
618
613
594
571
591
620
657
671
695
693
708
720
694
671
631
625
618
602
563
522
477
441
429
397
348
317
289
264
252
225
203
178
156
128
76
47
31
20
0
-29
-53
-88
-135
-164
-199
-232
-253
-294
-353
-405
-439
-475
-512
-563
-605
-608
-604
-596
-623
-696
-773
-806
-777
-727
-710
-700
-681
-636
-568
-481
-399
-344
-303
-279
-225
-148
-97
-26
66
109
178
234
288
342
388
421
416
429
461
525
568
546
496
442
441
491
520
549
534
495
508
509
483
438
358
287
273
277
292
329
317
279
274
272
290
310
265
243
251
257
255
234
207
156
116
93
81
73
57
29
27
34
16
-5
-17
-58
-90
-94
-114
-118
-154
-201
-241
-296
-373
-452
-464
-458
-459
-496
-533
-526
-490
-440
-419
-437
-461
-453
-411
-349
-342
-344
-359
-335
-274
-226
-200
-216
-198
-145
-72
13
46
73
78
88
158
164
156
156
139
161
177
201
214
213
238
264
270
261
254
263
284
307
329
316
326
336
350
355
307
272
278
287
310
306
265
245
247
255
254
216
147
136
149
156
151
95
37
5
-1
18
-11
-69
-136
-178
-202
-200
-244
-276
-306
-329
-334
-366
-418
-443
-412
-392
-382
-379
-412
-400
-366
-327
-331
-350
-356
-322
-261
-237
-215
-240
-260
-248
-220
-188
-186
-184
-184
-149
-139
-143
-115
-93
-83
-74
-46
-43
-7
28
58
85
56
69
82
80
116
103
91
93
126
160
196
208
214
219
254
291
298
304
295
314
350
347
344
347
360
407
407
401
361
330
352
377
413
391
323
277
261
269
264
207
119
60
25
18
20
-36
-77
-109
-102
-91
-111
-132
-145
-185
-184
-176
-209
-233
-262
-299
-323
-344
-340
-336
-313
-299
-319
-348
-365
-345
-330
-332
-338
-351
-337
-280
-243
-235
-262
-261
-237
-195
-172
-190
-217
-229
-248
-240
-214
-197
-186
-158
-135
-118
-108
-81
-42
-1
16
14
20
28
54
72
55
40
72
97
137
163
151
146
147
179
225
255
255
273
276
276
278
268
286
274
274
281
265
251
248
242
227
214
197
182
173
165
159
132
98
81
50
-16
-58
-91
-128
-157
-188
-204
-228
-234
-222
-250
-291
-350
-393
-378
-386
-404
-420
-466
-461
-439
-438
-438
-471
-488
-466
-446
-435
-439
-440
-442
-431
-397
-402
-378
-356
-338
-309
-300
-302
-270
-219
-184
-186
-230
-246
-219
-161
-107
-100
-111
-123
-115
-61
-2
4
10
26
34
83
118
133
148
143
154
174
212
222
260
295
318
323
319
336
347
364
337
342
335
329
358
365
362
335
287
273
273
259
247
228
200
166
147
127
106
78
47
14
-34
-69
-97
-109
-139
-166
-202
-220
-230
-236
-233
-239
-259
-301
-316
-310
-310
-322
-337
-346
-341
-338
-341
-339
-351
-377
-393
-383
-386
-378
-364
-364
-371
-390
-421
-446
-445
-446
-446
-443
-431
-406
-355
-312
-303
-317
-317
-304
-253
-202
-149
-105
-70
-32
12
35
60
79
83
86
92
130
169
219
259
274
294
297
317
346
367
387
378
398
410
428
444
427
414
407
396
398
409
395
402
380
361
324
274
250
212
195
172
146
144
102
82
50
21
-7
-41
-79
-96
-120
-132
-138
-160
-175
-209
-233
-253
-299
-323
-370
-401
-405
-452
-469
-485
-512
-513
-513
-507
-489
-506
-488
-471
-474
-461
-472
-492
-500
-483
-455
-421
-391
-386
-358
-307
-274
-227
-188
-169
-146
-128
-83
-42
-25
2
22
56
101
112
153
192
211
253
280
319
361
378
415
435
437
461
464
491
517
516
523
498
488
507
518
542
526
516
519
485
502
497
461
432
389
373
364
337
289
226
190
167
143
124
98
73
41
10
-49
-117
-170
-231
-250
-282
-378
-437
-498
-527
-551
-592
-644
-680
-707
-696
-682
-710
-735
-758
-739
-729
-725
-714
-727
-731
-732
-721
-684
-676
-670
-652
-632
-611
-573
-526
-476
-424
-396
-368
-326
-286
-231
-183
-180
-149
-115
-99
-53
-22
-6
28
48
110
178
220
266
292
334
383
428
487
513
535
552
556
591
586
600
611
622
639
641
620
601
591
570
572
559
541
512
493
475
472
456
399
364
336
302
271
233
177
122
55
13
-17
-65
-139
-176
-206
-256
-276
-319
-351
-374
-417
-425
-444
-500
-530
-569
-584
-580
-583
-587
-601
-617
-614
-595
-575
-595
-600
-582
-554
-528
-501
-480
-468
-456
-468
-460
-432
-399
-373
-328
-299
-287
-247
-213
-174
-130
-114
-83
-18
12
63
115
145
175
217
228
257
297
321
356
384
397
424
459
509
540
524
508
514
521
545
557
550
529
509
518
502
497
493
461
443
411
377
358
319
260
206
169
121
95
51
1
-27
-61
-125
-164
-214
-252
-274
-337
-371
-390
-421
-430
-447
-460
-478
-517
-543
-567
-575
-575
-570
-577
-575
-572
-574
-567
-556
-593
-587
-554
-535
-492
-479
-470
-444
-446
-426
-372
-348
-301
-244
-191
-136
-103
-67
-9
35
42
76
107
129
166
184
220
278
302
353
402
420
449
484
507
554
555
555
570
594
605
616
614
593
607
600
602
619
580
555
545
525
500
466
418
378
342
291
264
231
190
154
118
62
26
-17
-68
-103
-128
-162
-184
-219
-264
-285
-318
-354
-365
-387
-419
-426
-457
-476
-491
-518
-521
-530
-562
-550
-540
-526
-517
-523
-524
-523
-498
-489
-488
-489
-491
-469
-458
-414
-383
-366
-356
-335
-294
-272
-260
-237
-218
-187
-149
-120
-83
-55
-33
-31
-8
20
63
120
156
179
197
199
230
280
284
279
268
267
305
341
355
367
328
325
350
363
366
353
338
329
344
350
326
297
263
234
222
198
163
132
107
89
70
66
62
61
64
43
29
7
8
16
30
16
-23
-71
-104
-101
-103
-129
-169
-182
-181
-190
-205
-222
-246
-258
-249
-240
-240
-247
-247
-244
-244
-226
-241
-264
-254
-255
-262
-259
-255
-224
-199
-180
-147
-131
-121
-114
-84
-66
-64
-50
-53
-39
-30
-21
-5
16
25
52
75
68
94
121
114
153
167
171
203
205
220
208
204
211
228
223
222
208
194
199
194
205
210
207
209
226
227
235
251
239
234
215
190
196
196
172
172
145
118
137
132
150
163
151
147
137
130
105
74
59
23
0
-33
-56
-67
-109
-123
-123
-125
-113
-122
-140
-129
-134
-164
-161
-168
-185
-182
-170
-176
-165
-167
-174
-172
-169
-164
-159
-158
-147
-145
-141
-145
-127
-117
-111
-68
-53
-41
-15
-2
25
46
46
52
59
79
111
126
142
152
175
194
184
204
214
216
218
222
220
226
231
233
236
244
232
243
251
250
251
253
252
244
252
248
246
230
227
248
248
247
253
226
217
206
186
165
141
111
87
57
25
23
0
-46
-60
-70
-100
-124
-127
-148
-158
-163
-168
-160
-173
-169
-165
-173
-197
-204
-214
-238
-252
-269
-296
-320
-341
-343
-347
-346
-327
-313
-315
-299
-268
-256
-258
-251
-233
-222
-214
-212
-206
-201
-180
-159
-146
-130
-111
-91
-77
-53
-28
19
60
80
111
139
159
193
210
222
239
242
254
260
277
281
311
330
350
398
382
397
401
384
390
375
359
352
323
298
299
278
240
230
219
188
201
188
169
171
136
124
98
54
39
-3
-31
-47
-81
-111
-114
-116
-129
-126
-137
-134
-128
-135
-133
-135
-161
-172
-175
-191
-184
-195
-212
-208
-201
-196
-186
-174
-168
-162
-147
-136
-133
-123
-122
-99
-78
-79
-81
-43
-20
-33
-13
-10
4
20
15
23
38
48
65
71
79
96
96
88
98
96
105
125
130
138
144
171
198
232
246
248
277
278
295
298
289
312
325
328
332
326
334
340
329
329
309
288
278
244
227
218
216
219
209
196
177
165
153
138
122
102
86
69
52
46
11
0
-7
-21
-16
-43
-44
-53
-59
-54
-72
-66
-61
-77
-64
-59
-64
-54
-39
-37
-33
-24
-30
-12
-11
-46
-26
-31
-45
-41
-39
-35
-48
-51
-31
-16
-2
-6
10
30
34
54
77
95
100
113
143
153
167
178
172
200
203
197
216
223
223
220
232
239
245
263
281
293
300
305
306
308
288
284
292
275
260
264
259
264
263
249
238
226
203
194
184
160
143
130
120
104
85
77
58
49
46
45
43
25
11
9
-4
-33
-49
-64
-99
-116
-132
-139
-136
-138
-172
-176
-182
-212
-218
-215
-228
-226
-234
-254
-233
-238
-237
-247
-231
-231
-213
-201
-201
-177
-174
-173
-145
-120
-112
-103
-95
-83
-60
-46
-35
-19
5
29
50
79
88
101
119
138
160
155
154
159
158
152
147
140
151
148
148
162
172
174
171
167
175
179
169
162
156
147
156
166
150
134
126
115
128
115
113
93
75
71
78
83
68
55
42
32
33
19
31
35
1
1
-17
-14
-27
-56
-73
-94
-111
-129
-136
-147
-142
-153
-160
-149
-168
-155
-164
-175
-188
-181
-167
-166
-164
-134
-120
-100
-101
-69
-56
-56
-36
-29
0
32
52
84
90
108
120
143
168
181
178
197
215
219
227
234
219
220
219
228
244
255
256
244
236
221
224
217
210
197
164
162
161
169
155
152
157
144
145
149
140
137
137
127
116
104
81
64
65
24
28
22
10
3
-12
-5
-8
-2
21
28
19
23
15
13
9
-9
-22
-44
-53
-79
-85
-87
-83
-77
-95
-79
-75
-75
-55
-58
-57
-63
-60
-57
-73
-76
-72
-72
-74
-68
-60
-57
-47
-55
-38
-4
9
21
55
67
65
72
77
105
109
104
122
113
112
119
136
127
143
156
168
201
216
212
197
213
183
175
176
158
153
130
111
111
109
120
107
93
93
114
113
108
95
71
58
37
27
7
10
5
-14
-10
-25
-15
-2
-7
-12
-23
-33
-33
-57
-76
-78
-80
-85
-93
-91
-86
-93
-93
-77
-69
-58
-82
-69
-59
-55
-58
-76
-69
-78
-79
-68
-70
-71
-60
-58
-56
-70
-81
-81
-88
-84
-91
-92
-101
-94
-96
-113
-89
-95
-106
-110
-100
-96
-101
-100
-122
-98
-80
-78
-61
-57
-58
-43
-40
-37
-3
16
7
18
22
27
50
44
44
41
30
20
16
3
15
-2
-12
-2
-16
-4
3
1
-6
-27
-32
-38
-42
-50
-65
-69
-90
-100
-99
-121
-111
-114
-129
-123
-121
-125
-114
-108
-124
-125
-125
-122
-108
-114
-108
-95
-88
-81
-88
-88
-79
-92
-68
-71
-73
-51
-57
-63
-53
-47
-42
-18
-22
-27
-3
-2
-1
5
0
2
6
12
13
13
15
26
41
42
39
47
42
33
40
37
43
49
47
48
39
51
52
50
48
58
66
77
81
84
92
92
83
104
104
117
101
113
116
107
112
91
82
79
75
64
56
48
55
39
26
34
23
25
21
5
-4
-16
-12
-34
-48
-43
-66
-65
-85
-97
-96
-95
-93
-100
-95
-79
-79
-83
-91
-94
-68
-66
-63
-74
-66
-56
-52
-33
-21
-16
-12
-28
-29
-17
-18
-16
-14
5
11
14
7
28
38
29
35
45
55
55
53
55
54
47
46
51
56
37
30
61
51
56
73
47
54
46
40
72
65
66
79
71
65
60
47
51
75
59
73
75
79
73
77
77
60
56
61
56
51
29
21
17
7
-4
4
-2
-10
-31
-35
-33
-50
-48
-55
-64
-75
-98
-105
-107
-121
-120
-125
-129
-132
-137
-123
-142
-148
-125
-141
-131
-138
-155
-135
-133
-134
-118
-116
-110
-99
-91
-99
-82
-76
-77
-67
-63
-61
-73
-66
-61
-48
-26
-4
-15
-34
-32
-35
-20
-17
-17
-9
-16
4
16
8
5
1
-3
-17
-18
-2
-10
-27
-25
-15
-17
-26
-31
-30
-44
-39
-52
-47
-34
-55
-62
-54
-63
-78
-64
-65
-69
-68
-80
-82
-86
-98
-107
-103
-108
-99
-107
-108
-99
-112
-112
-113
-110
-93
-90
-102
-84
-100
-103
-76
-91
-94
-99
-99
-91
-97
-107
-121
-124
-125
-131
-115
-117
-133
-142
-134
-138
-138
-145
-144
-139
-141
-136
-111
-116
-117
-109
-128
-110
-126
-117
-93
-87
-58
-67
-53
-29
-25
-6
27
7
8
6
27
33
26
28
8
22
12
9
5
-10
-16
-32
-30
-35
-36
-58
-68
-77
-71
-83
-94
-99
-124
-106
-102
-107
-97
-109
-98
-80
-69
-55
-56
-39
-47
-48
-43
-40
-37
-32
-41
-49
-36
-30
-27
-28
-23
-10
-5
-7
-7
-26
-45
-60
-56
-71
-71
-58
-64
-83
-93
-92
-94
-88
-94
-86
-87
-105
-111
-109
-121
-112
-110
-99
-91
-103
-79
-55
-48
-30
-20
1
18
37
51
45
40
55
62
75
80
64
81
75
72
74
61
57
45
34
38
34
40
47
31
21
12
12
26
25
34
25
15
14
11
15
0
-1
2
-13
-25
-28
-50
-37
-27
-40
-38
-52
-45
-48
-50
-62
-61
-78
-102
-96
-88
-89
-92
-84
-92
-92
-89
-94
-103
-93
-95
-90
-95
-103
-111
-121
-127
-154
-157
-163
-160
-164
-162
-138
-156
-162
-157
-151
-137
-142
-159
-158
-158
-168
-160
-174
-176
-184
-184
-156
-144
-142
-153
-127
-133
-135
-142
-135
-141
-153
-159
-160
-134
-122
-101
-95
-96
-90
-67
-72
-51
-56
-61
-54
-56
-37
-28
-21
-4
5
1
7
6
18
6
0
13
6
-3
-14
-20
-22
-29
-29
-46
-42
-31
-47
-27
-35
-38
-29
-40
-39
-28
-28
-36
-49
-52
-47
-45
-18
-36
-41
-20
-15
-5
-12
-22
-20
-8
-16
-9
9
-1
-21
-2
-9
-11
-15
-24
-15
-6
-4
-9
-7
-15
-21
-19
-1
1
13
-4
-2
10
2
0
-4
-1
21
17
11
24
20
31
7
1
15
26
44
46
40
32
35
52
73
71
81
86
102
95
102
83
65
58
41
48
52
29
26
19
20
32
28
18
7
-9
-29
-29
-55
-92
-102
-105
-103
-101
-134
-141
-146
-150
-144
-145
-160
-167
-163
-159
-172
-178
-173
-173
-164
-185
-173
-157
-157
-152
-132
-105
-105
-105
-95
-83
-81
-78
-68
-64
-47
-21
-20
-1
-2
2
35
49
68
54
64
66
69
68
68
83
106
105
110
126
117
137
140
137
146
135
136
151
146
139
154
151
170
166
167
194
195
227
230
229
233
242
267
280
271
272
280
254
258
247
238
236
231
212
200
198
178
184
168
142
131
111
113
103
78
62
40
27
15
-8
-29
-37
-43
-56
-65
-52
-58
-52
-60
-77
-73
-77
-68
-60
-66
-68
-61
-48
-41
-26
-14
0
2
1
16
29
21
33
54
66
79
89
100
117
144
154
167
179
174
186
197
218
229
219
216
215
224
234
216
201
187
173
172
150
135
121
112
114
106
95
60
50
35
18
16
-11
-29
-28
-25
-38
-46
-59
-64
-65
-63
-70
-69
-75
-78
-63
-82
-78
-73
-70
-70
-81
-99
-95
-113
-124
-122
-118
-123
-117
-112
-122
-117
-118
-110
-111
-107
-102
-89
-78
-78
-79
-77
-68
-66
-59
-55
-40
-17
-16
20
24
23
44
66
89
121
126
123
145
162
173
172
185
190
204
222
248
264
274
290
313
320
328
328
342
340
338
333
330
336
321
318
314
312
294
278
264
267
268
266
235
201
187
168
167
160
136
113
92
87
83
64
48
38
19
16
25
6
0
-21
-40
-39
-36
-28
-51
-48
-52
-67
-82
-81
-75
-84
-90
-88
-78
-102
-123
-116
-112
-105
-101
-111
-102
-109
-104
-106
-105
-87
-89
-60
-62
-60
-42
-29
-39
-31
-30
-18
-6
-19
-4
-8
14
19
31
47
78
83
102
135
148
149
151
167
186
196
194
190
175
195
201
208
221
209
214
226
211
222
226
214
214
215
193
208
183
155
169
134
130
135
99
99
91
66
60
29
26
30
9
-13
-46
-46
-52
-62
-88
-108
-99
-94
-103
-102
-106
-101
-96
-107
-113
-128
-128
-121
-137
-133
-114
-96
-91
-83
-59
-44
-41
-47
-37
-13
2
0
13
43
40
38
55
55
58
65
92
112
109
110
127
141
135
131
130
138
140
138
121
136
143
149
152
146
161
166
164
181
199
189
188
196
178
190
183
191
185
173
183
197
222
220
215
220
211
194
191
169
155
160
149
137
116
100
87
77
58
54
37
6
-13
-29
-50
-83
-109
-115
-122
-124
-128
-151
-162
-161
-169
-172
-185
-187
-178
-185
-206
-221
-220
-219
-225
-225
-239
-236
-229
-237
-203
-189
-177
-165
-161
-138
-132
-123
-115
-103
-110
-121
-109
-84
-66
-59
-39
-17
-38
-21
-6
4
5
-7
-8
10
-4
0
9
1
11
-11
-10
8
18
-2
-19
-10
8
20
28
16
9
18
32
54
75
64
70
89
82
101
91
91
106
81
76
99
96
105
113
94
114
118
124
131
141
125
117
119
95
87
68
56
75
62
33
40
23
12
6
-15
-19
-7
2
16
-13
-35
-47
-59
-53
-61
-73
-79
-81
-79
-65
-62
-43
-27
-26
-11
-7
-10
-11
-10
13
-7
0
13
10
39
35
61
80
72
94
107
109
92
79
67
67
71
49
47
34
17
8
3
18
16
6
8
0
-7
-4
-31
-29
-36
-43
-42
-58
-51
-50
-33
-53
-81
-71
-74
-62
-73
-95
-71
-88
-100
-88
-79
-63
-39
-51
-56
-48
-40
6
11
-5
-18
-26
-4
5
-9
-29
-13
-19
-27
-38
-32
-38
-46
-48
-48
-48
-67
-67
-71
-88
-102
-115
-133
-142
-154
-172
-162
-152
-148
-138
-132
-129
-93
-70
-76
-73
-77
-70
-56
-36
-37
-34
-24
-24
-8
19
20
47
90
84
108
121
124
129
121
119
119
124
125
119
123
121
126
121
115
121
123
124
112
110
103
100
106
101
86
93
98
105
121
114
117
124
97
82
74
63
48
53
64
57
65
47
59
64
53
59
53
44
36
46
51
53
59
24
19
-3
-3
24
-3
-13
10
-6
-11
-9
-37
-41
-43
-45
-65
-81
-99
-104
-96
-121
-154
-174
-197
-198
-194
-232
-244
-237
-242
-232
-233
-244
-228
-238
-251
-235
-235
-224
-208
-200
-180
-167
-162
-134
-118
-94
-82
-84
-66
-43
-37
-40
-34
-2
9
16
40
38
53
64
66
69
45
40
47
38
27
2
5
3
-14
-16
-28
-3
-16
-43
-45
-47
-34
-36
-62
-65
-63
-84
-81
-78
-88
-98
-88
-94
-94
-87
-88
-83
-100
-107
-101
-122
-133
-148
-157
-134
-116
-122
-124
-121
-121
-120
-112
-126
-117
-114
-119
-98
-99
-124
-131
-141
-135
-136
-141
-139
-135
-99
-101
-90
-94
-94
-95
-98
-109
-96
-97
-97
-84
-97
-104
-100
-76
-70
-56
-52
-43
-33
-27
-8
5
-1
-5
4
8
16
27
33
46
57
48
53
58
62
47
52
55
34
36
45
44
44
17
-15
7
9
0
2
-40
-46
-59
-92
-89
-88
-109
-105
-118
-153
-138
-141
-148
-155
-191
-182
-170
-164
-168
-180
-179
-175
-184
-198
-202
-200
-194
-177
-183
-172
-153
-137
-118
-104
-105
-98
-98
-97
-81
-62
-48
-48
-67
-62
-60
-51
-50
-65
-52
-65
-50
-40
-41
-31
-52
-44
-56
-38
-29
-39
-44
-47
-27
-15
-10
-17
-13
-4
0
20
31
30
12
17
46
55
78
79
87
99
109
119
135
134
135
130
142
149
146
162
148
149
121
112
107
107
85
71
88
61
32
13
-8
-18
-21
-40
-62
-76
-83
-82
-70
-77
-84
-96
-113
-112
-134
-139
-154
-159
-162
-163
-156
-157
-158
-166
-142
-131
-125
-125
-105
-84
-78
-60
-47
-36
-22
-32
-18
-2
-2
13
-7
-8
-14
0
18
26
21
24
31
37
36
21
9
-10
-19
-31
-35
-35
-49
-53
-46
-53
-48
-47
-57
-34
-20
-9
-11
-28
-66
-77
-60
-60
-55
-60
-66
-67
-53
-61
-45
-49
-55
-60
-58
-52
-46
-20
-53
-50
-49
-68
-64
-61
-68
-59
-51
-64
-66
-74
-89
-100
-102
-140
-124
-130
-129
-117
-135
-140
-159
-175
-175
-171
-179
-191
-210
-219
-236
-235
-224
-227
-218
-222
-208
-192
-197
-195
-192
-181
-182
-185
-180
-161
-164
-152
-136
-132
-111
-101
-79
-68
-62
-60
-55
-33
-44
-40
-35
-27
-1
-10
-29
-16
-13
-15
-11
-15
-25
-15
-8
-8
-13
-1
-18
-6
-16
-12
0
-18
-38
-39
-39
-24
-16
-18
-5
-15
2
-10
-11
-11
-28
-32
-27
-18
-5
-1
-7
7
16
13
2
12
3
26
38
27
22
10
2
10
5
3
10
8
16
4
-9
-10
1
-4
-11
-5
-2
2
-16
-45
-35
-42
-65
-45
-57
-81
-58
-64
-80
-74
-75
-71
-50
-32
-9
27
40
38
35
42
63
94
85
95
110
115
116
117
119
111
118
103
93
106
104
115
131
118
120
131
127
124
120
105
91
74
76
83
64
55
43
39
21
9
14
15
-4
-14
-30
-32
-22
-20
-48
-43
-46
-48
-27
-27
-32
-40
-44
-34
-14
-13
-18
-37
-63
-74
-47
-63
-65
-60
-79
-47
-43
-44
-40
-53
-61
-37
-30
-43
-22
-13
-21
-19
-24
-9
-9
-37
-55
-40
-40
-16
11
11
22
34
55
56
60
43
39
53
50
75
82
78
93
104
120
130
120
141
154
160
152
155
154
147
158
136
134
120
102
108
99
93
90
79
66
73
73
78
88
87
83
100
89
98
90
63
56
45
49
40
22
-9
-15
-16
-21
-40
-20
-21
-55
-63
-80
-71
-79
-93
-87
-92
-113
-138
-142
-170
-201
-220
-213
-190
-184
-188
-187
-191
-219
-226
-226
-236
-238
-238
-242
-223
-233
-239
-241
-243
-246
-256
-255
-229
-235
-258
-241
-248
-278
-285
-284
-273
-263
-282
-265
-248
-273
-251
-251
-278
-246
-260
-269
-243
-242
-220
-203
-201
-188
-169
-154
-152
-160
-149
-162
-174
-157
-153
-134
-129
-133
-134
-128
-114
-105
-106
-125
-119
-115
-108
-94
-90
-94
-91
-90
-102
-86
-89
-122
-124
-118
-123
-112
-97
-91
-115
-143
-151
-144
-140
-173
-178
-154
-155
-149
-129
-130
-114
-124
-142
-94
-70
-83
-64
-60
-53
-50
-45
-35
-45
-62
-72
-74
-79
-87
-83
-79
-68
-40
-26
-12
11
-5
0
21
0
5
-5
-19
-29
-43
-33
-43
-32
-40
-43
-43
-42
-24
-32
-33
-49
-47
-25
-18
-12
-13
-14
-11
-7
21
36
41
31
21
14
30
38
49
70
76
94
99
92
82
69
66
56
67
55
72
97
82
87
78
63
61
66
58
53
33
32
49
43
35
18
-5
-20
-21
0
-17
-17
-30
-46
-16
-4
-36
-39
-56
-68
-46
-61
-50
-29
-40
-36
-17
-19
-24
-21
-40
-58
-56
-70
-61
-32
-30
-27
-17
-16
4
19
4
-8
12
8
11
3
-14
-21
-42
-43
-27
-27
-26
-1
26
21
32
43
43
46
32
54
74
83
85
81
72
81
77
79
69
75
66
49
63
70
78
71
58
73
87
108
121
117
121
117
120
108
109
115
97
89
99
90
95
88
87
85
82
102
91
83
91
81
69
75
55
58
41
12
8
-8
6
6
-1
1
-32
-45
-51
-34
-33
-49
-42
-38
-37
-22
-29
-15
-25
-36
-50
-35
-58
-78
-74
-71
-48
-61
-57
-38
-39
-53
-59
-42
-41
-45
-50
-71
-38
-25
-49
-24
-34
-40
-49
-35
-21
-30
-30
-20
-14
-22
-32
-33
-28
-22
-30
-9
-16
-35
-27
-31
-21
-34
-52
-48
-45
-28
-19
-20
-11
-10
-15
16
17
7
20
5
7
2
-8
-3
-14
-27
-28
-27
-25
-26
-13
-6
10
18
-2
-3
-2
-1
-3
-17
-6
-20
-30
-35
-39
-22
-12
-16
-6
-1
8
16
14
9
11
6
0
16
12
35
31
39
38
49
74
84
102
91
112
141
145
138
127
133
151
142
141
160
166
181
182
178
176
199
186
166
178
160
158
165
159
166
166
150
150
151
142
132
149
165
155
159
151
127
143
120
110
130
127
121
122
106
108
129
121
116
141
149
152
182
181
183
184
158
139
140
146
147
153
139
153
169
165
183
176
186
183
168
182
197
201
191
189
180
174
170
151
146
164
142
148
165
176
174
168
166
174
154
156
170
181
177
202
237
237
240
225
227
250
252
248
265
264
268
276
282
287
283
257
248
278
280
293
302
297
296
303
305
287
269
246
236
229
215
208
223
232
213
199
209
210
215
216
232
242
243
236
240
227
212
223
218
182
189
206
195
222
210
191
213
197
218
224
225
245
233
248
247
241
248
227
237
239
247
262
246
255
258
272
287
282
288
282
270
264
250
240
243
263
253
245
267
271
258
243
217
216
221
208
198
203
211
184
176
177
172
170
152
133
122
100
101
118
106
110
102
104
118
100
86
89
86
84
86
93
93
79
71
64
37
31
20
26
6
4
13
18
19
15
16
26
31
16
17
10
15
21
28
11
-10
-10
1
6
-1
-9
-15
6
24
44
60
76
75
74
64
46
44
37
53
67
76
97
95
100
95
101
130
142
148
181
205
232
218
195
183
155
147
138
142
168
168
161
171
183
191
181
191
170
159
162
162
159
135
116
111
109
119
128
112
137
142
137
142
131
111
85
86
101
121
107
85
72
71
69
78
87
96
78
90
106
98
90
77
68
61
61
57
84
96
89
92
103
106
101
93
107
85
55
64
75
86
91
71
68
84
77
67
67
57
31
42
41
40
60
44
47
67
77
91
83
66
59
67
73
67
82
88
85
96
85
73
107
82
87
96
94
108
103
100
84
95
78
75
81
55
75
64
52
62
62
43
40
36
22
32
22
28
18
-26
-35
-26
-18
-16
-15
-4
16
15
26
28
38
32
33
24
25
19
7
14
8
11
21
27
41
37
44
59
35
24
17
-1
-23
-6
5
3
6
-3
21
25
14
13
7
-5
-2
7
16
19
18
12
13
15
8
21
17
-1
-8
-1
18
33
42
38
37
18
-3
3
2
-17
-11
-20
-25
-9
-11
19
4
3
17
35
57
45
63
68
63
79
59
38
36
-8
-26
-9
11
0
6
13
5
17
4
6
7
-3
-6
20
17
12
10
-14
-10
-14
-9
-23
-7
-24
-39
-25
-29
-33
-33
-61
-79
-90
-87
-90
-87
-90
-72
-70
-87
-78
-85
-105
-115
-146
-162
-157
-170
-161
-141
-150
-152
-124
-129
-127
-117
-140
-158
-161
-166
-162
-154
-166
-169
-158
-164
-152
-149
-130
-98
-97
-90
-81
-63
-67
-72
-76
-72
-76
-76
-78
-77
-84
-108
-112
-107
-104
-81
-63
-68
-64
-59
-48
-42
-60
-61
-53
-69
-56
-58
-69
-75
-85
-78
-74
-78
-78
-66
-76
-58
-54
-70
-64
-73
-80
-78
-72
-61
-64
-47
-29
-30
-11
-12
-14
-8
-23
-15
21
28
39
72
69
86
101
75
88
82
65
68
71
59
45
48
22
12
9
0
9
7
11
0
7
13
17
15
10
9
13
-15
-26
-4
-40
-36
-33
-45
-33
-57
-66
-45
-48
-32
-13
21
47
61
44
48
50
50
43
34
36
36
32
34
48
38
33
35
17
17
42
64
58
38
66
55
62
61
21
12
2
-16
-13
-14
-17
-15
-39
-51
-69
-66
-42
-46
-51
-50
-46
-41
-42
-48
-69
-83
-84
-88
-82
-92
-90
-64
-59
-49
-49
-51
-46
-27
-20
-10
5
29
41
30
38
33
47
39
25
43
37
45
44
27
37
36
31
26
41
41
39
63
60
43
24
21
21
12
-10
-26
-18
-17
-19
-30
-35
-53
-51
-21
-18
-29
-40
-32
-19
-24
-40
-37
-55
-58
-43
-49
-43
-48
-56
-54
-41
-25
-2
16
29
43
48
61
46
31
19
-7
-19
-15
3
-8
-16
-28
-30
-37
-29
-37
-48
-43
-66
-52
-50
-59
-77
-103
-105
-96
-107
-88
-77
-92
-79
-88
-82
-69
-68
-70
-60
-48
-50
-49
-46
-46
-61
-71
-63
-55
-56
-63
-56
-61
-76
-56
-65
-61
-77
-76
-72
-58
-35
-20
-17
-22
-21
-28
-22
-21
-31
-47
-31
-40
-34
-45
-49
-43
-52
-47
-46
-51
-57
-42
-35
-41
-57
-61
-60
-58
-66
-82
-78
-81
-81
-77
-74
-86
-89
-93
-73
-50
-56
-66
-61
-57
-49
-63
-75
-98
-109
-116
-105
-103
-91
-79
-87
-52
-28
-35
-14
-22
-28
-25
-42
-36
-42
-65
-75
-60
-51
-52
-48
-56
-71
-69
-80
-85
-68
-73
-71
-81
-76
-71
-58
-56
-41
-32
-33
-22
-16
-22
-26
-34
-49
-52
-65
-51
-45
-45
-15
0
15
12
5
3
7
10
26
10
9
5
5
17
15
3
6
11
17
19
22
38
23
9
8
-15
10
6
-20
-16
-32
-39
-24
-25
-24
-6
-26
-21
-22
-32
-32
-28
-48
-33
-15
-12
6
-4
-8
2
-18
-24
-16
-23
-26
-23
1
21
31
9
-19
-12
-7
-2
2
6
4
14
54
71
81
69
48
53
59
68
84
79
86
85
83
107
105
90
72
70
78
85
77
100
97
79
81
74
55
44
32
28
47
37
49
58
53
46
47
29
51
60
42
40
39
30
23
64
53
45
29
27
60
55
38
41
39
43
37
38
33
4
-5
-24
-7
4
-3
-1
-13
-33
-22
-21
-16
-8
-11
-28
-39
-38
-43
-35
-53
-52
-48
-20
-11
-10
3
0
-18
-12
-18
2
25
14
22
31
43
49
33
28
43
44
48
57
76
70
68
62
72
73
61
51
55
49
37
50
46
45
58
38
44
52
20
32
44
32
48
35
22
37
14
9
12
4
8
-7
-11
1
3
10
6
-19
-23
-23
-21
-27
-17
-27
-34
-21
-29
-31
-33
-43
-37
-46
-59
-65
-54
-38
-40
-43
-55
-53
-60
-57
-77
-74
-92
-107
-97
-94
-70
-60
-63
-50
-52
-50
-40
-27
-29
-38
-49
-46
-31
-27
-43
-31
-6
-12
15
7
20
25
13
31
11
1
1
-3
-4
-7
-8
-15
-4
-23
-24
-8
-7
10
1
-2
7
7
11
36
44
49
41
36
33
-6
-6
-9
-5
9
22
56
92
86
95
93
65
44
27
16
29
-1
0
23
20
42
42
57
62
51
51
65
51
43
29
5
19
8
11
28
39
47
29
49
45
45
50
24
47
44
38
38
31
22
16
34
55
52
36
30
35
22
15
21
24
13
3
3
0
-1
-20
-37
-43
-42
-53
-42
-32
-32
-35
-29
-5
-13
-7
-3
-2
-5
-19
-13
-10
-11
-5
-4
-2
19
35
36
49
52
41
48
52
60
63
46
56
64
63
70
71
66
64
47
43
46
51
53
68
73
65
60
72
64
77
47
52
76
71
86
76
68
47
26
33
31
41
51
45
62
77
75
87
92
77
75
79
86
92
74
65
51
43
19
26
32
25
35
55
32
32
33
15
26
8
8
11
-5
-2
15
17
31
30
17
-1
-10
-29
-22
-13
-31
-25
-23
-7
4
10
-7
-20
-21
-22
-14
-15
