34
37
21
13
16
8
3
-1
9
27
13
20
26
32
28
27
23
24
11
-20
-13
-19
-40
-41
-33
-23
-40
-48
-22
-24
-37
-28
-17
-12
-22
-27
-3
3
-19
-13
0
-11
-27
-18
-6
-27
-46
-39
-26
-27
-39
-28
-25
-24
-23
-40
-37
-44
-46
-27
-31
-36
-46
-47
-33
-43
-49
-35
-32
-27
-16
-1
-8
-5
7
19
18
17
26
26
22
7
13
19
20
18
31
33
35
41
52
65
58
66
86
78
68
65
62
71
59
69
91
73
65
64
74
74
79
95
104
112
109
135
150
141
126
131
116
105
93
102
107
100
99
107
114
109
112
127
127
135
140
136
135
135
125
106
97
89
77
61
57
58
55
66
73
79
87
73
77
82
81
76
65
69
68
48
48
56
53
50
32
43
53
52
43
53
65
46
39
52
46
22
15
13
11
-7
-12
-1
0
-7
2
4
-2
-13
-12
-3
-10
-22
4
1
-17
-3
-5
-11
-21
-19
-17
-30
-46
-44
-52
-58
-61
-57
-43
-51
-40
-20
-31
-28
-18
-14
-22
-43
-36
-36
-60
-68
-64
-52
-53
-54
-35
-30
-31
-36
-34
-27
-25
-35
-39
-36
-34
-49
-46
-34
-44
-47
-53
-56
-44
-48
-39
-17
-18
-5
-6
-7
-9
-15
-24
-35
-43
-45
-51
-64
-63
-64
-60
-58
-40
-16
2
11
18
39
43
32
18
25
24
-1
4
6
-7
-6
-7
-4
-23
-29
-9
1
0
-2
1
6
12
8
13
9
-7
-20
-36
-37
-44
-47
-43
-44
-43
-21
-8
3
5
-3
5
0
0
7
6
-2
-11
-9
-18
-34
-36
-29
-27
-38
-24
-29
-45
-38
-38
-43
-43
-55
-64
-59
-70
-87
-89
-105
-119
-145
-149
-154
-166
-150
-141
-108
-89
-86
-68
-61
-61
-55
-55
-50
-58
-68
-64
-65
-68
-58
-57
-56
-53
-53
-32
-29
-23
-2
2
4
4
10
10
-7
1
-6
-11
-12
-17
-11
-11
-7
12
27
20
23
27
27
24
18
17
23
14
7
14
19
10
9
16
13
21
15
3
20
17
34
44
52
67
58
72
86
81
76
64
50
57
57
66
82
95
89
111
124
119
130
136
133
138
127
139
147
149
159
142
139
137
142
126
112
111
115
115
119
130
124
129
118
120
122
114
99
107
112
100
95
101
102
86
80
80
86
93
96
91
105
98
98
90
101
108
104
116
112
110
110
115
101
85
79
69
54
41
35
40
38
32
29
23
23
21
24
11
-9
-23
-32
-27
-36
-31
-25
-15
-11
-9
-1
-2
-5
-3
0
-3
-14
-27
-25
-34
-37
-41
-46
-39
-60
-61
-55
-63
-58
-57
-62
-67
-69
-61
-69
-86
-101
-111
-124
-128
-129
-140
-144
-153
-154
-151
-148
-160
-163
-155
-148
-143
-142
-140
-151
-146
-148
-160
-161
-160
-164
-159
-152
-142
-131
-125
-117
-112
-121
-127
-144
-139
-134
-133
-122
-127
-123
-136
-132
-136
-132
-129
-128
-118
-112
-97
-96
-88
-81
-79
-89
-88
-86
-101
-105
-111
-107
-106
-105
-99
-79
-81
-88
-67
-57
-53
-46
-13
9
14
15
25
26
30
46
34
39
32
26
27
36
56
62
61
62
75
79
79
72
70
85
90
76
83
90
76
63
54
58
59
38
35
50
60
52
49
58
76
88
76
78
81
61
49
34
29
12
13
19
26
26
28
22
24
14
14
6
-5
4
-11
-18
-26
-11
-20
-26
-15
-30
-40
-57
-67
-63
-83
-88
-88
-77
-59
-72
-58
-55
-65
-70
-82
-79
-85
-102
-108
-100
-100
-107
-112
-102
-98
-89
-81
-83
-72
-61
-59
-62
-45
-48
-45
-32
-30
-18
-8
-7
4
18
12
22
31
27
32
20
22
28
18
18
8
7
11
9
10
6
5
0
6
16
18
26
28
36
40
42
40
41
40
30
41
40
47
49
54
57
52
48
43
40
37
30
25
29
43
45
56
61
61
58
54
53
33
19
2
3
10
-7
-6
4
15
12
10
16
10
8
2
11
11
10
6
9
16
40
48
50
52
50
45
47
56
64
79
81
96
106
117
119
111
111
108
93
76
74
79
78
71
94
102
99
95
77
75
74
57
36
32
37
38
19
10
-8
-11
-5
-9
-17
-7
-20
-21
-11
-12
-23
-26
-27
-39
-51
-60
-68
-66
-80
-98
-88
-96
-102
-101
-103
-106
-107
-102
-105
-114
-119
-132
-136
-149
-140
-140
-145
-151
-154
-155
-148
-131
-134
-128
-113
-124
-130
-117
-111
-105
-107
-99
-93
-92
-96
-82
-78
-82
-76
-56
-57
-66
-71
-56
-45
-51
-48
-47
-34
-31
-29
-16
-6
-12
-18
-7
-2
-8
1
-1
0
-1
12
20
36
40
35
57
54
46
43
45
49
47
37
37
37
31
38
29
19
5
-5
2
-7
-23
-14
-13
3
6
3
8
12
8
-7
-12
-14
-21
-21
-19
-17
-22
-23
-26
-27
-13
-6
7
24
36
28
24
29
35
32
33
37
39
34
32
30
40
43
40
44
51
61
57
67
79
83
77
87
82
63
59
53
30
12
6
3
8
17
27
29
43
52
55
57
52
36
33
34
44
50
42
45
39
36
36
28
17
22
31
15
21
24
11
8
11
19
26
24
23
21
18
5
0
10
4
4
-6
-5
16
18
16
15
16
20
7
2
6
18
19
15
39
41
46
46
48
45
35
40
47
50
44
42
58
64
68
71
75
83
78
85
97
109
117
117
106
100
96
89
89
99
109
100
102
98
91
87
73
61
56
51
49
50
53
50
45
29
15
15
17
34
23
11
21
18
27
26
16
2
-13
-4
-10
-6
-3
7
19
19
27
38
43
32
27
25
13
23
20
13
16
0
3
0
-18
-23
-24
-37
-43
-57
-42
-41
-59
-45
-37
-41
-57
-68
-67
-62
-75
-81
-91
-92
-85
-88
-84
-66
-66
-63
-49
-40
-38
-55
-44
-53
-70
-66
-60
-53
-52
-58
-49
-44
-52
-48
-50
-44
-38
-39
-30
-13
-2
11
12
1
-5
-8
-38
-58
-54
-56
-60
-57
-52
-41
-42
-49
-41
-28
-30
-25
-10
-22
-24
-19
-21
-24
-34
-43
-34
-31
-31
-51
-61
-50
-54
-54
-47
-43
-51
-47
-53
-59
-52
-46
-54
-51
-49
-46
-54
-49
-54
-56
-50
-49
-47
-47
-44
-39
-24
-26
-15
-27
-16
-10
-29
-21
-19
-21
-20
-16
-8
-22
-3
-4
-12
-4
-16
-8
-8
-9
1
6
5
1
-16
-24
-35
-43
-50
-54
-52
-46
-45
-52
-41
-37
-38
-56
-63
-55
-62
-50
-45
-47
-49
-53
-59
-77
-85
-116
-124
-106
-117
-112
-99
-92
-81
-74
-79
-69
-59
-77
-75
-55
-50
-53
-59
-54
-58
-69
-74
-62
-62
-59
-54
-63
-76
-82
-82
-88
-85
-83
-75
-68
-81
-86
-85
-93
-96
-111
-114
-107
-104
-100
-88
-82
-86
-80
-94
-107
-109
-115
-110
-122
-130
-112
-111
-99
-107
-100
-99
-98
-87
-87
-85
-92
-76
-53
-41
-26
-30
-28
-37
-49
-51
-56
-62
-75
-62
-69
-67
-61
-58
-47
-44
-49
-52
-57
-71
-69
-77
-78
-69
-76
-77
-65
-57
-60
-64
-50
-52
-51
-54
-57
-45
-43
-42
-39
-40
-48
-33
-44
-42
-42
-32
-37
-32
-16
-19
0
0
12
11
7
21
27
42
30
29
29
24
13
2
-4
3
13
24
37
39
50
47
48
55
52
45
48
50
45
35
49
57
51
63
63
79
69
50
62
60
55
57
45
39
48
37
43
53
52
50
36
25
31
27
15
4
-2
-4
-11
-11
-23
-29
-33
-44
-49
-62
-71
-66
-63
-56
-67
-75
-87
-111
-114
-119
-122
-140
-137
-146
-163
-155
-147
-144
-139
-129
-120
-114
-114
-116
-106
-99
-110
-96
-73
-80
-69
-72
-69
-54
-47
-61
-55
-63
-66
-50
-64
-57
-58
-59
-78
-83
-80
-88
-90
-93
-96
-102
-110
-124
-140
-142
-152
-161
-160
-167
-157
-162
-171
-176
-182
-188
-195
-200
-205
-201
-205
-197
-190
-191
-197
-198
-205
-210
-214
-218
-221
-234
-223
-217
-216
-218
-215
-236
-236
-232
-228
-231
-237
-222
-228
-221
-222
-226
-221
-216
-204
-206
-203
-201
-203
-201
-195
-187
-182
-170
-165
-161
-149
-148
-144
-135
-136
-130
-130
-138
-131
-127
-122
-114
-110
-90
-92
-88
-74
-74
-72
-64
-56
-55
-52
-49
-43
-37
-36
-45
-49
-55
-70
-78
-78
-83
-101
-109
-96
-121
-130
-135
-143
-130
-144
-141
-142
-145
-155
-160
-170
-181
-193
-193
-197
-192
-202
-211
-206
-210
-207
-206
-203
-207
-210
-191
-181
-186
-159
-135
-126
-127
-124
-120
-128
-133
-129
-124
-120
-114
-110
-100
-95
-91
-88
-80
-85
-101
-110
-114
-127
-109
-94
-94
-89
-95
-96
-92
-102
-100
-80
-80
-95
-89
-95
-87
-87
-82
-73
-65
-66
-47
-52
-59
-49
-48
-36
-42
-42
-32
-22
-21
-8
-1
-2
5
6
9
-2
-22
-16
-12
-25
-29
-24
-40
-52
-63
-68
-81
-94
-90
-98
-101
-109
-104
-90
-78
-82
-75
-67
-59
-55
-50
-66
-73
-65
-78
-71
-73
-63
-66
-58
-53
-61
-46
-46
-58
-45
-38
-39
-35
-37
-40
-43
-46
-43
-47
-60
-54
-53
-67
-62
-60
-52
-65
-72
-84
-93
-79
-86
-96
-96
-90
-84
-80
-83
-92
-83
-80
-80
-75
-76
-69
-78
-84
-89
-100
-92
-94
-101
-117
-134
-143
-156
-150
-154
-159
-155
-156
-142
-135
-130
-117
-117
-125
-123
-136
-127
-115
-133
-138
-143
-142
-134
-137
-152
-148
-153
-157
-156
-143
-134
-129
-125
-125
-111
-104
-98
-97
-98
-84
-75
-93
-89
-85
-81
-70
-78
-85
-77
-61
-64
-60
-58
-70
-72
-83
-82
-81
-77
-67
-68
-54
-49
-37
-41
-39
-44
-50
-53
-67
-82
-82
-91
-103
-100
-100
-80
-78
-84
-83
-72
-64
-66
-67
-76
-73
-79
-68
-63
-75
-66
-52
-57
-64
-75
-63
-50
-65
-69
-60
-55
-61
-47
-50
-65
-61
-57
-45
-39
-26
-20
-13
-11
-5
1
-6
3
-5
-14
-21
-29
-45
-47
-47
-38
-40
-50
-38
-20
-18
-18
-9
2
9
11
11
14
32
35
24
16
1
-3
-5
-23
-20
-19
-16
-8
-11
-8
-8
-9
-10
-25
-18
-23
-24
-31
-39
-36
-38
-37
-42
-30
-29
-25
-39
-41
-37
-44
-32
-29
-25
-19
-8
-9
-9
0
8
19
32
42
59
67
76
94
98
117
120
130
156
157
154
156
154
150
126
121
135
145
144
149
158
156
168
172
170
173
172
174
163
159
167
157
151
141
137
126
121
119
121
134
132
135
137
138
150
165
160
175
188
184
181
179
190
184
162
154
163
157
157
144
145
147
151
162
151
159
156
135
127
124
120
122
111
113
112
117
112
113
125
115
102
97
90
79
80
74
68
77
76
74
68
67
59
61
57
57
59
75
87
73
76
79
65
60
60
79
75
82
97
103
98
101
121
124
118
128
142
136
144
133
137
143
153
152
157
162
149
144
146
125
107
104
96
95
71
72
82
78
72
70
63
65
66
61
66
69
84
76
73
67
71
80
62
71
76
83
83
70
89
112
111
127
132
131
147
166
161
159
172
169
164
164
159
169
156
161
154
152
169
160
159
161
161
150
130
133
147
142
129
125
133
140
119
114
119
112
130
142
136
136
134
133
121
117
118
102
93
106
105
109
119
138
154
143
139
158
158
165
165
161
159
151
162
142
144
134
130
132
136
136
123
136
130
118
111
111
110
94
95
110
106
108
108
112
123
122
132
128
111
109
110
98
81
76
69
76
60
53
65
63
80
103
96
68
72
81
80
69
64
65
42
26
19
9
6
0
-12
-22
-27
-18
-23
-29
-13
-13
-17
-11
-17
-18
-26
-22
-29
-37
-30
-26
-12
-20
-13
6
15
16
29
30
22
34
35
31
42
57
54
55
58
63
68
60
56
79
86
82
90
102
95
94
88
80
87
82
82
79
69
80
75
69
80
90
101
106
85
91
113
121
126
121
132
131
103
106
108
96
98
84
82
84
77
70
73
74
76
79
71
73
96
85
72
70
69
64
17
6
12
4
-11
-21
-34
-29
-41
-50
-52
-53
-38
-40
-34
-35
-27
2
0
-5
-3
-8
7
10
6
1
0
10
5
10
6
13
21
4
-5
8
24
22
9
0
5
8
14
15
5
17
34
32
31
32
43
50
47
32
27
38
31
19
6
1
12
17
20
15
18
30
24
8
19
29
22
27
25
21
8
-8
1
-17
-37
-29
-33
-33
-28
-42
-32
-25
-21
-33
-36
-20
-27
-32
-18
-11
1
-6
-16
-6
-1
-11
-22
-9
-15
-16
7
3
-8
11
23
23
5
-8
7
4
-1
11
25
35
27
34
36
33
34
53
61
58
67
77
82
81
80
82
80
67
85
84
84
88
101
109
113
105
113
121
126
134
131
141
146
138
137
120
123
106
99
97
72
79
75
86
91
94
96
93
89
100
89
89
81
73
77
78
77
65
51
66
63
64
59
55
65
44
36
35
44
41
31
44
50
49
49
52
51
55
49
40
46
43
41
44
48
42
46
46
37
47
34
42
48
38
37
17
27
24
21
31
14
13
24
18
13
10
12
6
9
4
-9
7
17
13
3
13
15
13
12
7
14
14
6
3
1
3
-1
1
0
5
27
35
34
34
42
45
44
42
55
52
45
54
68
75
84
94
93
93
110
112
124
144
145
151
153
154
151
140
122
109
116
127
132
138
140
147
156
148
140
161
156
155
148
146
160
153
138
142
124
124
118
120
116
108
108
83
88
81
79
67
71
73
66
75
59
47
45
44
37
23
11
15
23
8
8
27
22
2
11
7
11
1
0
-5
-6
-8
-6
-16
-32
-12
-14
-19
-23
-3
-3
-7
0
1
23
11
10
7
-4
-6
-9
-10
-8
-8
1
-3
7
9
-7
1
14
34
21
32
42
52
59
52
48
45
50
45
55
50
59
66
64
70
73
84
94
92
94
86
95
101
98
92
78
89
78
74
62
62
54
55
48
40
31
35
24
4
24
26
25
30
13
24
22
14
38
32
31
48
44
32
36
35
46
53
73
92
101
99
110
111
104
111
113
117
119
124
125
139
126
123
151
153
158
151
164
171
170
162
162
167
159
148
127
134
146
132
122
122
100
92
102
88
98
109
109
90
76
66
52
37
19
12
8
1
10
-5
-12
-19
-33
-34
-57
-45
-36
-34
-26
-50
-48
-45
-66
-95
-87
-86
-106
-108
-118
-111
-108
-134
-135
-130
-135
-147
-149
-129
-134
-148
-147
-171
-171
-169
-162
-156
-161
-137
-148
-152
-153
-165
-149
-142
-138
-126
-116
-113
-97
-80
-75
-65
-61
-60
-41
-44
-42
-38
-39
-31
-19
-24
-13
16
23
53
54
59
61
57
51
27
22
18
15
9
9
18
20
9
20
27
16
18
12
17
8
13
20
15
6
7
10
22
13
6
25
34
4
-7
-5
-2
3
-5
11
14
27
23
25
16
4
22
23
17
22
31
44
50
44
45
36
32
32
22
15
26
43
43
44
41
43
48
35
29
17
11
13
-13
-20
-21
-1
7
0
5
3
18
21
7
7
-5
13
28
2
7
16
21
-7
-13
-1
-16
-21
-13
-2
-1
-3
2
2
-9
-6
-23
-27
-44
-55
-60
-80
-84
-95
-99
-109
-94
-95
-95
-89
-104
-101
-91
-95
-105
-101
-104
-98
-111
-103
-99
-107
-111
-114
-106
-96
-87
-69
-82
-67
-43
-44
-47
-48
-50
-49
-71
-65
-55
-38
-41
-42
-18
-26
-15
-29
-30
-6
-5
-4
2
24
36
17
33
19
18
12
-5
0
-14
-19
8
2
5
15
15
20
9
7
13
3
-2
10
-1
-9
-10
-3
-14
-19
-2
-8
-10
-4
-5
5
-9
6
1
-4
-6
-14
-6
-23
-14
-15
-24
-29
-50
-57
-58
-65
-64
-78
-69
-67
-66
-86
-96
-73
-94
-102
-111
-131
-128
-143
-154
-170
-177
-182
-178
-164
-154
-151
-148
-149
-142
-122
-128
-117
-106
-108
-102
-123
-129
-121
-137
-152
-165
-152
-151
-150
-147
-158
-145
-143
-137
-134
-131
-121
-122
-131
-145
-147
-126
-137
-130
-124
-132
-105
-110
-118
-114
-95
-93
-119
-109
-112
-101
-102
-111
-99
-106
-100
-93
-91
-90
-99
-93
-77
-75
-69
-74
-70
-65
-76
-62
-61
-66
-57
-64
-64
-58
-47
-24
-26
-37
-29
-18
-17
-9
-5
1
11
4
16
31
36
44
52
39
39
35
57
45
45
44
36
49
39
61
70
81
68
58
73
82
90
98
85
97
97
98
101
104
116
117
117
114
117
123
125
122
122
140
136
126
151
147
136
127
119
137
134
141
146
144
138
141
161
151
154
159
144
160
144
139
138
142
146
125
143
140
128
116
91
100
74
50
78
58
68
96
103
96
84
95
71
59
67
58
74
62
65
72
43
42
30
32
23
38
63
48
38
36
38
48
49
30
36
48
57
61
69
70
71
77
37
46
57
37
58
61
72
82
81
94
85
88
92
84
97
93
105
83
88
98
75
97
106
114
128
123
128
113
102
112
121
107
99
115
107
113
100
85
82
66
58
59
52
64
55
59
56
40
63
46
35
21
17
4
5
-8
-23
-15
-45
-48
-60
-43
-29
-27
-7
-5
2
6
4
-9
-10
-7
-9
-11
-23
-9
0
-11
-8
11
23
41
37
43
42
49
44
43
51
42
45
32
29
42
30
36
26
23
26
23
38
33
37
42
39
27
24
29
34
20
30
19
30
40
12
25
7
-8
-4
-9
1
1
15
20
27
25
23
37
41
33
34
26
33
27
33
21
22
31
18
33
24
25
36
10
7
-5
-10
2
-9
-16
-16
-2
-9
-11
-22
-7
-5
-19
-8
-6
0
-24
-25
-10
-11
1
0
0
7
-9
5
-10
-16
-14
-13
-7
-20
-3
-2
7
-5
-6
26
14
15
31
27
35
33
35
40
37
32
17
22
16
16
42
34
46
54
47
55
53
63
80
95
98
90
93
77
88
86
67
80
86
100
86
78
114
87
111
99
100
103
101
131
122
122
127
113
135
134
128
134
142
134
132
153
143
142
159
151
162
164
152
143
147
131
130
122
101
108
106
111
86
88
88
77
70
47
56
45
36
35
34
36
38
24
27
9
-2
-26
-24
-34
-38
-47
-54
-47
-77
-69
-84
-91
-88
-104
-95
-104
-109
-114
-132
-129
-153
-155
-167
-176
-174
-194
-175
-186
-179
-180
-193
-182
-193
-185
-171
-166
-145
-155
-147
-139
-138
-127
-150
-134
-119
-89
-76
-84
-55
-39
-31
-14
4
21
35
44
50
66
61
72
68
66
79
104
117
108
110
110
141
153
137
149
145
136
138
126
118
118
108
86
67
62
59
50
30
34
33
10
-1
-13
-30
-29
-57
-66
-76
-101
-94
-120
-143
-151
-163
-165
-179
-194
-181
-191
-178
-177
-183
-197
-202
-204
-236
-252
-274
-292
-295
-332
-363
-369
-406
-427
-454
-480
-499
-520
-546
-557
-583
-607
-614
-638
-673
-690
-717
-714
-717
-713
-699
-674
-651
-622
-594
-560
-515
-476
-409
-342
-342
-293
-183
-222
-148
-46
-69
-42
112
39
116
219
201
340
294
478
378
519
638
505
745
774
739
817
789
866
955
866
951
1066
956
960
1095
995
1003
1011
980
1059
939
969
963
861
876
832
727
755
707
559
598
524
385
404
339
275
228
123
23
-48
-101
-211
-278
-354
-481
-548
-572
-618
-671
-721
-828
-923
-948
-1041
-1091
-1074
-1137
-1153
-1174
-1186
-1149
-1154
-1177
-1193
-1185
-1162
-1138
-1072
-1023
-983
-940
-880
-817
-759
-698
-623
-531
-448
-337
-244
-161
-125
-113
-128
-118
-121
-79
123
88
124
192
66
142
133
-77
323
3
-27
396
157
231
318
282
255
318
308
569
495
471
756
616
634
738
786
798
783
1000
1137
932
1111
1276
943
1167
1296
996
1267
1334
1179
1382
1361
1223
1371
1265
1196
1285
1110
1112
1143
1003
901
912
758
548
555
439
260
244
177
-35
-167
-231
-456
-635
-683
-853
-972
-1037
-1156
-1177
-1298
-1412
-1477
-1597
-1645
-1709
-1714
-1686
-1684
-1657
-1649
-1581
-1573
-1582
-1533
-1485
-1403
-1318
-1217
-1042
-945
-872
-750
-665
-591
-504
-384
-270
-168
-92
-1
103
151
146
125
102
101
77
206
104
88
211
-33
57
14
2
-29
-49
-53
-1
11
-195
76
-15
-220
-127
-41
-348
-97
-85
-182
-74
-135
-7
2
254
-191
663
56
139
868
162
531
896
490
512
1234
661
836
1373
925
1131
1410
1214
1408
1483
1295
1572
1643
1453
1662
1765
1405
1550
1619
1386
1308
1483
1184
1007
1124
850
638
734
501
229
207
4
-185
-300
-431
-630
-754
-927
-1100
-1155
-1318
-1431
-1555
-1657
-1725
-1794
-1833
-1854
-1875
-1888
-1914
-1895
-1817
-1803
-1763
-1663
-1572
-1489
-1370
-1225
-1101
-978
-870
-758
-625
-462
-327
-212
-71
22
96
162
214
174
140
205
297
390
395
484
395
404
387
213
240
353
213
182
284
254
235
89
329
126
31
64
66
78
62
143
1
399
-29
199
260
207
185
52
551
311
452
499
465
998
207
670
1236
518
693
1511
780
984
1736
985
1478
1679
1175
1671
1672
1318
1893
1712
1415
1959
1566
1328
1679
1419
1166
1371
1121
944
930
829
575
412
359
81
-135
-192
-441
-626
-787
-962
-1089
-1296
-1464
-1517
-1668
-1885
-1879
-1970
-2077
-2010
-2073
-2111
-2036
-2093
-2059
-1949
-1946
-1789
-1710
-1633
-1452
-1372
-1266
-1063
-874
-803
-600
-447
-325
-145
-5
86
222
261
274
382
410
433
590
529
317
675
408
473
479
394
413
255
261
290
310
-94
95
269
-435
154
76
-409
89
-190
-499
-317
-172
-682
-112
-722
-213
-279
-647
-428
-97
-176
-1212
625
-502
-449
178
93
-57
97
380
-98
834
159
600
969
664
831
1259
1107
1101
1517
1360
1270
1785
1714
1543
2021
1843
1589
1839
1822
1408
1778
1562
1242
1457
1290
1002
1175
939
646
658
339
205
111
-62
-407
-405
-643
-879
-1006
-1082
-1265
-1492
-1578
-1751
-1792
-1879
-1884
-1949
-1941
-1988
-2008
-1942
-1896
-1784
-1765
-1652
-1497
-1404
-1259
-1058
-899
-837
-763
-660
-521
-375
-259
-168
-64
-58
-67
77
344
119
219
339
92
407
240
295
399
141
5
557
-416
354
217
-523
565
-389
-21
213
-433
23
336
-830
-184
523
-1057
-183
462
-1080
-125
-117
-674
-74
-478
-159
-5
-402
20
241
-73
86
715
102
40
964
574
746
857
1297
836
1032
1657
1302
1385
1564
1896
1614
1992
2182
1972
2092
2108
2229
2015
2036
2215
1974
1919
2010
1876
1573
1602
1586
1175
1187
1096
854
642
589
330
109
-99
-325
-528
-754
-912
-1068
-1248
-1455
-1546
-1755
-1906
-1952
-2052
-2149
-2175
-2168
-2209
-2176
-2076
-2045
-2004
-1917
-1801
-1668
-1546
-1347
-1178
-1038
-950
-808
-685
-638
-529
-493
-419
-354
-149
-238
-30
12
-234
21
86
-341
246
116
-228
360
96
-133
27
-93
-171
-78
44
-315
36
-121
-404
-101
-320
-321
-597
-12
-504
-544
303
-1090
-177
-184
-1237
181
-412
-874
286
-415
-871
970
-908
-163
1027
-873
364
1028
-144
732
1298
161
1340
1218
392
1845
1413
883
2027
1818
1326
2209
2129
1756
2260
2184
1784
2203
2196
1779
2111
2152
1612
1841
1767
1369
1427
1359
907
931
775
403
417
160
-202
-333
-598
-807
-978
-1205
-1392
-1616
-1891
-1952
-2131
-2310
-2272
-2453
-2514
-2490
-2585
-2572
-2436
-2447
-2370
-2220
-2101
-1923
-1740
-1538
-1379
-1275
-1239
-1037
-950
-849
-643
-713
-187
-238
-624
173
-394
-372
123
-233
-13
74
347
56
602
-186
296
280
-284
679
-70
489
-13
269
122
-370
459
-537
102
-417
187
-311
-301
192
-754
-176
-489
-435
-377
-511
307
-963
-23
387
-1038
275
359
-595
702
236
-57
1413
248
568
1711
552
761
2171
649
1510
2525
857
2286
2304
1585
2545
2470
1948
2858
2363
2255
3002
2252
2327
2679
2089
2095
2268
1869
1884
1889
1555
1411
1331
1026
760
624
432
34
-93
-296
-646
-755
-1034
-1415
-1417
-1746
-2062
-1951
-2249
-2327
-2366
-2454
-2520
-2496
-2488
-2474
-2327
-2238
-2118
-2003
-1698
-1522
-1400
-1091
-1127
-986
-866
-859
-733
-574
-133
-310
-150
146
-583
264
73
-837
788
-12
-340
948
319
-215
935
-376
-167
605
-343
-182
757
-158
-669
728
-673
-852
434
-855
-1206
360
-943
-1435
603
-1131
-1756
835
-2085
-829
201
-1789
-319
-11
-1392
-829
1134
-1786
-207
975
-1071
133
1118
-156
731
962
528
1093
1107
1249
1357
1943
1409
2158
2083
2026
2175
2428
2346
2239
2851
2468
2479
2873
2575
2185
2598
2273
1896
2103
2058
1606
1839
1611
1349
1093
955
599
219
283
-154
-281
-489
-727
-1019
-1243
-1581
-1844
-1969
-2240
-2436
-2406
-2470
-2666
-2497
-2621
-2721
-2578
-2632
-2528
-2271
-2144
-1939
-1669
-1544
-1426
-1248
-1348
-1106
-1248
-905
-842
-729
-440
-459
-395
-688
-100
-582
-769
181
-524
-41
-142
66
-569
265
-608
-882
857
-1738
463
-520
-350
-752
-239
-523
-1331
-313
-832
-897
-824
-420
-1388
-154
-1748
-553
-774
-1266
-369
-1011
-112
-986
23
-620
-607
393
-696
650
-181
738
859
-173
2028
397
916
1838
1111
1317
2241
1676
1836
2682
1802
2659
2425
2321
2889
2350
2537
3143
2631
2883
3110
2617
2752
2621
2255
2618
2161
2053
2529
1634
1888
2064
1078
1367
1165
458
550
287
74
-164
-326
-654
-887
-1158
-1412
-1667
-1939
-1932
-2283
-2354
-2185
-2446
-2426
-2312
-2499
-2350
-2287
-2289
-1972
-1768
-1757
-1504
-1310
-1388
-1198
-1215
-1088
-929
-752
-1031
48
-1666
383
-530
-1710
1212
-1647
-80
312
-984
132
353
-1313
-7
761
-1883
492
347
-1488
592
-590
-564
-416
141
-1324
-335
469
-2508
1180
-1279
-1093
393
-1382
-952
-205
-511
-1398
273
-726
-203
-831
93
-127
-232
-45
429
-115
577
563
96
1860
72
882
1911
503
1519
2119
795
2200
2170
1141
2643
2503
1730
2723
2284
2009
2795
2165
2704
2827
2466
2515
2904
2095
2605
2221
1891
2224
1759
1824
1801
1512
1510
1295
626
950
349
121
168
-259
-367
-600
-938
-1098
-1300
-1699
-1831
-2062
-2229
-2247
-2455
-2320
-2333
-2525
-2380
-2455
-2290
-2257
-1991
-2006
-1674
-1740
-1656
-1559
-1566
-1472
-1066
-1539
-1207
-808
-1423
-1001
-664
-1317
-851
-282
-1830
217
-586
-1423
-92
-324
-1635
42
-773
-904
319
-2098
119
-299
-1552
-414
-249
-882
-1161
-340
-473
-1520
116
-580
-1193
-135
-1062
-687
-101
-969
-456
510
-1777
383
578
-1292
469
330
-385
604
804
-130
1411
387
1046
938
1303
1200
1128
1843
1322
1984
1456
2130
1807
2496
1930
2147
2815
1957
2285
2630
2462
2274
2526
2547
2771
2420
2613
2583
2196
2195
2071
1785
2028
1733
1582
1678
1336
977
1066
578
245
405
-350
-167
-359
-680
-901
-1008
-1408
-1650
-1815
-1874
-2035
-2190
-1959
-2333
-2154
-2066
-2227
-2079
-1963
-2037
-1833
-1759
-1651
-1582
-1433
-1593
-1039
-1428
-1292
-1400
-1020
-853
-1836
-275
-1113
-741
-1380
-196
-721
-1507
120
-1652
-128
-825
-1460
514
-1671
-732
-216
-1712
-198
-715
-1731
393
-1279
-1058
-21
-881
-1340
363
-1602
-392
168
-1668
246
-131
-1129
-105
543
-1706
712
590
-1456
1013
1103
-1253
1499
684
126
1159
1144
1130
1122
1461
1090
2022
1053
2121
1201
2320
2108
1300
3337
1621
2135
3054
1725
2054
3899
1099
2271
3952
1198
2257
3602
1712
2497
2842
1849
2340
2196
1440
2057
1734
1067
1619
1111
887
958
559
229
162
-21
-460
-459
-509
-778
-1209
-1004
-1420
-1590
-1577
-1822
-1856
-1866
-2005
-1872
-1873
-1901
-1669
-1924
-1787
-1633
-1759
-1636
-1497
-1296
-1240
-1514
-1059
-1197
-1364
-931
-1514
-1213
-657
-1879
-1132
-214
-1922
-828
-1188
-998
-1617
-962
-1264
-1154
-1302
-1886
-528
-2116
-1112
-1532
-1372
-1599
-1218
-1747
-751
-1832
-1546
-453
-1777
-1216
-645
-1196
-992
-832
-599
-992
-838
-88
-1542
742
-886
-599
1143
-1234
310
1720
-899
828
1303
529
509
2063
945
924
2212
499
2791
1033
2174
1776
1934
2357
1556
2755
2377
2193
2269
2740
1834
3004
2163
2048
3056
2144
1700
3211
2230
1782
2776
1955
1715
2054
1615
1384
1668
994
1187
1037
755
678
487
117
123
-116
-395
-340
-518
-555
-860
-851
-1034
-1231
-1397
-1264
-1523
-1462
-1369
-1541
-1525
-1353
-1393
-1629
-1395
-1382
-1383
-1231
-1143
-1035
-1292
-1125
-975
-1528
-973
-1273
-871
-1734
-897
-879
-2338
-115
-2167
-1147
-999
-2024
-1131
-1198
-2002
-1315
-1338
-1872
-1645
-1171
-2097
-1548
-677
-2843
-664
-1255
-2464
10
-1952
-1297
-425
-1300
-1452
129
-501
-1967
1352
-740
-1886
2326
-2386
420
2013
-2421
2619
111
-721
2470
112
69
2952
212
1024
2451
1242
1489
2402
1337
2281
2351
837
4068
1366
2044
3620
1253
2296
3725
1284
2737
3675
1006
3522
2475
1679
3300
2466
1376
3747
1837
1606
3178
1497
1259
2161
915
1060
1724
609
1237
716
362
504
61
2
-1
-353
-329
-429
-604
-650
-874
-1012
-1190
-1396
-1425
-1266
-1377
-1335
-1216
-1386
-1478
-1319
-1464
-1181
-1346
-1103
-1328
-1152
-1277
-988
-1462
-1416
-1047
-2068
-1083
-1730
-1558
-1527
-1581
-2025
-1431
-1978
-2093
-1367
-2071
-2048
-1905
-1553
-2837
-1183
-2194
-2277
-1533
-2377
-1193
-2436
-1365
-1171
-2059
-2181
398
-2751
-505
-867
-1092
-1070
-1271
386
-1179
-737
104
224
-1211
578
821
-845
892
403
726
1497
-476
2463
1190
28
2506
1440
1194
1751
2358
1842
1781
2226
2446
1659
2655
2505
2386
2576
2790
2671
2656
2759
2684
2497
2582
2464
2200
2537
2535
2248
2419
2385
1803
2242
1722
1264
1635
1407
557
1607
1137
8
998
505
-502
340
64
-920
-67
-454
-1054
-664
-963
-1632
-1094
-1520
-1760
-1385
-1768
-1962
-1599
-1699
-1819
-1637
-1704
-1762
-1694
-1875
-1435
-1580
-2008
-1023
-1928
-1522
-1619
-1671
-1372
-2610
-731
-2670
-1551
-1961
-1405
-2232
-1993
-1316
-2268
-1531
-2179
-984
-2324
-1415
-1619
-1846
-1681
-1958
-784
-1458
-1860
-116
-1511
-1776
170
-1716
-997
103
-1248
-53
-39
-242
-242
72
53
-530
1052
-564
331
1701
-1026
981
2045
-689
991
2718
131
1255
3246
229
2300
1914
1769
2444
1584
2650
2764
1846
2732
3325
1735
2963
2372
2933
2922
2437
3088
3313
1484
3317
3008
1265
3552
2503
1818
2826
2608
1704
2067
1652
1431
1198
1158
1388
756
798
698
75
157
161
-507
-240
-706
-736
-638
-1086
-1189
-1086
-1616
-1829
-1532
-1887
-1840
-1699
-1895
-1967
-1897
-1882
-2086
-1877
-1871
-1693
-2131
-1632
-1658
-1827
-1609
-2311
-1447
-2347
-2389
-1266
-1916
-2369
-1436
-1834
-2472
-1527
-1958
-2279
-1359
-2117
-1894
-907
-2146
-2329
-304
-2937
-1126
-604
-2725
-378
-1444
-943
-905
-576
-1794
336
-740
-1463
1741
-1747
-28
1453
-1516
518
975
-1341
789
1197
-1048
1663
1189
-1095
2671
725
-288
2908
322
1216
2479
1288
1357
2843
1294
1947
3055
1245
3063
2562
2175
3004
2324
2821
2389
2864
2973
2264
3112
2975
2359
3346
2451
2383
2851
2150
2188
2934
2129
1981
2333
1151
1665
1455
810
1431
949
445
830
343
99
98
-553
-419
-867
-861
-629
-1145
-1206
-1226
-1808
-1958
-1719
-1888
-1931
-1805
-1901
-2006
-1968
-1930
-2006
-1961
-1674
-1861
-1868
-1521
-1687
-1841
-1786
-1657
-2393
-1719
-2002
-2187
-1336
-2078
-1923
-1823
-1998
-1939
-1666
-1791
-1650
-1824
-1744
-1151
-2332
-901
-1266
-3042
-340
-919
-2861
676
-1452
-2138
901
-1952
-777
495
-1448
-231
283
-745
-225
-306
-221
-291
539
-563
814
107
-72
1222
-379
1678
284
-2
1929
1251
516
2835
1543
792
3142
1784
1397
3219
2098
1672
3890
2280
2450
3497
2801
2686
3682
2778
2927
3347
3072
3268
3073
3469
2659
2891
3432
2724
2691
2824
1718
2080
2302
1634
1840
1892
1263
915
899
450
333
65
-79
-490
-459
-707
-889
-1222
-1358
-1702
-2208
-1986
-2072
-2085
-1834
-2371
-2353
-2289
-2459
-2356
-2310
-2093
-2219
-2001
-2077
-2028
-1808
-1868
-2658
-1971
-2156
-2685
-1619
-1718
-2443
-1342
-2518
-2421
-1329
-2872
-1914
-1349
-2435
-1746
-1562
-2249
-1500
-1582
-2300
-1314
-1643
-1608
-888
-1456
-376
-972
-1999
-283
-956
-1417
642
-487
-816
409
-821
-388
1118
-1450
1025
-624
318
1087
-109
628
948
536
444
1623
962
1824
899
1930
2093
1409
2229
2312
2167
2789
2421
2524
3371
2313
3265
3453
3208
3122
3353
3123
3745
3175
3946
3675
3259
3676
3541
3274
3024
2739
2468
2656
2114
2659
2254
2063
1798
1104
774
882
179
-26
216
-389
-563
-806
-1255
-1508
-1807
-2248
-2247
-2277
-2172
-2376
-2710
-2598
-2756
-3099
-2670
-2710
-2514
-2328
-2364
-2213
-2139
-2456
-2571
-1969
-1999
-2092
-1513
-1941
-2043
-1733
-1721
-2342
-1750
-1828
-2177
-1440
-1157
-1830
-1542
-1074
-2667
-1236
-1385
-2406
-566
-1299
-1552
-297
-1747
-1841
99
-1379
-989
88
-1378
-511
173
-792
-388
-73
-1437
484
641
42
110
-230
503
-145
800
671
334
866
1434
882
1052
1215
746
1964
2182
1648
2946
1399
2147
3750
1962
3155
4016
2082
3486
4468
3048
3755
3729
3361
3479
3842
4123
4075
3251
3090
3161
2387
3162
2770
2696
2525
1674
1452
1389
1040
1233
410
-72
-60
-652
-993
-861
-1393
-1775
-2177
-2541
-2291
-2416
-2538
-2788
-3095
-3189
-3109
-3202
-2656
-2219
-2641
-2690
-2549
-2613
-1994
-2333
-2075
-1720
-1990
-1799
-2035
-1314
-1536
-1779
-1578
-1911
-1842
-1456
-1117
-2009
-565
-1412
-2297
-748
-1012
-1661
-1176
-611
-1720
-710
-821
-976
-1141
-306
-1141
-446
-561
-649
-153
-151
-220
-390
56
-1043
740
-80
635
161
-68
503
43
1127
656
102
938
1645
-192
1307
1651
708
2256
1463
1576
1832
1556
2802
3194
2347
3000
2672
1978
3551
3708
3412
3865
3194
3535
3142
2499
3339
2861
2312
3145
2727
2467
2868
2070
1314
1149
560
673
672
710
711
-279
-1101
-1174
-1823
-1666
-1496
-1962
-1807
-2311
-2631
-2679
-2675
-2664
-2655
-2777
-2618
-2333
-2155
-2075
-2063
-2052
-2646
-2183
-1936
-1423
-1007
-1134
-1316
-1560
-1463
-1148
-828
-606
-558
-1193
-1181
-1018
-666
-1103
-492
-590
-1244
-778
-864
-785
-610
-839
-775
-732
-916
33
-84
-171
-575
-597
-748
-298
242
527
238
-112
-194
-501
164
597
397
507
426
269
1135
478
722
1201
664
1117
1320
1718
2076
1351
1792
2550
1383
1989
2450
2335
3058
2895
2038
2414
2388
1828
2640
2177
1943
1905
1452
1516
1683
1101
916
534
61
359
-65
-232
-635
-959
-1355
-1764
-1833
-1556
-1839
-2200
-2454
-2760
-2768
-2557
-2432
-2435
-2218
-2349
-2411
-1892
-1750
-1644
-1467
-1402
-1165
-958
-803
-702
-411
-68
-390
-323
-12
65
318
505
550
254
384
510
366
687
481
166
171
365
415
-44
227
224
-24
279
322
-151
281
387
-198
321
267
59
413
511
289
443
241
37
871
916
197
1203
1009
428
1685
1138
730
1586
1203
1367
1702
1923
2045
1495
2152
2739
2194
1955
2341
2125
2057
2355
2481
1818
1115
1041
1044
776
1173
1182
13
-175
-450
-1052
-1286
-1311
-1359
-1953
-2522
-2581
-3179
-3530
-3478
-4132
-4392
-4309
-4194
-4407
-4290
-4274
-4568
-4754
-4135
-3556
-3317
-2863
-2802
-2805
-2376
-2227
-1683
-852
-895
-318
-335
-446
278
681
1002
1513
1501
1724
1774
1797
2402
2383
2109
2298
2054
2348
2526
2272
2149
1820
1692
1755
1856
2209
1966
1522
1293
1311
1167
1585
1565
1570
1187
795
1470
838
1241
2076
733
785
1546
1152
1855
2180
2157
1735
1868
2009
2585
2869
2617
3083
3065
3001
3727
2958
2974
3187
2674
3005
2589
2328
1526
1589
1266
1328
876
513
404
-639
-1079
-1534
-2296
-2486
-2453
-3329
-3389
-4096
-4806
-5150
-5661
-5722
-5857
-6395
-6154
-6476
-6697
-6531
-6888
-6249
-6142
-5928
-5623
-5452
-5229
-4927
-4819
-4085
-3597
-3302
-2733
-2596
-2233
-1740
-1427
-889
-323
-64
433
554
881
1485
1654
1863
2267
2444
2590
2817
2921
3085
3227
3386
3645
3650
3914
3715
3427
3774
3626
3764
3825
3814
3747
3569
3597
3412
3619
3888
3730
3481
3373
3808
3428
3944
4088
3853
3956
4111
4125
4679
4595
4224
4657
4021
4531
4117
3937
3744
3415
2935
2580
2703
2374
2078
1815
1269
606
236
-189
-440
-922
-1450
-2068
-2645
-3002
-3379
-3997
-4592
-4941
-5540
-5716
-5815
-6206
-6436
-6692
-7269
-6931
-6822
-6673
-6378
-6723
-6712
-6645
-6511
-5880
-5433
-5354
-5119
-5021
-4857
-4475
-3929
-3535
-3157
-2936
-2683
-2143
-2064
-1649
-1227
-1127
-856
-432
-317
-82
65
181
490
789
1228
1454
1478
1534
1755
1624
2045
2497
2655
2901
2927
3046
3245
3591
3788
4235
4410
4438
4865
4804
5131
5502
5805
6378
6258
6486
6930
6786
7025
7222
7215
6912
7072
7033
6589
6199
6102
5474
5184
5134
4724
4162
3534
2727
2268
1821
1095
1068
59
-894
-1320
-2336
-2830
-2999
-3869
-4351
-4916
-5481
-5621
-5947
-6357
-6508
-6879
-7016
-6568
-6716
-6513
-6497
-6732
-6416
-6101
-5870
-5225
-5224
-5234
-4901
-4694
-4247
-3689
-3673
-3509
-3474
-3327
-2657
-2455
-2113
-2135
-2414
-2107
-1855
-1703
-1374
-1483
-1643
-1513
-1299
-999
-817
-890
-872
-925
-685
-283
-360
-99
-117
-251
268
732
930
1438
1385
1493
1888
2297
2822
3269
3826
3839
4104
4839
5254
5828
6147
6412
6641
6725
7018
7307
7557
7008
6837
6517
6329
6994
6625
6283
5653
4833
4646
4375
3767
3556
2909
1833
1205
759
183
-441
-1356
-2165
-2589
-2959
-3384
-3906
-4552
-4982
-5452
-5487
-5383
-5179
-5514
-5917
-5973
-5709
-5229
-4970
-4702
-4603
-4619
-4353
-4033
-3506
-3033
-2930
-2765
-2566
-2160
-1950
-1713
-1571
-1394
-1021
-854
-842
-814
-813
-759
-760
-664
-285
-543
-714
-836
-885
-816
-621
-577
-843
-873
-1081
-1163
-1158
-774
-672
-545
-480
-209
-3
242
389
718
1190
1624
2185
2548
3087
3302
3532
4383
5072
5432
5915
5521
5716
5455
5608
5994
6027
6126
5789
5707
5090
4867
4653
4376
3703
3076
2862
2455
1567
984
153
-553
-1021
-1706
-2009
-2676
-3474
-4237
-4693
-4738
-4898
-5077
-5597
-5652
-5836
-5864
-5726
-5609
-5282
-5241
-5173
-4656
-4298
-4133
-3831
-3635
-3099
-2585
-2302
-2000
-1623
-1531
-1045
-733
-420
-33
-12
133
296
442
722
889
838
952
823
838
934
870
966
1046
690
646
523
494
513
469
513
450
536
622
782
847
933
1135
1270
1516
2051
2357
2861
2611
3185
3511
4215
4784
4568
4812
4481
4643
4473
4897
4558
4841
4674
4194
4559
4082
3584
3160
2548
2253
2268
1681
1055
449
-357
-948
-1292
-1833
-2131
-2879
-3801
-4100
-4762
-4873
-5047
-5514
-5722
-5881
-6158
-6160
-6294
-6349
-6193
-6200
-5961
-5456
-5347
-5211
-5161
-5023
-4272
-4005
-3515
-3240
-3149
-2643
-2415
-2047
-1583
-1188
-1045
-752
-584
-211
141
156
440
726
727
1095
1098
1052
1308
1251
1422
1462
1434
1573
1420
1412
1569
1812
1969
2294
2291
2475
2642
2650
3248
3453
3654
4045
4409
4563
5471
5586
6204
6606
6096
6542
6457
6322
6287
6293
5542
6315
6010
5630
5569
4585
4240
3893
3132
2949
2833
1696
1098
326
-513
-594
-1338
-2228
-2589
-3520
-3987
-4430
-5204
-5210
-5721
-6001
-6038
-6165
-6376
-6524
-6977
-6798
-6354
-6241
-5894
-5973
-5983
-5503
-5468
-5176
-4466
-4370
-4100
-3964
-3705
-3076
-2889
-2736
-2424
-2270
-1844
-1568
-1723
-1428
-1330
-1145
-971
-834
-730
-674
-881
-803
-494
-439
-345
-505
-560
-503
-300
-267
92
227
341
802
864
1303
1620
1872
2336
2785
3309
4098
4484
4871
5460
6227
6978
7547
7324
7406
7395
7365
8117
7593
8040
8117
7700
7637
7036
6724
6399
5835
5090
5102
4382
3408
2790
1659
1245
713
-411
-833
-1732
-2573
-3258
-4164
-4436
-4434
-5040
-5483
-5715
-6292
-6185
-6416
-6628
-6144
-6122
-6153
-6056
-6034
-5731
-5399
-5316
-4751
-4404
-4220
-3994
-3882
-3460
-2917
-2612
-2248
-2041
-1805
-1589
-1511
-1447
-1033
-792
-735
-800
-913
-751
-803
-780
-650
-599
-803
-907
-1209
-1221
-1077
-1148
-1051
-1011
-689
-644
-650
-541
-282
221
445
1082
1322
1659
2434
2682
3394
4306
4609
5316
5133
5115
5364
5874
5842
5944
6534
6484
7033
6060
5756
5797
5392
5277
5088
4682
4151
3473
2515
2123
1990
1228
726
-235
-931
-1173
-2303
-2601
-2887
-3197
-3435
-3948
-4349
-4502
-4849
-5197
-5051
-4923
-4578
-4592
-4911
-4778
-4633
-4449
-3983
-3627
-3351
-3190
-3206
-3037
-2544
-2065
-1631
-1529
-1559
-1086
-897
-980
-735
-440
-109
-161
-223
-237
-187
-292
-234
-266
-223
-115
-623
-868
-856
-826
-764
-727
-781
-572
-723
-639
-563
-239
285
444
669
1010
1463
1888
2543
2810
3745
4495
3924
4288
4232
4363
5107
4426
5225
5829
5773
5404
4946
4537
4648
4880
4082
4269
3640
2699
2423
1572
1510
1217
141
-477
-967
-1684
-2125
-2827
-3423
-3141
-3561
-3998
-4259
-4732
-4812
-4976
-5267
-4809
-4712
-4788
-4790
-5011
-4801
-4475
-4175
-3923
-3369
-3432
-3170
-3040
-2892
-1922
-1695
-1493
-1370
-1307
-696
-568
-522
-47
278
394
356
281
294
450
394
499
657
592
431
11
-141
222
360
338
363
301
394
523
415
806
1466
1499
1720
2097
2240
3024
3510
3784
4618
5248
5279
5362
4997
4885
6013
5519
5665
6493
6089
6203
5367
4837
5069
4983
4306
4098
3580
2720
2489
1310
972
969
-119
-738
-1463
-2183
-2533
-3358
-3928
-3647
-3979
-4419
-4777
-5427
-5146
-5050
-5492
-5015
-5010
-5069
-4933
-5102
-4888
-4349
-4717
-4415
-3844
-3783
-3190
-3435
-3595
-2950
-2549
-2071
-1937
-2374
-2035
-1692
-1887
-1363
-986
-942
-1199
-1563
-1356
-1061
-1125
-1067
-1200
-1340
-1152
-1360
-1587
-1526
-1309
-1348
-1226
-897
-694
-460
-756
-254
191
575
1380
1431
1897
2575
3069
3742
4399
5581
5697
5630
5399
5710
6695
5970
6804
7058
7495
7656
6704
6466
6314
6385
5920
5859
5387
4744
4321
3063
2868
2571
1674
1364
220
-279
-938
-1894
-2383
-2456
-2577
-2895
-3406
-4146
-4071
-4365
-4653
-4171
-4154
-4003
-4141
-4520
-4372
-4226
-4164
-3858
-3503
-3396
-3026
-3312
-3459
-3028
-2460
-1959
-2046
-2317
-2074
-2000
-2067
-1755
-1350
-1203
-1463
-1790
-1738
-1740
-1781
-1696
-1891
-1757
-1715
-2107
-2557
-2528
-2300
-2181
-2108
-1983
-1889
-1809
-2054
-1683
-1140
-564
-187
65
178
1156
1776
2271
3211
3478
3887
3854
3935
4528
4920
4547
5525
6098
6332
6379
5502
5249
5536
5481
5504
5451
4578
4288
3681
2873
2970
2573
1891
1542
655
154
-166
-970
-1144
-1156
-1513
-1567
-2135
-2622
-2427
-2714
-2578
-2142
-2143
-1984
-2006
-2355
-2234
-1640
-1656
-1348
-1281
-1112
-613
-913
-824
-642
-212
40
-33
-220
-178
-281
-444
-163
17
-65
-403
-1033
-1069
-1193
-1380
-1382
-1745
-2008
-2263
-2730
-3100
-3047
-3146
-3011
-3147
-3221
-2958
-3197
-3083
-2622
-2252
-1846
-1362
-1384
-556
112
721
1396
1743
2629
2551
2747
2589
3562
3304
3590
4525
4656
5152
4262
3937
3925
4010
4108
3911
3395
2789
2386
1664
1191
1158
366
-93
-651
-1452
-1529
-2385
-2584
-2726
-2854
-2807
-3168
-3547
-3605
-3500
-3471
-2979
-2646
-2463
-2179
-2419
-2187
-1637
-1499
-771
-392
-277
257
266
492
839
1310
1912
1971
1671
1862
2053
1944
2226
2256
2398
2198
1690
1579
1363
1118
1120
735
406
206
-304
-987
-1124
-1367
-1177
-1343
-1633
-1406
-1941
-1879
-1973
-1588
-1214
-947
-586
-400
-7
435
882
1354
2627
2314
1996
1705
2460
2311
3104
3410
3867
4214
3135
3192
3008
2942
3151
2989
2278
2170
1643
706
296
-126
-732
-776
-1562
-2145
-2512
-3691
-3764
-4103
-4001
-3745
-4128
-4869
-4991
-5248
-4888
-4224
-4177
-3691
-3560
-3820
-3412
-3304
-3046
-1876
-1687
-1237
-888
-979
-559
-462
186
1269
1385
1014
1236
1256
1571
1902
2016
2387
2101
1835
1779
1378
1404
1534
1229
900
837
410
-165
-647
-807
-493
-489
-393
-394
-1182
-982
-1227
-674
-59
373
673
355
952
1422
2422
2595
3410
2979
2834
3159
3619
3126
3836
4112
4819
5078
4099
4019
3564
3284
3515
3724
2944
2874
1987
826
718
142
-399
-508
-1458
-2047
-2651
-3721
-3623
-3813
-4063
-3999
-4428
-4998
-4791
-5391
-5188
-4447
-4454
-3771
-3727
-3924
-3435
-3445
-3328
-1981
-1675
-1136
-803
-1214
-588
-358
300
1261
1262
1005
1382
1189
1402
1893
1984
2298
1997
1585
1727
1215
1112
1279
755
679
532
-143
-509
-1011
-1216
-974
-1032
-804
-819
-1599
-1596
-1519
-1151
-202
-191
67
131
285
1152
1690
2161
2596
2609
2160
2839
3111
2328
3422
3311
4194
4604
3445
3357
2971
2459
2953
3078
2441
2403
1615
387
469
-69
-543
-336
-1557
-1735
-2672
-3373
-3155
-3389
-3348
-3446
-3733
-4254
-3952
-4679
-4286
-3662
-3552
-2643
-2950
-3080
-2469
-2954
-2372
-1307
-1063
-269
-207
-292
-17
287
872
1881
1789
1746
2065
1590
1853
2214
2431
2789
2478
2182
2072
1535
1473
1524
948
1125
912
129
-153
-702
-959
-896
-993
-680
-606
-1413
-1263
-1461
-1167
-117
394
211
486
491
1065
1930
2517
2747
2165
2050
2593
2347
2415
3290
3290
3852
3072
2691
2620
2058
1891
1955
1448
1340
1299
0
-512
-1077
-1860
-1712
-1916
-2450
-3042
-4084
-4567
-4425
-4373
-4036
-3994
-4604
-4760
-5170
-5019
-4452
-3808
-3295
-3193
-3225
-2910
-2997
-2735
-1785
-1056
-531
-140
-217
-183
268
722
1719
2016
1997
2213
2063
2082
2359
2657
2850
3015
2902
2721
2557
2256
2169
1937
2091
2085
1634
1312
695
500
502
563
939
868
294
289
319
108
1354
1662
1655
1978
2285
2299
3119
3015
2794
2623
2530
3000
2309
2696
2594
3220
2744
2195
2006
1509
1051
950
617
22
110
-603
-1473
-1753
-2492
-3028
-3223
-3649
-3763
-4410
-4847
-5235
-5091
-5040
-4675
-4708
-4785
-4657
-4996
-4503
-4265
-3443
-2880
-3015
-2599
-2523
-2458
-1720
-1157
-714
-156
-236
-282
144
354
1029
1601
1234
1420
1369
1160
1480
1356
1494
1527
1230
1173
1112
959
793
485
187
454
170
128
-98
-446
-505
-252
-288
353
206
-129
245
197
1212
1897
2484
2528
3185
3213
4189
4702
4606
5057
3922
4596
4465
3767
4928
4721
4849
4832
3490
3026
2817
1968
2019
1975
671
632
-157
-1567
-1254
-2465
-2984
-2952
-3779
-4090
-4381
-5235
-5150
-5027
-5243
-4479
-4519
-4451
-4325
-4369
-4142
-3199
-2738
-2009
-1654
-1756
-1076
-1070
-458
432
706
1003
1292
968
1456
1565
1997
2517
2170
1999
1975
1494
1475
1521
1238
1229
696
307
20
-368
-616
-709
-1139
-1198
-1644
-1933
-2259
-2056
-2245
-1882
-1770
-1840
-1643
-1570
-1419
-787
-177
183
1356
1220
2742
2808
3807
3320
3887
3684
3333
5180
3208
3853
3969
3604
4630
3943
2857
2709
1551
1036
1259
817
-45
53
-1723
-2311
-2115
-3642
-3164
-3987
-4475
-4718
-5214
-5432
-4897
-4978
-4714
-4462
-4442
-3991
-3122
-3106
-2196
-1697
-1372
-236
-224
1024
1221
1613
2075
2662
3155
3744
3987
3877
4058
3979
4374
4660
4301
4307
3837
3010
3055
2558
2573
2169
1379
819
210
-205
-466
-779
-1348
-1871
-2305
-2794
-2723
-2892
-2789
-2554
-2707
-2608
-2225
-2625
-1627
-1606
-970
374
349
1652
2125
2476
2982
3172
3366
3446
3377
3653
2375
3124
2758
3617
3700
2424
1878
646
-203
-644
-587
-1391
-1440
-2528
-3806
-4312
-4745
-5640
-5593
-6386
-6428
-6800
-7062
-6874
-6781
-6398
-6223
-5525
-5436
-4218
-3695
-3228
-2561
-1992
-871
89
1003
2137
2094
2634
3025
3730
4620
5231
5682
5616
5793
5621
5982
5988
5931
5992
5293
4749
4385
3958
3776
3186
2493
1831
1375
841
497
-37
-509
-1042
-1641
-1738
-1727
-1729
-1599
-1773
-1800
-1710
-1803
-1320
-809
-63
519
941
1475
2374
3123
3705
3980
3624
4017
3280
4048
3633
2362
2990
2169
2731
2691
1494
481
-689
-2294
-2405
-2554
-3335
-3256
-4534
-6114
-6124
-7307
-7785
-7417
-8561
-8213
-8248
-8745
-7781
-7675
-7663
-6548
-6878
-5491
-3978
-3714
-2638
-2226
-1893
-471
393
1514
2976
2704
3299
3748
3695
4783
5327
5409
5842
5578
5438
5637
5175
5333
5106
4099
3716
3143
2700
2556
1808
1252
636
-48
-75
-645
-873
-917
-1417
-1762
-1634
-1737
-1134
-970
-974
-531
-781
-366
237
652
1775
2538
2911
3718
4570
5186
5853
5835
5493
5468
4637
5423
4016
3536
3612
2802
3176
2182
974
-112
-1664
-2966
-3099
-4124
-4418
-4669
-6183
-6834
-7275
-8749
-8659
-9031
-9297
-8718
-9024
-8525
-7658
-7886
-7095
-6691
-5999
-4099
-3002
-2206
-1229
-838
-87
1036
1918
3393
3936
3967
4512
4552
4740
5612
5599
5952
6058
5660
5576
5101
4678
4722
3852
3081
2701
1900
1665
1146
397
-102
-799
-1204
-1136
-1493
-1583
-1921
-1662
-1637
-2236
-1517
-1008
-462
-441
-468
350
292
974
1610
2752
3297
4131
4799
5523
6372
5860
6316
5758
5398
5396
5280
3845
3728
1933
1666
2558
853
46
-1131
-3139
-3781
-5093
-6302
-5319
-6404
-7380
-7610
-8605
-8983
-9189
-10779
-9637
-9425
-9655
-8166
-8000
-6827
-6087
-6967
-5495
-3767
-2745
-785
-419
509
1793
1745
2738
4105
4389
5288
5393
5300
6370
6398
6332
6990
6329
6316
6199
5563
5782
5406
4449
3940
2786
2086
2163
1634
1275
576
-306
-633
-1069
-1394
-1127
-1135
-1066
-1058
-1160
-769
-390
-153
278
293
598
755
1189
1920
2202
3104
3471
3492
3809
4774
5389
4627
3780
3816
3739
3397
2683
2575
1526
989
1211
455
-151
-1554
-2416
-2785
-4388
-5113
-5057
-5562
-5559
-6337
-7125
-7433
-8072
-8842
-8897
-8932
-8725
-8142
-7779
-7070
-6777
-6727
-6032
-5416
-4439
-3186
-2391
-1205
-314
444
1176
1610
1992
2383
2591
3317
3944
4441
4920
4884
4917
4901
4598
4339
4263
4705
4913
4560
4283
3936
3723
3211
2897
2670
2693
2928
2916
2496
2298
2414
2074
1029
1013
1040
765
853
389
185
-181
-775
-607
-236
-656
-1024
-778
-407
-52
-45
-588
-122
280
204
680
691
546
689
965
916
737
403
547
921
950
742
320
-29
-324
-724
-1077
-1418
-1769
-2078
-2345
-2555
-2955
-3089
-3143
-3246
-3450
-3820
-3857
-3734
-3359
-3063
-2750
-2411
-2194
-2073
-1994
-1959
-1698
-1173
-648
26
397
682
857
839
870
838
749
825
957
1215
1362
1360
1070
712
370
244
174
-35
-82
-279
-67
91
-87
-163
-626
-899
-850
-791
-671
-604
-533
-465
-360
-358
-304
-228
-182
76
397
755
1115
1262
1388
1600
1551
1407
1687
1877
2144
2291
2390
2575
2379
2408
2542
2685
2826
2882
2872
2742
2503
2086
1551
1031
886
1087
1277
1101
744
208
-211
-552
-997
-1250
-1475
-1491
-1292
-928
-676
-628
-1039
-1565
-1968
-2370
-2433
-2356
-1932
-1448
-1038
-787
-917
-1188
-1476
-1647
-1531
-1279
-812
-183
470
745
421
-330
-1261
-1796
-2008
-1769
-1363
-1126
-993
-555
-406
-1127
-1749
-2177
-2233
-1751
-1784
-1341
-552
-117
5
-539
-1424
-1826
-1277
-685
148
526
586
1078
1127
1182
787
279
-105
-296
616
1037
1392
1852
1299
862
264
-68
78
-100
-112
265
1234
1659
1909
1571
1055
1288
1522
1686
1931
2176
2671
2780
2686
2014
1596
1923
2563
3209
3165
2774
2344
2208
1929
1530
978
598
596
806
918
637
-87
-1000
-1597
-2028
-2375
-2538
-2303
-1935
-1685
-1879
-2241
-2628
-2909
-3043
-3005
-2678
-2252
-1725
-1295
-1099
-1232
-1657
-2023
-1991
-1794
-1454
-1272
-1222
-1149
-1189
-1224
-1194
-1077
-1162
-1002
-932
-591
-613
-895
-714
-597
-387
-200
-35
28
192
356
273
-387
-1310
-1433
-804
-102
-60
-9
-185
-417
-448
-586
-790
-1138
-896
-586
347
776
744
1541
1592
1670
1905
1825
2574
3483
3988
4498
5123
5363
5909
6193
5507
4399
2477
1365
1641
2860
3771
4097
3425
2369
1185
-40
-1535
-3061
-3952
-3815
-3016
-2280
-2141
-2690
-3558
-4735
-5920
-6796
-6901
-6014
-4605
-3337
-2596
-2374
-2053
-1586
-1334
-1487
-1688
-1541
-690
497
1840
2772
3139
3067
2639
2104
1412
699
249
509
1042
1850
2290
2441
2057
1097
-199
-1719
-2617
-2750
-1928
-939
-385
-128
-268
-658
-1222
-1991
-2593
-2991
-2795
-2043
-1008
-32
542
793
556
282
-63
-433
-461
-229
1077
2251
3383
4443
4954
5456
5241
4728
4303
4528
4968
5996
7400
8100
8609
7919
6827
4602
1501
-714
-1364
-264
695
1653
1186
479
-774
-2915
-5236
-7808
-9072
-8970
-7569
-5817
-4624
-4337
-4792
-5334
-6017
-6822
-6987
-6542
-5099
-3317
-1570
210
1735
2857
3074
2519
1721
1287
1552
2511
3655
4423
4749
4819
4765
4206
2752
989
-425
-1119
-1168
-1140
-986
-767
-861
-1220
-2197
-3386
-4565
-5261
-5322
-5127
-4794
-4266
-3315
-2189
-1435
-1579
-2246
-2788
-2718
-2083
-979
111
1346
2401
3368
4078
4117
3935
3670
3942
4570
5552
6586
7678
8697
9331
9477
9166
8619
8215
7346
6733
5982
4774
3004
1228
471
800
961
330
-998
-2536
-3892
-5291
-6451
-7656
-8273
-8345
-7516
-6302
-5535
-5556
-6079
-6155
-6076
-5905
-5663
-4832
-3318
-1705
-486
808
1957
2935
3443
3294
3179
2815
2822
3172
3673
3831
3433
2953
2508
1857
714
-730
-1984
-3152
-4136
-4873
-4966
-4362
-4163
-4130
-4790
-5488
-6155
-6646
-6530
-6406
-6210
-5860
-4801
-3445
-2238
-1525
-1236
-791
-331
154
870
1679
2699
3760
4592
5850
6564
7534
7900
8375
8617
8646
8882
9179
10006
10744
11421
11275
10871
9569
8833
5977
3511
-213
-1611
-1567
-1096
-93
-1293
-1783
-3749
-5000
-7141
-9212
-11047
-11893
-11255
-9881
-8558
-7622
-6809
-5673
-5013
-5239
-5657
-6071
-5086
-4120
-2437
-850
1073
2972
4556
5315
5320
4607
3722
3305
2698
2386
1718
1886
2144
2454
1982
1053
-36
-1527
-2921
-4635
-5416
-5661
-5310
-4746
-4437
-4290
-4361
-4392
-4341
-4592
-5016
-5323
-4981
-3960
-2992
-2009
-1100
104
1181
1984
2442
2582
2668
2963
3369
4263
4891
5906
6939
7930
8919
8875
9394
9117
9659
9574
9208
8909
7743
7862
6577
4860
2196
-848
-1203
-1750
-1199
-1843
-3329
-4025
-5357
-5782
-7147
-8498
-9512
-9855
-9188
-8613
-8175
-7843
-6856
-5347
-4239
-3711
-3527
-2838
-1842
-1011
-318
631
1795
3429
4652
5329
5711
5151
5171
4494
3694
2540
1136
829
457
209
-336
-1112
-1527
-2325
-3240
-4120
-4731
-4786
-4801
-4813
-5086
-5448
-5559
-5149
-4386
-3938
-3833
-3659
-3163
-2435
-1916
-1445
-811
76
1011
1850
2611
3289
4145
4812
5526
5851
6126
6416
6885
7617
8299
9043
9766
10307
10975
10744
10332
9181
7914
6764
3879
1664
-1633
-2025
-2282
-2094
-2036
-3519
-3653
-5100
-5806
-7298
-8967
-10104
-10787
-10725
-10377
-10091
-9418
-7963
-6230
-4976
-4421
-4234
-3634
-2949
-2373
-1809
-1037
140
1458
2754
3751
4662
5029
5454
4915
3959
2298
911
205
-347
-706
-1494
-1687
-1814
-1933
-2375
-2918
-3151
-3159
-3359
-3651
-4212
-4778
-4946
-4752
-3997
-3536
-3084
-2446
-1617
-739
-368
-1
450
929
1227
1399
1732
2501
3512
4569
5456
6084
6617
7137
7848
8280
8651
8818
9202
9753
10043
10318
10032
9691
9233
6948
4744
1000
-871
-1435
-2380
-2136
-3681
-3857
-4108
-4373
-4876
-6185
-7692
-8559
-9163
-9628
-9719
-9981
-8702
-7106
-5712
-4655
-4141
-2950
-1885
-1275
-1015
-858
-170
452
1223
1619
2505
3432
4432
4940
4328
3077
1856
1121
557
-305
-1746
-2521
-3109
-3057
-3309
-3584
-3247
-3021
-2506
-2580
-2815
-3228
-3787
-3951
-4125
-4257
-4368
-4044
-3105
-2000
-1066
-271
618
1296
1441
1276
1255
1579
1911
2228
2741
3317
4344
5147
6270
7228
7868
8608
8730
9334
9295
9389
9297
8734
8595
6682
4811
2460
437
388
-780
-1127
-2194
-3326
-3271
-3885
-4236
-5053
-6285
-6913
-7261
-7756
-7611
-7824
-7076
-5791
-5057
-4168
-3697
-2625
-1152
-311
212
752
1073
1894
1967
2039
2608
3086
4284
4412
4072
3312
2335
1864
1082
3
-1288
-2390
-2836
-3037
-3331
-3527
-3399
-2995
-2538
-2519
-2522
-2570
-2739
-2783
-3036
-3201
-3413
-3446
-3004
-2482
-1822
-1053
-118
808
1289
1524
1793
2205
2568
2631
2440
2540
2802
3428
4216
5112
6128
6993
7895
8599
8949
9040
8854
8157
7533
5437
3053
795
-1351
-1190
-2122
-2443
-2994
-3956
-3481
-3816
-4116
-4815
-6114
-6921
-7373
-8050
-7916
-7957
-7290
-5838
-4987
-3632
-2519
-1228
363
1074
1440
1889
1997
2596
2655
2703
3268
3639
4507
4849
4554
4087
3270
2709
1918
537
-822
-2083
-2866
-3410
-3916
-4132
-3696
-3202
-2476
-2091
-1810
-1602
-1790
-1815
-2108
-2364
-2785
-2880
-2518
-1884
-1136
-368
623
1568
2269
2909
3408
3806
3860
3739
3710
3751
4000
4207
4779
5247
6096
6879
7755
8745
8670
9071
8533
7943
7208
3990
1711
-1235
-2811
-2827
-4474
-4568
-5200
-5154
-4099
-4344
-4607
-5096
-6366
-6746
-7660
-8743
-8497
-8622
-7312
-6073
-5342
-3509
-2020
44
1517
1910
2522
2713
3000
2821
2547
2257
2720
3205
3725
3967
3654
3725
3290
2601
1326
-189
-1561
-2481
-3429
-4007
-4533
-4499
-3854
-3242
-2307
-1623
-993
-621
-544
-480
-651
-1087
-1506
-1722
-1494
-959
-240
681
1740
2782
3783
4618
5160
5426
5348
5105
4681
4426
4311
4658
5032
5513
6302
6776
7765
7855
7976
7991
7150
6879
4427
1830
-588
-2852
-3016
-4369
-5301
-5899
-6305
-5513
-5189
-5373
-5311
-5851
-6291
-6514
-7592
-7616
-7591
-7122
-5898
-5523
-4222
-2648
-914
1174
2040
3104
3719
4086
4151
3897
3625
3373
3400
3071
3311
3010
3055
3006
2530
2068
808
-274
-1490
-2537
-3537
-4362
-4845
-4910
-4462
-3811
-2791
-2030
-1365
-976
-594
-259
-423
-765
-1271
-1335
-1294
-1158
-632
78
1131
2211
3288
4353
5188
5728
6012
5841
5462
5003
4950
5102
5384
5744
6553
7129
7797
7495
7755
7676
6917
5136
1753
-42
-2096
-2649
-4160
-5231
-5856
-6139
-5810
-5873
-5685
-5843
-5644
-5876
-5941
-6505
-6670
-6497
-6273
-5931
-5633
-4776
-3389
-1822
-317
1093
2231
3209
3701
3878
4014
3648
3454
2927
2427
2157
1678
1646
1304
955
512
-40
-670
-1296
-2000
-2579
-3001
-3597
-3645
-3501
-2991
-2341
-2044
-1565
-1059
-379
315
539
599
560
417
342
256
402
856
1340
2090
2840
3630
4641
5443
6129
6278
6095
5913
5746
5646
5658
5739
5982
6053
5913
5857
6134
5918
5170
2987
1132
-390
-1666
-2718
-4462
-5363
-6268
-6576
-6752
-6807
-6701
-6371
-6325
-6259
-6349
-6447
-6060
-6004
-5831
-5891
-5709
-4803
-3827
-2726
-1685
-655
388
1255
1768
2384
2559
2511
2447
1766
1682
1108
777
365
-306
-649
-1013
-1255
-1200
-1204
-1302
-1321
-1753
-1647
-1552
-1290
-849
-638
-235
193
784
1490
1968
2267
2427
2551
2505
2416
2463
2672
2893
3020
3245
3759
4348
5023
5567
5867
6155
6122
6192
6130
6115
6246
6352
6201
5869
5393
5422
5498
4553
2576
639
-738
-1418
-2591
-4174
-4958
-5786
-5796
-6110
-6350
-6077
-6018
-5812
-5813
-6144
-5980
-5661
-5519
-5340
-5790
-5659
-4753
-3815
-2710
-2141
-1408
-357
374
933
1291
1330
1486
1240
721
510
-38
-46
-449
-1025
-1413
-1905
-2034
-2104
-1993
-1745
-1619
-1636
-1534
-1300
-832
-398
-176
-124
36
559
1329
1819
2074
2314
2636
2901
3067
3260
3466
3589
3477
3554
3748
4070
4537
4770
5073
5275
5482
5843
5952
5949
6107
6047
6054
5478
5088
5023
4278
3684
1595
573
-539
-1389
-1937
-3373
-3892
-4643
-5054
-5198
-5433
-5532
-5310
-5633
-5641
-5848
-5784
-5165
-5082
-4850
-4891
-4634
-3921
-3224
-2588
-2019
-1507
-919
-348
-57
417
362
388
273
51
108
-268
-393
-881
-1244
-1511
-1778
-1909
-2122
-2136
-2018
-1928
-1772
-1521
-1158
-616
-237
109
268
426
826
1203
1501
1652
1765
1884
2022
2246
2580
2965
3181
3324
3521
3822
4227
4494
4799
4878
4916
5075
5228
5665
5827
6157
6190
6091
5716
5494
5199
4501
3606
1600
607
-761
-1422
-2210
-3515
-3948
-4754
-5061
-5228
-5461
-5346
-5237
-5575
-5453
-5691
-5421
-4964
-5090
-4881
-5023
-4842
-4091
-3582
-2833
-2277
-1866
-1042
-707
-168
76
-31
-111
-492
-874
-1118
-1324
-1415
-1708
-2051
-2268
-2423
-2335
-2299
-2063
-1920
-1716
-1556
-1299
-823
-348
201
592
915
1219
1575
2014
2381
2514
2560
2531
2573
2679
2885
3154
3269
3360
3469
3755
4091
4404
4563
4632
4707
4699
4900
5045
5206
5375
5398
5382
5302
5225
5111
4816
4148
2753
1444
362
-427
-1120
-2337
-3023
-3796
-4133
-4293
-4437
-4258
-4289
-4395
-4440
-4549
-4347
-4075
-4155
-4342
-4580
-4427
-4012
-3580
-3166
-2745
-2369
-1898
-1548
-1309
-1028
-1038
-1057
-1352
-1832
-2029
-2297
-2382
-2712
-3100
-3294
-3417
-3202
-2977
-2686
-2392
-2123
-1786
-1357
-930
-479
-15
443
801
1126
1569
2146
2632
2905
3052
3065
3076
3017
3147
3174
3141
3126
3212
3541
3742
4075
4224
4327
4414
4450
4643
4714
4858
4939
5025
4873
4900
4980
5248
4923
4444
3387
2144
1376
361
-23
-1043
-1755
-2279
-2728
-2722
-2716
-2591
-2422
-2562
-2506
-2381
-2241
-1893
-2054
-2326
-2680
-2823
-2645
-2469
-2327
-1959
-1677
-1333
-994
-749
-522
-594
-902
-1339
-1962
-2487
-2876
-3312
-3702
-4199
-4498
-4662
-4532
-4178
-3770
-3417
-3170
-2845
-2387
-2005
-1540
-1275
-1115
-899
-699
-198
144
633
1064
1345
1560
1720
2006
2158
2191
2050
1889
1814
1876
2170
2325
2462
2687
2831
3064
3249
3572
3795
3918
3942
4004
4034
4238
4465
4499
4280
3804
3045
2031
1222
513
39
-860
-1497
-2068
-2237
-2058
-1991
-1755
-1780
-1654
-1464
-1336
-1111
-1025
-1173
-1309
-1618
-1621
-1569
-1357
-1096
-970
-728
-463
-86
123
162
73
-234
-624
-1134
-1650
-2090
-2631
-3153
-3819
-4333
-4480
-4400
-4145
-3946
-3711
-3332
-2897
-2336
-1890
-1556
-1353
-1260
-1119
-1016
-778
-444
13
368
624
940
1346
1769
2008
2158
2163
2071
2039
2079
2233
2249
2292
2471
2595
2814
3075
3389
3581
3654
3690
3776
3916
4057
4233
4083
3902
3530
2593
1682
741
157
-557
-1534
-2164
-2603
-2581
-2491
-2477
-2282
-2151
-1853
-1522
-1299
-998
-966
-1039
-1260
-1514
-1563
-1563
-1439
-1262
-1086
-692
-173
432
838
1046
1018
812
551
73
-379
-960
-1499
-2244
-2976
-3434
-3632
-3560
-3440
-3227
-2875
-2477
-1963
-1431
-1141
-870
-814
-756
-857
-938
-798
-692
-429
-244
58
501
979
1544
1911
2202
2407
2525
2646
2625
2647
2529
2473
2418
2410
2586
2727
3023
3122
3278
3497
3656
3889
3918
3870
3681
3385
2924
1940
990
225
-491
-1282
-2215
-2865
-3161
-3238
-3273
-3300
-3232
-3033
-2672
-2338
-2024
-1681
-1433
-1304
-1438
-1517
-1523
-1448
-1302
-1239
-1001
-636
-52
559
1079
1575
1826
1971
1814
1516
1147
631
-1
-846
-1572
-2058
-2337
-2408
-2357
-2134
-1883
-1590
-1121
-724
-378
-206
-195
-302
-586
-711
-729
-684
-704
-717
-487
-120
332
798
1217
1644
1981
2242
2459
2543
2620
2548
2416
2285
2184
2313
2438
2547
2677
2817
3003
3182
3359
3358
3247
3125
2849
2343
1454
622
-197
-1019
-1903
-2768
-3376
-3830
-3993
-4045
-3993
-3773
-3588
-3294
-2994
-2617
-2155
-1969
-1861
-1907
-1926
-1857
-1794
-1708
-1539
-1332
-961
-494
-9
606
1110
1490
1643
1644
1568
1333
944
329
-382
-1059
-1591
-2011
-2284
-2334
-2224
-2081
-1806
-1412
-920
-458
-172
39
69
68
130
167
148
72
91
214
376
645
1003
1372
1710
2038
2339
2633
2874
3082
3210
3160
3115
3007
2956
2878
2771
2675
2474
2350
2166
2115
2087
1994
1735
972
152
-612
-1251
-1927
-2781
-3482
-4090
-4469
-4687
-4755
-4580
-4426
-4160
-4011
-3767
-3244
-2744
-2307
-2121
-1942
-1698
-1456
-1212
-1107
-1019
-961
-777
-503
-178
270
647
933
1116
1249
1387
1401
1220
780
218
-308
-765
-1151
-1445
-1579
-1694
-1668
-1424
-936
-322
265
862
1261
1495
1732
1938
2120
2078
1951
1862
1740
1735
1826
2030
2244
2502
2813
3097
3404
3705
3896
3950
3945
3879
3719
3514
3267
3000
2707
2433
2155
1879
1791
1690
1664
1382
862
310
-273
-820
-1583
-2396
-3173
-3808
-4278
-4667
-4848
-4887
-4809
-4595
-4363
-3926
-3364
-2806
-2410
-2207
-2015
-1819
-1625
-1442
-1352
-1358
-1342
-1255
-1125
-903
-600
-320
-123
52
276
476
594
559
324
-39
-459
-841
-1214
-1498
-1742
-1953
-2021
-1917
-1509
-1022
-469
210
747
1198
1574
1913
2168
2257
2273
2199
2127
2072
2051
2099
2215
2452
2713
3042
3407
3773
4131
4370
4505
4518
4520
4409
4160
3825
3437
3097
2852
2600
2397
2145
1897
1705
1227
723
208
-288
-863
-1627
-2375
-3093
-3668
-4089
-4486
-4742
-4925
-4865
-4633
-4310
-3795
-3259
-2739
-2358
-2050
-1808
-1601
-1449
-1396
-1434
-1492
-1503
-1490
-1342
-1142
-899
-670
-486
-264
-71
70
80
-70
-321
-675
-1100
-1525
-1933
-2237
-2502
-2691
-2650
-2490
-2154
-1701
-1185
-596
-65
494
960
1323
1567
1687
1762
1731
1673
1607
1572
1590
1765
2020
2361
2729
3111
3521
3853
4186
4348
4427
4410
4296
4111
3791
3495
3183
2891
2574
2280
2006
1710
1459
1144
707
246
-201
-642
-1178
-1795
-2372
-2961
-3430
-3782
-4064
-4195
-4195
-4065
-3757
-3349
-2857
-2356
-1973
-1630
-1300
-1018
-860
-841
-880
-980
-1126
-1190
-1178
-1092
-952
-817
-670
-500
-251
-73
-11
-64
-263
-533
-865
-1186
-1449
-1733
-2021
-2214
-2268
-2182
-1958
-1586
-1158
-686
-191
288
786
1204
1545
1721
1789
1799
1727
1715
1686
1691
1737
1860
2109
2390
2705
3061
3415
3710
3980
4175
4302
4282
4113
3901
3592
3277
2924
2586
2255
1939
1655
1365
1069
715
340
-59
-472
-914
-1388
-1829
-2298
-2725
-3147
-3490
-3715
-3873
-3839
-3721
-3487
-3148
-2812
-2463
-2119
-1745
-1451
-1301
-1195
-1149
-1178
-1190
-1248
-1258
-1262
-1253
-1160
-1099
-940
-790
-623
-510
-512
-581
-711
-825
-995
-1182
-1401
-1546
-1628
-1690
-1598
-1437
-1174
-868
-529
-132
244
621
970
1268
1518
1700
1794
1831
1856
1868
1847
1849
1908
2022
2159
2382
2682
2939
3203
3471
3694
3842
3890
3890
3780
3529
3274
2978
2673
2345
2023
1736
1420
1107
807
495
135
-242
-618
-1000
-1357
-1747
-2162
-2504
-2799
-3065
-3250
-3383
-3359
-3275
-3137
-2934
-2678
-2379
-2113
-1869
-1707
-1570
-1419
-1285
-1192
-1150
-1134
-1152
-1146
-1096
-1099
-1074
-1035
-951
-869
-870
-861
-875
-889
-956
-1099
-1195
-1300
-1384
-1384
-1352
-1295
-1192
-1017
-762
-506
-226
129
456
723
924
1041
1153
1191
1224
1252
1223
1240
1241
1308
1435
1586
1779
1993
2215
2441
2614
2798
2942
2984
2979
2884
2733
2518
2281
2113
1951
1723
1514
1334
1223
1075
867
627
377
95
-209
-534
-881
-1196
-1518
-1743
-1948
-2106
-2164
-2186
-2155
-2065
-1943
-1753
-1584
-1427
-1302
-1245
-1177
-1177
-1173
-1183
-1254
-1333
-1391
-1451
-1468
-1454
-1438
-1423
-1399
-1370
-1341
-1279
-1227
-1177
-1167
-1162
-1124
-1066
-1001
-946
-857
-794
-704
-589
-455
-228
38
303
542
800
1009
1155
1234
1238
1229
1181
1111
1068
1016
991
985
1048
1129
1231
1388
1537
1721
1820
1856
1914
1925
1844
1714
1613
1501
1384
1293
1221
1181
1104
1049
1035
976
863
706
527
281
12
-262
-509
-734
-955
-1120
-1264
-1332
-1398
-1429
-1406
-1356
-1311
-1290
-1248
-1211
-1189
-1186
-1187
-1195
-1240
-1306
-1357
-1393
-1446
-1453
-1465
-1477
-1480
-1489
-1423
-1328
-1224
-1132
-1023
-896
-755
-600
-471
-350
-251
-170
-93
-33
48
155
278
430
587
773
944
1095
1207
1268
1310
1286
1215
1114
985
882
767
681
630
599
594
629
701
769
854
926
996
1005
998
964
949
947
941
997
1012
1009
980
1000
1006
969
936
869
780
637
503
404
266
116
-41
-199
-362
-519
-629
-761
-910
-1041
-1190
-1310
-1408
-1479
-1516
-1565
-1590
-1597
-1585
-1543
-1494
-1460
-1478
-1519
-1555
-1624
-1668
-1693
-1678
-1638
-1570
-1457
-1280
-1033
-797
-556
-322
-92
113
262
388
453
516
594
647
692
738
805
895
989
1060
1140
1179
1189
1176
1117
1035
933
810
686
552
451
365
313
279
241
220
217
232
286
352
405
470
547
636
746
854
944
992
1040
1058
1040
988
895
833
764
671
578
527
477
437
412
367
280
177
49
-130
-343
-610
-864
-1087
-1289
-1440
-1562
-1581
-1613
-1622
-1546
-1470
-1377
-1336
-1309
-1293
-1296
-1296
-1317
-1313
-1326
-1325
-1271
-1172
-1002
-786
-509
-242
3
230
402
592
718
786
819
834
839
816
816
832
830
809
789
782
773
742
721
660
541
464
382
293
223
138
108
73
19
7
22
53
110
136
203
277
368
500
588
683
773
863
926
963
967
951
917
837
730
612
520
423
327
256
154
99
21
-51
-125
-272
-454
-654
-847
-999
-1131
-1238
-1322
-1404
-1386
-1328
-1248
-1168
-1108
-1059
-1044
-1066
-1060
-1071
-1112
-1154
-1167
-1127
-1023
-849
-673
-481
-296
-87
143
338
483
567
614
639
660
668
684
727
729
724
734
754
758
738
743
731
664
585
505
432
344
232
162
78
-12
-53
-53
-35
-22
-33
-37
-18
38
81
124
177
214
267
286
299
316
309
301
270
217
156
92
32
-43
-105
-141
-167
-196
-221
-276
-329
-386
-479
-595
-711
-834
-929
-1007
-1046
-1026
-965
-856
-722
-568
-434
-321
-210
-151
-124
-133
-189
-258
-298
-316
-290
-196
-58
80
230
428
649
844
1009
1111
1154
1158
1105
1092
1073
1030
994
940
894
880
905
946
977
973
945
923
856
757
665
566
429
263
136
26
-56
-114
-187
-215
-224
-258
-251
-244
-249
-208
-149
-106
-114
-110
-99
-129
-169
-223
-278
-330
-397
-462
-503
-544
-556
-550
-532
-487
-470
-452
-478
-482
-503
-570
-610
-700
-773
-831
-839
-791
-729
-627
-554
-466
-369
-283
-174
-102
-89
-108
-151
-194
-205
-196
-168
-114
-61
38
151
269
407
535
653
722
770
775
782
785
766
746
729
727
734
766
794
810
817
812
827
781
718
676
588
494
370
277
200
102
13
-52
-113
-167
-175
-169
-160
-158
-162
-133
-114
-97
-70
-53
-46
-112
-149
-169
-189
-213
-251
-261
-292
-310
-289
-259
-226
-230
-237
-254
-272
-267
-300
-342
-418
-486
-534
-585
-612
-607
-545
-516
-470
-422
-363
-303
-261
-220
-208
-172
-136
-126
-109
-87
-58
-17
66
176
303
433
572
702
789
856
918
947
931
887
852
826
803
807
833
852
878
883
863
867
819
754
685
563
437
327
208
75
-52
-158
-276
-366
-426
-452
-462
-489
-512
-527
-505
-521
-514
-493
-525
-551
-589
-639
-683
-741
-776
-785
-764
-754
-734
-678
-642
-583
-522
-490
-452
-437
-437
-444
-481
-515
-546
-559
-588
-626
-618
-596
-566
-498
-447
-404
-331
-309
-286
-243
-202
-144
-123
-86
-71
-43
63
146
255
375
492
604
711
830
957
1030
1079
1099
1093
1086
1067
1040
1013
978
920
888
856
834
827
820
796
749
714
663
601
509
382
269
164
59
-38
-119
-173
-229
-261
-254
-254
-253
-234
-220
-231
-250
-250
-280
-329
-396
-470
-530
-606
-666
-679
-698
-717
-711
-703
-680
-662
-642
-625
-630
-668
-685
-710
-733
-766
-795
-787
-808
-817
-807
-786
-760
-738
-714
-663
-644
-609
-530
-449
-357
-269
-171
-77
19
132
252
396
509
604
694
800
921
992
1044
1087
1132
1161
1184
1207
1214
1199
1184
1181
1138
1110
1070
1032
970
910
869
826
768
687
629
562
473
409
349
284
232
177
153
125
108
70
56
38
-8
-29
-59
-113
-197
-281
-372
-472
-555
-611
-648
-676
-693
-697
-724
-736
-727
-734
-765
-823
-865
-926
-992
-1049
-1087
-1114
-1132
-1152
-1173
-1159
-1143
-1100
-1045
-1015
-995
-955
-895
-832
-752
-694
-614
-528
-437
-319
-177
-11
122
250
395
521
646
769
877
970
1043
1113
1163
1199
1227
1238
1216
1173
1135
1128
1085
1027
969
937
915
879
863
816
798
756
689
629
568
497
418
341
258
178
132
91
68
25
-14
-27
-63
-98
-119
-145
-218
-299
-389
-457
-539
-628
-675
-705
-748
-795
-809
-810
-819
-832
-850
-891
-931
-964
-1004
-1051
-1097
-1126
-1155
-1182
-1208
-1238
-1233
-1222
-1223
-1190
-1155
-1106
-1026
-959
-868
-752
-650
-534
-391
-266
-163
-36
105
220
329
450
565
683
774
869
983
1065
1131
1178
1229
1268
1285
1305
1309
1275
1235
1174
1131
1064
996
975
936
904
863
834
811
772
733
659
607
537
443
380
301
202
118
69
-3
-71
-108
-126
-143
-184
-212
-231
-271
-337
-380
-403
-437
-475
-497
-526
-561
-586
-610
-630
-674
-714
-751
-772
-811
-831
-839
-855
-868
-876
-858
-854
-869
-902
-918
-921
-906
-888
-855
-805
-754
-654
-544
-418
-275
-143
-8
98
221
338
456
570
663
731
788
850
910
960
1009
1032
1057
1110
1140
1138
1125
1119
1105
1073
1046
1015
976
930
907
866
821
796
771
734
675
634
600
534
442
382
308
254
186
151
112
71
38
-27
-51
-84
-122
-191
-226
-266
-308
-329
-373
-395
-418
-430
-436
-477
-521
-546
-554
-569
-583
-609
-629
-654
-690
-691
-699
-726
-759
-790
-814
-844
-852
-850
-853
-857
-833
-777
-719
-646
-560
-459
-379
-302
-213
-133
-57
16
85
147
200
260
328
390
461
542
595
665
708
739
781
801
812
822
824
840
845
827
809
816
829
832
830
834
825
808
806
804
771
725
650
584
543
468
397
359
300
214
155
112
66
17
-31
-72
-119
-170
-228
-248
-276
-344
-402
-456
-509
-557
-592
-606
-608
-625
-627
-631
-648
-648
-639
-627
-636
-663
-689
-722
-745
-759
-766
-774
-776
-757
-717
-661
-610
-541
-478
-430
-395
-354
-290
-233
-220
-207
-188
-157
-142
-123
-99
-85
-68
-24
36
70
115
141
206
260
285
322
363
371
369
384
408
419
431
444
453
459
460
474
486
517
510
514
497
482
451
413
387
321
270
217
174
125
88
89
69
61
49
44
38
31
24
-5
-37
-70
-104
-125
-168
-191
-192
-205
-213
-203
-184
-167
-150
-136
-113
-106
-123
-125
-138
-161
-170
-186
-186
-190
-198
-184
-161
-148
-129
-99
-49
-40
-37
-14
7
7
17
20
3
-13
-35
-42
-56
-65
-51
-20
2
22
62
128
188
232
250
285
310
315
322
339
320
307
300
290
299
282
287
293
295
287
300
304
263
219
186
172
101
37
-4
-37
-66
-95
-116
-139
-146
-139
-136
-136
-142
-146
-145
-168
-194
-213
-228
-249
-268
-283
-303
-290
-257
-236
-214
-187
-152
-137
-111
-103
-110
-111
-103
-94
-85
-80
-66
-22
-6
30
71
98
107
138
165
172
167
190
180
150
160
154
157
145
141
132
132
130
128
158
181
194
209
237
264
260
270
275
252
226
203
185
148
103
86
68
35
10
5
2
-15
-44
-64
-80
-138
-174
-207
-221
-250
-270
-277
-301
-287
-287
-271
-270
-259
-258
-253
-240
-237
-230
-220
-198
-227
-241
-235
-233
-238
-244
-232
-247
-263
-263
-240
-230
-251
-236
-228
-241
-269
-261
-242
-241
-224
-185
-165
-149
-122
-87
-72
-64
-52
-50
-46
-53
-49
-55
-41
-49
-35
-20
-20
-4
14
38
61
78
94
107
116
123
118
111
97
93
74
53
43
1
-36
-60
-79
-110
-133
-138
-162
-193
-221
-229
-260
-285
-310
-335
-356
-362
-353
-353
-330
-304
-291
-273
-244
-206
-186
-165
-132
-117
-103
-99
-94
-93
-95
-72
-53
-29
-3
7
21
33
60
66
82
99
106
128
130
129
133
147
152
172
195
223
273
302
332
384
414
420
432
453
452
431
428
422
413
406
413
410
404
396
410
419
422
448
445
438
429
427
414
388
332
283
224
177
133
74
40
0
-37
-82
-99
-119
-152
-185
-226
-261
-313
-350
-383
-437
-474
-495
-500
-507
-514
-468
-437
-433
-397
-353
-317
-290
-270
-237
-224
-236
-250
-241
-242
-258
-257
-251
-235
-207
-183
-163
-116
-102
-53
-2
15
64
92
106
124
128
145
175
188
215
240
276
297
330
371
406
421
429
445
438
437
448
449
449
442
418
421
409
407
421
442
436
421
421
443
447
429
405
378
342
296
260
209
148
81
41
1
-51
-87
-104
-128
-160
-179
-174
-196
-249
-291
-289
-302
-326
-329
-338
-334
-359
-363
-352
-336
-330
-314
-302
-291
-298
-283
-280
-307
-330
-336
-347
-364
-368
-355
-343
-322
-339
-545
-563
-402
-356
-316
-173
-80
-149
-99
68
52
5
-80
-29
132
189
257
208
164
131
110
224
232
147
122
203
323
387
433
360
276
308
352
367
373
377
337
355
435
439
357
289
256
242
241
256
231
180
167
157
134
62
-26
-105
-185
-209
-208
-208
-224
-257
-260
-226
-246
-298
-325
-357
-376
-370
-356
-380
-410
-450
-474
-475
-510
-558
-565
-577
-564
-546
-555
-577
-592
-592
-588
-565
-544
-524
-487
-429
-363
-305
-241
-205
-173
-112
-77
-16
54
100
163
232
292
335
356
384
385
394
404
427
440
448
465
496
514
526
538
536
550
552
564
572
557
532
509
501
484
465
435
410
398
390
378
371
344
307
275
248
222
176
135
128
112
89
80
66
48
22
14
-5
-28
-70
-98
-108
-125
-161
-180
-190
-229
-262
-271
-285
-317
-346
-360
-357
-397
-406
-387
-400
-388
-373
-349
-330
-303
-272
-242
-218
-193
-132
-73
-29
-6
57
110
155
212
259
296
323
351
385
395
414
418
415
404
397
397
405
398
393
393
395
375
355
358
364
345
317
308
298
270
241
234
225
199
183
203
195
193
198
190
165
138
145
129
104
92
80
69
34
1
2
-29
-69
-76
-90
-122
-164
-191
-219
-282
-341
-380
-420
-461
-510
-525
-546
-574
-577
-580
-571
-578
-583
-554
-532
-532
-489
-433
-395
-351
-298
-248
-202
-158
-116
-58
17
50
96
156
206
239
284
348
389
398
401
415
409
413
413
411
407
408
415
410
383
381
375
357
325
306
306
294
264
239
237
220
195
191
204
199
174
177
194
172
148
158
163
157
151
155
161
140
107
110
89
32
11
-12
-47
-76
-120
-145
-168
-211
-258
-291
-343
-393
-453
-487
-522
-575
-613
-638
-655
-683
-702
-703
-699
-700
-685
-675
-650
-632
-610
-582
-539
-502
-458
-406
-360
-296
-243
-187
-134
-80
-34
8
34
59
77
90
119
127
137
145
147
166
163
164
173
181
179
179
189
198
205
207
216
217
207
205
214
218
232
247
282
310
318
336
345
366
389
418
441
431
437
436
434
432
425
416
406
390
370
345
318
293
255
212
161
111
51
-4
-53
-114
-172
-223
-271
-319
-357
-402
-417
-430
-456
-451
-446
-433
-395
-379
-356
-327
-313
-289
-268
-232
-201
-173
-143
-99
-39
-8
27
72
104
123
161
189
214
205
203
198
186
173
153
142
112
96
87
92
86
87
94
93
92
102
97
100
91
95
114
121
121
135
177
196
221
244
273
285
306
345
366
372
380
402
409
384
375
382
365
336
313
297
262
218
200
180
155
104
58
18
-27
-82
-129
-152
-212
-255
-311
-347
-362
-382
-384
-364
-366
-364
-349
-345
-334
-333
-327
-315
-314
-323
-303
-283
-263
-252
-197
-161
-159
-132
-110
-91
-97
-94
-82
-81
-91
-103
-95
-95
-116
-127
-111
-102
-105
-82
-53
-40
-29
-22
-11
7
5
4
9
26
49
67
75
107
130
161
207
223
251
279
333
385
396
408
432
437
428
418
413
390
388
382
377
366
349
337
314
274
224
193
155
103
39
-16
-82
-134
-190
-235
-262
-310
-329
-332
-340
-334
-333
-322
-320
-338
-328
-330
-323
-334
-322
-310
-299
-286
-272
-243
-216
-186
-147
-106
-90
-67
-61
-44
-53
-58
-58
-79
-102
-104
-99
-90
-86
-79
-59
-51
-44
-12
2
8
27
32
53
46
45
47
54
56
57
87
96
113
146
195
238
257
277
301
314
319
334
340
344
329
319
302
265
239
224
210
185
158
149
133
122
93
58
23
-26
-67
-105
-127
-146
-163
-187
-209
-217
-209
-199
-195
-177
-172
-148
-118
-109
-98
-90
-77
-89
-83
-70
-56
-58
-45
-13
4
8
18
32
22
17
16
24
5
-13
-25
-26
-54
-71
-64
-71
-64
-63
-54
-52
-63
-61
-54
-56
-60
-51
-59
-75
-85
-94
-92
-86
-78
-68
-38
-25
-3
33
62
94
117
122
133
149
142
145
145
146
138
138
121
126
148
152
162
145
148
135
120
110
105
87
69
48
39
33
24
26
16
9
17
42
55
77
82
90
104
113
97
109
89
72
67
61
61
58
67
65
79
84
87
94
89
69
68
61
33
16
-7
-28
-43
-55
-64
-72
-61
-69
-82
-86
-88
-110
-132
-152
-177
-193
-200
-222
-221
-236
-257
-252
-250
-239
-237
-239
-224
-216
-211
-194
-165
-162
-168
-153
-136
-120
-116
-106
-108
-113
-120
-103
-101
-112
-113
-118
-126
-120
-120
-122
-114
-117
-98
-96
-90
-81
-71
-56
-44
-33
0
22
36
63
84
104
130
149
168
177
187
206
215
217
246
256
264
281
286
296
293
289
285
276
275
263
229
204
173
149
134
111
80
56
21
-13
-33
-51
-86
-129
-141
-178
-209
-234
-261
-281
-311
-331
-318
-320
-334
-324
-314
-298
-300
-287
-270
-262
-249
-251
-226
-225
-227
-204
-182
-181
-187
-167
-150
-147
-155
-125
-116
-126
-117
-114
-90
-111
-116
-96
-109
-117
-109
-97
-91
-84
-53
-5
12
22
39
81
102
114
142
176
189
197
228
245
260
267
304
328
332
353
357
362
350
344
367
360
341
342
326
304
293
276
262
230
211
205
196
177
139
123
113
76
45
28
19
-19
-64
-70
-87
-122
-119
-125
-119
-123
-128
-111
-116
-130
-137
-135
-149
-158
-158
-154
-158
-175
-197
-199
-200
-210
-225
-227
-227
-248
-251
-263
-270
-278
-262
-248
-228
-202
-198
-172
-172
-141
-122
-99
-72
-46
-9
-6
21
55
84
114
147
166
197
219
233
244
259
267
278
295
311
315
314
331
344
343
322
322
335
322
310
298
294
278
265
261
256
240
228
217
200
173
130
127
110
78
62
49
20
2
5
2
-7
-18
-29
-26
-25
-24
-33
-52
-68
-75
-72
-82
-96
-97
-88
-102
-108
-98
-91
-102
-116
-128
-134
-136
-142
-141
-135
-145
-132
-131
-124
-123
-117
-102
-100
-94
-78
-64
-58
-43
-29
-14
-3
20
33
52
66
87
123
128
134
160
177
175
190
221
236
243
259
290
285
290
299
311
307
293
302
311
329
323
325
308
294
286
282
274
241
209
194
171
137
108
84
76
48
30
29
-5
-34
-33
-36
-48
-77
-88
-108
-130
-164
-190
-214
-248
-262
-292
-311
-338
-355
-375
-369
-390
-408
-427
-447
-451
-473
-488
-487
-496
-499
-483
-486
-487
-469
-461
-452
-438
-407
-370
-334
-303
-278
-237
-212
-174
-135
-106
-78
-67
-44
-2
26
75
118
148
187
210
268
304
335
354
395
431
430
451
489
485
470
481
469
482
484
486
497
504
496
502
485
472
457
429
419
403
366
346
331
283
271
253
220
194
175
161
133
109
93
76
38
7
-27
-71
-110
-152
-181
-219
-267
-293
-332
-354
-377
-397
-403
-418
-418
-433
-439
-439
-444
-443
-463
-449
-449
-449
-427
-422
-400
-371
-354
-347
-326
-290
-263
-226
-196
-165
-131
-112
-94
-59
-29
-12
-1
18
40
52
83
117
141
177
206
234
259
281
296
313
326
336
351
354
353
337
340
341
347
335
330
341
324
311
310
307
295
267
231
233
222
206
203
188
150
118
78
58
19
-25
-42
-71
-110
-154
-173
-201
-235
-272
-291
-300
-337
-370
-384
-399
-422
-425
-428
-435
-431
-443
-430
-427
-428
-411
-396
-383
-373
-350
-331
-320
-286
-260
-237
-218
-185
-145
-139
-114
-96
-60
-36
-28
-8
19
33
57
84
105
120
146
184
209
221
238
274
290
316
346
353
362
386
396
405
415
421
429
441
442
439
435
420
412
395
377
370
353
341
332
316
296
261
237
208
182
155
124
98
53
25
-9
-48
-81
-130
-168
-189
-228
-245
-268
-296
-316
-332
-352
-379
-396
-398
-393
-382
-396
-383
-376
-370
-366
-359
-336
-335
-310
-304
-283
-273
-265
-242
-226
-213
-204
-194
-187
-189
-170
-136
-124
-115
-99
-75
-54
-41
-29
-2
16
19
45
76
93
109
124
132
140
173
187
212
221
239
253
254
268
274
300
292
289
296
302
296
305
314
307
283
283
277
257
248
234
233
203
195
176
143
118
79
55
9
-37
-75
-102
-127
-152
-169
-206
-223
-241
-255
-276
-276
-290
-298
-303
-315
-298
-297
-298
-291
-283
-282
-268
-268
-261
-247
-232
-217
-204
-185
-172
-149
-128
-109
-102
-80
-68
-63
-49
-43
-29
-19
3
22
36
51
56
78
87
105
126
141
146
136
150
158
164
173
170
174
180
179
184
191
186
197
189
196
194
177
165
164
160
148
144
122
105
71
55
48
27
11
-6
-27
-37
-65
-86
-109
-144
-173
-186
-198
-229
-261
-275
-269
-284
-283
-284
-286
-282
-295
-285
-272
-280
-273
-267
-256
-256
-238
-226
-224
-232
-232
-218
-198
-187
-167
-146
-153
-140
-135
-115
-111
-102
-93
-99
-91
-70
-61
-67
-53
-37
-48
-51
-34
-34
-33
-41
-35
-24
-10
9
23
24
17
24
24
37
35
27
45
40
38
51
56
41
48
51
52
43
42
55
54
46
30
21
18
18
6
8
4
-2
-18
-23
-23
-32
-46
-37
-39
-50
-44
-50
-44
-52
-42
-46
-48
-40
-42
-25
-35
-43
-33
-26
-26
-21
-20
-16
-15
-20
-13
-8
-6
-2
2
15
31
21
39
50
48
47
49
45
32
34
47
46
39
37
46
47
43
51
61
70
63
57
55
30
26
40
39
11
-3
-16
-26
-49
-60
-48
-57
-49
-57
-74
-96
-108
-125
-139
-155
-156
-169
-183
-194
-199
-199
-206
-208
-205
-204
-200
-198
-207
-204
-190
-201
-199
-182
-188
-179
-165
-159
-154
-144
-123
-111
-106
-106
-97
-81
-73
-52
-52
-34
-27
-23
-11
-6
-13
1
16
12
29
33
50
59
58
74
86
84
93
107
107
121
116
102
106
97
90
88
91
85
85
75
73
54
59
51
35
38
21
2
-11
-23
-31
-34
-53
-65
-79
-106
-130
-137
-147
-160
-168
-190
-207
-210
-221
-239
-242
-262
-275
-268
-265
-266
-258
-249
-258
-259
-259
-259
-251
-241
-226
-218
-206
-204
-179
-153
-117
-97
-71
-38
-28
-13
10
40
54
78
98
118
127
132
141
160
172
179
185
200
203
218
238
247
253
259
264
261
264
260
252
236
224
211
206
191
187
192
186
175
153
161
152
129
117
110
99
70
59
40
22
12
8
-8
-22
-31
-40
-57
-47
-42
-61
-78
-98
-100
-125
-137
-147
-156
-171
-185
-198
-204
-196
-203
-211
-210
-215
-204
-208
-193
-172
-167
-159
-140
-123
-108
-98
-97
-64
-55
-46
-7
18
27
38
57
88
101
106
126
145
148
150
167
187
184
190
205
220
237
244
250
254
251
257
270
263
262
258
255
242
233
233
224
216
203
201
201
173
159
147
139
119
122
116
107
76
43
25
4
-20
-37
-37
-68
-78
-83
-92
-107
-109
-113
-120
-133
-147
-153
-161
-186
-191
-199
-216
-217
-228
-223
-228
-233
-219
-213
-208
-207
-205
-200
-193
-173
-168
-156
-146
-142
-127
-115
-107
-92
-72
-50
-34
-17
9
27
49
72
88
91
101
111
130
137
151
161
173
175
178
194
211
215
228
244
246
249
261
257
241
239
240
239
220
205
201
185
160
146
143
126
112
102
90
71
46
38
25
-3
-16
-23
-40
-50
-75
-85
-110
-136
-146
-175
-183
-187
-206
-234
-258
-274
-291
-308
-326
-327
-336
-349
-378
-384
-383
-394
-388
-376
-383
-377
-367
-351
-348
-342
-319
-324
-313
-295
-270
-241
-236
-205
-163
-142
-123
-95
-66
-53
-30
-12
11
40
63
72
80
99
118
137
153
168
189
184
193
204
209
218
217
221
210
201
203
204
200
190
181
172
170
154
152
143
122
98
97
88
82
70
61
52
28
16
6
-3
-24
-55
-50
-64
-87
-102
-129
-143
-166
-172
-183
-194
-203
-198
-208
-220
-215
-214
-219
-229
-217
-208
-209
-193
-168
-157
-150
-158
-145
-151
-144
-121
-100
-84
-71
-48
-42
-37
-21
-1
20
37
49
68
87
94
124
141
148
169
180
192
201
216
231
241
245
259
264
273
274
280
278
265
263
272
260
266
257
231
229
213
218
203
195
172
155
134
119
115
95
78
58
44
42
27
8
-4
-21
-32
-62
-67
-86
-96
-110
-122
-134
-142
-150
-166
-179
-181
-192
-201
-194
-196
-201
-202
-203
-196
-187
-171
-160
-139
-125
-139
-115
-96
-94
-88
-87
-78
-57
-44
-22
12
25
54
78
103
110
134
139
172
191
192
217
233
237
246
262
269
291
301
318
318
315
319
327
317
312
309
295
296
282
265
260
257
236
253
252
237
232
225
217
195
179
156
139
115
101
101
73
39
34
23
9
-14
-25
-37
-50
-81
-98
-112
-125
-128
-128
-152
-169
-177
-191
-184
-202
-208
-207
-209
-216
-212
-210
-211
-196
-177
-159
-149
-145
-150
-142
-134
-125
-113
-103
-88
-66
-47
-36
-23
-12
18
28
47
55
70
82
88
96
105
108
118
139
138
133
139
154
153
158
161
151
142
134
133
120
112
97
84
79
56
42
28
14
13
6
-8
-25
-38
-53
-63
-77
-83
-101
-99
-104
-124
-133
-150
-155
-153
-152
-164
-167
-168
-161
-178
-188
-198
-207
-200
-203
-213
-211
-225
-215
-221
-216
-205
-201
-198
-194
-180
-167
-170
-171
-155
-141
-123
-112
-85
-78
-70
-67
-47
-42
-21
6
23
48
52
57
83
97
110
124
124
132
143
162
161
168
179
180
183
191
196
189
194
199
199
187
185
187
185
174
173
161
151
148
121
127
117
118
118
118
119
99
96
95
76
67
65
47
25
21
24
14
11
21
18
13
20
12
2
-16
-3
0
-1
3
-1
11
-9
-24
-28
-28
-28
-32
-26
-29
-28
-31
-18
-10
-15
-6
-12
-14
-19
-17
-24
-20
-32
-33
-22
-19
-6
4
10
12
15
30
38
35
40
42
34
41
40
45
57
55
69
64
63
62
55
56
64
70
67
58
56
43
41
37
34
24
11
10
1
11
2
1
0
-18
-23
-33
-16
-11
-21
-15
-23
-31
-28
-21
-32
-18
-11
-13
-21
-30
-24
-23
-32
-26
-19
-22
-29
-24
-13
-14
-6
-8
5
17
14
16
19
21
14
15
15
17
16
27
23
17
26
21
32
28
34
40
49
49
47
46
44
44
52
74
70
78
93
91
78
85
81
69
70
64
63
71
70
66
55
48
50
44
34
22
17
7
3
4
-6
-14
-19
-36
-30
-54
-55
-53
-49
-48
-59
-67
-72
-78
-84
-75
-76
-79
-76
-63
-72
-65
-61
-59
-53
-44
-42
-47
-39
-45
-45
-45
-54
-47
-32
-25
-21
-2
-5
-12
-3
8
19
16
14
32
23
28
30
33
43
47
57
47
48
41
49
60
61
52
65
58
50
53
49
46
49
47
29
37
19
17
23
18
8
13
21
5
9
4
-1
-10
-5
-19
-17
-14
-18
-23
-18
-19
-21
-23
-29
-34
-46
-42
-53
-50
-62
-55
-40
-52
-57
-52
-42
-45
-43
-23
-21
-31
-20
-15
-7
-1
-3
3
10
15
31
31
29
43
55
71
72
85
90
90
90
100
108
99
107
111
123
137
126
132
141
134
137
145
146
148
141
144
141
143
145
148
126
125
128
101
78
70
60
38
35
30
33
9
10
-2
-28
-35
-44
-49
-67
-81
-90
-90
-101
-111
-112
-117
-118
-118
-115
-120
-126
-127
-129
-114
-110
-111
-100
-104
-109
-108
-105
-100
-78
-86
-80
-68
-74
-69
-67
-68
-64
-53
-46
-28
-17
-3
23
28
35
45
51
78
85
86
114
127
125
128
130
126
129
138
135
122
124
123
129
127
124
130
115
119
119
113
106
102
91
76
68
68
58
52
46
40
29
16
-8
-14
-17
-32
-30
-43
-48
-55
-66
-78
-91
-104
-125
-126
-141
-174
-178
-175
-177
-190
-190
-203
-206
-222
-229
-237
-237
-220
-225
-215
-222
-209
-197
-204
-187
-170
-162
-145
-132
-135
-125
-121
-114
-96
-90
-65
-40
-34
-21
6
24
24
35
42
51
56
66
63
61
78
72
78
87
100
112
109
102
101
96
103
100
103
112
111
122
129
127
129
123
113
104
85
65
60
52
42
36
36
28
12
19
8
-8
-17
-12
-21
-46
-48
-59
-69
-89
-109
-110
-129
-132
-124
-134
-141
-154
-144
-144
-154
-133
-133
-127
-130
-135
-132
-148
-153
-145
-138
-128
-125
-104
-89
-83
-82
-76
-65
-65
-43
-11
-10
13
10
29
45
49
76
76
82
95
104
106
130
139
150
159
162
162
177
194
190
214
221
222
223
215
208
203
201
195
196
184
185
183
167
150
123
126
114
96
80
62
47
38
34
15
18
6
-1
0
-9
-18
-29
-37
-38
-38
-45
-60
-74
-78
-76
-79
-81
-79
-83
-82
-82
-90
-89
-91
-93
-77
-71
-66
-57
-46
-55
-50
-41
-34
-28
-20
-29
-30
-21
-19
-20
-18
-8
-8
6
12
22
23
20
26
33
53
54
71
75
67
68
91
100
102
105
102
108
104
100
111
123
121
112
114
121
120
124
129
116
114
118
107
95
90
105
97
88
90
70
57
51
42
21
13
6
6
-3
-16
-32
-44
-50
-67
-67
-81
-99
-109
-118
-133
-133
-140
-140
-151
-161
-172
-161
-161
-160
-143
-153
-153
-160
-148
-154
-154
-152
-140
-136
-128
-114
-109
-110
-103
-90
-86
-77
-78
-68
-48
-52
-39
-22
-24
-11
-7
0
0
16
27
26
23
34
29
34
34
39
63
67
57
84
86
99
112
97
87
80
97
104
112
113
120
116
110
104
103
99
99
96
95
103
108
117
107
97
85
90
94
77
83
87
74
66
62
59
58
51
43
22
14
9
-2
-13
-22
-33
-41
-48
-51
-50
-61
-57
-58
-63
-64
-71
-62
-72
-74
-67
-67
-71
-66
-62
-63
-67
-64
-53
-55
-49
-40
-13
-6
-11
-6
11
14
27
35
38
33
38
54
62
64
72
65
72
75
77
90
92
90
86
84
64
65
62
54
67
75
67
60
55
63
78
66
78
79
60
55
55
54
40
35
29
18
4
13
2
-9
-17
-35
-47
-59
-49
-50
-48
-61
-69
-75
-73
-81
-96
-100
-109
-107
-103
-106
-124
-124
-121
-128
-126
-124
-132
-124
-126
-118
-121
-126
-131
-135
-129
-126
-119
-102
-96
-81
-71
-69
-59
-52
-44
-38
-40
-28
-21
-21
-13
-19
-16
-13
-6
-10
-5
-17
-12
3
-1
7
14
20
10
-1
-7
-11
-22
-30
-22
-22
-17
-12
-3
7
-10
0
-9
-10
-10
-12
-16
-17
-32
-40
-28
-28
-28
-30
-12
-18
-23
-17
-12
-13
-12
-23
-12
-11
-17
-17
-20
-21
-30
-33
-41
-34
-28
-34
-36
-20
-13
-17
-10
-12
4
-5
-9
-11
-12
-10
-12
-3
2
2
-3
-1
-7
-4
2
9
21
33
22
15
22
22
28
33
29
35
40
27
10
10
25
20
19
16
17
8
7
19
31
33
40
44
34
43
53
65
77
61
69
84
87
91
98
92
96
104
106
125
111
108
122
122
126
133
139
145
150
152
160
154
146
144
135
127
134
126
128
133
114
118
122
119
116
107
104
107
109
105
97
88
95
94
86
86
89
81
76
70
71
69
67
71
67
58
57
61
71
83
77
85
83
73
72
82
74
81
68
63
69
65
72
76
68
66
61
51
53
50
36
39
35
37
44
23
38
25
10
17
7
3
-17
-30
-31
-29
-29
-21
-22
-23
-28
-23
-12
-19
-2
-11
-21
-1
-7
-13
6
2
9
3
-1
-1
-7
19
21
20
26
32
42
39
39
49
51
52
52
49
55
61
50
55
50
50
62
73
70
63
67
70
54
60
51
44
24
23
27
10
-2
1
-5
-34
-36
-28
-38
-50
-46
-56
-57
-70
-77
-69
-80
-85
-78
-74
-74
-81
-68
-79
-85
-78
-81
-79
-89
-88
-87
-80
-71
-72
-58
-52
-42
-28
-13
0
18
24
20
20
26
40
66
75
86
99
98
106
106
117
131
141
149
167
172
173
179
191
198
210
235
235
232
225
221
229
219
209
200
206
201
186
177
167
176
177
169
177
176
164
152
143
140
145
135
133
119
102
102
98
93
93
74
72
71
77
73
79
74
49
50
42
42
41
44
48
38
28
16
10
11
10
15
13
26
31
28
32
39
29
24
30
23
25
23
28
33
39
37
45
54
57
62
70
74
85
90
84
96
85
84
87
101
103
110
118
124
124
121
136
143
148
149
158
164
167
176
184
188
185
182
185
202
203
185
179
187
170
178
182
175
158
146
153
135
123
109
99
94
76
74
72
55
50
48
36
33
24
19
7
-5
-13
-29
-35
-38
-48
-59
-67
-69
-74
-80
-85
-110
-98
-89
-94
-103
-113
-105
-84
-84
-90
-82
-74
-68
-68
-56
-57
-51
-35
-41
-43
-36
-19
-5
12
21
28
35
41
50
55
70
94
103
107
108
103
114
111
116
125
139
137
137
147
148
153
142
147
139
134
134
127
122
108
105
100
100
89
73
79
64
44
32
14
-1
-12
-30
-37
-45
-52
-59
-72
-86
-89
-91
-105
-117
-125
-130
-140
-152
-158
-153
-175
-191
-179
-185
-191
-203
-214
-214
-227
-237
-235
-232
-229
-213
-206
-213
-216
-211
-215
-216
-219
-206
-205
-208
-199
-208
-194
-174
-166
-157
-143
-137
-135
-115
-108
-110
-103
-94
-83
-65
-57
-52
-37
-42
-39
-25
1
2
-3
10
19
15
21
20
30
35
26
23
13
14
8
-7
-8
-3
-11
-18
-20
-29
-44
-56
-75
-77
-90
-75
-84
-85
-77
-98
-105
-104
-116
-127
-127
-121
-125
-131
-118
-105
-104
-98
-98
-103
-91
-93
-90
-78
-59
-55
-55
-47
-45
-46
-35
-31
-27
-28
-27
1
-5
-8
-5
-1
6
9
11
12
29
35
41
68
87
87
96
101
90
101
116
120
118
126
123
121
127
131
128
119
117
123
140
133
133
132
140
139
150
145
132
130
124
116
105
105
105
98
102
92
97
82
72
74
58
39
37
46
45
40
41
33
17
18
1
-8
-11
-34
-40
-45
-50
-38
-50
-35
-39
-50
-49
-55
-61
-63
-47
-51
-41
-53
-57
-55
-62
-55
-69
-67
-70
-72
-62
-66
-64
-57
-52
-56
-52
-51
-56
-54
-45
-31
-31
-11
-11
-15
-4
-13
-14
-7
-14
-17
-4
-2
-7
-12
-23
-18
-1
-5
2
11
11
13
5
4
-9
-12
-9
-2
-1
-10
-3
-9
-9
-20
-26
-37
-43
-49
-55
-62
-71
-72
-79
-94
-85
-82
-92
-93
-102
-91
-121
-120
-121
-132
-139
-147
-149
-165
-168
-182
-185
-180
-197
-192
-197
-202
-200
-199
-192
-197
-188
-191
-191
-194
-201
-190
-179
-159
-157
-145
-135
-128
-119
-117
-106
-105
-86
-73
-78
-71
-80
-77
-59
-73
-74
-65
-62
-51
-44
-46
-44
-40
-52
-55
-53
-62
-60
-83
-81
-78
-86
-101
-96
-88
-102
-97
-86
-92
-100
-106
-103
-90
-79
-72
-76
-73
-85
-79
-70
-72
-80
-80
-85
-81
-84
-83
-76
-86
-77
-67
-78
-85
-66
-73
-71
-59
-50
-49
-53
-50
-49
-58
-48
-36
-23
-12
-20
-12
-14
-23
-31
-19
-21
-25
-20
-10
3
13
12
21
30
29
32
48
52
49
49
50
56
58
58
51
42
35
47
43
48
51
59
73
82
90
101
105
100
93
95
92
96
107
106
102
107
116
117
119
117
126
134
136
138
151
145
143
141
136
148
142
141
139
148
159
145
145
152
136
129
127
125
111
117
115
106
89
85
76
62
50
53
56
42
38
35
24
16
18
24
22
12
5
1
6
0
-1
-7
-8
-12
-6
5
-4
-2
1
-9
-8
-13
-9
-9
-8
6
8
17
15
14
6
-3
3
16
7
2
2
-5
8
-3
2
6
-13
-17
-22
-28
-27
-26
-38
-28
-41
-39
-32
-44
-46
-55
-68
-59
-56
-64
-57
-66
-75
-82
-99
-101
-113
-121
-129
-131
-134
-133
-125
-119
-119
-144
-145
-136
-125
-129
-123
-114
-117
-111
-121
-111
-111
-129
-138
-119
-125
-134
-124
-123
-117
-120
-104
-114
-103
-104
-105
-104
-116
-105
-101
-107
-104
-108
-115
-112
-114
-105
-110
-107
-104
-95
-95
-86
-84
-84
-75
-73
-63
-65
-66
-59
-69
-74
-70
-68
-65
-72
-66
-70
-90
-96
-95
-93
-96
-95
-84
-82
-77
-64
-69
-73
-72
-62
-60
-72
-65
-50
-58
-55
-53
-54
-46
-61
-59
-49
-51
-52
-40
-38
-40
-41
-32
-39
-50
-36
-41
-56
-53
-47
-64
-71
-67
-70
-64
-58
-45
-45
-39
-25
-19
-18
-20
-12
0
-2
-9
8
17
8
12
17
10
21
20
10
17
9
-4
7
-1
-12
-11
-4
-12
-21
-25
-31
-36
-43
-48
-54
-59
-71
-71
-73
-73
-59
-52
-50
-55
-62
-62
-46
-49
-55
-70
-64
-54
-62
-56
-44
-24
-19
-13
-8
-4
-11
-18
-19
-17
-7
-16
-14
-20
-23
-32
-27
-14
-18
5
4
11
17
6
10
18
10
21
24
22
31
20
21
37
38
23
27
32
42
43
42
46
36
38
44
39
31
34
28
32
35
35
32
32
37
16
25
31
22
16
12
7
2
6
1
12
12
23
20
20
33
26
9
-5
-4
-15
-21
-11
-15
-22
-25
-23
-32
-41
-29
-53
-68
-67
-67
-71
-79
-84
-78
-69
-65
-57
-52
-52
-44
-36
-41
-14
-8
-5
-4
6
5
5
7
-1
-6
6
5
11
16
8
9
12
8
3
1
11
18
14
11
11
17
2
-9
-8
-6
-14
-32
-42
-44
-44
-56
-52
-39
-44
-55
-59
-66
-80
-86
-77
-68
-72
-67
-71
-74
-68
-69
-55
-59
-77
-83
-95
-105
-109
-102
-97
-104
-105
-104
-102
-97
-84
-90
-88
-87
-88
-87
-91
-94
-90
-95
-82
-77
-84
-79
-95
-85
-74
-77
-68
-66
-64
-59
-48
-51
-43
-56
-57
-48
-41
-28
-28
-12
-8
-2
-1
-5
4
0
-4
3
4
6
24
33
47
46
50
62
58
51
42
56
54
49
45
46
54
59
72
77
78
62
51
52
41
33
43
34
38
38
34
34
24
19
12
20
19
20
10
9
11
18
11
7
14
7
2
13
17
19
13
-4
18
20
19
28
36
29
13
5
22
33
34
41
38
41
41
58
57
65
53
58
68
68
66
64
72
67
49
44
52
41
43
43
21
24
36
28
41
48
29
31
30
14
9
15
18
11
5
4
17
14
13
8
6
7
1
0
2
-12
-14
-8
-20
-23
-21
-27
-22
-15
-19
2
7
5
-8
-27
-35
-31
-26
-29
-22
-25
-27
-28
-25
-14
-18
-28
-21
-10
-8
-12
-4
-8
-18
-16
-11
-6
-7
16
18
13
12
12
19
8
4
12
29
22
19
29
37
39
43
50
52
76
72
82
76
75
82
77
84
90
101
90
87
104
103
94
94
84
86
81
79
94
95
81
85
101
88
90
79
67
70
59
59
55
49
55
44
48
45
38
35
36
35
29
42
45
56
51
47
46
38
31
40
41
21
10
8
14
15
24
30
31
28
16
26
15
19
25
34
35
44
38
42
44
44
32
41
42
31
47
50
65
61
65
58
44
31
31
24
28
21
9
6
4
4
-4
-7
-11
-9
1
0
-5
-5
-21
-26
-21
-35
-26
-32
-22
-19
-31
-25
-24
-11
-20
-32
-26
-35
-42
-45
-38
-48
-56
-39
-36
-29
-30
-43
-54
-54
-60
-76
-77
-76
-90
-114
-108
-116
-112
-112
-86
-83
-80
-77
-80
-85
-93
-85
-84
-74
-64
-62
-75
-70
-63
-35
-31
-28
-17
-14
-6
-1
18
27
20
19
29
21
34
40
47
54
50
47
61
63
62
74
86
86
83
81
89
88
77
93
102
95
90
95
95
94
113
125
117
108
103
111
100
98
96
102
104
95
98
98
90
86
93
92
85
76
86
88
70
60
63
60
57
51
50
43
39
39
44
25
22
24
18
21
17
12
1
-3
-14
-21
-19
-22
-28
-25
-17
-17
-33
-39
-44
-47
-44
-39
-30
-35
-35
-43
-45
-53
-65
-66
-63
-65
-64
-59
-67
-58
-49
-47
-47
-36
-21
-10
-18
-10
-3
-14
-23
-19
-31
-34
-36
-39
-38
-34
-29
-41
-45
-42
-48
-54
-55
-63
-50
-54
-48
-45
-44
-52
-61
-75
-79
-76
-78
-75
-90
-86
-78
-73
-85
-94
-100
-102
-92
-101
-94
-93
-98
-101
-103
-85
-89
-87
-72
-66
-63
-58
-53
-65
-63
-59
-40
-38
-38
-31
-31
-35
-33
-25
-25
-27
-17
-26
1
4
-4
5
6
5
-1
-1
-3
-4
-7
5
10
12
30
14
9
24
19
24
39
31
35
38
48
52
56
49
59
70
54
69
61
64
61
63
60
49
45
40
31
11
8
-1
-6
-20
-34
-38
-46
-41
-36
-33
-20
-10
-19
-17
-17
-14
-29
-32
-27
-40
-37
-57
-51
-49
-40
-49
-38
-31
-43
-52
-42
-30
-41
-20
-9
-8
-3
2
13
18
9
15
18
10
32
38
39
33
42
42
40
52
56
73
67
62
64
73
53
57
75
72
77
76
89
98
82
85
87
80
66
59
55
48
37
19
21
28
19
11
1
4
-17
-13
-10
-16
-9
-26
-9
-9
-26
-20
-29
-38
-53
-56
-52
-66
-67
-74
-69
-78
-77
-70
-61
-53
-56
-44
-33
-36
-41
-38
-33
-32
-35
-21
-25
-18
-12
-8
11
9
13
26
28
24
18
12
22
17
9
13
18
20
10
22
39
28
47
48
42
45
35
38
42
33
30
45
37
40
22
24
29
19
21
20
20
8
7
8
2
-6
-11
-9
-18
-36
-40
-41
-51
-68
-79
-81
-89
-88
-80
-82
-80
-89
-85
-82
-84
-92
-93
-94
-113
-104
-98
-103
-112
-104
-95
-97
-81
-68
-64
-60
-54
-55
-50
-51
-58
-52
-37
-37
-32
-16
-20
-31
-35
-26
-6
1
-1
9
10
21
24
36
38
33
38
29
31
24
21
35
44
54
63
58
72
66
69
75
75
76
70
82
70
62
46
57
43
32
48
32
21
22
33
37
42
26
23
13
0
8
-6
-5
-14
-21
-24
-31
-47
-51
-37
-35
-51
-47
-41
-48
-35
-31
-21
-24
-35
-33
-30
-35
-32
-24
-18
-11
-5
14
26
13
27
48
54
55
52
46
44
47
35
35
32
28
41
40
45
50
52
56
57
65
68
65
54
47
49
59
55
61
58
49
52
51
64
61
49
52
60
57
56
64
68
71
71
77
77
66
75
66
69
66
60
67
55
50
55
50
36
28
30
37
42
45
37
32
36
34
29
20
13
11
14
16
15
7
7
8
5
4
-4
-3
-3
-12
-13
-15
-25
-32
-30
-20
-22
-25
-20
-20
-18
-23
-21
-16
-27
-33
-31
-23
-30
-27
-16
-27
-35
-39
-31
-38
-28
-19
-7
-14
-25
-22
-22
-24
-28
-28
-23
-33
-27
-27
-42
-35
-38
-45
-44
-37
-27
-18
-18
-25
-18
-27
-35
-26
-35
-41
-41
-36
-38
-41
-50
-50
-63
-70
-68
-69
-66
-64
-55
-60
-70
-74
-83
-81
-94
-93
-90
-94
-92
-86
-64
-67
-60
-51
-36
-35
-13
-5
-2
-4
-3
15
-4
10
16
21
12
10
27
21
8
5
9
15
7
13
19
7
5
7
1
-3
7
2
2
-9
-6
7
7
-2
-8
11
10
8
21
31
19
19
17
12
14
11
2
-4
-3
-6
-14
-17
-21
-17
-22
-18
-10
9
18
9
12
17
13
17
16
12
21
21
23
26
52
50
46
63
65
69
71
70
63
62
61
63
69
67
72
78
82
