103
79
30
0
-3
-29
-25
-28
-25
-16
-42
-32
-15
0
-17
-36
-41
-42
-31
-27
-37
-33
-12
5
33
44
27
14
6
10
33
43
35
47
53
72
82
46
37
23
0
9
6
41
55
29
3
-17
-4
-16
-8
8
7
8
12
16
24
4
-6
23
56
44
11
-4
5
22
35
63
101
111
89
89
75
74
51
32
46
40
42
43
26
11
19
22
26
33
50
94
115
87
52
26
52
80
118
128
117
136
148
165
165
156
169
181
167
163
161
188
189
175
173
174
177
199
196
194
173
152
145
146
170
153
168
193
233
273
278
258
240
240
246
249
263
314
340
334
328
336
326
277
239
238
261
268
293
336
352
338
292
227
230
231
222
208
210
236
264
265
247
235
214
205
180
178
170
194
212
209
232
219
209
227
221
218
210
197
241
255
246
219
188
157
122
112
132
159
160
145
116
131
134
147
121
71
67
91
106
112
125
139
164
163
171
190
183
154
147
153
191
215
206
203
184
174
198
245
246
222
197
205
242
250
231
236
220
210
197
191
248
269
286
298
269
254
257
242
245
243
237
242
228
234
232
199
193
218
216
196
163
171
193
191
157
151
186
194
199
187
217
239
256
240
230
249
250
249
236
224
219
228
219
214
228
234
224
212
202
211
204
168
167
140
124
128
155
187
197
194
202
224
222
201
173
195
222
240
239
238
263
258
200
176
178
216
240
228
237
248
247
229
206
215
231
211
221
246
260
257
219
216
216
211
192
170
180
171
175
181
200
232
227
182
153
155
169
180
180
162
153
146
93
86
103
121
145
161
191
200
164
116
91
95
78
45
49
67
98
132
136
131
106
88
88
77
60
58
73
112
152
160
185
190
165
179
193
182
199
217
213
204
188
167
198
195
185
183
173
149
150
159
175
132
94
108
113
97
72
90
106
114
124
123
139
153
156
180
169
161
158
151
136
134
127
147
181
198
205
191
168
135
123
137
169
167
169
158
147
149
149
161
145
134
133
144
169
181
170
183
185
213
238
209
192
215
236
247
262
280
299
294
263
255
247
236
226
209
205
205
196
218
230
190
127
98
114
135
148
141
157
159
159
143
134
130
122
134
147
187
180
150
127
103
86
51
-5
-45
-9
36
65
59
18
-4
-19
-63
-101
-117
-95
-73
-60
-55
-57
-59
-55
-32
-25
-24
-29
-19
17
39
39
19
14
15
15
16
14
7
27
31
41
65
52
39
24
44
84
110
99
105
109
113
114
127
140
142
145
148
139
116
110
126
151
143
154
175
181
184
151
142
165
148
144
168
152
130
116
121
139
112
84
93
106
116
124
141
154
148
155
136
113
84
47
61
64
81
109
118
109
79
56
63
75
53
57
76
79
85
74
84
101
82
68
75
60
74
57
44
86
109
118
122
125
115
92
44
25
27
33
65
112
161
177
132
81
55
45
63
95
149
176
177
169
157
128
85
55
67
87
102
115
130
127
91
102
115
108
127
120
147
165
159
165
160
150
137
150
182
191
190
208
185
179
156
116
99
79
108
133
113
92
75
71
54
15
-2
-6
6
7
18
29
26
0
-16
-25
-1
7
-6
-5
6
-10
-19
-30
-48
-32
-39
-40
-33
-18
3
-14
-32
-24
-5
-19
-60
-52
-38
-42
-40
-48
-25
-9
-31
-37
2
22
34
20
21
44
44
60
75
99
74
60
76
90
89
80
66
76
83
78
76
70
77
93
100
89
109
125
125
124
133
153
136
117
117
119
108
88
70
63
74
78
92
83
78
71
86
93
80
53
7
18
54
63
85
81
109
118
91
59
19
5
-1
-13
-1
45
48
37
11
3
-20
-52
-66
-61
-44
-28
-13
-18
-32
-68
-116
-138
-136
-128
-105
-87
-53
-34
-55
-92
-136
-141
-145
-175
-160
-125
-103
-115
-132
-121
-113
-118
-141
-135
-108
-104
-117
-122
-109
-96
-113
-129
-94
-49
-63
-76
-76
-80
-87
-114
-138
-87
-49
-62
-58
-52
-62
-81
-92
-68
-37
-57
-92
-111
-95
-95
-122
-126
-105
-67
-84
-95
-78
-59
-63
-84
-80
-58
-74
-131
-128
-109
-94
-94
-111
-60
-3
-3
-14
-22
-10
-23
-71
-70
-36
1
-3
-24
-12
35
41
6
10
17
38
48
36
59
87
84
66
43
64
88
71
90
113
128
119
96
82
85
60
-6
-25
-5
10
27
48
75
107
75
58
70
79
82
71
89
121
127
98
93
103
91
82
91
116
125
111
111
109
104
72
40
48
42
41
40
32
56
33
20
-15
-12
-13
-31
-41
-32
-9
-7
-25
-31
-14
-11
-13
-12
-8
15
9
0
-21
-46
-56
-65
-76
-92
-85
-94
-101
-68
-57
-66
-71
-81
-82
-88
-110
-97
-100
-92
-61
-50
-43
-52
-70
-92
-82
-62
-44
-47
-45
-34
-42
-57
-84
-87
-76
-102
-105
-98
-59
-40
-88
-93
-94
-119
-107
-107
-56
-35
-52
-46
-26
-23
-35
-43
-32
-16
-25
-31
-34
-14
-11
-30
-53
-48
-17
13
21
14
5
-30
-58
-73
-70
-70
-83
-92
-80
-65
-77
-53
-31
-21
-12
-19
-8
38
36
40
64
59
67
59
39
54
49
30
11
1
5
-21
-26
-49
-59
-40
-44
-29
-12
-16
-16
5
1
32
28
0
-4
5
8
4
-6
-44
-37
-39
-61
-70
-80
-98
-98
-127
-146
-145
-164
-178
-165
-149
-141
-137
-131
-115
-88
-82
-85
-58
-58
-61
-49
-62
-60
-48
-57
-39
-31
-50
-56
-79
-96
-82
-102
-129
-129
-118
-123
-128
-127
-141
-141
-145
-138
-111
-114
-115
-103
-85
-81
-98
-106
-111
-136
-140
-139
-157
-129
-142
-174
-192
-233
-282
-312
-336
-347
-317
-288
-276
-272
-269
-247
-222
-226
-208
-189
-171
-166
-150
-117
-104
-112
-112
-104
-91
-74
-81
-66
-60
-71
-90
-101
-100
-83
-79
-83
-56
-25
-17
-33
-24
-23
-11
-16
-15
21
53
52
56
67
60
52
46
33
37
37
-3
2
18
13
4
-6
-30
-37
-42
-63
-73
-27
-22
-7
2
6
37
20
12
28
42
55
68
54
70
48
45
51
48
35
32
24
19
18
3
-7
-19
-22
-24
-10
-26
-4
15
6
39
48
43
64
56
32
67
86
87
90
81
66
77
62
54
62
40
24
37
57
77
85
77
66
48
34
13
38
57
83
102
114
105
118
108
97
117
116
128
136
139
155
166
138
119
99
83
70
57
43
40
43
-2
-3
-3
21
58
41
20
30
24
36
27
-4
26
13
-1
0
7
21
19
-11
-7
11
22
12
-1
-13
-13
-28
-31
-27
-45
-75
-133
-154
-148
-146
-145
-127
-119
-120
-109
-136
-138
-118
-133
-144
-129
-117
-101
-91
-89
-98
-99
-90
-120
-128
-143
-159
-145
-162
-190
-187
-188
-177
-152
-139
-124
-113
-135
-139
-121
-127
-131
-127
-84
-90
-80
-63
-61
-28
-27
-32
-8
-25
-34
-13
-34
-25
-11
-33
-39
-45
-61
-56
-59
-50
-27
-13
-5
-21
-21
-16
-18
-11
-18
-7
-25
-47
-52
-44
-14
-36
-74
-78
-97
-124
-155
-189
-175
-172
-194
-203
-206
-202
-191
-204
-197
-165
-148
-157
-163
-150
-158
-149
-151
-132
-97
-90
-97
-104
-87
-96
-116
-137
-158
-175
-188
-210
-200
-199
-214
-228
-232
-246
-248
-242
-216
-196
-187
-166
-151
-144
-158
-175
-182
-184
-174
-148
-140
-128
-125
-123
-138
-148
-176
-199
-210
-202
-169
-149
-137
-136
-135
-134
-156
-169
-168
-162
-160
-137
-137
-101
-50
-34
-25
-15
-9
-20
-16
-17
0
-13
-29
-38
-66
-60
-73
-91
-95
-107
-101
-87
-120
-128
-102
-113
-127
-135
-121
-100
-91
-99
-65
-32
-21
-17
-3
33
34
19
15
29
46
44
46
54
81
102
67
78
74
55
41
14
36
51
36
15
34
55
44
21
23
44
36
2
-28
-15
2
-18
-47
-28
-24
-44
-55
-54
-31
-22
-43
-37
-28
-7
-13
-34
-44
-17
-16
-32
-32
-32
7
25
23
44
62
69
41
27
67
74
72
73
114
167
153
141
150
164
163
139
138
185
178
144
159
162
171
138
113
114
83
55
26
18
30
7
-31
-45
-55
-61
-67
-61
-71
-71
-76
-80
-75
-52
-50
-64
-91
-81
-55
-81
-81
-82
-63
-49
-44
-42
-38
-31
-56
-55
-51
-66
-82
-82
-76
-47
-34
-32
-15
-10
-24
-35
-44
-46
-43
-60
-54
-40
-26
-26
-37
-47
-60
-71
-81
-93
-81
-79
-106
-123
-128
-130
-149
-183
-180
-193
-211
-202
-204
-181
-175
-200
-216
-223
-238
-224
-208
-185
-171
-158
-150
-163
-144
-123
-145
-152
-128
-129
-128
-122
-116
-86
-102
-116
-91
-80
-72
-84
-83
-52
-53
-84
-85
-78
-76
-74
-92
-72
-47
-78
-104
-108
-108
-100
-126
-140
-127
-113
-116
-116
-92
-76
-88
-119
-105
-90
-80
-86
-75
-62
-45
-51
-87
-83
-79
-97
-109
-95
-72
-56
-87
-105
-94
-105
-126
-141
-132
-117
-103
-109
-102
-91
-85
-88
-91
-66
-55
-62
-79
-81
-51
-39
-49
-45
-48
-52
-55
-83
-54
-20
-19
-30
-22
-6
-7
4
16
43
31
7
-16
8
22
20
41
51
58
56
37
34
43
27
27
24
26
36
33
30
34
27
7
-22
-46
-48
-57
-89
-98
-76
-62
-67
-95
-100
-78
-106
-122
-105
-110
-120
-119
-119
-105
-104
-123
-124
-128
-109
-99
-108
-101
-90
-80
-89
-78
-69
-63
-57
-60
-47
-18
0
-8
19
25
33
28
16
39
44
46
41
62
94
87
77
81
83
82
82
77
79
80
82
62
53
52
27
35
43
22
20
19
13
24
38
41
21
12
11
5
3
-2
22
43
61
61
68
69
63
60
54
65
73
83
85
74
100
89
100
106
74
88
67
55
60
41
43
47
25
39
46
27
34
28
61
64
45
52
67
51
30
9
-26
-32
-50
-66
-43
-46
-63
-58
-53
-44
-45
-65
-67
-67
-71
-69
-59
-36
-40
-53
-74
-93
-91
-89
-89
-81
-93
-110
-112
-109
-89
-80
-87
-96
-92
-96
-107
-120
-117
-120
-138
-156
-163
-162
-143
-148
-143
-131
-122
-95
-104
-105
-83
-90
-82
-83
-86
-70
-93
-123
-135
-134
-145
-142
-131
-108
-99
-102
-105
-92
-89
-117
-131
-108
-85
-65
-44
-30
-38
-53
-82
-108
-103
-118
-113
-122
-105
-75
-86
-87
-83
-90
-113
-163
-151
-124
-116
-112
-131
-122
-104
-126
-146
-127
-83
-66
-60
-38
-9
0
-14
-12
16
35
18
29
54
63
61
46
38
39
15
15
27
51
74
64
71
66
81
88
92
111
141
163
162
158
149
162
133
102
106
111
106
87
92
105
96
47
17
32
21
-1
9
21
46
43
30
59
75
82
65
68
86
106
108
121
132
147
136
119
118
109
103
87
78
90
88
69
51
31
36
21
6
22
44
64
54
67
77
63
63
63
73
95
85
80
85
73
75
54
43
51
45
32
19
19
31
16
-8
-14
-23
-20
-28
-9
28
26
45
53
73
85
74
67
85
95
100
103
115
127
145
138
140
158
149
160
169
184
215
219
224
242
249
243
244
244
252
274
282
293
302
304
295
282
286
306
317
314
306
302
283
260
250
240
230
215
197
188
187
187
203
206
204
203
180
176
172
172
196
198
195
200
203
188
171
167
159
142
139
146
129
127
108
88
75
56
68
81
78
105
127
113
90
75
75
71
73
75
91
113
118
106
103
104
80
81
76
62
65
69
43
48
39
21
24
2
1
0
11
12
19
35
23
10
5
7
39
36
32
37
54
64
46
40
49
34
20
16
6
2
-31
-49
-57
-87
-110
-117
-109
-92
-83
-83
-90
-99
-107
-110
-111
-122
-105
-88
-75
-59
-78
-69
-74
-108
-114
-129
-147
-144
-152
-154
-139
-136
-139
-125
-150
-165
-144
-144
-132
-127
-124
-104
-98
-84
-72
-72
-68
-64
-40
-13
-5
18
17
14
20
11
21
26
27
41
54
55
57
65
68
68
56
32
43
55
53
58
60
29
24
39
32
42
59
65
65
51
42
54
48
45
52
53
53
62
66
54
61
64
44
62
62
55
73
70
74
75
59
61
45
29
19
35
53
65
70
63
65
48
45
43
39
33
40
61
81
80
77
45
19
0
-24
-25
-13
-25
-9
-13
-22
-20
-32
-45
-46
-66
-72
-65
-83
-81
-87
-103
-107
-109
-124
-120
-105
-92
-60
-38
-31
-29
-24
-29
-27
-14
-4
-8
11
46
63
54
57
57
59
76
76
85
91
66
52
42
41
48
45
43
66
82
77
79
68
73
57
39
32
32
46
57
47
60
62
37
36
13
-21
-20
-18
-12
0
-26
-37
-32
-45
-62
-60
-65
-58
-51
-52
-32
-34
-28
-23
-27
-27
0
30
41
55
54
55
56
62
89
92
82
77
72
75
75
67
80
97
88
67
72
84
78
93
81
90
93
90
72
75
75
77
104
106
103
120
120
112
122
116
89
78
70
81
83
45
32
28
29
8
12
17
19
3
-38
-54
-60
-80
-88
-83
-70
-66
-62
-50
-43
-21
-16
-27
-2
4
-1
20
16
21
26
12
12
11
21
46
53
55
61
50
55
45
27
35
20
-18
-4
-5
-13
-28
-34
-8
-21
-45
-50
-41
-34
-39
-69
-86
-73
-95
-101
-95
-99
-110
-120
-119
-108
-97
-123
-117
-105
-113
-136
-157
-160
-139
-144
-145
-151
-141
-134
-148
-139
-141
-133
-112
-109
-99
-73
-74
-82
-79
-64
-59
-69
-78
-76
-71
-79
-62
-53
-40
-60
-72
-81
-72
-55
-72
-64
-56
-71
-81
-82
-96
-79
-86
-104
-96
-104
-119
-128
-128
-130
-119
-129
-146
-124
-116
-93
-78
-75
-61
-57
-61
-53
-45
-26
-29
-57
-39
-25
-34
-31
-37
-18
-3
-23
-21
0
16
8
-4
4
-5
1
-6
14
22
33
43
41
51
54
51
50
63
59
48
48
48
49
74
58
56
45
33
23
16
24
44
38
37
44
47
50
29
33
32
37
44
37
50
52
44
29
23
32
34
42
40
38
23
12
24
19
30
25
6
7
5
9
18
4
-9
-11
-13
-12
12
6
20
25
16
20
17
7
-1
9
15
11
6
13
19
12
-2
-16
-12
-36
-47
-50
-57
-50
-57
-64
-56
-48
-48
-40
-50
-44
-32
-24
-8
-3
-4
-10
-21
-41
-19
-30
-28
-18
-21
-10
5
16
-10
3
0
-12
-17
-37
-16
-4
-8
-3
2
-1
-3
11
3
6
16
-3
7
8
3
9
20
18
19
16
18
24
-3
2
4
19
18
-10
-5
-6
-12
13
28
33
41
40
39
50
53
64
71
60
55
62
51
49
42
31
39
26
25
32
32
22
43
36
23
14
-13
-30
-24
-32
-39
-8
-14
-29
-35
-39
-22
-14
-32
-45
-38
-42
-47
-48
-50
-25
-26
-48
-38
-42
-38
-31
-46
-54
-49
-52
-75
-68
-61
-46
-44
-52
-33
-11
-18
-18
-39
-41
-32
-59
-61
-57
-72
-66
-87
-98
-75
-86
-70
-59
-61
-55
-71
-89
-90
-104
-123
-149
-148
-136
-151
-160
-167
-157
-184
-206
-208
-201
-194
-196
-201
-189
-197
-223
-227
-241
-235
-248
-254
-249
-264
-264
-256
-252
-227
-222
-238
-228
-233
-221
-237
-226
-209
-216
-215
-214
-202
-177
-162
-172
-164
-166
-159
-164
-152
-149
-147
-149
-145
-148
-140
-129
-144
-122
-112
-95
-100
-103
-113
-97
-102
-91
-67
-62
-50
-56
-54
-40
-28
-19
-20
-11
-12
-22
-34
-31
-37
-39
-51
-67
-70
-75
-63
-44
-31
-26
-25
-39
-38
-47
-48
-46
-54
-58
-72
-70
-64
-51
-37
-36
-36
-36
-41
-17
-16
-17
-4
-39
-71
-70
-88
-77
-74
-95
-87
-81
-102
-91
-89
-100
-89
-95
-100
-88
-81
-67
-73
-78
-81
-87
-68
-52
-26
-23
-24
-11
-23
-39
-40
-43
-29
-25
-12
-2
6
23
14
5
8
-5
-8
-16
3
25
44
40
54
73
57
70
77
78
84
89
79
75
68
58
54
36
38
42
29
27
15
-10
-12
-36
-61
-57
-85
-86
-75
-83
-61
-66
-63
-35
-24
-21
-5
8
7
-5
-27
-21
-16
-25
-44
-55
-67
-79
-61
-67
-56
-41
-64
-60
-80
-86
-69
-68
-53
-56
-40
-10
-8
2
21
20
11
1
2
5
3
-17
-22
-16
-18
-21
-19
3
4
4
-6
-23
-11
-12
-8
-12
-5
-4
16
28
36
50
57
58
63
55
49
43
57
52
41
46
44
48
47
24
40
40
36
38
44
47
53
61
52
57
62
58
62
70
65
51
50
53
38
18
20
21
14
-3
-13
-13
-24
-45
-60
-59
-64
-63
-65
-56
-66
-53
-62
-63
-59
-66
-47
-38
-26
-29
-26
-39
-40
-24
-34
-42
-40
-37
-34
-58
-70
-73
-87
-79
-79
-77
-66
-77
-69
-49
-52
-57
-44
-44
-32
-30
-36
-44
-30
-23
-30
-28
-30
-20
-38
-48
-52
-66
-81
-109
-128
-136
-147
-170
-174
-173
-178
-169
-168
-162
-155
-145
-162
-169
-162
-161
-164
-151
-158
-137
-130
-139
-116
-111
-123
-107
-115
-112
-85
-105
-92
-68
-59
-66
-59
-60
-39
-15
-18
0
14
25
29
25
28
42
42
35
63
69
66
80
63
58
62
43
52
52
40
44
44
33
39
48
41
36
45
49
46
24
24
16
26
15
16
22
3
-3
-25
-23
-18
-31
-53
-54
-54
-53
-83
-68
-49
-58
-51
-57
-60
-48
-61
-64
-39
-41
-41
-40
-41
-28
-6
-18
-12
-18
-30
-19
-16
2
7
25
8
-9
-1
0
-1
2
-9
-4
-2
-13
-6
-7
1
-5
-18
-12
-7
-28
-21
-13
-32
-22
-22
-24
-14
-31
-37
-37
-42
-56
-58
-71
-78
-65
-71
-65
-60
-51
-49
-63
-69
-51
-47
-57
-50
-63
-62
-61
-87
-64
-59
-64
-56
-69
-54
-44
-50
-48
-57
-57
-53
-47
-38
-37
-43
-59
-63
-65
-65
-52
-57
-56
-54
-67
-82
-85
-90
-94
-92
-82
-71
-48
-63
-68
-85
-108
-115
-116
-110
-105
-91
-88
-70
-73
-62
-62
-67
-53
-61
-57
-32
-28
-26
-52
-47
-43
-52
-53
-51
-23
-35
-50
-61
-41
-37
-42
-55
-46
-47
-49
-64
-81
-71
-63
-55
-45
-45
-11
-21
-49
-18
-18
-27
-24
-49
-50
-37
-56
-68
-72
-76
-85
-85
-92
-96
-78
-77
-102
-85
-86
-98
-93
-91
-72
-62
-64
-74
-59
-62
-77
-73
-68
-56
-53
-83
-87
-92
-110
-113
-117
-80
-75
-102
-89
-87
-77
-76
-95
-85
-87
-90
-77
-73
-60
-60
-77
-57
-51
-58
-47
-41
-41
-43
-52
-48
-49
-39
-22
-31
-6
-7
-17
7
0
19
39
43
36
18
25
20
17
11
10
11
0
6
8
25
22
17
8
-5
-3
-17
6
20
9
23
24
9
5
15
10
18
26
28
31
26
22
33
39
34
28
24
53
51
50
60
60
64
84
84
116
121
100
103
86
88
87
78
87
90
74
65
53
56
52
52
57
57
59
67
71
85
79
63
81
86
92
112
98
108
122
104
100
99
102
121
114
101
106
115
118
88
98
89
82
72
61
81
101
88
81
71
70
69
48
70
62
48
51
44
42
43
29
46
47
34
46
26
44
59
54
49
49
45
50
47
36
47
40
30
43
52
56
85
84
93
108
101
99
95
92
97
96
92
103
101
102
92
83
78
66
62
64
74
71
64
60
64
52
43
46
58
47
47
52
45
60
64
65
71
73
82
76
85
85
85
100
103
107
114
112
105
90
93
88
88
65
47
49
54
60
59
68
71
59
64
67
64
74
71
72
65
72
74
74
64
49
51
52
36
26
28
15
23
5
-11
-12
-7
-25
-41
-44
-62
-61
-82
-76
-55
-47
-30
-38
-43
-44
-16
-1
1
24
25
22
21
7
8
27
20
20
26
24
15
16
15
37
27
10
5
-5
-10
-10
-16
-12
-8
2
14
30
41
33
29
17
4
26
27
24
36
41
45
56
46
65
73
74
77
62
79
51
52
44
49
49
52
54
36
49
42
30
51
44
60
71
59
71
50
15
2
-10
2
40
59
64
85
91
81
83
69
58
69
51
55
68
79
85
82
82
86
78
77
111
124
133
134
107
101
102
101
104
88
92
82
52
47
59
69
54
34
36
26
1
7
-4
17
29
6
24
40
48
48
40
35
65
71
74
86
99
107
107
114
116
127
139
130
131
150
145
146
150
138
139
130
123
132
128
138
140
141
152
161
152
165
174
171
173
175
169
172
167
148
165
171
174
171
152
171
167
155
174
175
175
169
147
157
164
141
132
135
125
130
127
142
166
167
156
170
153
156
174
157
164
152
142
132
123
103
101
106
96
86
93
93
81
85
61
58
55
62
72
79
80
66
44
24
29
28
30
47
50
34
36
47
46
55
54
51
51
65
82
85
65
44
37
24
26
40
50
43
55
49
50
66
61
88
97
100
102
77
73
56
48
49
49
43
37
39
37
29
21
22
14
11
-3
4
5
-1
-15
-31
-20
-35
-29
0
5
16
8
-24
-6
-26
-40
-50
-71
-51
-61
-65
-55
-30
-29
-27
-24
-33
-34
-35
-41
-43
-24
-13
-14
-14
-13
-2
-5
-5
21
36
40
37
35
44
45
34
44
43
30
21
9
41
59
52
59
49
49
37
12
16
14
5
-2
-16
19
30
20
18
29
16
-6
-17
-4
-2
-2
5
-16
-9
-27
-25
-22
-9
2
7
-3
4
8
22
27
32
26
13
5
-12
-20
-18
-35
-22
-27
-44
-21
-17
-20
-24
-34
-40
-53
-41
-48
-41
-12
-29
-25
-14
1
7
17
5
2
16
1
-2
5
6
3
-8
-18
-25
-26
-40
-23
-3
1
8
11
-2
-40
-49
-51
-40
-29
-36
-43
-16
-19
-20
9
0
5
2
-26
-12
11
-14
5
-3
-9
-2
-24
-1
3
-17
-19
-34
-24
-20
-35
-46
-65
-62
-53
-65
-40
-27
-15
-12
-21
-8
-19
-37
-39
-14
-4
-21
-35
-26
-21
-40
-57
-56
-40
-51
-84
-79
-61
-70
-62
-62
-60
-45
-51
-36
-25
-16
1
-1
-9
5
20
18
19
19
34
26
18
28
24
28
35
18
38
28
10
37
46
48
34
13
11
26
27
42
72
85
118
139
153
131
85
72
52
76
147
151
147
202
190
156
98
78
79
58
83
63
18
26
21
31
-31
-42
-40
-34
-28
-41
-41
-32
-15
4
15
-36
-55
-48
-40
-39
-53
-65
-93
-92
-87
-102
-83
-89
-93
-72
-36
-34
-75
-88
-126
-154
-126
-42
-15
-6
-10
-36
-80
-124
-116
-140
-111
-77
-81
-78
-119
-144
-149
-157
-170
-135
-117
-138
-110
-124
-127
-147
-120
-135
-168
-170
-163
-186
-140
-162
-106
-68
-50
-5
-15
32
25
-75
-144
-168
-221
-164
-149
-160
-144
-146
-108
-119
-150
-175
-186
-136
-155
-140
-185
-128
-130
-121
-115
-113
-92
-70
-44
-96
-86
-54
-52
-24
-27
-22
-23
-46
-28
-43
-30
-13
9
59
51
35
32
-25
-32
-41
-53
-23
32
-5
15
47
51
54
22
29
19
20
62
160
92
152
38
52
24
-8
-20
-12
-11
-2
-8
-38
-28
-45
-15
3
-12
23
11
-32
-105
-98
-70
-91
5
21
9
14
22
48
39
36
69
56
60
85
47
10
1
-17
-18
18
11
21
-59
-23
28
11
37
-20
14
56
67
60
26
61
107
32
53
118
18
-48
-28
-16
-4
28
26
28
-20
-8
39
19
-28
76
18
-8
-84
-186
-137
-204
-103
-114
-91
-49
-5
-35
-59
-82
-72
46
33
40
23
39
-6
-22
17
-46
-68
-7
-5
-64
18
-32
-4
32
25
29
-7
18
95
16
58
67
46
75
82
41
36
11
-22
-15
29
69
33
78
48
53
27
14
-4
-22
-1
17
-29
-33
-5
-24
54
45
16
-26
-47
-33
18
-5
21
62
61
89
69
69
46
55
38
49
85
55
107
111
92
52
41
7
19
-1
13
12
47
37
24
17
2
16
38
18
44
49
36
107
41
104
132
85
77
95
-16
27
8
33
61
28
55
35
-14
-5
-83
-94
-44
-77
-37
-9
-6
-8
-42
-81
-117
-171
-67
-77
-18
-8
-19
-47
-22
-13
-5
-35
-52
4
10
42
-6
0
55
23
26
1
-7
23
-15
-16
-49
-66
-61
-32
-63
-21
-52
-76
7
-21
-11
-3
42
92
56
-14
-32
-45
-67
-56
-136
-109
-99
-44
-52
-80
-82
-37
-59
-57
-106
-166
-65
-15
9
-3
-3
-21
-12
-7
16
-10
-5
45
67
45
27
45
74
66
17
-43
15
-12
43
101
94
39
-40
-48
-36
-26
-13
22
37
23
32
-9
-32
-47
9
107
146
148
100
82
15
33
16
49
65
41
1
31
3
20
3
-61
-20
-9
16
22
-30
-37
-5
10
84
-14
22
-21
-42
13
-1
-19
32
53
45
-18
-2
-5
-1
-36
39
41
-9
-21
-28
-14
-17
43
16
6
-67
-57
-76
-23
18
37
-15
-56
-93
-103
-114
-47
-54
7
12
46
61
1
30
-3
78
44
130
44
78
79
26
72
65
15
13
16
37
51
24
59
85
11
13
42
40
81
8
17
-3
-23
17
83
72
60
127
21
46
57
1
0
-17
67
85
71
7
68
-55
15
15
-80
-114
-108
-40
14
18
-6
-43
-119
-23
-116
-73
-94
-18
-64
7
55
30
-36
11
106
30
80
33
8
-79
14
101
94
112
126
84
-6
-43
-62
-105
-51
41
70
130
80
92
5
3
-26
33
69
132
164
136
135
110
112
94
45
14
84
75
139
110
95
104
76
114
96
133
129
80
82
5
28
108
106
55
28
67
96
76
81
77
34
90
44
-4
-36
-22
64
104
57
12
-47
-35
-53
-89
10
-8
54
86
-32
-147
-162
-131
-50
-50
-135
-156
-92
-164
-116
-210
-166
-97
-112
18
-34
-74
-122
-169
-139
-147
-231
-140
-200
-220
-61
-42
-54
-147
-108
-96
-56
-59
-170
-128
-101
37
4
-55
-144
-69
-97
-100
-88
-177
-3
45
25
47
-46
-128
10
-21
-10
60
34
111
51
107
143
86
125
134
127
77
23
73
71
103
198
178
183
54
-14
58
138
95
198
63
111
53
-25
-15
-58
-56
-28
38
37
-72
6
132
134
18
5
-49
27
-44
10
114
37
144
182
158
-107
-34
-106
58
-55
-130
-12
-59
8
41
14
0
-88
-7
57
-27
108
31
-39
-2
15
55
55
24
94
58
93
35
-130
-151
-64
122
142
173
37
-8
-62
-102
-174
-113
-16
32
-51
-1
-31
56
-12
-116
-193
-201
-93
-146
-44
84
-2
85
118
89
-59
-147
-182
-205
-118
63
57
-31
-7
-166
-34
-88
-15
-5
-144
12
-78
-51
-24
-60
-159
-3
117
58
58
-14
17
-64
6
42
73
-48
29
-42
-69
-61
-94
-42
-39
-38
29
90
-25
99
-7
-10
-67
-88
-68
42
41
111
26
31
97
-69
-25
-27
-106
62
143
87
167
13
11
-63
-72
35
-4
13
55
16
-2
-72
99
2
36
-5
-27
55
15
201
188
142
35
281
188
123
57
45
78
84
331
229
93
100
214
101
102
68
22
96
94
130
87
43
125
58
89
136
41
96
64
89
115
98
7
90
-15
-28
7
-211
-48
-63
57
31
90
47
-4
-101
-103
-98
-220
-104
20
-35
-32
94
-47
80
-57
-113
-75
-79
-69
66
49
25
98
91
18
-98
-100
-43
-10
-22
41
-88
-27
-63
146
51
18
-84
-112
-129
-64
-150
-206
-11
41
117
-210
66
-73
-98
-159
-159
-188
-89
-43
-2
90
-112
-142
-276
-34
-102
-106
-46
26
-70
-158
-62
-86
-236
-175
18
181
54
-157
-19
-34
-122
-63
119
43
-72
-21
-102
-88
-256
-108
117
86
182
69
-111
-213
-69
-159
-52
-29
123
188
198
0
-123
-123
-183
14
-54
-37
138
-111
173
36
17
106
-34
94
-180
-266
-45
80
-33
167
-52
272
-2
10
-106
-196
159
158
0
203
-94
37
92
206
-6
47
163
255
107
-190
142
53
252
141
198
194
57
71
-45
-49
141
321
306
231
175
91
159
-87
126
65
331
221
81
186
-1
27
150
106
99
117
130
95
17
-20
24
-65
-20
-25
-73
73
-19
242
-47
241
112
-139
44
-102
110
135
-83
96
-56
-208
67
-255
-11
123
7
155
26
-73
-195
-173
144
84
-39
116
105
-35
-94
-95
17
-47
75
127
-82
192
-9
79
174
18
13
-2
110
-80
182
-147
-47
57
87
115
-17
36
-86
-140
-115
217
-179
-191
-26
-24
144
-96
162
36
-122
-64
-188
143
37
159
360
16
267
-99
-142
-60
-25
260
128
106
187
86
-221
119
264
-269
335
-326
320
-16
208
-36
-198
-356
420
197
149
174
-267
291
52
35
-91
-232
-145
337
-42
297
-113
360
-1
82
-355
-67
-86
-175
-175
-218
128
70
324
-44
-13
-593
-154
-84
228
-205
123
-64
-118
-4
-7
-83
-158
0
-13
35
-232
73
-359
-196
-70
97
193
-131
-134
-250
15
-72
-53
34
32
-149
172
-107
-483
-234
243
36
506
-288
-130
-122
-85
-326
-249
-381
517
10
177
184
-193
-180
-45
-210
-308
-42
-77
230
169
-3
78
-19
-96
-16
-318
-388
-132
-306
156
-50
-62
100
-401
94
-172
-12
-168
208
36
-61
-610
-42
-342
61
3
339
53
39
-171
-303
-145
-327
62
-114
73
-45
121
-158
-68
207
-93
90
-50
-229
-250
-259
30
148
-39
54
123
-224
-188
-225
20
171
169
149
127
-287
-88
21
-202
6
-208
-73
196
-21
-173
30
-253
57
-125
-166
-176
-18
227
206
159
-286
216
-433
120
-363
77
-92
144
362
29
147
-193
-281
-290
105
-334
27
-269
318
241
44
124
7
-280
104
-417
-250
82
126
266
259
-201
-633
54
-143
242
149
90
-37
-146
290
-19
-295
-110
257
161
360
93
-70
-416
326
72
303
-318
-137
-132
-166
139
91
-130
202
247
-217
1
-285
-66
-257
163
9
2
-60
513
-32
95
147
-119
-250
-243
-76
-99
432
124
676
171
144
-512
151
-311
158
7
233
152
214
137
80
30
26
-84
-26
493
-220
215
130
175
474
59
271
-186
-69
136
227
251
-58
12
-315
-56
148
95
70
210
-138
194
-250
29
12
-319
-322
507
391
91
-105
-473
232
-176
422
3
33
-228
501
262
145
42
-245
187
-157
-184
-125
-106
164
264
339
-145
60
-106
-114
363
-105
599
-17
119
-52
239
-29
-143
-61
-369
329
238
430
-85
-589
231
102
398
-165
66
-224
8
-116
-20
-367
-77
163
137
231
-250
111
-78
-20
140
-432
-307
781
-175
360
-206
42
269
294
190
191
-804
-219
244
-255
287
0
110
126
-135
54
64
-213
-58
55
168
267
178
-59
-119
263
-217
-93
70
-22
291
-255
196
-105
50
283
375
-223
-397
149
-51
190
-356
4
188
53
98
123
-148
-440
156
-122
243
-59
189
78
-81
47
-310
-261
263
67
-11
-33
-112
-147
326
-112
180
-247
22
349
-290
239
-376
43
43
88
-18
49
-387
7
375
-42
33
-171
-480
-173
136
23
94
-185
74
-36
-2
-300
-159
-505
232
290
182
340
-2
-99
-239
-62
212
-32
-1
184
87
325
-67
19
-270
-392
104
71
113
192
4
-259
373
-255
137
-429
283
252
-1
116
-374
56
-565
225
96
426
305
161
-51
-238
-245
-4
307
-209
-31
-221
290
206
-190
-224
66
-187
201
-22
11
-136
73
150
464
-168
69
-77
-133
-214
151
506
1
-98
-63
153
245
140
-10
444
-236
320
-307
208
24
498
51
180
203
-186
136
-479
134
-373
257
177
-124
-595
-311
229
436
-33
185
-260
4
-103
-55
-130
59
497
384
443
-413
187
-624
426
-18
107
-111
107
170
115
-305
-417
87
-45
74
-93
179
-243
301
-73
74
-163
254
-104
-544
-459
138
274
-140
284
-257
310
29
-232
260
-628
59
200
33
90
158
169
123
-4
-123
-10
-105
243
-21
-141
-52
-5
59
45
142
9
45
269
266
41
146
164
163
-86
-10
-66
371
106
37
-255
-81
202
248
51
-160
-106
188
413
227
162
-177
-12
202
-17
393
-396
-318
-186
-567
237
220
-20
286
278
82
-155
-526
36
-411
-107
-9
-115
244
215
79
-207
-186
-177
178
-470
277
-774
4
367
129
-120
-358
-245
48
-85
2
562
-356
537
-327
295
-195
289
212
500
-80
-3
-80
-53
239
-64
-148
-3
517
-216
405
-751
232
-67
-327
-34
212
-441
442
164
-200
94
-375
6
-293
-355
-19
-104
-180
642
-410
80
-119
-223
-165
-17
-69
278
-353
92
-85
-318
67
212
12
-99
274
-161
-344
5
-266
-145
-59
-29
-172
-281
-252
244
-434
485
144
-126
234
-257
89
-620
-232
-351
282
-374
211
86
59
154
-19
-122
-271
-391
266
-310
-164
244
-111
241
15
202
-33
-373
-456
-70
-465
65
-314
-46
37
416
483
537
307
-99
-839
-140
3
-121
129
-200
151
-102
32
264
-181
-665
-177
178
268
462
-233
341
165
331
416
112
-141
-404
-150
-411
-27
-147
265
293
22
312
-319
-104
17
358
114
18
-157
-181
-276
-124
-152
-536
29
163
159
3
116
-678
95
201
211
-146
2
34
288
-78
48
191
-224
449
-236
-162
-158
-288
-51
575
120
158
33
-29
-445
-428
-37
-139
-201
216
143
4
372
-89
238
-244
-305
-146
-292
-228
-454
-115
159
102
28
133
-17
-392
-221
-342
195
-215
31
-134
-139
-173
42
144
-301
-254
-347
173
-328
-494
-683
-964
-411
-198
84
279
380
115
578
127
-169
-17
117
277
98
230
216
81
219
44
-446
-222
-5
-59
118
-30
101
369
549
218
-122
-456
-466
-709
-345
107
30
337
268
74
18
194
0
-71
-418
-176
130
210
605
59
190
128
220
-56
-148
-176
-408
-240
61
-22
-227
-258
-48
434
425
215
234
-18
-172
107
32
18
283
488
733
540
-233
-58
-387
-258
-75
-104
-153
332
98
315
100
-248
-94
-240
22
-82
-309
-379
-122
-166
39
237
234
113
32
-72
-112
-411
-255
76
132
233
14
169
-31
147
-104
-341
-542
-143
13
116
124
-171
-183
-311
39
109
-328
-118
114
-36
154
-65
-265
-392
-254
-207
-489
-986
-628
-322
-32
234
181
116
180
243
-147
-217
-234
71
191
422
280
136
-83
-134
-162
-415
-298
-155
-179
-191
-106
-139
-168
-114
-182
-256
-253
-225
-147
-183
-69
-85
-89
-107
-171
-90
32
133
256
194
50
83
-9
-139
-196
-83
50
23
63
51
-101
-181
-127
-82
-217
-208
-89
-177
-92
-144
-25
-2
5
80
82
-17
-51
-56
-31
-119
-141
-96
-147
-21
9
121
281
262
156
178
-83
-118
-81
-109
30
72
157
294
316
175
111
-51
-55
-99
-39
73
29
85
88
-11
-12
32
-40
-77
-30
-24
-3
-75
-81
-39
22
33
133
29
33
121
57
75
155
152
60
119
115
80
40
-2
-112
-217
-293
-359
-332
-383
-363
-332
-344
-311
-215
-131
-154
-146
-257
-208
-254
-185
-89
-64
-49
-77
-158
-152
-137
-156
-97
-124
-107
-45
-60
-133
-147
-246
-214
-218
-290
-301
-271
-174
-106
28
194
290
304
379
244
230
202
212
259
257
260
310
329
266
263
157
267
273
364
536
527
508
549
447
319
267
173
256
305
332
441
452
325
276
222
276
266
241
436
463
531
580
493
479
438
374
392
167
21
-7
-175
10
-71
-92
-43
-223
-273
-431
-611
-653
-798
-754
-723
-763
-778
-767
-654
-566
-598
-567
-580
-592
-615
-628
-594
-582
-585
-554
-650
-675
-661
-666
-598
-636
-591
-538
-518
-448
-354
-342
-248
-180
-82
4
131
329
410
513
622
672
740
1005
1194
1397
1512
1667
1857
1968
2070
2205
2184
2176
2340
2307
2541
2712
2846
2954
2968
3045
2965
2799
2728
2612
2525
2319
1757
1119
272
-486
-1293
-2450
-3454
-4527
-5145
-5472
-5661
-5326
-4847
-3969
-2930
-2149
-1225
-483
287
958
1093
1247
1103
777
349
-265
-912
-1446
-1878
-2338
-2734
-3030
-3373
-3587
-3829
-4129
-4249
-4419
-4133
-3624
-2868
-1851
-959
-18
659
1198
1464
1462
1451
1207
967
754
588
596
620
774
972
1137
1482
1719
2051
2340
2522
2813
3064
3245
3657
3973
4329
4948
5448
6254
7011
7578
8230
8693
8974
8696
7295
4693
846
-3750
-7678
-10907
-13118
-13738
-13597
-11866
-9267
-6660
-3478
-722
1881
4116
5136
5470
5275
4493
3993
3402
2860
2763
2470
2381
2091
1473
956
218
-1024
-2812
-5104
-7490
-9605
-11253
-12092
-12025
-11059
-9185
-6696
-3847
-924
1641
3542
4758
5227
4978
4386
3574
2888
2232
1565
1071
584
110
-410
-1003
-1567
-2242
-2946
-3530
-3963
-3912
-3498
-2893
-1861
-663
503
1888
3020
4067
5177
5879
6435
6819
7113
7810
8651
9391
10246
10721
10686
10507
9610
8528
7361
4767
1189
-3380
-8635
-13078
-16058
-17598
-17147
-15176
-12450
-8409
-4350
-405
3682
6422
8629
9794
9379
8713
7359
5744
4932
3786
3002
2457
1153
184
-1117
-2771
-4203
-5882
-7862
-9679
-11515
-12571
-12365
-11385
-9469
-6791
-3924
-844
1794
3503
5042
5471
5206
4608
3173
2103
1333
705
464
138
-33
-138
-778
-1161
-1730
-2353
-2708
-3129
-3370
-3345
-2816
-2053
-926
107
1137
2128
2474
2971
3318
3500
4133
4510
5066
5802
6394
7315
8262
8793
9361
9615
9025
8019
6968
5340
3977
2905
765
-1706
-4830
-8520
-11184
-12944
-13102
-11747
-9558
-6823
-3738
-1069
1346
3611
4921
6127
6613
6171
5518
4292
3053
2594
1794
1298
684
-928
-2285
-3978
-5678
-6699
-7764
-8498
-8971
-9257
-8886
-7683
-6040
-4018
-1760
15
1452
2107
2200
2072
1578
1186
904
417
423
677
961
1325
1583
1650
1547
1177
669
154
-520
-1024
-1562
-2008
-2299
-2211
-1999
-1611
-1026
-614
83
449
1059
2034
2799
3654
4779
5499
5931
6743
7045
7359
7744
7283
7203
6509
5662
5171
3774
3259
2905
2269
2251
-148
-3398
-6538
-11470
-13183
-14229
-14477
-10722
-8394
-4561
-480
1430
5023
6785
7440
8604
6888
5254
3505
662
-279
-1277
-1796
-1604
-2560
-3238
-3934
-4785
-5223
-5525
-5916
-6349
-6534
-6562
-5701
-4070
-2209
205
2066
3412
4359
4209
3957
3134
2038
1316
117
-69
64
384
1368
1499
1923
1688
758
372
-738
-1107
-1444
-2218
-2307
-2888
-2777
-2277
-2000
-1307
-864
-451
-125
367
1240
2034
2857
3499
3767
3731
3880
3901
3919
4007
3805
3678
3122
2561
3266
3578
4238
5185
4476
4661
4625
3910
2222
-1860
-5779
-10815
-13928
-14476
-14502
-10763
-7184
-3431
1031
2782
5347
6977
6788
7443
5798
4138
3153
1098
1443
1768
2138
3207
2344
1069
-460
-2886
-4982
-6850
-8752
-9616
-9515
-8737
-6082
-2981
343
4114
6185
7712
7599
5883
4607
1932
37
-1099
-2440
-1576
-1058
-130
1239
553
581
-396
-1888
-2088
-3121
-2989
-2790
-3125
-2303
-2328
-2030
-1402
-1641
-1254
-1459
-1695
-1209
-896
266
1363
2028
3050
3116
3269
3243
2528
1975
1107
1007
948
1375
2187
3160
4504
5462
7129
7013
6783
7342
5572
3997
2493
63
-2064
-6137
-9408
-10262
-11773
-10402
-8615
-7049
-2982
-365
2531
4670
5025
6528
6983
6375
6538
6089
5707
5330
4102
3213
2112
385
-1692
-4466
-7341
-9259
-10381
-10918
-9722
-7389
-5091
-1989
652
3001
5344
5915
6120
4771
2314
472
-2156
-3541
-3957
-3707
-2713
-2162
-753
128
222
234
-56
-307
-1115
-1576
-1561
-1777
-1532
-1626
-1979
-2483
-3070
-3084
-3105
-2515
-1469
-543
601
1494
2542
3347
3544
3567
3100
2750
1683
1055
1131
686
1597
2374
3181
4714
6086
7898
8497
8686
8012
6219
5216
3735
2263
-147
-3611
-8803
-13219
-14365
-15302
-12633
-8510
-5254
6
2689
4646
7298
7241
8803
9004
7110
6859
4544
3542
3365
1861
1868
234
-2657
-5348
-8632
-10716
-11395
-11095
-9595
-7109
-4617
-1546
1838
4522
7283
8407
7868
6749
4136
1549
-673
-3479
-4923
-6443
-7154
-5979
-5334
-2885
-1007
-338
573
-102
147
-97
-237
902
373
68
-865
-2641
-3507
-4684
-4879
-4487
-4231
-2961
-1892
-287
1505
2904
4250
4167
3810
2815
1709
993
-41
-64
-287
-501
275
1677
3940
6039
8346
9668
9597
9728
8895
8435
7064
6146
4847
-698
-3994
-9691
-15319
-14420
-15830
-12710
-7230
-5125
1600
4713
6251
10105
8805
9562
9389
6305
6599
4593
3439
4146
2355
1487
-316
-4040
-7423
-10753
-13519
-14557
-13615
-11735
-7954
-3392
509
4801
7791
9581
10245
8550
6496
3793
-95
-3146
-5364
-7151
-7261
-6225
-5454
-3579
-1676
-458
794
604
1098
1584
1231
2081
1445
533
-328
-2495
-3608
-4929
-5309
-4421
-3607
-1625
-20
2000
3483
4001
4655
3371
2563
1264
-710
-1278
-1970
-1412
-328
160
1821
2821
3404
5105
5447
5959
6675
6716
7431
7196
6565
7644
7779
5711
3182
-954
-7350
-12857
-15853
-17323
-15401
-11173
-6571
-1157
2911
6348
9256
9616
9946
9420
7625
6702
4710
3682
3755
2233
1158
-903
-4617
-7463
-10328
-12390
-12269
-10755
-8008
-4161
-357
3243
6219
7783
8383
7295
4901
2517
-339
-3948
-5600
-6318
-7201
-5473
-3867
-2349
-953
-122
1115
808
1480
2391
2527
3569
3130
2139
777
-2048
-4311
-6391
-7671
-7532
-6690
-4650
-2224
81
2633
4235
4651
4413
3231
1568
-10
-1162
-1581
-1454
-1092
-243
657
1551
2801
4186
5695
6642
7954
8715
8566
8643
7555
7559
7546
4798
1757
-2569
-9482
-14174
-16680
-18063
-15185
-11247
-6797
-1039
2270
5622
8361
8714
10478
10511
9786
10171
8205
7570
7285
4667
3035
-269
-5094
-8509
-12387
-14407
-13874
-12355
-8831
-4742
-1034
2718
5174
6533
7330
6473
5223
3910
1723
209
-627
-1738
-1917
-2021
-2160
-2096
-2655
-2481
-2925
-2771
-2347
-2009
-265
147
685
846
-998
-2344
-4880
-6764
-7027
-7320
-4804
-2363
227
3201
4303
5569
5315
4156
2459
229
-1624
-3122
-3069
-3223
-2505
-842
-369
1215
2738
3887
6524
7816
9556
10648
9168
9668
8857
7887
8954
4371
288
-2487
-11892
-16004
-17346
-19443
-13377
-9270
-4840
2094
3519
7422
9247
7963
10950
9530
8819
10399
7712
8279
8822
5801
3586
-873
-6765
-11503
-15741
-17081
-15304
-12334
-7636
-2629
1053
4938
7242
7381
7929
6205
3325
2335
222
-37
1269
1128
1515
795
-828
-2754
-5386
-6485
-6899
-6819
-4860
-2770
-992
658
1442
863
-550
-2723
-5210
-6420
-6325
-4795
-2205
776
3295
4521
4781
3880
2453
921
-763
-1856
-2599
-2334
-1827
-1579
-406
284
1002
2113
3004
4799
7570
9737
11117
11634
10160
9471
8072
6910
6818
2294
-1271
-6009
-14305
-16502
-18116
-17354
-10804
-7232
-1424
2952
3749
7222
7045
8199
11216
10361
12208
12730
10834
11078
8868
5448
1434
-4840
-10639
-15453
-18122
-17240
-14119
-9672
-4609
-864
1616
3658
4363
4754
5462
5227
4833
3764
2764
2544
2080
1623
417
-1352
-3804
-6525
-7613
-8030
-7009
-3999
-1942
197
1497
1451
537
-1753
-3574
-5427
-6848
-5978
-4770
-2915
363
3023
4298
4825
4299
2601
1079
-607
-2023
-2677
-2624
-1982
-1489
-529
248
371
1645
2810
4759
7522
9617
11346
10598
9494
8667
6235
7325
7345
2955
558
-5685
-12270
-13500
-15257
-12465
-7427
-4390
585
1120
953
2965
1568
4279
7821
8550
12248
13292
12480
12567
9518
5843
763
-6263
-11358
-15426
-16743
-14008
-10597
-6393
-2399
-1184
-669
-502
-682
398
1683
3028
4180
4683
5428
5344
3901
1703
-1279
-4245
-6148
-5945
-5420
-4087
-1369
-322
105
272
-947
-2192
-3291
-4272
-5188
-6228
-5658
-5031
-3895
-1210
578
2001
3096
3145
2668
2214
1774
1541
1164
977
807
471
673
813
913
1400
2712
4258
5658
7459
8564
8798
9147
7793
7197
7723
8230
6886
2760
-2494
-9282
-12515
-13090
-12658
-8977
-5916
-3556
-2055
-3137
-2358
-2137
-590
3903
6309
10390
13499
13704
13942
11488
7746
3216
-2714
-7267
-10490
-11739
-10492
-8349
-6071
-4282
-3989
-5074
-5630
-5527
-4518
-1879
1093
3991
5670
6347
5922
4658
3771
1875
314
-337
-1416
-1254
-1044
-1464
-856
-1268
-1718
-2594
-3960
-4331
-5634
-6177
-5912
-6109
-4798
-3279
-2313
-630
474
1385
1961
2560
3343
3189
3456
3377
2308
2576
2613
1871
1665
707
961
1605
2743
4725
4614
5719
5944
4507
5159
4870
6274
8436
7880
6517
-494
-8095
-10622
-13645
-11361
-7149
-4668
-407
-534
-1580
-2714
-5311
-3277
-791
2082
7594
10540
13209
14784
12848
10182
5556
171
-4192
-7742
-8253
-6602
-4989
-3443
-3018
-4141
-5892
-7774
-8313
-6457
-3261
495
4156
6076
6403
5394
3110
1508
285
-991
-526
519
705
714
190
-738
-1955
-3089
-3727
-4823
-4603
-3678
-3852
-3728
-3694
-4241
-4878
-5024
-4642
-3626
-1451
521
1741
3171
4005
4440
3852
3563
3871
2944
3850
3405
2243
3478
2516
3388
3906
2520
3117
1581
2280
3555
3567
6127
6733
6908
4202
-3329
-8103
-10549
-9975
-6387
-3453
309
1357
-103
-2502
-6677
-7924
-6204
-2465
2575
6753
10393
12164
12057
10351
7217
4267
1430
-1039
-2218
-1920
-1061
-1208
-2465
-4863
-8184
-10893
-12222
-10703
-6782
-2214
1902
4373
5236
3654
1467
765
207
714
1645
2430
3221
2413
1483
-401
-2508
-2390
-2792
-2778
-2122
-2275
-2054
-2879
-4100
-4958
-6422
-6588
-6216
-5692
-3753
-1887
-498
484
1341
1955
2089
2559
3461
4451
4984
5367
5115
4738
4838
4658
5309
5425
4167
3347
1737
865
1450
1805
3169
4200
3778
474
-5694
-8411
-7960
-5954
-1481
1053
2096
1743
-1533
-4748
-7929
-7953
-3697
340
4724
7881
8394
8532
6952
4994
4061
2927
2762
2716
2766
3304
2072
-464
-3531
-7060
-9691
-10949
-10539
-7887
-4370
-1555
288
953
-66
-2048
-2524
-1009
1292
4150
6428
6882
6268
4623
1769
-747
-1781
-1497
-682
94
421
-647
-2458
-4288
-6124
-6999
-6765
-6396
-6006
-4792
-3778
-3292
-2793
-2120
-1229
-208
1232
2967
4740
6951
7982
7234
6607
6024
5340
6173
7297
6789
6501
5149
2423
622
-864
-1260
-574
-951
-2760
-6729
-8332
-6506
-4751
-1022
1716
1669
1298
-1430
-4173
-5650
-5167
-733
3098
5521
6580
4669
3263
1995
1300
2931
4249
5387
5627
4663
4039
1935
-843
-3435
-6212
-7586
-7976
-7407
-5567
-4066
-3299
-3443
-3928
-4385
-4821
-3235
-627
2151
5030
6585
6868
5717
4031
2780
1302
1036
1830
2017
1971
889
-1157
-3272
-5466
-6559
-6371
-5483
-4258
-3463
-3908
-4331
-4885
-5845
-5045
-3831
-2004
698
2417
4523
5644
5836
6877
6732
7442
8367
8367
9992
9588
7410
6052
3385
1943
1160
-2005
-3585
-4712
-8632
-10315
-9812
-8549
-5006
-3207
-2360
-1743
-3930
-3591
-2988
-3293
828
3984
6249
8173
5542
3572
2128
96
1358
2780
4531
6276
5135
4165
2855
-71
-2396
-4739
-6412
-6634
-6661
-6089
-4973
-4761
-5533
-5991
-5613
-4769
-3615
-1451
1097
2773
4230
5514
5761
5580
5739
5816
5363
5014
4793
3778
2636
1073
-1092
-2918
-4784
-5813
-5661
-5215
-4445
-4221
-4303
-4343
-4736
-4702
-4285
-3472
-1779
38
1490
2820
3631
4511
5497
6904
8253
9014
9922
10854
10604
9497
7436
5262
4124
658
-2963
-4843
-9015
-11422
-11070
-10421
-7433
-6255
-6563
-6225
-8538
-8632
-7088
-5528
14
4449
7468
9836
7464
4922
3185
1852
3251
4472
6175
7472
5640
3621
1574
-679
-2170
-3836
-4434
-4089
-4310
-4677
-5003
-5775
-6696
-7563
-6949
-5127
-3880
-1717
722
1805
2866
3466
3803
4423
5018
6314
7103
7184
6856
5674
4095
2778
1322
-69
-1050
-2241
-3514
-4543
-5490
-6313
-6742
-6464
-5639
-5158
-4831
-4363
-3788
-2905
-1544
88
1607
3303
5098
6416
7262
8338
9075
10205
11150
11529
10874
9267
6719
2375
-666
-2860
-7027
-9486
-9705
-9722
-8666
-9815
-11309
-11993
-13249
-11611
-9302
-6687
-1980
1356
4727
6627
5611
5658
5938
6582
8246
9193
10094
9087
6205
4166
2240
801
-253
-1645
-2329
-3312
-4849
-5977
-6635
-6998
-7728
-7861
-7474
-6776
-5218
-3385
-1894
-714
433
2007
3429
4319
5033
5573
6138
6595
6806
6410
5493
4592
3700
2978
1991
836
-522
-2087
-3535
-4851
-5671
-6077
-5881
-5623
-5861
-5633
-5349
-4520
-2987
-1383
629
2238
4133
5794
6936
7758
8295
8870
9970
10290
11027
11293
7928
3923
453
-4502
-6177
-5602
-5618
-4928
-7513
-10671
-12475
-15282
-14764
-13257
-11556
-6646
-3674
-1080
727
-575
-173
1073
3347
7513
10193
11904
11435
8604
6517
4921
4352
4522
4087
3200
1158
-1464
-3692
-5629
-7049
-8041
-8394
-7678
-6968
-6215
-5773
-5741
-5133
-4150
-1944
487
1842
3091
3962
4327
4872
5458
5803
5731
5541
5966
5995
5626
4929
3402
1868
675
-372
-1101
-1883
-3245
-3713
-4645
-5209
-5278
-5805
-5113
-4139
-2783
-536
1293
2490
3376
4246
5400
6779
8029
8166
9026
9621
8243
6536
3899
538
-708
-754
-185
-436
-3398
-6674
-9937
-12670
-12795
-12104
-10801
-8630
-7636
-6502
-5852
-6216
-5247
-3640
-1013
2738
5294
7267
7986
7036
6681
6837
7444
8232
8108
7183
5221
1952
-281
-1605
-2869
-3442
-4642
-5267
-5570
-6003
-6270
-6903
-7518
-7053
-5177
-2675
-634
243
338
412
971
2158
3465
4356
4748
4965
5461
5844
5804
5115
4209
3330
2628
2302
2360
1382
-207
-1384
-2526
-2955
-3995
-4670
-4695
-5411
-4177
-3180
-2083
723
1567
2995
4879
5307
6423
6923
6437
8415
6931
5227
3968
-27
1215
2046
1389
1558
-2278
-5161
-6457
-9894
-9561
-9607
-9558
-6651
-7095
-6890
-6845
-8953
-7583
-6225
-3510
1045
2435
3512
3245
2182
3613
4955
6825
8723
8086
7514
5800
3514
2705
954
881
241
-979
-1110
-2634
-3724
-4776
-5999
-5770
-5026
-3322
-1952
-1812
-2002
-2184
-1954
-872
156
847
1660
2113
2781
3159
3465
3776
3709
3880
4126
4043
3689
2968
2464
1596
909
561
-492
-1677
-2877
-4278
-3737
-2700
-2163
-717
-75
610
1970
2915
4145
4950
5049
5764
8354
7717
5481
1095
-2713
-457
1029
2836
2911
-1171
-4235
-6450
-8828
-7707
-7958
-6868
-4426
-5232
-5297
-6738
-8861
-8164
-7603
-4140
233
1584
1645
-10
-1190
248
2452
5387
7896
7316
5884
3774
2749
2512
2115
2453
2600
1035
326
-611
-2115
-2715
-3949
-3954
-3767
-2523
-1440
-1816
-2241
-2610
-2726
-1385
-823
-784
-763
-619
335
951
2372
3236
2782
2662
2501
2949
3543
3578
3243
2374
2031
1621
1282
719
-321
-1369
-2331
-2541
-1839
-1517
-983
78
1044
2430
3571
3798
3979
4186
5166
8011
8642
6014
1954
-2450
-1384
945
2197
2684
-429
-3939
-6151
-8725
-8197
-7841
-7069
-4414
-4523
-4977
-6433
-8879
-8495
-7291
-3995
223
1132
349
-1676
-2765
-680
2095
5273
7182
6039
4313
2391
1741
2680
2654
3262
3750
3230
2840
853
-1142
-2495
-3741
-2387
-1333
-545
-232
-1924
-3037
-3475
-3010
-1436
-782
-681
-742
-1612
-1355
-986
-183
1390
2176
2642
2689
2710
2776
2928
2881
3047
3276
2877
2254
1370
718
-82
-589
-246
61
312
-267
-621
-328
1153
3506
4180
4744
3448
4093
5888
8047
7255
4215
-215
-1104
996
3031
3770
417
-3104
-5759
-7269
-7062
-7034
-6872
-5567
-5122
-4953
-5658
-7266
-7741
-7348
-5456
-2024
-243
-178
-2064
-3684
-2692
33
3446
5463
5400
3710
1745
1058
2148
3635
3783
3846
3397
2994
2653
857
-127
-1142
-1120
184
97
264
-1499
-3540
-4041
-3912
-2079
-833
-985
-1419
-2708
-3044
-2239
-1571
335
765
1194
1487
1470
2473
2393
2776
3008
2988
3440
3043
2288
1432
574
399
809
1118
1073
833
530
849
600
1909
2895
4397
5293
4605
5263
5959
7622
6631
2556
-1689
-1181
1794
4899
3625
-763
-4546
-7473
-7349
-6188
-5804
-5329
-5818
-6256
-6528
-7754
-8044
-7668
-6522
-3839
-1322
-136
-995
-3757
-4336
-2465
918
4059
4918
4181
2147
370
864
2858
4234
4095
3111
2781
2328
1924
964
318
550
909
1630
1140
-37
-1885
-3321
-3317
-1846
-495
-232
-1612
-2882
-3593
-3031
-1369
-396
440
169
-227
-129
131
1041
1572
2205
2862
2785
2791
2016
967
772
1046
1920
2132
1517
747
-17
640
1952
2637
3933
3896
3926
3734
3872
5297
7310
8587
6438
1464
-2616
-966
2102
4324
2666
-1093
-3719
-5368
-5795
-5566
-6096
-5675
-4901
-4686
-5096
-7227
-8844
-8633
-7017
-3219
-148
190
-2003
-5444
-5654
-2930
530
3314
3918
3012
1321
96
1091
3493
3856
4257
4329
4336
4102
2022
803
427
1077
2692
2985
2261
568
-2238
-3263
-2693
-1194
282
-388
-2150
-3461
-4037
-2872
-1906
-1163
-897
-1267
-1226
-893
-555
-2
375
800
1510
1603
1384
775
133
486
1183
1928
1960
1137
569
490
1043
2397
3336
3755
4469
3747
4692
4490
5756
7079
8908
8278
4406
-803
-1894
1397
4348
4666
1483
-1661
-3611
-4396
-4393
-4493
-4981
-4404
-3777
-3864
-5394
-7907
-9224
-8237
-5794
-1966
-142
-1649
-4869
-7014
-5297
-1654
1485
2957
2412
853
-402
-252
2336
3780
3933
4318
3997
4197
2968
975
936
1042
2500
3646
2318
1265
-1478
-3098
-2190
-800
1354
1026
-1020
-2844
-4175
-3557
-2300
-1515
-843
-1468
-1999
-2122
-2096
-1470
-1215
-438
88
200
283
-306
-527
-480
203
898
1079
994
662
898
1935
2648
3055
3602
4074
4727
5220
5565
5539
6465
7935
9438
8301
3137
-1000
146
4003
6576
4506
719
-2032
-3938
-3975
-3275
-3721
-3821
-4030
-4116
-4257
-6477
-8407
-8696
-7700
-4684
-2244
-2095
-4245
-7727
-7875
-4678
-1135
1406
1815
873
-711
-1760
-80
2656
4217
4393
3639
3681
2428
813
606
1305
2543
3290
2579
766
-1165
-1823
-1037
530
2219
1994
28
-2017
-3255
-2787
-1300
66
272
-978
-2305
-3421
-3554
-2266
-893
-80
111
-751
-1675
-2069
-2056
-791
15
1163
1201
247
-197
22
961
2340
3274
3984
4465
3759
4269
4316
5245
6187
7587
8473
9150
7510
3501
902
1573
5100
6808
5135
1526
-1635
-3230
-2533
-1848
-2148
-2961
-3967
-4121
-4261
-5870
-7206
-7939
-7080
-5041
-3507
-3349
-5176
-7608
-7714
-5176
-1894
394
257
-918
-2344
-2587
-575
1862
3720
3526
2614
1749
868
874
1435
2139
2829
2235
1849
1221
527
774
914
1658
2212
1867
1122
-685
-1462
-1033
-391
613
2
-1092
-2718
-3870
-2963
-1597
-86
227
-1135
-2019
-2941
-2424
-1202
-277
371
193
-12
156
437
1323
2176
2732
3673
3764
4246
4046
4253
4815
5530
7259
8173
8534
7028
2566
1310
3146
5975
7083
4388
1143
-1421
-3143
-2200
-1553
-2069
-2187
-3655
-4235
-5034
-7016
-7136
-6934
-6131
-4493
-4229
-4656
-6523
-8241
-6634
-3931
-1890
-1069
-2111
-2710
-3678
-3589
-816
1762
2119
674
104
671
1224
1498
1679
1928
2592
3422
3080
2087
1037
614
1497
3188
3843
2446
392
-745
-572
424
1607
1192
-293
-1534
-2607
-1907
-1107
-279
-291
-1341
-1564
-1639
-1316
-674
-900
-1033
-109
821
1972
1708
1724
2188
2916
4043
4327
4478
4667
4572
5238
5830
5784
4681
2504
3603
4644
5327
4490
2480
1478
673
-525
-878
-1859
-2380
-2187
-2701
-3362
-4971
-7037
-7110
-6910
-5867
-4623
-5107
-6016
-7422
-7403
-5491
-3603
-2796
-2661
-3548
-3688
-3752
-2783
-335
220
252
-490
-652
125
111
639
1297
1462
2222
2319
2143
2364
1979
2520
3160
3162
3267
1740
1123
1451
1635
2656
2000
956
209
-679
-216
346
356
344
-892
-1089
-1011
-855
324
539
577
706
717
900
1724
3010
3869
4638
4701
4256
3422
2515
3774
2635
3391
4305
4486
3548
971
-722
-194
604
1378
1499
-434
-1667
-3210
-3935
-3086
-3782
-3855
-4184
-5191
-5511
-6228
-6431
-6244
-6437
-6180
-5048
-4676
-4449
-4815
-4614
-3607
-3195
-1687
-406
-13
-586
-1218
-334
670
1401
1628
963
395
241
606
1386
1677
1772
1996
2073
2391
2417
2084
2159
2264
2885
3132
2497
1967
1489
1742
2399
2589
2385
1921
1437
1685
1880
2440
2732
1983
1860
1485
1956
3177
3099
3195
2245
2051
2980
3140
2039
1467
1781
3178
3622
2041
467
-709
-902
131
313
-241
-1424
-3019
-3854
-4149
-4252
-3718
-3669
-4355
-4834
-5370
-5127
-5139
-5504
-4939
-4286
-3739
-3765
-4232
-4156
-4025
-4186
-3165
-2020
-1203
-1310
-2074
-1705
-832
174
1029
849
622
663
758
1483
1883
1962
1601
847
1059
1283
1305
1107
471
733
1065
1303
1546
1214
1214
1508
1809
2693
3138
3497
3253
2920
3415
4194
4928
4914
4697
4545
5042
5530
5462
5108
4000
3304
3009
3171
1884
926
798
1342
1365
-121
-1306
-1870
-2081
-1715
-2016
-2674
-3161
-3857
-4350
-4865
-5679
-5500
-5412
-5821
-6167
-6605
-6229
-6392
-6858
-6123
-4932
-4107
-4058
-4172
-3576
-3069
-2935
-2028
-466
566
218
-867
-913
-343
398
1201
1283
920
546
407
796
1190
1444
1554
1371
1521
1868
1892
1898
1599
1600
2104
2239
2095
1334
870
961
1253
1611
2064
2232
2165
2132
2397
3582
4424
4672
4846
5177
6384
6483
6726
6052
5598
5408
5649
5914
4469
3396
2968
3096
2462
986
-511
-1198
-1923
-2406
-2800
-4034
-5029
-5983
-6459
-6426
-7093
-6858
-6886
-7640
-8333
-8251
-7337
-6654
-6836
-6770
-6009
-5829
-5649
-5291
-4595
-3943
-4101
-3476
-2095
-1227
-1113
-1495
-901
242
1263
1971
2099
1756
1708
2135
2667
3069
3003
2855
2260
2010
2361
2596
2629
2235
1960
2127
2395
2327
2040
1769
2046
2589
2671
3064
2734
2453
2861
2949
3758
4033
3758
3773
3428
4318
4907
5055
4662
4271
3934
4591
4464
3590
3637
3511
3810
2976
1488
959
484
62
-275
-1271
-2257
-3085
-4350
-5089
-6048
-6792
-6285
-7002
-8087
-9149
-9399
-8451
-8287
-8200
-7546
-7152
-7069
-7088
-6712
-5349
-4690
-4307
-3341
-2474
-1671
-2046
-2391
-1581
-862
234
741
694
757
577
1001
1719
2272
3105
3236
2844
2937
3228
3980
4545
4340
4451
4310
4083
4118
3556
3802
3814
3838
4036
3673
3690
3636
3527
4106
4628
4957
4992
4119
4559
5095
5816
5765
4515
3666
3358
3485
2713
2030
1739
2180
1759
261
-1063
-1877
-1741
-1553
-1543
-1874
-2529
-3329
-4222
-4915
-5401
-4773
-4187
-4446
-5715
-6860
-6848
-6783
-6802
-6751
-6061
-5877
-6408
-7023
-6723
-5790
-5481
-4788
-3899
-2840
-2683
-3211
-3066
-2257
-1022
-197
267
226
106
239
415
711
1121
1692
1887
1869
1767
1971
2324
2476
2806
3061
3397
3668
3288
3301
3556
4319
4918
4954
4936
4794
4947
5204
5680
5890
6041
5704
5287
5510
5548
5869
5272
4105
3466
3099
3320
2980
1951
1539
1484
1042
388
-892
-1597
-1613
-2091
-2371
-3247
-4311
-4862
-5679
-6324
-6909
-6880
-6202
-6035
-6844
-7297
-6921
-6359
-5819
-5520
-4552
-3907
-4212
-4260
-3839
-3085
-2677
-2871
-2481
-1835
-1581
-1670
-2028
-1937
-1318
-892
-358
-186
-129
83
-27
0
304
1063
1688
1519
1089
1113
1411
1719
1732
1832
2193
2335
2193
2183
2321
2786
3141
3077
3201
3381
3828
4592
4988
5309
5726
5912
6153
6521
6701
7328
6979
5898
5211
4534
5045
4604
3471
2756
2110
1528
589
-616
-1129
-1116
-1587
-2061
-3142
-4179
-4298
-4728
-5061
-5754
-6010
-5545
-5948
-7097
-7877
-7783
-7093
-6846
-7068
-6564
-6198
-6151
-5868
-5147
-3806
-2940
-2544
-1970
-1200
-321
204
391
702
1080
1418
1538
1389
1435
1645
1625
1343
1085
1125
1366
1176
1111
1115
1283
1335
1128
1194
1590
1998
2004
1803
1486
1673
1862
2132
2207
2192
2610
3047
3091
3163
3331
3604
3864
4280
5063
5728
5607
4631
3647
3416
4102
4691
4640
4117
3550
2709
1660
480
38
319
441
-118
-1425
-3050
-4101
-4689
-4972
-5028
-5103
-5006
-5424
-6562
-7447
-7313
-6369
-5597
-5481
-5347
-5142
-5396
-5641
-5384
-4465
-3454
-3062
-2853
-2459
-2156
-1791
-1423
-745
159
756
1219
1423
1471
1862
2380
2629
2847
3152
3364
3220
2797
2688
2888
3124
3145
2924
2607
2244
1911
1728
1581
1709
1957
2137
1979
1810
1949
2081
2293
2504
2780
3163
3051
2933
3020
3506
3824
3697
3232
2131
1443
1408
2004
1977
1713
1487
1107
424
-544
-699
-371
26
-118
-797
-1591
-2338
-2789
-3099
-3395
-3755
-3811
-3948
-4657
-5561
-6069
-5631
-5267
-5228
-5160
-4833
-4462
-4422
-4355
-3890
-3082
-2745
-2503
-1985
-1296
-751
-667
-592
-535
-440
74
689
997
981
825
832
953
1068
1560
2053
2441
2665
2454
2386
2670
2870
2957
3046
3213
3237
2938
2812
2755
2732
2455
2377
1972
1824
1852
1798
1805
1766
2033
1991
2126
2105
2391
2410
2454
2415
1640
1021
814
1037
999
370
-113
-215
-279
-765
-1279
-1482
-1485
-1694
-2059
-2107
-2219
-2169
-2292
-2518
-2975
-3395
-3271
-3011
-2997
-3320
-3434
-3345
-3432
-3677
-3559
-2985
-2727
-2601
-2650
-2738
-2517
-2299
-1516
-824
-296
-33
-162
-195
-166
16
623
1012
1247
1440
1342
1199
943
1086
1328
1329
1394
1729
1814
1867
1794
1821
1896
2258
2506
2331
2797
2577
2583
2443
2423
2369
2741
2414
2525
1940
1758
2052
1494
1561
1166
996
931
1150
918
1297
1150
781
328
11
199
171
-74
109
432
635
352
-410
-1047
-1298
-1436
-1369
-1176
-1170
-1276
-1788
-2211
-2741
-2874
-2672
-2380
-2317
-2497
-2433
-2298
-2219
-2333
-2220
-1886
-1641
-1577
-1421
-1214
-1246
-1515
-1543
-1112
-513
-117
42
55
-405
-689
-508
4
408
618
926
1165
736
531
492
674
583
935
1672
1413
1346
1307
1493
1304
1297
1413
1155
1273
1840
1997
1772
1724
584
1510
1243
837
1321
1025
1301
1263
359
414
265
5
762
579
838
735
630
741
464
154
570
332
41
-65
385
989
1206
1296
1250
792
52
-634
-905
-479
-33
357
94
-679
-1348
-1722
-1861
-1830
-2019
-1763
-1609
-1655
-1626
-1616
-1258
-983
-977
-1027
-1216
-1408
-1384
-1201
-611
-160
122
54
-421
-822
-1284
-1288
-565
-372
-23
711
457
228
-941
-641
-237
-234
551
625
982
1030
461
639
296
169
970
1066
1245
1275
691
818
474
294
432
23
254
34
-312
6
-31
283
117
330
-4
-53
-115
491
642
800
1141
1003
1270
1137
1491
1493
1349
1001
792
763
1189
1667
2145
2336
2252
2120
1668
1006
766
782
1035
1057
825
486
65
-229
-700
-1125
-1604
-1751
-1846
-1716
-1601
-1389
-1165
-1085
-1490
-2097
-2433
-2383
-2101
-1701
-1388
-1065
-1161
-1334
-1751
-1887
-2131
-1982
-1135
-1003
-750
-1092
-1063
-1331
-1280
-1288
-932
-504
-327
-56
-213
-291
-481
-681
-393
39
303
611
609
536
425
60
151
-85
-294
-41
395
498
901
756
453
186
269
531
408
772
883
1093
1514
1674
1778
1629
1704
1890
1958
2262
2750
2874
3335
3497
3212
3071
2675
2747
2868
2934
3281
3317
3222
2838
2199
1572
1088
653
401
170
-265
-704
-1212
-1616
-1941
-2343
-2708
-3043
-3343
-3488
-3429
-3064
-2806
-3049
-3239
-3146
-2975
-2698
-2469
-2347
-2349
-1968
-1519
-1619
-1377
-1215
-1257
-990
-735
-696
-994
-1140
-730
-680
-421
-95
-70
-58
-292
-296
-70
180
355
427
607
328
530
1027
607
1261
1098
880
308
358
587
978
890
732
851
633
983
944
672
714
1055
1315
1818
1575
1801
1970
1943
1998
1899
2094
2525
2542
2696
2988
3109
3164
2858
2379
1875
1496
1433
1612
1652
1632
1459
953
273
-428
-969
-1256
-1713
-2007
-2237
-2481
-2538
-2694
-2885
-3175
-3351
-3387
-3361
-3334
-3124
-2757
-2326
-2092
-2001
-1678
-1359
-1300
-1340
-1556
-1399
-832
-538
-146
-399
-267
-596
-374
-307
-572
-392
-532
-661
-908
-810
-578
-525
-118
-438
-266
-569
-321
-619
-196
-215
-140
296
521
1229
1097
1406
780
1001
922
1221
1362
1355
1427
1382
1561
1884
1859
1529
1388
1156
1176
1241
1383
1531
1556
1384
1329
1099
737
635
682
702
729
824
829
924
803
726
621
496
242
-201
-607
-660
-505
-235
158
357
288
92
-295
-491
-462
-423
-237
-267
-237
-39
76
77
-41
-220
-240
-441
-776
-971
-850
-390
-112
-161
-428
-673
-939
-1205
-1372
-1225
-1243
-1146
-1235
-1177
-1471
-1652
-1781
-2063
-1725
-1990
-1514
-1282
-1436
-1307
-1158
-762
-701
-372
-153
115
287
879
829
703
976
917
1254
1258
1207
1335
1107
1351
778
427
225
107
52
203
-109
-616
-239
-602
-643
-955
-1041
-954
-1126
-1144
-636
-917
-954
-917
-839
-614
-520
-413
210
325
756
979
985
1254
1568
2082
2443
2621
2462
2381
2248
2294
2512
2714
2999
3248
3241
2998
2518
2065
1842
1724
1552
1224
985
702
394
30
-243
-568
-839
-1080
-1233
-1549
-1691
-1675
-1665
-1719
-1692
-1444
-1507
-1561
-1767
-1736
-1294
-1387
-1086
-1153
-1246
-1102
-1127
-1322
-896
-1369
-1084
-1277
-1220
-1022
-904
-1070
-1079
-1041
-1061
-1023
-1324
-701
-1021
-772
-1060
-702
-1346
-1131
-1263
-1027
-1160
-1211
-986
-1183
-1532
-860
-1299
-699
-467
-782
-666
-522
-316
47
192
401
869
481
1123
1013
1079
1115
1193
1832
1924
2116
2229
1977
2031
2085
2456
2697
2817
2972
3088
2941
3064
3201
3084
2928
2547
2363
2148
2129
2300
2394
2415
2390
2151
1798
1266
827
644
599
523
449
302
198
-78
-537
-848
-1134
-1334
-1572
-1803
-2083
-2252
-2301
-2182
-2367
-2407
-2681
-2832
-3244
-3190
-3270
-3208
-3139
-2914
-3125
-3319
-3273
-3562
-3084
-3478
-2838
-3075
-2937
-3008
-2321
-2432
-1673
-1780
-1242
-1465
-1008
-932
-485
-533
-425
172
-80
326
94
585
236
830
591
596
766
590
628
543
762
1017
919
932
1026
949
1079
1192
997
1303
1246
1601
2011
1888
2075
2391
2452
2455
2577
2655
2893
3000
3388
3614
3629
3627
3587
3312
3328
3232
3481
3496
3562
3373
3035
2574
1949
1483
1411
1341
1355
1320
1137
702
120
-457
-980
-1337
-1494
-1515
-1522
-1736
-2068
-2226
-2546
-2854
-3053
-3223
-3367
-3466
-3590
-3370
-3305
-2965
-3128
-3112
-3269
-3000
-2989
-2616
-2473
-2783
-2492
-2255
-2638
-1896
-2381
-2176
-2185
-2849
-1443
-2312
-2048
-2147
-2035
-1944
-1085
-1753
-1304
-1599
-1134
-799
-713
-531
-414
-352
605
378
355
955
957
1734
1775
1776
2092
1899
2474
2860
2839
3239
3492
3203
3590
3493
3314
3293
2818
3506
3212
3411
2830
2482
2241
2671
2257
2466
2028
1493
1698
1319
1459
1011
929
883
808
605
438
156
133
-150
-111
215
169
73
-186
-333
-189
-354
-247
-266
-356
-214
-316
-666
-761
-794
-881
-921
-1150
-1410
-1387
-1663
-1842
-2344
-2442
-2630
-2456
-2689
-2723
-3169
-3160
-3355
-3427
-3529
-3605
-3260
-3390
-3143
-3235
-2782
-2916
-2284
-2658
-1713
-2039
-1093
-1466
-974
-734
-460
104
-119
223
801
1063
995
1706
1292
2136
1982
2314
2560
2617
2566
3066
1973
2890
2674
3067
2523
2174
2530
2707
2335
2037
1705
1187
1998
1723
1813
1042
1617
1503
1328
786
723
407
521
543
937
551
403
453
191
-71
109
-188
-362
-64
-232
286
-22
-319
-206
-215
-45
-93
-847
-392
-718
-819
-362
-577
-562
-496
-807
-854
-1300
-1300
-1233
-1117
-1098
-824
-957
-722
-918
-993
-1147
-1022
-1118
-762
-724
-415
-384
-229
-447
-435
-126
-199
25
-318
-105
-368
114
-80
1
33
-39
-376
-117
-548
-513
-421
-178
-210
-189
-84
-21
-314
-529
-850
-857
-451
-154
227
-100
0
-166
-43
-478
94
-379
732
600
465
1259
140
703
231
1301
323
1289
621
1469
485
411
896
145
596
-10
347
-341
-14
-200
568
-51
-229
-324
-1050
-786
-1019
-960
-603
-996
-704
-696
-570
-1137
-1168
-1009
-1543
148
-460
492
-281
-192
162
-35
407
380
654
602
1424
1261
1826
1188
1409
1307
1441
1574
1795
1984
2149
1775
1598
1571
1707
1558
1756
1604
1469
1135
1030
938
730
539
274
131
26
-109
-324
-382
-884
-901
-1217
-835
-1175
-1449
-1133
-1314
-1354
-1543
-1614
-1564
-1310
-1571
-1422
-2133
-1292
-1879
-1364
-1446
-1465
-2102
-1406
-1909
-1690
-1974
-1864
-1586
-1436
-1443
-1327
-1202
-1543
-913
-1913
-484
-1492
-746
-892
-306
-306
427
-366
639
353
387
395
-84
-76
1158
1305
1671
1317
1129
1449
1215
1096
982
509
753
1716
1516
2145
1580
1604
686
1048
-33
1228
503
1129
868
514
1215
157
46
661
387
72
470
-486
568
-338
162
361
520
693
776
153
70
-204
447
859
608
349
548
428
642
561
75
724
173
539
341
152
43
-244
-191
136
-271
-553
-328
-774
-1153
-1286
-1101
-1457
-1347
-1072
-1298
-1539
-1771
-1892
-1667
-1964
-1699
-1578
-1265
-1366
-967
-971
-934
-1491
-1081
-621
-786
-412
-312
487
-200
32
-1
150
478
102
735
366
386
545
1193
397
1145
151
734
1146
122
1165
180
638
303
578
314
623
-436
-120
54
-44
38
254
-330
117
-158
-83
218
-838
-51
-330
48
-127
138
-368
80
7
40
252
2
104
183
50
-202
-214
694
254
1034
148
688
-697
140
28
236
4
28
320
-179
747
-11
211
-835
278
-140
279
127
-25
23
323
640
127
312
-290
533
9
749
119
626
85
600
389
289
300
314
168
367
166
-3
44
-156
35
-75
8
-964
-309
-880
-455
-511
-492
-864
-620
-1088
-543
-1260
-437
-1383
-980
-772
-952
-1047
-548
-1121
-327
-585
-875
-400
-1195
-416
-1138
-207
-396
2
-308
-47
-615
5
-86
-346
-354
-717
-139
228
267
134
114
-176
307
-221
118
-345
190
127
753
109
267
252
393
455
172
798
600
893
847
858
770
639
767
1076
1082
1223
617
991
1009
1100
1302
609
598
336
1238
921
372
37
683
497
-9
532
-212
-186
-402
-238
-671
-652
-873
-680
-916
-1341
-958
-1439
-1285
-1418
-1667
-1318
-1382
-1591
-1044
-1907
-1255
-1380
-1400
-902
-968
-1007
-1208
-1132
-956
-578
-872
-168
-607
97
-350
123
-486
278
-271
266
20
320
562
176
541
300
619
432
824
600
681
700
689
750
658
847
238
1060
589
856
942
1005
1000
1088
575
735
698
462
1201
197
1107
242
742
374
665
89
293
402
4
725
-350
-208
189
-48
125
-514
-524
-176
-246
-286
459
-1199
-68
-601
-256
-394
-1021
-1109
-455
-716
37
-880
-635
-874
-910
-836
-182
-402
-1009
-317
-1280
-488
-837
-411
-888
-1019
-608
-544
-770
-704
-776
-1304
-607
-952
-414
-1097
-887
-927
-985
-533
-778
-422
-473
-660
-784
-614
-141
246
22
141
368
282
628
747
960
1045
1230
1194
1236
1402
1515
1352
1328
1445
1753
1356
1999
1332
1424
1191
1614
1382
1370
949
1047
877
542
917
51
652
350
377
-201
174
-664
-91
-966
53
-1020
-258
-904
-556
-838
-696
-733
-899
-433
-859
-638
-852
-694
-688
-718
-40
31
-329
251
-233
-99
-30
111
123
-149
42
376
660
-116
333
-151
426
-247
382
-486
-368
-532
37
405
-443
-220
-419
-563
-405
-782
-615
-781
-1094
-303
-338
-685
-936
-477
-1221
-313
-1304
-333
-754
-339
-551
-227
-565
-627
-466
-414
-51
-458
-641
-79
-85
139
-132
-730
-37
-470
318
-10
506
-245
737
471
663
173
-59
570
-1
1274
592
1170
280
964
750
836
981
881
202
954
628
1251
700
936
778
1239
559
499
149
442
803
431
792
332
769
490
818
-148
-3
-227
350
125
437
665
251
348
-40
100
-356
-93
79
-126
303
114
6
-81
68
-8
-76
-363
-671
-92
-624
465
-1023
-175
-624
-527
-685
-508
-1190
-1446
-483
-1029
-8
-1049
-569
-916
-1354
-1304
-956
-1679
-622
-1246
-403
-1049
-816
-1153
-565
-1260
-881
-1145
-548
-224
-596
210
-751
183
-571
302
-136
294
192
404
417
420
445
547
622
979
642
982
939
751
1017
751
1266
839
1393
556
1123
716
896
594
1195
766
993
1046
1030
977
966
502
1116
488
927
1087
726
1484
619
1054
839
618
725
1035
409
812
251
566
609
159
-117
-326
191
331
77
-398
-398
-674
-821
-595
-690
-634
-644
-512
-570
-838
-1263
-1057
-1225
-802
-951
-569
-587
-685
-577
-484
-509
-567
-509
-514
-309
-192
-274
-178
52
99
631
93
346
178
67
563
299
770
549
658
587
515
124
123
-198
-138
260
132
417
-51
-59
49
-173
-34
-282
-699
9
-527
231
-370
-410
-535
-67
-234
-616
-506
-286
144
-189
83
-162
439
60
336
184
700
82
610
396
187
615
454
1067
796
589
523
875
546
695
289
850
451
937
1067
654
274
342
497
785
572
551
755
850
1043
1032
751
368
792
255
1257
726
844
1072
1020
650
573
646
679
908
343
588
105
196
220
646
207
348
-74
-22
-24
-944
-453
-616
-357
-599
-517
-412
-763
-1224
-838
-1215
-726
-1245
-964
-1203
-1271
-1500
-1063
-1092
-767
-1349
-1143
-1148
-1151
-1117
-968
-1140
-1236
-1235
-686
-641
-790
-722
-945
-337
-957
-114
-724
-234
-237
-256
-16
-304
88
-265
597
-478
851
47
909
134
309
778
430
987
918
969
531
976
657
1275
1246
1573
1715
1967
1252
1818
746
1576
1534
1394
2156
1975
1923
1659
1328
1622
1250
1614
1235
1309
1223
1263
1257
1196
1110
377
328
570
104
262
-160
284
-47
97
113
-569
-822
-1320
-852
-1344
-961
-1121
-1139
-1459
-1565
-1628
-1878
-1703
-1469
-1552
-1567
-1344
-1252
-2093
-1637
-1553
-1429
-1329
-1555
-904
-1524
-686
-1479
-688
-1258
-632
-652
-517
-181
-430
-132
-683
-151
-244
46
629
371
1178
207
1001
440
569
1146
952
1341
981
1121
1405
1155
1175
1417
1268
1812
1434
1873
1126
1637
1291
2009
1431
1697
1412
1357
878
1332
854
1151
1125
1027
716
854
272
743
223
392
810
-184
988
-492
290
-675
149
-390
-133
-577
-339
-281
-1167
-332
-1443
-591
-1267
-634
-1407
-1101
-1634
-964
-1397
-989
-1148
-1195
-1284
-1144
-1061
-1087
-1178
-1293
-1173
-1091
-689
-1167
-529
-1272
-390
-1067
-209
-857
-594
-252
-618
188
-288
528
-196
414
-255
747
711
944
1015
1058
906
966
819
988
1258
1117
1462
1457
1521
1412
1327
804
1323
683
1576
1459
1428
1628
712
1020
263
747
588
1106
748
891
619
803
153
369
-134
209
281
-15
813
-699
799
-779
762
-753
364
-283
59
-251
-92
-18
-644
427
-816
-89
-692
-591
-43
-631
-264
-317
-812
-568
-573
-893
-905
-803
-1176
-485
-1244
-725
-818
-933
-671
-1013
-986
-607
-933
-824
-817
-1148
-1035
-728
-565
133
-900
-221
-688
-321
-194
-169
254
-54
103
152
420
131
488
-195
589
556
461
1079
329
628
695
663
1037
140
516
330
535
690
572
209
578
440
484
526
203
240
371
339
480
163
188
213
393
93
256
587
-173
942
362
693
305
134
269
421
325
485
286
296
387
542
286
363
24
271
307
400
360
21
18
-227
142
-394
-531
-268
-222
41
-182
140
-362
-98
-410
-34
-782
-592
-438
-338
-339
-76
-736
-355
-425
-317
-104
-894
-240
-1000
-406
-351
-256
-587
-614
-609
-761
-485
-862
-694
-816
-977
-299
-316
-797
-596
-908
-554
-674
-775
-788
-666
-1004
-63
-500
-303
-237
-645
-120
-573
-241
-14
-230
261
131
253
91
106
549
388
660
574
921
557
1123
641
826
832
764
1516
971
1578
874
1156
952
1332
1069
1437
1284
1192
1185
987
1135
815
963
1146
1024
883
810
546
708
632
718
521
287
664
196
533
114
11
74
208
-22
251
-106
-439
-349
-861
-293
-804
-431
-707
-632
-925
-810
-964
-1050
-1418
-943
-1226
-874
-1295
-1152
-1578
-1470
-1201
-1289
-890
-1369
-1046
-1162
-1184
-1202
-1081
-803
-573
-787
-671
-782
-956
-720
-930
-473
-775
-179
-86
-33
-57
-246
-113
-272
72
251
584
300
641
148
609
-65
1092
224
1315
600
918
855
913
947
846
1104
945
1292
794
1404
998
1396
1025
1551
821
1578
1026
1371
746
1063
773
1223
886
1545
669
912
673
590
794
262
407
-146
565
217
772
13
-12
-513
-272
-487
-88
-695
-140
-903
-490
-561
-167
-851
-708
-1088
-818
-655
-846
-1056
-1305
-933
-1112
-304
-1250
-508
-1913
-540
-1557
-804
-1442
-862
-963
-1140
-642
-1134
-852
-1276
-229
-1126
55
-1009
-99
-961
-412
-509
-203
-499
407
-350
258
-66
-258
376
-224
763
-8
980
-8
971
101
1006
490
659
774
672
683
662
746
683
729
579
754
300
756
6
685
-96
415
-171
414
-56
381
-179
176
-156
115
121
140
-27
-342
-256
-283
-249
-84
-79
-249
78
-495
-151
-316
-563
-472
59
-310
469
-278
105
-182
-1
-102
-19
-407
-63
-206
-75
-111
-233
61
-93
104
-150
-225
-280
-279
-503
-24
-807
51
-578
-400
-281
-756
-41
-559
-38
-327
-114
-414
-44
-364
111
-71
-149
236
-68
382
-178
311
-125
129
477
204
590
30
194
392
295
258
197
149
189
292
193
230
186
220
355
116
166
118
-163
277
-420
25
-485
25
-237
-365
-301
-431
-338
-439
-423
-433
-325
-465
-194
-461
-603
-303
-798
-337
-356
-624
-28
-889
-403
-782
-684
-626
-435
-504
-542
-364
-633
-203
-511
-220
-253
-461
-359
-431
-371
-469
-385
-170
-306
103
-290
117
-246
138
143
96
340
134
377
26
637
120
554
123
488
391
408
858
473
823
508
687
665
616
716
632
679
718
689
532
323
734
511
935
763
494
600
284
517
581
154
123
125
262
503
271
183
31
162
5
167
-17
-22
-218
-130
-1
-251
41
-460
86
-516
-137
-561
-366
-738
-517
-447
-640
-559
-663
-534
-743
-694
-909
-678
-922
-532
-893
-635
-845
-577
-842
-355
-797
-383
-781
-555
-741
-583
-446
-520
-338
-570
-322
-461
-283
-454
-300
-252
-278
66
-205
422
-236
161
-209
257
-100
83
108
12
327
228
513
249
776
242
691
213
359
146
533
598
945
613
718
468
494
450
640
744
608
719
587
969
526
503
168
391
262
284
405
285
180
214
192
34
140
-408
228
-494
-32
-466
-334
-500
-331
-579
-557
-727
-628
-561
-815
-527
-990
-871
-756
-851
-796
-679
-701
-455
-644
-626
-448
-912
-620
-739
-746
-348
-424
-414
-482
-630
-397
-386
-632
-228
-389
-256
-273
-117
-217
-264
-392
-148
-335
-811
-753
-44
-465
-764
-363
64
-567
-331
196
-27
-423
-476
496
314
217
344
375
259
-1
493
395
244
18
485
482
478
458
633
453
367
863
748
777
452
844
498
820
500
753
326
358
219
294
321
24
338
452
540
267
545
376
414
14
138
-86
-4
-133
19
-115
-490
-363
25
-253
-436
-240
-389
-96
-327
20
-68
-39
-312
-55
14
-249
-39
-138
-197
-177
-322
-378
-182
-302
-380
-205
89
-24
-46
-50
-46
-48
-79
155
296
231
135
287
465
223
67
219
107
32
321
398
577
425
259
300
388
208
176
390
-50
296
279
221
299
11
102
-15
-111
146
-15
58
-130
92
20
-110
73
22
-113
-259
-107
-71
152
-42
-236
-302
-323
-224
17
-45
-216
-326
-252
-8
-128
-184
-240
-239
-228
19
-225
44
-21
-374
-326
-42
-359
-301
-288
-39
-318
-174
61
-316
-202
-404
-131
-288
-183
-162
-120
-265
-181
-70
-324
-346
-83
-178
-286
-286
-110
-21
-12
5
165
13
-54
119
70
71
10
520
118
184
41
19
268
149
201
42
85
88
346
307
-6
260
26
121
173
306
426
383
251
71
54
-101
129
169
176
412
473
397
414
249
349
426
493
441
644
712
574
602
366
255
208
278
260
322
343
225
146
151
-13
-87
24
26
7
-122
-184
-258
-502
-441
-457
-436
-570
-532
-626
-784
-948
-814
-706
-1001
-818
-775
-980
-883
-922
-748
-922
-1132
-858
-846
-1029
-952
-771
-980
-908
-873
-779
-798
-903
-590
-425
-450
-376
-222
-99
-156
-242
-133
-179
-203
44
253
122
194
254
171
217
286
505
484
606
797
911
821
843
834
835
910
970
960
994
957
919
930
973
957
969
1039
1151
1048
963
941
948
900
909
1086
828
713
584
469
573
433
363
404
247
190
318
249
127
38
19
-87
-203
-33
-72
-197
-335
-473
-546
-601
-649
-567
-716
-858
-841
-871
-875
-879
-912
-773
-889
-986
-831
-847
-981
-1056
-1013
-1072
-1002
-996
-980
-922
-1039
-963
-1014
-943
-897
-673
-478
-391
-376
-299
-304
-214
-272
-273
-318
-282
-146
-99
-8
83
-12
-2
151
288
385
605
732
751
781
832
678
657
864
685
734
850
810
774
770
926
852
961
950
1021
988
827
819
811
975
870
822
784
503
457
484
408
254
301
370
324
326
132
22
-99
-169
-37
-150
-116
-148
-396
-464
-475
-550
-593
-856
-870
-899
-859
-806
-682
-766
-822
-660
-696
-875
-808
-681
-609
-660
-713
-726
-863
-785
-643
-551
-678
-628
-610
-581
-473
-463
-317
-373
-358
-273
-139
-75
-147
-176
16
-29
53
213
202
72
90
385
452
522
582
549
573
600
655
695
649
627
565
513
581
613
681
833
733
691
736
832
719
591
470
351
444
661
713
659
376
291
304
325
354
263
205
93
141
256
198
51
-136
-280
-301
-251
-125
-168
-256
-425
-350
-306
-367
-418
-402
-443
-474
-389
-293
-283
-329
-330
-301
-369
-397
-462
-503
-611
-509
-462
-387
-275
-258
-256
-191
-288
-259
-371
-435
-403
-163
-41
-57
10
-98
-141
-266
-172
-178
-292
-224
26
155
173
233
113
-101
-122
44
168
93
160
160
67
118
210
169
23
-91
100
141
146
184
160
47
68
83
196
49
-3
-5
-30
38
48
-2
-129
-192
-164
-79
-118
-37
-90
-157
-140
-64
-45
-70
-149
-247
-232
-168
-89
-98
-152
-260
-245
-135
31
52
-25
-89
-124
9
126
168
49
-140
-255
-119
42
13
26
-1
-71
-85
20
91
-31
-155
-185
-109
0
32
91
165
74
64
153
168
106
114
138
123
119
178
173
130
139
179
219
139
195
194
181
227
356
327
294
310
224
232
169
196
281
319
357
362
367
310
174
136
72
65
84
175
117
101
169
153
114
-25
-171
-91
-77
-88
-74
-185
-295
-225
-57
-64
-123
-200
-202
-175
-160
-121
-138
-213
-324
-308
-240
-210
-220
-231
-170
-231
-241
-160
-205
-250
-343
-415
-348
-264
-258
-263
-224
-298
-357
-401
-355
-298
-316
-262
-185
-82
-50
60
19
-29
-103
-145
-108
-31
-13
-7
-35
-54
-28
1
-64
-61
4
29
159
259
317
287
216
177
251
188
111
196
214
244
272
414
324
185
202
255
298
208
209
192
216
325
388
394
294
187
229
318
388
317
211
179
210
306
284
263
119
43
141
216
323
233
204
137
123
236
282
183
56
-24
-11
92
179
88
-5
-92
-56
70
109
51
-140
-122
-103
-18
62
26
-93
-110
-87
-112
-90
-127
-178
-276
-213
-112
-114
-116
-122
-42
-36
-59
-128
-252
-323
-348
-221
-99
-88
-100
-151
-192
-257
-273
-269
-292
-284
-328
-289
-229
-165
-156
-215
-296
-275
-157
-34
16
-51
-78
-120
-98
-33
-73
-117
-105
-70
66
140
116
118
110
146
176
271
317
335
388
377
364
321
307
342
391
467
602
576
506
378
362
395
420
364
284
263
235
341
365
252
153
105
159
229
203
108
-108
-134
-82
1
118
68
-117
-279
-219
-183
-110
-137
-148
-225
-174
-100
-115
-104
-221
-297
-265
-205
-217
-213
-132
-272
-297
-244
-231
-198
-251
-266
-266
-155
-85
22
13
-113
-277
-306
-268
-226
-155
-170
-141
-88
11
24
-53
-126
-103
-68
103
202
245
135
60
60
25
18
12
54
80
83
197
216
240
246
273
324
326
441
507
512
421
434
461
446
446
423
336
340
376
436
503
489
435
403
400
424
434
462
401
314
330
252
259
119
115
74
51
89
145
218
85
16
24
13
-46
-80
-101
-139
-164
-82
-65
-108
-288
-314
-288
-260
-274
-252
-283
-419
-345
-280
-250
-279
-274
-261
-208
-102
-27
-13
-89
-216
-259
-211
-157
-93
-97
-92
-115
-92
-40
-18
-81
-106
-105
-69
33
138
84
85
59
24
66
88
90
60
78
141
218
267
312
284
227
226
179
151
136
139
208
224
227
147
79
-19
-78
-26
-24
39
55
85
118
56
27
-71
-149
-131
-140
-155
-116
-69
-84
-124
-215
-304
-258
-225
-196
-160
-92
-120
-89
-61
-88
-160
-182
-159
-131
-43
4
-12
-53
-110
-111
-60
-39
-15
2
42
79
134
181
198
86
52
90
131
196
275
303
233
246
296
288
269
188
150
146
235
344
392
415
382
303
274
290
259
301
286
303
362
427
398
387
305
156
107
125
130
132
132
86
20
9
-45
-99
-156
-252
-300
-249
-231
-247
-275
-298
-312
-333
-350
-411
-428
-455
-393
-339
-319
-344
-400
-400
-411
-369
-327
-302
-359
-370
-305
-323
-244
-242
-280
-288
-237
-205
-201
-177
-192
-205
-177
-166
-139
-94
-72
-1
21
83
175
211
183
203
186
109
207
184
206
180
122
166
169
169
130
164
177
233
286
315
240
163
152
134
191
232
199
196
121
104
75
109
115
71
113
93
171
214
248
211
139
89
38
76
70
68
39
9
-36
-6
16
-31
-93
-166
-220
-213
-131
-89
-96
-135
-202
-262
-247
-261
-247
-271
-299
-275
-215
-138
-115
-102
-125
-144
-157
-134
-71
-65
-68
-54
-49
-30
-3
18
-29
-58
-46
-19
36
70
90
127
149
115
122
82
69
91
127
167
163
138
98
100
97
95
114
144
195
234
258
240
213
149
87
69
16
-3
-33
-11
-23
-25
-37
-26
-42
-63
-20
-8
0
-52
-90
-85
-49
-16
-37
-60
-115
-142
-127
-141
-134
-146
-141
-136
-127
-127
-134
-145
-154
-121
-101
-83
-59
-85
-85
-68
-93
-130
-120
-136
-123
-119
-114
-92
-50
6
23
58
69
60
38
26
24
18
25
15
29
35
39
76
95
98
76
94
112
122
163
200
234
199
185
220
186
143
83
82
46
41
44
75
86
93
111
46
42
27
36
30
-18
-47
-58
-80
-108
-100
-121
-129
-173
-193
-138
-119
-109
-141
-210
-221
-165
-141
-136
-134
-120
-162
-164
-154
-133
-139
-160
-139
-126
-143
-118
-89
-133
-142
-153
-113
-62
-20
-7
-20
11
-7
31
71
38
-12
-16
7
36
85
55
51
38
52
105
155
169
197
226
265
283
288
278
218
208
205
233
250
234
192
163
168
143
157
139
136
134
100
95
74
65
56
33
14
-6
-13
-42
-85
-93
-99
-109
-102
-148
-190
-207
-237
-248
-240
-238
-241
-223
-217
-170
-138
-135
-192
-226
-202
-178
-133
-125
-100
-99
-89
-89
-142
-155
-151
-125
-93
-59
-2
0
26
-7
5
13
12
4
-11
41
32
57
24
-26
-49
-56
-22
1
40
44
36
29
24
44
77
79
84
127
143
186
154
123
118
93
99
102
115
187
208
212
220
222
243
243
267
255
275
289
275
269
222
224
219
203
212
211
211
198
221
248
275
261
249
235
228
235
222
175
145
165
186
249
264
205
147
104
101
119
110
70
31
36
44
74
134
118
57
4
-15
-15
-8
-19
-16
-62
-90
-33
-31
-9
-41
-69
-74
-59
-69
-56
-53
-94
-79
-66
-71
-55
-59
-78
-119
-124
-107
-68
-55
-28
-25
-7
4
-2
-36
-39
-43
-27
-13
-16
-26
-53
-44
-58
-28
-12
-3
0
-11
-21
-32
-24
-1
-3
-28
-35
-29
-35
-57
-90
-106
-115
-78
-26
-14
-14
-38
-41
-19
-41
-22
-21
-51
-52
-57
-55
-23
-32
-34
-17
-23
-25
-28
-36
-87
-97
-70
-28
15
-1
-30
-45
-71
-68
-74
-96
-85
-100
-60
-10
10
0
-19
-32
-12
15
38
56
44
58
65
100
97
77
68
60
45
40
34
49
53
63
66
56
61
62
83
98
108
93
92
51
59
92
105
133
117
96
85
90
75
74
50
28
32
56
56
70
59
57
46
35
50
52
28
-4
-35
-63
-82
-76
-91
-79
-63
-91
-61
-66
-75
-95
-130
-151
-138
-111
-100
-69
-63
-76
-98
-121
-104
-117
-133
-156
-123
-91
-67
-55
-73
-91
-115
-78
-89
-89
-107
-88
-42
-47
-36
-36
-34
-29
-21
-10
-5
20
25
27
69
102
99
87
93
98
99
100
109
123
146
172
197
205
174
150
140
150
140
150
180
194
198
214
183
206
225
204
209
199
222
200
203
173
167
155
124
145
144
146
148
114
86
65
35
31
55
46
21
34
25
10
-10
-67
-84
-90
-78
-68
-52
-53
-49
-50
-57
-70
-63
-94
-142
-169
-192
-170
-143
-124
-119
-115
-136
-112
-117
-112
-105
-110
-81
-48
-36
-23
5
-1
4
-4
-46
-44
-34
-60
-48
-53
-55
-31
-6
24
71
92
71
59
64
67
71
93
83
69
64
82
104
111
75
59
61
56
68
87
101
113
95
84
117
96
77
70
51
38
36
41
26
16
5
-11
-8
-8
-2
17
43
46
59
67
93
88
77
37
-13
-24
-24
-10
-4
-27
-54
-59
-64
-70
-86
-95
-115
-120
-103
-108
-76
-63
-76
-80
-93
-108
-98
-113
-127
-134
-161
-168
-168
-172
-151
-150
-99
-79
-77
-101
-142
-164
-184
-180
-197
-187
-180
-198
-209
-195
-197
-199
-207
-230
-239
-208
-188
-156
-129
-123
-115
-115
-118
-132
-144
-146
-155
-171
-161
-131
-116
-116
-101
-110
-133
-119
-101
-74
-45
-49
-61
-45
-35
-7
12
-4
-22
-47
-49
-26
-9
16
9
7
18
51
99
118
106
104
116
152
179
178
158
158
141
120
139
135
136
115
88
88
91
109
129
146
165
200
203
181
143
104
64
41
30
20
37
59
8
-8
-28
-42
-34
-77
-90
-86
-51
-21
-11
-11
-34
-68
-107
-112
-143
-163
-190
-200
-185
-180
-143
-136
-131
-133
-123
-119
-128
-115
-101
-126
-101
-70
-31
-8
-20
-24
-26
-23
5
5
21
52
73
121
148
184
184
197
173
158
181
198
200
207
201
190
222
192
167
143
110
98
78
77
99
115
124
109
100
114
120
88
65
29
28
41
34
45
55
46
32
-1
-23
-30
-46
-54
-82
-69
-35
-10
5
23
-5
11
-8
-28
-26
-60
-54
-69
-68
-67
-94
-97
-105
-123
-128
-136
-141
-117
-120
-121
-114
-95
-80
-60
-50
-72
-72
-70
-55
-41
-54
-47
-60
-36
-8
13
29
34
40
32
24
50
99
128
151
136
132
132
120
109
110
99
115
132
163
206
209
207
182
172
198
199
186
170
166
168
178
164
149
125
116
108
79
57
37
37
33
32
13
4
-21
-33
-36
-46
-53
-86
-104
-136
-158
-160
-175
-201
-242
-277
-277
-285
-303
-330
-325
-347
-368
-362
-354
-335
-326
-321
-346
-364
-363
-363
-352
-334
-320
-289
-267
-232
-203
-185
-182
-173
-172
-151
-111
-73
-35
-13
3
14
37
47
71
97
103
97
112
123
138
146
155
168
186
172
168
204
204
194
195
210
227
214
227
233
205
193
166
155
163
141
145
163
177
205
231
240
228
217
211
184
182
150
108
113
105
93
50
10
-15
-36
-44
-59
-66
-86
-105
-137
-142
-135
-164
-192
-199
-236
-252
-248
-253
-240
-249
-237
-219
-218
-223
-221
-207
-202
-177
-160
-152
-136
-139
-135
-130
-131
-139
-145
-126
-108
-102
-104
-79
-54
-45
-37
-21
20
48
65
96
128
133
146
158
172
220
220
214
216
223
233
247
272
249
269
311
339
355
356
360
377
383
383
399
425
423
405
388
366
368
353
309
290
272
274
292
274
254
224
200
169
174
179
178
145
105
78
63
47
2
-33
-75
-91
-93
-84
-81
-74
-89
-120
-123
-123
-110
-112
-145
-165
-165
-177
-170
-173
-189
-205
-232
-233
-232
-244
-221
-209
-183
-167
-164
-153
-139
-109
-121
-131
-153
-172
-163
-148
-135
-105
-107
-119
-121
-116
-113
-83
-51
-24
-18
-11
-13
14
14
26
48
31
52
69
65
89
80
76
98
104
134
152
147
136
139
144
138
143
149
106
109
93
61
77
70
62
57
38
29
41
43
36
44
25
3
-17
-34
-44
-55
-69
-79
-79
-85
-105
-117
-128
-134
-156
-155
-154
-165
-173
-175
-189
-197
-205
-236
-226
-212
-200
-204
-212
-223
-236
-245
-248
-250
-227
-219
-206
-180
-187
-178
-178
-167
-151
-133
-118
-104
-103
-71
-52
-31
-8
3
15
15
35
32
51
74
66
64
87
92
89
89
79
63
66
82
96
98
84
62
53
74
66
71
60
53
73
74
90
108
94
61
36
16
14
27
17
-5
-13
-27
-44
-45
-46
-50
-60
-59
-54
-42
-27
-21
-22
-53
-68
-71
-71
-57
-62
-79
-97
-99
-100
-103
-89
-103
-106
-93
-71
-25
5
12
21
32
31
36
47
53
45
61
57
66
106
100
112
122
129
170
172
174
188
197
195
210
193
165
160
134
126
135
131
126
144
124
116
119
117
135
138
147
151
145
162
162
163
145
119
118
131
137
134
135
130
111
105
121
115
133
151
148
162
138
112
102
62
44
33
27
16
-1
-15
-15
-19
-26
-39
-33
-22
-39
-56
-59
-52
-30
-16
-33
-54
-58
-53
-70
-85
-101
-107
-111
-122
-116
-106
-121
-125
-126
-132
-122
-118
-115
-135
-138
-150
-146
-136
-142
-139
-129
-135
-123
-111
-101
-106
-119
-107
-94
-73
-61
-62
-53
-49
-48
-23
-16
-16
-17
-9
-10
6
14
8
7
-8
-15
-4
-3
0
-4
-2
11
24
27
25
17
9
-4
-29
-17
-19
-25
-40
-39
-36
-47
-41
-36
-23
-33
-44
-27
-11
-1
31
32
27
26
11
11
13
8
5
-8
0
19
50
68
64
64
61
68
88
94
78
82
76
63
61
51
61
62
22
15
18
-2
-5
-17
-38
-45
-59
-71
-59
-67
-89
-113
-128
-122
-117
-113
-107
-102
-132
-132
-125
-159
-157
-180
-199
-189
-189
-159
-149
-129
-109
-112
-95
-84
-85
-83
-91
-75
-73
-68
-36
-27
-26
-17
-28
-39
-13
-10
7
25
42
46
60
66
59
62
56
76
107
109
115
145
149
155
166
179
182
194
200
207
230
223
204
222
214
213
203
170
159
139
136
139
131
113
102
109
92
101
112
104
100
107
84
61
44
18
20
11
7
2
-17
-27
-40
-53
-64
-74
-82
-88
-91
-83
-85
-75
-92
-95
-98
-120
-123
-115
-110
-116
-114
-113
-108
-105
-109
-109
-94
-94
-86
-77
-70
-56
-34
-23
5
31
29
22
11
22
41
46
65
71
94
129
125
137
139
133
149
164
161
172
181
199
203
219
240
235
222
214
202
194
195
206
218
217
212
223
226
219
213
208
194
171
158
131
127
123
105
92
82
56
41
29
14
-8
-29
-51
-59
-65
-75
-85
-95
-71
-85
-90
-98
-98
-110
-146
-163
-153
-146
-172
-178
-184
-187
-184
-186
-189
-167
-185
-198
-206
-213
-214
-203
-197
-184
-191
-189
-170
-159
-155
-149
-129
-114
-126
-114
-95
-77
-54
-50
-36
-10
7
7
30
22
16
3
7
35
37
30
46
53
63
75
70
69
60
66
60
50
33
8
10
1
0
20
-8
5
-3
-12
-17
-18
-10
-39
-53
-57
-64
-63
-68
-64
-66
-84
-71
-62
-40
-25
-27
-17
-33
-51
-55
-81
-63
-62
-93
-82
-98
-95
-85
-80
-76
-114
-122
-117
-112
-114
-129
-134
-100
-88
-86
-55
-51
-70
-81
-97
-82
-60
-84
-73
-57
-52
-28
2
17
7
-11
3
11
21
30
38
51
55
66
108
108
116
117
104
105
115
122
124
126
121
136
146
151
135
131
119
118
138
125
114
94
71
53
39
28
2
-1
-19
-18
-8
-27
-18
-30
-62
-86
-103
-119
-124
-131
-150
-136
-132
-148
-131
-143
-152
-169
-196
-192
-188
-177
-169
-159
-143
-121
-100
-96
-103
-103
-108
-123
-134
-143
-118
-104
-97
-80
-72
-54
-36
-12
1
2
29
48
45
70
86
103
126
109
124
139
118
117
111
139
162
162
164
151
164
159
148
145
134
127
116
122
105
118
129
103
84
70
65
64
50
49
35
53
69
67
73
59
59
51
44
46
42
19
13
18
23
30
6
2
19
17
8
-2
5
7
12
6
-9
7
2
-1
-16
-36
-47
-68
-72
-74
-82
-84
-74
-80
-74
-78
-83
-92
-110
-108
-117
-105
-102
-106
-93
-81
-72
-72
-90
-106
-106
-102
-105
-80
-57
-65
-32
-22
-28
-4
-18
-31
-23
-24
2
32
36
44
43
31
51
69
53
75
76
73
106
132
143
162
139
121
137
127
118
108
98
104
107
118
119
124
125
113
121
114
102
106
60
48
52
60
64
60
68
52
35
22
24
24
20
2
1
-6
-6
-10
-11
-41
-49
-35
-45
-33
-46
-46
-39
-59
-62
-51
-55
-69
-91
-88
-78
-80
-66
-79
-64
-66
-58
-51
-57
-61
-72
-59
-51
-63
-49
-62
-70
-70
-91
-77
-75
-87
-86
-92
-76
-64
-46
-34
-21
5
-6
-5
2
1
-3
-2
-7
-4
5
2
-4
-5
-16
5
16
10
29
24
35
41
27
34
50
27
34
33
32
29
13
5
0
-24
-29
-25
-34
-43
-48
-47
-38
-26
-11
-10
11
-1
18
27
12
37
21
16
24
14
24
26
11
28
38
33
66
61
60
73
64
82
93
91
89
100
107
110
102
103
102
86
78
66
70
59
56
72
64
72
80
83
83
83
80
67
51
33
14
0
-12
-19
-31
-37
-51
-51
-62
-84
-74
-94
-102
-94
-111
-110
-103
-115
-135
-137
-140
-136
-166
-167
-188
-196
-186
-215
-202
-207
-195
-195
-178
-173
-163
-149
-142
-126
-125
-125
-127
-106
-115
-110
-103
-101
-73
-52
-41
-43
-40
-25
-3
13
44
45
55
80
98
120
125
117
123
117
118
129
121
134
132
135
158
166
185
197
169
177
186
185
196
174
157
167
149
132
114
113
97
55
48
49
49
36
23
27
31
31
21
8
18
10
-3
-9
-16
-21
-37
-69
-73
-86
-97
-97
-113
-123
-131
-111
-94
-105
-85
-76
-61
-39
-62
-59
-66
-76
-85
-82
-73
-72
-57
-40
-32
-23
-10
-13
-5
9
5
15
32
30
40
47
35
49
40
38
43
53
52
51
47
41
52
53
63
70
92
95
87
110
97
90
90
73
72
58
31
11
11
-2
-31
-27
-37
-45
-38
-52
-44
-44
-71
-82
-98
-123
-140
-138
-145
-137
-161
-184
-182
-194
-202
-202
-210
-217
-208
-200
-186
-177
-174
-166
-174
-185
-187
-191
-205
-209
-209
-214
-206
-187
-169
-164
-173
-163
-151
-153
-146
-136
-128
-116
-114
-94
-76
-65
-56
-56
-65
-54
-43
-29
-23
2
21
23
33
35
42
69
81
97
115
118
123
146
143
144
134
111
101
78
63
59
50
58
52
46
57
38
41
27
11
5
-29
-33
-34
-49
-46
-85
-80
-87
-111
-128
-147
-171
-167
-173
-172
-169
-173
-153
-161
-174
-171
-199
-207
-194
-211
-204
-198
-205
-206
-192
-185
-179
-159
-164
-166
-156
-153
-153
-137
-127
-125
-123
-133
-128
-118
-126
-128
-122
-109
-95
-96
-91
-76
-83
-88
-84
-96
-91
-91
-82
-58
-63
-77
-86
-95
-101
-110
-137
-146
-150
-161
-137
-135
-142
-143
-166
-156
-165
-183
-188
-185
-193
-211
-220
-207
-185
-194
-195
-207
-218
-223
-233
-235
-234
-245
-239
-240
-241
-212
-218
-218
-217
-218
-195
-181
-173
-173
-163
-147
-144
-125
-132
-119
-131
-139
-130
-116
-104
-118
-124
-127
-126
-135
-118
-107
-102
-102
-116
-121
-123
-126
-118
-134
-136
-139
-142
-148
-144
-141
-143
-136
-143
-142
-141
-156
-173
-183
-186
-184
-193
-189
-193
-191
-187
-177
-176
-180
-173
-178
-154
-142
-141
-138
-136
-128
-132
-136
-128
-114
-109
-99
-95
-83
-80
-88
-77
-83
-77
-68
-67
-63
-72
-61
-54
-64
-53
-70
-70
-57
-52
-32
-35
-48
-43
-65
-71
-65
-85
-92
-89
-75
-85
-96
-95
-106
-89
-84
-82
-67
-70
-80
-76
-78
-68
-76
-91
-86
-95
-96
-92
-91
-89
-90
-102
-93
-92
-102
-110
-116
-136
-140
-137
-151
-155
-158
-171
-171
-181
-214
-213
-229
-242
-234
-235
-243
-236
-229
-221
-217
-212
-215
-205
-215
-217
-221
-226
-224
-247
-248
-246
-258
-258
-259
-250
-247
-247
-238
-221
-228
-223
-213
-208
-197
-182
-189
-190
-189
-198
-206
-218
-212
-192
-195
-173
-147
-142
-119
-113
-96
-90
-99
-101
-93
-88
-77
-57
-50
-50
-47
-36
-36
-24
-18
-17
0
5
-2
15
14
15
24
26
30
27
33
35
37
39
26
41
21
7
25
27
21
17
10
2
2
-11
-16
-18
-27
-41
-42
-41
-51
-63
-62
-76
-96
-94
-104
-103
-109
-106
-94
-93
-105
-100
-105
-102
-96
-82
-84
-74
-80
-90
-79
-106
-111
-127
-154
-140
-135
-146
-148
-158
-147
-136
-127
-127
-130
-117
-133
-107
-99
-109
-89
-94
-91
-88
-106
-103
-94
-101
-84
-65
-47
-26
-24
-29
-17
-27
-30
-15
-7
-3
5
20
10
26
44
35
44
54
54
64
80
86
112
126
123
127
143
152
154
146
142
154
166
155
154
161
163
184
158
147
152
137
121
110
87
70
54
32
42
44
57
61
44
12
7
-6
-11
-24
-37
-26
-13
-22
-46
-67
-65
-48
-43
-29
-38
-45
-10
-35
-22
-30
-60
-50
-52
-62
-81
-84
-91
-87
-68
-76
-72
-70
-80
-63
-58
-58
-65
-67
-44
-30
-42
-65
-54
-80
-93
-82
-76
-69
-60
-45
-22
-1
10
15
18
25
18
16
16
17
24
41
38
35
47
32
37
38
33
35
25
39
57
68
60
62
68
74
74
68
77
55
38
39
40
32
12
12
0
-12
-22
-21
-6
-6
4
3
18
16
8
9
-11
-19
-23
-26
-25
-20
-31
-21
-30
-19
-2
-4
-7
-5
6
14
18
23
36
41
39
46
51
55
55
59
47
57
66
86
116
122
141
171
178
186
184
167
183
171
166
186
188
201
204
208
188
174
171
136
127
135
134
140
120
128
147
147
136
125
119
108
100
92
89
90
77
86
80
73
82
84
92
92
89
96
123
139
138
145
135
144
145
157
142
161
167
182
185
176
204
198
211
208
223
239
261
264
266
287
264
254
259
259
252
234
218
245
232
234
219
242
258
254
248
269
279
267
241
222
220
204
185
194
202
194
186
164
166
147
127
130
114
102
116
120
109
117
119
103
107
98
81
65
35
19
76
85
67
50
61
68
61
64
40
81
57
119
107
96
122
136
136
128
166
132
128
137
141
171
133
127
141
149
149
157
165
163
165
182
190
206
174
206
205
231
230
219
221
233
233
227
217
215
220
238
230
206
209
209
208
204
217
215
196
195
214
193
190
183
175
171
167
158
149
148
153
178
181
172
195
207
193
184
176
173
162
164
154
142
139
128
117
127
100
87
83
68
67
61
52
41
43
36
38
41
29
32
2
7
14
11
22
19
23
27
37
33
31
43
10
19
27
22
35
50
69
95
74
76
83
69
87
78
90
103
105
135
141
117
123
128
135
142
138
141
144
143
145
154
171
167
175
163
128
143
153
149
142
137
142
132
135
145
134
124
103
93
90
69
57
59
59
57
61
54
45
36
37
28
28
26
22
19
4
17
29
29
32
14
33
29
3
12
2
20
29
22
18
25
16
22
48
29
33
40
39
54
72
50
61
74
61
75
66
74
89
81
84
78
92
90
92
96
85
99
106
113
100
98
90
102
101
92
112
111
100
113
121
129
126
116
130
141
143
139
154
149
137
140
140
139
134
113
135
142
133
131
129
121
126
123
100
113
108
105
110
118
114
113
119
118
118
130
111
118
143
129
135
118
114
134
129
119
129
123
127
128
118
114
116
111
107
93
83
86
70
56
64
69
58
61
56
56
76
48
50
70
82
72
69
56
68
69
55
58
44
32
16
-4
-20
-4
12
21
29
40
43
37
46
21
24
29
5
29
28
27
48
51
61
61
75
70
74
89
70
66
68
71
90
99
108
104
103
100
81
83
76
79
86
100
118
115
126
137
125
127
131
139
152
153
148
153
152
140
143
137
134
124
110
100
109
104
112
121
115
98
71
67
49
37
36
13
8
9
-9
-4
-17
-35
-38
-53
-61
-46
-48
-57
-43
-29
-45
-37
-30
-43
-31
-46
-47
-31
-39
-39
-17
-4
-4
9
-2
-4
19
19
5
13
22
21
30
43
42
65
75
88
108
108
101
89
89
97
112
121
121
118
126
131
128
120
108
108
104
98
93
72
78
75
65
68
60
52
64
50
49
65
71
83
93
84
100
106
105
98
94
99
83
96
84
99
115
96
103
87
75
80
63
72
76
71
75
88
70
62
77
54
43
39
28
16
4
6
22
19
18
33
35
39
38
27
24
14
-9
-10
-23
-38
-23
-39
-38
-20
-27
-34
-14
-22
-4
7
0
17
18
17
18
21
14
11
26
34
26
23
38
43
52
52
64
75
75
86
82
96
100
102
114
114
119
121
110
115
122
100
104
112
109
122
116
117
134
141
143
142
139
146
133
127
133
137
134
111
113
120
122
117
102
104
94
92
88
93
108
112
117
117
100
118
118
102
110
90
98
88
91
93
87
96
88
89
77
59
50
61
57
58
62
62
61
70
74
40
50
50
41
62
34
16
5
-8
11
3
-11
-7
2
-4
1
-3
-12
-11
-24
-45
-42
-55
-68
-68
-82
-81
-83
-91
-100
-87
-88
-85
-93
-100
-87
-71
-70
-56
-46
-60
-55
-63
-43
-37
-32
-28
-41
-33
-19
-15
-2
1
1
18
18
14
11
28
24
13
9
-12
-5
-14
-31
-18
-7
-26
-7
4
-5
11
9
11
8
0
-6
10
-3
-14
3
-7
-10
1
1
-9
-12
-12
1
4
6
26
30
45
33
42
38
21
35
39
47
32
46
33
32
40
19
38
34
32
29
44
41
48
64
52
55
69
67
53
47
46
28
25
30
30
28
27
21
24
24
28
19
16
9
16
17
10
13
5
9
-3
-1
3
-11
-11
7
-2
-12
-8
-3
-2
17
1
-3
14
-4
-27
-32
-26
-37
-36
-29
-38
-34
-39
-58
-44
-58
-79
-80
-104
-96
-108
-114
-107
-124
-109
-115
-118
-114
-102
-91
-91
-94
-95
-117
-106
-95
-104
-91
-98
-88
-70
-53
-48
-46
-49
-45
-20
-32
-39
-25
-25
-37
-17
-5
11
23
15
38
52
45
54
67
71
80
82
71
99
94
86
105
93
95
93
84
88
100
103
118
112
119
115
116
117
111
103
95
82
69
72
77
102
94
75
103
106
85
93
91
107
93
96
99
81
79
65
70
83
82
84
83
75
76
68
67
52
52
53
28
39
45
40
29
18
-2
11
-6
-23
-19
-35
-36
-24
-35
-39
-41
-37
-20
-25
-38
-40
-26
-34
-49
-48
-51
-57
-65
-84
-94
-102
-106
-106
-109
-111
-126
-127
-151
-151
-138
-144
-147
-141
-148
-150
-144
-158
-157
-152
-157
-142
-126
-132
-117
-108
-110
-99
-101
-93
-91
-103
-97
-90
-93
-97
-93
-97
-93
-84
-74
-63
-57
-49
-42
-46
-44
-37
-15
-30
-27
-38
-27
-26
-44
-16
-27
-25
-19
-23
-10
-9
-15
-18
-26
-23
-11
-22
-26
-25
-17
-10
0
24
17
30
26
33
40
27
28
36
29
25
35
48
33
30
44
50
48
38
53
57
49
56
47
64
60
47
53
49
42
48
55
61
69
80
92
96
83
94
88
86
71
79
69
51
50
42
47
49
37
38
41
18
36
25
14
18
20
34
24
31
27
3
13
12
0
5
-6
1
21
-8
-31
-19
-33
-39
-39
-53
-49
-59
-81
-68
-60
-73
-86
-103
-98
-101
-115
-103
-101
-97
-105
-92
-91
-86
-84
-104
-114
-127
-116
-128
-129
-121
-118
-115
-101
-100
-106
-114
-122
-118
-116
-105
-92
-95
-92
-92
-92
-86
-95
-95
-74
-68
-65
-69
-69
-67
-71
-65
-79
-73
-81
-82
-70
-81
-79
-59
-41
-32
-23
-10
-4
-1
-7
0
22
33
39
46
53
77
70
52
68
58
62
52
43
53
39
40
59
82
82
73
74
68
58
51
46
60
57
59
74
59
60
65
60
73
51
36
55
32
30
38
25
31
32
34
29
31
26
9
3
-3
-5
-8
-15
-13
-14
-6
-19
-29
-30
-39
-49
-71
-74
-72
-71
-68
-58
-57
-63
-58
-41
-35
-28
-18
-31
-39
-46
-34
-28
-34
-57
-56
-63
-72
-70
-84
-66
-76
-74
-87
-103
-114
-131
-131
-135
-137
-132
-132
-121
-117
-124
-97
-114
-136
-134
-136
-132
-127
-127
-113
-125
-122
-124
-122
-123
-134
-144
-156
-172
-164
-160
-174
-161
-158
-148
-155
-145
-138
-133
-134
-137
-132
-109
-95
-92
-79
-65
-47
-45
-30
-30
-31
-26
-33
-28
-13
-22
-33
-50
-49
-50
-60
-61
-65
-75
-71
-64
-70
-76
-79
-89
-97
-104
-88
-75
-93
-98
-77
-80
-89
-80
-55
-47
-40
-43
-29
-24
-39
-36
