-8
-22
-3
-11
-8
2
4
22
15
23
34
15
8
27
19
38
34
31
41
18
7
-4
11
4
8
9
14
2
-9
5
4
8
12
-10
11
-2
-14
-3
-18
-3
0
-18
5
25
-1
-6
-26
-41
-32
-30
-23
-36
-38
-55
-56
-55
-58
-49
-63
-73
-49
-44
-46
-31
-45
-33
-45
-42
-19
-25
-41
-40
-33
-44
-66
-59
-29
-25
-39
-45
-32
-13
-34
-25
-3
-4
-51
-41
-25
-41
-63
-64
-51
-56
-60
-80
-47
-58
-76
-72
-65
-55
-64
-71
-51
-65
-63
-66
-79
-67
-58
-80
-63
-48
-70
-50
-74
-45
-35
-46
-31
-6
-20
-23
-16
-9
-11
-16
-12
-17
12
-4
-16
-16
12
9
11
41
35
37
47
47
57
54
32
27
38
34
33
49
38
17
20
9
23
21
-10
0
-3
-23
-11
-22
-28
-16
-29
-49
-49
-33
-71
-67
-52
-53
-45
-66
-58
-40
-64
-70
-38
-35
-44
-39
-22
-18
-16
-23
-37
-17
7
-7
-19
11
12
2
9
23
41
20
43
45
31
28
4
26
25
2
10
34
21
14
6
-16
-13
-12
-22
-15
6
-23
-44
-23
-37
-44
-46
-57
-35
-36
-57
-56
-47
-72
-88
-82
-62
-52
-85
-91
-83
-86
-99
-105
-91
-88
-105
-102
-98
-107
-117
-136
-130
-125
-119
-125
-110
-114
-111
-106
-113
-105
-96
-95
-101
-85
-88
-104
-99
-99
-98
-104
-99
-89
-96
-101
-105
-114
-101
-126
-116
-108
-118
-118
-139
-126
-130
-133
-120
-107
-103
-117
-116
-104
-110
-126
-108
-111
-99
-112
-125
-100
-94
-127
-99
-77
-83
-65
-97
-91
-84
-92
-93
-91
-77
-71
-75
-67
-63
-58
-73
-73
-47
-42
-38
-44
-40
-23
-24
-21
-6
-6
3
-2
1
8
-5
-14
-8
20
14
-6
-1
5
-16
-20
-9
-15
-23
-50
-38
-43
-60
-74
-81
-81
-91
-87
-75
-92
-91
-95
-110
-81
-83
-99
-77
-72
-80
-77
-93
-87
-78
-87
-87
-79
-78
-70
-81
-83
-73
-87
-109
-106
-82
-92
-114
-107
-96
-114
-135
-118
-111
-101
-122
-119
-108
-100
-128
-122
-111
-110
-121
-132
-119
-105
-131
-114
-118
-135
-117
-125
-114
-104
-107
-121
-114
-105
-107
-104
-99
-103
-89
-109
-109
-90
-106
-94
-85
-81
-84
-100
-70
-70
-78
-81
-61
-44
-56
-66
-58
-53
-53
-59
-51
-34
-47
-63
-62
-62
-41
-64
-62
-19
-46
-42
-41
-47
-36
-62
-52
-40
-40
-40
-55
-49
-41
-43
-55
-38
-21
-29
-32
-18
-29
-28
-27
-29
-4
-22
-32
-11
-22
-11
-30
-38
-12
-23
-31
-41
-27
-25
-61
-41
-35
-21
-5
-36
-14
-21
-38
-43
-41
-18
-24
-46
-50
-29
-34
-37
-21
-23
-25
-17
-14
-17
-10
-10
-23
-9
-20
-16
-6
-5
-12
-15
-10
-32
-11
-14
-12
-15
-17
-31
-6
-26
-33
-10
-22
-14
-5
-10
-7
4
-17
-18
-5
-14
-26
-18
-19
-31
-35
-59
-48
-67
-95
-77
-68
-88
-98
-107
-108
-105
-118
-115
-110
-117
-120
-109
-121
-111
-110
-111
-99
-102
-106
-96
-81
-100
-95
-82
-83
-93
-105
-101
-90
-95
-90
-84
-82
-89
-82
-87
-87
-79
-93
-91
-90
-101
-81
-75
-100
-83
-96
-96
-78
-100
-109
-116
-113
-109
-104
-104
-107
-107
-102
-98
-95
-97
-76
-97
-93
-77
-106
-81
-92
-105
-99
-91
-107
-92
-76
-82
-60
-66
-65
-70
-70
-58
-41
-52
-73
-80
-57
-52
-64
-55
-50
-52
-45
-63
-53
-61
-50
-64
-64
-51
-49
-63
-81
-67
-77
-76
-96
-85
-82
-89
-104
-84
-82
-88
-69
-76
-58
-64
-76
-69
-63
-61
-70
-67
-52
-64
-48
-46
-62
-44
-47
-49
-42
-64
-41
-35
-45
-61
-55
-57
-51
-39
-51
-57
-67
-65
-61
-60
-80
-77
-63
-54
-64
-57
-88
-83
-71
-87
-77
-103
-90
-87
-100
-108
-105
-102
-113
-103
-85
-92
-96
-91
-104
-95
-117
-115
-108
-109
-118
-122
-88
-99
-114
-103
-122
-91
-92
-128
-112
-106
-91
-112
-105
-96
-97
-88
-97
-91
-84
-87
-82
-65
-72
-66
-62
-71
-58
-43
-48
-39
-27
-38
-51
-41
-51
-44
-53
-57
-41
-37
-43
-43
-13
-29
-48
-47
-36
-30
-41
-49
-15
-1
-24
-20
-26
-19
-19
-22
-9
12
31
25
29
40
40
31
30
45
51
38
43
56
68
79
73
84
84
78
78
81
109
106
101
106
106
110
88
96
93
85
92
109
99
94
104
94
81
57
54
67
55
67
50
64
74
45
23
20
44
34
18
25
32
23
20
18
23
20
3
4
30
26
3
3
0
-2
-4
1
18
7
-15
-14
4
-26
-14
-13
-30
-43
-59
-42
-61
-65
-87
-79
-72
-89
-93
-83
-92
-98
-100
-100
-111
-105
-119
-112
-103
-92
-96
-85
-72
-87
-68
-74
-73
-63
-58
-65
-55
-36
-45
-50
-51
-31
-43
-53
-47
-31
-41
-60
-37
-40
-50
-40
-38
-30
-27
-72
-49
-19
-42
-55
-65
-35
-40
-67
-57
-65
-54
-66
-59
-46
-55
-63
-45
-27
-22
-38
-43
-32
-40
-34
-42
-37
-21
-48
-61
-67
-38
-37
-54
-47
-40
-24
-49
-54
-39
-41
-46
-50
-45
-24
-43
-50
-33
-38
-40
-48
-28
-17
-20
-14
-19
-8
-8
-24
7
6
-10
-6
-14
1
-5
-22
-14
-23
-28
-36
-28
-4
-34
-38
-39
-28
-39
-49
-51
-58
-56
-78
-77
-82
-85
-91
-85
-83
-91
-117
-108
-83
-106
-108
-113
-98
-97
-127
-103
-107
-100
-96
-96
-88
-95
-102
-99
-68
-65
-74
-85
-58
-54
-82
-62
-63
-57
-58
-63
-54
-47
-44
-53
-14
-22
-20
-20
-15
-12
-8
-14
-16
1
-5
1
1
7
33
8
-4
39
25
18
29
32
48
34
39
59
39
45
40
65
57
56
53
45
63
56
52
56
52
41
44
51
66
62
47
50
54
67
44
33
35
19
12
36
32
46
34
10
32
24
33
35
32
38
42
53
49
60
59
47
57
57
49
53
61
80
83
62
89
83
99
92
86
107
109
119
117
120
132
111
111
119
109
115
118
119
114
94
128
115
108
114
93
107
97
91
88
98
78
95
94
89
95
87
75
93
100
96
89
102
97
109
117
97
118
113
106
99
96
111
94
83
108
95
99
86
83
104
59
43
57
60
47
35
31
43
24
13
22
12
7
-4
8
12
-1
-8
-6
-4
-9
1
17
13
22
9
17
38
43
37
30
19
20
27
18
14
19
30
20
0
1
-16
-7
-17
-26
-26
-33
-20
-31
-31
-46
-32
-36
-50
-49
-35
-32
-51
-30
-40
-35
-53
-61
-44
-52
-62
-65
-57
-61
-47
-67
-48
-33
-62
-56
-44
-51
-48
-22
-48
-26
-26
-51
-7
-3
6
7
12
13
43
42
36
47
39
41
27
43
50
42
55
70
79
68
60
73
73
75
72
87
92
85
88
84
92
92
78
90
95
83
77
68
92
87
76
74
72
75
70
73
74
60
56
64
52
60
35
28
34
24
17
8
11
-7
-9
-3
3
13
6
-7
-7
4
1
23
19
31
22
12
9
14
32
18
29
42
29
22
33
31
33
30
17
39
39
34
33
48
17
26
19
12
27
1
3
20
28
26
21
10
22
29
14
12
-4
7
-3
-6
2
-6
-4
2
4
-20
-18
-22
-28
-19
-4
12
12
5
9
16
5
11
14
13
9
18
8
6
19
27
22
9
7
17
25
27
29
28
45
45
53
57
50
53
51
48
55
66
78
78
85
80
68
87
80
80
76
68
75
78
73
97
89
72
78
79
74
74
66
78
107
83
95
100
104
120
95
92
92
91
97
106
113
111
118
117
121
133
122
119
116
124
114
128
129
129
137
117
127
142
135
121
113
119
113
104
116
100
108
124
124
121
122
100
104
120
117
96
102
119
97
84
104
111
111
109
83
87
77
70
75
58
53
57
42
36
23
30
31
-1
9
1
23
4
-19
-9
-13
-19
-20
-22
-18
-17
-30
-26
-36
-18
-13
-16
-26
-18
-11
-32
-28
-20
-11
-7
1
-13
0
3
-13
2
-10
-18
-12
-25
-25
-16
-19
-3
-27
-27
-23
-35
-17
-23
-27
-15
-29
-9
-5
-29
-18
-19
-17
-29
-25
-16
-23
-23
-27
-33
-21
-26
-25
-24
-39
-33
-21
-29
-4
-17
-21
2
-13
-28
-3
2
-14
-13
-32
-33
-5
-14
-33
-37
-48
-42
-24
-45
-43
-26
-43
-54
-39
-44
-28
-43
-60
-53
-47
-58
-38
-32
-38
-33
-33
-32
-28
-28
-47
-34
-44
-36
-9
-20
-27
-30
-23
-15
-27
-37
-28
-14
-30
0
-12
-16
6
-28
-6
6
16
14
28
19
33
34
29
31
23
35
34
42
43
44
43
46
28
54
61
61
68
52
53
44
51
51
28
46
53
21
31
36
52
41
22
35
19
-1
-21
-24
-5
-6
-44
-44
-37
-35
-36
-40
-50
-48
-58
-73
-56
-59
-68
-65
-73
-66
-54
-44
-61
-46
-38
-32
-25
-39
-17
-20
-26
-29
-28
-34
-37
-55
-59
-72
-94
-81
-73
-68
-38
-39
-44
-58
-72
-64
-61
-92
-80
-39
-66
-58
-37
-35
-45
-36
-37
-30
-27
-46
-1
-7
-3
6
-10
5
-6
-32
-39
-54
-69
-65
-61
-55
-34
-43
-47
-53
-55
-54
-49
-33
-50
-45
-31
-30
-10
5
-3
-24
-20
-9
-22
-3
-18
7
13
-10
10
4
-10
20
7
7
40
32
9
-8
6
23
33
29
63
51
52
32
16
45
23
-31
22
26
29
46
60
25
-21
7
-16
-5
-4
10
10
10
-9
-18
-36
-65
-69
-81
-40
-49
-104
-59
-84
-119
-108
-104
-78
-114
-148
-154
-176
-198
-165
-159
-205
-209
-244
-191
-163
-174
-156
-179
-210
-220
-172
-194
-188
-182
-172
-145
-134
-177
-197
-187
-198
-162
-150
-131
-147
-131
-104
-66
-133
-108
-115
-154
-129
-136
-143
-70
-10
-82
-53
-87
-99
-54
-102
-93
-1
-80
-38
-47
-120
-74
-67
-33
-7
-49
-76
-59
-149
-48
-69
-96
-66
-136
-8
-82
-87
-29
-110
-83
-36
-155
-136
-100
-153
-19
66
13
-6
-119
-123
-87
-116
-80
-36
46
18
19
-19
-29
-73
-124
-86
-93
-7
-1
118
31
-94
-62
-78
-21
-37
52
41
-38
30
-41
-117
-13
-73
-52
45
-3
18
-58
-56
5
-149
-109
55
-80
5
95
-54
-57
-37
-81
18
-138
-131
55
-32
34
113
95
-74
-12
-10
-1
-2
75
34
167
126
-65
106
-51
-79
62
26
-66
131
25
16
72
-62
124
-66
-68
111
-6
13
68
34
45
-78
19
56
31
37
25
47
-20
79
-17
-17
-71
-86
3
24
7
-155
25
-152
-78
35
-89
99
-56
-95
-18
10
-133
-25
54
-209
26
-87
-103
31
-116
-184
-107
-43
-69
48
-262
-26
-65
-163
113
-217
-111
4
-127
-125
107
-177
-177
-19
-192
-40
-79
-106
94
-140
32
-50
-213
102
-126
-157
74
-139
175
-279
79
237
-451
-78
25
-80
-118
210
-221
449
-331
-71
185
-538
266
-209
-152
64
-53
-27
5
65
-233
-14
-99
93
-4
-148
218
-73
-92
21
210
-219
196
-34
-319
252
-95
123
0
-110
181
-36
-35
181
-216
-7
9
-17
210
-171
49
189
-317
32
246
-513
208
127
-294
212
273
-223
368
-100
-156
164
-262
207
202
-342
389
96
-528
500
-147
-427
438
-209
-60
478
-436
219
-64
-417
476
-79
-194
370
-248
-296
415
-262
-75
317
-366
361
21
-293
449
-120
-113
209
144
-404
603
-237
-65
249
-581
803
-551
97
305
-361
105
380
-76
-56
199
-245
328
-247
220
181
-155
431
-165
-93
379
-170
188
230
-81
-183
567
-351
69
269
-489
565
-217
-179
501
-158
-462
597
-293
-337
579
-495
-187
477
-575
64
382
-476
224
150
-565
322
259
-1062
1150
-491
-405
849
-552
111
184
-301
-133
553
-655
415
-309
-14
128
-6
-14
124
369
-565
356
181
-609
350
264
-482
745
-239
-293
904
-629
-202
833
-1229
835
200
-324
471
34
-521
854
-129
-734
1348
-1025
277
656
-827
635
351
-895
918
-26
-586
632
-480
-394
700
-1011
398
56
-587
479
-446
-167
-89
-238
-625
760
-1059
228
187
-560
304
-398
-55
-226
-299
86
-277
-251
2
-195
260
-512
309
-229
58
88
129
-574
641
-487
-142
937
-1019
841
-215
-411
605
-114
-365
969
-927
528
226
-395
790
-190
-151
394
-344
268
169
-213
462
-427
127
320
-41
-76
45
-337
498
-746
725
-214
39
-43
-258
439
-346
283
-35
9
-85
389
-386
518
-85
-243
181
133
-265
318
213
-583
1093
-588
19
781
-260
-417
1038
-826
470
735
-1224
1147
-56
-614
862
-2
-468
835
-303
-60
795
-649
368
783
-1107
895
265
-609
602
41
-330
597
190
-378
1031
-521
319
125
-149
195
-204
392
2
192
-55
317
-371
377
227
-760
837
-382
224
115
274
132
156
-201
553
-289
-413
1139
-949
184
339
-297
155
174
-415
647
-707
10
367
-201
84
537
-87
-106
518
-301
529
-509
8
-251
247
-272
340
563
-972
874
13
-548
1090
-783
102
582
-331
535
-375
503
-243
479
-921
848
-432
-100
397
47
-213
80
1043
-1100
915
-369
-32
-57
128
93
8
-310
601
-540
23
239
-594
259
-255
-130
310
-394
433
89
-792
1341
-604
-831
1728
-1275
-102
784
-882
672
-122
-289
1053
-874
-417
1554
-2180
1541
-157
-742
914
-384
126
358
-240
-203
308
-283
364
286
-708
860
-199
-271
717
-420
347
-572
1159
-874
975
-448
27
686
-893
483
-149
204
-690
1159
-801
119
361
-832
769
-334
-745
1249
-785
-256
591
-518
-186
447
-138
-190
895
-1226
883
192
-813
821
28
-424
603
451
-1038
843
-63
-206
683
-667
399
130
-629
412
133
-362
227
105
-406
903
-580
-45
338
-373
321
108
134
-41
-412
564
386
-1011
1004
-448
153
355
-32
-181
413
-473
356
15
-184
448
-570
605
-139
-23
-522
529
190
-670
810
-75
-744
996
-820
462
46
-324
654
-101
-312
906
122
-996
1732
-1494
1201
-593
-10
508
-756
1002
-468
194
69
14
299
-299
114
-83
34
555
-246
-221
693
-421
-449
1125
-1070
523
-16
-358
1141
-613
255
498
-727
581
-232
-32
342
-486
743
-380
-199
662
-811
-85
434
-725
306
79
-433
1046
-754
68
937
-1164
747
25
-579
408
-144
32
44
75
-178
587
-329
400
101
-218
351
366
-606
813
-184
7
202
69
-29
-151
393
190
6
-2
577
-460
498
-46
528
-257
295
108
408
-132
-183
568
-655
558
25
-19
258
-229
71
252
-15
-268
419
-196
-196
686
-811
718
-546
256
94
-17
-212
-227
350
-1119
1229
-693
55
740
-447
142
-51
-324
55
65
-731
1002
-714
207
521
-712
496
-779
580
-351
291
99
-118
190
531
-547
315
329
-782
610
-386
238
276
-466
572
60
-326
693
-348
193
171
-12
83
31
59
64
360
-317
383
-58
18
165
-254
-51
-27
166
-88
417
-365
350
-384
297
-272
-1
393
-580
868
-755
532
-101
-406
153
60
-711
859
-560
75
475
-928
643
-388
-119
424
-647
312
371
-866
506
19
-511
264
372
-572
454
-239
261
-119
-45
259
-254
347
-470
802
-722
458
77
-203
54
407
-549
621
-13
-197
620
-489
491
-157
310
-453
973
-1055
1066
-823
496
-507
674
-333
64
662
-1192
1295
-687
-111
735
-898
450
371
-762
1065
-908
321
-185
199
-250
418
-433
854
-640
265
833
-935
725
-104
-401
675
-520
521
253
-300
842
-142
126
-102
596
-715
655
-384
619
-138
358
20
287
-283
340
-23
231
35
190
58
386
-7
-322
668
-621
909
-571
717
-231
250
-272
907
-481
524
185
-175
798
-623
348
148
-83
-111
631
-296
465
-606
458
-117
68
-144
357
-230
219
230
180
-173
404
10
-88
674
-245
232
482
-164
201
70
-7
170
270
-618
1513
-1126
1078
-94
-240
616
-799
847
-642
920
-774
937
-603
331
-32
-410
687
-1040
1153
-617
56
608
-651
778
-612
326
163
-695
972
-873
888
-689
613
-109
188
-277
67
340
-865
1078
-407
-208
823
-643
663
-246
49
-56
174
-323
415
78
-613
1135
-977
453
185
-178
209
-74
263
-386
592
-715
634
-17
-373
812
-431
18
502
-405
-311
879
-819
288
916
-1185
1115
-182
-539
887
-248
-605
1007
-183
-439
1004
-738
529
-227
285
-5
71
-344
514
-172
244
192
89
92
-353
919
-1177
889
-578
156
75
-6
-80
406
-334
361
-64
-115
-28
186
-243
204
272
-510
654
-290
-57
-43
138
-403
422
-290
375
-255
260
-64
62
-508
499
-518
288
467
-1004
1632
-1726
1496
-752
-103
279
-204
-59
494
47
-306
627
-512
449
-321
57
679
-582
557
85
-157
-44
238
32
-463
776
-490
112
369
-603
746
-611
-70
456
-510
-147
668
-937
516
77
-530
446
-602
272
-325
97
-280
328
-235
134
-390
643
-1100
717
-127
-687
1199
-1386
731
-348
-40
-73
474
-921
787
-485
-158
345
-467
200
199
-357
408
-328
570
-628
386
-20
-232
505
-761
839
-631
501
-200
25
42
-163
85
-238
69
-29
-59
-136
664
-373
-47
414
-650
40
351
-749
1208
-1008
444
142
-252
-153
523
-439
-53
343
-203
126
238
-743
672
-345
-58
829
-1089
815
-407
27
25
264
-702
282
307
-717
547
-465
390
-478
216
-127
-72
-865
722
-567
-256
502
-192
94
-38
-77
-234
49
-632
974
-1214
535
240
-587
617
-759
455
-384
-220
532
-675
269
-116
187
-467
189
-137
-96
-224
-32
46
-575
502
-241
231
-538
387
-88
-309
359
-56
156
-527
807
-479
-270
827
-959
189
55
400
-350
551
-372
-156
140
-495
727
-613
-146
463
-372
-293
854
-1014
354
-131
-18
-363
648
-1177
744
-344
-370
646
-667
323
-191
166
-700
719
-763
232
163
-405
607
-724
283
148
-153
-113
298
-8
-204
506
-317
174
-162
-134
-295
621
-538
419
533
-855
848
-835
532
-100
0
62
-206
659
-1283
1916
-1496
534
209
-662
975
-675
883
-758
649
-340
-135
677
-646
550
-472
183
205
-451
431
-315
596
-889
803
-538
-43
389
-700
936
-1164
911
-940
557
317
-935
1146
-1378
907
83
-879
1220
-1259
637
-562
329
-314
74
-26
-158
150
-514
684
-934
837
-817
134
-74
-22
177
-33
-66
-7
-177
114
-229
27
-13
-465
434
-455
629
-876
513
-764
782
-691
1234
-987
206
171
-702
354
-737
859
-815
598
-364
165
-447
171
-266
193
-275
369
-342
209
-170
182
-795
209
-150
-742
672
-970
1323
-1210
754
-646
206
-108
-402
-28
-108
-127
159
411
-501
322
-656
-132
249
-623
488
-453
-206
413
-690
298
-296
38
-109
621
-811
419
-410
-130
-10
-610
153
-104
-236
460
-31
-308
364
-544
456
-380
-100
195
-632
276
101
-431
83
-234
172
-197
298
-165
-128
-223
398
-812
447
-481
-344
482
-690
930
-655
-15
66
102
-873
643
-239
-200
225
-688
504
-605
-253
-194
578
-1279
760
-352
-239
118
-958
623
-940
354
-340
23
-208
-341
-202
179
-435
-165
605
-1124
472
272
-944
679
-901
458
-72
-418
756
-563
-77
1
241
-403
193
-303
213
-389
524
-403
-3
685
-1238
934
-581
-385
598
-352
-200
797
-506
663
-136
-990
598
-675
-369
692
66
-50
331
-419
169
-689
70
-251
-87
417
-122
411
95
-531
-152
-75
-414
448
-412
589
229
-792
870
-727
442
-72
-282
265
-225
262
71
-97
-177
489
-579
508
-499
548
-394
887
254
-1342
517
-454
225
-402
538
326
-317
990
-868
421
-989
239
-94
135
698
-494
708
-1201
1302
-1443
991
-344
4
544
-242
493
-554
502
-454
503
-361
204
816
-232
311
105
159
-347
442
-299
67
134
-991
1892
-2098
1727
-557
-848
902
-283
-575
460
571
-1372
1822
-1453
848
-486
-637
1206
-606
-26
199
39
328
-625
808
-1137
453
260
-76
-224
248
82
-956
1818
-1977
1182
-531
-867
1454
-739
28
753
-899
512
569
-1019
85
1030
-1678
1712
-889
-315
1242
-2162
1325
-285
9
-614
1129
-281
-118
88
-553
-145
-605
909
-985
1135
-1317
1234
194
-1238
2010
-1377
292
70
-100
-122
469
-454
582
713
-1384
1950
-1338
379
472
-619
890
-658
925
-782
509
-749
137
-387
199
549
-494
656
-459
645
-759
205
843
-695
62
346
-338
-134
125
203
-335
471
-670
464
-216
-528
383
-145
241
-32
270
-806
743
-1181
353
101
-35
205
315
-498
-55
296
-1292
1461
-671
371
88
379
54
20
-261
309
-650
105
90
-107
7
175
-171
-106
-108
-599
367
-707
942
-418
438
215
-96
-393
256
-855
-196
123
-793
1087
-526
277
824
-829
395
65
34
-29
187
-155
-89
115
-208
269
-378
329
-284
141
-355
253
10
-469
685
-629
527
-201
419
-231
-369
340
-687
692
-482
915
-534
-146
283
-572
644
-397
432
49
115
97
107
-446
83
-32
-256
364
-201
-9
174
322
-117
-138
-4
165
99
276
-161
159
37
-408
757
-172
157
132
56
196
-313
203
-451
184
62
157
193
477
-212
367
116
-455
566
-813
45
161
-25
-46
324
-245
-153
564
-595
791
-609
155
440
-674
733
36
-131
113
557
-249
318
34
-481
446
-447
356
127
388
-68
137
-64
-165
193
-291
356
-32
187
-8
-20
279
-334
286
18
-776
689
-336
278
-127
-299
294
-663
-80
-106
-601
-215
656
460
810
486
23
483
-520
261
-109
233
407
461
818
-143
92
-269
-23
30
722
-451
726
609
-358
617
-254
-197
76
-270
-50
182
-699
525
-119
151
125
77
-360
-48
344
-463
715
78
-86
465
-208
-113
-14
-251
130
109
-172
251
-188
-185
-67
63
185
-275
202
59
-26
440
-315
92
-103
31
-128
-51
-271
72
-482
187
-153
-320
164
151
53
-460
909
-207
425
63
-345
51
-376
142
-102
361
-590
282
-208
-23
407
-481
526
-247
-155
5
58
-266
-23
-208
-183
321
418
-189
85
-203
191
199
52
-47
315
27
151
363
-25
-130
433
-452
396
255
-484
678
-159
-107
56
419
-487
456
-419
-181
697
-259
806
154
38
-99
199
-300
-26
192
-625
447
-96
217
42
-171
-111
-266
144
-321
567
-446
-40
196
-550
308
-415
-231
-237
75
-250
79
112
-229
-29
-55
87
-229
26
-242
-94
95
-512
467
-360
-334
57
-590
213
-313
-185
-20
-104
-148
143
-166
-41
-199
39
261
-39
239
-41
159
313
-290
49
13
-431
388
78
33
355
-314
-234
92
-331
74
-86
-264
420
-194
161
380
17
27
40
240
113
389
-30
280
-54
377
122
141
659
-303
300
56
229
178
158
166
263
-8
-42
199
-153
139
13
-161
58
-138
-32
-84
-50
-197
-179
-177
-13
-78
-385
-199
-314
-220
-237
-231
-252
-261
-321
-286
-393
-308
-430
-313
-346
-373
-211
-570
-287
-406
-441
-330
-351
-357
-125
-205
-68
-283
-128
-55
-266
121
-130
26
10
103
119
21
139
47
298
-80
293
386
167
617
404
491
537
523
367
561
512
600
696
433
846
549
552
642
818
863
725
1016
933
922
948
1042
1038
910
963
966
1191
1034
1017
926
915
988
1108
1153
1290
1213
970
1153
1020
964
831
636
365
-256
-781
-1315
-1546
-1744
-1833
-1895
-1610
-1811
-2004
-2080
-2558
-2737
-2875
-2970
-2800
-2632
-2547
-2343
-2154
-2186
-2368
-2252
-2225
-2100
-1762
-1319
-913
-526
-200
-145
-16
-155
-304
-302
-94
140
242
482
688
676
536
374
505
607
842
1056
1249
1728
1827
2462
2778
2849
3107
3099
3598
4051
4436
5081
5223
5600
6260
5992
6279
5961
5709
5186
3961
2472
379
-715
-960
-1107
-468
-1127
-1584
-2155
-4135
-4911
-6002
-6827
-6354
-6260
-5013
-3479
-3206
-2673
-2847
-3364
-3502
-3723
-2595
-1158
206
1574
2633
3505
3302
2930
2203
1621
1087
724
1207
1404
1112
472
-494
-1685
-3141
-4540
-5301
-5696
-5402
-5047
-4265
-3645
-3530
-3394
-3659
-3547
-4029
-3689
-2867
-1784
-646
107
990
990
1084
802
1097
1288
1934
2377
2730
3415
3016
3160
2524
2173
2111
2003
2274
2936
3439
3743
4316
4575
4990
5583
6315
7257
8178
8225
7764
7418
6054
4094
245
-1866
-1490
-1050
347
432
285
-532
-3952
-6366
-7498
-8816
-8598
-8033
-5221
-2239
-2064
-1931
-1853
-3197
-4906
-5637
-3754
-594
1032
3368
5806
6814
5357
3494
2699
1835
210
159
1944
3443
3082
1735
941
-1195
-4541
-6945
-7411
-6635
-6195
-5591
-3575
-2782
-3125
-3714
-3988
-3868
-4753
-4654
-2802
-842
847
1398
2169
2356
1369
592
488
993
1026
1488
1825
2098
1707
469
-443
-1087
-1552
-1714
-1776
-1102
-833
-806
-568
-523
229
464
1418
2977
4387
5942
7120
7824
9046
9876
10790
11784
12088
11976
10850
9924
6953
1735
-1611
-3516
-3001
-1612
-2610
-2390
-2956
-7087
-9313
-12102
-13366
-12664
-12848
-8905
-4397
-2976
-1548
-1020
-1439
-2278
-3558
-1366
2361
4601
6917
9553
10902
9671
6948
5260
3708
1442
207
1179
2574
1842
-145
-1598
-3955
-7431
-10529
-11511
-10300
-9242
-8017
-5442
-3355
-2814
-3001
-2810
-1966
-1814
-1542
502
2652
4331
4921
5032
4981
3576
2279
1609
1628
1734
1072
652
53
-808
-2461
-3758
-4213
-4918
-5156
-4881
-3925
-2819
-2321
-2066
-1254
-474
660
2209
4116
6547
8508
10235
11291
12117
12859
13053
13555
13311
12163
10816
8423
2912
-2750
-5764
-7000
-5749
-5558
-5912
-5143
-7728
-11022
-12455
-14144
-13792
-12739
-10117
-3681
-94
948
2874
2855
1606
231
787
4951
7963
9635
12367
14252
12891
9330
6270
4138
1148
-1716
-1638
-159
-130
-2207
-4063
-6067
-9657
-13262
-14266
-12683
-10264
-8153
-4766
-1517
-250
-258
-530
240
282
30
1517
3552
5121
5766
5516
4636
3075
526
-1063
-1377
-1820
-1998
-2685
-3451
-4200
-5942
-7439
-7957
-8315
-8022
-7305
-6204
-4152
-2891
-1842
-550
476
2266
3721
5645
8209
9868
11222
11890
11889
12587
12642
12780
13592
12866
11516
9349
7107
5153
1843
-4281
-9455
-10355
-10656
-8088
-6701
-6248
-4574
-8048
-10321
-9763
-10356
-8247
-5444
-1212
5577
7364
7766
9206
7246
5150
3494
4158
7634
8383
9391
10798
9655
6203
1230
-2081
-4818
-7934
-9016
-7599
-6057
-6220
-7586
-8549
-9708
-12079
-12887
-11364
-8332
-4976
-1977
1507
3616
3618
3261
2889
3224
4000
4067
4888
5251
3868
2631
798
-853
-1922
-3883
-4574
-5052
-5752
-6229
-7322
-8005
-8163
-8423
-7751
-6309
-4703
-3445
-2595
-1204
208
1295
2876
4685
6724
8167
9043
10079
10566
10556
10119
9851
10420
10690
10375
10082
9710
8824
7001
4755
2725
979
-309
-2887
-7975
-10059
-10524
-9310
-6019
-5514
-3736
-2628
-5409
-5252
-5037
-5481
-2808
-1559
2899
7275
6327
7251
6818
4116
2398
359
1975
3945
3349
4391
4708
2785
-587
-4167
-5509
-6954
-8734
-8014
-6122
-4749
-4720
-5127
-4882
-5486
-6416
-5997
-4266
-1914
507
2534
4604
5227
4584
3625
3474
3256
2924
3109
2665
1969
827
-770
-2363
-3829
-5329
-6694
-7397
-7598
-7231
-7187
-7052
-6386
-6362
-5921
-5084
-3680
-1662
-232
1338
2921
3864
4672
4917
5529
6115
6328
6530
6548
6924
6850
6718
6961
6825
6431
6014
5380
5637
6305
6373
6162
5065
3580
2286
-476
-6190
-8823
-8132
-6337
-1905
-80
1755
2907
-1586
-3688
-4476
-6399
-4236
-2006
2357
7453
6368
6126
5595
1355
-1220
-3047
-1694
1443
2066
4157
5950
3769
391
-3286
-5533
-6767
-8641
-7245
-4559
-3152
-2648
-3346
-4211
-6031
-8296
-8189
-6555
-4001
-529
2208
4498
5115
4074
3186
2073
1591
1784
1952
2570
1764
1094
252
-1805
-3277
-5310
-6844
-7367
-7628
-7182
-6280
-6376
-5994
-5624
-5381
-3973
-2832
-1399
285
1234
2316
3387
4096
4974
5348
5379
5839
6112
6486
6732
6655
6225
5558
5566
5969
6342
6838
6257
5812
5851
5314
5669
5062
4239
3321
-1180
-6737
-8390
-7633
-4652
-1248
-152
1969
1237
-2886
-4528
-6314
-7210
-5750
-3444
2080
6081
5675
6266
4708
982
-1399
-2725
-362
2151
3159
5755
6526
4331
998
-2613
-5224
-7867
-9432
-7996
-5502
-3857
-3253
-3685
-4851
-6973
-8404
-7770
-5897
-2956
306
3208
5071
5255
4726
4338
3549
2694
2269
1882
1560
962
434
-770
-2493
-4261
-5868
-6984
-8168
-8736
-8565
-8204
-7625
-6660
-5268
-3911
-2763
-1822
-783
424
1557
2682
4074
5298
5897
6541
6842
7045
6986
6962
6788
6668
6047
5502
6068
5953
6361
6519
5906
5710
5424
5519
6099
5809
5162
3023
-2995
-7684
-8290
-6795
-2789
-514
1175
3063
-80
-3991
-6272
-8438
-8447
-7091
-3081
3358
5470
5627
5926
3202
-190
-3118
-3233
-215
1462
3528
6434
6447
3921
-102
-3992
-7048
-10216
-10755
-8175
-5593
-3792
-3047
-3367
-4979
-7412
-8686
-7833
-5884
-3048
850
4364
6403
6681
6276
5486
3663
2116
1284
1016
1186
896
693
-117
-2051
-4224
-6552
-8630
-9740
-9835
-8783
-6990
-5430
-3825
-2643
-2040
-1330
-921
145
1889
3384
5324
6980
7711
8234
7776
6930
6555
6246
6379
6739
6603
6973
7017
6766
6280
5154
4429
4235
4949
6617
7036
6483
5842
3219
-2042
-8297
-10363
-8385
-5323
-2059
404
2385
876
-3908
-6985
-9001
-10411
-9240
-5674
617
4610
4838
5907
4574
711
-2031
-3225
-1291
920
2512
6251
7788
5812
2791
-1209
-4955
-8710
-10948
-9126
-6791
-5062
-3311
-2843
-3675
-5773
-7444
-7371
-6259
-4229
-898
3116
6272
7910
8285
7498
5560
3092
1584
873
-72
-410
46
8
-685
-2605
-5322
-7913
-10189
-11114
-10235
-8450
-6248
-3810
-2177
-830
-323
-466
167
1333
2836
4744
6797
8494
9382
8919
7971
7253
6412
6249
6657
6767
7156
7219
6663
6151
4991
3535
3390
4048
4821
5585
5268
4679
2969
-1675
-7516
-9956
-9514
-7145
-3563
-1525
883
756
-3082
-5619
-8211
-10001
-8799
-6721
-1919
2782
3988
5751
5662
2742
813
-1236
-1277
350
1507
4706
7051
6261
4706
1398
-2829
-6749
-10293
-10428
-8923
-7503
-5462
-3813
-3363
-4120
-5414
-6349
-6250
-5427
-3053
548
4224
7117
8613
9087
7774
5052
2354
331
-787
-1041
-229
462
489
-800
-3297
-6021
-8940
-10800
-11054
-9736
-7290
-4563
-2193
-302
376
224
233
767
2229
3813
5850
7933
9283
9628
9127
8371
7299
6369
5849
5743
6163
6437
6500
6387
5812
4731
3561
2865
2973
3610
3857
3829
2975
-675
-5682
-8443
-9003
-7169
-4862
-3175
-510
-30
-2000
-4101
-6652
-7868
-7808
-6784
-3084
230
2169
4349
4798
3824
2367
426
-11
-8
267
2754
4823
5275
4833
2643
-189
-3775
-7288
-8392
-8239
-7846
-6629
-5124
-3952
-3554
-4011
-4242
-4270
-3980
-2754
-654
2064
4478
6189
7158
6894
5580
3736
2123
757
-369
-682
-744
-1129
-1856
-3175
-4985
-6732
-8335
-8989
-8429
-7243
-5550
-3682
-1991
-452
506
1194
2261
3300
4426
5712
6994
7935
8542
8528
7977
7498
6829
6313
6211
6428
6821
6663
6431
5335
4212
3550
3034
3234
3066
2656
1928
-284
-3958
-6987
-8140
-7308
-5385
-4050
-2210
-981
-1305
-2488
-4359
-5671
-5946
-5471
-3799
-1560
26
1697
2916
3073
2692
1834
1326
879
347
1136
2653
3726
3972
3326
1928
-180
-2879
-5002
-6183
-7022
-7335
-7168
-6746
-5898
-5056
-4413
-3837
-3499
-2929
-2147
-1313
34
1536
3234
4591
4888
4796
4019
2782
1642
677
375
65
-605
-970
-1673
-2418
-2828
-3408
-3703
-3790
-3781
-3440
-2941
-1967
-569
670
1740
2787
3654
4325
4800
5032
5092
5131
5146
5246
5474
5675
5877
5806
5440
5040
4343
3491
3061
2810
2626
2937
2948
2830
2470
810
-1221
-3014
-3818
-3148
-2188
-1199
-194
75
-212
-1074
-2662
-3874
-4960
-5520
-5230
-5068
-4483
-3641
-2523
-1639
-1485
-1614
-1631
-1563
-1466
-1042
49
1352
2275
2810
2895
2567
1800
625
-469
-1559
-2319
-2462
-2589
-2364
-2006
-1699
-1299
-1118
-826
-514
-722
-994
-1137
-711
173
808
1188
1295
750
229
-201
-597
-647
-1042
-1392
-1586
-1954
-1810
-1556
-1391
-1180
-1299
-1505
-1712
-1580
-859
125
870
1554
2201
3010
3478
3478
3382
3226
2860
2543
2137
2139
2504
2410
2351
2089
1712
1352
1233
1151
994
990
1555
2459
3357
3707
3070
1989
1039
373
333
846
1516
2323
2809
2850
2209
992
-157
-1374
-2815
-3832
-4704
-4980
-4633
-3838
-2873
-2332
-1880
-1585
-1508
-1684
-2007
-1984
-1563
-1003
-288
380
815
821
322
-380
-1274
-1856
-1967
-2138
-2148
-2025
-1683
-1101
-439
116
551
664
453
243
265
383
211
-71
-256
-493
-806
-1015
-873
-493
-742
-1182
-1543
-2017
-1898
-1894
-1676
-1162
-966
-660
-461
-253
535
988
1317
1932
2358
2885
3127
3430
3400
3037
2379
1619
1026
659
789
692
598
270
106
147
-89
-79
-141
94
761
1570
2545
3808
4489
4252
3643
2702
2231
2022
2239
2736
3305
3505
3351
2840
1787
709
-583
-1718
-2546
-3145
-3338
-3160
-2783
-2413
-2123
-1886
-1777
-1928
-2381
-2716
-2634
-2364
-2080
-1754
-1531
-1559
-1835
-2124
-2239
-2296
-2276
-2361
-2346
-2213
-2057
-1617
-1075
-592
-55
336
503
642
804
1089
1112
706
-13
-790
-1323
-1589
-1715
-1518
-1207
-1156
-1286
-1754
-1849
-1697
-1591
-1093
-370
342
782
1129
1879
2425
2389
2578
2775
2968
3364
3361
2989
2816
2167
1481
644
-45
-279
-681
-785
-610
-367
-180
-49
-31
-36
-65
58
617
1529
2753
3856
4413
4187
3668
3143
2827
2570
2382
2638
2990
3089
2754
2136
1293
216
-1138
-2119
-2833
-3353
-3288
-2818
-2241
-1978
-1906
-1719
-1721
-2096
-2541
-2647
-2409
-2171
-2038
-1886
-1895
-2039
-2178
-2199
-2191
-2387
-2559
-2402
-2154
-1935
-1580
-1215
-713
-288
63
440
552
631
790
816
510
-202
-922
-1264
-1339
-1205
-822
-519
-280
-372
-816
-1045
-1026
-781
-317
326
954
1391
1712
1930
2145
2197
1906
1819
2158
2291
2334
2178
1929
1421
562
-76
-592
-1078
-1211
-1104
-735
-342
-277
-284
-175
-100
48
227
801
1821
2637
3569
4063
3961
3563
3142
2799
2506
2368
2298
2439
2618
2509
2033
1275
217
-796
-1747
-2436
-2744
-2767
-2333
-1779
-1489
-1405
-1281
-1219
-1410
-1761
-1994
-1988
-1828
-1727
-1557
-1586
-1873
-1985
-1987
-2043
-2079
-1883
-1668
-1515
-1413
-1155
-918
-699
-370
21
245
306
355
499
762
566
-68
-708
-1212
-1590
-1720
-1468
-1246
-992
-877
-1028
-1091
-1175
-849
-463
-346
-108
48
316
770
1209
1167
884
772
931
1118
1397
1526
1484
1301
890
405
-90
-429
-625
-613
-355
18
210
280
484
545
691
892
1245
1949
2595
3193
3569
3590
3273
3023
2824
2731
2613
2502
2570
2492
2298
1976
1513
948
223
-574
-1147
-1608
-1810
-1732
-1436
-1093
-941
-762
-813
-1197
-1551
-1860
-1926
-1945
-2056
-2067
-2183
-2274
-2337
-2466
-2504
-2457
-2386
-2224
-2111
-2045
-1829
-1482
-1092
-836
-728
-669
-516
-327
-54
183
219
-235
-818
-1430
-1808
-1879
-1888
-1757
-1642
-1526
-1470
-1361
-1306
-896
-877
-871
-307
-99
102
214
696
1148
1370
1456
1563
1310
1198
1596
1816
1615
1433
1070
843
749
533
480
393
479
542
845
1035
1578
1828
2035
2381
2631
3137
3543
3667
3329
2899
2671
2789
2948
2827
2722
2612
2376
2095
1468
741
-47
-963
-1668
-2176
-2541
-2634
-2462
-2050
-1613
-1417
-1395
-1541
-1831
-2009
-1949
-1785
-1683
-1635
-1512
-1390
-1318
-1655
-1884
-1878
-1899
-1832
-1861
-1836
-1740
-1580
-1379
-1079
-1002
-885
-766
-653
-587
-577
-326
-324
-701
-1063
-1649
-1786
-1770
-1833
-1345
-1188
-1306
-967
-919
-831
-258
-520
283
2
184
247
272
716
891
1313
1131
1743
1331
1520
1347
1468
1402
972
571
134
336
477
327
536
575
890
1091
1577
2339
2513
2791
3010
3684
3889
4022
3587
3403
3236
3077
3193
3257
3252
3105
2855
2465
1711
830
159
-694
-1521
-2395
-3028
-3321
-3246
-3009
-2540
-2089
-1983
-2106
-2401
-2636
-2559
-2302
-2124
-1901
-1484
-1066
-885
-1095
-1400
-1761
-2120
-2232
-2190
-2237
-2038
-1718
-1531
-1404
-1200
-1154
-1223
-725
-702
-644
-542
-167
-292
-757
-829
-1071
-1283
-1282
-1036
-1180
-1094
-866
-386
-250
-28
184
-70
-539
-213
68
-11
391
817
1313
1249
1090
917
1037
969
1299
899
894
1338
1293
1223
866
803
1175
1187
1548
2250
1998
2785
3559
4135
4234
4068
3832
3480
2493
2298
2693
2902
3395
3495
3752
3857
3205
2165
1106
-1
-944
-2063
-2801
-3363
-3829
-3889
-3416
-2878
-2426
-2319
-2449
-2855
-3322
-3237
-2671
-2076
-1560
-854
-110
460
335
-88
-684
-1337
-1732
-2019
-2124
-2096
-1923
-1684
-1593
-1487
-1528
-1814
-1880
-1848
-1660
-1291
-950
-749
-919
-921
-1180
-1453
-1801
-1689
-1461
-1545
-1384
-1211
-1035
-807
-680
-584
-431
-761
-561
-468
-559
-892
-235
694
1098
1694
1921
2340
2320
2664
2828
2579
2755
2770
3117
3414
3919
4211
4839
5357
5779
6274
6381
5949
5098
4269
2337
534
-172
489
1872
2644
2937
3080
2397
1224
-182
-1797
-2899
-3669
-4317
-4140
-3943
-3500
-2519
-2113
-2287
-3060
-3967
-4416
-4492
-4282
-3005
-1340
97
1218
1769
2161
2044
1255
552
136
-355
-502
-564
-780
-724
-905
-1657
-2277
-2977
-3628
-3810
-3826
-3526
-2976
-2468
-1995
-1903
-2085
-1979
-2121
-2475
-2297
-2099
-1679
-1078
-769
-302
-116
-280
-381
-666
-1036
-908
-690
-271
98
393
504
819
882
1340
1747
2360
3231
3669
4615
5171
5565
5871
6579
7193
8163
9046
9611
10140
9602
8366
6736
3580
331
-1209
-1311
84
1418
1578
1791
684
-1395
-3152
-5273
-5988
-5770
-5613
-4563
-3479
-3125
-2210
-1817
-1958
-2355
-3375
-3676
-3526
-3440
-2282
-409
1081
2249
2742
2916
2856
2011
1211
709
-109
-588
-983
-1210
-809
-1130
-1965
-2966
-4449
-5529
-6250
-6455
-5955
-5534
-5091
-4186
-3858
-3632
-3173
-3131
-2773
-2634
-2243
-1077
-261
513
1325
1556
1648
1661
1079
641
189
-205
-288
-405
-89
381
304
411
600
655
1127
1865
2839
4181
5746
7485
9388
10872
12452
13842
14474
13912
12071
9152
4330
375
-580
359
2605
3798
2985
1461
-1674
-5367
-8108
-10274
-10290
-9003
-7917
-5700
-4056
-3685
-3046
-3155
-3532
-3482
-3105
-1597
248
1552
3502
5309
5812
5833
4995
3875
2851
1336
355
-46
-597
-1590
-2636
-3469
-4192
-5339
-6902
-7711
-7960
-8127
-7915
-7662
-7147
-5777
-4279
-2878
-1993
-2250
-2712
-2855
-2808
-1981
-460
1150
2562
3189
3361
3329
2768
2182
1663
1021
763
684
459
544
394
96
-478
-940
-293
319
1103
1899
2681
4172
6229
8275
10323
12324
13737
14664
13309
10335
5648
620
-232
1441
3776
5688
5149
3263
129
-4381
-7713
-9705
-10420
-8768
-7064
-5192
-3228
-3466
-4085
-4746
-5804
-5728
-4341
-1828
1314
3538
5306
7059
7565
7392
6956
6060
5295
4464
3664
3197
2358
474
-1413
-3350
-5709
-7399
-8828
-9520
-9458
-9787
-9950
-9878
-9857
-8590
-6898
-5285
-3531
-3004
-2959
-2283
-1734
-810
693
2001
2939
3328
3405
3381
2823
2052
1700
1072
439
322
321
41
-118
-201
-1176
-1587
-1149
-528
703
2066
3360
4748
6104
8273
10412
12008
14275
14412
12302
9096
3554
-728
-967
920
3892
5175
3934
1762
-2436
-6706
-9087
-10684
-9937
-7681
-6063
-3949
-2813
-3577
-4461
-5519
-5982
-4823
-2840
357
3599
5374
6796
7681
7504
7241
6879
6386
6125
5488
4969
4619
3521
1531
-480
-2351
-4466
-5850
-6632
-6946
-6884
-7285
-8206
-8724
-8383
-7264
-5459
-4085
-3401
-3637
-4442
-4111
-3255
-2235
-465
1055
1714
2077
2299
2126
1884
1151
527
-108
-763
-712
-925
-1505
-1600
-2283
-2954
-2277
-1677
-466
1146
1702
2572
4405
6274
9213
11434
12722
14533
14014
11541
7905
2651
-303
696
2495
4554
5009
2347
-698
-4738
-8879
-10601
-11432
-10529
-8088
-6374
-4625
-3881
-5358
-6586
-7079
-6652
-4145
-891
2502
5574
6962
7636
8368
8602
8898
8915
8231
7575
6821
5797
5049
3079
399
-1248
-3385
-5095
-5507
-5933
-6068
-6151
-7147
-7941
-8166
-7387
-5178
-3237
-1490
-398
-1501
-2300
-1853
-1466
-383
1171
1964
2263
2376
2282
1760
680
85
-541
-1825
-2548
-2853
-3573
-4012
-4022
-4475
-4483
-3591
-2945
-1974
-797
167
1969
3881
6234
9149
10892
12915
13918
11807
8473
3825
-609
-746
1941
4819
6484
4851
1512
-2488
-6826
-9396
-10192
-9662
-7659
-5713
-4229
-3353
-4382
-6341
-7627
-7853
-6245
-3034
522
3494
5185
5677
6163
6803
7422
8381
9020
8761
8047
6997
5829
4384
1687
-620
-2033
-3127
-3648
-3843
-4143
-4516
-5425
-7136
-7466
-6754
-5184
-2751
-1340
-547
-514
-1447
-1568
-688
484
2085
3290
3573
3569
2955
2415
2140
1430
1252
646
-658
-1605
-2572
-3618
-4007
-4609
-4898
-4110
-4105
-3553
-2604
-2015
-236
2297
4232
6896
9287
10522
11850
11084
7664
3824
-624
-2633
-3
2584
4251
4223
527
-3330
-6709
-10149
-10467
-9531
-8264
-5684
-4278
-3524
-3296
-5210
-6650
-6425
-5266
-1928
1916
4459
6060
6173
5719
6076
6646
7371
8296
8379
7673
6626
5156
3695
844
-1455
-2764
-4022
-4635
-5169
-4963
-4990
-5308
-6024
-7166
-6669
-4633
-2500
-723
591
561
-290
-433
93
1056
2059
3486
4503
4330
4377
4248
3195
2253
1953
1102
427
55
-883
-1865
-2586
-3108
-3636
-3210
-3011
-2669
-1924
-1420
344
2192
3993
6497
8106
9431
11204
10613
8316
5147
601
-2094
-1356
933
3393
3591
968
-2625
-6623
-10039
-11534
-11575
-10276
-8104
-6670
-5589
-5185
-6532
-8128
-8503
-7480
-4482
-680
2626
4979
5663
5676
6175
6872
7827
8816
9268
9080
8087
6587
5117
2819
-180
-2035
-3619
-4265
-4430
-5497
-5521
-5779
-7068
-7763
-7514
-6321
-3719
-1365
-65
849
512
33
369
1096
2661
4026
5056
5968
5757
5000
4539
3686
2806
2522
1803
1058
485
-474
-1390
-2203
-2881
-2626
-2421
-2082
-1040
-311
647
2496
4480
6359
8320
9353
10453
10913
9126
5658
1234
-2337
-2054
531
2474
3051
856
-3179
-6610
-10011
-12129
-12016
-11015
-8880
-6969
-6101
-5752
-6890
-8771
-9389
-8643
-6038
-2078
1159
3236
4058
3772
3744
4353
5353
6575
7484
7684
7183
6113
4719
2412
-706
-2314
-2807
-3697
-4245
-4631
-4724
-4582
-4808
-5946
-6857
-6149
-4199
-1954
-247
1026
1039
126
260
977
1592
2917
4621
5448
5684
5719
5169
4134
3196
2883
2262
1793
1733
1008
-110
-1166
-1795
-1714
-1411
-433
195
-5
1343
2873
4476
6610
8274
9158
10860
11329
9350
5612
624
-2581
-2277
479
3391
4096
1678
-1983
-5836
-9411
-11193
-11338
-10573
-8462
-6788
-5948
-5681
-6890
-8819
-9665
-9240
-6697
-2683
787
3201
3949
3575
3485
3804
4509
5565
6369
6616
6408
5299
3635
916
-2376
-4380
-5465
-5688
-4920
-4384
-4684
-5078
-6055
-7439
-7501
-6068
-3795
-1034
1199
2447
2400
1596
1151
1012
1512
3242
5052
6116
6681
6204
5013
3794
2862
2418
1920
1576
1288
708
-66
-702
-1199
-1564
-930
-165
455
1505
2549
3795
5282
6925
8896
10391
11744
11179
8477
4229
-542
-3765
-2734
237
2694
3276
457
-3278
-6985
-10160
-11231
-10964
-9618
-7096
-5426
-4562
-4661
-6531
-8388
-8844
-8192
-5370
-1483
1727
3646
3825
3242
3027
3106
3633
4726
5864
6501
6400
5498
3804
819
-2546
-4551
-5615
-5757
-4828
-4632
-5009
-5535
-7011
-7890
-7623
-6753
-4746
-2376
-431
1246
1510
765
564
256
726
2728
4747
6159
6766
6215
5396
4352
3310
3056
2462
2069
2077
1461
458
38
-544
-799
-433
3
667
1471
2636
3748
5403
7243
9325
10665
11695
11437
8799
4772
290
-2923
-2304
395
2635
3194
586
-3414
-6938
-9951
-11105
-10634
-9524
-7364
-5671
-4942
-5121
-6607
-8343
-8845
-8013
-5298
-1419
1957
3984
4536
4004
3521
3612
4072
4962
6027
6568
6501
5563
4004
1194
-2334
-4700
-5878
-5966
-4859
-4253
-4572
-5052
-6228
-7769
-8249
-7458
-5568
-2789
-419
1005
1037
127
-543
-957
-629
1089
3121
4860
5714
5415
4367
2950
1978
1548
1482
1892
2266
1784
994
347
-489
-781
-317
284
1814
3217
4372
5479
6084
7363
8863
10224
11416
11235
8670
4357
-118
-3001
-2025
601
2487
2541
140
-3222
-6332
-8985
-10369
-10196
-9166
-7152
-5223
-4407
-4689
-6298
-8286
-9169
-8343
-5705
-1984
1289
3219
3825
3497
3134
3080
3283
4161
5222
6114
6309
5994
4568
1813
-1351
-4212
-5068
-4841
-3912
-3229
-3336
-3987
-5523
-7300
-7876
-7202
-5356
-2707
-555
628
810
-218
-1276
-1560
-1150
556
2865
4606
5675
5326
4144
3030
1747
1190
1038
1238
1730
1911
1642
890
-150
-866
-786
-83
1398
2976
4014
5124
6071
7284
8687
9877
10830
10477
8042
4089
336
-1937
-933
1129
2767
2903
592
-2545
-5579
-8145
-9395
-9310
-8282
-6302
-4664
-4144
-4528
-6067
-8045
-9137
-8679
-6296
-2774
414
2541
3426
3015
2390
2072
2293
3243
4346
5327
5959
5779
4441
1713
-1154
-3349
-4224
-4147
-3646
-2986
-2684
-3121
-4206
-5873
-7089
-6838
-5341
-3044
-883
296
210
-664
-1660
-2017
-1539
-228
1724
3475
4534
4792
4128
3091
1923
1145
948
1391
2190
2912
2987
2163
1153
152
-217
413
1519
3194
4496
5649
6257
6647
7524
8444
9327
9129
7558
4270
780
-1808
-1730
190
2231
2651
1041
-1307
-4014
-6375
-7975
-8626
-8004
-6710
-5271
-4246
-4200
-5322
-7249
-8806
-9146
-7765
-5027
-1640
1063
2514
2779
2557
2284
2223
2543
3434
4563
5470
5844
5531
4452
2058
-703
-2563
-3291
-2992
-2424
-1868
-1951
-2848
-4163
-5439
-5911
-5494
-4371
-2883
-1540
-877
-1063
-1662
-1989
-1859
-1224
-101
1306
2486
3089
3442
3509
2971
2224
1565
1246
1433
1981
2502
2799
2508
1626
940
780
1371
2438
3436
4169
4709
5279
6092
7228
8141
8326
7689
6359
4219
1562
-830
-1457
-146
1740
2540
1905
423
-1647
-4091
-6357
-7587
-7371
-6436
-5339
-4374
-4094
-4670
-6036
-7379
-8143
-7968
-6766
-4752
-2376
-310
1001
1798
2036
1726
1294
1149
1513
2230
3070
4019
4547
3948
2535
971
-206
-1101
-1697
-1900
-1558
-1177
-1097
-1317
-1651
-1918
-2304
-2493
-2558
-2503
-2410
-2162
-1428
-525
173
456
421
269
271
567
1082
1767
2118
1583
885
830
670
173
298
18
-330
440
764
519
399
622
968
895
1267
2191
2504
2804
3312
3117
3104
3402
3441
3837
3979
3287
2046
999
860
1357
1863
2401
2423
1728
857
-393
-1793
-2810
-3262
-3183
-2835
-2449
-2065
-1720
-1916
-2521
-3305
-3870
-3727
-3103
-2211
-1207
-386
-79
-335
-899
-1348
-1568
-1517
-1148
-611
-206
-47
-166
-409
-533
-635
-836
-992
-947
-596
-41
456
662
594
336
207
293
548
793
808
665
354
90
112
162
260
193
-168
-562
-776
-894
-1158
-1317
-1526
-1508
-1453
-1244
-1540
-2335
-2869
-3408
-3093
-2587
-1563
-498
-43
395
551
1079
1376
2098
2836
3640
4884
5572
6173
5987
5706
5142
4598
4050
3843
3974
3891
3921
3468
2776
2029
1209
766
724
764
296
-397
-1091
-1433
-1354
-1390
-1385
-1734
-2623
-3551
-4034
-3948
-3710
-3261
-2952
-2726
-2454
-2358
-2394
-2616
-3026
-3465
-3724
-3643
-3213
-2613
-2089
-1677
-1492
-1554
-1711
-1865
-1912
-1676
-1037
-268
543
1223
1356
1122
541
-250
-689
-941
-917
-440
80
358
252
-32
-442
-574
-325
-60
381
652
680
867
951
1104
1300
1192
892
576
351
487
1110
1974
2827
3672
4293
4668
4840
4824
4919
4913
4762
4306
3860
3785
3700
3678
3480
2937
2242
1466
1047
1177
1502
1461
899
119
-538
-761
-841
-1002
-1303
-2112
-3061
-3675
-3918
-3843
-3751
-3730
-3805
-3898
-3951
-3824
-3652
-3636
-3614
-3421
-3074
-2644
-2201
-1968
-1779
-1669
-1804
-1850
-1796
-1649
-1447
-1121
-673
-266
148
418
500
355
18
-288
-574
-629
-386
-15
289
335
93
-298
-478
-371
-139
96
240
314
374
442
619
842
894
658
259
0
34
405
1020
1731
2375
2799
3113
3319
3506
3809
4019
4332
4612
4383
3891
3465
3138
3012
3022
2916
2658
2284
1827
1564
1606
1503
952
269
-173
-209
-100
-236
-644
-1333
-2290
-3183
-3496
-3335
-3231
-3421
-3900
-4381
-4655
-4773
-4676
-4511
-4426
-4454
-4440
-4112
-3572
-2971
-2561
-2420
-2376
-2340
-2155
-1901
-1535
-1145
-763
-323
49
373
610
601
451
125
-140
-233
-185
196
711
1116
1200
1035
771
605
643
654
662
740
805
957
1232
1609
1880
1764
1310
792
598
820
1368
2160
2813
3187
3297
3269
3369
3602
3917
4242
4372
3972
3257
2653
2400
2493
2801
2933
2675
2167
1432
954
834
751
345
-233
-614
-753
-796
-1102
-1570
-2359
-3463
-4389
-4574
-4117
-3652
-3582
-3907
-4307
-4664
-4893
-4752
-4357
-4016
-3940
-3903
-3569
-2923
-2345
-2077
-1952
-2042
-2196
-2215
-1816
-1100
-516
21
338
518
714
851
1000
1023
928
698
522
654
1163
1768
2122
2123
1774
1355
1198
1269
1384
1455
1362
1316
1318
1515
1863
1984
1680
1095
554
464
922
1638
2386
2831
2910
2780
2683
2877
3251
3531
3657
3361
2678
1962
1512
1436
1730
2055
1940
1504
799
122
-95
80
228
62
-328
-687
-890
-1124
-1513
-2023
-2764
-3667
-4275
-4209
-3870
-3721
-3899
-4265
-4509
-4591
-4475
-4142
-3722
-3565
-3626
-3394
-2801
-2054
-1504
-1359
-1403
-1477
-1449
-1201
-714
-145
321
710
930
1113
1251
1211
1178
1084
945
839
860
977
1161
1453
1594
1446
1214
993
909
999
1117
1228
1202
1085
954
975
1153
1213
1038
622
277
178
362
773
1270
1683
1899
2078
2400
2882
3298
3549
3592
3218
2457
1637
1212
1289
1761
2244
2249
1798
912
124
-122
151
546
581
373
61
-156
-390
-705
-1065
-1701
-2533
-3088
-3158
-3043
-3018
-3234
-3442
-3555
-3580
-3492
-3253
-3015
-3178
-3302
-3187
-2837
-2264
-1999
-2018
-2242
-2493
-2559
-2393
-1806
-1190
-722
-433
-270
-14
205
520
736
710
653
514
526
763
1152
1487
1429
1167
828
625
700
855
1047
1081
1000
952
929
1021
1106
1004
715
353
138
99
160
365
638
951
1260
1631
2196
2693
3009
3193
3344
3279
2780
2127
1752
1811
2227
2678
2692
2253
1407
494
253
763
1390
1444
986
403
-39
-308
-623
-854
-1315
-2120
-2724
-2907
-2768
-2711
-3041
-3470
-3714
-3729
-3506
-3079
-2766
-2686
-2760
-2765
-2480
-2145
-2080
-2242
-2374
-2471
-2434
-2115
-1766
-1479
-1404
-1407
-1211
-995
-648
-296
-36
123
121
85
14
81
271
519
823
962
1041
1061
1011
1163
1304
1424
1487
1477
1506
1548
1690
1736
1601
1371
987
728
619
697
1065
1478
1927
2477
2918
3249
3406
3534
3592
3368
2789
2016
1733
1824
2204
2650
2507
1891
936
25
-117
422
880
766
258
-283
-533
-598
-809
-1093
-1631
-2520
-3162
-3210
-2905
-2692
-2876
-3225
-3454
-3398
-3073
-2671
-2341
-2190
-2257
-2207
-1957
-1661
-1537
-1605
-1655
-1778
-1732
-1510
-1331
-1119
-1027
-870
-707
-600
-362
-159
57
155
77
-72
-293
-262
-81
206
477
546
474
265
260
445
636
821
817
735
696
754
950
991
892
569
94
-124
-109
152
642
1095
1449
1807
2114
2334
2568
2808
3024
3173
2894
2175
1837
1863
2106
2542
2552
2218
1588
893
728
1204
1698
1430
751
119
-159
-38
-125
-295
-649
-1499
-2248
-2497
-2276
-2039
-2279
-2717
-2925
-2733
-2408
-2002
-1628
-1652
-1879
-2064
-2043
-1735
-1562
-1664
-1884
-2064
-2116
-2003
-1739
-1501
-1458
-1553
-1608
-1490
-1154
-719
-334
-119
-195
-440
-611
-529
-176
288
666
831
851
847
978
1215
1422
1468
1346
1248
1213
1322
1505
1555
1420
1063
671
585
696
952
1353
1601
1752
1959
2143
2398
2658
2805
2846
2702
2350
1658
1047
806
751
1076
1273
1170
900
343
7
-32
137
70
-378
-736
-991
-935
-921
-1149
-1400
-1966
-2597
-2879
-2777
-2496
-2465
-2580
-2569
-2319
-1879
-1461
-1173
-1065
-1249
-1413
-1422
-1264
-984
-953
-1165
-1350
-1419
-1358
-1166
-930
-903
-984
-991
-973
-657
-159
149
346
192
-151
-367
-482
-264
153
565
797
885
930
912
1027
1103
1075
1084
966
959
1075
1198
1352
1295
1027
722
591
661
885
1233
1599
1812
1986
2163
2323
2585
2767
2900
2852
2600
2221
1384
767
502
519
958
1147
1064
625
-41
-554
-807
-672
-741
-975
-1199
-1473
-1461
-1517
-1731
-1992
-2418
-2759
-2789
-2586
-2330
-2203
-2213
-2134
-1767
-1285
-886
-634
-700
-890
-907
-774
-521
-294
-353
-510
-595
-541
-350
-211
-167
-218
-173
19
285
672
870
889
817
579
473
452
521
773
1036
1270
1339
1312
1180
1008
946
895
880
881
759
705
693
678
645
450
272
197
275
448
716
987
1156
1382
1591
1907
2357
2569
2549
2500
2282
2094
1615
918
569
465
700
1001
1016
726
69
-640
-1185
-1209
-1053
-1303
-1588
-1956
-2143
-2172
-2397
-2542
-2761
-3160
-3477
-3541
-3318
-2980
-2769
-2614
-2287
-1900
-1652
-1444
-1262
-1300
-1288
-1163
-910
-483
-310
-260
-163
-139
-54
90
241
418
649
957
1277
1678
1904
1923
1822
1601
1516
1487
1560
1796
2035
2203
2189
2101
1923
1652
1401
1187
1044
1005
945
903
886
827
680
422
179
33
28
122
261
482
691
865
1117
1346
1657
1890
2037
2142
2054
1925
1734
1337
752
312
95
59
173
64
-116
-337
-748
-1039
-1180
-1310
-1521
-1929
-2292
-2250
-1944
-1849
-1911
-2078
-2428
-2771
-3082
-3087
-2716
-2455
-2285
-1985
-1599
-1251
-1047
-1062
-1118
-1001
-912
-738
-407
-147
15
59
50
107
203
206
275
433
713
1102
1398
1582
1631
1596
1533
1529
1576
1583
1654
1713
1790
1880
1904
1864
1640
1332
1054
874
886
926
1001
1091
1096
1007
870
802
741
719
712
713
846
1064
1264
1575
1827
1969
2047
1918
1741
1569
1376
1159
866
405
-131
-411
-474
-402
-344
-648
-1148
-1725
-2143
-2150
-1907
-1814
-2079
-2409
-2560
-2386
-2079
-2075
-2297
-2663
-3051
-3098
-2697
-2147
-1854
-1898
-2089
-2129
-1840
-1526
-1276
-1111
-1183
-1176
-946
-536
-110
-3
-103
-320
-382
-178
105
501
741
872
1013
1108
1305
1449
1511
1512
1473
1512
1564
1727
1879
1961
2059
2055
2003
1906
1716
1619
1656
1785
1952
2050
2069
1963
1862
1806
1754
1777
1773
1702
1795
1992
2180
2303
2272
2096
1902
1858
1864
1950
1918
1586
1070
409
-155
-440
-551
-620
-800
-1127
-1479
-1788
-1970
-2118
-2181
-2281
-2490
-2560
-2516
-2389
-2303
-2381
-2543
-2683
-2737
-2704
-2524
-2354
-2323
-2309
-2361
-2331
-2123
-1884
-1626
-1514
-1534
-1536
-1433
-1153
-845
-577
-433
-393
-346
-229
16
269
459
577
627
821
1153
1499
1758
1828
1787
1660
1557
1613
1795
2042
2238
2338
2383
2348
2285
2189
2085
2094
2111
2161
2231
2283
2317
2276
2220
2124
2054
1978
1936
1965
2026
2094
2113
2100
2037
1931
1798
1615
1434
1211
935
553
109
-377
-791
-1014
-1175
-1334
-1578
-2014
-2580
-2886
-2801
-2468
-2173
-2217
-2547
-2899
-3165
-3192
-2964
-2821
-2858
-2980
-3020
-2792
-2484
-2499
-2779
-3020
-3024
-2707
-2135
-1621
-1463
-1559
-1719
-1539
-1016
-547
-304
-324
-451
-378
-33
470
880
1031
980
992
1262
1672
2062
2220
2204
2135
2099
2193
2340
2470
2571
2578
2567
2562
2494
2430
2374
2416
2510
2515
2412
2208
1973
1809
1768
1737
1748
1717
1591
1504
1352
1243
1138
866
727
518
311
235
103
105
73
52
-201
-543
-536
-553
-520
-735
-1363
-1898
-2209
-2016
-1303
-642
-519
-1072
-1815
-2202
-2093
-1793
-1682
-1801
-2028
-2096
-1780
-1356
-1174
-1569
-2395
-3002
-2947
-2343
-1669
-1321
-1505
-1952
-2195
-2016
-1612
-1285
-1212
-1309
-1239
-822
-208
284
417
244
45
31
313
719
1018
1178
1247
1318
1470
1598
1655
1681
1616
1594
1621
1652
1753
1905
2086
2279
2475
2537
2371
2042
1747
1566
1609
1782
1919
1971
1885
1724
1502
1339
1113
827
589
381
365
496
553
470
181
-200
-536
-722
-721
-706
-728
-868
-982
-905
-762
-654
-728
-989
-1189
-1221
-1007
-691
-506
-518
-700
-862
-941
-946
-973
-1141
-1403
-1565
-1507
-1326
-1204
-1216
-1342
-1474
-1539
-1529
-1504
-1510
-1558
-1551
-1396
-1164
-956
-910
-1001
-1099
-1015
-730
-431
-202
-117
-91
11
203
460
652
688
670
677
796
1014
1192
1251
1185
1096
1096
1194
1379
1533
1549
1551
1552
1597
1717
1736
1608
1447
1294
1231
1226
1167
1017
807
566
401
327
227
54
-161
-287
-304
-216
-123
-154
-280
-437
-510
-461
-318
-201
-154
-138
-152
-10
155
290
406
414
371
367
429
485
544
559
459
329
220
71
-58
-140
-275
-423
-575
-673
-679
-662
-691
-761
-895
-1051
-1218
-1348
-1449
-1522
-1547
-1529
-1405
-1240
-1128
-1159
-1311
-1468
-1504
-1380
-1172
-966
-799
-710
-650
-584
-507
-468
-537
-632
-567
-289
54
369
517
456
404
398
521
721
857
932
933
992
1077
1079
943
689
445
307
317
373
342
254
132
54
137
215
202
118
-1
-59
15
174
293
362
381
430
573
760
860
874
862
908
1065
1271
1463
1513
1450
1365
1292
1243
1216
1119
991
853
724
623
522
360
154
-9
-155
-239
-306
-384
-486
-625
-751
-893
-1006
-1086
-1181
-1276
-1388
-1459
-1516
-1563
-1614
-1689
-1737
-1768
-1751
-1677
-1593
-1552
-1565
-1582
-1546
-1472
-1331
-1174
-1043
-954
-900
-832
-709
-569
-449
-329
-213
-113
-16
26
31
26
-16
-3
1
10
-11
-58
-95
-110
-75
-64
-77
-63
-21
51
147
233
320
351
411
487
615
771
926
1065
1187
1311
1373
1468
1573
1611
1660
1662
1660
1668
1654
1616
1561
1482
1358
1265
1162
1046
913
765
577
423
363
290
215
52
-152
-375
-538
-614
-643
-652
-750
-817
-911
-956
-1003
-1113
-1193
-1301
-1302
-1225
-1123
-1026
-1061
-1116
-1205
-1222
-1145
-1060
-977
-962
-879
-796
-721
-627
-617
-628
-628
-600
-472
-372
-331
-326
-368
-423
-433
-442
-515
-629
-774
-902
-939
-946
-940
-955
-997
-1065
-1080
-1058
-1023
-899
-753
-580
-350
-169
-21
180
354
513
704
894
1070
1244
1405
1564
1667
1706
1733
1719
1704
1749
1790
1781
1762
1711
1666
1580
1461
1330
1184
1078
937
832
759
636
474
304
165
40
-21
-94
-189
-236
-296
-323
-332
-347
-375
-392
-396
-410
-363
-294
-296
-283
-304
-329
-319
-297
-237
-192
-189
-182
-162
-105
-36
24
47
3
-30
-70
-128
-204
-321
-441
-509
-553
-620
-730
-959
-1247
-1456
-1562
-1592
-1606
-1651
-1756
-1852
-1879
-1847
-1765
-1701
-1654
-1567
-1484
-1310
-1091
-891
-753
-670
-518
-300
-68
156
357
497
636
811
982
1168
1275
1290
1340
1373
1442
1547
1570
1585
1503
1407
1350
1289
1260
1193
1093
971
874
835
785
734
650
566
480
391
334
272
192
128
85
37
-10
-71
-91
-100
-106
-84
-51
-33
25
55
90
140
169
216
240
312
347
359
367
293
243
210
159
134
74
-26
-132
-224
-306
-394
-508
-637
-781
-917
-1052
-1121
-1196
-1293
-1349
-1411
-1447
-1446
-1434
-1397
-1348
-1306
-1248
-1162
-1054
-976
-876
-794
-684
-569
-494
-423
-373
-305
-227
-173
-96
-35
15
72
136
199
313
358
372
454
464
475
503
465
483
515
539
579
589
594
575
545
540
515
472
425
412
430
466
535
521
458
433
357
372
417
460
484
461
452
446
500
538
529
523
488
501
551
569
593
533
474
385
307
211
108
24
-74
-129
-171
-253
-362
-550
-737
-845
-965
-1014
-1057
-1117
-1174
-1187
-1147
-1095
-1049
-1042
-1043
-1054
-1015
-947
-826
-731
-677
-613
-567
-480
-385
-340
-297
-287
-238
-175
-63
26
42
63
55
87
143
174
190
149
111
105
148
204
216
206
138
103
137
154
192
197
179
168
127
114
93
46
42
20
15
74
95
113
157
196
272
348
410
491
559
634
681
725
748
764
785
803
807
779
723
627
566
497
464
431
348
274
164
58
-6
-105
-185
-267
-392
-468
-552
-627
-695
-774
-866
-927
-943
-906
-884
-816
-756
-746
-705
-704
-689
-634
-604
-537
-457
-397
-347
-314
-266
-247
-217
-201
-187
-129
-51
52
166
230
260
274
260
286
301
330
350
382
424
460
452
405
380
286
196
145
98
73
15
-57
-93
-123
-136
-193
-250
-294
-317
-265
-213
-168
-110
-91
-66
-66
-37
-5
-4
-13
10
48
113
180
185
165
126
91
89
108
94
72
50
45
43
38
-24
-94
-151
-211
-219
-217
-229
-231
-254
-283
-283
-248
-224
-223
-209
-203
-185
-124
-78
-32
-5
16
10
15
20
33
40
49
75
131
205
257
288
281
269
235
262
277
298
336
333
358
382
420
456
463
454
425
405
404
368
294
215
117
35
-27
-82
-95
-140
-192
-231
-237
-218
-211
-188
-186
-198
-151
-98
-67
-38
-34
-4
16
26
31
34
29
10
5
-8
-10
-18
-29
-39
-18
-2
-9
-6
-18
-36
-71
-136
-155
-176
-194
-189
-220
-213
-215
-246
-245
-216
-203
-201
-197
-235
-240
-199
-152
-101
-48
-33
-41
-20
-34
-53
-70
-71
-48
42
116
142
144
101
73
74
93
146
151
137
209
230
249
283
264
202
152
146
150
183
197
162
124
62
16
7
-14
-34
-45
-31
2
31
77
107
101
108
148
200
220
250
279
297
334
398
425
420
363
325
329
337
346
308
297
251
218
255
250
182
117
53
25
8
0
-14
-50
-99
-134
-131
-133
-161
-206
-249
-291
-308
-292
-319
-366
-401
-416
-367
-329
-317
-351
-410
-446
-427
-395
-357
-340
-360
-358
-365
-346
-312
-355
-361
-363
-307
-233
-209
-183
-183
-163
-149
-107
-68
-65
-73
-67
-12
18
34
33
-7
-41
-23
51
125
167
204
223
264
314
359
417
460
490
531
630
699
732
767
763
760
750
740
745
742
731
724
739
733
729
722
693
626
570
519
458
450
433
373
303
239
171
131
61
4
-38
-69
-111
-144
-177
-234
-252
-301
-324
-338
-373
-394
-427
-450
-489
-498
-519
-563
-581
-600
-621
-646
-673
-670
-662
-671
-671
-665
-666
-650
-674
-691
-686
-676
-652
-630
-622
-601
-564
-544
-488
-438
-413
-361
-335
-270
-173
-89
-8
88
170
244
316
391
487
574
656
729
813
904
993
1106
1189
1246
1293
1326
1344
1360
1391
1405
1385
1379
1370
1383
1370
1323
1269
1186
1096
1013
941
875
808
725
619
504
384
270
169
46
-52
-124
-215
-287
-396
-494
-546
-600
-652
-687
-695
-727
-751
-769
-782
-783
-786
-789
-792
-788
-782
-784
-769
-747
-730
-713
-719
-719
-703
-691
-695
-684
-717
-716
-728
-736
-715
-720
-722
-710
-686
-675
-666
-640
-597
-553
-472
-403
-352
-298
-252
-201
-127
-70
-9
64
139
188
246
323
384
486
578
644
722
774
826
917
946
995
1065
1094
1136
1195
1242
1271
1285
1260
1214
1192
1174
1137
1121
1057
988
928
831
741
658
567
467
379
300
224
142
39
-53
-112
-168
-222
-266
-303
-383
-444
-468
-477
-477
-489
-490
-481
-512
-529
-524
-551
-581
-600
-609
-599
-587
-579
-572
-607
-664
-676
-683
-704
-691
-679
-687
-685
-664
-692
-664
-650
-671
-655
-627
-586
-516
-463
-424
-386
-346
-326
-292
-232
-212
-166
-85
-12
78
153
203
253
307
367
421
464
477
502
573
653
735
825
859
866
864
860
870
872
904
927
922
918
891
844
796
707
663
612
573
559
521
494
454
401
376
350
299
279
231
214
199
207
196
172
152
116
114
71
61
48
37
14
-26
-57
-91
-143
-189
-243
-308
-358
-430
-482
-502
-545
-572
-612
-667
-737
-786
-800
-808
-807
-789
-768
-747
-727
-722
-696
-706
-686
-666
-630
-572
-545
-498
-447
-413
-357
-300
-266
-197
-152
-98
-13
45
100
147
177
211
285
366
444
505
545
588
609
631
641
642
668
651
637
638
623
597
573
549
520
522
469
444
418
359
330
321
330
337
347
346
331
325
320
310
319
332
352
348
337
331
319
297
265
251
210
180
154
126
102
45
-10
-89
-179
-248
-318
-380
-393
-422
-468
-499
-553
-604
-631
-656
-676
-666
-664
-661
-642
-623
-627
-607
-613
-628
-598
-589
-540
-474
-446
-397
-356
-324
-263
-212
-170
-133
-95
-67
-38
27
81
141
214
253
290
311
326
349
380
401
419
435
442
435
419
403
357
321
299
264
236
210
214
188
191
156
159
154
140
184
185
194
205
224
217
237
246
242
233
220
199
199
175
149
138
119
89
80
59
23
-15
-65
-97
-137
-189
-209
-250
-288
-310
-361
-399
-428
-428
-413
-423
-417
-424
-423
-417
-401
-395
-386
-344
-352
-341
-326
-312
-287
-253
-256
-236
-215
-199
-155
-125
-76
-31
14
71
124
185
221
253
303
341
367
374
383
402
396
389
385
352
334
308
280
264
244
202
140
101
48
29
19
-19
-31
-40
-62
-76
-89
-109
-106
-106
-100
-101
-96
-59
-73
-65
-52
-77
-85
-83
-67
-57
-44
-33
-52
-59
-61
-108
-101
-108
-99
-95
-110
-116
-140
-109
-124
-109
-97
-117
-81
-87
-64
-24
-30
-12
24
11
13
17
4
15
20
45
48
55
85
101
109
122
123
141
157
183
211
223
250
294
322
314
329
328
324
338
350
333
336
310
317
314
256
219
180
149
105
63
34
0
-60
-93
-116
-129
-141
-172
-176
-193
-206
-215
-192
-195
-185
-184
-192
-164
-169
-173
-180
-186
-198
-193
-164
-175
-193
-203
-223
-192
-197
-183
-172
-158
-124
-119
-110
-114
-112
-103
-73
-69
-55
-33
-16
15
24
38
51
45
80
80
78
108
101
109
101
111
114
104
106
111
93
107
129
135
153
176
200
212
245
250
261
284
278
285
299
287
305
314
288
267
243
244
237
209
184
166
124
89
44
4
-10
-65
-93
-104
-105
-118
-149
-145
-139
-158
-152
-152
-164
-146
-150
-147
-141
-144
-146
-160
-160
-182
-189
-185
-230
-255
-267
-278
-278
-301
-310
-304
-297
-314
-324
-323
-338
-322
-327
-340
-330
-320
-327
-320
-303
-290
-260
-246
-244
-241
-252
-238
-220
-213
-196
-202
-176
-142
-128
-110
-107
-100
-88
-61
-14
-1
13
41
69
91
112
141
166
205
247
263
300
324
334
348
355
382
393
376
390
366
333
319
299
283
255
243
215
212
199
186
191
164
164
177
157
148
158
161
145
130
109
88
65
62
60
14
10
-25
-53
-86
-98
-111
-128
-138
-164
-155
-167
-177
-217
-223
-236
-267
-265
-276
-293
-316
-340
-356
-346
-351
-362
-372
-394
-421
-432
-446
-471
-498
-516
-532
-541
-551
-550
-556
-553
-527
-513
-488
-434
-390
-343
-311
-278
-213
-171
-130
-99
-56
-12
31
72
124
185
197
253
343
340
375
398
439
455
466
506
502
527
549
561
582
581
556
578
576
595
608
608
604
610
590
566
535
497
486
439
416
381
347
304
246
219
194
161
117
89
52
48
14
-30
-35
-78
-119
-124
-176
-224
-249
-300
-303
-328
-354
-359
-392
-426
-459
-493
-534
-554
-570
-610
-627
-646
-677
-704
-734
-769
-773
-783
-785
-771
-752
-726
-683
-658
-640
-579
-560
-542
-490
-462
-422
-372
-321
-289
-248
-184
-139
-95
-43
2
61
100
138
192
218
247
284
312
349
386
423
447
454
476
528
552
555
601
602
605
622
619
610
611
613
598
569
508
486
438
420
390
331
297
297
246
208
200
157
129
97
68
32
13
-22
-53
-83
-109
-151
-180
-207
-228
-253
-297
-324
-348
-376
-426
-466
-494
-520
-559
-599
-619
-659
-675
-687
-706
-702
-706
-704
-681
-658
-656
-639
-599
-573
-533
-487
-484
-435
-401
-380
-331
-307
-278
-225
-194
-145
-92
-40
-7
43
82
116
155
190
233
276
323
347
393
414
427
453
489
515
537
564
566
561
561
554
547
546
521
520
510
499
458
441
428
365
342
324
292
272
254
233
242
198
190
188
151
136
108
88
84
56
32
25
-1
-16
-43
-72
-121
-167
-191
-209
-249
-270
-291
-336
-372
-392
-423
-452
-451
-467
-470
-490
-492
-489
-504
-506
-514
-499
-501
-504
-501
-471
-467
-459
-433
-430
-401
-392
-372
-332
-297
-281
-257
-222
-223
-190
-176
-152
-118
-100
-73
-42
-20
3
42
60
95
104
129
152
164
193
203
226
222
238
233
210
226
236
224
224
212
207
209
216
219
225
231
233
240
265
280
302
311
312
305
308
320
317
314
326
317
313
292
280
256
226
220
218
205
171
150
117
91
59
26
-3
-25
-65
-84
-93
-107
-121
-147
-177
-189
-207
-229
-231
-248
-258
-255
-275
-297
-292
-302
-310
-329
-351
-345
-347
-362
-351
-347
-351
-340
-314
-314
-326
-290
-280
-259
-262
-252
-221
-207
-200
-159
-142
-154
-127
-97
-79
-72
-46
-40
-52
-59
-47
-21
-15
-3
-4
9
36
34
48
69
73
89
103
108
139
167
202
213
226
215
230
228
216
245
235
235
232
222
218
217
206
195
173
161
176
153
158
160
135
116
112
96
80
82
59
54
43
19
-8
-16
-21
-24
-44
-65
-57
-94
-118
-108
-137
-140
-146
-172
-168
-178
-190
-181
-175
-194
-198
-191
-180
-172
-197
-191
-181
-190
-181
-175
-183
-193
-170
-165
-150
-168
-173
-151
-168
-163
-144
-156
-154
-149
-144
-124
-136
-129
-105
-92
-63
-47
-36
-19
8
16
49
95
102
106
131
137
144
170
177
184
187
208
220
241
252
262
247
252
232
238
241
209
214
198
183
173
169
158
133
139
126
112
108
79
70
27
-11
-24
-37
-29
-65
-90
-119
-126
-146
-153
-164
-193
-206
-224
-231
-242
-229
-221
-231
-217
-221
-227
-223
-206
-179
-177
-151
-139
-133
-115
-104
-109
-114
-116
-114
-100
-80
-82
-89
-80
-118
-100
-88
-95
-62
-72
-63
-43
-57
-44
-28
-41
-15
-23
6
16
14
35
32
42
49
61
58
57
59
80
83
90
102
91
106
106
107
119
113
120
115
119
124
130
129
123
137
136
130
143
119
122
139
122
142
151
156
136
125
118
109
122
108
79
79
44
53
32
16
15
12
2
-8
-11
-23
-39
-39
-36
-60
-22
-48
-50
-14
-29
-25
-34
-29
-39
-40
-51
-41
-44
-46
-51
-59
-59
-63
-55
-48
-41
-42
-22
-28
-36
-53
-42
-32
-33
-27
-9
-7
-17
-1
-7
5
-9
-15
-33
-28
-42
-13
-19
-15
-11
-47
-37
-44
-45
-47
-47
-77
-55
-50
-59
-56
-43
-49
-40
-34
-42
-14
-25
-24
7
1
17
23
18
51
35
50
77
80
91
97
96
101
111
121
104
116
143
129
149
126
115
125
102
120
111
83
74
56
42
27
27
2
-19
-27
-48
-60
-77
-104
-121
-115
-113
-117
-112
-134
-146
-136
-143
-136
-133
-126
-102
-108
-108
-77
-54
-60
-51
-40
-57
-42
-49
-38
-35
-28
-28
-31
-10
-3
5
9
19
23
44
39
40
40
66
78
83
98
96
124
121
130
143
151
149
175
175
196
212
179
190
206
201
196
197
195
189
180
158
148
152
128
103
107
103
88
67
39
38
5
-8
-21
-37
-43
-44
-65
-88
-88
-106
-112
-128
-151
-144
-143
-159
-151
-159
-149
-143
-149
-136
-122
-105
-105
-104
-91
-79
-50
-40
-26
-5
-3
8
24
48
63
56
59
76
98
94
75
96
111
136
160
150
151
175
182
192
205
220
236
241
247
265
263
256
272
248
271
289
290
300
297
307
306
312
299
288
281
266
265
272
241
240
212
194
172
149
121
85
47
24
-5
-53
-71
-105
-121
-155
-171
-215
-225
-243
-271
-276
-304
-295
-300
-329
-343
-343
-344
-323
-358
-357
-339
-324
-312
-312
-265
-248
-245
-250
-217
-189
-168
-147
-124
-93
-90
-63
-46
-20
-5
13
28
42
85
98
123
124
157
166
190
214
224
250
275
303
306
338
351
378
406
399
441
465
461
480
506
521
515
514
501
513
513
486
489
471
455
447
428
403
388
368
342
317
298
266
234
217
169
139
96
59
44
9
-34
-81
-97
-136
-186
-218
-232
-256
-269
-278
-306
-331
-354
-352
-358
-367
-389
-396
-387
-401
-381
-383
-375
-358
-368
-358
-335
-332
-320
-300
-284
-256
-236
-228
-188
-159
-141
-123
-90
-74
-42
0
19
54
70
106
133
142
178
224
236
252
292
321
342
352
367
398
396
390
397
415
436
428
441
455
463
450
457
450
442
441
391
397
401
375
375
351
324
322
281
265
245
206
217
185
153
116
94
74
35
27
-3
-33
-73
-84
-100
-128
-145
-177
-179
-192
-212
-236
-256
-272
-276
-285
-306
-312
-328
-337
-344
-342
-351
-356
-352
-349
-344
-339
-316
-328
-346
-336
-320
-295
-291
-280
-243
-224
-207
-196
-177
-138
-124
-91
-64
-55
-34
1
31
58
83
106
144
154
156
198
224
234
270
288
311
338
338
355
375
387
403
409
421
442
437
443
452
451
447
424
431
422
397
405
391
374
362
324
292
283
255
253
243
210
200
177
145
100
70
47
25
28
0
-43
-51
-80
-109
-125
-144
-144
-182
-209
-235
-264
-289
-304
-321
-357
-370
-392
-398
-410
-426
-445
-455
-451
-462
-484
-475
-461
-452
-427
-427
-417
-393
-388
-363
-328
-321
-286
-256
-246
-215
-182
-157
-137
-87
-61
-45
-20
10
35
55
78
91
135
151
200
215
245
274
281
322
364
375
402
412
406
426
441
454
463
467
452
470
487
466
443
444
411
387
379
356
343
323
298
283
263
227
213
185
151
138
106
100
75
44
12
-4
-17
-63
-61
-77
-118
-140
-181
-205
-215
-259
-283
-323
-335
-345
-381
-417
-429
-449
-461
-465
-471
-482
-496
-499
-501
-501
-510
-516
-498
-478
-473
-442
-422
-420
-400
-383
-346
-325
-284
-254
-240
-189
-145
-103
-79
-41
-4
27
77
99
135
186
219
224
278
319
342
379
381
389
409
420
425
438
441
449
447
438
454
445
444
435
417
433
405
394
392
378
377
360
342
326
318
314
283
275
261
243
228
201
171
187
169
124
103
73
61
14
3
-32
-62
-85
-128
-143
-182
-219
-231
-257
-285
-302
-329
-353
-367
-377
-392
-401
-408
-423
-436
-419
-412
-413
-392
-400
-411
-374
-363
-339
-314
-314
-304
-270
-256
-261
-226
-223
-193
-164
-166
-138
-105
-99
-72
-32
12
26
51
47
45
66
55
79
155
192
171
204
218
210
182
164
190
208
227
251
226
228
234
239
241
228
228
236
247
257
251
235
239
243
241
221
219
200
184
177
165
154
146
124
112
90
63
52
13
-4
-33
-38
-56
-73
-81
-133
-158
-162
-192
-208
-217
-243
-246
-261
-277
-279
-277
-302
-303
-311
-318
-317
-306
-314
-301
-286
-281
-266
-255
-238
-230
-217
-221
-201
-170
-176
-148
-140
-122
-112
-89
-57
-43
-33
-13
7
11
23
44
57
76
88
94
107
118
120
143
135
147
153
150
171
159
155
166
169
187
213
216
188
203
224
221
217
209
196
213
237
229
215
202
206
217
199
157
144
120
107
85
64
38
38
44
1
-14
-25
-63
-77
-93
-126
-128
-141
-155
-171
-192
-201
-207
-204
-229
-244
-267
-268
-260
-264
-247
-259
-262
-256
-274
-257
-243
-261
-251
-265
-261
-234
-223
-213
-216
-219
-228
-220
-203
-203
-217
-219
-207
-197
-197
-180
-178
-176
-175
-160
-134
-135
-127
-100
-80
-61
-51
-44
-24
-10
9
28
45
62
78
85
109
121
150
160
152
181
184
199
220
193
211
206
191
177
162
174
146
136
123
102
84
82
57
40
30
18
5
5
1
1
-24
-28
-36
-47
-65
-83
-83
-103
-108
-124
-136
-140
-162
-159
-167
-170
-187
-204
-188
-194
-201
-198
-192
-196
-197
-196
-179
-165
-182
-168
-162
-167
-158
-152
-131
-136
-129
-128
-115
-111
-126
-108
-76
-84
-70
-56
-49
-35
-33
-5
-5
-9
16
17
43
58
45
63
79
75
104
122
117
116
137
141
139
156
140
149
152
142
182
175
169
175
171
157
157
163
133
148
155
148
143
136
120
112
106
95
88
67
52
34
12
1
-2
-24
-53
-92
-93
-92
-113
-107
-131
-136
-138
-146
-151
-157
-179
-176
-179
-171
-170
-151
-145
-162
-140
-150
-153
-136
-144
-125
-105
-121
-105
-97
-98
-95
-75
-65
-57
-51
-48
-38
-29
-27
-7
5
4
15
43
50
79
97
84
98
95
109
104
148
154
156
178
183
191
175
185
179
180
183
183
172
176
175
141
141
120
95
91
76
64
48
37
14
-12
-8
-27
-52
-57
-71
-90
-97
-136
-144
-161
-178
-185
-190
-206
-217
-208
-217
-203
-212
-220
-204
-215
-216
-194
-193
-190
-190
-187
-157
-170
-159
-133
-127
-116
-113
-103
-73
-68
-77
-51
-41
-48
-30
-22
-18
-2
0
25
27
20
-27
63
87
32
132
117
105
153
142
151
170
142
222
216
179
251
221
196
257
210
237
267
215
248
236
216
230
223
196
192
176
165
159
155
134
133
103
82
83
65
37
11
-6
-5
-13
-54
-59
-92
-109
-130
-131
-146
-180
-179
-188
-212
-213
-218
-237
-241
-236
-244
-250
-242
-247
-258
-246
-257
-256
-244
-233
-224
-218
-214
-198
-185
-163
-168
-166
-142
-143
-118
-116
-83
-61
-48
-8
11
41
43
48
69
73
97
102
105
120
132
139
153
161
181
190
175
190
209
209
205
210
219
202
194
196
196
189
178
179
179
178
155
156
146
120
112
90
94
101
81
72
45
47
38
25
16
-3
4
-23
-35
-30
-51
-51
-65
-66
-85
-99
-91
-98
-114
-118
-122
-134
-119
-146
-145
-117
-144
-117
-112
-103
-76
-82
-97
-90
-100
-94
-80
-77
-57
-43
-56
-49
-21
-33
-22
-16
-24
-9
0
8
2
11
13
5
21
31
34
49
62
52
63
67
70
98
98
83
90
85
96
105
90
88
100
86
85
91
68
74
89
85
82
96
79
78
85
84
86
79
76
80
65
72
102
88
91
99
99
126
125
117
127
112
108
111
105
108
97
78
64
71
60
53
58
49
30
28
8
4
-4
-27
-50
-45
-37
-51
-55
-78
-79
-94
-107
-110
-115
-115
-143
-138
-135
-140
-141
-138
-136
-128
-104
-94
-98
-98
-89
-70
-76
-58
-40
-33
-24
-6
7
14
37
22
21
38
22
35
56
67
96
127
126
119
124
146
142
152
178
176
191
192
188
205
194
174
181
185
197
193
175
159
148
147
157
145
138
129
108
105
85
71
79
64
41
28
24
22
19
9
7
-13
-15
-18
-16
-11
-43
-42
-38
-58
-42
-55
-77
-64
-55
-55
-45
-50
-45
-34
-34
-17
-20
-34
-38
-24
-9
0
1
7
8
0
3
-13
-7
-2
-16
-13
-23
-36
-29
-20
-40
-31
-27
-40
-41
-41
-38
-20
-21
-16
-1
-1
25
33
34
55
59
65
76
94
117
137
144
146
140
145
170
186
214
205
207
212
197
220
203
181
144
154
191
177
202
185
160
146
139
135
144
156
165
176
152
123
100
87
79
70
78
82
63
51
64
56
49
58
34
19
2
-6
3
7
-22
-38
-9
-15
-33
-21
-39
-49
-26
-39
-32
-25
-21
-26
-31
-16
-24
-2
-11
-23
-22
-24
-24
-27
-2
2
5
3
10
5
-4
2
14
25
32
29
36
26
30
44
33
35
39
51
51
48
67
71
65
60
79
88
69
83
95
92
89
86
93
87
63
65
70
65
58
38
54
52
40
65
66
70
71
77
79
81
83
84
79
81
105
104
111
99
122
122
121
135
139
169
161
161
177
188
188
174
194
188
164
169
187
163
147
149
138
112
90
99
79
66
53
44
34
19
11
20
-9
-32
-63
-61
-65
-84
-58
-67
-74
-76
-71
-84
-101
-97
-89
-94
-93
-93
-91
-89
-97
-96
-87
-89
-104
-77
-62
-54
-53
-43
-30
-25
-21
-8
3
-12
3
9
27
25
18
31
56
56
64
81
67
86
103
108
108
107
128
132
118
111
131
147
146
161
181
188
191
182
196
187
196
193
178
198
189
176
173
168
174
167
173
164
150
133
115
114
101
94
75
56
33
23
3
23
-12
-45
-45
-62
-55
-69
-97
-99
-103
-137
-137
-141
-163
-161
-173
-177
-169
-191
-199
-179
-196
-203
-196
-192
-175
-186
-190
-171
-157
-163
-145
-134
-144
-108
-81
-77
-71
-70
-39
-44
-22
18
3
29
56
53
85
84
91
112
114
122
152
154
150
170
183
180
174
174
158
181
168
166
183
182
172
173
161
156
151
135
140
120
129
120
104
103
85
78
62
42
40
32
12
-6
-10
-31
-47
-69
-89
-94
-99
-116
-123
-114
-140
-154
-131
-143
-160
-163
-162
-170
-165
-164
-165
-176
-180
-175
-172
-155
-158
-134
-137
-129
-110
-99
-86
-78
-83
-52
-42
-36
-4
-5
1
24
27
51
65
74
94
77
112
109
112
128
118
156
155
155
175
172
183
207
207
219
205
202
214
214
206
203
198
178
172
176
159
157
135
109
118
93
78
92
71
64
50
18
-3
-6
-23
-44
-40
-61
-78
-70
-95
-113
-118
-146
-131
-142
-161
-156
-164
-170
-174
-203
-182
-184
-202
-194
-204
-201
-201
-191
-197
-197
-187
-187
-200
-175
-185
-176
-166
-174
-168
-157
-157
-161
-144
-138
-137
-131
-128
-118
-119
-103
-109
-101
-88
-87
-74
-62
-59
-54
-20
-39
-24
-3
-16
-1
17
15
36
28
15
34
46
56
51
48
53
40
44
52
53
59
52
60
57
57
49
49
48
36
45
35
22
2
-5
-22
-21
-49
-47
-30
-73
-62
-65
-85
-87
-103
-102
-105
-112
-115
-118
-106
-105
-100
-97
-104
-91
-82
-88
-50
-47
-56
-43
-45
-21
-27
-24
-21
-9
-2
3
9
22
28
27
40
40
52
48
65
88
69
80
92
71
74
85
94
88
103
103
79
82
93
102
103
77
73
93
102
92
82
74
79
83
86
75
72
68
68
58
52
55
44
54
34
35
13
-4
-17
-15
-16
-44
-34
-51
-48
-61
-71
-70
-73
-77
-103
-103
-108
-114
-122
-127
-135
-133
-145
-159
-158
-172
-161
-168
-170
-193
-192
-183
-195
-205
-189
-177
-206
-203
-190
-190
-185
-189
-188
-181
-180
-161
-152
-147
-132
-124
-136
-143
-133
-117
-114
-120
-111
-95
-76
-77
-65
-62
-52
-41
-21
3
0
21
16
40
53
42
54
60
77
88
88
97
103
108
100
103
112
111
116
88
88
98
75
73
67
46
49
45
30
36
27
4
5
1
-23
-14
-17
-29
-41
-41
-46
-68
-75
-68
-64
-68
-62
-74
-91
-82
-84
-106
-97
-109
-102
-101
-124
-97
-92
-95
-95
-112
-102
-98
-108
-98
-95
-96
-91
-81
-90
-78
-71
-69
-70
-49
-49
-53
-41
-34
-47
-29
-16
-33
-11
-2
-8
12
27
29
45
15
40
48
51
47
66
62
41
63
46
57
53
43
44
59
50
51
54
29
36
19
30
16
12
4
-8
-17
-28
-44
-50
-40
-68
-78
-100
-114
-116
-101
-92
-115
-136
-130
-147
-141
-146
-163
-163
-174
-181
-185
-183
-175
-191
-211
-210
-220
-231
-229
-225
-214
-225
-240
-210
-217
-216
-209
-191
-177
-155
-151
-165
-143
-112
-103
-104
-87
-97
-69
-76
-57
-44
-50
-29
-30
-24
-12
-4
-3
-7
15
24
23
42
31
40
54
43
71
68
62
72
75
100
104
93
107
133
140
117
123
132
136
135
134
145
143
114
128
109
99
101
89
84
77
60
56
47
44
26
11
13
-13
-13
-35
-55
-58
-70
-73
-89
-113
-103
-104
-133
-145
-151
-139
-147
-155
-155
-153
-158
-152
-138
-151
-150
-140
-134
-141
-142
-149
-146
-119
-121
-118
-110
-116
-112
-114
-109
-109
-89
-82
-75
-64
-66
-35
-21
-11
1
-4
5
33
33
45
60
51
46
57
69
76
99
106
111
106
107
103
112
103
96
101
95
108
100
100
98
83
80
84
71
82
77
62
69
58
42
45
45
19
17
16
1
-2
-21
-27
-7
-43
-46
-45
-63
-65
-69
-73
-93
-97
-116
-125
-130
-154
-136
-139
-165
-151
-147
-139
-130
-133
-119
-117
-122
-108
-104
-110
-115
-134
-93
-104
-98
-96
-87
-74
-76
-69
-68
-58
-63
-52
-55
-45
-33
-11
-17
-8
0
14
27
31
35
41
48
45
66
78
77
83
110
126
104
114
137
124
123
130
129
145
147
145
145
143
144
149
134
129
100
100
110
88
84
92
79
61
66
56
50
44
22
16
11
-18
-18
-21
-50
-56
-79
-70
-79
-92
-103
-123
-111
-120
-116
-113
-120
-120
-134
-131
-133
-142
-158
-160
-156
-156
-167
-165
-168
-158
-171
-177
-163
-165
-160
-158
-144
-153
-143
-152
-145
-139
-144
-133
-133
-135
-108
-91
-96
-86
-80
-73
-61
-68
-81
-70
-50
-69
-52
-40
-62
-32
-27
-9
-5
-9
1
21
19
23
47
48
38
46
70
69
60
62
65
68
72
65
80
66
52
71
93
62
74
84
65
62
67
80
76
65
42
48
39
39
57
41
23
27
16
19
18
13
30
26
13
-4
-6
4
-5
-31
-22
-35
-30
-23
-54
-35
-67
-85
-62
-66
-82
-80
-79
-102
-122
-114
-115
-123
-124
-121
-121
-124
-124
-124
-132
-130
-130
-114
-91
-99
-96
-79
-77
-65
-67
-56
-51
-69
-38
-42
-33
-29
-30
-12
-5
4
21
14
11
19
14
39
48
44
60
59
71
69
74
69
79
86
88
93
92
90
92
88
94
87
69
76
67
60
61
61
51
50
33
12
-2
-2
0
-27
-33
-37
-39
-61
-74
-56
-56
-63
-65
-65
-63
-70
-74
-78
-80
-92
-85
-79
-92
-98
-87
-103
-113
-98
-111
-109
-112
-112
-118
-92
-101
-91
-72
-89
-77
-79
-63
-52
-41
-25
-28
-19
-3
19
10
31
42
45
54
56
54
67
77
76
91
100
104
100
103
105
113
117
137
123
121
133
114
110
129
125
127
132
137
134
133
119
123
126
121
143
136
131
123
102
89
92
81
82
65
67
49
53
52
18
17
-7
-19
-21
-40
-65
-64
-78
-84
-93
-104
-96
-97
-100
-86
-86
-95
-92
-101
-102
-104
-98
-91
-96
-81
-92
-82
-76
-90
-87
-81
-75
-74
-82
-84
-79
-76
-67
-63
-67
-61
-50
-60
-53
-27
-39
-9
2
-18
-14
-4
-5
8
16
14
36
39
47
50
64
50
70
69
52
46
46
33
31
38
22
33
17
9
14
8
-9
-8
-13
-19
-22
-30
-22
-16
-19
-29
-25
-37
-46
-56
-58
-68
-66
-68
-87
-51
-67
-70
-57
-77
-71
-65
-70
-63
-55
-64
-60
-64
-61
-44
-41
-37
-57
-31
-32
-27
-17
-3
1
7
13
5
19
30
25
40
43
16
30
44
15
22
29
1
1
6
-3
3
1
-9
-15
-14
-30
-18
-17
-32
-20
-20
-18
-19
-2
-5
4
12
-4
-5
3
3
13
34
37
48
64
41
49
57
40
49
50
34
42
41
28
43
38
27
39
24
24
44
32
48
52
47
42
37
16
19
25
11
27
27
-3
20
11
-9
-5
-13
-14
-29
-34
-37
-50
-50
-68
-62
-64
-72
-72
-60
-67
-74
-61
-50
-36
-36
-27
-22
-8
-6
3
15
36
17
21
33
37
41
50
64
70
61
46
58
59
52
41
50
33
29
44
32
16
21
31
25
17
20
4
0
-3
7
28
