-70
-71
-79
-89
-92
-89
-97
-94
-104
-100
-107
-99
-80
-88
-89
-85
-78
-75
-82
-79
-68
-73
-83
-90
-82
-84
-97
-99
-91
-84
-109
-117
-98
-94
-92
-81
-68
-69
-72
-54
-49
-46
-37
-30
-23
-24
-8
-4
1
13
6
4
6
-2
-5
-17
-16
-24
-24
-33
-47
-48
-59
-42
-39
-37
-31
-26
-7
-3
4
15
30
38
42
44
40
46
39
40
38
36
46
45
46
52
44
43
43
59
70
74
74
87
90
96
96
93
92
98
98
85
95
90
84
85
68
65
83
81
97
83
77
76
75
79
75
75
63
49
56
64
63
57
66
89
97
105
112
116
100
103
111
118
118
126
117
119
127
125
122
130
141
145
159
170
183
176
173
190
187
170
156
136
126
108
85
82
77
76
83
79
81
86
88
101
94
89
77
70
69
56
64
64
59
66
58
66
69
62
65
77
77
74
70
54
46
33
26
10
-10
-18
-31
-45
-56
-63
-52
-76
-76
-81
-96
-112
-115
-123
-140
-144
-154
-158
-173
-176
-186
-182
-187
-192
-183
-178
-177
-177
-172
-168
-164
-182
-186
-186
-190
-204
-203
-207
-206
-202
-223
-212
-212
-210
-205
-200
-182
-178
-167
-159
-166
-152
-151
-160
-180
-184
-195
-203
-216
-221
-213
-233
-230
-229
-222
-227
-255
-238
-237
-263
-256
-240
-237
-236
-241
-254
-250
-253
-245
-229
-222
-217
-201
-185
-177
-177
-167
-167
-163
-157
-163
-135
-146
-146
-129
-139
-123
-113
-97
-85
-84
-66
-45
-30
-48
-48
-52
-67
-66
-68
-75
-78
-75
-66
-73
-76
-69
-77
-71
-79
-80
-74
-71
-70
-72
-56
-57
-74
-70
-64
-60
-81
-73
-59
-55
-59
-44
-34
-35
-18
-12
-11
-18
-18
2
12
-5
-3
-4
1
-2
19
29
35
47
54
72
64
68
69
76
69
75
76
78
57
45
44
29
29
41
60
52
49
59
77
70
54
65
69
69
47
57
48
32
30
28
39
41
39
50
49
41
58
57
55
55
55
49
41
39
39
38
26
33
38
51
46
56
67
62
61
50
62
75
72
60
62
65
71
80
78
77
64
71
76
74
61
72
78
69
66
76
98
95
87
85
85
84
90
92
106
116
119
139
145
148
145
157
145
142
148
150
151
158
159
158
152
136
129
117
112
125
120
110
110
109
118
130
125
115
125
112
104
117
125
124
123
107
107
109
92
101
116
120
106
98
94
76
60
61
67
44
31
33
21
-7
-19
-28
-13
-14
-25
-18
-24
-42
-47
-37
-58
-65
-84
-96
-99
-120
-130
-138
-135
-137
-142
-144
-139
-131
-140
-163
-174
-165
-176
-189
-193
-184
-201
-208
-223
-226
-213
-222
-232
-237
-244
-254
-249
-261
-236
-226
-235
-227
-225
-221
-232
-228
-243
-238
-254
-272
-259
-266
-266
-271
-270
-268
-252
-241
-243
-240
-238
-244
-232
-242
-232
-211
-209
-203
-203
-190
-185
-166
-141
-129
-124
-103
-92
-86
-78
-72
-59
-52
-53
-46
-36
-27
-19
-7
3
4
11
21
27
29
39
62
63
49
46
57
65
72
72
68
60
65
71
67
74
85
79
74
94
97
92
102
96
103
112
103
123
129
120
114
107
112
133
146
156
155
152
173
185
192
186
191
195
190
191
199
204
214
205
210
213
204
203
186
181
182
157
136
125
109
94
74
70
61
59
55
55
56
53
56
57
58
60
46
46
49
37
39
54
56
52
71
69
75
80
88
92
86
99
111
117
113
113
111
115
109
99
100
120
123
120
116
114
120
117
122
119
125
118
106
124
119
113
115
127
121
95
81
80
89
72
60
76
90
88
68
75
104
78
67
69
71
61
58
68
57
66
82
109
110
112
122
126
152
142
146
178
182
173
172
186
183
159
151
143
126
120
121
122
126
135
137
135
138
138
140
135
127
123
116
105
96
100
79
62
72
69
55
62
64
65
69
83
72
72
71
52
42
35
25
4
-11
-8
-5
-24
-42
-31
-21
-30
-30
-17
-14
-48
-61
-42
-60
-86
-96
-92
-96
-112
-130
-123
-118
-138
-149
-142
-138
-121
-140
-154
-145
-154
-159
-181
-182
-187
-197
-208
-219
-206
-203
-219
-199
-189
-196
-201
-208
-201
-206
-215
-218
-235
-250
-265
-280
-279
-273
-283
-284
-287
-295
-289
-274
-258
-260
-259
-264
-263
-261
-276
-277
-266
-259
-267
-274
-248
-260
-257
-237
-228
-212
-203
-190
-175
-160
-153
-150
-149
-134
-132
-140
-149
-140
-125
-117
-114
-116
-91
-90
-85
-71
-57
-53
-54
-55
-56
-52
-68
-74
-84
-75
-79
-83
-79
-59
-53
-45
-16
2
3
16
18
2
3
-7
0
10
10
14
29
43
51
50
76
84
91
102
107
127
140
140
150
164
163
165
191
196
193
187
196
218
217
222
237
230
226
243
245
239
228
222
220
226
227
218
210
201
205
205
205
224
231
227
216
223
222
230
228
208
221
222
213
205
204
194
181
179
193
199
196
206
216
208
199
191
182
176
174
160
148
138
125
119
101
92
94
99
106
114
105
100
87
75
70
58
54
45
37
30
10
-11
0
12
19
22
35
39
42
35
37
46
50
47
41
40
32
14
21
18
-5
6
17
23
27
38
63
67
60
66
63
52
39
39
18
16
3
-12
-15
-33
-37
-39
-42
-36
-40
-37
-45
-51
-46
-58
-59
-77
-87
-103
-97
-110
-127
-147
-147
-134
-134
-123
-131
-117
-110
-103
-115
-114
-118
-121
-118
-130
-131
-137
-142
-132
-139
-152
-146
-141
-124
-124
-119
-114
-98
-93
-113
-103
-100
-108
-108
-105
-111
-111
-111
-120
-107
-108
-102
-87
-98
-109
-98
-98
-101
-117
-121
-110
-116
-120
-119
-106
-108
-104
-97
-84
-72
-46
-20
-22
-4
-5
19
13
-8
-2
-1
-5
-13
-6
0
7
-14
-10
9
21
15
14
30
36
34
16
16
28
3
-11
-19
-6
-8
-14
6
4
8
21
48
49
47
55
46
44
20
6
-2
-6
6
-2
-13
-12
-17
9
5
5
11
14
24
35
46
51
40
32
33
14
12
-4
-5
-11
-19
-19
-17
-13
-14
5
14
14
16
14
21
27
14
29
15
5
16
26
34
24
20
37
47
44
60
76
84
85
82
88
86
75
80
79
80
68
54
55
64
80
95
115
103
106
122
123
118
114
109
96
83
77
87
77
78
79
68
75
72
66
36
60
63
38
53
32
41
47
51
54
25
21
13
24
23
14
29
19
17
22
29
21
4
15
15
9
-1
-1
-9
-35
-34
-38
-50
-53
-66
-70
-64
-60
-53
-44
-40
-63
-57
-53
-72
-64
-61
-56
-66
-86
-72
-56
-55
-71
-61
-57
-47
-30
-35
-31
-31
-12
-16
-25
-26
-35
-18
-12
-6
-3
14
27
27
43
54
44
52
67
63
46
44
42
44
30
13
36
26
16
2
-1
2
-6
-6
20
35
21
25
22
29
43
25
8
34
27
6
5
4
-4
-22
-36
-32
-37
-34
-31
-31
-21
-27
-17
-16
-21
-28
-41
-28
-28
-40
-31
-31
-41
-40
-35
-40
-46
-53
-37
-23
-28
-27
-42
-32
-26
-48
-59
-79
-72
-88
-104
-91
-96
-105
-113
-103
-87
-89
-90
-88
-108
-109
-88
-85
-77
-69
-78
-84
-99
-86
-60
-67
-62
-53
-46
-35
-38
-37
-43
-48
-36
-30
-34
-26
-30
-20
-20
-24
-25
-11
13
16
10
12
9
3
-20
-12
2
-6
-7
-9
-2
2
-1
-10
-13
4
-9
-5
-9
-10
-6
-20
-18
-25
-33
-52
-50
-56
-62
-54
-37
-39
-44
-35
-17
-19
-24
-41
-47
-37
-52
-63
-70
-79
-90
-104
-85
-86
-98
-66
-55
-49
-48
-33
-3
-13
-55
-42
-22
-34
-47
-42
-38
-46
-63
-75
-52
-52
-71
-64
-44
-49
-67
-49
-10
-9
-22
-16
0
5
-19
-21
-14
-26
-40
-40
-18
-15
-29
-22
-17
-28
-25
-30
-24
-24
-42
-36
-47
-50
-48
-55
-29
-34
-41
-46
-41
-37
-36
-38
-31
-18
-41
-33
-41
-43
-59
-76
-82
-78
-80
-83
-68
-80
-76
-73
-71
-53
-59
-44
-45
-42
-38
-54
-54
-61
-68
-57
-76
-74
-65
-84
-83
-73
-67
-79
-90
-71
-73
-71
-75
-74
-70
-71
-91
-112
-113
-127
-130
-142
-130
-122
-112
-107
-98
-89
-80
-70
-70
-45
-43
-42
-41
-34
-34
-45
-35
-22
-24
-27
-3
4
6
5
12
30
26
7
16
21
-3
14
24
5
0
-20
-4
24
17
24
38
57
41
38
69
50
31
22
39
51
23
13
17
30
3
-3
4
5
-2
-11
5
14
-2
-15
5
16
14
7
-4
-15
-31
-49
-34
-43
-71
-77
-69
-62
-59
-79
-86
-62
-73
-64
-81
-78
-57
-86
-72
-77
-77
-68
-88
-79
-97
-87
-87
-87
-103
-99
-80
-65
-69
-68
-53
-46
-50
-61
-37
-41
-36
-25
-24
-26
-17
-7
7
-11
-12
-1
-2
-1
4
0
-19
-9
-6
-5
3
15
18
-1
-8
-6
16
8
-3
-2
-4
15
5
16
16
26
23
24
26
26
34
36
58
47
43
60
51
49
47
31
33
26
18
8
38
41
52
61
58
62
63
72
86
81
55
56
42
42
44
29
45
38
18
30
45
54
56
51
54
70
63
51
59
73
70
69
53
54
58
41
39
34
41
38
44
47
63
70
74
82
72
70
68
68
64
62
52
65
55
50
41
51
41
29
29
40
54
46
49
69
66
53
46
46
52
27
19
16
16
13
-8
-6
-8
0
-16
-30
-26
-40
-59
-72
-75
-80
-81
-94
-103
-107
-116
-140
-153
-148
-152
-153
-151
-127
-147
-147
-138
-146
-164
-186
-177
-164
-169
-202
-189
-182
-195
-214
-208
-182
-188
-199
-175
-171
-163
-159
-174
-165
-176
-181
-175
-176
-182
-206
-211
-198
-189
-199
-192
-174
-163
-138
-147
-120
-126
-127
-111
-109
-102
-110
-89
-89
-67
-87
-75
-48
-40
-40
-32
-8
-1
-2
-2
8
5
-9
-5
7
-14
-21
-26
-3
-5
1
4
14
40
24
36
24
19
27
5
8
0
4
16
6
-3
-1
-8
-12
-21
-32
-31
-27
-22
-22
-14
-23
-36
-25
-16
-23
-31
-41
-40
-31
-31
-36
-22
-8
-14
-16
-9
0
-4
-18
-13
-9
-14
-9
-1
-16
2
3
-3
0
-1
17
20
11
7
14
21
-1
-11
12
12
14
6
30
18
15
14
18
40
20
19
31
34
24
33
30
27
13
18
26
23
13
12
11
2
2
3
25
36
12
22
55
45
22
25
46
28
11
17
33
47
15
4
36
39
35
41
61
70
55
50
68
71
59
63
63
53
47
48
41
57
56
79
87
86
97
95
102
95
95
121
100
80
84
85
89
57
53
50
45
50
53
61
73
83
63
67
78
63
64
43
43
36
29
26
21
14
11
20
8
33
29
65
77
71
89
87
83
83
84
82
79
57
35
32
27
28
13
-3
1
-17
-18
-5
-10
-13
-25
-36
-33
-71
-90
-101
-102
-137
-169
-169
-172
-178
-208
-215
-215
-218
-227
-231
-221
-240
-233
-233
-240
-247
-256
-267
-274
-299
-301
-293
-293
-289
-279
-277
-273
-243
-255
-241
-226
-226
-220
-240
-256
-247
-253
-273
-269
-275
-265
-256
-270
-261
-255
-252
-236
-230
-230
-221
-223
-218
-201
-196
-200
-185
-179
-164
-145
-132
-109
-107
-82
-78
-61
-44
-39
-26
-13
1
13
19
18
26
24
35
34
50
64
59
63
88
107
118
128
128
127
114
103
108
120
101
100
127
118
104
101
114
110
98
95
91
97
84
70
76
101
77
63
83
72
97
63
70
84
65
61
58
71
53
27
25
17
8
7
25
11
3
16
16
9
3
21
21
22
17
31
48
42
36
41
31
23
32
25
44
54
58
79
71
72
86
74
75
93
101
110
107
103
122
126
131
148
151
154
168
148
156
177
163
153
163
176
167
163
168
172
148
120
117
109
92
68
57
46
29
23
0
-8
-1
-19
-33
-33
-35
-41
-54
-85
-82
-91
-128
-145
-167
-174
-195
-227
-231
-240
-264
-276
-275
-291
-304
-323
-343
-345
-343
-357
-343
-351
-359
-353
-354
-333
-314
-292
-268
-243
-200
-166
-132
-99
-61
-37
-6
17
37
80
103
126
159
175
209
253
298
343
379
414
428
477
469
518
560
576
614
614
666
701
672
673
732
709
697
723
732
762
740
738
781
740
712
678
658
629
605
579
559
561
532
496
454
435
355
309
225
133
86
8
-40
-55
-114
-171
-226
-312
-320
-370
-483
-528
-583
-658
-679
-708
-733
-725
-792
-827
-832
-889
-886
-886
-906
-898
-897
-872
-814
-793
-775
-715
-676
-635
-579
-533
-475
-459
-425
-390
-336
-323
-274
-249
-207
-213
-185
-167
-204
-83
-160
-108
-124
-50
-54
-65
-28
23
-57
17
53
2
74
79
165
51
211
232
207
219
251
425
375
359
479
573
428
629
635
576
768
676
743
802
694
774
816
750
806
787
717
768
668
616
652
530
490
433
356
330
183
116
79
-81
-123
-200
-305
-335
-468
-566
-633
-732
-779
-813
-881
-914
-958
-1038
-1014
-1021
-1047
-1059
-1071
-1037
-1024
-992
-944
-868
-826
-764
-695
-635
-529
-474
-423
-351
-259
-167
-94
-41
40
83
104
145
170
180
168
147
142
164
176
171
187
188
186
130
124
121
27
73
-4
10
23
-66
-30
-95
-124
-167
-119
-145
-101
-94
-134
-33
-34
-5
-24
84
15
107
104
223
270
204
439
311
489
522
553
656
719
741
820
952
892
1051
1052
1109
1197
1225
1295
1359
1310
1331
1347
1296
1255
1235
1220
1158
1134
1078
990
894
809
693
551
458
370
246
189
69
-15
-95
-236
-366
-495
-602
-728
-827
-923
-956
-1019
-1071
-1090
-1118
-1160
-1206
-1225
-1229
-1189
-1178
-1137
-1066
-1015
-948
-893
-796
-720
-700
-648
-588
-497
-407
-326
-222
-139
-69
20
83
107
113
85
77
145
149
230
289
297
305
290
301
248
214
167
130
97
135
132
89
77
22
16
-90
-71
-161
-52
-203
-216
-4
-208
-40
-117
-118
-78
-63
-217
48
100
-201
308
-10
143
355
190
378
367
475
328
774
459
858
779
676
1125
810
1062
1125
1120
1135
1217
1174
1213
1198
1125
1201
1019
1032
1019
834
807
712
529
427
272
167
27
-107
-211
-365
-542
-589
-790
-907
-1017
-1177
-1294
-1378
-1507
-1565
-1594
-1697
-1670
-1752
-1750
-1727
-1762
-1710
-1657
-1603
-1518
-1425
-1330
-1191
-1094
-995
-853
-752
-635
-511
-392
-287
-163
-60
46
152
253
335
413
440
491
499
537
648
596
705
609
610
585
444
494
406
320
352
273
211
209
105
31
-60
-125
-174
-223
-237
-214
-319
-269
-374
-384
-403
-551
-421
-689
-447
-664
-410
-578
-327
-337
-421
-180
-265
-100
-237
138
-35
95
258
355
526
443
744
732
721
935
1062
1029
1272
1313
1384
1488
1471
1497
1526
1386
1495
1434
1245
1343
1271
1093
1152
999
811
822
602
475
355
192
61
-97
-214
-283
-438
-618
-654
-802
-937
-1029
-1120
-1188
-1236
-1280
-1280
-1290
-1307
-1294
-1274
-1239
-1199
-1149
-1063
-978
-910
-783
-690
-573
-480
-427
-270
-201
-121
-31
43
118
167
257
251
357
367
454
441
542
559
499
556
429
440
333
311
287
242
228
213
168
116
91
-12
-20
-139
-96
-215
-209
-263
-171
-289
-321
-246
-434
-312
-534
-365
-383
-549
-66
-480
-54
-156
-182
118
-49
100
244
275
229
599
451
712
776
738
1047
967
1017
1338
1210
1375
1557
1478
1711
1655
1608
1723
1618
1551
1686
1491
1446
1454
1299
1217
1177
1014
916
762
578
464
244
142
-40
-189
-317
-443
-634
-750
-902
-1085
-1213
-1338
-1419
-1518
-1547
-1566
-1579
-1581
-1583
-1545
-1520
-1466
-1414
-1341
-1257
-1179
-1046
-921
-809
-674
-610
-488
-421
-326
-219
-137
-99
-56
19
111
214
149
293
366
192
397
330
171
359
129
198
191
117
158
148
24
12
73
-239
-132
-202
-316
-305
-317
-409
-418
-454
-497
-620
-619
-724
-813
-768
-746
-843
-569
-801
-556
-464
-716
-206
-716
24
-443
-115
181
-148
462
258
372
751
594
575
1318
736
1026
1464
1086
1496
1676
1464
1858
1779
1508
2001
1661
1626
1861
1531
1572
1622
1319
1425
1216
1020
978
694
562
465
177
88
-68
-329
-370
-646
-828
-953
-1201
-1340
-1484
-1643
-1684
-1771
-1894
-1863
-1906
-1977
-1885
-1914
-1899
-1785
-1785
-1653
-1542
-1424
-1242
-1136
-1014
-880
-809
-695
-527
-509
-259
-335
-136
29
9
136
215
280
241
470
379
458
532
471
505
616
467
525
526
366
475
365
233
324
164
176
118
33
61
-79
-58
-244
-154
-424
-300
-462
-499
-379
-648
-452
-460
-466
-530
-243
-467
-157
-362
-29
-119
11
68
343
218
410
784
390
1175
620
1157
1324
1062
1510
1661
1508
1779
2045
1732
2187
1997
2002
2209
1979
1957
2155
1830
1871
1815
1616
1626
1424
1236
1188
891
702
570
247
165
-115
-288
-461
-680
-902
-1011
-1250
-1428
-1572
-1753
-1805
-1935
-1981
-2027
-2045
-2055
-2015
-2017
-1980
-1899
-1865
-1719
-1577
-1440
-1234
-1123
-956
-833
-696
-551
-448
-350
-207
-53
-62
204
117
428
390
371
633
516
492
721
604
604
780
440
799
526
562
598
492
416
346
298
182
10
172
-138
-146
-159
-426
-275
-691
-301
-1031
-452
-984
-850
-780
-928
-828
-1038
-481
-1315
-363
-766
-857
45
-832
-308
202
-418
-89
805
-322
614
791
376
1203
1039
1064
1642
1497
1618
2205
1741
2084
2298
2041
2288
2259
2272
2266
2153
2198
2087
1872
1966
1710
1581
1552
1249
1062
989
632
535
211
3
-170
-479
-661
-810
-1083
-1315
-1387
-1704
-1771
-1897
-2065
-2085
-2168
-2232
-2170
-2170
-2145
-2021
-2032
-1873
-1723
-1655
-1428
-1307
-1166
-979
-897
-739
-589
-541
-266
-263
-82
-120
102
-12
227
327
234
410
356
518
534
447
527
537
343
527
432
398
404
239
214
230
-215
194
-256
-352
-132
-543
-480
-454
-526
-1005
-391
-1370
-807
-925
-1297
-776
-1162
-992
-962
-907
-991
-713
-786
-914
-359
-402
-647
118
-124
-70
537
122
638
827
554
1252
1307
1034
1807
1744
1597
2250
1982
1981
2466
2037
2343
2406
2094
2380
2228
2035
2147
1970
1830
1839
1610
1455
1335
1086
937
706
461
293
-6
-176
-357
-666
-790
-1073
-1286
-1414
-1670
-1748
-1901
-2032
-2063
-2117
-2182
-2113
-2100
-2088
-1948
-1898
-1779
-1646
-1510
-1333
-1208
-1026
-888
-758
-659
-366
-416
-220
-154
-201
109
-74
342
291
294
608
348
715
583
541
819
495
868
534
918
752
742
618
746
278
446
398
66
385
-2
66
36
-23
-358
-66
-626
-483
-600
-691
-476
-761
-591
-675
-569
-707
-536
-702
-443
-477
-686
207
-493
-74
540
-357
889
216
540
1077
525
1150
1377
1217
1508
1900
1636
2074
2049
2070
2487
2216
2310
2673
2268
2484
2510
2209
2382
2142
2076
2084
1873
1772
1636
1374
1344
1022
759
620
275
14
-141
-425
-633
-831
-1156
-1268
-1531
-1711
-1842
-2032
-2147
-2174
-2246
-2265
-2184
-2217
-2131
-2101
-2016
-1876
-1811
-1678
-1487
-1377
-1205
-1210
-1028
-715
-916
-664
-551
-726
-308
-378
-239
57
-114
17
368
99
242
401
216
336
375
514
404
544
487
453
363
284
381
81
249
-41
126
-76
-143
-116
-454
-275
-784
-371
-947
-552
-780
-968
-240
-1454
-383
-631
-1149
-269
-968
-624
-224
-850
-28
46
-590
402
409
-206
857
501
460
1069
1034
1035
1629
1388
1540
2202
1553
2223
2234
1983
2446
2374
2400
2392
2501
2304
2295
2279
2151
2082
2115
1896
1816
1756
1497
1303
1128
846
591
342
131
-166
-252
-598
-824
-977
-1321
-1486
-1672
-1914
-2025
-2117
-2241
-2195
-2248
-2217
-2147
-2210
-2072
-2010
-1994
-1826
-1676
-1512
-1453
-1376
-1088
-1086
-1020
-857
-843
-766
-666
-433
-425
-150
-216
6
62
49
216
159
289
350
361
410
478
444
549
407
394
534
-64
652
38
64
440
-302
113
-134
-376
-308
-401
-622
-453
-689
-705
-844
-431
-1133
-718
-419
-1436
-218
-905
-671
-335
-553
-364
-223
-344
-162
121
-147
384
291
629
515
964
879
946
1429
1129
1650
1689
1869
1986
2146
2257
2288
2461
2362
2488
2521
2371
2501
2464
2272
2379
2219
2109
2114
1846
1770
1578
1386
1227
882
825
446
266
98
-236
-327
-666
-911
-1115
-1303
-1607
-1662
-1804
-1925
-1936
-2018
-1998
-1988
-1908
-1945
-1812
-1767
-1719
-1511
-1459
-1478
-1220
-1167
-1172
-872
-1005
-679
-784
-634
-428
-345
-366
-53
-15
-63
288
112
367
275
512
350
539
690
410
821
542
671
594
614
359
725
344
171
525
-97
81
36
-148
-419
-94
-750
-232
-725
-675
-459
-848
-486
-879
-529
-899
-564
-683
-568
-599
-400
-440
-248
-159
-129
84
19
325
242
663
370
925
803
1019
1287
1191
1435
1556
1718
1588
2026
2004
1948
2311
2198
2172
2367
2116
2233
2105
2003
1984
1913
1822
1727
1676
1453
1310
1073
911
573
441
151
-94
-244
-448
-684
-925
-1112
-1464
-1597
-1830
-1998
-2048
-2172
-2181
-2148
-2166
-2073
-2068
-1968
-1967
-1923
-1774
-1751
-1647
-1499
-1514
-1157
-1383
-1106
-837
-1262
-707
-832
-959
-347
-672
-326
-157
-332
32
-50
-19
51
229
-70
396
84
202
435
91
325
402
-53
61
297
-437
153
-251
-373
63
-688
-52
-601
-525
-850
-626
-821
-858
-922
-641
-973
-561
-876
-510
-956
-714
-470
-826
-160
-630
-131
-135
43
-52
385
136
399
550
462
1058
614
1306
1095
1527
1443
1564
1778
1831
1781
2045
2128
2103
2302
2369
2363
2314
2390
2199
2167
2080
1958
1864
1863
1708
1689
1546
1282
1100
875
576
357
162
-123
-219
-429
-614
-766
-1016
-1307
-1447
-1673
-1797
-1814
-1949
-1776
-1819
-1737
-1626
-1629
-1548
-1557
-1512
-1542
-1449
-1422
-1159
-1179
-1008
-771
-986
-664
-740
-562
-583
-481
-118
-524
266
-182
228
150
224
168
234
331
161
444
210
703
-1
715
44
461
218
-103
594
-478
191
-110
-3
-366
-133
-533
-411
-746
-325
-618
-976
-495
-762
-735
-583
-285
-987
-317
-956
-124
-505
-447
66
-260
-13
39
455
15
679
297
831
710
823
1325
957
1239
1618
1288
1637
1930
1695
1948
2004
1923
2177
2189
2119
2497
2164
2349
2379
2113
2101
2054
1841
1828
1773
1561
1573
1256
1261
902
722
529
268
33
-128
-299
-519
-640
-923
-1011
-1295
-1478
-1507
-1749
-1725
-1726
-1807
-1689
-1638
-1643
-1493
-1570
-1519
-1547
-1446
-1540
-1355
-1296
-1388
-986
-1272
-845
-895
-1016
-576
-914
-785
-474
-718
-585
-243
-650
-141
-522
-302
-200
-758
-169
-590
-334
-553
-289
-510
-600
-202
-869
-378
-712
-895
-454
-1112
-343
-1113
-605
-855
-1263
-203
-1661
-447
-910
-1193
-658
-567
-1088
-462
-146
-1322
395
-631
-321
382
-268
298
401
190
672
594
687
936
879
1126
1091
1346
1386
1395
1645
1797
1650
1960
2112
1909
2105
2318
2073
2267
2401
2254
2470
2282
2353
2239
2151
1929
2021
1845
1643
1774
1477
1387
1242
1022
762
576
248
92
-156
-329
-440
-683
-780
-958
-1169
-1344
-1483
-1578
-1734
-1656
-1658
-1638
-1580
-1537
-1551
-1512
-1558
-1587
-1544
-1526
-1456
-1281
-1402
-912
-1119
-1019
-705
-1131
-548
-1105
-407
-855
-674
-504
-518
-422
-494
-375
-688
-244
-906
-228
-679
-407
-621
-307
-331
-913
199
-1341
22
-737
-709
-469
-786
-383
-1022
-152
-1083
-612
-705
-937
-449
-848
-758
-362
-549
-568
-212
-415
-229
-184
-202
-41
155
-81
648
286
493
745
326
943
967
779
1190
1150
1288
1313
1478
1754
1441
1776
1762
1855
1865
2011
2043
2209
2235
2135
2510
2135
2292
2326
2077
2007
2042
1673
1773
1739
1341
1512
1131
1017
895
514
453
229
-133
-148
-398
-664
-679
-955
-1169
-1246
-1496
-1643
-1696
-1798
-1846
-1805
-1890
-1833
-1801
-1817
-1774
-1730
-1778
-1615
-1714
-1528
-1424
-1550
-1171
-1331
-986
-1270
-825
-1318
-725
-967
-952
-458
-1127
-252
-997
-296
-721
-559
-679
-732
-561
-776
-484
-624
-538
-605
-424
-500
-486
-539
-444
-668
-492
-498
-403
-520
-560
-154
-977
-145
-827
-300
-471
-463
-94
-373
-90
-221
82
-128
94
144
283
248
458
374
722
518
674
917
554
1067
876
969
1146
1004
1303
1346
1390
1458
1581
1663
1369
1970
1617
1887
1952
1900
2087
1944
2115
2028
2108
1873
1910
1738
1662
1509
1488
1314
1216
1116
824
822
491
342
153
-8
-218
-343
-514
-664
-784
-985
-1099
-1286
-1425
-1604
-1606
-1694
-1690
-1603
-1686
-1518
-1580
-1545
-1534
-1549
-1458
-1544
-1296
-1395
-1099
-1167
-1211
-842
-1137
-1058
-788
-1120
-905
-812
-1178
-583
-1037
-660
-839
-1005
-591
-1229
-769
-948
-929
-637
-913
-694
-648
-680
-836
-533
-796
-919
-533
-726
-924
-38
-1035
-451
-312
-897
-299
-816
-433
-300
-784
98
-176
-407
167
123
-116
187
225
55
682
185
519
1277
-143
1228
824
538
1299
931
974
1276
1432
1189
1870
1390
1672
1658
1646
1859
1916
1953
2032
2348
1998
2400
2276
2263
2291
2303
2179
2087
2060
1895
1809
1782
1564
1458
1396
1113
1083
824
570
503
226
29
-67
-276
-407
-611
-674
-954
-1080
-1233
-1457
-1422
-1619
-1617
-1597
-1658
-1521
-1563
-1583
-1541
-1664
-1473
-1643
-1385
-1494
-1285
-1545
-1168
-1299
-1407
-1051
-1654
-1179
-1223
-1521
-1077
-1202
-1462
-1026
-1227
-1330
-1137
-1331
-1601
-1073
-1326
-1229
-1049
-1117
-1030
-1107
-1048
-1003
-1345
-621
-1188
-1163
-132
-1138
-854
-256
-899
-623
-450
-972
-351
-45
-872
183
-100
-851
743
-369
143
121
52
443
258
632
466
606
374
1094
398
1064
965
584
1356
1104
1091
1490
1148
1323
1733
1440
1625
1764
1575
1804
2133
1656
2231
2026
1944
2176
2004
2012
1951
1785
1702
1698
1502
1536
1395
1275
1172
974
840
611
491
359
118
-46
-147
-362
-449
-602
-808
-923
-1119
-1341
-1343
-1452
-1545
-1445
-1566
-1531
-1447
-1578
-1494
-1518
-1601
-1420
-1587
-1402
-1307
-1336
-1277
-1123
-1326
-1478
-1154
-1526
-1378
-942
-1576
-1111
-1365
-1372
-1065
-1055
-1540
-940
-1677
-1321
-527
-1533
-592
-1331
-1160
-686
-1045
-830
-458
-1033
-919
-82
-818
-364
-217
-577
-399
-61
-804
45
-147
-180
300
-98
211
101
645
-101
686
319
419
734
680
945
538
947
740
942
1025
1154
1127
1288
1268
1329
1387
1399
1346
1729
1561
1756
1936
1652
2007
2005
2010
1988
2247
2021
2299
2290
2183
2403
2017
2009
2004
1701
1699
1681
1414
1581
1264
967
877
600
538
457
267
67
24
-428
-404
-600
-837
-895
-1175
-1240
-1266
-1354
-1342
-1391
-1520
-1576
-1580
-1813
-1600
-1573
-1607
-1295
-1395
-1187
-1346
-1258
-1521
-1255
-1355
-1615
-853
-1301
-1167
-1030
-1208
-1245
-1206
-1341
-1521
-1270
-1020
-1312
-659
-1066
-1159
-692
-1166
-787
-556
-1048
-630
-529
-438
-620
-128
-769
-359
-744
-507
-410
4
-474
-248
259
-745
267
-350
10
82
45
325
450
596
399
882
121
417
614
257
767
881
589
1071
841
656
997
809
851
1306
959
1604
1421
1146
1963
1260
1505
1744
1658
1765
2058
1819
2215
1982
1717
2075
1697
1699
1730
1534
1552
1658
1341
1395
1207
831
708
447
348
137
-66
-145
-235
-433
-585
-837
-1012
-1168
-1415
-1363
-1464
-1569
-1408
-1517
-1543
-1581
-1694
-1614
-1751
-1690
-1751
-1767
-1635
-1630
-1281
-1744
-1156
-1493
-1693
-1272
-1437
-1552
-1173
-1466
-1595
-1046
-1651
-1138
-1530
-1260
-1111
-1370
-820
-1187
-732
-927
-804
-929
-776
-1137
-437
-255
-697
-171
-339
-721
-155
-152
-1173
460
-875
-139
368
-391
617
-260
-47
17
174
-16
493
895
281
806
737
90
882
280
483
914
680
936
1502
698
1083
1127
424
1195
1078
1468
1325
2039
1404
1890
1873
1337
2096
1699
1823
2299
2464
2164
2568
2122
2046
2067
1764
1841
1954
2019
1876
1958
1615
1266
1118
711
603
520
320
290
226
69
-208
-374
-689
-958
-1054
-1117
-1169
-987
-1159
-1130
-1101
-1322
-1278
-1361
-1405
-1486
-1356
-1465
-1243
-1054
-1255
-1024
-1045
-1403
-1208
-1238
-1207
-1269
-1071
-1242
-538
-1414
-752
-927
-1175
-1196
-1230
-746
-1505
-275
-1201
-644
-627
-1016
-1264
-1352
-1033
-1305
-763
-914
-1003
-725
-1033
-393
-312
-646
-287
8
82
82
388
117
-166
21
4
127
993
567
751
886
616
383
795
605
706
818
913
1469
1220
1354
1023
1204
517
960
1619
1300
1956
1871
1813
1732
1646
1392
1861
1820
1862
2373
2327
2099
2097
1671
1392
1635
1259
1442
1727
1445
1336
1211
759
481
184
-26
-17
32
-37
-94
-191
-625
-957
-1258
-1344
-1482
-1341
-1329
-1215
-1122
-1371
-1382
-1603
-1596
-1821
-1797
-1505
-1290
-1259
-1198
-1114
-1300
-1413
-1751
-1047
-1793
-1090
-1151
-1165
-865
-1248
-1136
-1623
-1044
-1459
-785
-931
-686
-513
-808
-710
-266
-1197
-448
-481
-431
-584
-479
-233
-741
81
-806
-131
-900
-430
69
-677
5
-297
-85
-76
3
-85
459
-178
346
539
251
559
720
709
882
595
658
1118
924
882
1263
1117
847
1438
1345
1405
1308
1178
1171
1216
1594
1642
1713
1660
1453
1324
1303
1026
1258
1108
1010
1353
867
740
713
298
244
196
-64
-115
-85
-268
-346
-519
-718
-902
-1067
-1260
-1140
-1197
-1262
-1247
-1355
-1543
-1572
-1563
-1443
-1434
-1251
-1239
-1176
-853
-1089
-904
-799
-987
-850
-731
-562
-425
-355
-690
-574
-745
-753
-562
-538
-30
-823
40
-769
-503
270
-564
8
178
-356
-203
363
-267
8
860
-611
557
385
-540
550
-8
-112
126
346
205
808
501
120
351
-109
274
881
833
454
972
748
910
1450
700
1090
1035
1185
1386
1799
1360
1712
1484
1292
2015
1504
1483
1897
1701
1610
1901
1208
983
780
358
428
561
553
471
329
-209
-625
-978
-1110
-1111
-990
-1175
-1229
-1326
-1612
-1830
-1877
-2112
-2164
-1986
-1932
-1653
-1496
-1535
-1560
-1675
-1669
-1615
-1326
-902
-658
-465
-606
-509
-415
-561
-160
-26
116
354
361
696
625
513
255
34
195
554
430
734
556
137
67
203
-68
229
646
265
613
821
353
344
1104
-125
962
1087
105
1380
1608
157
1047
1169
-287
1656
1504
410
1565
825
-51
1742
586
483
1495
617
928
1904
841
858
1282
257
1333
1487
1039
1416
1558
1203
1536
1155
1285
1357
1152
1345
1001
544
272
100
-1
-245
-385
-963
-1447
-1323
-1520
-1459
-1867
-2218
-2702
-3271
-3250
-3352
-3311
-3171
-3553
-3784
-3886
-3892
-3824
-3657
-3661
-3663
-3339
-3227
-2582
-2275
-2327
-2174
-2185
-1763
-1196
-844
-389
-30
-107
76
346
592
968
1041
1153
1281
1238
1368
1732
1513
1594
1554
1157
1512
1592
1663
1869
1509
1546
1571
1216
1857
1724
1742
2122
1582
1955
1946
1390
1796
2190
1282
1839
2676
1405
2352
2970
1502
2237
2300
1666
2578
2408
2251
2585
2029
2081
2560
2189
1952
2691
2077
1742
2371
1890
1738
1987
1805
1398
1325
970
237
-140
-354
-406
-540
-593
-697
-1205
-2177
-2394
-2718
-3177
-3047
-3139
-3515
-3551
-3995
-4435
-4572
-4749
-4983
-4885
-4658
-4584
-4390
-4470
-4718
-4517
-4458
-4259
-3570
-3263
-3066
-2792
-2760
-2606
-2247
-2075
-1702
-1197
-888
-683
-530
-347
-234
-40
152
533
834
1111
1313
1471
1394
1209
1439
1579
1951
2363
2156
2165
2369
2298
2364
2718
2616
2829
2834
3032
3205
2845
3147
2903
3028
3414
3450
3646
3490
3312
3762
3583
3783
4295
4015
3928
4282
4183
3943
4286
4031
4069
4197
4020
4152
3829
3697
3663
3128
2828
2471
1589
1479
999
813
749
123
-159
-689
-1491
-1965
-2529
-3067
-3191
-3565
-4025
-4088
-4612
-5081
-5296
-5835
-5843
-5888
-6054
-5807
-5780
-5931
-5926
-6037
-5718
-5349
-5099
-4714
-4586
-4378
-4225
-4015
-3481
-3116
-2824
-2406
-2142
-1995
-1731
-1654
-1329
-1058
-912
-556
-246
-129
81
186
-15
146
267
451
879
1053
1070
1128
932
1141
1560
1376
1789
2180
1863
2125
2440
2374
2589
3160
3160
3366
3538
3530
3946
4196
4381
4667
4410
4626
4994
5176
5422
5588
5203
5064
5392
5225
5350
5511
5295
4984
4765
4287
4278
3427
2829
2601
1807
1852
1715
1191
741
21
-1091
-1605
-1787
-2069
-2206
-2626
-3258
-3759
-4397
-4593
-4676
-4809
-4822
-5174
-5219
-5243
-5230
-5265
-5328
-5109
-4966
-4575
-4321
-4265
-3981
-4191
-4041
-3618
-3269
-2941
-2669
-2583
-2664
-2699
-2584
-2297
-1948
-1758
-1627
-1620
-1706
-1489
-1454
-1302
-1133
-1048
-1008
-898
-721
-673
-411
-347
-48
107
248
555
692
844
948
1245
1425
1728
1940
2139
2599
2787
3032
3459
3679
3806
4232
4661
4636
4996
4962
5001
5518
5632
5771
5779
5623
5488
5516
5348
5201
4944
4201
3303
3347
3044
3072
2914
2170
1470
502
-231
-694
-635
-984
-1534
-2190
-2801
-3099
-3552
-3819
-3978
-4265
-4497
-4607
-4586
-4411
-4486
-4777
-4713
-4395
-4084
-3614
-3517
-3401
-3255
-3329
-2927
-2209
-1668
-1411
-1397
-1407
-1370
-1263
-961
-490
-362
-491
-540
-658
-466
-314
-250
-422
-482
-537
-642
-541
-554
-656
-720
-855
-718
-507
-507
-548
-568
-559
-460
-159
-6
242
551
588
641
1125
1260
1678
2266
2403
2968
3101
3373
3886
4109
4549
4712
4838
4778
5178
5361
5325
5105
4802
4532
3856
3533
3499
3264
3224
2527
1995
1497
633
-6
-393
-843
-1173
-1640
-2406
-2793
-3093
-3820
-4206
-4380
-4574
-4679
-4902
-5002
-4962
-5131
-5321
-4943
-4576
-4137
-4044
-4087
-3672
-3488
-3085
-2682
-2082
-1754
-1655
-1473
-1143
-723
-445
-172
-9
119
261
343
451
729
869
855
872
872
931
867
795
917
894
957
944
872
879
860
746
839
971
1056
1192
1145
1333
1351
1646
1748
2054
2210
2508
2832
2751
3238
3396
3704
3952
4181
4342
4290
4302
4323
4748
4456
4282
4239
3519
2955
2630
2461
2621
2406
1825
1118
510
-331
-636
-1005
-1412
-1573
-2353
-3050
-3352
-3758
-4271
-4523
-4683
-4813
-4912
-5222
-5379
-5405
-5643
-5598
-5227
-4762
-4421
-4462
-4663
-4431
-4105
-3765
-3051
-2561
-2417
-2403
-2282
-1978
-1530
-1127
-883
-724
-691
-538
-368
-222
-44
142
265
197
313
438
432
371
352
442
582
721
702
686
479
593
791
1075
1251
1509
1572
1510
1836
2170
2758
2920
3264
3498
3857
4050
4743
4970
5173
5531
5522
5951
6077
6136
6125
5878
5927
5937
4962
4585
4483
4539
4133
3581
2935
2405
1671
906
694
-30
-480
-1185
-1975
-2330
-2823
-3543
-4048
-4267
-4507
-4850
-5205
-5437
-5474
-5660
-5767
-5619
-5367
-5076
-5205
-5251
-4869
-4473
-4152
-3802
-3374
-3067
-3071
-2883
-2398
-1995
-1802
-1558
-1366
-1282
-1057
-790
-705
-614
-403
-338
-410
-470
-256
-236
-320
-231
-203
-295
-303
-400
-482
-470
-522
-377
-289
-193
-199
-131
-92
310
630
861
1317
1511
2029
2180
2741
3009
3254
3863
4225
4658
4817
5084
5016
5481
5228
5618
5781
4584
4701
4598
4834
5036
4347
3761
3403
2700
2148
2050
1400
916
431
-673
-694
-1148
-1931
-2497
-2980
-3141
-3430
-3676
-3903
-4009
-4421
-4588
-4339
-4111
-3720
-4003
-4141
-3755
-3588
-3106
-2881
-2475
-2233
-2188
-1974
-1624
-1232
-1186
-856
-737
-614
-343
-271
-137
-165
-79
42
-35
-135
-186
-184
-319
-343
-293
-410
-532
-729
-857
-1015
-1032
-1064
-1112
-1052
-1020
-694
-878
-603
-428
-197
149
504
981
1167
1572
1843
2202
2920
3188
3487
3597
3771
4321
4377
4345
4582
3720
3539
3819
4181
4414
3866
3033
2639
2453
2004
2052
1426
733
411
-451
-783
-933
-1577
-2180
-2698
-2918
-3022
-3166
-3613
-3776
-4072
-4253
-3783
-3649
-3561
-3673
-4034
-3842
-3202
-2692
-2339
-2250
-2240
-2073
-1814
-1291
-720
-623
-603
-316
-105
156
442
638
659
767
992
1143
1076
979
982
997
1052
1210
1184
1003
709
517
480
514
558
481
202
-16
-87
141
317
478
529
448
677
782
1254
1452
1779
1837
2173
2422
2666
2818
2733
3116
3054
2969
3410
2439
2118
2358
2616
3030
2588
1949
1529
1289
648
840
542
-99
-232
-1026
-1359
-1509
-2120
-2673
-2977
-3008
-3128
-3364
-3762
-3921
-4124
-4298
-3854
-3436
-3388
-3600
-3925
-3928
-3247
-2814
-2459
-2272
-2210
-2081
-1901
-1509
-1046
-820
-905
-711
-459
-284
-139
-4
-2
73
396
468
413
227
180
292
357
597
708
476
249
-30
19
112
270
191
191
32
-21
111
229
562
833
1034
1210
1436
1675
1982
2524
2915
3277
3402
3443
3676
3965
4320
3932
4387
3971
3226
3738
3806
4317
3863
3015
2623
2665
2334
1906
1658
657
420
99
-600
-555
-1255
-2118
-2708
-2863
-2791
-3088
-3575
-4148
-4181
-4429
-4289
-3918
-3761
-3935
-4429
-4395
-3980
-3197
-2926
-2915
-2809
-2716
-2298
-1738
-1301
-1068
-1017
-959
-736
-303
7
168
180
86
316
587
516
355
229
155
234
286
306
188
-131
-503
-636
-608
-467
-609
-804
-1050
-1240
-1176
-1218
-892
-451
-508
-422
-509
-18
459
964
1289
1568
1829
1866
2433
2484
3185
3090
2878
3269
2606
2697
3072
3377
3646
3220
2652
2604
2642
2129
2031
1611
1053
1147
651
400
143
-643
-1193
-1343
-1136
-1225
-1509
-2096
-2420
-2366
-2440
-2019
-1721
-1728
-2147
-2470
-2069
-1705
-1115
-981
-949
-854
-793
-397
-50
230
322
396
433
631
979
964
990
986
977
1133
1159
1018
779
585
510
515
490
438
226
-224
-586
-699
-754
-756
-1008
-1190
-1561
-1704
-1742
-1625
-1452
-1229
-1256
-1448
-1210
-819
-436
-11
322
368
683
741
1133
1391
1499
1154
1680
1125
937
1596
1662
1969
1485
970
844
1040
662
409
-8
-558
-456
-653
-1088
-1168
-1880
-2431
-2601
-2381
-2261
-2605
-3049
-3409
-3183
-2968
-2657
-2409
-2288
-2400
-2744
-2401
-1698
-959
-824
-809
-582
-375
189
661
1029
1142
1432
1723
1914
2285
2538
2600
2596
2801
3188
3250
2982
2803
2809
2832
2921
2926
2748
2501
2156
1785
1663
1557
1486
1163
842
576
374
256
124
-1
-88
-143
-206
-20
-18
324
260
114
339
588
806
922
979
906
502
450
650
-106
283
453
707
483
-135
-508
-584
-729
-1121
-1015
-1694
-1851
-1977
-2700
-2857
-3015
-3420
-3613
-3619
-3635
-3861
-4150
-4455
-4264
-4071
-3837
-3504
-3429
-3285
-3567
-3630
-3000
-2280
-1630
-1693
-1650
-1392
-979
-267
215
544
604
870
1043
1383
1879
2114
2263
2264
2506
2824
2744
2540
2545
2738
2874
3000
2923
2708
2490
2183
2197
2195
2244
2145
1713
1366
1288
1405
1244
1232
1321
1450
1200
1187
1317
1704
1862
2054
2259
2222
2427
2424
2378
2534
2100
2025
2373
1484
1601
1720
1513
1626
1059
350
325
221
-406
-442
-1222
-1731
-1680
-2294
-2596
-2784
-3496
-3970
-4130
-4114
-4140
-4381
-4810
-4859
-4700
-4634
-4237
-4200
-4010
-4109
-4308
-3839
-3132
-2593
-2314
-2461
-2342
-1833
-1279
-635
-357
-378
-224
127
432
949
1205
1253
1250
1371
1727
2016
1905
1754
1792
1973
2190
2284
2213
2042
1846
1616
1707
1809
1902
1582
1198
1042
1141
1208
1394
1460
1334
1218
1451
1614
2006
2314
2163
2193
2276
2547
2796
2859
2707
2315
1975
2213
1514
1584
1728
1667
1652
795
338
204
13
-541
-618
-1214
-1732
-1772
-2523
-2817
-2923
-3472
-3712
-3841
-3816
-3960
-4183
-4426
-4353
-4028
-3858
-3442
-3268
-3127
-3144
-3343
-2693
-1942
-1417
-1063
-1257
-1131
-797
-187
502
788
801
737
963
1113
1551
1831
1846
1761
1684
1890
1910
1733
1594
1516
1574
1606
1603
1456
1234
948
801
793
949
1011
717
423
131
275
468
804
981
919
751
866
1303
1779
2066
2184
2221
2481
2670
2764
2802
2823
2177
2276
2259
1308
1844
1590
1500
1381
508
23
12
-501
-1038
-1229
-2218
-2358
-2519
-3298
-3416
-3831
-4514
-4691
-4778
-4766
-4838
-5070
-5322
-5164
-4912
-4607
-4009
-3888
-3708
-3815
-3838
-2867
-2083
-1449
-1172
-1298
-1071
-607
165
980
1323
1277
1357
1605
1910
2449
2564
2584
2565
2548
2733
2700
2588
2378
2243
2214
2279
2340
2161
1815
1513
1293
1400
1519
1512
1230
1024
800
944
1097
1351
1593
1509
1526
1682
2082
2551
2838
3020
3226
3429
3468
3379
3676
3266
3029
3132
2192
1911
2263
1814
1974
1255
204
-93
-387
-1074
-1135
-1944
-2841
-2943
-3682
-4098
-4170
-4883
-5394
-5629
-5820
-5721
-5719
-5838
-5894
-5784
-5570
-5063
-4498
-4119
-4095
-4203
-3709
-2913
-1941
-1415
-1351
-1139
-859
-344
509
1099
1328
1391
1467
1682
2217
2510
2612
2642
2413
2476
2538
2423
2348
2198
1998
1798
1802
1753
1599
1237
828
646
622
740
680
586
277
150
252
517
898
1113
1216
1254
1541
1881
2349
2718
3097
3403
3688
3575
3817
3797
3394
3733
3112
2395
3128
2804
2910
2546
1392
851
671
-18
-200
-528
-1697
-2047
-2816
-3576
-3528
-4123
-4699
-5012
-5412
-5643
-5748
-5760
-5787
-5644
-5591
-5345
-4855
-4436
-4207
-4344
-3797
-3278
-2560
-1697
-1368
-889
-664
-462
165
908
1445
1828
2021
1950
2250
2525
2781
3160
3128
3063
2929
2706
2610
2588
2529
2341
2154
1872
1699
1489
1099
920
526
437
558
251
420
-5
-192
-212
31
324
462
972
740
1105
1304
1636
2135
2338
2742
2576
2901
2875
2385
2692
2190
1229
1776
1597
1851
1923
750
-88
-295
-1163
-1352
-1253
-2219
-2421
-3110
-4139
-4227
-4533
-5007
-5074
-5338
-5448
-5576
-5643
-5628
-5280
-5081
-4762
-4202
-3701
-3217
-3321
-2947
-2501
-1482
-672
40
577
763
941
1210
1879
2592
3206
3563
3545
3538
3578
3703
4089
4258
4303
4195
3804
3505
3358
3274
3135
3045
2841
2564
2316
1840
1545
1313
1164
1214
1045
993
860
566
419
534
604
1099
1313
1497
1541
1512
1619
1997
2415
2749
2852
2687
2243
1660
1818
867
400
907
563
883
242
-1028
-1610
-2207
-3043
-2996
-3292
-3987
-4187
-5247
-6004
-6008
-6662
-6850
-6812
-6964
-6847
-7071
-7168
-7023
-6562
-6218
-5592
-4798
-4155
-3821
-4136
-3377
-2631
-1541
-447
24
546
779
977
1515
2161
2814
3325
3681
3710
3998
4120
4014
4268
4377
4553
4511
4257
4044
3730
3585
3374
3388
3442
3412
3071
2625
2383
2098
2353
2391
2493
2574
2399
2135
2351
2298
2624
3085
3260
3543
3857
3635
3857
4215
4370
4735
4793
4557
4114
3423
3147
2055
1479
1662
1274
1515
606
-650
-1416
-2572
-3538
-3622
-4256
-4805
-5103
-6229
-6968
-7255
-8112
-8347
-8320
-8500
-8369
-8441
-8405
-8244
-7874
-7624
-6895
-6066
-5212
-4826
-4709
-3880
-3320
-2366
-1366
-599
178
620
864
1368
1816
2296
2711
3178
3438
3812
3881
3788
3882
3739
3736
3704
3583
3466
3205
2951
2596
2494
2333
2266
2090
1849
1765
1457
1598
1495
1775
1810
1758
1913
2021
2041
2569
3028
3265
3756
3933
4117
4609
4866
5143
5558
5483
5763
5434
4612
4716
3385
2608
2962
2456
2775
2224
737
-8
-1093
-2454
-2565
-3152
-3853
-4073
-5218
-6079
-6285
-7253
-7730
-7836
-8107
-8111
-8122
-8059
-7820
-7505
-7427
-7017
-6277
-5392
-4791
-4595
-3793
-3327
-2595
-1785
-1129
-241
391
622
1064
1356
1718
2072
2391
2655
3004
3097
3017
3134
2994
2836
2607
2374
2279
2194
2100
1816
1626
1354
1111
869
808
892
862
813
793
802
1059
1039
1316
1533
1671
2189
2301
2700
3353
3357
3978
4361
4595
5452
5396
5530
5641
5317
4652
4731
3633
2808
3382
2678
2897
2633
1084
434
-550
-1798
-1936
-2540
-3358
-3816
-4571
-5393
-5591
-6397
-7012
-7127
-7672
-7840
-7833
-7686
-7343
-7027
-6865
-6628
-5978
-5308
-4902
-4299
-3703
-3045
-2244
-1564
-836
-89
407
699
1297
1645
1950
2397
2610
2976
3218
3211
3360
3516
3475
3325
3104
2789
2572
2468
2335
2241
2153
1842
1531
1261
1055
1001
921
923
957
986
1081
1180
1169
1329
1325
1638
2006
2278
2770
3111
3342
3565
3866
4117
4608
4877
5062
5052
4678
4193
4100
2873
2779
2688
2453
2972
2320
1360
806
-439
-1096
-1444
-2323
-2685
-2916
-3543
-3983
-4525
-5313
-5638
-6250
-6968
-6930
-6830
-6498
-6129
-6076
-6044
-5986
-5772
-5405
-5029
-4442
-3852
-3201
-2449
-2020
-1549
-990
-640
-214
297
618
1180
1656
1808
1985
2083
2274
2662
2670
2611
2728
2568
2477
2317
2008
1993
2187
2192
2277
2065
1742
1713
1648
1607
1500
1237
1254
1177
1377
1359
768
458
330
1000
444
428
577
729
1289
1033
1319
1371
1478
1728
1839
1903
1846
2383
2729
2661
2510
1972
2335
2767
2764
2612
2432
2297
2203
1901
1091
621
101
30
-28
-530
-1052
-1485
-1878
-2394
-2925
-3426
-3578
-3510
-3422
-3420
-3452
-3519
-3389
-3327
-3227
-3178
-3124
-2931
-2763
-2412
-2174
-1848
-1610
-1566
-1358
-1206
-979
-769
-542
-443
-463
-375
-219
34
15
-19
-204
-406
-422
-428
-501
-585
-640
-722
-649
-773
-943
-1146
-1291
-1327
-1359
-1414
-1481
-1488
-1468
-1377
-1329
-1359
-1320
-1151
-906
-559
-216
123
411
718
1052
1348
1698
2034
2378
2710
3044
3323
3639
3894
4071
4177
4248
4215
4235
4188
4124
4112
4017
3902
3799
3635
3318
2955
2573
2151
1857
1600
1278
1066
773
511
313
-10
-303
-599
-869
-1050
-1230
-1397
-1495
-1437
-1401
-1419
-1439
-1536
-1570
-1641
-1718
-1767
-1762
-1702
-1671
-1638
-1652
-1698
-1802
-1997
-2147
-2348
-2510
-2676
-2848
-2877
-2883
-2895
-2909
-3012
-3184
-3377
-3456
-3434
-3337
-3208
-3071
-2836
-2621
-2467
-2366
-2305
-2220
-2027
-1792
-1479
-1105
-749
-410
-130
101
261
511
728
978
1297
1535
1868
2198
2504
2783
2906
2996
3109
3179
3272
3323
3400
3544
3627
3670
3664
3526
3328
3101
2792
2541
2432
2454
2601
2747
2753
2697
2578
2389
2129
1787
1501
1409
1382
1512
1632
1657
1529
1171
816
437
158
-31
-162
-75
74
150
150
-12
-381
-759
-1110
-1417
-1629
-1764
-1835
-1808
-1772
-1894
-2179
-2633
-3028
-3330
-3477
-3535
-3577
-3534
-3454
-3384
-3431
-3582
-3767
-3956
-4007
-3927
-3749
-3417
-3148
-2876
-2628
-2542
-2426
-2302
-2136
-1804
-1470
-1141
-848
-614
-342
-84
103
254
445
582
719
861
1045
1275
1494
1676
1789
1858
1981
2065
2140
2189
2161
2268
2457
2646
2823
2969
3027
3173
3269
3361
3406
3370
3371
3447
3456
3471
3365
3213
3215
3264
3357
3317
3134
2889
2592
2303
1967
1521
1106
757
585
486
337
-18
-592
-1238
-1859
-2356
-2627
-2681
-2526
-2400
-2395
-2605
-2961
-3367
-3747
-3997
-4200
-4245
-4078
-3660
-3186
-2828
-3084
-3520
-4013
-4056
-4024
-3839
-3825
-4133
-4176
-3877
-2596
-1866
-2040
-2951
-3610
-3331
-2665
-1864
-1537
-1271
-549
526
1316
889
-189
-1155
-955
153
1071
1518
1677
1809
2044
1090
582
41
-70
940
1879
2578
2769
2940
2301
2193
1558
1386
2304
3106
3927
4479
4632
4855
4696
3824
3685
4141
4804
5684
6027
5693
5159
4238
3787
3211
2425
2122
2284
2753
2932
2449
1403
347
-606
-1404
-1845
-2224
-2442
-2319
-2116
-2107
-2482
-3078
-3632
-4114
-4397
-4557
-4450
-4063
-3493
-2895
-2477
-2368
-2531
-2758
-2960
-3063
-3062
-2852
-2297
-1652
-1246
-1121
-1308
-1389
-1864
-2239
-2428
-2634
-2337
-1995
-1446
-1490
-1360
-1412
-1617
-1974
-2252
-2178
-2261
-2142
-1851
-1243
-1520
-1046
-245
-752
-585
-1050
-1329
-805
-663
154
1141
1891
1735
2572
1902
1792
2574
2338
2624
3569
4116
4810
5539
5543
5530
5461
5225
5257
5701
5894
6525
6912
7057
7296
7077
6654
6142
5308
4324
3445
2816
2605
2725
3032
3026
2310
1288
311
-899
-1904
-2704
-3237
-3453
-3275
-2731
-2496
-2826
-3597
-4513
-5227
-5608
-5597
-5373
-4793
-4261
-3864
-3592
-3442
-3402
-3449
-3569
-3790
-4064
-4217
-3997
-3511
-3063
-2801
-2672
-2782
-3010
-3393
-3789
-4037
-4219
-4287
-4064
-3599
-3062
-2605
-2398
-2546
-2904
-3292
-3234
-2946
-2574
-2108
-1479
-685
140
690
485
661
730
1045
1618
1951
3026
3844
4609
5312
5498
5485
5864
6145
6556
6552
6504
7239
7873
8431
8639
8597
8260
8284
7989
7534
7215
6619
6301
5739
4628
3379
1880
1103
859
688
136
-609
-1334
-2204
-3053
-4019
-4883
-5752
-6065
-5819
-5330
-4928
-4808
-4974
-5162
-5267
-5407
-5350
-5089
-4581
-3969
-3276
-2547
-1889
-1386
-1166
-1164
-1565
-1981
-2167
-2113
-1855
-1667
-1513
-1494
-1625
-2001
-2611
-3356
-3991
-4465
-4610
-4448
-4074
-3768
-3603
-3479
-3474
-3534
-3627
-3543
-3437
-3070
-2646
-2233
-1475
-602
341
1256
1997
2364
2594
2868
3068
3641
4177
4756
5565
6329
7106
7681
7903
7730
7603
7437
7398
7560
7688
8042
8294
8310
8056
7360
6286
4721
3098
1417
415
6
-118
62
-114
-498
-1197
-2145
-3253
-4431
-5530
-6320
-6466
-6089
-5506
-4861
-4209
-3621
-3179
-3012
-3019
-3144
-3117
-2905
-2327
-1558
-585
287
1066
1557
1659
1472
1003
603
47
-390
-882
-1353
-1607
-1825
-1957
-2149
-2506
-2986
-3532
-4021
-4454
-4861
-5089
-5150
-5028
-4806
-4469
-4117
-3713
-3309
-2911
-2430
-2029
-1633
-1165
-589
137
1007
1938
2897
3793
4526
5098
5566
5900
6120
6459
6753
7230
7631
8006
8331
8573
8818
8762
8487
7819
7001
6047
4883
3423
1888
575
-76
-370
-545
-857
-1444
-2030
-2802
-3533
-4522
-5531
-6379
-6795
-6615
-6242
-5743
-5223
-4531
-3770
-3178
-2856
-2636
-2431
-2178
-1815
-1302
-703
8
736
1446
1960
2082
1942
1708
1329
807
104
-672
-1241
-1721
-2086
-2375
-2669
-3022
-3318
-3549
-3761
-3994
-4258
-4482
-4746
-4986
-5139
-5022
-4598
-4023
-3297
-2592
-1912
-1279
-744
-244
152
557
1020
1657
2401
3194
3919
4652
5327
5948
6365
6604
6730
6757
6867
6998
7200
7457
7756
7892
7914
7497
6847
5969
4842
3221
1425
-252
-1380
-1843
-2087
-2138
-2396
-2657
-3068
-3538
-4244
-5118
-5931
-6490
-6631
-6616
-6358
-5826
-5014
-3997
-3093
-2323
-1671
-1091
-517
-104
256
558
884
1267
1697
2068
2380
2682
2885
2835
2464
1806
1032
285
-486
-1162
-1871
-2406
-2795
-3108
-3192
-3282
-3252
-3243
-3254
-3446
-3810
-4241
-4576
-4595
-4503
-4194
-3744
-3093
-2226
-1409
-559
164
750
1270
1551
1808
1945
2199
2605
3181
3924
4547
5255
5736
6188
6443
6568
6695
6744
6815
6579
6290
5856
5560
5105
4352
3053
1493
65
-1010
-1564
-2145
-2554
-2993
-3287
-3535
-3857
-4223
-4690
-4992
-5216
-5298
-5279
-5130
-4641
-3975
-3280
-2662
-2119
-1261
-321
600
1384
1945
2526
2974
3332
3465
3394
3467
3413
3498
3407
3060
2679
2133
1685
1025
365
-390
-1146
-1701
-2315
-2680
-2942
-3031
-3027
-3171
-3268
-3443
-3601
-3706
-3891
-3965
-4008
-3854
-3561
-3194
-2683
-2096
-1360
-632
55
640
1081
1482
1662
1896
2044
2231
2539
2887
3372
3899
4499
5036
5548
5874
6099
6089
5832
5448
4871
4186
3203
1746
355
-979
-1707
-2123
-2549
-2715
-3038
-3090
-3214
-3380
-3692
-4199
-4511
-4931
-5055
-5135
-4936
-4304
-3677
-2852
-2158
-1368
-321
597
1535
2192
2734
3261
3567
3816
3776
3819
3836
3913
3908
3673
3438
3075
2784
2300
1667
957
187
-455
-1035
-1529
-1889
-2156
-2249
-2292
-2346
-2358
-2392
-2435
-2524
-2601
-2723
-2857
-2884
-2813
-2502
-2085
-1548
-912
-293
371
935
1409
1672
1812
1884
1884
1900
1866
1926
2052
2356
2859
3406
3982
4345
4710
4846
4803
4426
3837
3062
1956
556
-1055
-2277
-3215
-3600
-4022
-4255
-4380
-4433
-4278
-4404
-4494
-4796
-5073
-5312
-5556
-5660
-5634
-5263
-4675
-4009
-3166
-2235
-1054
156
1196
2111
2746
3324
3714
3882
3887
3794
3758
3714
3654
3558
3429
3271
3104
2818
2415
1922
1371
803
198
-392
-906
-1250
-1484
-1633
-1682
-1642
-1541
-1495
-1472
-1488
-1544
-1596
-1663
-1660
-1572
-1414
-1152
-780
-336
165
684
1227
1629
1988
2256
2397
2555
2488
2468
2417
2457
2710
2970
3422
3768
4176
4429
4594
4502
4159
3550
2552
1029
-683
-2151
-3364
-4046
-4805
-5122
-5237
-5104
-4739
-4643
-4404
-4512
-4602
-4849
-5227
-5461
-5675
-5480
-5176
-4742
-3978
-3067
-1799
-502
681
1788
2570
3286
3705
3829
3839
3612
3506
3281
2985
2821
2553
2478
2264
2056
1844
1574
1369
927
517
-11
-464
-804
-1183
-1411
-1598
-1622
-1587
-1593
-1489
-1304
-1081
-880
-705
-511
-345
-192
4
259
588
937
1356
1747
2124
2454
2720
2972
3090
3204
3247
3325
3355
3421
3567
3719
3931
4030
4165
4197
4106
3859
3250
2413
930
-581
-1963
-3149
-3950
-4877
-5318
-5660
-5664
-5475
-5377
-5056
-5029
-4896
-4958
-5135
-5170
-5272
-5073
-4879
-4560
-3968
-3246
-2139
-1019
176
1335
2226
3075
3590
3840
3874
3605
3463
3118
2802
2515
2153
1989
1672
1538
1362
1166
998
697
516
185
-126
-363
-602
-753
-944
-1034
-1098
-1151
-1050
-940
-773
-651
-441
-151
141
481
790
1172
1514
1828
2082
2326
2540
2732
2893
3034
3182
3309
3408
3423
3516
3673
3803
3972
4048
4080
4057
3852
3601
2952
2183
885
-759
-2139
-3578
-4453
-5538
-6279
-6645
-6948
-6664
-6708
-6415
-6304
-6288
-6095
-6332
-6235
-6287
-6102
-5769
-5614
-4999
-4355
-3323
-2110
-947
378
1454
2481
3245
3706
3905
3801
3634
3438
3105
2823
2491
2135
1839
1551
1448
1247
1094
940
725
529
208
-24
-202
-439
-602
-796
-922
-997
-1026
-823
-661
-427
-191
64
408
655
958
1290
1588
1936
2265
2600
2903
3108
3352
3543
3726
3797
3863
3911
3826
3857
3880
4026
4115
4183
4338
4266
4073
3518
2792
1729
49
-1508
-3039
-4163
-5168
-6238
-6790
-7292
-7226
-7119
-6903
-6568
-6489
-6141
-6162
-6138
-6164
-6190
-5923
-5859
-5464
-4840
-3935
-2701
-1515
-171
1021
2088
3019
3608
3968
3955
3826
3670
3265
2969
2562
2216
1915
1506
1374
1102
994
811
656
523
171
0
-267
-438
-663
-911
-1039
-1197
-1232
-1141
-883
-636
-417
-137
183
505
843
1223
1653
2068
2478
2880
3230
3511
3737
4031
4291
4469
4575
4675
4716
4733
4813
4844
4959
5033
5148
5218
5051
4684
4035
3219
1788
311
-1092
-2389
-3450
-4693
-5462
-6084
-6310
-6311
-6263
-5989
-5932
-5585
-5470
-5410
-5314
-5377
-5205
-5253
-5156
-4776
-4187
-3288
-2345
-1206
-53
1081
2173
2958
3504
3659
3608
3513
3110
2782
2299
1819
1387
866
643
351
282
226
174
157
-74
-149
-338
-532
-776
-1094
-1259
-1514
-1631
-1672
-1560
-1325
-1136
-785
-403
-6
393
755
1162
1496
1853
2224
2553
2854
3158
3449
3669
3872
4038
4165
4199
4217
4248
4364
4466
4561
4708
4735
4632
4307
3731
2913
1604
136
-1222
-2495
-3593
-4785
-5594
-6177
-6422
-6402
-6385
-6096
-6029
-5729
-5531
-5421
-5233
-5268
-5143
-5180
-5079
-4689
-4209
-3399
-2545
-1499
-379
705
1892
2733
3429
3631
3703
3651
3280
2965
2359
1940
1356
857
534
311
289
204
322
285
291
310
310
293
29
-208
-486
-703
-870
-974
-897
-805
-613
-364
4
402
764
1187
1507
1867
2188
2488
2698
2789
2955
3009
3100
3149
3273
3350
3413
3493
3532
3683
3754
3913
4047
4088
3957
3598
3057
2250
1052
-313
-1555
-2699
-3706
-4775
-5567
-6188
-6498
-6596
-6589
-6392
-6357
-6048
-5851
-5669
-5424
-5329
-5181
-5180
-5111
-4844
-4419
-3742
-2967
-2021
-1051
-34
1102
2025
2824
3160
3358
3405
3171
2957
2492
2101
1552
1123
775
525
444
338
447
467
617
771
962
1054
950
856
641
462
242
112
90
70
204
401
770
1188
1621
2083
2453
2849
3219
3587
3816
3931
4020
4075
4016
3893
3876
3808
3752
3748
3819
3947
4164
4389
4603
4626
4463
4139
3543
2614
1262
-44
-1353
-2501
-3615
-4665
-5415
-6027
-6249
-6346
-6213
-6083
-6012
-5790
-5714
-5546
-5475
-5396
-5391
-5504
-5444
-5333
-4947
-4410
-3687
-2817
-1976
-968
-29
858
1524
1959
2252
2252
2167
1872
1551
1170
769
410
82
-54
-159
-60
31
171
389
570
866
997
1066
1009
905
796
592
510
395
441
488
655
1033
1364
1824
2253
2731
3194
3587
4036
4304
4544
4689
4711
4694
4537
4471
4373
4266
4253
4193
4320
4425
4649
4861
4893
4896
4568
4061
3077
1722
421
-917
-2109
-3408
-4608
-5508
-6201
-6448
-6588
-6458
-6342
-6215
-5931
-5825
-5584
-5516
-5532
-5679
-5961
-6031
-6032
-5759
-5311
-4674
-3833
-2991
-1922
-962
-147
629
1096
1492
1539
1478
1290
922
579
83
-232
-603
-694
-702
-640
-346
-184
136
380
734
972
1002
1000
864
740
505
413
353
265
279
357
657
951
1402
1933
2400
2875
3289
3711
3996
4247
4417
4421
4371
4221
4199
4164
4079
4118
4210
4390
4582
4886
5144
5269
5291
4946
4360
3280
1965
747
-521
-1739
-2973
-4068
-4951
-5505
-5787
-5908
-5853
-5812
-5639
-5465
-5306
-5094
-5033
-5088
-5283
-5448
-5534
-5479
-5233
-4852
-4272
-3602
-2772
-1795
-854
46
798
1358
1736
1874
1887
1651
1276
783
268
-152
-500
-568
-635
-558
-432
-227
80
333
660
771
803
696
511
313
40
-77
-274
-406
-458
-377
-88
234
741
1231
1729
2242
2751
3217
3592
3922
4059
4061
3997
3971
3970
3915
3874
3898
4017
4214
4543
4921
5223
5452
5522
5335
4715
3797
2592
1353
142
-1124
-2228
-3322
-4102
-4589
-4847
-4926
-4920
-4790
-4675
-4444
-4251
-4106
-4028
-4134
-4313
-4545
-4709
-4736
-4609
-4327
-3893
-3294
-2566
-1677
-867
-60
656
1142
1514
1653
1634
1391
1005
496
19
-418
-717
-816
-942
-864
-707
-455
-161
148
475
637
717
629
510
262
22
-169
-449
-614
-699
-573
-337
12
473
958
1447
1939
2475
2918
3372
3711
3842
3901
3902
3917
3908
3827
3814
3856
3971
4204
4540
4897
5211
5488
5548
5324
4759
3899
2862
1743
606
-583
-1746
-2808
-3578
-4033
-4238
-4261
-4130
-3940
-3719
-3451
-3235
-3071
-3083
-3230
-3493
-3749
-3950
-4063
-4014
-3890
-3603
-3203
-2614
-1914
-1170
-363
230
747
1085
1198
1161
896
428
-159
-750
-1264
-1552
-1783
-1869
-1780
-1613
-1304
-889
-437
-105
153
220
146
-51
-312
-505
-825
-1124
-1368
-1469
-1398
-1169
-770
-365
104
591
1116
1635
2080
2475
2710
2764
2781
2804
2834
2827
2790
2789
2839
2994
3229
3578
3946
4337
4637
4683
4393
3870
3128
2156
1260
213
-822
-1791
-2622
-3168
-3507
-3610
-3575
-3371
-3182
-2813
-2402
-2117
-1863
-1785
-1841
-2010
-2220
-2420
-2556
-2620
-2563
-2355
-1997
-1489
-897
-174
433
968
1433
1715
1849
1762
1456
955
339
-317
-807
-1229
-1535
-1650
-1621
-1425
-1081
-604
-151
246
509
622
556
326
67
-300
-741
-1183
-1510
-1671
-1625
-1389
-1055
-613
-136
384
875
1339
1765
2030
2152
2112
2050
1947
1849
1764
1694
1707
1791
1994
2326
2699
3078
3512
3766
3827
3583
3096
2432
1560
686
-255
-1191
-2086
-2790
-3204
-3449
-3481
-3320
-3026
-2639
-2195
-1749
-1401
-1157
-1029
-1084
-1205
-1378
-1542
-1660
-1743
-1711
-1537
-1190
-729
-131
498
1072
1650
2123
2478
2637
2595
2339
1833
1241
617
63
-449
-851
-1103
-1179
-1057
-770
-335
116
526
853
1027
1034
911
668
312
-168
-683
-1086
-1351
-1436
-1327
-1077
-710
-241
288
783
1297
1703
1980
2099
2081
1960
1758
1588
1341
1187
1086
1063
1181
1357
1648
2000
2320
2472
2423
2182
1776
1181
440
-415
-1354
-2228
-2974
-3559
-3941
-4132
-4122
-3930
-3581
-3116
-2574
-2099
-1738
-1476
-1326
-1284
-1305
-1401
-1538
-1669
-1756
-1742
-1603
-1271
-831
-294
251
816
1386
1895
2274
2451
2418
2173
1774
1273
765
284
-164
-534
-764
-813
-643
-321
57
469
861
1203
1434
1533
1477
1313
991
573
161
-218
-471
-618
-598
-425
-123
285
745
1224
1629
1949
2177
2255
2223
2060
1828
1523
1185
886
671
618
639
779
980
1157
1298
1311
1184
910
458
-106
-782
-1546
-2270
-2897
-3418
-3855
-4137
-4236
-4131
-3842
-3441
-2935
-2463
-2024
-1659
-1416
-1234
-1164
-1180
-1261
-1387
-1449
-1496
-1446
-1283
-1021
-633
-199
303
812
1295
1697
1954
2023
1980
1841
1569
1191
784
429
128
-87
-168
-81
124
420
777
1169
1561
1895
2100
2158
2064
1874
1598
1235
845
504
242
82
54
147
329
633
967
1271
1562
1769
1875
1860
1718
1508
1194
840
501
187
-17
-139
-149
-92
-14
55
90
41
-109
-310
-657
-1149
-1659
-2196
-2684
-3095
-3485
-3741
-3892
-3883
-3698
-3374
-2978
-2540
-2065
-1678
-1323
-1051
-871
-791
-831
-902
-960
-997
-1023
-966
-828
-634
-312
59
481
905
1290
1604
1816
1950
1994
1944
1762
1525
1291
1056
896
813
806
917
1112
1387
1686
2015
2320
2571
2713
2721
2660
2497
2276
2003
1682
1363
1113
929
831
816
890
1003
1144
1296
1440
1531
1552
1514
1352
1154
902
609
296
9
-222
-396
-509
-574
-629
-659
-727
-848
-979
-1232
-1576
-1963
-2380
-2768
-3104
-3438
-3703
-3876
-3936
-3853
-3694
-3446
-3179
-2861
-2555
-2289
-2017
-1839
-1711
-1677
-1671
-1656
-1637
-1578
-1533
-1466
-1346
-1139
-844
-526
-175
167
487
750
972
1159
1260
1333
1321
1256
1229
1232
1299
1380
1488
1639
1847
2119
2378
2644
2854
3001
3086
3074
3039
2954
2798
2597
2368
2160
2001
1885
1793
1722
1680
1657
1686
1720
1703
1692
1611
1489
1320
1118
904
655
386
112
-141
-358
-538
-692
-819
-954
-1114
-1271
-1514
-1835
-2150
-2488
-2807
-3096
-3375
-3634
-3824
-3921
-3924
-3860
-3758
-3590
-3382
-3185
-2979
-2763
-2599
-2488
-2431
-2392
-2367
-2295
-2227
-2150
-2056
-1929
-1735
-1498
-1206
-903
-590
-293
-14
253
496
702
853
947
1021
1102
1216
1345
1487
1650
1798
1965
2204
2470
2716
2903
3057
3159
3202
3219
3223
3196
3127
3048
2937
2836
2749
2672
2573
2452
2354
2250
2165
2111
2052
1957
1853
1742
1610
1468
1294
1099
873
610
362
103
-149
-348
-530
-757
-974
-1185
-1448
-1694
-1952
-2213
-2442
-2653
-2850
-3028
-3159
-3247
-3326
-3381
-3390
-3330
-3265
-3152
-3012
-2909
-2804
-2701
-2607
-2563
-2504
-2428
-2386
-2340
-2269
-2152
-1998
-1839
-1642
-1424
-1201
-946
-659
-383
-112
133
334
521
676
825
973
1117
1254
1399
1539
1692
1865
2026
2170
2320
2438
2521
2585
2639
2677
2682
2671
2653
2627
2597
2575
2533
2465
2380
2299
2240
2188
2146
2094
2026
1949
1873
1789
1687
1604
1501
1371
1234
1064
867
662
470
272
31
-228
-463
-707
-975
-1232
-1463
-1716
-1946
-2113
-2306
-2458
-2569
-2681
-2783
-2855
-2891
-2896
-2889
-2880
-2824
-2785
-2739
-2666
-2602
-2546
-2487
-2429
-2391
-2332
-2250
-2135
-2005
-1853
-1649
-1443
-1223
-982
-743
-523
-302
-81
109
248
390
516
619
684
753
825
912
999
1078
1178
1270
1383
1499
1612
1698
1767
1841
1904
1953
1985
2029
2053
2051
2056
2073
2051
2029
2018
2000
1991
1991
1988
1992
1997
2004
2001
1985
1927
1835
1713
1569
1386
1168
932
658
372
100
-156
-407
-647
-879
-1083
-1260
-1444
-1592
-1735
-1897
-2080
-2269
-2403
-2514
-2632
-2730
-2806
-2839
-2813
-2745
-2677
-2595
-2514
-2425
-2336
-2261
-2184
-2127
-2065
-2009
-1948
-1823
-1693
-1533
-1368
-1202
-1016
-798
-581
-383
-205
-71
52
160
237
299
364
395
429
459
480
535
596
650
723
824
942
1067
1202
1337
1476
1600
1725
1812
1854
1892
1914
1937
1943
1949
1949
1957
1990
2048
2117
2177
2218
2259
2281
2267
2230
2165
2048
1872
1695
1481
1247
1011
779
558
355
178
49
-54
-147
-271
-404
-534
-695
-866
-1043
-1209
-1402
-1600
-1776
-1909
-1999
-2058
-2078
-2080
-2036
-1930
-1817
-1729
-1636
-1592
-1561
-1530
-1500
-1475
-1464
-1414
-1367
-1326
-1262
-1167
-1080
-1005
-916
-809
-734
-654
-577
-526
-491
-475
-463
-490
-522
-528
-546
-558
-546
-492
-418
-334
-218
-73
58
186
327
446
553
654
732
810
896
983
1072
1162
1252
1361
1479
1581
1692
1795
1847
1892
1889
1881
1840
1770
1697
1592
1489
1398
1316
1229
1166
1084
1002
912
815
708
576
429
269
116
-40
-173
-303
-448
-561
-633
-658
-661
-680
-688
-680
-671
-662
-663
-688
-744
-805
-887
-950
-1005
-1030
-1058
-1057
-1042
-1018
-946
-884
-815
-768
-743
-756
-795
-844
-899
-964
-1067
-1170
-1241
-1277
-1291
-1279
-1226
-1167
-1085
-977
-855
-728
-619
-521
-423
-358
-314
-272
-237
-224
-217
-174
-121
-54
36
170
311
474
649
830
995
1121
1204
1251
1261
1239
1122
953
791
623
483
387
346
303
336
411
462
551
618
649
626
588
497
395
275
96
-73
-238
-347
-422
-432
-410
-354
-227
-85
90
258
397
490
532
495
449
411
326
254
185
107
36
5
30
17
12
10
-14
-35
-81
-92
-162
-300
-435
-589
-730
-877
-1007
-1120
-1215
-1266
-1264
-1239
-1179
-1114
-1060
-987
-913
-824
-768
-744
-741
-775
-808
-860
-902
-925
-938
-919
-874
-791
-672
-543
-404
-270
-139
-43
46
102
138
141
110
98
73
57
46
82
153
232
320
407
493
597
656
711
741
740
693
626
573
521
472
440
455
476
543
634
725
832
931
1015
1072
1120
1137
1135
1148
1141
1122
1113
1135
1153
1166
1180
1204
1219
1197
1154
1070
965
845
693
541
377
220
84
-83
-215
-326
-409
-501
-581
-623
-680
-720
-749
-765
-807
-856
-902
-943
-975
-1026
-1040
-1043
-1048
-1043
-1033
-1002
-984
-947
-909
-878
-811
-768
-723
-673
-661
-642
-646
-632
-653
-665
-647
-628
-576
-518
-422
-315
-229
-141
-56
4
44
60
74
44
22
25
26
54
84
165
271
385
532
667
815
947
1078
1181
1250
1305
1307
1339
1341
1331
1326
1345
1381
1387
1389
1389
1407
1384
1338
1263
1175
1084
954
806
626
465
301
139
7
-101
-190
-253
-305
-375
-402
-428
-480
-562
-635
-691
-804
-866
-944
-1040
-1108
-1178
-1205
-1250
-1275
-1277
-1252
-1238
-1229
-1169
-1116
-1063
-1023
-1018
-1011
-1026
-1046
-1060
-1081
-1110
-1126
-1110
-1085
-1044
-984
-907
-814
-720
-628
-541
-451
-384
-334
-286
-256
-227
-213
-177
-146
-85
33
152
301
437
597
744
870
1000
1115
1205
1278
1359
1443
1507
1565
1628
1666
1721
1743
1757
1786
1775
1728
1655
1584
1492
1377
1233
1115
965
819
693
590
470
358
283
222
142
53
-28
-132
-219
-313
-385
-490
-598
-680
-758
-845
-932
-991
-1049
-1057
-1067
-1077
-1061
-1050
-1021
-977
-961
-951
-956
-964
-976
-985
-1016
-1042
-1047
-1084
-1142
-1130
-1101
-1100
-1062
-1007
-945
-922
-881
-794
-738
-719
-684
-639
-625
-592
-538
-520
-499
-388
-259
-142
-6
143
299
448
615
759
877
1004
1106
1179
1264
1356
1441
1492
1529
1600
1655
1676
1704
1679
1646
1585
1500
1411
1292
1197
1058
922
809
731
676
591
507
440
361
306
230
137
52
-40
-114
-205
-257
-297
-350
-407
-464
-480
-514
-531
-542
-559
-583
-586
-591
-603
-607
-620
-627
-641
-642
-657
-653
-661
-635
-631
-661
-689
-724
-750
-782
-784
-818
-837
-847
-847
-814
-785
-774
-777
-758
-733
-712
-665
-617
-554
-464
-391
-291
-201
-101
16
125
243
367
511
658
780
875
955
1028
1104
1152
1199
1237
1238
1229
1216
1200
1156
1082
1018
940
880
841
779
702
650
597
525
459
393
333
225
141
81
19
-47
-96
-131
-184
-199
-173
-168
-176
-183
-186
-182
-173
-161
-194
-251
-306
-353
-401
-413
-431
-465
-472
-458
-427
-444
-452
-453
-507
-558
-577
-608
-645
-669
-718
-767
-813
-840
-876
-919
-956
-966
-997
-989
-952
-933
-899
-846
-739
-639
-532
-416
-294
-176
-58
50
127
213
341
432
514
599
705
798
874
960
986
1005
1035
1075
1046
1001
984
918
841
774
701
616
516
450
396
355
317
289
275
273
275
234
198
176
124
37
-15
-44
-84
-132
-163
-186
-218
-220
-238
-243
-252
-223
-184
-191
-190
-189
-191
-205
-235
-282
-351
-413
-467
-527
-583
-629
-680
-724
-726
-728
-721
-715
-703
-690
-665
-624
-598
-571
-566
-566
-565
-530
-500
-453
-415
-354
-253
-137
-28
90
195
361
389
362
504
585
595
656
765
800
832
958
951
882
870
781
844
825
803
765
685
599
446
400
287
139
71
28
52
68
69
12
-65
-10
-53
-89
-99
-85
-47
-34
42
44
24
24
8
24
35
52
85
114
182
241
228
201
177
106
45
-13
-72
-139
-208
-267
-307
-341
-400
-472
-544
-592
-582
-550
-526
-517
-516
-503
-506
-546
-570
-571
-566
-544
-498
-431
-371
-309
-269
-212
-140
-48
33
117
234
360
448
499
570
624
648
680
698
698
712
699
709
732
750
745
715
689
669
650
635
636
627
606
591
567
519
482
455
433
399
369
377
367
346
347
349
324
292
295
284
279
296
290
267
224
209
198
150
124
102
85
73
41
7
-38
-105
-162
-198
-248
-284
-342
-385
-428
-454
-452
-459
-436
-433
-410
-393
-360
-328
-305
-289
-292
-282
-281
-278
-252
-218
-193
-134
-61
22
82
179
270
345
453
512
563
626
660
684
686
647
600
572
547
516
484
445
408
386
372
376
376
347
299
273
265
249
227
191
136
82
42
8
-14
-40
-49
-31
0
36
80
108
124
129
129
129
117
94
96
89
89
88
66
62
53
49
34
18
3
1
-17
-32
-46
-63
-89
-126
-136
-144
-129
-107
-102
-115
-110
-112
-124
-170
-199
-208
-206
-194
-155
-142
-149
-119
-99
-55
8
58
126
199
289
363
416
460
449
433
428
418
384
349
318
288
273
250
245
239
211
198
194
192
194
183
176
139
99
53
-9
-57
-110
-146
-170
-182
-170
-155
-113
-92
-74
-24
-8
12
15
9
-5
-34
-69
-123
-162
-215
-259
-276
-263
-244
-217
-170
-127
-90
-81
-53
-27
-17
-18
-24
-46
-79
-112
-127
-129
-151
-149
-145
-129
-95
-77
-52
-30
-12
12
35
38
53
68
72
103
125
139
155
177
177
204
246
274
290
303
335
336
351
356
358
360
369
368
351
328
306
284
261
238
212
180
142
118
94
73
62
46
29
6
-10
-30
-66
-81
-97
-100
-101
-107
-104
-121
-140
-156
-175
-190
-231
-263
-272
-282
-269
-265
-269
-237
-217
-196
-155
-133
-98
-72
-46
-27
-11
10
18
32
31
37
45
54
92
138
167
193
198
199
219
226
238
237
236
240
240
267
263
254
244
247
288
302
335
350
354
370
400
425
424
421
403
391
374
361
342
312
272
257
251
234
217
201
205
198
203
199
188
163
125
109
62
11
-17
-19
-48
-78
-85
-116
-148
-157
-168
-185
-207
-234
-253
-245
-251
-265
-282
-296
-283
-261
-248
-228
-196
-162
-110
-63
-32
13
32
36
61
75
103
119
119
126
118
122
131
155
155
146
168
180
208
200
200
200
194
204
225
241
235
237
265
278
291
289
296
305
286
285
292
296
306
310
337
347
327
313
288
257
224
185
164
143
115
77
43
-2
-30
-55
-75
-108
-135
-166
-206
-234
-272
-307
-323
-346
-372
-373
-378
-376
-378
-366
-351
-355
-345
-319
-310
-299
-293
-276
-265
-247
-227
-204
-171
-147
-101
-59
-6
42
84
128
150
166
196
221
220
231
238
225
229
231
236
251
244
223
207
205
203
213
221
240
239
248
262
269
284
287
283
280
283
301
312
295
292
286
291
273
257
240
220
191
161
150
117
89
54
22
-23
-52
-77
-99
-118
-150
-182
-201
-222
-244
-269
-304
-313
-330
-340
-339
-348
-349
-357
-374
-381
-381
-351
-339
-336
-320
-309
-277
-258
-246
-210
-178
-155
-131
-99
-70
-54
-30
-12
8
22
27
27
27
29
32
49
50
49
53
58
65
64
72
75
68
70
88
86
55
53
68
82
113
137
153
171
186
225
239
236
261
302
338
353
361
367
366
370
369
369
357
338
322
316
287
258
227
216
209
169
148
110
81
36
7
-8
-53
-110
-143
-159
-172
-192
-211
-219
-243
-247
-245
-242
-257
-264
-260
-264
-237
-226
-212
-206
-191
-168
-136
-130
-134
-104
-85
-60
-32
15
42
64
101
134
156
168
175
170
166
159
169
165
143
135
151
155
160
177
188
194
198
217
235
240
265
284
307
319
332
322
323
322
326
335
314
303
289
306
311
314
299
270
268
250
227
190
148
94
44
4
-50
-101
-146
-182
-206
-237
-265
-284
-305
-314
-317
-333
-368
-393
-427
-443
-441
-447
-447
-450
-440
-411
-387
-378
-344
-319
-291
-281
-247
-233
-238
-222
-192
-159
-146
-137
-131
-117
-90
-55
-36
-18
2
12
10
11
9
12
11
3
3
11
15
10
15
25
46
76
101
140
181
213
237
250
284
307
339
360
358
380
401
405
396
407
412
405
405
396
384
350
322
299
255
228
200
165
141
90
35
-17
-78
-130
-186
-255
-304
-362
-398
-437
-465
-502
-525
-543
-575
-588
-616
-630
-650
-646
-635
-607
-614
-607
-583
-553
-532
-524
-512
-494
-473
-455
-411
-392
-373
-360
-341
-307
-279
-239
-197
-166
-141
-103
-78
-49
-33
-5
32
44
62
105
131
162
198
222
247
282
320
359
402
440
499
547
569
607
650
673
703
722
748
771
780
786
790
771
750
741
721
688
654
602
549
497
451
386
323
257
178
108
41
-14
-64
-116
-158
-205
-249
-282
-324
-387
-431
-462
-505
-543
-588
-606
-627
-652
-671
-703
-713
-709
-706
-699
-694
-694
-673
-661
-643
-622
-597
-581
-567
-553
-529
-505
-507
-491
-486
-451
-425
-416
-392
-373
-339
-300
-262
-229
-194
-177
-128
-111
-94
-58
-40
9
67
115
156
195
243
295
328
377
422
465
521
561
594
628
643
671
721
733
745
758
752
745
726
707
678
637
610
561
526
482
441
401
357
317
263
218
166
112
69
35
-16
-74
-116
-162
-194
-248
-294
-332
-379
-392
-409
-431
-446
-447
-466
-481
-471
-489
-507
-520
-523
-519
-528
-529
-544
-542
-548
-538
-527
-522
-524
-522
-515
-518
-515
-497
-480
-467
-435
-432
-409
-393
-349
-313
-295
-269
-250
-219
-179
-135
-79
-54
-20
48
100
143
173
216
252
284
334
366
389
421
463
492
501
519
519
513
523
525
522
513
496
475
445
413
371
336
306
281
261
234
208
184
141
99
67
33
-5
-56
-92
-127
-163
-185
-217
-241
-271
-298
-302
-329
-330
-316
-338
-321
-331
-349
-363
-395
-418
-432
-459
-479
-481
-480
-467
-465
-443
-438
-427
-411
-407
-401
-382
-383
-380
-367
-369
-355
-340
-335
-338
-330
-327
-306
-276
-242
-211
-183
-164
-130
-93
-68
-21
12
63
119
154
194
233
254
294
343
376
418
463
511
544
549
575
588
607
610
604
611
600
584
576
559
556
542
528
503
484
466
434
413
366
347
298
249
189
134
79
32
2
-32
-53
-74
-97
-125
-165
-208
-242
-274
-312
-331
-352
-382
-405
-431
-450
-471
-492
-501
-500
-511
-528
-529
-554
-587
-573
-576
-589
-617
-638
-641
-635
-642
-628
-617
-613
-600
-568
-529
-516
-487
-468
-434
-411
-394
-355
-340
-328
-284
-236
-184
-148
-107
-63
-27
16
46
73
117
150
183
215
257
280
304
333
359
377
384
402
411
428
428
423
421
412
405
391
374
351
330
310
292
267
255
231
219
205
173
162
139
123
102
81
52
10
-8
-34
-62
-103
-143
-172
-188
-202
-210
-209
-218
-228
-230
-254
-280
-318
-362
-407
-460
-485
-525
-574
-589
-604
-627
-637
-639
-639
-628
-610
-580
-560
-546
-532
-536
-522
-510
-503
-485
-480
-457
-431
-393
-352
-308
-264
-211
-156
-113
-51
-11
22
55
104
121
146
160
164
180
190
204
206
232
259
294
314
330
344
357
347
354
352
351
350
357
360
349
339
342
331
321
324
319
331
315
304
295
281
269
258
227
197
171
145
128
129
96
83
62
32
-15
-48
-75
-121
-152
-203
-239
-291
-339
-371
-406
-452
-478
-487
-498
-517
-541
-538
-552
-559
-556
-575
-575
-581
-597
-587
-579
-569
-553
-520
-482
-440
-396
-353
-320
-288
-237
-209
-183
-155
-136
-109
-96
-87
-82
-72
-58
-59
-40
-13
12
35
69
88
111
134
152
165
173
180
176
180
173
170
160
170
167
180
204
217
234
260
286
304
305
315
315
313
319
329
353
348
356
352
325
304
288
276
253
233
205
208
173
130
99
31
-7
-54
-98
-146
-194
-235
-254
-284
-315
-346
-384
-396
-409
-433
-439
-458
-485
-501
-522
-517
-536
-538
-527
-511
-489
-469
-444
-426
-420
-416
-391
-377
-363
-368
-356
-355
-366
-358
-359
-328
-309
-294
-264
-245
-223
-213
-200
-196
-184
-170
-170
-173
-172
-167
-162
-147
-134
-106
-89
-75
-38
2
20
49
84
112
129
138
157
165
166
180
184
199
216
234
243
262
264
278
288
283
282
272
283
247
217
196
165
121
78
15
-39
-67
-93
-130
-147
-159
-184
-210
-224
-247
-264
-288
-288
-301
-307
-297
-311
-309
-309
-308
-310
-304
-303
-288
-266
-257
-252
-224
-230
-209
-206
-211
-205
-210
-214
-202
-189
-185
-170
-176
-179
-183
-172
-186
-187
-189
-198
-184
-173
-169
-171
-156
-143
-113
-90
-72
-53
-43
-6
16
20
54
69
68
70
84
113
133
165
186
235
268
299
336
347
363
388
411
399
398
387
356
323
304
285
261
230
218
206
177
156
142
119
103
96
88
74
58
41
29
4
-21
-37
-67
-78
-91
-92
-84
-100
-100
-102
-106
-118
-116
-115
-119
-138
-136
-144
-147
-158
-183
-200
-220
-227
-239
-234
-229
-217
-205
-197
-195
-203
-198
-198
-203
-204
-203
-201
-209
-207
-193
-168
-145
-138
-115
-81
-47
-27
-14
9
25
56
79
103
126
167
194
233
278
306
341
387
419
431
449
446
441
438
434
436
428
425
413
397
394
394
382
379
389
373
355
341
317
286
249
234
192
151
129
97
77
53
36
12
-4
-15
-25
-21
-22
-50
-60
-63
-80
-104
-110
-120
-139
-158
-178
-205
-231
-259
-266
-268
-283
-285
-302
-314
-319
-352
-368
-393
-420
-437
-452
-469
-490
-502
-505
-500
-499
-501
-498
-476
-452
-421
-401
-387
-370
-341
-318
-293
-254
-221
-183
-145
-103
-63
-8
39
81
137
163
184
192
203
221
246
254
277
295
297
302
303
307
296
300
308
309
300
277
270
255
239
206
190
172
136
139
128
118
104
108
110
102
93
95
81
58
35
2
-3
-45
-75
-89
-116
-147
-168
-175
-188
-210
-226
-234
-248
-273
-309
-331
-352
-386
-413
-434
-456
-492
-538
-557
-574
-593
-600
-577
-581
-573
-548
-536
-509
-492
-464
-427
-411
-394
-360
-338
-316
-283
-243
-190
-153
-105
-49
11
41
77
133
152
180
208
224
241
248
255
267
276
278
281
282
273
281
288
284
286
286
289
282
275
283
288
277
258
262
271
262
272
279
287
282
280
290
279
278
256
262
251
225
205
183
176
170
140
130
115
90
83
68
40
10
-18
-59
-82
-123
-155
-182
-207
-233
-266
-273
-297
-304
-303
-298
-296
-296
-279
-262
-246
-228
-227
-209
-190
-171
-150
-117
-105
-95
-44
-12
26
61
92
133
153
181
204
228
235
245
269
267
252
259
272
288
303
317
334
348
343
334
352
351
341
326
322
334
339
319
314
327
310
300
294
300
296
297
301
305
305
297
302
304
292
284
281
269
264
240
219
215
194
179
171
146
121
94
72
47
16
-16
-52
-79
-127
-153
-179
-203
-217
-222
-228
-262
-276
-284
-300
-323
-329
-310
-305
-290
-286
-278
-278
-272
-251
-223
-202
-182
-129
-119
-95
-80
-69
-44
-39
-33
-23
-9
-4
2
2
7
27
20
24
39
55
53
57
77
106
123
132
145
146
137
124
124
119
116
131
145
151
199
223
234
264
294
317
321
334
346
349
341
352
340
330
317
306
304
285
264
259
238
218
200
164
129
98
70
40
12
-15
-47
-50
-64
-92
-103
-123
-148
-167
-184
-203
-216
-244
-261
-247
-264
-266
-247
-232
-213
-192
-178
-168
-142
-143
-151
-138
-136
-134
-142
-133
-127
-127
-133
-133
-141
-139
-118
-100
-87
-76
-61
-46
-27
-17
-7
-11
-5
-5
18
28
39
65
82
102
132
157
184
211
212
249
293
303
321
344
358
380
395
397
394
407
415
421
431
419
425
435
435
439
437
430
424
408
391
371
338
310
281
259
234
207
185
179
171
158
165
158
145
140
133
137
120
100
80
89
96
91
112
102
89
93
97
108
92
85
76
62
37
35
34
18
9
16
23
21
19
12
4
-6
-20
-22
-20
-37
-22
-14
-17
-9
6
6
2
14
35
46
57
94
113
129
138
170
194
190
210
215
225
230
226
231
235
245
245
253
260
278
275
274
273
273
278
265
259
242
235
222
201
181
166
154
144
131
122
104
80
78
72
67
55
54
46
41
36
14
12
4
-9
-15
-18
-23
-37
-45
-47
-63
-72
-65
-66
-64
-86
-88
-89
-103
-95
-122
-126
-143
-162
-182
-206
-230
-235
-237
-259
-259
-259
-253
-258
-266
-254
-244
-230
-206
-188
-174
-174
-170
-147
-137
-133
-120
-85
-69
-60
-44
-30
-27
-18
3
9
20
25
36
68
83
88
106
115
134
147
153
151
156
168
165
165
156
140
136
111
106
109
108
114
120
131
139
150
152
167
176
180
193
209
214
231
245
248
246
250
255
259
252
254
251
254
255
247
240
237
232
210
193
192
175
149
143
122
113
93
78
67
35
-1
-12
-17
-29
-46
-48
-68
-80
-87
-101
-103
-110
-108
-91
-95
-95
-78
-66
-66
-53
-54
-48
-48
-46
-28
-31
-17
-17
6
18
28
36
43
53
46
55
61
59
50
61
58
52
51
44
42
36
42
49
51
41
51
67
61
78
78
90
102
106
114
121
133
131
139
140
161
170
176
185
195
207
219
210
201
199
188
184
164
164
152
151
143
130
121
105
90
73
56
42
39
21
11
1
-30
-26
-36
-59
-79
-83
-90
-89
-102
-104
-100
-102
-100
-97
-103
-112
-111
-111
-99
-105
-94
-87
-83
-67
-58
-52
-37
-40
-44
-56
-52
-43
-49
-50
-52
-34
-47
-42
-25
-8
-11
-11
-8
3
24
25
30
34
53
49
52
64
57
74
74
76
86
90
106
123
120
121
132
137
156
165
181
191
183
181
183
172
173
173
165
152
151
149
145
138
129
112
98
73
65
49
35
27
4
-14
-32
-49
-74
-90
-105
-119
-133
-153
-178
-189
-189
-204
-220
-210
-222
-212
-229
-218
-215
-239
-237
-245
-249
-261
-249
-249
-247
-245
-249
-250
-252
-249
-250
-248
-239
-223
-209
-192
-184
-170
-162
-161
-137
-128
-126
-94
-88
-70
-62
-57
-29
-16
-1
23
40
57
87
95
113
136
156
173
185
199
216
239
247
256
276
286
299
322
323
323
321
311
306
308
308
310
307
302
314
290
279
268
255
237
211
201
188
175
162
147
140
129
116
114
108
106
87
79
83
78
62
50
31
24
22
10
2
5
3
4
-1
-5
7
1
-15
-12
4
5
0
1
-15
-26
-21
-24
-19
-15
-12
5
0
8
7
6
23
37
50
72
100
121
125
138
164
182
205
210
221
227
254
269
286
295
298
293
287
296
281
289
299
306
292
305
302
304
293
288
291
281
273
263
255
237
219
215
200
168
162
148
127
126
104
91
89
74
77
73
48
32
31
20
-2
-18
-19
-38
-59
-76
-95
-112
-128
-135
-139
-148
-158
-156
-169
-169
-183
-192
-197
-202
-195
-188
-189
-193
-193
-203
-224
-223
-227
-233
-239
-230
-219
-219
-215
-204
-189
-178
-174
-176
-151
-143
-132
-112
-103
-80
-70
-57
-35
-25
-18
-20
14
31
40
49
31
31
29
32
36
28
25
23
18
16
13
-4
-23
-47
-62
-71
-95
-101
-109
-117
-121
-137
-147
-161
-182
-175
-180
-195
-197
-190
-206
-216
-219
-210
-203
-215
-204
-207
-209
-201
-192
-222
-237
-241
-245
-238
-256
-245
-233
-228
-228
-216
-205
-207
-204
-209
-199
-185
-175
-150
-132
-133
-123
-102
-86
-83
-73
-68
-52
-31
-8
12
34
51
71
87
117
127
146
163
176
178
184
199
192
188
181
208
214
208
214
213
206
189
169
160
118
94
91
68
58
54
59
46
27
20
13
2
-13
-22
-28
-32
-37
-36
-39
-48
-58
-51
-44
-43
-39
-32
-25
-32
-35
-30
-32
-28
-25
-29
-34
-34
-19
-25
-20
-23
-16
-6
-4
5
14
24
37
49
68
76
77
88
92
104
104
121
141
131
132
137
136
139
151
172
183
189
210
230
235
251
276
280
293
287
283
294
291
296
305
283
274
256
245
218
201
199
175
171
168
181
174
162
147
147
125
100
95
87
75
66
56
42
32
17
2
-7
0
3
3
-5
-12
-24
-40
-58
-65
-74
-71
-79
-92
-93
-103
-122
-134
-139
-138
-139
-137
-136
-144
-138
-141
-130
-134
-129
-127
-115
-96
-89
-78
-65
-67
-58
-41
-35
-41
-47
-47
-41
-56
-57
-48
-50
-45
-48
-46
-42
-48
-51
-45
-44
-52
-60
-57
-66
-72
-69
-78
-80
-89
-99
-111
-100
-108
-110
-112
-126
-120
-118
-130
-137
-137
-146
-158
-174
-177
-187
-200
-202
-201
-206
-198
-203
-211
-211
-216
-212
-226
-239
-253
-250
-247
-263
-271
-269
-285
-279
-274
-285
-284
-287
-287
-285
-281
-285
-279
-282
-288
-280
-278
-273
-264
-283
-289
-277
-273
-264
-269
-274
-263
-256
-247
-227
-208
-201
-182
-157
-143
-120
-99
-74
-77
-69
-61
-60
-44
-37
-26
-20
4
19
27
30
25
45
50
51
56
63
62
65
71
79
71
61
56
42
38
32
28
22
16
14
11
14
9
12
19
16
32
37
20
21
30
31
22
1
1
1
2
10
13
18
23
20
23
20
21
38
47
43
43
43
28
26
23
22
38
40
54
53
40
38
50
59
56
68
80
76
81
84
96
112
110
128
132
145
148
153
166
171
178
171
163
174
200
176
175
178
171
163
154
171
164
159
156
157
155
173
169
167
166
159
155
161
133
123
119
96
101
87
88
59
42
44
41
35
39
32
14
17
16
0
12
-1
-17
-8
-17
-12
-14
-28
-33
-35
-38
-49
-49
-58
-67
-69
-73
-70
-64
-65
-69
-58
-62
-69
-66
-72
-73
-77
-66
-62
-62
-41
-34
-29
-32
-18
-25
-23
-8
-8
-12
-14
-8
-4
-17
-16
-2
8
13
22
28
37
43
55
85
96
93
97
105
99
95
95
77
67
65
64
43
30
38
24
13
1
0
-31
-53
-75
-97
-106
-141
-151
-165
-177
-197
-217
-233
-243
-252
-271
-266
-290
-291
-291
-304
-304
-304
-298
-312
-300
-293
-283
-277
-268
-266
-264
-264
-252
-240
-258
-264
-256
-270
-291
-292
-275
-269
-277
-262
-256
-250
-237
-232
-242
-252
-252
-246
-253
-258
-236
-222
-217
-221
-221
-216
-209
-205
-194
-184
-183
-171
-160
-158
-160
-153
-157
-172
-176
-179
-163
-165
-183
-161
-149
-151
-163
-147
-129
-135
-135
-119
-117
-124
-127
-136
-144
-148
-137
-135
-139
-128
-109
-115
-112
-106
-95
-75
-79
-74
-54
-50
-69
-67
-59
-58
-63
-66
-57
-52
-53
-36
-11
-1
7
10
24
31
27
38
43
65
75
92
113
118
129
118
128
125
129
140
142
145
151
161
174
186
180
184
197
205
196
190
190
189
192
188
192
177
171
173
176
178
172
175
174
158
152
154
148
145
147
139
135
121
114
119
108
100
96
100
84
79
83
78
73
68
60
60
61
57
53
57
65
65
61
55
45
31
27
23
13
13
16
32
27
30
38
39
38
36
29
26
40
42
55
46
51
49
43
37
31
32
28
44
38
35
31
41
51
56
60
81
81
95
97
106
114
92
107
100
98
88
98
95
91
92
99
78
68
52
41
36
30
12
9
12
3
8
-6
-13
-15
-32
-47
-48
-64
-79
-89
-100
-92
-115
-101
-97
-105
-105
-114
-96
-103
-102
-101
-108
-96
-93
-90
-94
-93
-92
-82
-75
-70
-76
-75
-76
-87
-72
-79
-94
-101
-106
-108
-114
-112
-105
-103
-110
-118
-128
-133
-138
-137
-137
-146
-132
-125
-136
-133
-134
-136
-136
-135
-119
-113
-129
-128
-128
-131
-134
-133
-120
-107
-105
-100
-80
-91
-94
-80
-75
-81
-70
-66
-64
-83
-75
-76
-104
-96
-105
-105
-112
-118
-118
-109
-114
-115
-111
-126
-137
-141
-142
-151
-165
-149
-145
-143
-125
-133
-133
-127
-122
-115
-123
-114
-103
-102
-98
-100
-96
-88
-86
-79
-70
-60
-56
-37
-25
-6
-6
-5
14
25
30
44
53
55
52
43
62
73
92
99
99
104
108
110
116
118
118
108
100
113
115
117
112
113
115
109
129
125
128
132
137
149
143
139
136
134
112
114
108
87
89
95
91
83
85
78
77
72
45
42
37
24
25
17
9
-12
-27
-35
-36
-26
-27
-36
-49
-34
-20
-10
-2
9
18
18
23
26
27
32
33
32
23
29
40
51
39
52
75
91
101
91
110
118
101
91
106
111
108
116
110
135
148
143
158
162
163
170
171
167
177
178
169
153
151
149
145
132
128
119
101
101
95
77
75
62
50
45
28
14
-6
-21
-35
-33
-42
-52
-56
-57
-69
-78
-80
-93
-108
-102
-112
-113
-117
-145
-150
-163
-170
-184
-196
-204
-220
-219
-243
-248
-233
-243
-250
-243
-234
-244
-243
-243
-244
-244
-243
-225
-204
-203
-183
-165
-151
-131
-114
-97
-67
-53
-36
-23
-4
8
2
8
17
32
29
38
59
74
79
99
111
121
127
125
127
137
152
156
161
157
140
141
143
132
126
134
133
129
129
124
111
87
84
63
39
27
14
-1
4
-12
-24
-35
-51
-53
-60
-61
-60
-79
-72
-77
-96
-103
-119
-123
-132
-134
-130
-138
-147
-126
-126
-125
-140
-127
-109
-124
-118
-105
-86
-95
-108
-93
-97
-107
-122
-116
-117
-123
-119
-103
-86
-75
-54
-57
-56
-43
-35
-42
-23
-14
10
24
27
60
69
78
86
93
98
107
121
127
129
137
146
152
151
160
150
159
151
147
150
141
136
135
131
119
114
125
123
108
114
100
87
78
76
74
59
