65
50
44
40
36
37
43
37
28
32
17
5
6
-9
-9
-10
-30
-27
-39
-44
-45
-54
-50
-53
-58
-57
-47
-46
-41
-36
-40
-33
-27
-28
-11
-18
-23
-14
-12
-11
-7
-16
-6
-11
-20
-10
-21
-30
-32
-23
-14
-32
-33
-44
-56
-58
-63
-56
-60
-54
-68
-70
-83
-89
-85
-95
-90
-93
-94
-76
-71
-71
-53
-59
-35
-31
-44
-41
-52
-48
-51
-42
-25
-22
-25
-23
-9
-1
-10
-13
-6
-3
-10
3
22
19
23
26
23
26
23
32
39
29
30
31
27
30
22
24
20
21
32
45
39
38
51
45
37
40
42
31
25
27
34
23
20
27
35
30
25
28
17
24
16
20
20
12
8
7
-10
-19
-10
-14
-6
3
4
16
13
21
35
32
40
29
40
44
38
38
29
29
30
24
23
15
17
21
16
18
12
9
11
5
0
-7
-8
-3
0
16
15
21
24
22
35
30
22
25
26
36
38
31
23
17
9
-6
-4
-14
-12
-5
-7
-18
-21
-25
-30
-41
-46
-51
-54
-62
-57
-51
-46
-39
-48
-55
-50
-47
-43
-46
-50
-41
-43
-49
-52
-58
-65
-66
-68
-76
-75
-76
-78
-71
-79
-90
-87
-84
-99
-104
-92
-109
-114
-108
-104
-112
-113
-102
-90
-90
-89
-79
-79
-81
-91
-84
-73
-78
-80
-86
-105
-111
-105
-107
-112
-106
-88
-86
-77
-73
-58
-48
-42
-45
-52
-39
-50
-42
-37
-44
-45
-37
-32
-39
-35
-55
-47
-51
-52
-41
-38
-45
-40
-29
-22
-19
-18
-16
-19
-25
-17
-13
-12
-3
1
-3
-17
-13
-13
-19
-22
-20
-27
-14
-20
-29
-23
-25
-28
-39
-30
-48
-41
-35
-41
-30
-35
-39
-47
-51
-58
-51
-66
-73
-82
-91
-91
-83
-69
-57
-56
-61
-52
-47
-50
-50
-54
-58
-67
-64
-59
-53
-49
-45
-54
-54
-47
-38
-38
-38
-25
-31
-34
-37
-26
-29
-43
-42
-39
-48
-50
-56
-49
-51
-64
-58
-55
-58
-54
-46
-48
-58
-62
-59
-59
-67
-70
-44
-49
-42
-37
-31
-22
-32
-33
-36
-39
-49
-47
-45
-32
-27
-23
-11
-11
-8
19
22
35
39
51
64
56
71
62
50
60
63
69
73
85
85
82
86
82
69
71
65
60
76
67
68
60
37
32
25
28
23
28
25
29
33
19
17
19
11
13
20
20
32
56
49
51
54
43
47
53
52
58
58
54
60
58
59
59
80
81
74
85
88
74
71
62
61
67
60
64
67
58
52
47
48
51
43
49
43
40
38
31
33
32
34
34
20
19
19
19
12
28
38
30
26
16
30
41
59
55
53
56
55
54
36
49
54
53
43
38
48
41
45
43
42
45
44
48
44
43
33
22
21
2
2
-7
4
0
-1
-2
-8
-21
-13
-4
-4
19
13
4
-4
-2
6
7
11
10
18
5
0
-2
-3
10
4
-12
-2
5
9
6
9
22
25
23
21
22
23
21
12
15
11
13
20
14
23
14
5
12
10
3
8
3
12
9
4
-6
-9
-20
-28
-32
-32
-27
-19
-7
1
9
25
32
25
15
17
24
23
38
39
40
39
43
58
60
61
64
58
69
73
80
89
68
76
84
72
74
73
73
73
77
73
66
60
64
63
47
46
57
59
40
26
19
25
27
38
26
10
9
-3
9
8
4
6
-2
3
2
-2
4
2
-2
1
-9
-17
-14
-6
0
-7
-6
-5
3
6
12
21
19
20
24
6
-4
1
2
-4
-4
-6
-13
-13
-17
-21
-24
-17
-12
-14
-19
-6
-11
-24
-18
-26
-19
-5
0
-7
-6
-16
-27
-30
-22
-20
-21
-16
-14
2
8
7
3
-4
-15
-19
-17
-26
-31
-28
-34
-43
-38
-34
-39
-42
-54
-62
-60
-60
-64
-61
-46
-49
-48
-62
-73
-75
-74
-68
-60
-62
-68
-64
-67
-61
-68
-71
-59
-56
-57
-50
-57
-52
-52
-52
-51
-47
-42
-47
-33
-44
-40
-34
-36
-43
-40
-41
-44
-32
-36
-26
-46
-50
-46
-46
-37
-42
-25
-19
-16
-12
-3
-11
-7
-1
0
7
7
3
-9
1
-7
3
4
-3
1
-3
8
3
8
8
19
22
17
16
16
21
7
10
9
17
21
21
25
21
29
16
18
23
18
19
23
21
2
13
25
32
32
33
29
42
48
40
43
41
49
62
61
47
42
40
44
20
28
23
27
32
14
13
10
22
14
16
22
28
26
20
23
22
21
7
7
12
12
17
10
23
33
17
12
6
12
-2
3
13
10
12
23
25
23
27
21
38
36
31
25
36
38
35
35
26
17
8
9
-8
-3
2
0
-3
-14
-21
-15
-15
-19
-17
-27
-22
-17
-10
-22
-24
-22
-27
-35
-30
-15
-25
-23
-39
-42
-48
-61
-48
-45
-42
-36
-37
-31
-24
-20
-18
-11
-12
-7
3
15
26
24
24
32
38
43
52
43
53
61
68
75
80
74
80
80
71
75
88
92
102
118
133
136
131
136
120
112
107
102
102
98
89
87
76
66
48
43
37
30
36
40
41
33
33
25
40
43
35
43
34
32
39
15
12
12
7
5
6
6
-13
-10
1
2
19
17
23
35
19
15
11
14
19
18
21
17
28
25
20
30
25
27
33
27
31
24
24
9
6
6
-12
-2
1
-10
4
-3
-12
-13
-17
-19
-27
-34
-42
-45
-51
-45
-43
-43
-47
-59
-62
-57
-65
-53
-59
-56
-62
-55
-48
-47
-36
-36
-56
-64
-64
-63
-60
-62
-61
-51
-51
-51
-43
-50
-30
-28
-28
-35
-47
-28
-15
-2
0
2
-7
0
9
7
22
16
22
34
25
15
22
26
23
20
30
30
36
40
39
41
26
20
23
20
16
26
27
23
31
29
34
27
37
34
34
41
41
51
44
42
44
41
56
59
60
56
72
72
48
54
49
48
42
39
40
32
16
29
28
22
18
20
26
23
26
23
20
13
26
30
26
27
29
27
24
14
12
11
7
0
-8
-1
-9
-7
-9
-20
-29
-35
-38
-43
-49
-51
-51
-61
-48
-49
-51
-47
-56
-58
-70
-65
-63
-63
-66
-70
-73
-74
-78
-89
-86
-74
-71
-75
-65
-74
-68
-63
-70
-57
-59
-42
-36
-52
-57
-51
-56
-57
-70
-61
-58
-60
-66
-72
-67
-73
-65
-66
-55
-61
-65
-59
-71
-63
-65
-67
-60
-67
-66
-59
-62
-63
-60
-42
-40
-40
-34
-33
-26
-24
-25
-17
-7
-8
-12
0
5
-4
4
10
3
9
8
8
13
34
45
31
24
30
36
33
43
54
50
32
40
46
40
54
59
80
84
84
96
93
79
84
87
75
80
84
86
84
93
84
66
54
55
52
43
36
34
34
25
15
2
-9
-17
-18
-25
-31
-37
-38
-55
-68
-74
-74
-74
-75
-91
-90
-66
-76
-71
-64
-70
-77
-80
-87
-80
-82
-78
-70
-74
-65
-53
-58
-61
-51
-46
-48
-37
-36
-38
-24
-34
-30
-33
-23
-31
-36
-33
-50
-51
-58
-63
-61
-47
-47
-42
-38
-38
-19
-10
-9
-15
-37
-27
-38
-27
-26
-34
-32
-47
-31
-37
-39
-36
-42
-42
-41
-47
-38
-32
-35
-22
-23
-20
-29
-21
-15
-17
-8
10
-1
0
-3
-7
0
3
-7
1
11
10
24
20
23
27
30
29
24
43
53
54
53
50
56
55
68
75
84
85
83
78
84
86
86
93
90
75
82
88
77
78
69
73
67
67
58
76
74
65
81
76
75
59
45
41
24
12
13
16
7
-2
-16
-27
-17
-23
-22
-24
-31
-23
-22
-13
-13
-15
-12
-14
-14
-15
-17
-31
-34
-21
-23
-30
-23
-23
-29
-27
-25
-34
-21
-36
-44
-32
-30
-19
-15
-32
-50
-43
-44
-46
-37
-30
-32
-39
-33
-49
-33
-31
-48
-31
-41
-26
-15
-21
-23
-30
-10
-10
-10
-14
-10
-14
-13
3
1
-12
-13
-6
-4
-10
-18
-20
-22
-25
-30
-35
-47
-49
-57
-57
-46
-53
-76
-82
-85
-78
-78
-88
-90
-92
-84
-82
-71
-58
-46
-45
-46
-46
-39
-41
-46
-31
-35
-34
-44
-35
-36
-45
-40
-45
-41
-35
-49
-46
-42
-54
-45
-45
-29
-43
-42
-39
-38
-27
-7
4
25
37
28
34
24
30
20
23
45
41
36
34
41
35
40
47
41
46
52
59
56
62
65
57
36
32
55
43
44
40
16
29
9
7
21
32
23
24
29
21
27
35
23
20
11
17
14
-25
-8
-5
-28
-13
-17
-27
-19
-35
-37
-42
-36
-37
-35
-19
-28
-23
-40
-20
-29
-38
-14
-14
8
-9
-5
4
2
0
5
-3
-16
-3
-28
-39
-35
-47
-46
-34
-29
-28
-30
-27
-21
-3
-4
5
-1
-4
-3
6
-1
-16
-20
-24
-29
-28
-14
-32
-23
-26
-32
-31
-34
-37
-38
-29
-40
-35
-32
-43
-55
-50
-49
-47
-37
-45
-53
-53
-51
-61
-65
-63
-60
-53
-55
-50
-42
-45
-42
-42
-43
-34
-37
-28
-30
-22
-19
-14
6
4
0
-1
-1
-6
-9
-8
-3
13
8
23
31
28
19
17
29
30
24
21
38
41
40
32
30
26
29
28
29
40
35
33
28
32
35
29
37
24
30
25
4
13
16
8
10
11
4
-7
-13
7
-11
-9
-3
13
13
3
13
9
15
13
30
35
29
32
22
22
13
15
29
26
41
30
36
37
24
19
17
14
13
22
26
49
58
52
43
50
46
39
47
39
55
51
51
60
48
30
24
18
4
6
17
31
50
56
36
51
25
22
3
-10
7
-3
-5
-9
-5
-26
-28
-29
-27
-43
-34
-24
-18
-23
-20
2
-14
-19
-9
-21
-30
-29
-22
-4
-23
-23
-14
-11
-2
-10
10
15
28
28
21
26
24
29
41
29
51
51
54
61
55
66
64
70
72
69
67
76
79
80
74
85
68
60
64
63
66
64
71
87
77
75
81
57
55
71
72
83
102
111
121
122
109
109
109
96
100
99
87
78
69
65
47
54
56
49
51
56
59
59
60
61
55
51
56
50
41
40
32
12
17
12
15
20
22
14
16
21
16
20
18
14
21
12
4
5
-1
-3
-25
-36
-34
-39
-36
-35
-46
-37
-37
-45
-35
-27
-40
-34
-24
-28
-36
-45
-37
-25
-27
-23
-8
-16
-10
-16
-6
5
2
10
7
13
6
16
18
14
29
37
35
29
24
20
12
19
15
22
27
13
24
10
1
-5
-13
-4
-15
-22
-6
2
3
3
0
-9
-15
-14
-13
-12
-20
-8
1
-15
-19
-8
-9
-16
-13
-5
0
4
3
10
15
16
16
14
25
7
4
13
24
23
29
29
27
38
25
19
12
9
2
4
6
2
7
11
16
24
22
22
28
20
19
18
12
10
13
19
27
14
13
1
0
-9
-19
-18
-15
-23
-10
-9
-16
-19
-24
-36
-30
-38
-43
-40
-34
-39
-47
-31
-37
-28
-21
-23
-19
-16
-34
-27
-29
-39
-32
-35
-44
-47
-53
-59
-58
-63
-55
-61
-54
-51
-39
-32
-27
-30
-22
-13
-20
-20
-32
-28
-40
-41
-28
-23
-26
-22
-36
-44
-53
-48
-60
-70
-59
-59
-64
-48
-49
-58
-53
-64
-70
-62
-66
-73
-68
-75
-59
-41
-47
-55
-59
-58
-49
-30
-15
-16
2
5
-4
-12
-11
-14
-6
-10
-13
-7
-18
-5
-9
-1
-12
-25
-25
-23
-18
-31
-21
-27
-43
-40
-48
-52
-55
-63
-49
-52
-48
-57
-61
-57
-58
-40
-36
-31
-31
-28
-15
-19
-36
-32
-28
-35
-45
-43
-37
-32
-35
-22
-15
-19
-20
-21
-11
-15
-10
-5
-5
1
15
20
21
22
17
14
17
26
34
37
31
25
26
21
13
7
4
0
1
0
11
8
10
15
-7
-2
-8
-9
-18
-29
-16
-15
-15
-27
-21
-8
7
9
0
16
-1
-12
1
-1
12
3
2
14
7
24
19
5
16
1
-17
-9
-20
-22
-32
-32
-34
-38
-39
-40
-26
-36
-40
-33
-39
-32
-41
-32
-20
-20
-8
9
11
19
13
7
-1
-2
5
-3
11
22
23
24
32
39
17
21
40
36
42
34
34
44
41
36
34
39
32
32
33
43
47
37
21
7
7
3
10
1
15
25
21
24
33
32
31
21
24
34
13
16
12
-2
3
6
16
21
12
17
18
11
10
26
30
22
20
20
22
24
19
5
-4
-8
-23
-22
-21
-21
-25
-27
-23
-21
-27
-29
-27
-23
-26
-18
-12
-17
-14
-16
-23
-33
-28
-27
-13
1
-19
-19
-18
-21
-35
-29
-39
-30
-29
-35
-12
-19
-19
-22
-24
-29
-33
-41
-35
-31
-28
-23
-22
-29
-30
-22
-31
-28
-23
-27
-11
-15
-20
-10
-8
-5
-9
-6
-8
-15
-12
-5
1
-2
-6
-15
1
3
0
13
9
6
-6
-12
-10
-4
-11
-7
-5
-14
-15
-31
-29
-25
-25
-28
-30
-40
-45
-47
-53
-60
-66
-62
-59
-57
-54
-55
-65
-70
-75
-83
-88
-69
-66
-59
-46
-42
-43
-51
-58
-60
-70
-78
-81
-93
-75
-71
-56
-46
-41
-41
-35
-28
-25
-8
-5
1
9
4
3
-7
-11
-14
-15
-4
-18
-16
-18
-18
-2
-12
-6
-1
-1
-5
2
12
18
11
18
17
6
16
10
10
4
5
-9
-12
-5
-13
-14
-15
-5
-1
-5
0
4
4
-12
-16
-3
-7
5
5
-4
0
-4
-9
-2
-1
4
5
2
11
9
25
25
24
20
24
35
30
30
35
37
44
43
45
54
57
67
72
71
79
75
68
59
57
51
32
31
41
46
43
42
38
34
33
42
36
47
43
19
9
-1
-10
-4
-5
-12
-3
-13
-16
-22
-30
-37
-58
-63
-62
-76
-84
-78
-97
-99
-91
-88
-89
-80
-82
-75
-72
-103
-101
-104
-120
-126
-127
-125
-130
-131
-121
-119
-111
-103
-105
-105
-112
-122
-115
-112
-99
-99
-105
-94
-94
-87
-85
-81
-70
-61
-63
-58
-60
-58
-52
-47
-42
-39
-32
-40
-45
-25
-12
-12
-2
-3
-9
8
7
11
11
12
12
5
7
8
16
24
23
25
37
53
62
65
74
83
87
95
96
92
90
101
93
94
93
94
78
62
58
47
58
67
64
71
77
84
93
103
92
88
104
100
104
87
78
77
78
82
69
63
71
84
81
88
99
103
106
104
106
93
84
78
74
64
57
69
76
82
94
101
97
98
92
90
86
90
89
84
87
98
98
97
99
103
95
91
83
71
71
53
61
54
51
44
39
44
48
58
52
59
56
56
46
44
42
30
30
32
27
25
13
7
11
-6
-18
-34
-36
-54
-69
-77
-86
-82
-84
-92
-90
-101
-110
-116
-121
-108
-98
-93
-74
-61
-63
-43
-43
-26
-20
-35
-25
-27
-17
-18
-16
-15
-25
-8
-14
-10
4
7
14
21
15
31
32
22
36
13
12
20
21
35
40
25
30
24
23
38
44
51
40
47
44
46
41
28
26
9
1
-10
-2
9
6
-1
-8
12
9
12
7
13
27
19
25
30
26
25
23
25
26
35
43
62
57
59
49
43
51
47
43
52
46
30
16
24
27
19
15
28
42
38
28
24
29
22
15
23
30
13
9
5
7
4
4
32
34
39
36
28
26
18
13
4
12
23
6
3
3
-14
-23
-21
-3
18
23
23
35
18
14
6
-2
2
-8
-8
7
22
19
34
43
44
59
58
83
82
65
53
60
62
46
21
11
14
8
8
21
29
21
22
34
44
58
64
59
63
50
44
44
50
46
35
18
31
37
34
36
31
29
23
19
38
53
45
40
40
39
40
50
45
54
52
24
29
32
20
10
-6
-14
-24
-20
-13
-5
-2
7
18
18
8
19
30
29
31
27
19
14
3
1
-8
-14
-5
-15
-9
0
8
12
9
0
-4
-1
-5
-2
-8
-14
-20
-28
-31
-26
-34
-30
-34
-38
-41
-25
-33
-37
-40
-42
-51
-46
-41
-49
-55
-64
-68
-82
-69
-67
-52
-55
-60
-36
-37
-33
-22
-8
-7
-27
-32
-33
-38
-55
-63
-73
-62
-50
-48
-36
-29
-32
-26
-18
-21
-18
-39
-51
-53
-64
-73
-68
-72
-65
-79
-75
-61
-53
-50
-46
-19
-21
-18
-12
-5
1
-25
-31
-23
-30
-31
-38
-40
-33
-48
-40
-26
-21
-3
5
6
31
35
21
24
15
12
-10
-22
-17
-35
-32
-32
-42
-29
-35
-23
-24
-25
-24
-27
-16
-6
-3
-3
12
3
1
-9
-14
-15
-7
-13
-13
-3
-11
1
4
7
8
15
22
13
13
18
15
14
4
-4
-7
-20
-27
-34
-21
-14
5
2
4
12
13
28
38
25
30
35
34
42
33
47
52
38
26
38
40
48
49
23
18
14
19
28
42
29
30
32
40
34
33
28
12
3
-3
-1
-7
-5
3
-6
-2
7
19
32
18
9
-6
-15
-15
-19
-25
-41
-48
-40
-57
-64
-72
-86
-80
-79
-81
-78
-81
-67
-72
-75
-72
-58
-66
-60
-37
-59
-52
-57
-60
-56
-56
-56
-62
-62
-70
-56
-53
-44
-28
-23
-20
-16
-34
-40
-44
-55
-42
-40
-33
-32
-34
-31
-28
-17
-17
-19
-16
-23
-13
5
8
17
14
2
-6
-1
-7
-2
7
0
-5
14
11
22
40
56
55
36
29
32
41
48
38
30
38
34
44
48
53
54
41
36
45
49
35
16
13
-3
-8
-2
7
18
-7
-23
-24
-42
-22
2
-1
-2
9
25
26
36
36
26
18
-8
4
11
7
18
10
9
27
24
21
14
10
3
1
3
-6
-24
-28
-29
-21
-27
-27
-19
-24
-24
-19
-5
-2
-1
2
-4
-4
-6
-1
5
3
9
-6
-2
-7
-12
-26
-28
-14
-16
-23
-24
-17
-26
-37
-49
-40
-46
-62
-46
-47
-64
-78
-67
-60
-60
-54
-63
-80
-98
-106
-84
-75
-83
-81
-77
-70
-72
-66
-61
-64
-78
-82
-68
-58
-56
-58
-56
-66
-73
-66
-61
-58
-71
-75
-76
-75
-70
-65
-67
-66
-73
-75
-68
-71
-56
-68
-74
-78
-89
-81
-84
-91
-98
-97
-90
-79
-76
-63
-64
-57
-46
-32
-13
-28
-29
-33
-43
-55
-63
-57
-56
-71
-65
-55
-48
-49
-37
-23
-24
-17
-5
4
7
20
25
22
33
19
7
3
-2
-12
-14
-5
-5
-6
-9
-19
-1
-7
-17
-11
-18
-18
-19
-25
-29
-35
-49
-39
-44
-56
-61
-53
-49
-66
-64
-75
-82
-86
-84
-77
-69
-77
-79
-69
-67
-66
-77
-87
-101
-106
-95
-79
-75
-77
-62
-70
-49
-39
-30
-16
-16
-19
-37
-15
-2
-14
-14
-5
-7
-16
-18
-5
-13
-15
-1
2
19
19
24
35
35
45
36
38
31
9
-3
-21
-31
-32
-17
-12
-10
-9
-8
-13
-3
-11
-3
10
7
-15
-20
4
-7
-19
-7
-23
-26
-16
-1
14
9
-1
-8
11
7
-5
-1
5
23
32
23
29
22
17
16
19
22
22
20
28
32
22
32
31
24
21
17
23
32
30
28
25
22
25
15
7
13
22
16
8
21
17
8
9
13
14
15
17
35
33
29
35
24
30
19
11
7
11
9
9
14
27
31
35
47
45
58
56
59
69
64
69
69
70
49
33
32
37
32
26
32
46
35
34
37
27
22
10
27
18
-4
-4
4
29
32
24
22
12
8
1
15
28
30
25
13
29
26
25
20
-2
-7
-12
-29
-25
-34
-38
-36
-24
-20
-25
-26
-25
-12
-16
-9
-5
4
3
0
0
12
-1
-2
-13
-14
-9
-33
-26
-24
-43
-46
-41
-44
-40
-55
-57
-50
-58
-56
-58
-66
-63
-64
-70
-72
-71
-75
-78
-105
-111
-101
-92
-92
-102
-108
-109
-115
-122
-116
-117
-113
-113
-105
-104
-95
-97
-89
-101
-104
-95
-87
-83
-84
-95
-102
-112
-116
-97
-91
-80
-80
-66
-67
-65
-62
-65
-71
-72
-75
-66
-71
-74
-78
-83
-71
-50
-39
-42
-40
-52
-58
-56
-54
-55
-49
-43
-45
-30
-28
-1
2
3
10
4
12
13
39
43
46
45
32
36
30
23
8
12
21
34
36
42
36
29
12
15
15
12
19
14
12
3
-7
-15
-24
-18
-37
-40
-43
-40
-20
-37
-44
-43
-52
-44
-22
-39
-41
-46
-28
-13
-19
-27
-31
-24
-24
-34
-28
-22
-33
-39
-43
-14
-29
-25
-19
-32
-20
-43
-43
-51
-64
-79
-109
-104
-99
-107
-99
-112
-103
-105
-94
-84
-71
-81
-83
-76
-83
-71
-66
-49
-57
-68
-68
-62
-67
-51
-46
-53
-39
-39
-27
-31
-53
-36
-46
-57
-48
-48
-44
-48
-44
-49
-58
-55
-52
-60
-43
-37
-48
-54
-53
-38
-31
-10
4
4
-8
-17
-1
-5
-12
-8
-17
-33
-43
-52
-53
-58
-75
-76
-73
-58
-52
-41
-40
-41
-48
-60
-50
-53
-61
-63
-74
-81
-77
-86
-75
-76
-80
-68
-51
-45
-39
-43
-56
-45
-34
-16
-13
-11
-17
-15
-11
-3
-2
5
12
10
9
10
9
10
20
20
33
24
30
41
29
23
28
31
40
54
40
44
29
43
60
72
89
87
93
97
104
110
106
116
112
110
108
102
106
98
82
70
55
51
50
49
52
48
36
37
40
44
45
43
42
33
23
14
5
-2
4
-4
-15
-25
-32
-37
-57
-53
-61
-65
-54
-52
-45
-53
-64
-67
-80
-74
-93
-98
-106
-112
-114
-136
-123
-130
-130
-117
-117
-109
-108
-114
-125
-123
-131
-124
-129
-128
-117
-123
-122
-118
-107
-106
-105
-96
-97
-91
-71
-60
-62
-72
-66
-63
-54
-66
-69
-60
-65
-58
-50
-40
-40
-50
-40
-31
-32
-20
-22
-12
5
3
16
37
42
25
40
52
65
64
81
95
104
116
119
140
135
142
156
139
150
154
152
150
138
120
120
110
95
107
89
92
94
89
95
98
88
95
81
71
33
22
6
-1
-13
-44
-51
-52
-62
-63
-61
-70
-89
-99
-96
-100
-114
-130
-151
-146
-157
-168
-170
-175
-183
-195
-181
-170
-157
-152
-133
-125
-124
-113
-89
-65
-44
-42
-37
-7
6
18
45
70
74
84
112
133
135
151
150
154
156
161
183
199
202
208
213
229
245
243
263
282
279
293
296
318
332
340
349
350
343
352
361
358
359
340
338
351
355
354
353
338
325
313
311
296
286
260
239
224
190
168
161
148
125
106
87
74
51
19
10
-2
-41
-73
-95
-116
-146
-169
-201
-237
-279
-319
-351
-374
-411
-444
-491
-531
-564
-598
-608
-635
-642
-643
-622
-601
-601
-602
-591
-585
-577
-568
-552
-521
-478
-442
-386
-335
-284
-213
-162
-89
-33
33
90
120
180
224
263
302
334
358
367
399
423
434
443
452
478
496
518
560
592
623
665
691
717
745
775
810
829
860
872
890
922
952
957
980
992
987
987
982
949
933
877
820
763
708
639
559
479
383
271
172
81
3
-88
-203
-314
-410
-511
-618
-718
-819
-930
-1050
-1134
-1214
-1267
-1321
-1352
-1370
-1375
-1366
-1322
-1266
-1217
-1170
-1089
-1019
-950
-870
-789
-730
-670
-624
-572
-506
-465
-419
-369
-328
-276
-241
-199
-142
-100
-72
-57
-39
-39
-45
-52
-66
-112
-156
-193
-222
-236
-248
-245
-217
-190
-150
-80
6
118
208
305
376
453
514
581
636
688
713
739
782
823
873
921
968
1039
1113
1194
1277
1337
1404
1449
1495
1529
1547
1554
1575
1568
1546
1517
1475
1427
1334
1238
1126
1015
875
732
568
400
205
30
-156
-345
-531
-717
-872
-1026
-1164
-1282
-1378
-1453
-1520
-1561
-1563
-1550
-1517
-1480
-1434
-1370
-1278
-1210
-1119
-1029
-923
-825
-711
-601
-493
-372
-276
-184
-112
-23
50
116
165
193
230
232
243
248
232
212
189
145
121
92
63
37
5
-45
-101
-140
-188
-219
-251
-270
-278
-279
-257
-235
-189
-122
-54
10
98
172
243
286
335
369
402
423
434
470
492
495
517
550
581
625
680
748
842
931
1019
1120
1238
1335
1423
1513
1606
1672
1711
1761
1783
1789
1776
1703
1609
1478
1353
1194
1029
856
639
442
243
52
-141
-337
-536
-709
-900
-1080
-1237
-1361
-1480
-1593
-1686
-1762
-1823
-1854
-1872
-1863
-1833
-1778
-1696
-1585
-1467
-1352
-1213
-1079
-954
-817
-692
-549
-441
-353
-247
-165
-74
-3
44
108
134
160
188
210
223
241
232
234
233
218
205
183
158
120
75
24
-22
-61
-96
-133
-157
-151
-148
-131
-85
-22
47
114
198
274
322
363
387
399
403
398
396
403
413
425
432
455
469
487
544
606
703
792
916
1060
1209
1350
1483
1602
1702
1785
1868
1944
2009
2044
2068
2061
2017
1938
1797
1664
1496
1317
1110
886
635
394
139
-115
-370
-627
-900
-1136
-1357
-1568
-1746
-1917
-2063
-2185
-2283
-2363
-2393
-2409
-2421
-2414
-2357
-2287
-2182
-2068
-1932
-1769
-1635
-1487
-1292
-1111
-931
-764
-577
-422
-276
-126
32
156
239
330
403
475
506
529
537
522
500
467
447
422
399
352
313
258
192
133
69
24
-32
-81
-101
-98
-75
-55
-6
57
109
158
223
270
306
326
324
330
310
276
278
290
280
273
275
286
283
313
364
429
517
609
719
841
990
1136
1274
1394
1495
1610
1701
1794
1869
1915
1962
1980
1972
1923
1821
1667
1506
1334
1149
916
645
380
105
-167
-460
-760
-1030
-1293
-1525
-1730
-1915
-2053
-2159
-2242
-2319
-2359
-2366
-2349
-2312
-2267
-2187
-2100
-2006
-1886
-1753
-1621
-1452
-1279
-1100
-918
-717
-500
-296
-96
72
238
403
540
647
747
834
882
910
906
885
846
797
728
640
570
499
436
351
259
179
97
31
-43
-115
-174
-223
-263
-278
-283
-235
-163
-115
-55
8
67
93
85
47
37
22
-9
-13
-1
-17
-35
-42
-42
-43
-13
21
97
178
289
429
573
747
939
1145
1347
1539
1721
1897
2037
2176
2281
2365
2420
2439
2430
2363
2240
2097
1903
1675
1455
1182
881
573
226
-139
-477
-810
-1119
-1437
-1720
-1950
-2171
-2354
-2457
-2548
-2619
-2655
-2661
-2631
-2584
-2522
-2421
-2310
-2210
-2064
-1883
-1695
-1497
-1291
-1078
-854
-635
-384
-104
136
343
549
743
915
1031
1120
1204
1221
1209
1202
1151
1081
986
880
772
673
567
476
384
276
178
87
-3
-86
-178
-249
-307
-388
-422
-420
-396
-349
-288
-241
-178
-133
-127
-111
-137
-171
-200
-218
-218
-213
-193
-195
-194
-222
-229
-212
-177
-120
-31
91
222
401
604
813
1012
1250
1475
1687
1908
2099
2298
2463
2586
2667
2705
2732
2716
2629
2454
2228
1986
1745
1455
1099
721
330
-81
-497
-863
-1223
-1568
-1891
-2157
-2381
-2587
-2715
-2761
-2819
-2882
-2893
-2816
-2716
-2660
-2542
-2371
-2192
-2065
-1873
-1591
-1355
-1148
-895
-599
-351
-117
173
486
676
835
1045
1229
1335
1390
1477
1492
1402
1286
1221
1117
948
758
594
427
238
78
-21
-160
-343
-476
-593
-720
-841
-899
-956
-1049
-1131
-1102
-1011
-915
-778
-606
-428
-325
-249
-156
-134
-212
-318
-376
-412
-430
-394
-328
-327
-362
-370
-337
-319
-276
-156
27
191
346
569
843
1096
1331
1584
1869
2117
2333
2587
2805
2976
3087
3219
3285
3305
3263
3236
3094
2844
2557
2256
1943
1537
1057
572
69
-458
-963
-1411
-1839
-2259
-2594
-2843
-3046
-3207
-3262
-3257
-3239
-3244
-3175
-3043
-2918
-2817
-2660
-2475
-2277
-2086
-1815
-1520
-1233
-936
-586
-226
114
451
772
1084
1293
1503
1692
1798
1824
1821
1813
1706
1530
1355
1182
967
681
447
240
12
-186
-337
-492
-664
-809
-920
-1060
-1234
-1357
-1422
-1494
-1590
-1614
-1539
-1397
-1265
-1062
-814
-560
-364
-194
-91
-28
-37
-98
-191
-295
-352
-377
-385
-422
-435
-391
-311
-241
-180
-49
139
361
603
877
1173
1453
1749
2011
2291
2535
2777
3000
3150
3300
3460
3577
3603
3549
3492
3407
3245
2944
2567
2181
1769
1292
703
57
-570
-1177
-1757
-2308
-2821
-3239
-3563
-3817
-3993
-4093
-4085
-3972
-3864
-3786
-3651
-3434
-3217
-3011
-2827
-2580
-2296
-2032
-1736
-1391
-1028
-621
-219
179
547
932
1334
1671
1910
2063
2245
2363
2351
2247
2091
1912
1643
1320
1001
697
371
61
-209
-465
-664
-829
-955
-1092
-1242
-1346
-1415
-1504
-1616
-1665
-1685
-1682
-1698
-1599
-1397
-1185
-918
-639
-335
-44
210
401
548
606
571
518
397
245
92
-31
-165
-301
-354
-307
-221
-116
20
253
508
778
1076
1388
1752
2074
2377
2650
2895
3126
3322
3469
3594
3696
3803
3859
3854
3740
3636
3491
3203
2741
2201
1690
1118
370
-513
-1319
-2001
-2706
-3407
-4005
-4399
-4670
-4877
-4951
-4876
-4735
-4502
-4159
-3851
-3572
-3286
-2860
-2440
-2241
-2014
-1618
-1200
-913
-664
-219
322
749
1101
1569
2076
2442
2671
2922
3074
3105
3021
2888
2599
2143
1671
1263
759
170
-319
-658
-1020
-1418
-1704
-1774
-1809
-1937
-2025
-1973
-1942
-1942
-1952
-1941
-1925
-1903
-1784
-1661
-1544
-1350
-1021
-673
-446
-163
221
571
748
823
976
1055
976
840
706
502
283
83
-74
-222
-299
-240
-142
-41
122
421
792
1103
1442
1866
2345
2748
3083
3442
3749
3982
4110
4256
4359
4406
4389
4340
4171
3938
3592
3072
2373
1616
822
-113
-1199
-2239
-3092
-3919
-4732
-5438
-5827
-6049
-6161
-6063
-5737
-5399
-4986
-4402
-3766
-3267
-2805
-2167
-1511
-1180
-870
-353
228
538
738
1199
1785
2156
2434
2894
3344
3565
3683
3766
3698
3374
3058
2719
2132
1296
602
72
-622
-1422
-1966
-2235
-2496
-2860
-2948
-2787
-2670
-2571
-2335
-2082
-1885
-1703
-1420
-1206
-1205
-1114
-819
-612
-554
-381
-8
288
390
542
839
1022
1017
990
942
823
631
488
328
65
-180
-291
-401
-618
-715
-554
-371
-255
-41
402
887
1288
1736
2317
2873
3334
3811
4289
4673
4964
5225
5500
5535
5435
5304
5142
4784
4200
3438
2510
1509
285
-1057
-2423
-3689
-4790
-5889
-6865
-7510
-7807
-7994
-8000
-7664
-7093
-6448
-5786
-4837
-3838
-3063
-2277
-1310
-456
77
574
1285
1956
2221
2528
3181
3724
3914
4051
4422
4638
4393
4116
3950
3478
2591
1793
1126
209
-937
-1783
-2351
-3077
-3840
-4132
-4041
-4031
-4010
-3528
-2883
-2453
-2036
-1333
-625
-289
-13
433
715
690
741
998
1088
896
845
1010
998
766
733
747
513
125
-98
-292
-685
-1095
-1255
-1371
-1663
-1774
-1548
-1304
-1206
-931
-348
172
587
1196
2046
2724
3205
3844
4583
5137
5549
6037
6499
6619
6583
6717
6761
6432
5908
5451
4844
3918
2606
1227
-265
-2087
-3876
-5482
-6940
-8164
-9191
-9908
-10173
-10123
-9772
-9013
-8098
-6953
-5679
-4404
-2977
-1634
-486
605
1610
2409
3017
3445
3919
4356
4424
4487
4677
4791
4642
4313
4043
3623
2848
1923
1070
52
-1207
-2400
-3305
-4219
-5091
-5552
-5570
-5419
-5222
-4558
-3467
-2494
-1562
-433
773
1686
2319
3020
3604
3711
3543
3417
3067
2425
1818
1382
869
117
-486
-827
-1311
-1903
-2261
-2465
-2802
-3220
-3350
-3244
-3210
-3106
-2671
-2128
-1707
-1149
-306
519
1131
1836
2654
3315
3742
4302
4972
5420
5650
6003
6410
6596
6669
6794
6901
6700
6410
6209
5806
5069
4223
3363
2330
906
-788
-2422
-4246
-6102
-7550
-8697
-9605
-10180
-10333
-9914
-9183
-8329
-6979
-5441
-4037
-2512
-1050
328
1491
2257
2975
3548
3758
3895
3954
3844
3683
3406
3198
3023
2681
2167
1569
836
-38
-1025
-2044
-3047
-4030
-4968
-5645
-5928
-5857
-5451
-4653
-3613
-2342
-933
602
2238
3636
4725
5510
5913
5940
5718
5188
4459
3459
2274
1127
-76
-1204
-2154
-2965
-3663
-4265
-4733
-4980
-5086
-5138
-4991
-4691
-4293
-3716
-2986
-2102
-1140
-122
863
1739
2475
3077
3539
3793
3839
3763
3593
3442
3316
3198
3149
3179
3297
3518
3749
4072
4468
4801
5064
5166
5208
5312
5189
4708
3981
3086
2341
1211
-346
-2007
-3660
-5044
-6124
-7116
-7741
-8011
-8049
-7507
-6887
-6271
-5223
-4065
-2902
-1951
-1259
-269
617
983
1256
1587
1925
2224
2217
2272
2321
2211
2073
1807
1255
532
-193
-1018
-2124
-3230
-4045
-4538
-4894
-5124
-4835
-3991
-2920
-1602
-65
1452
2955
4131
5058
5769
6092
6125
5817
4837
3523
2348
1273
260
-882
-1970
-2721
-3340
-3852
-4155
-4319
-4410
-4388
-4284
-4107
-3734
-3203
-2466
-1746
-1088
-297
661
1473
2107
2586
2878
2989
2872
2574
2277
1849
1416
1040
701
586
784
1242
1693
2154
2747
3571
4355
5062
5726
6237
6711
7127
7413
7185
6629
5955
5342
4080
1948
-388
-2629
-4597
-6505
-8106
-9241
-9858
-10059
-9446
-8387
-7335
-5895
-4173
-2473
-1013
21
1271
2257
2471
2350
2409
2423
2362
1967
1625
1354
983
683
363
-337
-1175
-2065
-3023
-4256
-5432
-6137
-6354
-6451
-6313
-5495
-3983
-2092
18
2282
4378
6158
7492
8376
8772
8662
8082
6993
5271
3330
1292
-363
-1831
-3155
-4344
-5196
-5772
-5876
-5780
-5551
-5207
-4863
-4417
-3699
-2785
-1702
-636
311
1184
1947
2576
3133
3417
3232
2808
2176
1600
1090
628
249
-3
-299
-356
-89
351
970
1640
2129
2676
3395
4319
5348
6195
6861
7549
8270
8625
8555
8077
7440
6294
4114
939
-2524
-5311
-7416
-9349
-10968
-11619
-11215
-9908
-8206
-6186
-3801
-1538
538
2332
3449
4088
4311
4179
3504
2364
1407
1112
552
-337
-1158
-1485
-1633
-2224
-3229
-4135
-5105
-6327
-7635
-8491
-8772
-8436
-7514
-6006
-4007
-1540
1448
4530
7193
9070
10360
10832
10542
9389
7809
6049
3983
1502
-1087
-2928
-3968
-4631
-5080
-5446
-5689
-5583
-5326
-4933
-4456
-4141
-3600
-2726
-1853
-822
419
1715
2710
3181
3234
3293
3038
2453
1552
502
-317
-792
-1063
-1061
-868
-552
-91
277
435
879
1507
1977
2264
2568
3207
4338
5668
7125
8465
9611
10599
11032
10605
9571
7807
4908
781
-4346
-8441
-10873
-12556
-13533
-13323
-11725
-8638
-5429
-2329
939
3544
5460
6689
6657
6135
5201
4082
3036
1562
213
26
-122
-762
-1759
-2659
-3209
-4341
-6458
-8435
-9945
-11196
-12094
-12123
-10890
-8534
-5546
-2127
1533
4872
7897
10408
11765
11714
10740
9002
6902
4243
1374
-584
-1895
-2969
-3414
-3470
-3216
-2790
-2837
-3162
-3773
-4540
-4762
-4561
-4161
-3257
-2021
-517
1098
2622
3950
4857
4864
4142
2907
1274
-182
-1075
-1813
-2328
-2431
-2073
-1156
-233
336
855
960
643
224
-145
-122
314
1093
2263
3616
5540
8012
10368
12089
13094
13279
12318
10073
7087
3644
-631
-5895
-10910
-13633
-14192
-13506
-11715
-8958
-5241
-1286
1866
4403
5990
6351
6379
5889
4741
3620
2839
3036
3288
2638
2314
2468
1867
-8
-3026
-5855
-8288
-11311
-14219
-15632
-15534
-14204
-11964
-8603
-4274
133
4083
7262
9255
9905
9609
8628
6916
4551
2091
-17
-1553
-2116
-1944
-1321
-711
-599
-764
-1094
-1890
-2880
-4049
-5182
-5486
-5023
-3920
-2073
104
2257
3876
4704
5035
4973
4110
2677
1137
-309
-1365
-2026
-2160
-1466
-583
70
498
595
517
362
-243
-1095
-1823
-2140
-1851
-1108
150
2121
4450
6385
8197
10048
11556
12336
12005
10615
8539
5650
2629
16
-3302
-7195
-10404
-11917
-11302
-9774
-7941
-5081
-2069
303
2275
3712
4893
5511
5507
5868
6098
5782
5757
6056
6020
5037
3197
1357
-848
-4222
-7820
-10506
-12333
-13878
-14895
-14270
-12059
-9267
-6304
-2952
474
3231
5043
6053
6374
5910
4815
3520
2141
568
-675
-1439
-2259
-2494
-2218
-2061
-2043
-2562
-3250
-3524
-3738
-3713
-3340
-2878
-1873
-544
758
2114
3191
3965
4190
3660
2893
2294
1659
1042
637
259
120
145
96
279
520
424
53
-528
-1043
-1116
-1016
-636
-135
427
1249
2303
3304
4552
5885
6784
7657
8276
8529
8574
7839
6429
4687
2422
635
-1465
-4911
-8310
-10774
-11212
-10046
-9043
-6799
-3448
-526
2253
4043
5291
6640
6983
7198
7269
6433
6027
5632
5036
4406
2915
1393
-270
-3250
-6520
-8953
-10523
-11476
-12438
-12502
-10849
-8404
-5764
-2861
248
3007
4605
5154
5174
4588
3433
1954
326
-1412
-3008
-3902
-4268
-4076
-3491
-2939
-2545
-2937
-3585
-3471
-3048
-2533
-1787
-907
267
1172
1729
2240
2495
2680
2449
1809
1366
1160
1211
1405
1647
2017
2007
1619
1186
762
607
457
186
14
-142
135
995
1832
2602
3472
4067
4416
4805
5192
5914
6565
6859
6984
6816
6639
6027
4428
2516
725
-1306
-4417
-8691
-11913
-12656
-11657
-9852
-7507
-4085
-180
2888
4770
5857
6407
6461
6157
5748
5364
4979
4872
4989
4815
4192
3309
2052
-387
-3953
-7306
-9318
-10332
-11050
-11045
-9565
-7043
-4455
-1800
1079
3636
4957
4833
3984
2860
1537
223
-841
-1884
-2975
-3940
-4409
-4324
-4130
-3849
-3890
-4609
-5647
-5774
-4741
-3235
-1256
677
2092
3147
3322
2748
1985
978
105
-798
-1306
-851
61
1096
2093
2846
3217
2868
1875
976
622
316
194
540
920
1696
2636
3137
3669
4261
4639
4946
5230
6033
6890
7428
8025
8007
7510
6918
5530
3689
1631
-422
-2026
-5084
-9443
-12808
-13880
-12456
-10080
-7506
-3640
164
2931
4532
4773
4877
4874
4408
4273
4117
4018
4395
4727
4848
4184
2705
1068
-1520
-5099
-8310
-9929
-9821
-9384
-8677
-6511
-3452
-658
1266
2882
4530
5007
3959
2610
1513
818
321
-266
-867
-1594
-2464
-3429
-4422
-5283
-5949
-6674
-7379
-7687
-7172
-5603
-3304
-822
1235
2496
3070
2716
1612
422
-395
-753
-1187
-1402
-873
201
1350
2114
2445
2478
1891
787
-44
-168
287
1015
1750
2502
3272
3960
4300
4467
4741
5232
5486
5999
6923
7681
8834
9406
8994
8422
7195
5791
4221
1509
-438
-2565
-6592
-10551
-13550
-13791
-11236
-9063
-6237
-2429
494
2880
3438
3018
3278
2936
3004
3849
4269
5120
5708
5458
4739
2818
425
-2201
-5615
-8923
-11310
-11681
-10183
-8380
-6119
-3364
-674
1423
2342
3130
3972
3945
3634
3172
2832
3326
3603
3390
2663
955
-807
-2786
-5296
-7102
-8474
-9233
-9046
-8682
-7133
-4649
-2411
-292
893
1161
1009
-49
-947
-1158
-948
-22
773
1173
1631
1825
1641
1063
326
-193
-758
-1270
-1042
-176
1011
2167
2767
2925
3067
3037
3271
3845
4817
6574
8114
9474
10683
11078
11158
10732
9189
7273
5191
3360
1188
-732
-2566
-6106
-9860
-12050
-12345
-9976
-7252
-4791
-1659
330
1814
2411
1819
2466
2766
2895
4423
4842
5003
5820
5234
3977
1539
-1859
-4447
-7604
-10435
-11359
-11131
-9456
-7533
-6139
-3780
-1724
-431
548
1033
1757
2293
2953
4338
5122
5684
6010
5307
4104
1745
-648
-2107
-3964
-5725
-6933
-7560
-6957
-6477
-5916
-4258
-2755
-1797
-1528
-1796
-1505
-1121
-943
-369
344
1154
1703
1477
1170
990
557
137
-226
-508
-744
-860
-606
-248
-132
-59
-245
-160
430
1137
2318
4143
6236
8071
9538
11177
12283
12245
11824
10775
8826
6954
4583
1719
-135
-2120
-5743
-9581
-11973
-11486
-8784
-6058
-2941
45
1817
2944
2358
1138
1378
1513
1987
3486
4455
5167
5446
4853
3655
899
-2266
-4838
-7822
-10070
-10577
-9415
-7044
-5139
-3897
-2845
-2503
-2482
-2769
-2737
-1835
-1028
306
2569
4416
5699
6310
6174
5144
2463
-430
-2084
-3242
-4042
-4532
-4764
-4255
-4032
-4321
-4220
-3604
-2915
-2622
-2896
-2572
-1356
18
1385
2528
3170
3271
2446
920
-147
-654
-635
-409
-216
124
639
778
814
717
0
-1118
-2070
-2267
-1471
122
2099
4870
7458
9402
10924
11696
11781
11755
10682
8678
6515
3308
-52
-2679
-5580
-9186
-12186
-12900
-10312
-6506
-2879
795
3667
4950
4603
2863
1662
1999
2473
3601
4967
5523
5091
3950
2268
-221
-3674
-6693
-8740
-10189
-10416
-8629
-5432
-2478
-765
-27
-112
-972
-2063
-2708
-2561
-1802
-852
672
2564
3665
3243
2210
1212
-287
-2236
-3666
-3766
-2985
-2099
-1294
-522
-301
-671
-1922
-3471
-4293
-4499
-4592
-4189
-3015
-1261
653
2305
3366
3480
2911
1966
758
-180
-23
807
1410
1695
1974
1829
1205
510
-64
-616
-750
-430
312
1723
3399
4993
6254
7749
9353
10492
10686
11023
10704
9264
6485
2860
-551
-4244
-8988
-13956
-16265
-14658
-10252
-5722
-1288
2742
5797
6507
5475
4600
4561
5209
6210
7208
7751
7339
5459
2636
-1257
-5662
-9532
-12608
-14511
-14477
-12032
-7792
-3394
-253
1686
2508
1867
185
-946
-632
401
1495
2531
3775
4483
3748
1986
-25
-2739
-5540
-7215
-7142
-5463
-3278
-1039
762
1166
483
-491
-1648
-2424
-2818
-3056
-2992
-2600
-1738
-780
-89
437
260
-497
-839
-489
269
1360
2757
3794
3667
2622
1307
134
-661
-1104
-1052
-605
459
1890
3025
4154
5424
6281
6727
7398
8665
10040
11172
11981
11969
10375
6758
2336
-2112
-7245
-12864
-16665
-16626
-12774
-7831
-3499
7
2277
2941
1987
836
1049
2888
5964
9224
11165
11502
10026
6972
2351
-3823
-9461
-12924
-14659
-15194
-14033
-10340
-5278
-1855
-757
-571
-700
-1279
-1999
-1643
479
3186
5554
7056
6737
4708
1919
-636
-2815
-4939
-6137
-5259
-3967
-2724
-1406
-571
-187
-1097
-2960
-4330
-4619
-3497
-1980
-1098
11
1073
1655
1253
47
-686
-1308
-1878
-1642
-908
659
2554
3460
3449
2333
655
-407
-1028
-1173
-792
-201
872
1791
2687
3850
4876
5882
6835
8055
9547
10563
11411
12483
12576
10530
6886
2580
-1910
-7557
-12963
-14735
-12229
-7702
-4000
-1516
343
486
-1600
-3816
-4754
-3264
178
4641
9287
11809
11250
8826
5121
587
-4084
-7737
-9490
-10430
-10554
-8772
-6095
-4342
-4673
-6158
-7056
-8118
-8884
-7217
-2910
2443
6455
8453
8927
7274
3991
917
-1336
-2548
-3000
-2373
-629
858
1537
1273
-377
-3079
-5840
-7538
-7601
-6482
-4423
-1810
250
1065
907
396
125
54
160
742
1649
2561
3376
3946
3905
3183
1848
338
-760
-1056
-530
332
837
1012
825
389
293
1036
2932
5101
7349
9666
11554
12590
12759
12237
10539
7527
3667
43
-3821
-8067
-10555
-9572
-6145
-3297
-2181
-1759
-1861
-3226
-5122
-5589
-3402
441
4570
8283
10307
9689
7154
3727
-90
-3719
-5910
-5949
-5305
-5486
-5454
-4276
-3351
-4640
-7637
-9766
-10551
-10694
-9361
-5687
-809
2864
4547
4941
4032
1812
-249
-834
-338
475
1486
2870
3718
2517
721
-729
-2333
-4453
-6314
-6300
-5052
-4394
-4025
-3319
-2480
-2531
-3262
-2856
-1275
516
2194
3947
5446
6076
5655
4817
4098
3371
2735
2526
2548
2493
2310
1934
1289
92
-1050
-1685
-1320
-117
1823
4803
7923
10475
11958
12573
12567
11323
9142
6241
3045
-810
-5124
-7681
-7424
-5345
-3739
-3609
-4010
-4665
-6045
-7659
-7978
-5866
-1889
2663
6656
9210
9439
7527
4488
1341
-923
-1801
-1415
-823
-1414
-2570
-3309
-3889
-5455
-7999
-10013
-11018
-11297
-10387
-7470
-3211
253
1620
1459
571
-796
-1845
-1569
-54
1760
3130
4530
5203
3796
908
-1691
-2886
-3585
-4360
-4476
-3729
-3209
-3932
-4786
-4796
-4872
-5306
-5471
-4262
-1794
675
2628
4318
5464
5477
5055
5095
5481
5705
5613
5784
6189
6188
5575
4451
3281
1752
340
-287
-111
467
1259
2530
4321
6161
8043
9508
10306
10028
8513
6244
3283
412
-1302
-1040
110
292
-948
-3090
-5562
-8155
-10711
-11633
-10081
-6758
-2986
330
2691
3743
3342
1826
247
-453
169
1661
2837
3193
2698
1595
-105
-2693
-5463
-7744
-9460
-10429
-10272
-8655
-5911
-3419
-2046
-1840
-2307
-2970
-3340
-3066
-1984
-423
1665
3809
5088
4999
3410
1109
-983
-2390
-3021
-2655
-1809
-1595
-2257
-3275
-3970
-4188
-4510
-4843
-4773
-4162
-3442
-2611
-1274
395
1888
2846
3476
4112
4621
4916
5223
5987
6983
7651
7750
7143
5906
4252
2647
1719
1517
1587
1667
1889
2370
2880
3402
4078
4853
5350
5558
5573
5916
6990
8095
8569
8285
6858
4388
1619
-1018
-3070
-4366
-5337
-5706
-5734
-5896
-6185
-6376
-6334
-6275
-6063
-5059
-3134
-1062
335
814
904
886
291
-407
-988
-2037
-3444
-4897
-5917
-6166
-6158
-5931
-5357
-4932
-4890
-4945
-4634
-4037
-3460
-2716
-1561
-189
884
1465
1513
1281
650
-315
-996
-1424
-1894
-2329
-2647
-2717
-2651
-2610
-2638
-2599
-2507
-2674
-2829
-2836
-2471
-1539
-598
320
1312
2288
3025
3496
4130
5091
6227
7201
7931
8397
8432
7893
7009
6313
5872
5440
5271
5243
5117
4958
4611
4256
4066
4056
4475
5301
6305
7019
7428
7328
6842
6206
5112
3765
1788
-512
-2372
-3840
-4744
-5620
-6698
-7946
-9281
-10179
-9979
-8854
-7640
-6727
-6126
-5257
-3984
-2669
-1293
-331
-119
-542
-1368
-1800
-1779
-2037
-2578
-3393
-4147
-4499
-4639
-4570
-4405
-4421
-4460
-4215
-3662
-2662
-1440
-455
304
693
771
747
623
449
254
85
-190
-539
-817
-1109
-1519
-2044
-2585
-2900
-3099
-3276
-3146
-2683
-2197
-2008
-1914
-1571
-847
192
1346
2747
4345
5694
6752
7731
8566
9031
9023
8739
8556
8546
8511
8353
8015
7351
6238
4867
3826
3324
3195
3499
3838
4046
4067
3867
3759
3731
3488
2696
1698
819
7
-675
-1560
-2717
-4144
-5676
-6871
-7206
-6851
-6584
-6510
-6434
-6143
-5606
-4957
-4175
-3512
-3283
-3376
-3167
-2232
-1170
-694
-779
-1346
-2171
-2962
-3434
-3442
-3294
-3460
-3852
-3953
-3755
-3397
-2918
-2497
-2257
-2222
-2217
-1934
-1460
-1065
-843
-695
-605
-568
-419
-153
61
16
-457
-1020
-1428
-1615
-1542
-1402
-1378
-1540
-1804
-2187
-2437
-2223
-1618
-774
151
1174
2480
4008
5580
7072
8379
9304
9859
10257
10583
10750
10779
10407
9522
8410
7253
6319
5726
5095
4331
3445
2481
1599
970
618
394
-227
-961
-1374
-1479
-1322
-1473
-1972
-2568
-3492
-4398
-4730
-4588
-4483
-4611
-4680
-4357
-3786
-3254
-2937
-2821
-3020
-3475
-3655
-3290
-2762
-2353
-2133
-2066
-1997
-1936
-1863
-1674
-1587
-1646
-1783
-1797
-1720
-1752
-1864
-1978
-2037
-2067
-2164
-2246
-2242
-2355
-2555
-2699
-2821
-2762
-2552
-2369
-2150
-1844
-1480
-1269
-1346
-1410
-1220
-902
-779
-829
-740
-616
-548
-475
-362
-49
260
469
839
1560
2637
3747
4756
5857
6993
8028
8815
9228
9455
9407
8917
8390
8135
8091
8083
7619
6748
5573
4130
2931
2055
1488
812
-427
-1519
-2282
-2732
-2977
-3241
-3584
-3974
-4361
-4367
-3596
-2712
-2227
-2226
-2399
-2249
-1983
-1463
-836
-628
-769
-1146
-1284
-1037
-1009
-1301
-1849
-2656
-3413
-3757
-3557
-2950
-2342
-2004
-1803
-1531
-1277
-1036
-929
-987
-1275
-1696
-1946
-2024
-1971
-2078
-2286
-2464
-2748
-2967
-3101
-3171
-3123
-3121
-3132
-3133
-3081
-2876
-2664
-2540
-2418
-2173
-1852
-1568
-1101
-476
153
623
811
1110
1707
2432
3253
4153
5092
5922
6572
7052
7411
7717
7697
7397
6977
6700
6843
7178
7282
6998
6350
5368
4454
3687
3227
2928
2212
1372
665
106
-380
-1039
-1969
-3021
-4011
-4664
-4470
-3732
-3196
-3016
-2929
-2703
-2333
-1781
-1170
-657
-450
-634
-609
-189
56
8
-383
-1152
-1919
-2601
-3064
-3223
-3403
-3599
-3668
-3625
-3438
-3068
-2699
-2392
-2166
-2166
-2123
-2010
-2001
-2029
-2088
-2203
-2400
-2499
-2368
-2099
-1850
-1723
-1686
-1658
-1664
-1643
-1453
-1215
-1197
-1347
-1425
-1373
-1004
-424
108
585
833
1041
1440
2016
2761
3579
4335
4994
5756
6563
7147
7456
7284
6726
6094
5570
5535
5770
5749
5355
4563
3544
2807
2297
1907
1677
1003
69
-513
-741
-644
-742
-1303
-2070
-2808
-3300
-3294
-2834
-2413
-2367
-2529
-2604
-2442
-2041
-1601
-1345
-1178
-1118
-974
-365
232
567
642
230
-300
-810
-1147
-1221
-1230
-1302
-1510
-1764
-1898
-1895
-1924
-1940
-2011
-2185
-2370
-2461
-2370
-2153
-1985
-2077
-2386
-2691
-2835
-2758
-2501
-2227
-2049
-1968
-2127
-2214
-2098
-2013
-1994
-2066
-2043
-1869
-1464
-792
-146
451
860
1090
1527
2192
2978
3835
4561
5114
5691
6252
6571
6720
6578
6043
5413
4756
4494
4575
4444
4144
3420
2471
1747
1192
1021
1195
1024
536
144
-209
-409
-566
-1041
-1597
-2084
-2577
-2734
-2485
-2230
-2258
-2437
-2374
-2044
-1500
-1019
-765
-454
-418
-469
-147
302
645
622
224
-191
-471
-677
-733
-659
-643
-776
-1079
-1260
-1202
-1151
-1070
-1015
-1149
-1355
-1546
-1686
-1701
-1755
-1951
-2206
-2506
-2744
-2726
-2481
-2306
-2201
-1998
-1877
-1591
-1217
-1046
-1137
-1565
-2048
-2362
-2241
-1760
-1268
-743
-473
-305
200
903
1990
3290
4361
5406
6444
7223
7737
7919
7597
7070
6407
5605
5414
5314
4818
4255
3052
1673
557
-492
-981
-1107
-1451
-1830
-1864
-1743
-1507
-1345
-1579
-1992
-2379
-2637
-2475
-1869
-1484
-1590
-1849
-2112
-2318
-2329
-2303
-2203
-2073
-2061
-1776
-1115
-405
107
224
170
48
-169
-178
-23
117
289
284
193
234
192
-19
-183
-416
-810
-1158
-1371
-1428
-1429
-1418
-1503
-1651
-1907
-2246
-2317
-2200
-2090
-1992
-1881
-1794
-1674
-1446
-1221
-1088
-1191
-1396
-1535
-1316
-836
-439
13
260
324
495
711
1131
1749
2224
2809
3652
4597
5478
6050
6281
6190
5737
5283
5377
5652
5801
5624
4744
3619
2413
1150
334
-288
-1205
-2072
-2665
-2902
-2746
-2630
-2714
-2908
-3122
-3338
-3115
-2317
-1686
-1349
-1126
-991
-821
-635
-620
-660
-825
-1349
-1679
-1583
-1364
-1140
-1169
-1350
-1553
-1752
-1675
-1330
-914
-501
-221
-10
223
392
525
609
520
188
-190
-500
-728
-872
-954
-1019
-1183
-1539
-2001
-2225
-2306
-2454
-2548
-2598
-2575
-2415
-2073
-1619
-1222
-1094
-1107
-1054
-855
-420
61
485
765
859
1015
1440
2234
3116
3763
4306
4786
5235
5649
5850
5805
5516
4807
3981
3757
3902
3966
3932
3500
2741
2128
1510
1035
919
341
-665
-1418
-1975
-2257
-2380
-2650
-3040
-3344
-3686
-3742
-3135
-2552
-2327
-2187
-2045
-1713
-1224
-759
-321
-22
-65
-238
-97
136
182
-5
-435
-894
-1360
-1694
-1765
-1782
-1729
-1727
-1794
-1641
-1366
-1052
-632
-247
-28
119
155
122
84
-14
-217
-515
-930
-1368
-1557
-1598
-1675
-1785
-1841
-1974
-2228
-2220
-2069
-1842
-1674
-1656
-1483
-1111
-489
222
899
1398
1558
1699
1990
2522
3347
4108
4704
5264
5752
6104
6381
6452
6202
5702
5076
4698
4779
4843
4526
3860
2648
1400
546
-91
-228
-446
-1103
-1738
-2211
-2462
-2575
-2780
-3257
-3723
-4064
-4092
-3488
-2775
-2371
-2301
-2415
-2389
-2253
-1985
-1713
-1448
-1276
-1196
-794
-280
98
219
-102
-537
-906
-1145
-1022
-792
-720
-712
-803
-946
-1050
-1245
-1452
-1515
-1594
-1669
-1584
-1386
-1153
-1051
-951
-875
-923
-1042
-1114
-991
-829
-790
-847
-980
-1309
-1677
-1925
-2044
-2120
-2287
-2288
-2056
-1586
-831
-106
502
983
1265
1652
2392
3328
4263
5035
5658
6262
6840
7266
7346
7088
6429
5444
4670
4581
4763
4791
4522
3493
2266
1242
272
-132
-245
-791
-1452
-1861
-2137
-2115
-2159
-2649
-3263
-3806
-4226
-4058
-3225
-2528
-2162
-2001
-1958
-1751
-1457
-1328
-1266
-1211
-1388
-1397
-982
-464
-11
-13
-400
-866
-1334
-1538
-1456
-1234
-963
-861
-875
-824
-932
-1090
-1154
-1402
-1653
-1827
-2001
-1963
-1840
-1813
-1791
-1910
-2273
-2506
-2398
-2112
-1673
-1161
-810
-651
-656
-670
-504
-365
-499
-745
-862
-835
-508
123
775
1249
1473
1546
1849
2559
3472
4405
5224
5837
6277
6764
7210
7396
7265
6696
5871
5168
4976
4947
4694
4258
3147
1757
689
-394
-1043
-1302
-2076
-2836
-3172
-3423
-3295
-3115
-3421
-3786
-4044
-4320
-4118
-3427
-2822
-2508
-2262
-2086
-1808
-1307
-977
-830
-674
-801
-840
-540
-281
-74
-163
-528
-945
-1282
-1419
-1426
-1356
-1159
-1087
-1054
-884
-874
-846
-813
-1003
-1105
-1209
-1433
-1524
-1530
-1590
-1616
-1713
-1958
-2146
-2219
-2134
-1864
-1502
-1246
-1181
-1075
-939
-696
-410
-320
-189
-72
53
524
1081
1623
2083
2295
2492
2817
3376
4074
4770
5395
5856
6288
6702
6846
6767
6410
5723
4954
4540
4584
4655
4613
4047
2978
2004
1169
501
160
-370
-1451
-2288
-2944
-3381
-3314
-3503
-3987
-4403
-4759
-4759
-4098
-3280
-2842
-2616
-2552
-2476
-2085
-1549
-1140
-824
-768
-898
-707
-327
-32
62
-229
-726
-1198
-1495
-1456
-1280
-1125
-1029
-1263
-1403
-1436
-1525
-1408
-1378
-1457
-1534
-1660
-1808
-1726
-1610
-1662
-1648
-1743
-1947
-1967
-1888
-1738
-1535
-1442
-1501
-1603
-1578
-1484
-1208
-879
-728
-505
-267
112
850
1605
2343
2911
3324
3772
4341
5185
5963
6619
7125
7260
7230
7170
6964
6655
6238
5473
4723
4305
3881
3517
3189
2386
1332
525
-287
-774
-930
-1493
-2024
-2434
-3026
-3364
-3464
-3769
-4160
-4491
-4859
-4797
-4394
-4098
-3761
-3431
-3214
-3011
-2549
-2097
-1688
-1287
-1140
-879
-487
-224
-128
-244
-507
-785
-1015
-1019
-946
-926
-869
-1072
-1203
-1228
-1407
-1428
-1407
-1418
-1411
-1380
-1486
-1597
-1554
-1616
-1553
-1482
-1521
-1501
-1474
-1360
-1224
-1028
-873
-979
-989
-1033
-1026
-830
-809
-635
-449
-202
281
817
1476
1987
2471
3038
3665
4526
5400
6251
6995
7455
7651
7689
7653
7297
6732
5935
5087
4652
4238
3772
3294
2288
1000
-15
-854
-1220
-1361
-1930
-2487
-2933
-3348
-3446
-3343
-3477
-3820
-4225
-4607
-4415
-3889
-3527
-3335
-3312
-3398
-3435
-3164
-2763
-2290
-1939
-1868
-1633
-1210
-726
-354
-284
-430
-743
-1048
-1056
-928
-737
-408
-458
-619
-736
-1167
-1372
-1427
-1646
-1713
-1759
-1927
-1992
-1890
-1795
-1615
-1518
-1676
-1700
-1592
-1364
-981
-528
-303
-372
-382
-447
-381
-144
-160
-41
76
225
716
1312
1964
2391
2665
2979
3403
4198
5083
5978
6840
7339
7661
7806
7776
7537
6949
6120
5417
5103
4824
4503
3957
2800
1515
272
-744
-1218
-1691
-2374
-2931
-3383
-3640
-3665
-3684
-3900
-4156
-4420
-4502
-4058
-3501
-3060
-2782
-2693
-2631
-2603
-2467
-2367
-2283
-2248
-2247
-1985
-1608
-1205
-1002
-1042
-1121
-1327
-1412
-1282
-1136
-945
-684
-586
-525
-431
-663
-839
-980
-1277
-1458
-1700
-2030
-2251
-2308
-2313
-2254
-2227
-2364
-2447
-2401
-2161
-1677
-1105
-709
-540
-345
-178
42
300
395
561
669
874
1364
1959
2559
2926
3180
3505
3890
4568
5396
6171
6865
7389
7674
7826
7771
7355
6832
6204
5720
5580
5275
4826
4119
2883
1760
724
-216
-792
-1648
-2554
-3166
-3650
-3887
-3993
-4254
-4689
-4993
-5149
-4919
-4312
-3788
-3464
-3253
-2956
-2587
-2106
-1686
-1524
-1451
-1600
-1721
-1492
-1298
-1123
-1189
-1625
-1958
-2238
-2350
-2131
-1925
-1808
-1609
-1463
-1301
-979
-909
-938
-986
-1191
-1296
-1387
-1445
-1570
-1667
-1740
-1936
-1966
-2143
-2395
-2399
-2415
-2227
-1870
-1610
-1372
-1094
-772
-496
-185
11
187
472
874
1552
2296
2938
3407
3655
3981
4403
5025
5735
6346
6914
7273
7556
7732
7687
7434
6952
6328
5872
5747
5566
5265
4750
3616
2538
1640
681
232
-351
-1206
-1804
-2462
-3019
-3308
-3677
-4276
-4708
-5031
-5183
-4831
-4468
-4173
-3831
-3554
-3235
-2775
-2267
-2010
-1757
-1536
-1477
-1187
-998
-955
-1002
-1373
-1736
-2056
-2326
-2417
-2559
-2638
-2531
-2500
-2397
-2163
-2125
-2008
-1881
-1883
-1748
-1710
-1825
-1896
-1912
-1898
-1810
-1728
-1804
-1919
-1896
-1794
-1619
-1311
-1180
-1151
-975
-895
-620
-232
-68
184
468
853
1517
2289
3021
3578
4048
4461
4996
5832
6630
7360
8005
8287
8439
8438
8013
7564
6961
6162
5844
5716
5409
5175
4485
3296
2452
1514
659
343
-378
-1057
-1415
-1937
-2320
-2538
-3075
-3760
-4175
-4536
-4537
-4204
-4115
-4067
-4016
-4010
-3855
-3456
-3101
-2911
-2653
-2507
-2206
-1640
-1263
-906
-885
-1224
-1512
-1855
-1953
-1895
-1981
-2053
-2161
-2363
-2430
-2439
-2532
-2536
-2624
-2691
-2591
-2555
-2427
-2287
-2166
-2051
-2005
-1900
-1915
-1899
-1740
-1576
-1270
-1028
-924
-783
-706
-612
-473
-382
-320
-221
12
502
1214
1987
2617
3112
3529
3981
4638
5465
6365
7141
7702
8105
8496
8680
8472
8104
7395
6537
6079
5797
5542
5235
4425
3171
2229
1277
463
154
-561
-1231
-1609
-2090
-2213
-2111
-2392
-2892
-3237
-3610
-3677
-3344
-3182
-3016
-2923
-3005
-2905
-2629
-2427
-2378
-2329
-2393
-2379
-2125
-1901
-1687
-1659
-1907
-2081
-2269
-2375
-2337
-2362
-2330
-2304
-2334
-2267
-2225
-2315
-2383
-2566
-2743
-2829
-3007
-3102
-3106
-3077
-2977
-2840
-2710
-2702
-2690
-2577
-2359
-2023
-1694
-1424
-1166
-963
-743
-411
-189
-71
31
153
495
1072
1686
2277
2768
3156
3615
4227
5006
5870
6665
7298
7753
8229
8470
8287
8014
7469
6770
6476
6290
5947
5671
4852
3656
2942
2022
1182
778
-119
-931
-1376
-1917
-2165
-2157
-2554
-3048
-3205
-3408
-3265
-2861
-2743
-2716
-2693
-2740
-2628
-2234
-2037
-2069
-1977
-2102
-2107
-1756
-1612
-1475
-1547
-1927
-2190
-2370
-2482
-2487
-2535
-2621
-2690
-2745
-2724
-2728
-2757
-2709
-2809
-2818
-2791
-2996
-3046
-3101
-3073
-2891
-2814
-2777
-2852
-2940
-2900
-2665
-2305
-2046
-1834
-1650
-1535
-1274
-896
-600
-414
-213
40
516
1218
1893
2533
3010
3329
3744
4354
5081
5868
6538
7005
7377
7766
7866
7688
7516
6988
6518
6456
6276
6027
5692
4703
3675
3069
2139
1585
1207
300
-281
-704
-1215
-1368
-1510
-2150
-2661
-2933
-3174
-2917
-2569
-2461
-2356
-2341
-2380
-2186
-1832
-1713
-1695
-1677
-1821
-1668
-1442
-1376
-1238
-1431
-1776
-2021
-2290
-2399
-2460
-2569
-2558
-2592
-2672
-2682
-2846
-2913
-2916
-3058
-3102
-3288
-3585
-3690
-3690
-3560
-3343
-3240
-3292
-3373
-3375
-3196
-2874
-2520
-2314
-2157
-1897
-1657
-1239
-775
-605
-438
-283
-26
626
1371
2085
2679
3058
3400
3909
4645
5418
6210
6868
7255
7694
7873
7679
7479
7024
6466
6342
6282
6004
5835
5044
3983
3411
2488
1787
1385
550
-81
-459
-827
-978
-1008
-1522
-2085
-2335
-2587
-2439
-2107
-2011
-1970
-1998
-2042
-1866
-1464
-1257
-1234
-1198
-1359
-1312
-1073
-975
-816
-946
-1339
-1619
-1872
-2021
-2095
-2234
-2361
-2430
-2528
-2565
-2574
-2674
-2653
-2784
-2901
-2967
-3256
-3440
-3554
-3489
-3363
-3329
-3316
-3520
-3587
-3578
-3438
-3065
-2944
-2822
-2634
-2447
-2019
-1487
-1066
-848
-654
-419
35
794
1483
2162
2610
2876
3318
3868
4611
5321
5893
6356
6696
7102
7247
7123
6918
6450
6065
6039
6033
5854
5624
4796
3878
3343
2493
1944
1462
649
99
-305
-662
-799
-977
-1588
-2090
-2305
-2436
-2185
-1872
-1786
-1782
-1860
-1885
-1685
-1346
-1214
-1226
-1191
-1280
-1181
-1004
-897
-786
-1016
-1265
-1515
-1797
-1854
-1908
-2012
-1987
-2074
-2330
-2399
-2568
-2635
-2519
-2643
-2729
-2920
-3271
-3442
-3418
-3261
-3119
-3083
-3171
-3345
-3336
-3153
-2886
-2623
-2606
-2609
-2490
-2323
-1914
-1439
-1214
-1107
-963
-715
-125
653
1352
1961
2319
2633
3156
3824
4652
5376
5938
6365
6713
7003
6941
6722
6356
5846
5640
5647
5530
5382
4935
4036
3481
2881
2218
1889
1241
660
338
87
-71
-175
-578
-1232
-1593
-1872
-1849
-1539
-1426
-1384
-1411
-1460
-1420
-1195
-975
-946
-940
-978
-966
-779
-606
-490
-538
-739
-1023
-1372
-1579
-1698
-1852
-1868
-1931
-2151
-2254
-2419
-2519
-2420
-2489
-2678
-2833
-3217
-3488
-3451
-3384
-3223
-3176
-3340
-3549
-3639
-3515
-3261
-2910
-2757
-2714
-2517
-2308
-1922
-1417
-1184
-1109
-1041
-963
-608
50
740
1340
1842
2155
2476
2953
3561
4251
4922
5483
5928
6319
6500
6420
6240
5953
5586
5442
5326
5061
4873
4335
3649
3149
2406
1813
1321
712
389
177
-9
-141
-324
-726
-1091
-1266
-1361
-1211
-1097
-1086
-1086
-1113
-1089
-1016
-831
-800
-848
-870
-970
-926
-801
-714
-664
-703
-882
-1167
-1403
-1541
-1664
-1678
-1746
-1952
-2105
-2296
-2405
-2333
-2297
-2514
-2739
-3063
-3435
-3392
-3327
-3222
-3094
-3223
-3355
-3402
-3302
-3150
-2966
-2818
-2813
-2632
-2312
-1937
-1424
-1061
-878
-726
-626
-390
92
703
1246
1770
2173
2461
2848
3256
3782
4356
4867
5338
5658
5808
5725
5503
5290
5115
5077
5042
4897
4641
4111
3579
3090
2493
1966
1387
816
469
280
186
153
-77
-573
-941
-1201
-1223
-1002
-897
-861
-916
-1034
-1041
-874
-684
-639
-633
-716
-822
-730
-623
-500
-388
-500
-717
-950
-1155
-1301
-1367
-1469
-1600
-1776
-2062
-2240
-2336
-2330
-2309
-2459
-2658
-3022
-3335
-3424
-3405
-3194
-3123
-3213
-3315
-3473
-3423
-3289
-3136
-2981
-2971
-2891
-2685
-2275
-1732
-1297
-1024
-945
-899
-664
-197
446
1119
1683
2047
2356
2673
3054
3555
4041
4457
4855
5141
5172
5090
4988
4748
4625
4642
4470
4357
4139
3603
3260
2965
2386
1978
1487
850
612
478
347
426
243
-259
-510
-648
-715
-477
-358
-404
-412
-511
-525
-278
-80
-118
-219
-398
-603
-558
-402
-262
-84
-164
-433
-607
-808
-914
-909
-1010
-1126
-1284
-1517
-1604
-1626
-1640
-1741
-1951
-2249
-2584
-2755
-2852
-2850
-2788
-2849
-2905
-3000
-3051
-2965
-2879
-2782
-2740
-2666
-2510
-2267
-1901
-1529
-1205
-1036
-920
-738
-494
-62
424
906
1390
1749
2084
2419
2753
3053
3370
3655
3905
4113
4045
3849
3665
3581
3621
3716
3737
3439
2959
2472
2042
1875
1687
1242
799
341
28
53
178
185
44
-299
-626
-585
-307
-71
90
63
-62
-54
74
291
529
529
313
143
109
180
287
298
197
-11
-286
-486
-560
-555
-593
-666
-745
-863
-1007
-1172
-1282
-1404
-1568
-1803
-2096
-2327
-2546
-2637
-2626
-2638
-2658
-2796
-2948
-3024
-3030
-2910
-2812
-2739
-2702
-2650
-2492
-2255
-1925
-1644
-1414
-1214
-971
-623
-225
207
597
935
1263
1556
1893
2248
2599
2931
3140
3337
3381
3226
3001
2787
2771
2889
3024
2994
2746
2374
1989
1785
1678
1523
1193
818
528
390
449
528
477
198
-147
-350
-295
-78
94
145
113
64
116
310
517
615
527
298
153
210
300
451
508
322
73
-221
-418
-388
-338
-368
-396
-500
-662
-769
-855
-964
-1092
-1364
-1691
-1897
-2059
-2187
-2207
-2291
-2427
-2550
-2706
-2791
-2804
-2798
-2754
-2663
-2582
-2458
-2339
-2224
-2076
-1981
-1856
-1708
-1503
-1233
-935
-624
-282
101
447
753
1055
1341
1643
1948
2212
2429
2576
2562
2430
2317
2245
2249
2329
2343
2236
2046
1781
1545
1445
1313
1108
888
678
542
591
661
649
607
371
151
132
190
293
410
416
454
575
650
780
882
786
658
591
573
663
765
762
661
484
265
109
38
-27
-56
-71
-136
-182
-268
-426
-605
-806
-974
-1096
-1186
-1310
-1491
-1670
-1869
-2005
-2095
-2205
-2333
-2520
-2644
-2655
-2610
-2489
-2389
-2310
-2244
-2178
-2026
-1802
-1544
-1322
-1126
-936
-775
-521
-245
9
305
530
733
1017
1236
1434
1634
1722
1793
1843
1789
1755
1761
1754
1809
1806
1698
1627
1462
1279
1227
1094
941
775
582
526
553
579
610
616
491
404
410
447
541
635
659
699
720
694
700
721
753
818
890
881
873
828
754
751
701
612
465
250
165
153
174
184
77
-148
-408
-607
-702
-736
-834
-1019
-1265
-1492
-1616
-1652
-1662
-1721
-1857
-2027
-2195
-2244
-2199
-2159
-2139
-2206
-2268
-2258
-2158
-1947
-1719
-1514
-1349
-1191
-1000
-758
-512
-271
-38
154
359
557
721
859
948
990
1053
1080
1150
1276
1326
1362
1399
1332
1269
1216
1185
1201
1195
1134
985
872
693
566
546
497
477
466
414
393
432
426
444
513
497
517
562
570
672
751
814
885
899
895
874
852
818
779
754
700
683
695
664
638
606
531
454
358
228
113
-30
-184
-312
-472
-636
-814
-1008
-1187
-1332
-1431
-1523
-1604
-1688
-1780
-1845
-1892
-1896
-1885
-1863
-1822
-1759
-1672
-1540
-1414
-1306
-1198
-1112
-1004
-855
-690
-483
-307
-151
15
150
270
341
380
365
416
516
615
789
853
833
821
739
721
760
749
744
737
704
684
660
616
531
433
360
342
395
447
471
507
523
525
552
612
659
722
781
828
930
1004
1036
1081
1091
1053
1003
952
901
888
885
849
852
796
702
658
614
554
512
442
280
162
14
-132
-250
-422
-599
-765
-936
-1051
-1113
-1220
-1350
-1493
-1641
-1762
-1820
-1842
-1845
-1846
-1845
-1813
-1739
-1635
-1559
-1464
-1386
-1310
-1175
-1072
-925
-777
-654
-510
-359
-216
-100
-27
28
97
212
340
415
480
516
529
586
602
603
612
625
697
825
947
997
967
897
814
829
871
899
927
885
844
857
900
949
961
924
858
837
878
950
1038
1053
1020
931
881
916
940
940
914
819
733
668
637
654
632
581
500
407
343
296
210
104
-49
-233
-384
-508
-595
-679
-783
-904
-1040
-1163
-1256
-1336
-1392
-1448
-1496
-1536
-1589
-1606
-1577
-1554
-1531
-1502
-1500
-1490
-1420
-1346
-1262
-1159
-1095
-1029
-917
-779
-605
-447
-323
-216
-150
-73
27
177
291
397
480
523
604
642
696
705
690
691
690
731
782
832
816
767
738
696
686
689
687
733
778
835
922
960
967
924
906
893
923
931
896
881
838
811
820
811
774
711
623
531
511
516
516
526
477
411
356
295
228
151
34
-129
-262
-414
-533
-644
-803
-956
-1125
-1287
-1443
-1541
-1608
-1671
-1685
-1734
-1779
-1783
-1788
-1773
-1742
-1720
-1714
-1690
-1646
-1579
-1482
-1402
-1308
-1239
-1168
-1047
-929
-762
-586
-437
-289
-179
-66
61
181
325
488
592
667
769
867
1001
1147
1249
1339
1357
1322
1336
1358
1408
1442
1416
1356
1257
1179
1146
1162
1154
1113
1060
1025
1018
1016
1033
1012
958
867
799
762
738
715
650
577
498
416
362
318
243
181
120
77
64
53
5
-57
-137
-227
-302
-403
-509
-626
-761
-859
-935
-1035
-1132
-1233
-1354
-1463
-1553
-1607
-1651
-1713
-1775
-1802
-1799
-1795
-1767
-1739
-1716
-1704
-1662
-1581
-1463
-1331
-1219
-1105
-999
-915
-797
-655
-506
-330
-184
-42
73
210
357
497
626
713
780
821
891
1004
1137
1302
1410
1496
1547
1569
1642
1699
1687
1654
1592
1500
1475
1465
1443
1425
1338
1225
1146
1050
998
971
924
866
811
734
673
645
589
511
447
380
327
279
202
143
64
-8
-65
-112
-162
-229
-267
-307
-350
-398
-461
-538
-637
-733
-825
-909
-998
-1103
-1189
-1283
-1364
-1402
-1454
-1495
-1527
-1592
-1631
-1656
-1635
-1590
-1524
-1483
-1454
-1402
-1353
-1260
-1161
-1056
-954
-839
-742
-621
-481
-357
-212
-52
71
193
306
432
559
679
785
834
889
933
994
1161
1318
1408
1499
1500
1493
1572
1654
1736
1804
1751
1668
1655
1606
1632
1671
1532
1439
1356
1232
1231
1212
1130
1018
882
740
704
713
603
572
453
296
263
160
82
18
-89
-210
-279
-350
-460
-513
-654
-754
-791
-914
-970
-1054
-1172
-1247
-1312
-1347
-1421
-1482
-1606
-1707
-1734
-1779
-1766
-1808
-1886
-1926
-1978
-1939
-1882
-1816
-1776
-1779
-1716
-1660
-1513
-1344
-1207
-1080
-1016
-925
-790
-610
-445
-267
-133
-47
86
231
395
550
631
712
774
853
968
1069
1183
1224
1279
1349
1418
1532
1594
1657
1714
1719
1751
1819
1860
1867
1871
1854
1856
1858
1818
1783
1715
1638
1588
1546
1504
1434
1335
1214
1121
1035
989
912
782
705
608
514
467
396
302
159
10
-134
-272
-354
-521
-624
-783
-975
-1083
-1251
-1356
-1499
-1624
-1731
-1846
-1904
-2020
-2056
-2091
-2167
-2178
-2268
-2302
-2324
-2315
-2272
-2240
-2163
-2165
-2090
-1988
-1871
-1698
-1578
-1439
-1317
-1177
-1020
-834
-601
-462
-311
-172
-46
142
297
468
629
727
818
900
1019
1115
1207
1285
1339
1399
1422
1470
1498
1523
1540
1548
1590
1603
1610
1614
1629
1669
1684
1707
1705
1664
1676
1680
1708
1736
1715
1654
1563
1532
1476
1486
1437
1327
1274
1155
1077
1037
954
849
697
536
402
283
160
51
-40
-200
-317
-481
-663
-793
-981
-1110
-1243
-1428
-1592
-1761
-1915
-2011
-2109
-2244
-2354
-2464
-2568
-2585
-2577
-2549
-2489
-2493
-2457
-2381
-2281
-2133
-1988
-1888
-1822
-1745
-1637
-1485
-1308
-1137
-995
-879
-763
-598
-416
-216
-20
136
263
386
510
652
819
948
1061
1158
1251
1358
1479
1576
1658
1715
1741
1780
1833
1875
1949
2014
2030
2022
1959
1909
1903
1907
1936
1952
1945
1930
1897
1874
1860
1842
1790
1763
1724
1672
1627
1568
1495
1367
1225
1095
907
756
616
486
365
238
124
-31
-186
-381
-550
-652
-801
-953
-1116
-1299
-1450
-1559
-1634
-1736
-1883
-2058
-2242
-2336
-2384
-2404
-2412
-2452
-2485
-2505
-2487
-2430
-2366
-2323
-2305
-2240
-2124
-1963
-1797
-1647
-1532
-1466
-1375
-1266
-1119
-934
-803
-663
-513
-385
-231
-89
28
126
214
313
451
627
760
906
1002
1074
1207
1290
1388
1466
1512
1567
1630
1721
1798
1854
1839
1791
1769
1744
1760
1802
1815
1804
1765
1740
1725
1732
1718
1679
1647
1591
1575
1561
1506
1461
1366
1232
1090
951
796
647
540
365
230
78
-114
-246
-385
-527
-683
-829
-975
-1118
-1215
-1317
-1414
-1523
-1657
-1753
-1831
-1898
-1944
-2007
-2048
-2071
-2055
-2027
-2004
-1972
-1991
-1962
-1914
-1860
-1774
-1712
-1667
-1594
-1474
-1343
-1232
-1148
-1082
-994
-871
-711
-558
-428
-329
-265
-170
-47
67
175
271
318
382
497
608
729
810
858
923
1015
1120
1232
1333
1403
1446
1509
1581
1651
1703
1727
1720
1721
1758
1792
1822
1831
1786
1756
1750
1742
1721
1684
1603
1540
1491
1446
1409
1330
1204
1091
972
859
772
655
489
299
138
-19
-166
-299
-461
-635
-816
-984
-1100
-1177
-1277
-1405
-1518
-1630
-1718
-1758
-1789
-1809
-1854
-1905
-1931
-1929
-1889
-1849
-1830
-1817
-1811
-1789
-1713
-1642
-1579
-1497
-1445
-1390
-1311
-1213
-1135
-1045
-948
-843
-738
-641
-531
-433
-354
-245
-117
3
103
200
300
389
478
582
674
751
831
888
969
1057
1139
1226
1290
1336
1401
1488
1558
1629
1693
1712
1741
1777
1800
1838
1859
1866
1882
1873
1857
1836
1799
1757
1691
1620
1537
1457
1378
1294
1202
1096
979
847
711
561
426
265
135
-10
-148
-284
-450
-614
-780
-904
-1012
-1087
-1202
-1345
-1458
-1546
-1586
-1606
-1640
-1687
-1743
-1787
-1792
-1771
-1738
-1725
-1711
-1687
-1641
-1575
-1491
-1436
-1419
-1406
-1379
-1315
-1215
-1114
-1041
-964
-888
-800
-706
-619
-529
-471
-422
-339
-227
-123
-20
67
151
255
357
472
578
665
740
825
919
1002
1071
1113
1134
1187
1241
1299
1367
1415
1451
1482
1538
1589
1641
1667
1656
1664
1668
1667
1657
1612
1566
1505
1423
1344
1268
1190
1074
975
849
748
643
525
405
276
150
8
-115
-231
-364
-495
-616
-740
-864
-972
-1090
-1188
-1274
-1346
-1374
-1404
-1417
-1441
-1485
-1510
-1538
-1545
-1532
-1520
-1486
-1472
-1456
-1436
-1412
-1389
-1359
-1325
-1301
-1277
-1219
-1162
-1099
-1039
-981
-917
-855
-779
-699
-598
-505
-421
-339
-285
-217
-120
-17
76
184
283
368
473
570
667
746
835
926
1020
1118
1218
1283
1338
1392
1424
1486
1519
1545
1583
1623
1665
1675
1684
1663
1630
1593
1562
1521
1484
1438
1350
1274
1188
1090
1003
915
809
693
592
480
363
249
118
-35
-182
-344
-480
-601
-709
-794
-893
-989
-1086
-1172
-1245
-1305
-1346
-1385
-1435
-1486
-1516
-1533
-1542
-1539
-1534
-1545
-1534
-1529
-1493
-1453
-1430
-1384
-1346
-1292
-1233
-1171
-1114
-1065
-994
-936
-872
-785
-717
-652
-568
-478
-368
-287
-211
-121
-35
55
167
287
371
452
523
606
688
762
821
869
912
952
1008
1067
1108
1153
1216
1260
1316
1380
1428
1475
1497
1505
1513
1511
1493
1470
1436
1390
1361
1319
1235
1160
1084
1023
974
902
839
757
664
584
492
399
299
166
34
-81
-194
-286
-380
-502
-643
-766
-894
-962
-1016
-1065
-1121
-1196
-1240
-1281
-1298
-1311
-1343
-1398
-1437
-1464
-1478
-1469
-1455
-1465
-1464
-1433
-1410
-1360
-1294
-1238
-1177
-1102
-1036
-958
-883
-819
-754
-688
-626
-555
-466
-399
-333
-245
-153
-63
37
143
240
327
416
497
601
689
737
800
876
928
991
1035
1089
1146
1197
1227
1268
1312
1346
1383
1418
1438
1451
1453
1439
1417
1393
1355
1300
1257
1190
1113
1049
985
909
836
749
667
570
497
435
366
274
158
62
-52
-166
-276
-370
-487
-588
-674
-760
-832
-903
-981
-1046
-1107
-1180
-1218
-1247
-1275
-1323
-1361
-1406
-1422
-1442
-1443
-1438
-1444
-1457
-1453
-1424
-1411
-1370
-1340
-1298
-1262
-1199
-1144
-1077
-988
-919
-843
-768
-693
-603
-499
-403
-315
-234
-135
-45
40
151
236
318
411
496
577
668
751
813
881
936
999
1064
1119
1163
1209
1242
1290
1341
1366
1391
1387
1386
1383
1369
1342
1325
1275
1207
1152
1082
1029
953
861
786
689
600
539
472
377
298
202
131
58
-13
-91
-181
-277
-383
-454
-538
-613
-688
-757
-826
-876
-916
-963
-987
-1014
-1043
-1086
-1117
-1146
-1168
-1200
-1213
-1222
-1226
-1236
-1251
-1242
-1231
-1234
-1224
-1188
-1161
-1132
-1088
-1028
-972
-921
-884
-831
-779
-730
-657
-598
-531
-454
-388
-309
-229
-147
-59
33
123
218
313
397
472
554
628
711
777
825
889
946
1025
1080
1126
1177
1206
1241
1260
1299
1333
1342
1352
1329
1324
1310
1270
1246
1204
1139
1059
989
932
870
805
697
613
527
431
351
270
181
92
13
-72
-142
-231
-335
-417
-488
-588
-659
-706
-767
-812
-850
-890
-910
-937
-966
-975
-1011
-1035
-1052
-1067
-1070
-1075
-1090
-1076
-1049
-1031
-1013
-1006
-1000
-973
-963
-920
-865
-843
-805
-768
-742
-706
-655
-603
-563
-504
-451
-398
-303
-231
-186
-114
-55
9
94
178
268
357
438
498
575
640
684
746
790
827
904
962
997
1042
1085
1121
1128
1140
1146
1130
1143
1152
1160
1138
1103
1056
997
957
893
856
818
748
680
615
531
458
394
319
220
132
72
2
-62
-115
-203
-277
-347
-418
-469
-510
-548
-595
-637
-684
-697
-713
-738
-760
-784
-795
-800
-799
-820
-837
-854
-870
-872
-873
-856
-859
-842
-823
-811
-788
-769
-745
-727
-687
-651
-604
-563
-523
-477
-437
-396
-345
-291
-237
-178
-115
-54
11
81
141
217
278
334
396
464
507
535
602
644
694
739
773
802
832
835
852
859
844
855
857
850
851
833
807
790
752
708
666
644
607
551
512
466
428
381
331
285
221
167
126
76
31
-32
-95
-151
-216
-263
-302
-341
-374
-404
-443
-465
-501
-526
-546
-585
-614
-645
-683
-695
-686
-710
-736
-731
-757
-757
-744
-741
-741
-732
-734
-724
-695
-690
-679
-647
-624
-600
-574
-536
-482
-436
-404
-360
-316
-274
-212
-152
-105
-42
17
72
137
205
254
306
364
417
474
540
599
645
700
739
794
834
858
888
885
912
913
914
930
907
879
868
845
824
795
752
728
691
627
588
554
495
433
377
337
296
249
203
160
111
45
-2
-69
-131
-170
-214
-248
-293
-338
-365
-402
-442
-457
-494
-525
-536
-570
-587
-597
-635
-675
-692
-707
-692
-688
-705
-696
-724
-731
-720
-709
-687
-671
-664
-633
-600
-581
-546
-521
-511
-475
-450
-429
-377
-331
-303
-258
-201
-149
-74
-10
30
115
172
231
320
374
422
498
533
571
622
675
720
750
756
767
802
805
813
824
825
830
836
816
810
785
757
728
673
630
603
584
525
488
444
377
327
264
222
190
144
112
68
31
5
-46
-84
-100
-147
-174
-182
-215
-250
-263
-303
-330
-329
-367
-397
-401
-413
-416
-419
-453
-496
-500
-514
-528
-509
-534
-553
-551
-574
-576
-562
-572
-568
-545
-557
-542
-500
-492
-479
-452
-448
-411
-350
-327
-287
-216
-175
-127
-63
-21
39
89
126
193
253
292
358
405
432
490
523
554
609
647
674
715
721
700
720
712
687
697
698
686
686
679
670
649
633
604
556
527
505
461
421
387
323
261
222
151
97
53
0
-35
-73
-113
-133
-173
-198
-219
-241
-258
-279
-295
-324
-352
-372
-404
-421
-444
-481
-507
-532
-555
-567
-571
-589
-591
-580
-593
-590
-584
-588
-566
-557
-557
-553
-542
-536
-524
-492
-482
-449
-408
-363
-327
-279
-225
-185
-123
-64
-13
51
107
150
208
273
330
383
445
488
555
597
625
680
711
736
777
803
818
829
833
849
838
824
809
789
739
702
681
648
611
573
541
483
443
403
350
310
261
182
136
92
32
-9
-56
-127
-164
-188
-244
-267
-281
-315
-344
-356
-379
-391
-411
-435
-437
-466
-484
-489
-512
-523
-520
-572
-572
-544
-565
-563
-546
-569
-568
-557
-570
-562
-537
-546
-528
-496
-486
-451
-432
-423
-397
-383
-350
-295
-264
-226
-193
-171
-127
-62
-32
30
90
123
199
243
305
373
397
430
496
528
570
628
656
689
736
735
751
793
789
778
806
788
772
772
737
721
696
670
657
618
591
565
503
468
428
358
295
241
185
139
91
38
-28
-92
-139
-176
-207
-246
-280
-324
-349
-360
-400
-419
-427
-496
-521
-520
-566
-561
-561
-607
-601
-601
-638
-620
-616
-659
-639
-614
-639
-615
-591
-603
-576
-551
-539
-490
-466
-451
-391
-347
-315
-271
-237
-188
-144
-104
-47
-2
33
76
146
194
271
316
348
410
455
498
546
595
629
678
727
759
801
822
853
887
906
934
948
927
917
922
892
890
884
838
810
777
733
696
670
619
572
532
461
393
340
274
214
157
96
30
-24
-69
-117
-165
-204
-269
-325
-346
-406
-437
-455
-519
-565
-572
-626
-659
-659
-704
-739
-742
-761
-781
-769
-780
-795
-801
-813
-820
-820
-808
-798
-785
-764
-737
-714
-669
-618
-578
-538
-496
-464
-426
-376
-317
-235
-194
-151
-89
-36
11
80
135
172
237
300
341
405
441
467
542
574
609
654
693
711
749
804
822
853
866
858
866
883
889
890
894
876
858
829
791
760
730
700
653
599
569
513
461
434
370
311
274
210
172
158
106
63
25
-40
-87
-113
-191
-244
-273
-345
-390
-418
-470
-503
-536
-590
-613
-617
-640
-661
-678
-707
-708
-716
-740
-746
-731
-724
-736
-717
-707
-709
-688
-684
-666
-625
-580
-560
-517
-462
-425
-372
-323
-275
-215
-151
-111
-51
13
59
117
180
227
290
349
392
456
510
554
580
618
645
677
725
737
755
783
804
809
847
863
859
873
873
865
866
848
819
797
757
702
668
623
559
530
492
428
376
329
258
200
140
83
38
-29
-70
-118
-181
-227
-279
-334
-382
-406
-468
-518
-520
-557
-610
-633
-680
-720
-742
-781
-805
-819
-833
-854
-857
-880
-880
-859
-870
-862
-852
-834
-826
-788
-767
-739
-693
-684
-635
-568
-512
-455
-411
-356
-307
-264
-200
-141
-80
-19
54
129
215
281
352
407
457
492
555
611
647
689
726
758
775
809
815
849
868
870
901
915
897
894
888
870
852
830
820
792
759
726
694
649
608
571
511
471
430
369
323
276
210
145
97
27
-21
-79
-138
-181
-237
-275
-330
-379
-428
-444
-463
-488
-516
-560
-599
-595
-592
-638
-647
-670
-701
-708
-720
-731
-751
-756
-767
-757
-746
-729
-731
-700
-652
-648
-601
-559
-522
-472
-412
-381
-355
-310
-271
-215
-170
-137
-81
-38
13
66
131
181
220
269
322
369
423
476
518
555
584
632
661
681
711
746
761
772
794
812
809
797
791
788
771
748
732
711
688
677
646
601
556
516
481
439
378
339
302
262
208
159
103
41
4
-32
-79
-134
-169
-213
-252
-294
-325
-356
-404
-444
-474
-491
-517
-547
-573
-580
-611
-648
-654
-681
-709
-697
-708
-721
-717
-725
-715
-700
-690
-703
-695
-679
-660
-606
-557
-527
-493
-464
-442
-393
-327
-294
-257
-204
-160
-103
-46
-4
43
93
130
193
259
307
368
424
466
508
554
595
638
667
696
721
733
757
787
806
818
807
806
803
786
781
758
730
706
657
622
595
532
470
432
384
334
300
262
228
194
137
90
56
-8
-59
-96
-139
-200
-247
-292
-343
-358
-387
-422
-449
-482
-512
-530
-540
-557
-574
-618
-634
-661
-678
-679
-690
-690
-702
-680
-681
-676
-653
-647
-636
-629
-615
-603
-576
-540
-515
-500
-483
-464
-427
-391
-364
-332
-297
-256
-216
-165
-116
-62
-18
26
80
136
168
220
265
310
365
406
443
483
546
564
609
652
665
700
705
726
740
726
714
717
711
694
693
665
645
619
574
535
496
459
422
385
340
304
266
220
181
144
93
48
10
-37
-68
-109
-162
-192
-234
-276
-297
-349
-382
-416
-454
-481
-514
-541
-563
-582
-606
-624
-650
-668
-682
-683
-693
-692
-707
-714
-703
-694
-664
-663
-651
-623
-595
-584
-569
-542
-512
-481
-443
-393
-354
-313
-291
-245
-193
-164
-124
-68
-12
29
88
116
162
225
264
300
346
392
426
462
494
528
547
577
595
625
650
646
667
674
663
647
636
621
606
594
553
523
500
489
462
416
382
354
318
257
223
197
145
105
75
26
-8
-68
-115
-148
-188
-225
-269
-300
-355
-401
-438
-466
-486
-525
-560
-594
-612
-645
-683
-704
-713
-721
-739
-738
-742
-736
-723
-736
-722
-719
-714
-690
-673
-656
-634
-599
-596
-569
-527
-510
-463
-415
-376
-326
-285
-269
-223
-156
-103
-57
-7
46
95
154
204
255
307
332
367
412
465
493
512
534
552
584
616
623
624
648
636
624
631
618
615
603
572
535
542
514
477
461
433
406
358
329
300
268
224
193
168
134
99
65
32
-4
-45
-85
-118
-154
-170
-214
-248
-276
-313
-355
-390
-424
-447
-484
-510
-532
-549
-564
-602
-628
-629
-638
-660
-662
-647
-650
-654
-649
-656
-638
-641
-631
-607
-594
-573
-547
-521
-484
-450
-417
-387
-351
-297
-250
-205
-166
-120
-62
-19
29
84
135
178
211
258
316
368
408
427
465
505
528
569
605
620
631
645
651
659
685
672
648
642
634
629
614
601
594
573
544
514
492
462
426
392
352
307
269
236
195
173
118
90
64
20
-18
-61
-83
-128
-158
-187
-229
-268
-309
-343
-377
-409
-420
-451
-480
-496
-548
-562
-579
-616
-624
-630
-625
-636
-625
-629
-631
-625
-621
-605
-575
-556
-544
-529
-496
-457
-442
-400
-363
-316
-269
-222
-181
-151
-93
-60
-15
45
84
133
185
238
291
330
355
405
453
488
535
560
591
632
660
673
707
720
726
760
756
766
773
765
765
765
757
734
717
693
661
611
591
554
521
490
445
410
370
322
282
251
218
177
135
97
49
14
-26
-83
-125
-156
-196
-222
-261
-294
-330
-382
-423
-442
-468
-508
-541
-563
-573
-604
-621
-635
-643
-637
-649
-641
-643
-638
-632
-630
-615
-601
-591
-582
-546
-531
-504
-475
-439
-413
-375
-328
-294
-259
-226
-195
-161
-119
-77
-22
23
68
107
154
203
237
285
338
379
400
437
467
496
518
531
546
569
577
583
603
612
610
617
599
583
590
582
565
549
520
493
478
454
436
417
389
366
348
320
287
270
227
195
171
136
105
68
30
-13
-50
-86
-109
-151
-193
-212
-258
-284
-307
-342
-354
-378
-407
-436
-453
-480
-507
-526
-538
-560
-555
-551
-552
-546
-536
-517
-513
-490
-464
-441
-425
-404
-383
-367
-339
-310
-272
-243
-230
-201
-174
-128
-81
-48
-17
27
66
109
162
192
215
251
311
329
366
392
413
447
465
474
491
505
511
531
535
531
526
529
517
524
518
504
510
497
488
475
447
427
418
404
383
369
330
303
283
248
229
199
149
122
66
16
-13
-50
-103
-160
-195
-231
-271
-314
-345
-370
-399
-423
-452
-477
-487
-523
-552
-568
-581
-598
-611
-615
-633
-620
-637
-644
-636
-632
-616
-633
-602
-577
-548
-523
-512
-478
-445
-416
-381
-349
-329
-299
-264
-233
-181
-139
-114
-61
-25
7
51
74
105
155
180
208
249
287
311
348
385
402
440
466
474
484
499
518
522
522
535
527
525
538
523
523
512
506
493
476
472
464
438
421
408
371
340
308
299
278
261
231
194
170
138
92
38
22
-23
-52
-78
-126
-147
-175
-225
-277
-297
-332
-382
-403
-420
-444
-475
-510
-519
-527
-540
-578
-582
-553
-568
-582
-567
-566
-567
-568
-571
-555
-519
-499
-480
-459
-440
-412
-398
-376
-336
-293
-275
-241
-201
-141
-103
-76
-40
-6
47
69
101
146
188
230
249
276
318
330
348
376
407
426
432
454
474
500
506
499
498
516
511
500
496
493
478
445
432
419
413
396
363
338
321
289
264
234
204
181
147
122
92
41
-5
-29
-57
-90
-124
-157
-187
-210
-237
-269
-300
-328
-354
-378
-400
-437
-448
-475
-493
-494
-509
-520
-535
-530
-527
-537
-524
-525
-516
-495
-498
-479
-454
-443
-413
-394
-396
-366
-326
-300
-266
-254
-230
-197
-156
-97
-61
-44
15
56
98
131
167
209
225
260
286
314
334
354
388
415
428
447
462
488
495
505
514
508
501
496
499
490
479
468
459
462
457
439
434
419
392
379
360
340
328
307
276
239
204
154
111
84
56
27
1
-35
-63
-92
-121
-148
-163
-169
-204
-246
-271
-287
-303
-318
-347
-354
-366
-385
-399
-409
-416
-429
-434
-440
-428
-421
-436
-429
-413
-403
-389
-376
-345
-331
-320
-305
-282
-253
-220
-193
-172
-151
-131
-113
-83
-57
-28
-7
21
58
83
112
139
175
197
220
248
253
281
290
292
309
311
329
343
376
401
406
410
408
415
404
397
390
397
381
372
364
368
352
322
315
306
319
295
290
276
267
242
203
174
154
129
99
80
61
33
-20
-31
-51
-84
-115
-161
-175
-190
-209
-238
-248
-250
-280
-291
-303
-313
-326
-349
-354
-365
-375
-374
-372
-357
-363
-374
-374
-360
-344
-331
-320
-301
-286
-272
-262
-251
-228
-221
-209
-186
-148
-118
-104
-81
-54
-23
1
37
73
117
135
159
205
228
235
269
303
331
352
342
360
368
386
378
389
413
421
432
407
409
418
406
400
401
398
384
384
363
351
346
312
300
283
271
250
215
205
184
148
106
77
60
32
-14
-37
-37
-61
-100
-123
-135
-137
-159
-194
-202
-218
-234
-242
-233
-238
-259
-269
-285
-278
-280
-296
-290
-282
-278
-262
-252
-246
-227
-221
-207
-183
-175
-166
-158
-133
-110
-89
-89
-68
-37
-12
13
26
43
57
60
54
74
101
117
160
204
236
270
291
304
331
338
325
327
327
315
321
340
348
376
379
385
396
382
364
359
354
337
326
312
298
291
292
286
274
274
265
250
240
224
207
168
133
114
100
63
31
16
-7
-28
-57
-82
-82
-99
-133
-151
-184
-196
-207
-206
-217
-234
-245
-260
-261
-274
-294
-315
-319
-319
-321
-332
-318
-319
-338
-335
-324
-309
-297
-293
-281
-278
-261
-245
-238
-206
-184
-174
-157
-135
-113
-88
-64
-34
-14
11
41
70
94
108
129
149
183
196
228
239
259
282
293
290
278
283
300
307
305
301
300
293
303
318
330
334
318
312
297
303
292
274
265
241
222
208
174
158
150
132
112
99
95
65
39
13
9
-11
-45
-63
-80
-108
-150
-165
-173
-209
-252
-275
-290
-303
-309
-329
-323
-334
-346
-354
-361
-384
-379
-373
-369
-356
-354
-349
-330
-321
-305
-297
-287
-266
-245
-221
-196
-188
-161
-134
-117
-100
-86
-74
-55
-16
-4
1
11
52
68
73
84
101
115
132
160
185
192
178
173
196
217
215
227
240
248
245
249
260
261
275
280
286
285
285
263
257
247
238
235
212
204
198
195
183
170
166
152
140
108
79
65
34
33
28
13
-4
-16
-37
-46
-76
-104
-114
-135
-157
-177
-190
-202
-223
-228
-231
-250
-246
-255
-262
-259
-255
-254
-249
-257
-257
-243
-234
-229
-222
-215
-217
-198
-180
-163
-166
-158
-125
-98
-91
-65
-55
-22
19
30
56
89
110
135
151
174
194
190
197
227
253
274
267
260
285
291
301
298
310
315
319
328
343
367
349
333
343
336
338
327
305
312
303
293
272
260
252
227
194
157
142
126
96
77
65
33
8
-26
-44
-53
-85
-94
-113
-132
-167
-200
-204
-216
-249
-264
-268
-278
-300
-309
-302
-313
-316
-330
-329
-315
-302
-291
-274
-269
-274
-269
-268
-250
-244
-243
-224
-197
-183
-167
-152
-127
-97
-61
-50
-35
-3
15
22
57
65
63
87
91
125
153
159
178
198
223
238
245
249
265
286
288
290
307
309
306
304
315
335
310
297
307
287
283
268
261
260
231
214
195
199
188
169
161
147
130
109
96
88
88
58
19
-15
-24
-54
-90
-95
-110
-133
-163
-179
-184
-201
-234
-261
-261
-258
-265
-276
-294
-295
-305
-316
-319
-313
-319
-327
-321
-305
-285
-284
-296
-277
-269
-262
-253
-268
-252
-244
-234
-225
-205
-174
-164
-150
-125
-106
-86
-77
-58
-30
-11
3
13
30
47
48
95
130
148
153
161
177
183
195
193
212
247
248
272
307
302
304
313
306
306
299
297
301
297
285
267
260
249
236
219
202
189
175
173
136
116
103
64
50
35
23
-2
-40
-49
-39
-53
-94
-113
-105
-120
-131
-152
-167
-176
-193
-204
-199
-204
-222
-248
-260
-239
-231
-253
-275
-269
-262
-264
-255
-248
-236
-235
-237
-234
-206
-206
-196
-167
-133
-110
-113
-104
-84
-72
-59
-35
-6
32
54
69
95
104
117
132
138
154
173
205
213
218
230
229
226
235
247
249
239
259
292
295
288
297
305
303
298
290
287
270
257
258
245
238
226
220
214
196
177
175
164
154
161
141
110
91
61
31
7
-9
-24
-49
-69
-73
-76
-113
-131
-143
-167
-185
-191
-191
-200
-218
-230
-221
-226
-234
-245
-235
-230
-245
-232
-227
-215
-207
-204
-193
-187
-182
-180
-160
-149
-135
-129
-111
-101
-72
-49
-58
-31
-12
6
14
30
45
54
55
61
84
99
96
115
136
143
162
164
181
192
198
203
215
230
225
234
235
234
234
215
211
222
224
210
209
211
206
188
170
172
170
145
128
125
114
102
87
92
72
46
23
10
0
-22
-39
-54
-65
-75
-102
-124
-143
-156
-172
-172
-190
-206
-215
-239
-258
-247
-260
-270
-260
-259
-229
-243
-256
-256
-272
-282
-290
-276
-265
-267
-273
-262
-232
-243
-242
-209
-185
-165
-149
-122
-101
-80
-78
-46
-40
-19
-5
-3
17
32
45
45
68
101
106
105
110
131
144
146
159
184
184
179
176
181
198
178
161
145
169
175
155
160
146
129
108
105
124
100
85
72
70
58
42
35
0
-5
-9
-40
-53
-55
-70
-101
-118
-131
-127
-145
-156
-171
-189
-193
-220
-212
-206
-211
-221
-220
-233
-238
-235
-234
-236
-251
-254
-247
-238
-224
-208
-205
-189
-188
-184
-177
-163
-137
-117
-110
-85
-79
-59
-47
-41
-10
1
14
42
73
79
93
107
118
131
153
165
184
181
177
174
185
187
185
188
192
207
195
187
197
205
215
217
209
200
192
184
183
174
161
151
147
140
143
124
94
100
85
65
43
24
23
23
5
0
-33
-47
-52
-81
-72
-82
-115
-129
-120
-119
-154
-172
-188
-205
-212
-232
-236
-221
-235
-250
-249
-274
-279
-274
-266
-263
-267
-269
-256
-252
-252
-229
-219
-203
-211
-218
-201
-192
-182
-173
-145
-122
-114
-110
-95
-64
-46
-33
-8
-7
17
36
37
63
74
68
72
77
90
96
101
115
123
125
128
143
164
157
157
157
164
169
181
186
186
198
214
213
202
204
199
188
178
166
152
137
128
124
100
90
67
53
42
17
22
14
1
-22
-40
-64
-78
-77
-89
-98
-123
-123
-137
-142
-161
-195
-189
-205
-219
-213
-220
-237
-242
-235
-232
-236
-220
-241
-250
-247
-262
-266
-271
-240
-232
-213
-217
-209
-202
-191
-185
-175
-148
-133
-108
-107
-98
-74
-57
-61
-48
-29
-27
-22
-20
-6
-2
2
24
51
65
75
88
95
106
111
116
113
116
129
120
136
146
137
130
126
130
136
133
129
128
110
102
95
84
66
44
21
7
4
-22
-43
-50
-53
-73
-86
-105
-100
-104
-124
-123
-132
-143
-165
-180
-196
-193
-209
-237
-242
-246
-277
-266
-240
-238
-234
-238
-232
-220
-229
-231
-223
-212
-216
-217
-221
-211
-210
-201
-181
-175
-157
-156
-146
-125
-106
-78
-70
-48
-20
-13
15
33
49
67
82
87
101
110
128
152
165
172
184
189
201
223
246
244
245
249
257
254
252
263
270
278
262
254
270
263
234
226
226
228
221
212
201
189
165
143
137
130
118
123
109
99
91
61
46
36
27
7
-21
-31
-46
-59
-82
-101
-109
-138
-156
-172
-181
-195
-207
-208
-202
-204
-212
-221
-227
-237
-248
-243
-238
-233
-228
-229
-230
-228
-214
-206
-192
-168
-148
-140
-145
-122
-106
-83
-69
-66
-39
-19
-12
0
26
27
48
47
66
80
72
94
107
118
127
137
138
138
132
142
160
175
178
181
184
196
184
179
186
169
174
167
151
148
163
156
156
151
150
142
128
120
110
104
88
88
75
64
54
41
37
24
-2
-24
-47
-59
-93
-113
-122
-129
-133
-155
-170
-174
-180
-186
-191
-193
-205
-220
-226
-219
-199
-205
-201
-193
-168
-161
-163
-149
-146
-134
-124
-116
-93
-72
-70
-53
-30
-21
-26
-28
-6
-1
9
7
29
43
60
62
60
81
88
101
108
116
141
145
144
168
193
200
200
207
209
208
206
210
216
212
205
200
207
216
211
191
193
211
205
192
187
198
180
143
118
125
112
84
59
71
66
41
22
0
-6
-31
-52
-55
-66
-70
-91
-113
-117
-125
-154
-187
-202
-203
-223
-243
-254
-265
-270
-291
-295
-281
-273
-296
-308
-300
-291
-291
-305
-296
-292
-289
-286
-279
-251
-247
-239
-226
-224
-201
-180
-166
-137
-107
-91
-91
-72
-50
-32
-34
-22
-2
13
12
18
38
69
73
68
86
112
130
132
147
158
163
159
173
170
174
180
195
197
205
203
197
204
201
213
212
214
211
218
223
214
217
211
202
201
209
190
167
166
162
152
129
120
117
85
65
62
48
34
20
2
-1
-9
-27
-43
-65
-77
-79
-100
-108
-102
-114
-132
-134
-127
-129
-144
-143
-134
-135
-155
-169
-158
-149
-159
-163
-145
-116
-96
-118
-106
-80
-76
-68
-72
-59
-47
-47
-41
-22
5
14
19
29
51
66
57
65
95
114
98
97
115
130
158
170
196
214
213
199
216
213
185
157
162
206
208
182
163
160
158
158
146
155
166
175
169
167
163
136
96
74
68
62
55
61
73
64
26
-4
-21
-46
-60
-66
-51
-53
-67
-80
-90
-102
-120
-139
-142
-128
-121
-127
-128
-136
-143
-159
-151
-139
-140
-129
-113
-99
-87
-86
-80
-73
-75
-63
-70
-54
-45
-56
-42
-29
-4
-6
-9
14
25
31
21
33
62
57
63
79
94
117
115
110
126
137
128
133
153
172
174
173
176
193
207
190
185
213
240
221
209
227
236
213
188
201
218
198
177
183
193
192
166
159
173
153
121
118
125
105
78
55
41
39
11
-31
-38
-53
-53
-75
-107
-91
-98
-122
-126
-124
-127
-145
-173
-165
-159
-159
-184
-180
-174
-188
-187
-205
-194
-199
-226
-240
-222
-218
-222
-230
-208
-193
-202
-219
-171
-144
-154
-182
-204
-122
-85
-70
-88
-119
-110
-103
-52
-34
-39
-71
-98
-44
14
44
32
18
22
36
68
99
101
91
58
61
91
111
123
105
92
85
87
99
107
100
86
72
84
93
89
75
65
79
91
56
48
59
67
59
55
63
53
25
5
-1
34
17
-25
-35
-29
-33
-63
-89
-95
-104
-116
-132
-142
-133
-146
-176
-186
-186
-182
-200
-203
-189
-180
-178
-194
-182
-168
-162
-146
-145
-128
-111
-110
-109
-100
-91
-85
-74
-65
-58
-42
-34
-27
-10
-6
18
38
50
65
64
81
101
104
115
134
138
142
149
150
158
161
162
181
183
176
173
185
186
189
199
196
190
186
173
173
177
173
171
156
149
158
156
154
144
146
130
112
102
84
69
44
36
25
29
12
-12
-13
-28
-23
-43
-59
-65
-73
-89
-104
-104
-122
-119
-112
-123
-133
-147
-138
-133
-137
-143
-141
-133
-147
-150
-139
-148
-152
-139
-137
-138
-141
-137
-132
-128
-136
-146
-134
-126
-112
-104
-115
-116
-112
-92
-93
-89
-75
-60
-34
-33
-28
-1
27
19
29
50
78
98
90
103
126
147
150
171
188
201
194
190
203
201
206
215
208
227
222
198
210
214
216
216
206
200
205
192
177
166
166
132
118
104
97
89
63
46
37
40
13
-4
-3
-11
-11
-32
-47
-37
-54
-67
-72
-66
-75
-101
-124
-113
-116
-127
-126
-124
-122
-117
-116
-115
-96
-102
-88
-85
-84
-80
-85
-77
-69
-58
-73
-67
-70
-56
-57
-47
-37
-26
-15
-12
7
2
27
26
13
24
13
15
23
22
46
47
49
50
61
58
62
71
53
55
58
65
70
62
71
72
77
67
58
58
61
57
48
46
49
37
18
16
4
11
-11
-35
-32
-27
-51
-59
-58
-64
-74
-90
-101
-96
-102
-117
-129
-153
-148
-162
-186
-187
-177
-191
-198
-203
-209
-221
-242
-252
-240
-235
-265
-257
-231
-242
-245
-238
-225
-208
-200
-203
-181
-158
-151
-156
-146
-125
-117
-100
-82
-57
-57
-53
-36
-36
-24
-7
5
16
25
47
41
55
78
82
98
98
114
126
124
130
152
156
150
156
161
176
180
177
184
176
171
169
170
176
188
173
165
177
174
171
171
165
164
146
121
127
128
119
108
112
101
91
69
52
72
74
42
46
41
18
6
-12
-28
-23
-15
-49
-54
-51
-60
-63
-70
-80
-88
-90
-104
-117
-128
-126
-130
-137
-135
-144
-146
-146
-152
-147
-147
-150
-143
-136
-138
-135
-111
-98
-82
-84
-67
-40
-52
-49
-31
-21
-21
-17
-3
17
14
14
38
63
57
38
48
66
77
62
67
58
79
77
55
81
62
54
62
68
63
67
65
65
74
54
30
30
39
27
35
14
-3
12
1
-22
-6
-14
-32
-37
-37
-23
-19
-26
-42
-45
-56
-81
-92
-93
-95
-115
-111
-105
-108
-119
-138
-127
-119
-139
-144
-146
-155
-169
-183
-179
-174
-190
-171
-179
-179
-173
-176
-176
-161
-144
-150
-131
-116
-126
-122
-114
-114
-92
-69
-52
-31
-18
-15
5
-1
5
15
35
58
64
79
96
106
88
116
116
106
126
135
147
151
139
136
151
150
155
173
174
166
157
162
159
145
125
126
130
111
89
92
89
88
78
60
51
40
20
16
12
8
-18
-41
-45
-61
-63
-69
-78
-69
-76
-91
-116
-117
-116
-130
-152
-175
-171
-176
-201
-204
-198
-216
-222
-222
-226
-210
-219
-246
-230
-223
-240
-224
-204
-215
-195
-201
-204
-187
-180
-157
-146
-134
-121
-111
-112
-108
-85
-76
-65
-42
-45
-32
-32
-36
-19
1
1
-3
6
-1
10
9
7
40
27
42
71
64
74
70
79
75
72
89
109
117
111
109
128
129
120
125
122
131
121
100
113
121
105
81
76
81
60
64
65
46
49
42
26
20
16
-3
-11
-11
-20
-10
-17
-47
-33
-19
-47
-48
-21
-34
-32
-26
-39
-27
-42
-56
-52
-42
-36
-40
-34
-24
-35
-45
-48
-31
-18
-21
-14
-9
17
9
6
37
58
59
53
68
78
81
76
84
101
88
96
120
136
156
146
157
157
154
151
162
178
170
187
181
193
186
199
198
185
181
178
180
168
163
157
174
165
149
144
143
135
118
114
105
73
60
75
66
31
18
1
12
-19
-53
-18
-25
-39
-53
-45
-42
-56
-66
-75
-68
-79
-105
-106
-100
-111
-128
-125
-120
-136
-139
-154
-159
-152
-157
-156
-133
-142
-150
-145
-135
-138
-138
-134
-138
-137
-118
-108
-92
-76
-76
-64
-62
-55
-51
-36
-39
-46
-23
-20
-9
18
17
20
35
43
45
48
39
44
60
62
74
77
76
69
68
65
83
84
72
83
87
94
96
99
89
95
105
93
102
101
85
88
80
68
51
52
53
42
40
39
21
11
12
8
9
-13
-20
-11
-19
-27
-37
-50
-70
-67
-75
-75
-57
-82
-76
-49
-78
-80
-61
-91
-93
-80
-103
-86
-76
-97
-86
-96
-100
-90
-109
-98
-86
-97
-70
-54
-58
-44
-46
-55
-33
-35
-37
-22
-12
-4
9
-1
-2
17
5
9
12
5
30
18
10
34
42
35
53
65
55
69
60
67
71
54
63
78
61
64
84
86
83
68
58
58
57
27
34
45
16
10
0
-6
3
-22
-33
-11
-26
-51
-49
-61
-71
-81
-100
-99
-100
-110
-108
-105
-114
-117
-130
-128
-127
-142
-126
-125
-143
-146
-137
-142
-128
-134
-152
-125
-136
-159
-114
-94
-111
-87
-72
-89
-70
-63
-70
-50
-51
-58
-31
-31
-35
-20
-20
-7
-4
2
21
46
48
48
81
80
83
93
92
105
110
104
96
117
109
89
106
111
97
125
127
117
141
144
144
155
155
153
159
151
142
135
131
120
127
119
111
93
79
93
95
87
100
101
93
108
105
96
100
87
73
68
65
56
40
46
46
28
36
39
17
24
32
9
1
3
1
-10
-15
-23
-28
-28
-47
-43
-28
-41
-49
-40
-60
-50
-59
-82
-46
-40
-67
-64
-49
-68
-57
-47
-41
-36
-25
-28
-26
14
1
-7
17
12
7
24
5
-2
28
9
-1
26
12
13
34
36
45
52
51
37
51
60
47
44
53
50
40
36
27
45
53
23
33
47
21
16
26
13
34
32
16
27
32
26
27
27
-1
5
-5
-33
-11
-19
-28
-18
-21
-36
-39
-32
-50
-54
-36
-43
-49
-33
-63
-66
-32
-36
-48
-29
-29
-29
-2
-9
-14
14
11
11
38
28
33
34
14
33
57
36
46
60
49
69
58
32
72
52
41
79
70
64
91
71
82
108
79
93
112
108
120
121
100
133
129
108
144
133
115
141
113
115
134
113
110
114
102
94
71
58
79
78
61
67
68
45
59
57
53
77
64
39
62
62
27
17
14
12
3
-13
-20
-26
-20
-41
-49
-27
-22
-26
-37
-29
-38
-50
-52
-63
-63
-63
-67
-68
-54
-55
-62
-71
-74
-60
-74
-92
-55
-66
-87
-54
-67
-76
-56
-77
-75
-43
-70
-76
-57
-73
-58
-30
-53
-43
-19
-49
-46
-18
-39
-14
-11
-18
17
25
20
46
59
55
67
61
64
96
82
80
105
100
91
95
96
97
108
92
97
101
80
81
88
80
86
77
54
56
50
46
34
27
35
27
17
4
13
31
26
25
18
24
28
27
8
13
18
4
11
19
14
6
-1
-20
-5
-14
-12
3
19
-2
-6
8
-9
-14
1
-5
-17
-8
-17
-20
-11
2
-17
0
15
-8
10
22
13
30
31
22
42
37
46
54
42
46
51
40
43
45
32
37
54
39
48
61
39
53
63
50
57
57
54
60
58
55
55
47
28
37
28
12
15
-5
-7
-6
-13
-20
-17
-26
-24
-37
-51
-47
-53
-58
-60
-74
-86
-80
-95
-104
-118
-117
-122
-117
-131
-121
-120
-140
-140
-149
-161
-144
-152
-176
-148
-152
-161
-144
-146
-142
-133
-125
-136
-124
-121
-126
-107
-129
-112
-92
-107
-98
-85
-87
-74
-58
-56
-40
-41
-44
-31
-29
-18
-23
-28
-12
-21
-14
14
7
16
32
24
28
57
50
60
86
68
68
74
69
54
70
70
84
85
78
94
93
86
106
118
115
122
118
115
113
110
112
81
74
63
52
71
49
36
50
37
17
29
25
23
49
52
34
41
36
8
23
10
-7
8
-16
-23
-12
-27
-34
-17
-21
-32
-24
-27
-36
-27
-26
-52
-47
-42
-59
-60
-59
-76
-70
-79
-99
-81
-61
-85
-85
-61
-84
-78
-74
-85
-76
-85
-103
-86
-71
-80
-73
-77
-50
-36
-59
-31
-7
-33
-20
-4
-7
3
9
4
24
30
23
41
28
32
46
32
46
55
41
57
49
28
34
41
23
28
34
29
35
24
28
44
17
16
14
-13
-9
-29
-49
-34
-60
-80
-57
-54
-65
-60
-56
-66
-61
-71
-79
-56
-56
-53
-31
-26
-21
-11
-18
-6
-4
-11
6
0
5
11
17
4
10
29
35
30
38
45
31
42
47
37
40
38
35
37
51
49
32
65
77
57
65
74
78
79
71
102
118
99
96
105
87
85
92
74
97
91
71
77
82
75
82
91
77
72
78
62
65
56
54
59
44
44
37
32
20
38
36
13
9
-15
-26
-17
-13
-28
-16
-15
-45
-37
-40
-63
-56
-70
-95
-82
-82
-111
-97
-96
-106
-107
-119
-108
-88
-90
-106
-92
-113
-116
-116
-133
-125
-108
-115
-112
-95
-106
-111
-103
-100
-110
-107
-104
-110
-112
-110
-124
-124
-114
-117
-110
-91
-87
-78
-54
-49
-39
-9
-30
-14
18
15
4
48
36
28
59
49
52
84
76
61
97
85
86
115
117
116
129
122
123
134
102
108
122
91
85
105
100
88
102
98
82
93
99
77
88
76
51
73
64
29
50
36
9
25
34
7
10
23
17
35
28
22
28
46
22
5
19
0
-9
-11
-29
-18
-10
-38
-10
7
-17
-14
0
6
16
16
-2
24
18
-13
17
33
5
17
34
19
11
23
18
12
46
33
30
60
40
19
53
59
37
66
65
49
61
53
52
63
61
71
88
77
79
86
69
78
84
58
74
68
18
37
55
11
13
7
-20
-13
-15
-30
-5
-23
-41
-11
-44
-47
-32
-64
-65
-38
-70
-66
-53
-64
-55
-43
-50
-38
-18
-18
-14
4
1
-6
-3
-11
-14
-20
-11
-11
-21
-5
-14
-28
-14
-1
-4
-18
6
-7
-15
-6
-7
1
23
19
24
41
28
21
29
46
42
44
45
63
55
53
68
63
71
71
73
61
71
82
63
74
100
96
86
92
95
95
107
94
85
107
96
90
108
98
92
113
94
87
98
63
67
92
64
45
64
52
35
42
24
8
-3
-10
-31
-23
-33
-47
-52
-57
-55
-65
-65
-59
-62
-72
-60
-70
-91
-97
-113
-116
-104
-128
-123
-125
-125
-126
-109
-89
-88
-82
-87
-72
-66
-72
-60
-70
-75
-54
-66
-76
-49
-41
-45
-35
-46
-42
-27
-19
-13
-6
-7
-2
-12
0
-2
-11
9
3
-13
9
23
-18
18
34
16
37
38
22
32
38
8
26
39
18
22
25
21
26
29
34
30
23
5
2
4
11
16
5
12
1
2
-6
-4
7
-1
-10
-25
-35
-19
-21
-24
-2
-2
5
-2
-5
3
-8
-7
-10
3
0
-1
1
-18
-20
-31
-30
-26
-18
-35
-18
-15
-27
-1
-9
-9
3
-11
3
12
-3
12
5
-1
-9
-21
-3
6
-7
-3
13
8
13
23
13
30
47
27
47
44
16
23
10
-2
17
10
-15
19
16
15
32
25
12
12
-6
-27
9
-1
-19
-2
-10
-22
-23
-35
-37
-36
-43
-48
-40
-26
-24
-37
-19
-10
-30
-42
-37
-47
-46
-53
-62
-55
-62
-82
-80
-70
-79
-62
-70
-67
-60
-93
-81
-86
-117
-111
-103
-120
-117
-119
-127
-113
-101
-110
-106
-87
-95
-105
-94
-107
-129
-126
-108
-115
-121
-112
-121
-111
-110
-126
-114
-99
-109
-100
-75
-87
-87
-75
-65
-42
-36
-54
-28
-20
-38
2
29
21
39
50
47
55
49
34
65
66
43
58
50
36
48
37
36
49
33
38
44
40
49
45
37
33
29
27
21
22
21
25
21
29
35
24
33
37
28
22
9
5
27
23
9
26
29
27
11
3
12
16
6
0
7
3
-24
-22
-23
-25
-27
-16
-26
-18
-6
5
10
8
4
9
4
2
17
16
16
3
1
2
10
3
-9
11
2
3
6
-4
8
-8
-12
14
22
18
33
48
42
52
59
45
71
70
50
73
75
45
49
71
61
46
61
58
49
58
39
50
75
54
41
49
53
37
18
30
24
3
-2
5
-18
-18
-7
-36
-27
-23
-35
-21
-26
-47
-37
-39
-41
-27
-28
-36
-32
-37
-50
-46
-45
-44
-58
-62
-60
-61
-60
-54
-69
-81
-90
-86
-82
-90
-99
-88
-77
-91
-83
-89
-84
-71
-78
-89
-77
-75
-71
-58
-62
-51
-44
-40
-27
-15
-20
-9
1
-17
-27
0
4
8
10
15
25
30
13
3
28
30
30
41
32
29
44
49
52
56
62
59
78
97
90
94
93
96
98
86
78
76
86
78
64
68
59
53
58
58
56
51
38
38
42
28
37
49
41
34
22
19
0
-2
9
-6
-8
-11
-21
-3
-13
-41
-26
-30
-55
-55
-53
-66
-69
-78
-75
-70
-83
-90
-80
-82
-89
-84
-77
-74
-85
-82
-77
-84
-83
-90
-95
-80
-84
-85
-64
-62
-49
-30
-45
-27
-10
-30
-28
-32
-48
-29
-15
-6
9
12
-9
0
6
-5
2
-15
-2
14
-7
-9
4
-3
-12
-17
-15
7
5
-13
1
8
-2
4
-10
-14
-24
-51
