-13
9
56
9
-33
1
-9
-10
-33
-48
-34
-68
-46
-29
-32
-21
-13
-7
24
8
-7
19
19
46
1
15
19
-25
40
45
-1
57
33
35
50
23
65
31
73
67
68
90
111
62
96
118
44
92
82
69
111
121
106
139
119
118
102
80
89
66
40
50
35
36
11
-51
2
7
11
29
-18
19
37
-9
14
7
-56
-34
-3
-15
-32
-25
-20
-7
15
-45
-42
-12
-38
-37
-37
-20
-26
-65
-44
-61
-20
-34
-55
-36
-13
-6
-16
3
21
2
-11
37
14
16
18
18
20
-2
-7
10
5
-15
0
6
-16
-31
-35
-46
-51
-58
-27
2
-54
-3
-57
-27
-33
-64
-20
-35
-2
-1
-15
9
28
18
25
37
47
71
87
81
98
110
93
68
85
103
131
110
88
157
156
141
163
155
177
201
184
165
172
194
189
182
199
212
190
191
172
179
137
118
130
145
114
105
91
79
124
102
107
110
158
151
138
95
128
131
160
159
131
190
179
163
134
133
138
107
137
126
131
136
123
104
134
134
136
109
86
145
118
108
103
114
95
19
30
53
37
51
36
4
11
16
-42
14
-5
-2
33
-17
9
-28
-40
-63
-21
7
-24
17
0
46
48
19
30
22
72
49
8
15
15
14
18
17
41
36
21
11
35
40
8
13
19
43
29
51
37
51
48
48
43
50
70
56
14
18
54
-2
49
21
-20
-11
-20
-32
-25
-16
-46
-33
-8
-25
-45
0
-31
-58
20
4
-23
29
21
15
35
59
29
56
42
21
69
32
27
65
94
28
50
105
102
113
77
78
107
87
67
56
82
80
96
38
28
39
29
61
32
52
90
58
33
106
52
23
52
17
58
38
27
-1
11
44
31
17
11
-8
-11
35
26
39
41
20
5
22
1
37
44
-1
14
21
-1
48
14
24
44
-13
26
-15
15
49
-10
6
-7
-29
15
-10
-3
6
-24
33
14
1
48
10
2
30
-52
-7
7
-26
-2
-6
9
-43
-71
-55
-27
-23
-35
-19
-57
-52
14
-6
-6
-32
-73
30
-23
-32
-22
-48
-4
-15
-27
-11
-5
-29
-11
-7
15
41
48
-6
-18
-12
31
48
38
8
30
42
45
24
63
80
25
55
45
41
43
38
70
59
34
37
41
15
36
41
16
85
36
-3
30
29
71
12
21
56
42
89
47
35
100
105
54
74
102
125
130
95
94
144
107
116
144
120
134
101
84
110
123
111
114
109
132
127
125
165
143
196
210
133
163
170
153
155
149
160
161
154
127
129
116
111
91
90
153
106
110
110
115
152
109
85
66
66
56
90
48
92
56
9
38
45
48
41
21
19
51
47
48
77
71
70
50
30
28
32
57
6
38
38
-10
18
14
1
39
0
-15
-11
31
48
23
15
45
35
49
56
67
76
55
70
88
75
37
19
25
86
84
59
92
88
54
61
86
92
74
76
30
41
90
67
84
78
72
93
79
122
114
103
107
80
76
106
66
57
41
45
43
14
-1
-16
-6
-47
-4
-57
-47
-28
-48
-43
-79
-45
-73
-56
-47
-59
-38
-50
-51
-53
-36
-58
-61
-37
-53
-46
-44
-35
3
20
-6
-9
32
18
19
-24
-40
14
19
19
42
47
73
50
17
38
58
36
34
48
63
62
3
24
57
45
21
14
18
13
29
-3
57
59
44
33
7
55
45
34
31
42
18
-6
10
11
21
-16
-13
-1
11
30
5
7
38
48
43
27
35
79
55
30
36
48
59
60
24
48
83
53
36
18
24
38
21
11
13
38
-2
-25
-3
9
-12
5
-12
-5
11
3
-9
28
14
-32
-14
-27
-17
-39
-72
-62
-10
1
-35
-26
10
-23
-38
9
-7
27
20
-8
31
12
-13
-22
-31
-36
-55
-57
-44
-19
-54
-87
-79
-66
-39
-21
-58
-59
-41
-34
-55
-32
-10
-76
-75
-69
-56
-32
-52
-69
-36
-29
-21
-68
-46
-39
-20
5
17
4
-2
-14
-39
4
52
16
-24
-9
-8
10
-32
-58
-24
-20
-37
-34
-39
-35
-34
-62
-52
-8
-16
-32
0
-9
-9
-11
-66
-56
-46
-39
-22
-38
29
-11
-12
10
-31
40
45
40
51
65
58
13
48
65
61
40
75
101
88
81
81
75
86
75
78
72
16
73
0
-3
20
16
20
-6
14
21
7
17
19
10
51
3
12
-4
-24
-44
-28
-56
-44
-41
-86
-53
-22
-56
-62
-15
-41
-25
-48
-52
-2
3
-43
-66
-75
-55
-99
-141
-117
-124
-88
-77
-88
-82
-68
-63
-38
11
-12
12
-23
-42
-4
1
-17
-24
-20
-23
-13
-36
-50
-46
-5
-18
-3
1
-21
-23
-27
-15
-24
-46
-65
-62
-26
-51
-81
-80
-53
-73
-72
-86
-64
-58
-75
-51
-32
-55
-60
-69
-81
-69
-63
-49
-63
-72
-36
-30
-51
-41
-9
-33
-32
-15
-28
38
-8
-5
-18
-17
-17
-72
-47
-67
-49
-74
-56
-51
-62
-24
-21
-45
-32
10
-33
-1
-9
-27
-17
-36
-43
-7
9
-34
-47
-4
13
10
15
8
-4
-13
5
-16
19
-28
-48
-10
-15
-23
-16
-17
4
11
-34
-27
10
-11
-19
2
7
18
51
33
28
64
63
69
48
16
30
24
52
62
83
70
53
90
62
113
92
55
75
112
130
101
101
104
94
76
79
88
100
107
71
63
109
75
81
93
92
111
52
44
33
34
17
-38
-32
-21
-12
-35
-38
-36
9
-3
-24
0
19
9
-31
-32
-7
-5
-25
-71
-63
-83
-93
-128
-130
-77
-93
-91
-105
-55
-50
-88
-109
-102
-93
-102
-106
-94
-56
-94
-112
-120
-72
-68
-94
-57
-79
-57
-96
-115
-106
-65
-70
-85
-107
-86
-60
-97
-108
-60
-68
-43
-41
-70
-25
-28
-70
-66
-39
-14
-13
-36
-12
-35
-25
-18
-70
-23
-11
-38
-18
-6
19
-13
-8
30
5
38
53
40
59
29
-20
-17
3
19
18
-7
-4
11
12
-19
-18
-19
-25
-22
-40
-17
9
18
-1
-3
24
1
-15
-17
-30
-23
-10
-45
-58
-36
-101
-93
-55
-45
-51
-34
-39
-62
-47
-46
-34
-5
-10
-21
-17
-10
-25
-15
-27
-48
-29
-47
-48
-33
-47
-63
-81
-55
-54
-33
-8
-59
-67
-45
-71
-65
-78
-78
-75
-77
-91
-120
-117
-120
-123
-102
-107
-109
-86
-91
-87
-48
-78
-57
-40
-51
-29
-25
-26
-7
-16
-36
-52
-25
-58
-100
-79
-79
-111
-100
-112
-130
-95
-98
-96
-68
-82
-87
-85
-96
-93
-89
-104
-126
-78
-64
-76
-82
-95
-84
-92
-82
-87
-92
-47
-56
-63
-61
-76
-64
-85
-75
-54
-64
-102
-66
-56
-46
-25
-59
-6
-10
-24
-14
-16
14
22
9
31
18
22
28
-7
7
23
22
23
20
33
22
24
11
7
35
12
23
65
85
56
74
64
56
68
60
87
109
102
65
69
74
75
94
115
104
106
110
90
106
94
61
46
74
62
72
43
36
39
31
11
-3
26
26
10
5
-15
-18
-19
-40
-35
-16
-20
-43
-24
-9
-18
-16
-18
-15
-3
-6
-15
1
-5
-13
-8
5
10
3
17
13
-18
-8
-28
-13
-2
-6
17
19
19
28
35
10
22
6
-9
-13
-4
-13
-29
-25
-86
-69
-72
-88
-72
-88
-93
-75
-75
-80
-80
-102
-84
-83
-104
-92
-76
-95
-98
-85
-75
-70
-88
-82
-67
-87
-74
-96
-84
-86
-89
-63
-72
-38
-33
-37
-30
-19
-14
9
23
28
22
38
17
25
8
-28
-15
-25
-14
2
13
12
30
-7
-13
-11
-21
-12
-12
-37
-40
-27
-34
-15
-7
19
13
21
21
19
49
37
8
0
0
-15
1
3
-29
-51
-48
-54
-54
-34
-35
-30
-21
-55
-41
-41
-52
-61
-54
-42
-49
-52
-47
-18
-24
-31
-29
-57
-53
-56
-66
-76
-29
-22
-65
-51
-81
-74
-65
-59
-46
-56
-65
-74
-46
-44
-52
-33
-10
-19
-39
-50
-60
-47
-71
-77
-60
-71
-88
-118
-107
-101
-97
-74
-72
-76
-64
-61
-66
-79
-63
-49
-69
-49
-56
-40
-63
-95
-75
-48
-49
-73
-50
-50
-17
-27
-44
-27
-5
5
-45
-37
-19
-12
-26
-39
-34
-33
-40
-28
-44
-50
-48
-57
-69
-53
-54
-51
-51
-71
-63
-50
-65
-68
-41
-30
-27
-26
-16
-6
-35
-27
-16
-10
6
-20
-14
-17
2
-16
-21
18
28
19
1
27
37
25
5
26
44
50
36
36
43
54
55
51
70
69
79
73
99
121
130
126
125
139
101
101
103
103
111
98
84
90
94
89
77
101
99
111
84
61
85
64
61
42
60
78
85
65
75
81
84
80
64
99
122
91
38
75
81
59
42
26
51
55
33
42
60
50
46
20
25
16
12
-16
-18
12
11
-8
1
33
20
5
3
4
51
61
22
55
70
48
50
35
57
85
62
37
61
56
16
-5
12
12
9
-5
-33
2
-9
-40
-40
-8
-13
-3
-34
-13
22
9
0
17
43
52
47
14
55
58
91
77
63
99
80
54
56
89
96
54
40
76
87
101
78
65
122
102
91
101
122
145
115
83
89
81
66
51
58
77
72
39
15
19
36
30
41
73
74
64
44
41
79
79
50
73
77
84
67
73
97
115
122
113
109
120
111
106
98
100
84
56
56
74
79
84
67
81
106
94
87
92
101
98
101
112
137
144
139
126
114
100
82
71
61
71
63
39
20
35
45
43
21
62
58
45
50
48
65
55
41
43
75
63
55
50
39
65
43
25
46
53
27
12
34
30
33
57
53
65
81
81
73
83
61
55
45
35
71
75
83
80
85
83
59
64
73
94
99
91
80
104
103
76
46
52
75
25
38
53
57
82
73
44
34
18
29
35
50
37
29
42
30
41
28
-3
-11
-15
-15
2
-16
12
16
-22
-21
-6
0
3
56
75
118
128
104
102
81
84
73
77
72
105
106
81
84
101
102
82
68
96
108
87
106
121
105
88
64
42
25
42
56
47
69
70
47
36
34
42
39
31
42
72
52
49
35
24
16
-12
-33
-57
-12
-26
-71
-44
-41
-26
-33
-26
1
15
35
30
32
56
68
41
37
73
109
92
93
116
99
82
45
16
68
92
98
98
93
97
35
0
7
-1
29
41
73
124
107
73
53
28
5
1
-2
3
-1
17
15
22
28
42
23
-30
-40
-72
-87
-85
-58
-22
18
2
-22
-48
-83
-98
-132
-105
-50
-31
-37
-29
-34
-27
-50
-71
-59
-83
-92
-96
-90
-66
-55
-38
-14
-23
-94
-141
-174
-193
-167
-137
-82
-35
-16
-21
-70
-84
-101
-97
-65
-75
-22
2
-33
-15
-10
-50
-69
-92
-114
-94
-112
-77
-67
-29
28
8
-3
-28
-56
-76
-72
-80
-40
0
52
41
20
47
-19
-59
-22
-30
8
1
26
118
104
52
73
29
-21
9
-5
49
78
91
142
103
93
84
1
-51
16
33
49
122
157
115
93
35
-36
-17
24
38
60
60
40
39
-39
-55
-78
-127
-125
-160
-132
-45
-85
-94
8
-34
-73
-68
-115
-113
-93
-55
-38
-53
-7
-32
-119
-108
-116
-185
-174
-135
-116
-9
-34
-21
5
17
-9
-99
-66
-93
-73
31
89
29
60
12
-70
-141
-114
-58
-4
93
114
83
37
-19
-90
-81
-82
-28
-1
54
20
-14
-44
-62
-77
-68
-85
-61
-44
-62
-7
-52
-68
-86
-105
-73
-79
-98
-22
-75
-82
-44
-57
-24
-5
-32
-47
-30
-48
-35
-94
-64
36
-14
27
105
48
46
1
-16
17
49
47
49
-46
-98
-86
-45
21
-64
-55
-44
-137
-200
-184
-146
-119
-61
52
14
-90
-61
-153
-251
-82
-153
-35
72
-13
2
-35
-78
-95
-160
-42
14
-93
-8
-6
-78
16
-23
-110
-58
-83
-45
-68
-61
-79
-117
-74
73
-46
-33
-30
-18
11
-26
52
36
-24
-30
-5
-115
-116
-85
-18
-146
-145
29
-85
-186
-131
-185
-171
-139
-18
-13
-140
-12
-38
-142
-98
-61
-206
-90
-150
-54
-63
-73
2
-107
-97
-153
-139
-196
-114
-106
-153
-90
-100
-129
-220
-190
-106
-164
-205
-79
-33
-203
-14
-198
-57
-98
-111
-120
-129
-30
-209
-112
-129
-125
-194
-118
-88
-139
-195
-39
-168
-161
-129
-208
-85
-138
-189
-22
-139
-95
-62
-60
-42
-76
-67
27
-57
-122
-13
58
46
15
-41
-69
-81
-66
-18
-130
40
128
-52
29
-11
-139
-93
-97
-43
-61
5
20
28
-12
4
-126
-129
66
-54
33
21
76
36
15
50
60
-96
-5
149
-113
81
47
98
-96
-33
128
-77
-42
26
-62
-34
75
-72
-51
-80
44
-158
-187
87
-110
-83
53
-143
-215
-68
-15
-81
-196
59
24
-168
76
-30
-115
-11
9
-60
44
-1
-33
-106
56
-38
-43
51
-157
-132
6
-111
12
2
-8
-68
-129
113
-51
-126
208
-3
0
320
-138
69
113
34
200
-149
120
31
-107
223
61
-1
160
-48
9
127
-119
153
19
-88
147
-154
118
-14
-119
43
103
-124
107
-25
38
120
-94
186
40
49
176
66
57
144
18
149
-57
38
73
-57
126
82
-148
188
-105
-26
46
-75
122
104
-2
240
63
10
158
-44
221
52
2
133
20
-49
77
-34
70
-50
113
-105
18
81
-196
-155
162
-140
137
74
30
48
-76
111
7
-314
183
108
-150
178
33
113
-50
10
76
-31
4
8
-37
-45
88
140
-244
-23
93
-36
-166
82
-129
-7
135
-156
161
-120
96
38
60
115
6
21
114
69
102
104
108
64
97
5
110
178
-102
1
92
234
-453
247
-85
-175
64
30
210
-235
32
22
19
-393
282
-161
110
38
-278
451
-414
20
207
-83
32
-219
255
5
-235
312
175
-193
158
169
-196
86
-257
292
44
-148
235
-27
-106
-2
-133
-41
163
-283
352
184
-287
118
56
-254
123
-66
48
-36
29
-122
-226
-174
-23
-37
-269
164
-308
-147
-12
-76
-367
188
-97
-51
-112
-285
14
-184
16
-69
115
-194
64
-24
-494
264
-311
158
235
-137
193
-22
-20
221
-413
-55
522
-281
-124
402
-356
112
32
-11
-40
-239
156
-20
-63
-107
447
-400
420
17
88
188
234
-467
421
17
66
33
225
21
33
230
-164
93
14
165
-229
154
169
-117
-56
329
-140
172
-134
395
-432
97
40
-27
36
24
224
146
32
-151
539
-572
354
82
7
70
-4
279
108
-103
290
-147
-22
190
-446
128
195
-210
-22
64
138
-224
-261
639
-709
128
260
75
-189
-2
544
-521
254
276
-262
201
57
-321
278
-67
-49
260
-97
119
-129
194
-14
71
109
-149
203
17
73
139
94
-17
115
45
330
-6
-95
571
-587
172
265
81
-301
534
122
-94
58
-139
246
-539
113
123
-283
-10
426
-531
198
-165
-427
440
-386
113
208
-258
186
-43
47
249
-389
566
98
-792
800
-177
-990
1136
-694
193
-103
-87
504
-787
-22
279
-503
-147
523
-628
436
-479
413
-332
-115
268
-412
188
-98
-79
44
-140
245
-65
-169
384
-313
205
44
-136
289
-127
-60
357
-135
-104
386
-333
425
-350
196
239
-386
-123
891
-865
574
241
-504
748
-580
355
-166
-33
54
-125
-74
492
-393
228
18
-198
-88
21
46
-350
-276
640
-540
64
498
-407
69
133
224
-384
488
-168
-202
313
270
-362
42
514
-256
-209
342
284
-982
791
99
-608
458
167
-660
431
-1
-130
-139
246
-212
-345
-165
330
-463
-243
755
-716
92
195
-54
-513
500
-422
-120
470
-36
66
-335
534
-484
-114
38
50
-146
-358
235
-128
-219
-199
354
-535
153
-99
-28
370
-642
272
-91
-307
128
209
-309
-294
428
-108
-562
283
236
-731
266
200
-458
189
4
-197
-64
36
397
-801
217
329
-873
732
-234
-280
160
-97
-307
9
-31
486
-650
897
-66
-514
670
-387
-18
270
122
244
261
109
72
-210
-232
175
-43
43
411
-399
752
-392
387
-54
-24
-1
380
-402
583
67
-18
338
-313
629
-495
224
324
-362
299
512
-922
1047
-386
230
98
28
316
-184
-608
629
-382
-597
1194
-1152
619
100
-799
816
-656
-69
754
-988
551
-78
-412
729
-55
-192
689
-542
696
-397
-429
1091
-1239
811
230
-437
381
-57
-557
638
-737
5
485
-725
175
354
-585
609
-465
-131
302
-507
262
-489
167
236
-502
450
420
-960
1053
-755
24
203
-336
324
-251
51
429
-554
291
131
-744
512
-244
-282
-78
104
-40
86
-231
459
-375
-515
918
-688
83
196
28
4
-27
214
41
-416
452
93
-608
567
-389
-119
-75
189
-227
2
281
-190
-458
318
-82
-773
500
-3
-614
165
588
-729
746
-694
342
-90
-440
355
144
-189
274
100
-344
860
-1345
1160
-728
-249
234
-17
-189
-132
388
-372
351
-350
-145
212
-319
-37
29
24
230
290
-685
896
-298
-591
1101
-722
584
-158
234
309
-257
101
296
-65
-359
453
-296
223
291
-259
390
119
-163
-17
344
-318
98
266
-366
796
-517
279
639
-1132
1370
-676
239
705
-458
211
394
-93
287
-15
-294
635
-691
383
373
-389
57
692
-883
591
7
-325
219
-174
357
-231
186
-84
389
-601
683
-402
343
-179
46
331
-278
328
-286
237
-40
-248
-60
5
-406
272
235
-496
128
211
-616
936
-1131
522
179
-922
1585
-1082
423
347
-897
770
110
-1092
1697
-873
-7
1123
-1304
1216
-693
-36
484
-461
381
-516
971
-897
715
-576
570
-563
105
-170
533
-654
-49
1031
-1179
1258
-936
608
-159
28
212
229
40
15
277
164
113
-318
609
-487
491
-788
867
-238
-82
534
-159
-107
413
-620
239
686
-1259
1593
-916
862
-658
364
9
-243
67
257
405
-429
751
-512
733
-817
836
-657
278
8
-74
126
-107
386
-586
1045
-991
123
453
-742
477
-77
16
270
-107
-271
1036
-1421
1075
-385
188
147
-4
118
125
-222
-25
736
-872
644
-801
861
-428
-251
989
-1081
706
-425
-135
257
-453
-191
867
-883
454
302
-1001
952
-721
118
340
-368
420
37
-512
709
-20
-808
1257
-643
-270
927
-839
735
-607
237
-540
476
-572
616
-730
695
-588
19
393
-1054
1348
-1708
1015
-293
-10
178
-51
-256
363
-381
-229
648
-985
588
-196
-66
390
-337
-116
446
-930
447
-701
278
-241
-212
559
-711
87
-160
-133
-330
307
-1350
1182
-630
-464
1022
-975
-23
416
-592
408
-538
184
59
-296
-136
564
-588
-591
1161
-2058
1122
-870
-74
-91
-226
-63
-354
411
-1104
704
-1174
506
-252
-667
1122
-1078
317
256
-516
190
50
-260
-42
339
-753
1202
-1432
1515
-948
-102
602
-821
361
82
-300
-315
731
-1397
1515
-1006
400
108
-608
914
-266
-61
309
251
-1014
1278
-105
-598
1280
-1187
1382
-1525
1556
-785
-254
635
-707
928
-1289
1251
-1153
662
-1179
891
-487
-718
1038
-681
652
-1045
1085
-482
-332
642
-805
775
-1363
1222
-139
-513
575
17
-835
555
-334
-169
768
-1189
951
-537
60
271
-733
100
212
-1269
801
174
-918
699
-137
-147
430
-675
839
-908
-173
746
-865
1075
-752
896
-773
406
-248
-487
537
-923
151
-389
265
126
-290
-275
63
-22
-519
650
-647
284
-542
568
5
-292
-145
-7
295
-769
1026
-739
577
-631
733
-875
907
-803
955
-471
513
-199
-183
674
-1313
1357
-1312
1357
-898
1388
-924
1022
-1107
804
-260
-390
982
-541
576
-784
1157
-708
64
188
267
-1191
1635
-928
193
83
-364
455
-600
544
-295
443
-793
460
-149
-240
774
-1714
1508
-705
-210
543
-141
-219
365
-544
1158
-848
384
106
-287
151
-527
959
-318
-263
455
-244
-398
779
-871
323
738
-1135
913
-454
171
147
-1195
1756
-1624
812
96
-229
374
-992
1672
-1786
1086
180
-725
946
-644
12
154
-46
-333
935
-1262
502
481
-1268
1706
-1304
125
213
-542
631
-839
1086
-1819
1839
-1381
749
45
-785
1077
-1158
416
149
-485
7
990
-1358
1639
-1194
801
-586
-611
426
-352
-12
359
337
-808
884
-880
634
-1111
484
258
-1194
1462
-911
219
-394
-42
-181
116
-273
433
-487
-62
211
-439
242
-192
-21
-253
871
-1087
702
-675
297
-1101
1111
-932
-153
1078
-1316
800
-729
412
-717
-87
508
-386
-466
289
250
-516
535
-385
584
-665
554
-177
-428
541
-651
857
-88
-103
128
475
-1164
1343
-1440
1083
-37
-469
1062
-723
265
-386
812
-1135
1943
-1613
998
476
-1592
2432
-2545
1913
-1160
1268
-1202
1233
-700
-384
1172
-1299
1269
-1632
1620
-1123
133
187
-117
-16
221
-555
439
-801
615
-672
313
-37
282
-582
1219
-1274
-150
1112
-2075
1740
-1409
1146
-282
-622
1674
-2193
2233
-1648
701
204
-741
1004
-1301
1947
-2219
2092
-1960
1765
-1242
688
558
-1488
1753
-1463
1734
-1633
2182
-2188
1706
-781
-737
1890
-2053
2012
-1081
796
-188
149
-860
1524
-2052
1625
124
-1484
1900
-2002
1446
-958
181
286
1207
-2867
3439
-2591
907
146
-694
1192
-1020
685
136
-168
-456
1408
-2357
3373
-3221
2123
-303
-624
1445
-1079
501
366
-662
527
1225
-3128
3448
-1970
-6
2385
-3281
2050
-221
-1535
2105
-1585
991
114
-473
1151
-212
-750
1958
-1681
372
1088
-1395
1256
-1122
1290
-829
309
449
-625
375
-531
943
-1640
1528
-649
69
357
-84
-232
142
-1008
1623
-1641
794
454
-1202
1114
-622
38
625
-713
450
400
-1029
1644
-1504
923
272
-1320
1720
-1065
-135
999
-1528
1554
-512
-839
1463
-1109
654
-248
254
-241
69
75
413
-410
323
389
-253
-24
566
-924
622
462
-926
1665
-1592
1226
-930
1083
-1341
1776
-2002
1743
-1147
608
57
-1074
1755
-1847
1169
-859
1134
-1485
1147
-58
-605
641
-553
916
-855
596
681
-922
534
470
-910
532
225
-733
1601
-1275
1969
-1658
907
-117
-511
303
300
-604
1172
-1027
364
424
-1511
2400
-2384
1520
-433
7
355
132
-623
990
-734
415
188
-533
535
-226
-60
-102
-212
-210
437
-833
815
-847
737
-1016
1307
-1600
841
-524
-17
587
-909
1352
-403
-492
1106
-836
262
281
159
-31
469
-922
1738
-1246
768
519
-927
1516
-1129
632
-155
-254
-355
1109
-1448
1617
-765
-253
1463
-2190
1603
-654
-223
632
362
-568
1488
-1278
1370
-706
-125
655
-836
999
-479
542
248
-44
-66
754
-1798
2285
-2343
1433
23
-678
896
-62
349
-93
-367
467
-15
-502
1298
-583
24
396
448
-561
251
-61
153
-236
354
842
-935
475
1335
-2243
2187
-1161
-360
1539
-1971
2182
-1592
961
-735
453
-991
1651
-2193
1865
-660
254
565
-506
669
-1075
1412
-760
678
-1007
2291
-3254
3677
-2597
1693
-626
88
607
-1131
1717
-1490
958
-1446
2130
-2166
1337
223
-1373
1644
-1547
1473
-823
253
789
-792
1332
-962
1060
-974
1074
-1250
1071
-568
541
68
-479
1366
-2187
2095
-1123
176
807
-1141
1747
-1481
1001
-616
478
-942
1207
-789
160
792
-955
1394
-1391
1463
-1045
1409
-2058
2387
-1339
613
521
-131
-71
171
336
-109
-312
8
800
-929
845
143
-998
773
-36
-609
1313
-1956
2139
-1647
822
307
-564
376
145
-394
43
559
-1248
1882
-2234
2615
-1413
-189
1208
-1601
1370
-856
1139
-1137
1322
-1715
1619
-1833
1505
-1035
859
-416
239
516
-1221
1313
-1263
934
-530
1125
-809
1263
-1317
1452
-20
-967
1651
-1318
829
-327
909
-607
481
332
-448
1247
-1472
1499
-572
408
-98
244
-303
886
-469
994
-747
1118
-559
-298
1225
-1656
2034
-797
935
-451
694
-837
1538
-1923
2593
-1717
1561
-285
-3
1067
-1762
2243
-2109
1859
-1127
1041
-952
1116
-1296
1382
-829
212
357
-616
1178
-765
343
2
-213
229
-508
1242
-1228
632
589
-1316
1323
-1200
1063
-825
82
865
-362
-283
1541
-1772
1025
-300
-613
305
394
-785
1552
-1571
1688
-1176
-1
1468
-1647
1422
-587
1025
-1214
1916
-2042
2138
-1542
1584
-1219
1349
-874
313
-434
1158
-1823
2062
-1215
319
317
-962
2048
-2828
4002
-3439
2403
-1618
1397
-1013
286
-32
674
-1402
1596
-276
-945
1323
-648
582
20
-33
693
-1101
1264
-405
-124
256
605
-1694
2428
-2136
1876
-1206
1062
-298
376
-521
1090
-957
829
666
-1598
2515
-2093
886
83
23
-363
660
-167
-262
434
67
-209
-385
503
146
-1470
2616
-2930
2145
-1639
1201
-462
-396
532
-657
-120
636
-995
955
-475
-691
1175
-1204
882
156
-535
1501
-1230
757
222
-667
603
-781
1142
-970
763
-231
125
2
-392
700
-668
262
222
-659
880
-596
811
-1063
1388
-1531
1848
-1498
880
-110
-645
855
-1013
1496
-1778
2590
-2829
3288
-2657
1464
-248
-535
76
744
-791
732
72
-1032
986
-1697
985
-518
32
356
-155
47
159
-416
128
-306
349
-221
287
301
197
-708
898
-1633
1271
-1443
1582
-1306
111
745
-1031
1016
-1110
712
-1035
462
-126
4
57
-104
-688
703
-379
-386
451
-544
466
-144
-42
231
-525
322
-66
-174
866
-1562
2657
-3201
2756
-2876
1759
-1245
928
-1527
1531
-1237
-147
809
-1759
2393
-2934
2999
-2350
1639
-762
237
359
-669
207
-1
-692
635
-275
201
-187
-99
75
233
-136
76
-294
-178
924
-1775
2392
-2280
1920
-612
-649
1530
-2088
1732
-1304
1338
-1187
1087
-344
96
172
-1111
1514
-1994
1771
-322
-290
444
-316
326
-656
-279
524
-373
-170
244
296
-1532
2181
-1806
1600
-1111
-309
1252
-1861
1555
-1315
344
137
-144
335
-257
344
-1101
1465
-1432
961
-63
-1013
1776
-1888
1217
-515
-482
1122
-794
225
466
73
-1411
2760
-3443
2790
-2432
1279
96
-619
923
-89
-436
170
506
-1553
1295
-1465
1839
-1805
2290
-2759
2895
-2638
1075
737
-1942
2243
-1540
370
1048
-1928
1589
152
-1745
1832
-742
-871
1154
-1534
760
-88
-550
1020
-1058
1159
-1324
1074
-1192
548
39
-672
1437
-1319
380
443
-671
393
-165
-851
879
-730
70
489
141
-586
-86
569
-1203
737
-363
-3
-381
-721
652
-490
-688
1385
-1297
722
263
-509
146
-120
-491
363
-250
136
359
-676
687
-747
635
-1506
2495
-2766
2582
-1465
-218
994
-1867
1599
-1446
1346
-1334
1813
-1508
1876
-1655
818
-544
-663
1572
-2613
3645
-3420
2571
-727
-942
1438
-1194
-260
962
-772
-173
1578
-2090
2175
-1950
616
-52
128
-759
60
268
-1223
1109
-228
-952
1785
-2388
1462
-220
-2339
2369
-1784
241
981
-1083
1044
-397
-712
777
-1214
300
415
-1185
1101
-1116
526
73
-1691
1680
-2147
1689
-1513
985
-401
-357
583
-939
90
-579
956
-1784
2389
-1884
737
-193
-576
1106
-2147
1865
-1680
756
-192
-812
979
-1082
555
468
-1212
388
-501
-289
250
107
-435
788
-652
626
-856
-332
566
-1138
1251
-1263
1211
-968
282
110
-970
1311
-1796
789
276
-1841
2231
-2723
2489
-2487
1835
-855
-731
977
-1590
1180
-1612
1814
-1875
1480
-1631
1654
-1408
729
-58
-841
1579
-2641
2390
-1551
-196
1285
-1251
1389
-1179
413
166
-1125
777
-531
171
338
175
-390
84
-446
506
-902
830
-686
391
147
-815
370
67
-499
548
-508
59
1
-412
553
-834
-160
539
-562
656
287
-1128
1242
-1307
1088
-1415
904
-451
-407
754
-520
47
-403
843
-196
-58
-171
179
-928
284
1001
-1733
2027
-1928
2011
-1637
1166
-775
-76
-458
1298
-1180
1078
-316
25
-141
-429
668
-1808
2639
-2369
1718
-1618
979
-1313
1256
-1312
432
462
-1459
2559
-3524
3245
-2655
1271
-591
586
-1164
990
-532
-480
1310
-1797
2073
-2069
2166
-2602
1930
-2576
2536
-3089
3787
-3107
2348
-1189
200
405
-1944
2195
-2246
1477
-507
1290
-1663
1807
-1618
1027
-638
-127
908
-1040
495
622
-1014
801
-1242
437
-81
-341
473
-64
-174
-23
297
-1243
1751
-2078
1461
-609
-438
943
-784
283
-154
178
-796
854
-874
-32
212
-100
634
-704
908
-993
598
-698
206
202
-446
646
-656
557
-352
-477
796
-1065
879
-559
694
-330
355
-392
-78
56
-249
444
-475
83
923
-1149
1189
-470
-529
664
-778
869
-983
1727
-2040
2691
-2763
2265
-1907
205
907
-2243
2232
-1460
741
-916
366
-270
-346
881
-1521
1396
-1587
1061
-895
366
65
9
651
-1209
2026
-2537
1490
-1026
-621
897
-1022
1117
-970
448
-584
41
174
-434
245
-59
510
-889
567
-176
-226
-224
909
-281
-590
1598
-1995
1821
-1294
899
-1204
920
-344
546
-614
499
-57
-609
1086
-612
566
-783
1104
-1140
691
-247
-193
651
-226
324
-164
-766
771
-1593
1156
-395
-27
247
-773
963
-677
94
-293
186
-303
196
-448
373
-778
279
679
-996
1396
-1829
1780
-2081
956
-144
-644
1221
-672
516
-700
44
-946
957
-964
933
-147
-460
919
-1031
877
-929
321
-143
77
481
-312
484
-1053
1134
-1038
-283
730
-874
230
808
-903
641
-554
-342
234
-722
930
-527
201
805
-876
389
-478
-140
-193
312
-382
645
-743
510
456
-1421
2460
-2551
1846
-1212
700
185
-784
1322
-1706
1540
-937
305
-426
571
-1125
1215
280
-1004
1126
-1584
1333
-924
797
-257
104
52
-102
293
-1223
1570
-1707
1003
147
-1636
1880
-1753
1074
6
-723
1063
-1028
-157
389
-332
-755
1595
-1972
1690
-1076
441
-268
-752
456
-309
106
-289
573
-847
986
-1005
1386
-1226
716
-169
-641
16
330
-467
429
582
-1179
920
-1258
1093
-1420
1030
-740
396
-168
621
-1131
408
-843
-138
400
-244
384
-661
428
-233
0
-863
1202
-2143
2036
-1450
979
-768
430
-546
787
-853
317
-199
-889
1304
-2063
1681
-1244
720
-122
127
105
-207
-4
189
-277
262
168
-88
-331
809
-1088
1265
-1180
986
-748
235
101
-803
964
-915
1092
-1454
1486
-1304
828
-922
649
-694
498
-184
93
352
-414
597
-341
221
-369
830
-772
1138
-1286
1299
-741
723
-583
423
-782
92
442
-916
1080
-1440
1558
-1356
767
-137
75
214
-200
722
-893
740
-638
62
430
-232
501
-314
601
-665
921
-1357
1131
-630
-8
269
-406
764
-455
197
-39
516
-1361
1417
-950
343
50
-315
836
-826
441
332
-1029
1145
-727
338
-138
-247
569
-675
423
-107
-408
-59
258
-520
629
-1171
1009
-660
-39
291
-228
17
-492
504
-60
-291
722
-431
-317
763
-419
216
-478
918
-752
826
-343
-220
491
-655
438
-717
228
249
402
-310
491
-912
946
-916
268
199
-612
-82
389
-480
17
-206
-144
278
-751
556
-322
-28
-789
900
-922
284
-595
399
-396
-311
623
-1097
1423
-418
142
-233
136
-662
955
-527
471
-804
525
616
-596
666
-537
-163
-140
933
-974
780
-566
312
-381
474
-21
94
-693
302
-57
-74
589
-65
308
330
-734
468
-276
-624
748
-518
659
-70
132
-260
503
-769
533
-722
470
-837
786
-706
-34
-213
-1309
1580
-971
713
32
139
-338
606
-851
545
-708
-188
808
-654
666
640
-1094
704
-565
-318
168
-389
560
-8
93
261
314
-1153
1333
-1733
1028
-309
-37
1350
-1383
1668
-353
-1288
2054
-2287
856
1115
-1280
1304
-106
-674
1137
-1334
-90
874
-1669
2206
-1243
45
1059
-2026
1207
-202
-991
1061
97
-308
-211
191
347
-628
401
312
-407
214
795
-953
663
118
-38
-228
249
386
-676
444
-38
62
-611
352
182
-623
235
-281
462
-410
2
630
-406
505
-572
808
-57
-604
958
-320
-31
379
-300
161
-108
233
264
-239
711
-878
390
-167
288
-208
-194
559
-230
446
60
-119
-54
868
-521
592
-219
11
479
-812
792
-824
249
675
-262
224
150
217
-83
349
-88
-153
-115
451
-403
121
793
-672
497
-443
403
-636
307
276
383
156
513
82
-748
35
-728
189
74
387
-951
275
-798
236
90
-41
68
-232
573
81
531
-476
435
-41
67
220
186
-377
-47
92
84
-46
-56
240
-274
-695
-459
-426
-559
659
446
22
-464
-198
-647
343
-244
502
-348
135
747
-65
-65
-361
-472
-524
422
422
535
47
430
-557
299
-515
-131
176
-77
298
-39
670
-512
428
-60
71
-74
198
224
494
48
479
493
-645
776
-359
700
-24
8
403
429
52
726
-366
-33
335
-179
679
-431
312
-48
219
-80
153
-64
-55
356
-190
447
-222
264
-21
-276
-134
-346
204
-7
177
-193
38
-487
42
-185
-345
87
-582
204
-291
-209
14
-952
-190
-502
-273
462
-253
189
-117
-458
103
-47
-105
96
132
72
264
568
-129
262
587
-212
282
438
-110
929
-108
576
54
-430
684
227
419
429
576
-25
415
688
-100
572
215
434
399
688
420
116
330
286
259
306
855
186
232
18
-5
-110
47
559
-213
172
-524
317
-181
-315
92
-546
-207
-144
-371
-412
-604
-786
-622
-576
-533
-510
-959
-524
-915
-753
-779
-1138
-551
-775
-869
-518
-626
-1093
-207
-637
-601
-418
-580
-243
-52
-28
8
-201
122
589
158
794
515
77
1243
781
1268
1298
1098
1670
1624
1396
1656
1261
1769
2269
1704
2928
2388
2143
2655
2106
2385
2699
2711
2908
2988
2632
2193
768
498
78
332
434
638
780
19
-508
-1919
-2250
-2851
-2868
-2415
-2231
-1920
-2130
-2633
-3257
-3743
-3994
-3810
-3368
-2908
-2339
-2098
-2033
-2178
-2357
-2730
-2020
-1939
-1717
-1052
-880
-665
-743
-1115
-798
-717
-398
-124
19
218
-58
7
240
179
182
743
1055
1427
1544
1703
1788
2136
3129
3864
4233
4581
4832
4838
5456
5714
5635
6208
6010
6306
4734
2915
2159
2003
3034
3343
2614
2311
1064
-960
-1942
-3315
-2685
-2873
-3112
-2439
-2891
-3534
-4679
-5971
-5732
-6266
-5779
-4612
-3784
-2947
-3291
-3043
-2858
-3020
-2341
-1531
-436
339
728
1460
1741
1220
1064
664
921
1003
1391
2246
1590
1002
479
-1166
-1501
-1422
-1363
-1058
-1392
-1972
-2704
-3183
-3315
-3622
-4216
-3678
-3419
-2893
-1978
-1888
-2095
-1853
-1621
-1115
99
1298
2076
2548
2728
3700
4156
4984
5897
6411
7333
7570
8294
8562
8916
8659
8026
7117
6982
5085
3503
3090
3045
4341
3180
1680
387
-1497
-3189
-4760
-5174
-4179
-4237
-4778
-4586
-5290
-6321
-7723
-7984
-7064
-6554
-5263
-4115
-2903
-2890
-3534
-2980
-1993
-1393
22
1228
2478
2710
2404
3027
2675
2413
2221
1673
2024
1944
1917
2080
1557
444
-167
-2106
-3192
-3409
-3533
-2304
-2467
-3035
-3726
-4424
-4643
-5162
-5193
-4737
-4142
-2836
-1703
-1126
-1014
-1146
-810
-327
948
2422
3271
3501
4008
4625
5429
5900
6541
6679
7611
8036
9322
10228
10284
9612
8222
7142
6620
5469
3109
3272
3432
4152
3332
800
-963
-2689
-5130
-6019
-6500
-5163
-4531
-5547
-5478
-6470
-7980
-9056
-9278
-7649
-6567
-5323
-3755
-3185
-3195
-3679
-3141
-1692
-443
1076
2595
3299
3372
3063
3310
3475
2849
2533
2544
2742
2565
2294
1426
353
-909
-1442
-1729
-2343
-2668
-3886
-3958
-4172
-4388
-3970
-4121
-4122
-4424
-4982
-4513
-4302
-2944
-1957
-952
-219
190
594
773
1061
1997
2817
3702
4614
5401
6038
5925
5988
6019
6822
7726
8816
10100
10171
9603
9501
7902
7250
5731
2765
1769
2492
3993
4578
2525
-120
-2896
-5553
-6903
-7234
-6163
-4788
-5015
-5618
-6363
-8322
-9675
-10579
-9363
-7690
-6016
-4156
-3544
-4066
-4937
-4847
-3433
-1499
627
2524
3221
2949
2337
2365
3060
3170
3629
3823
3918
3373
2619
1613
410
-133
-133
318
185
-464
-1834
-2840
-3597
-3800
-3129
-2495
-2089
-2546
-3124
-3604
-3602
-2701
-1633
-733
-133
132
299
381
316
1009
1573
2569
2832
3562
3704
3340
3191
3112
3918
4624
5839
6571
7421
7508
7126
6720
6750
6444
6038
3787
393
247
1567
3375
3408
696
-1669
-3929
-6230
-7148
-7024
-5533
-4557
-4985
-5406
-6536
-8403
-9587
-9828
-8213
-6306
-4427
-2947
-3263
-4021
-4497
-3579
-1626
388
2829
4098
3845
3263
3053
3723
4355
4454
5107
5300
4450
3490
2724
1935
1170
565
1169
1267
294
-708
-2088
-2197
-2461
-2570
-2308
-2238
-2252
-3222
-3974
-3722
-3010
-2070
-1537
-1379
-1587
-1756
-1664
-1478
-653
639
890
1015
828
1105
985
678
1286
2318
3215
3812
4104
4922
5617
6221
6359
6865
7658
7082
6530
3253
-137
81
2291
5197
5024
2059
-637
-3410
-5409
-6266
-6103
-3935
-3144
-3508
-4092
-5781
-7732
-9694
-9531
-7367
-4994
-2587
-1472
-2774
-4184
-4974
-3283
-514
2307
4703
5446
4256
3020
2912
4083
5029
5451
6268
6121
5113
2961
1643
1177
424
1044
1483
1788
898
-2362
-3646
-4395
-3918
-2690
-2663
-2290
-3263
-4758
-5540
-6124
-4928
-3681
-2650
-2083
-2707
-3164
-3688
-3534
-2132
-1031
343
670
154
136
-445
337
1119
2605
3875
4397
4575
4819
5776
7292
8343
8928
9468
8697
8325
5695
1772
1332
3650
6780
7514
4391
1206
-1880
-4638
-5701
-5748
-3570
-2097
-2789
-3920
-5889
-8418
-10156
-10326
-8086
-5471
-3531
-2375
-3773
-5298
-6060
-4550
-1327
1259
3650
4422
3329
1865
1578
2667
4476
5001
5398
5113
3880
1950
331
317
498
1262
1441
1050
-503
-2819
-4159
-4448
-3818
-2321
-1937
-1797
-2791
-4366
-5446
-5571
-4112
-2302
-1317
-867
-1597
-2483
-2677
-2296
-871
747
1656
1529
678
516
513
1052
2281
3291
4026
4022
3723
3966
5288
6765
8197
7987
8841
8547
7402
5575
1242
-139
2181
5524
7463
5039
650
-2360
-5352
-6139
-5895
-4571
-2166
-2736
-4361
-6148
-8685
-9933
-10435
-8696
-5689
-3653
-2372
-3589
-5350
-5885
-4877
-1520
1714
3954
5006
3670
1993
1717
3122
5243
6265
6411
5747
4163
1955
967
1222
1645
1974
1714
1469
-44
-2945
-4672
-4897
-3738
-2131
-1864
-2668
-4105
-5769
-6674
-6389
-4910
-3017
-2132
-2311
-3342
-4059
-3750
-2718
-1213
252
1053
697
-108
-394
498
1593
2436
3546
4026
3880
3562
3501
4947
7133
9060
10023
9135
9214
7355
6464
4599
1577
2669
5233
7687
7215
2529
-1282
-3401
-4961
-4350
-4127
-2772
-2199
-4319
-6022
-7955
-9364
-9527
-9075
-6887
-5393
-4410
-4095
-5734
-6726
-6132
-3361
-116
1691
2716
2837
1369
467
1505
3945
6031
5934
4891
3968
1670
783
1436
2771
3419
2158
979
338
-1381
-3153
-3747
-3106
-1122
-1190
-1901
-3533
-4716
-5240
-5524
-4476
-3014
-1872
-1761
-2782
-3461
-3245
-2189
-831
38
931
806
-131
-500
324
1957
2761
2994
3245
2947
2860
2804
3730
5652
7320
8364
8912
8066
7377
6719
6257
6554
4466
2645
3487
5215
6121
3609
101
-1415
-2712
-3826
-4298
-4360
-3116
-3763
-5349
-6702
-8222
-9152
-9269
-8395
-6526
-5451
-4906
-5614
-6898
-6491
-4616
-2016
-34
980
1766
1329
223
984
2768
4574
5219
4758
4605
2996
1774
1924
2937
3347
2499
1380
1910
999
39
-1458
-1999
-1333
-1457
-1598
-2421
-2870
-3141
-3878
-3995
-3686
-3239
-2457
-2840
-2780
-2742
-2063
-1255
-997
-487
-280
-611
-304
208
1537
2012
1596
1728
1455
2273
2978
3837
4988
5262
5593
5678
6370
7458
7275
7820
7629
7141
6220
2469
1008
2413
4990
6475
4135
698
-1758
-4484
-5347
-5227
-3746
-1716
-2709
-5056
-7711
-9559
-9592
-8740
-6820
-5255
-4954
-5339
-6597
-7091
-6118
-4007
-1622
2
731
1004
179
-328
492
2520
4874
5495
5213
3687
2216
1668
2324
3549
4210
3753
3627
2641
1876
622
-759
-407
-411
128
-224
-1212
-1548
-2592
-3268
-3346
-3261
-2428
-2595
-3043
-3083
-2853
-2082
-1893
-1904
-1346
-1516
-1129
-884
-131
362
127
391
705
1307
1954
2371
2937
3037
3317
3593
4263
5286
6225
6816
6487
7053
6239
5761
4653
3443
2404
3134
4324
4948
2986
63
-1878
-2931
-2582
-2597
-2564
-2377
-3263
-4635
-5890
-6511
-6647
-6549
-5993
-5373
-5097
-5041
-5303
-5567
-5285
-4322
-2600
-1516
-1106
-636
-622
-489
-244
1268
3108
3389
2833
1900
1890
2529
2827
3832
3633
3009
2089
1416
1969
2209
2268
2196
1294
109
-963
-1490
-536
-170
114
-731
-2011
-2645
-3345
-2853
-2084
-1421
-1063
-1502
-1624
-1778
-1819
-1409
-882
108
549
83
-230
-475
-68
434
1041
1869
1772
1342
1314
1483
2387
3201
3570
4184
4043
4602
4105
3917
3386
3562
2634
1510
1358
2087
3116
2627
1334
48
-424
-1048
-1108
-985
-136
-374
-1451
-2388
-3127
-3389
-3571
-3233
-2646
-3036
-3807
-4442
-4676
-4481
-3804
-2669
-1828
-2079
-2457
-2409
-2187
-1512
-232
1230
1780
973
219
513
984
1623
1864
2176
2073
1170
983
1254
1759
1880
1891
2007
1810
1423
925
760
813
642
262
21
-278
-541
-840
-901
-681
-648
-508
-488
-427
-468
-493
-415
-661
-980
-1124
-1518
-1338
-1256
-1346
-1236
-1588
-1887
-2485
-1782
-1163
-732
-201
-69
-96
-215
-35
380
843
1280
2034
1927
1947
1988
2231
1848
1291
1513
2490
2916
2809
2647
2903
2215
1566
1569
1917
2054
1490
1264
1004
590
112
-326
-428
-522
-769
-951
-1049
-974
-1037
-1175
-994
-805
-844
-943
-1159
-1128
-1099
-957
-628
-753
-1140
-1275
-1343
-1141
-671
-803
-1017
-1694
-2028
-2025
-1547
-1132
-850
-863
-1554
-2169
-2490
-2337
-1472
-1103
-553
-225
-454
-447
-644
-341
24
373
302
895
866
840
576
648
614
610
772
711
716
412
399
188
-29
16
-2
-156
215
105
320
372
528
652
1036
1001
1100
1288
1637
1556
1135
974
1035
1926
2510
2736
2214
1886
1447
1233
1295
1975
2414
2313
1942
1274
729
419
638
990
1005
678
484
134
-379
-647
-628
-408
-532
-761
-974
-1330
-1811
-2411
-2625
-2394
-2258
-2360
-2421
-2518
-2638
-2727
-2501
-2128
-1965
-1732
-1717
-1582
-1626
-1663
-1540
-1080
-597
-524
-480
-253
-332
-283
-238
202
451
866
1034
1355
1133
761
210
125
378
563
826
494
-3
-871
-1116
-1246
-951
-902
-888
-1213
-1298
-1272
-1037
-680
-408
-216
-107
-82
-99
119
552
1019
1155
1359
1512
1651
1752
1986
2197
2466
2658
2765
2740
2617
2557
2539
2807
3046
2924
2780
2573
2481
2383
2239
2158
1850
1400
1017
759
642
347
-89
-524
-1004
-1345
-1519
-1472
-1445
-1395
-1542
-1781
-1929
-1726
-1400
-1146
-978
-864
-766
-766
-769
-655
-463
-384
-340
-404
-402
-476
-586
-700
-669
-688
-835
-951
-1237
-1486
-1773
-1860
-1583
-1484
-1742
-2268
-2648
-2739
-2717
-2676
-2581
-2503
-2528
-2517
-2510
-2165
-1971
-1770
-1372
-873
-414
-133
-31
153
490
811
1251
1810
2326
2538
2440
2200
2159
2179
2474
2727
2860
2827
2523
2066
1705
1646
1689
1728
1546
1441
1165
841
494
326
369
465
544
678
673
556
302
170
98
282
606
887
1063
953
742
652
876
1167
1512
1629
1621
1600
1439
1461
1494
1659
1790
1695
1621
1471
1264
890
496
183
84
-170
-506
-949
-1562
-2221
-2688
-2767
-2666
-2772
-3132
-3630
-4106
-4415
-4436
-4296
-3950
-3736
-4178
-4138
-3886
-3498
-3070
-2599
-2174
-1975
-1663
-1251
-1147
-877
-209
238
539
711
1258
1653
1717
1770
1859
1948
2052
2211
2385
2300
2068
1856
1641
1543
1505
1544
1448
1161
949
770
581
508
479
566
495
465
472
463
454
435
535
668
901
1091
1264
1276
1164
1142
1257
1525
1791
1892
1871
1713
1602
1502
1553
1640
1693
1653
1452
1136
812
616
513
393
165
-222
-684
-1034
-1480
-1779
-2009
-2129
-2196
-2432
-2627
-2861
-3030
-3217
-3359
-3265
-3087
-2914
-2821
-2786
-2748
-2673
-2486
-2130
-1731
-1389
-1129
-935
-735
-607
-424
-112
363
791
1025
1224
1224
1183
1166
1272
1577
1725
1757
1541
1243
1107
953
1034
1112
1160
977
742
453
316
280
216
347
315
242
107
101
133
189
216
351
619
859
995
1113
1185
1297
1414
1549
1775
2006
2091
2108
2120
2165
2160
2062
2008
2043
2025
1831
1555
1323
1229
1019
687
335
-17
-391
-840
-1217
-1482
-1747
-2054
-2374
-2690
-2892
-3114
-3368
-3548
-3553
-3394
-3196
-3080
-3001
-2937
-2882
-2792
-2522
-2085
-1663
-1369
-1251
-1004
-773
-487
-136
285
744
967
1210
1416
1642
1826
1900
2067
2147
2145
2097
2016
1940
1798
1730
1622
1499
1319
1085
835
589
438
320
249
-12
-223
-362
-503
-643
-795
-850
-928
-1018
-1010
-903
-853
-879
-882
-678
-346
-28
235
451
556
604
712
1005
1389
1674
1697
1644
1631
1570
1525
1601
1741
1724
1564
1269
1051
822
572
347
240
161
-60
-377
-676
-966
-1272
-1527
-1594
-1474
-1387
-1487
-1603
-1605
-1591
-1511
-1355
-1083
-921
-778
-694
-554
-346
-298
-297
-220
-42
215
345
366
463
458
406
422
552
663
647
559
417
300
313
318
378
333
69
-189
-367
-415
-370
-261
-213
-270
-384
-501
-583
-585
-603
-574
-514
-477
-434
-385
-340
-411
-366
-228
-43
192
364
475
550
721
856
1080
1268
1404
1497
1484
1490
1542
1635
1676
1644
1540
1395
1191
1016
965
877
776
508
323
58
-139
-312
-512
-677
-938
-1187
-1339
-1370
-1392
-1404
-1444
-1484
-1443
-1441
-1449
-1381
-1191
-959
-805
-740
-626
-505
-438
-363
-279
-47
144
214
181
152
104
30
56
124
269
306
276
237
236
136
37
-43
-15
-46
-117
-99
-78
-132
-229
-375
-452
-439
-538
-562
-612
-569
-602
-727
-775
-704
-625
-547
-475
-325
-163
7
27
79
279
461
633
760
988
1110
1171
1165
1348
1544
1690
1740
1740
1708
1542
1350
1337
1445
1410
1233
1002
790
560
301
175
119
52
-194
-477
-628
-797
-929
-982
-981
-958
-1010
-1141
-1149
-1206
-1202
-1175
-1119
-998
-912
-873
-829
-717
-599
-541
-427
-387
-346
-356
-324
-251
-184
-139
-134
-121
-113
-8
42
79
9
26
38
75
159
126
160
22
-96
-190
-225
-243
-192
-195
-266
-327
-396
-377
-359
-265
-221
-125
-29
101
239
313
358
414
512
658
786
913
1040
1107
1097
1072
1164
1250
1274
1329
1395
1368
1294
1139
1088
1059
977
897
787
722
513
299
189
183
150
74
-45
-124
-211
-330
-388
-455
-517
-604
-628
-661
-709
-842
-896
-915
-925
-965
-947
-858
-783
-779
-791
-715
-740
-779
-857
-900
-877
-848
-765
-695
-703
-767
-778
-704
-637
-509
-460
-362
-234
-142
-75
-30
-8
33
101
125
138
161
217
267
389
460
537
555
558
630
712
826
890
888
863
769
714
680
796
868
807
676
493
407
390
430
474
506
375
193
135
155
227
261
273
217
121
54
69
137
228
265
304
331
405
492
573
603
597
586
681
743
761
744
612
483
349
307
282
254
165
13
-192
-344
-454
-528
-682
-856
-1016
-1182
-1311
-1423
-1487
-1518
-1605
-1663
-1699
-1734
-1731
-1761
-1668
-1569
-1450
-1386
-1316
-1228
-1179
-1047
-897
-739
-573
-444
-332
-238
-156
-12
177
372
542
728
846
921
994
999
1077
1128
1185
1257
1248
1224
1181
1141
1146
1116
1066
1046
991
937
870
805
771
737
620
511
459
403
397
341
261
185
127
144
206
233
290
293
258
229
189
260
337
380
320
264
158
77
54
96
126
140
53
-19
-97
-213
-235
-327
-329
-360
-434
-518
-587
-724
-766
-832
-858
-856
-918
-933
-922
-916
-925
-992
-1026
-984
-949
-991
-1053
-1023
-1012
-1010
-1009
-980
-973
-986
-1000
-918
-795
-698
-642
-549
-446
-374
-303
-246
-176
-154
-86
4
117
185
213
245
251
278
353
467
524
598
619
581
588
668
740
791
782
784
795
808
772
849
880
948
953
922
942
982
1029
1041
1043
954
895
826
798
770
731
619
531
465
438
415
370
288
206
47
-124
-200
-194
-190
-283
-398
-511
-580
-632
-615
-602
-598
-621
-613
-614
-597
-608
-603
-573
-571
-541
-534
-500
-462
-443
-479
-485
-495
-509
-524
-510
-489
-478
-470
-491
-441
-437
-443
-468
-434
-425
-440
-468
-526
-552
-569
-674
-694
-658
-686
-649
-623
-572
-554
-552
-515
-460
-369
-289
-211
-109
-46
19
133
244
312
435
519
613
661
734
801
802
818
858
911
958
889
879
894
816
740
740
772
736
690
564
468
411
294
245
216
145
95
8
-32
-73
-132
-150
-200
-247
-325
-369
-329
-279
-270
-288
-357
-369
-351
-273
-206
-148
-165
-234
-238
-257
-196
-100
-61
-36
-56
-54
-69
-88
-95
-161
-157
-235
-263
-281
-349
-409
-489
-521
-555
-586
-660
-703
-694
-666
-635
-547
-511
-512
-466
-479
-384
-282
-218
-163
-121
-19
112
234
334
394
413
441
496
649
834
879
839
778
756
788
838
902
918
870
841
790
811
894
866
764
679
599
568
527
505
473
354
216
136
83
-5
-107
-202
-266
-320
-383
-494
-566
-628
-705
-772
-835
-889
-903
-914
-947
-956
-983
-1028
-1046
-1044
-992
-965
-910
-833
-788
-811
-834
-803
-722
-618
-563
-525
-466
-419
-411
-364
-268
-202
-74
-25
69
140
152
220
250
316
387
438
500
537
525
543
538
532
540
581
626
613
610
608
562
536
541
553
612
532
460
439
401
375
331
321
318
327
291
271
285
247
179
149
151
203
237
214
193
106
38
6
-1
2
-61
-117
-194
-223
-286
-348
-384
-477
-527
-588
-661
-665
-688
-756
-807
-891
-879
-845
-810
-763
-710
-660
-635
-565
-490
-387
-319
-214
-81
26
92
106
154
216
267
312
413
498
557
579
609
643
657
656
711
760
759
740
724
710
696
658
615
645
595
609
625
523
463
368
320
331
279
291
253
215
152
50
61
81
94
75
54
36
11
-61
-84
-61
-77
-115
-179
-181
-179
-241
-272
-314
-359
-389
-415
-451
-482
-544
-575
-632
-704
-715
-758
-774
-776
-802
-821
-841
-856
-867
-881
-877
-824
-759
-683
-653
-615
-562
-474
-380
-303
-174
-90
-33
42
145
265
355
402
414
438
485
578
703
769
755
743
747
745
810
811
812
773
738
732
680
589
556
564
552
509
439
419
357
292
184
157
196
182
133
107
53
-10
-108
-163
-194
-168
-257
-237
-329
-345
-489
-540
-653
-677
-769
-1086
-1181
-2321
-1150
-1989
-507
-102
29
821
253
336
-597
-1231
-1495
-1386
-1062
537
880
843
1790
629
279
-467
-1480
-594
-1606
330
30
957
306
745
-229
-980
-1115
-1752
-994
-670
169
654
1294
907
888
370
-468
-554
-690
-857
549
-27
1245
1066
769
901
216
-85
-119
-142
-20
621
451
944
865
667
661
403
417
575
1181
52
1711
772
711
604
-811
-640
-881
-594
368
649
1096
1363
699
408
-572
-1100
-771
-1219
-169
-431
658
596
-129
476
-248
-1480
-916
-710
-683
563
1050
1308
1671
1110
640
-650
-2259
-963
-1435
-375
599
781
699
472
-656
-1320
-2402
-2846
-2017
-2186
-251
-990
-95
-167
-1087
-1112
-1224
-1801
-838
-693
83
576
481
600
428
-4
115
-496
-111
-213
767
311
1453
655
168
871
-1187
244
-536
-160
684
655
554
439
-371
-293
-475
-689
515
180
451
906
295
507
151
713
-492
203
24
-651
484
-72
343
903
736
941
769
-162
635
125
487
856
711
1079
1248
1143
1296
895
658
1264
822
294
1208
429
977
563
973
1002
107
419
-236
-93
-1141
-29
-923
220
-51
-1335
13
-2215
-1114
-987
-1865
-901
-1236
-1146
-25
-2248
-2002
35
-3410
696
104
-1642
1024
-1673
-905
-295
-1827
480
-449
-712
1057
-92
702
260
-2095
1912
-1987
-737
2530
-2849
3440
945
-867
2499
-2579
-713
581
-2664
825
1810
-1010
3751
-654
-693
1043
-2152
-581
774
-550
1757
1633
882
2542
-173
-657
1502
-1798
732
3073
-1410
5278
995
1993
1298
-1677
-131
-343
1153
2136
2339
1523
3633
-897
1443
-2281
1727
-2013
839
2223
-1578
3021
-804
651
574
37
-958
-40
-3742
657
-1634
-967
2847
-803
392
-1483
-3132
-2721
-2974
-3086
2142
-1448
752
1720
-2554
-1941
-2134
-2989
-373
-1578
394
1815
-143
882
-1098
-884
-1402
-1642
1056
-1364
1362
1535
-1162
2836
-202
-1017
387
-2447
372
-532
528
3592
-2276
2031
969
-811
-283
-864
-1666
905
663
2758
657
-1230
1993
-1708
-394
1294
-670
-824
2649
1842
588
1524
1555
-1484
1166
-207
3508
-1494
2140
1874
-425
2287
563
-855
1332
-841
769
2695
-2133
2718
714
-916
2326
-2414
-770
1174
-1906
1107
1303
327
-1937
3318
-3492
471
-2182
-850
477
-433
1012
824
-837
-600
-1574
-1064
-591
-2017
2059
672
-41
230
886
-2383
652
-4387
2628
-1750
-522
5301
-3391
2543
-2714
909
-2146
-1018
-828
1289
-1333
1292
3061
-5068
3027
-3784
-903
-833
368
1104
-2365
3898
-1368
-471
1529
-1086
-1657
478
63
564
1434
-373
2757
-371
1266
-344
-1568
1935
-3101
3573
339
1695
1287
2009
111
-567
2298
-3319
4296
-510
1345
2124
137
463
2881
-2629
2099
419
-3409
5515
-4585
3970
824
-3107
4424
-1502
-176
1883
-2047
8
-1415
-1127
2524
-3290
783
2640
-4473
2608
-178
-4433
4593
-5651
4086
515
-3480
5445
-3886
449
2560
-2015
-1095
4025
-5401
5769
-3119
690
2677
-3174
1427
1388
-1450
-1115
2063
-1231
-1029
953
-643
-2541
1925
-3060
2923
-1483
-37
-89
-1253
-1333
138
-1930
16
375
-2368
3597
-1486
-426
798
384
-494
-741
1357
1876
-2698
3092
1681
-1478
2845
23
2870
-1033
769
1360
-1216
2651
4589
-3582
5295
596
-1359
2952
-1708
223
702
-137
3535
-391
429
3049
-4290
3990
-3904
1947
682
-14
-54
2602
-1482
2040
-1938
-865
2348
-7325
7101
-5534
273
2218
-3662
1296
-1641
-552
-216
-1305
-847
1765
-3862
4003
-3563
369
1614
-2614
988
-326
-1978
-342
470
-1403
2194
-2487
3948
-2667
687
158
-1198
-2604
1092
698
-1985
3573
-1669
496
591
-3062
1562
-2186
63
-372
1213
-1070
2522
-402
-1436
3809
-4469
4329
-2655
1120
178
63
1527
788
1236
-253
359
1314
-136
-267
2725
415
1344
1646
2234
-615
2810
-2062
3489
-1851
709
602
953
-143
303
1134
-1586
2552
-1661
778
957
-1669
666
1820
-2783
2544
-2229
1628
-269
-584
-677
1317
-2918
606
2028
-2967
2834
-1918
-538
1515
-2484
-321
2555
-4418
3195
-285
-3662
4709
-4227
-842
2346
-2393
-793
1923
-2643
1440
-1555
-320
1641
-2733
-756
4099
-5939
2613
-1289
-1707
-178
874
-1135
256
437
-1194
1948
-3436
3316
-3664
1344
524
1545
-787
1814
444
-2537
3630
-3929
3136
-1585
1977
637
-256
3194
-1351
1226
226
2369
-2881
3982
-1779
2224
1004
163
3727
-3708
4304
-1064
-55
2124
-2183
108
3425
-2704
2584
867
-945
442
-27
-2084
1332
-3671
2194
340
-2201
3593
-2830
1397
-2257
1568
-2951
1665
-1312
747
1234
-1401
3220
-4365
3631
-3340
204
-158
-598
-215
1526
-618
9
-141
-1906
715
-1869
428
-518
1779
-2537
4092
-3316
54
1320
-3992
2002
254
-723
1265
1521
-2487
2925
-3709
1793
-417
-2687
1918
-668
-1049
1756
-180
-2198
3559
-3730
1834
18
908
-1332
3040
-1729
2135
-1002
1327
2012
-3240
5366
-2641
2325
408
614
2532
-1738
3415
-935
0
986
814
-1182
1426
-437
-2108
3639
-2358
1115
-1160
1833
-1624
1036
1314
-2325
1366
-521
1098
-672
100
579
-359
-1735
1724
-440
-1969
3576
-4888
3274
-2989
-158
326
-645
-181
-63
-835
-359
-663
-1243
2529
-4470
3013
29
-2380
1885
-1413
-1956
2192
-2825
2688
-870
-891
2659
-3196
1160
-586
-746
289
-716
-214
-1168
1378
-2714
1932
-1833
1234
-2133
2562
-1848
-107
2206
-3849
4077
-1563
-49
3636
-3718
1600
1394
-3287
2336
167
-32
1489
685
-816
2334
-2290
2040
-1095
-764
2234
-1698
2759
-709
416
576
-739
1007
386
-1354
2167
1782
-3141
5270
-2521
254
3365
-4145
4270
-871
-2408
4570
-4453
1391
760
-1862
792
792
-2962
3128
-3244
-261
1098
-4857
5781
-5716
2994
-642
-1393
-167
299
-2345
-383
609
-2315
2755
-3470
1583
-240
-2405
846
-914
-2358
1278
-1148
315
-844
805
-973
-221
358
-1397
351
-830
369
443
-73
718
1260
-394
349
1804
-3051
2996
-2531
1235
-278
222
1207
-329
1375
-1095
1084
-1969
1129
-2901
2632
-1166
-94
3248
-2239
1752
-407
216
472
-2252
2210
666
-1773
4378
-3009
1709
1647
-1574
1808
1042
-3062
4018
-2372
1549
2141
-3054
5529
-2677
835
2025
-1679
-1602
3718
-5487
5287
-3931
1511
1672
-2145
1632
778
-2554
-1354
2696
-5869
4726
-4488
2758
-991
-1062
612
-1321
-1965
-537
443
-3628
3551
-5197
2965
-2718
45
-499
-967
-649
-1872
-3
-2000
-270
-2364
2818
-3848
1995
275
-2590
1447
-2527
722
223
-290
-439
3117
-3421
1525
1498
-3260
3172
-1664
-85
2313
-1206
-263
3015
-3089
2315
2454
-4564
6240
-4314
2743
199
-496
1343
-143
1076
798
722
-1804
5125
-3664
3207
193
405
1372
-380
3816
-2922
3585
-1018
440
706
591
445
829
705
-188
1605
-1987
2058
-2072
1041
-1074
1258
-806
-122
970
-1934
24
-259
-2061
75
-1058
-354
-448
-747
-382
-1363
-1403
383
-2671
-1226
1122
-3060
1327
-1507
79
-1445
-832
-1107
-797
-2167
1667
-1523
-1689
2108
-3511
323
-1340
-145
-3525
2152
-2100
380
-1422
1035
-1958
-206
129
-137
-1067
-422
1109
-2071
2378
-2181
2013
-2151
1794
-1458
238
960
-722
1078
2267
-632
1235
-165
282
585
-1091
2129
394
1727
1200
1325
17
717
-1220
3473
-2239
3350
1168
-750
3264
-949
488
767
-1571
1061
1600
-2386
3898
-2446
1159
83
-1182
-18
-485
-807
399
171
-2062
2032
-3578
2338
-3797
1615
-3242
204
-174
-1658
955
-2901
232
-2253
-33
-1382
77
-1457
10
827
-2133
536
-106
-3799
3602
-4885
2294
-1294
-972
880
-598
-1485
1282
-1928
-2275
4134
-5735
4711
-2611
265
299
-1192
170
-217
-1483
952
537
-1211
1618
-1276
986
249
-278
421
776
-589
1047
1513
-1301
1699
1271
-1407
3189
-1318
720
693
-54
1347
313
235
1220
160
-683
1929
-1918
2140
-1067
1154
1304
-1457
2699
-2019
194
103
-93
-1691
2346
-2045
154
292
-543
233
-1530
909
-2107
833
-1558
700
-2303
1313
-1227
-401
339
-704
-410
-775
-537
-1134
-226
-1926
2007
-2200
1145
-769
241
-879
-862
-147
-1684
-433
-416
52
-581
671
-1379
856
-1810
572
-1865
183
-904
152
429
-910
826
-133
-945
-508
-713
-1265
146
-1320
1000
-1041
1076
-865
911
-1141
381
-246
-1050
1555
-937
841
-310
1501
-980
1772
362
-585
1873
-2394
2359
-2082
2029
356
-494
2429
-966
1058
-942
1333
-1275
812
548
302
244
449
410
-357
-177
179
-721
855
-985
536
-688
-465
645
-1553
533
-306
-1389
661
-1079
217
-1497
-27
-1312
104
-1791
688
-1109
-1477
1918
-2694
1319
-1779
357
-2086
1238
-1493
-736
555
-989
-304
-122
557
-2555
1724
-2684
-40
5
-1689
563
-519
239
-1315
1625
-2989
1808
-2794
836
-461
-1501
2036
-1667
1246
-1325
1459
-2614
1986
-1051
-461
2054
-1407
-89
2056
-1773
929
1972
-1517
2830
-935
115
720
-1223
722
1689
-519
2266
-526
728
-271
-459
135
53
409
574
681
1484
-1158
1285
-164
-1646
2002
-2441
1261
-858
695
-522
578
-566
558
-1237
775
-1058
-365
1357
-1890
1530
-853
177
87
-695
14
-39
-932
307
-414
-620
-50
96
-1128
1045
-1528
-118
-415
-1403
-668
421
-1572
-174
695
-2931
2126
-2527
391
38
-2326
2066
-2856
340
525
-2126
611
-178
-1501
1471
-2167
-105
599
-2107
1675
42
-1014
1353
-1181
418
339
-954
1941
-763
127
1616
-351
6
1636
-308
-217
926
303
143
952
-150
1447
-595
672
549
514
-913
1438
489
-974
1634
-1295
1205
-1201
1410
-683
289
539
-432
1178
-1021
477
-3
-606
667
726
-1706
1566
-936
-1065
1353
-1630
319
-446
-1022
1016
-815
-1046
1682
-2686
1958
-1517
-242
1570
-2049
762
-772
140
-882
-68
64
38
-1171
885
-761
-1190
-52
-456
-303
-288
227
-163
-46
-454
533
-1136
-819
554
-1508
1117
-610
648
205
203
-454
1299
-2587
1744
278
-2093
3158
-1631
416
397
-314
617
-1097
400
1047
-420
-121
1770
-1856
1257
11
221
1066
-1180
2086
-1503
1877
-904
502
250
420
-797
1426
-73
-979
1922
-398
508
-429
1154
-1101
666
-414
1461
-548
74
2052
-1186
392
110
-394
-908
1187
-1018
485
1223
-993
836
-551
-1145
711
-899
-645
977
-573
-136
699
-1058
-593
370
-1785
1244
-846
-364
780
-737
-443
692
-1185
254
242
-1161
570
-15
-346
55
-258
387
-279
12
19
92
-834
851
-434
-471
431
244
-1201
2000
-1474
43
1726
-2268
1800
-898
-350
429
223
-755
2209
-1841
1638
-238
-1255
2225
-1748
803
1249
-1794
2769
-1062
217
1563
-1434
623
-68
-418
1219
-162
1310
1180
-1516
2294
-1436
-121
1158
-504
912
744
-71
548
682
-1517
1660
-1472
-182
1374
-1707
2061
-847
66
-86
-618
-14
42
-1425
934
-703
-283
1105
-284
-577
-238
489
-1005
-387
538
-642
-100
119
-263
472
-1094
622
-412
-962
625
-868
-120
140
109
-566
1434
-2156
971
144
-2161
1634
-813
-385
1616
-1237
452
703
-1656
2491
-2264
656
1298
-1780
2073
40
-551
1083
441
-293
909
-387
871
24
888
439
761
297
790
-315
1446
-68
169
1201
132
481
1
1488
-667
885
-208
1494
-1296
1003
544
-132
-308
1151
-122
272
368
-104
635
-1236
1340
-640
217
273
-396
299
-213
321
-591
-158
-341
351
-1393
618
-692
-1318
1435
-2140
1057
-993
-807
618
-835
-922
882
-1068
-431
1530
-2263
2011
-1344
826
-445
782
-1542
1567
-1512
605
674
-806
1156
-903
1367
-787
1001
-636
722
511
-695
1079
273
-269
845
786
34
-344
2047
-1536
1285
317
-252
1382
482
296
866
121
556
582
-364
1059
-505
606
707
-66
-4
970
-972
917
405
-106
266
518
-217
240
386
89
387
-406
674
-427
137
-368
-70
335
-79
404
-200
-24
-62
-509
252
224
-339
901
-262
-24
282
-291
17
-5
-506
439
45
-265
1150
-1128
410
230
-1490
795
-346
-164
114
37
-636
826
-1315
739
-213
-1341
2130
-2564
1119
602
-1036
874
275
-162
242
879
-1304
1486
-1131
1711
-103
-805
2072
-1505
1268
-314
605
-1302
1885
-1034
211
682
-186
513
-10
954
-290
270
336
59
-105
1037
-186
896
-337
493
407
-171
-337
1446
-1729
2047
-713
-27
935
-927
850
-329
388
-609
211
-583
989
-1430
1290
17
-655
605
-125
-955
495
-853
-433
661
-947
755
-490
-427
187
-1056
-554
98
-1362
267
-80
-564
536
-364
-515
17
-1296
419
-544
-371
453
-336
-154
626
-801
80
-137
-274
873
205
-531
1302
-177
-604
1411
-833
440
205
432
57
165
178
472
209
183
33
816
-633
1089
-299
533
-372
1242
-602
290
399
154
213
-354
1516
-1593
2014
-1030
1528
-1565
1321
-154
-1135
2252
-1465
1556
-134
-181
-400
1093
-1016
664
-98
121
880
-608
807
-240
-11
142
272
431
-795
1052
-13
-298
704
52
-116
1115
-949
-244
1723
-2266
1749
-212
-1336
1426
-595
-467
1191
-1929
1663
-623
-898
1307
-1745
444
142
-563
570
744
-1095
1789
-1404
400
65
-685
279
518
-926
2185
-1557
1131
573
-1536
1372
-1921
1489
-175
583
757
631
-966
1585
-432
-403
1364
-1919
1123
702
-760
1444
528
-1250
1622
-681
-32
133
-353
563
-331
586
-379
1063
-799
627
129
-1630
1765
-899
-12
1673
-734
-294
878
-1178
1275
-247
-1392
2989
-2366
687
936
-2060
1551
-74
-960
1749
-1842
886
1046
-2186
2240
-1042
-866
1408
-672
-1103
1237
-1223
273
436
-305
1678
-1411
251
374
-983
34
398
-717
53
669
209
278
641
-258
179
-1169
518
-524
566
-118
830
490
300
907
-421
-76
-102
-408
279
-143
544
353
485
746
-220
795
-1009
1109
-1446
803
-118
52
1031
-321
848
-863
450
-829
611
-574
371
136
-815
718
-1066
884
-1095
944
-630
741
-192
-215
99
-955
775
-453
-195
568
101
-693
502
-446
483
-1004
622
-988
130
-260
-218
1126
-1155
1105
-392
245
-645
-252
120
-787
535
-897
1483
-1126
106
673
-1543
1234
-1307
843
-1104
936
-946
-277
2002
-1870
791
-19
-277
-504
-3
-122
-133
-60
519
701
-837
522
5
-545
539
-487
830
-201
-231
686
-154
-38
567
-523
331
373
-522
301
49
-271
988
-596
471
549
-1558
1324
-390
-495
153
226
-231
-177
480
-472
-148
-174
685
-459
-160
623
-575
-1
-108
888
-1082
826
-109
-486
599
-759
627
-795
-389
668
28
-971
909
-74
-842
1404
-701
928
-767
607
-152
-119
-70
204
343
-580
805
132
-180
-759
701
-891
-102
496
13
22
-303
578
-1421
506
-470
483
-579
-14
598
-845
-83
731
-1131
27
768
-638
116
580
90
-438
295
-283
-626
706
-458
174
-458
269
720
-1191
516
137
-1059
222
534
-590
260
173
-146
401
-488
303
-712
303
129
-45
-122
258
49
-423
1232
-1013
-8
572
-6
-75
888
-577
-159
179
-370
728
-963
1091
-320
-989
1340
-624
-518
572
-306
-787
457
-233
-46
-132
-155
472
-674
213
65
-490
-176
-407
-195
270
391
-171
225
-267
-507
288
-784
830
-814
-330
645
-290
260
-34
249
-912
-40
-109
-345
39
-182
-265
-83
-334
62
-6
-207
-287
-843
-385
-46
-292
-177
245
-19
50
-1
517
283
-74
54
-449
172
253
-107
179
-203
-178
-197
-24
-120
-420
-71
-61
63
-15
793
3
425
244
-124
797
104
523
505
231
132
433
-227
564
193
413
769
135
1115
620
-389
717
25
-259
566
-263
507
-266
597
160
-405
106
-185
-772
-350
-91
-954
500
-36
-412
114
256
-295
-305
-251
-165
-760
-142
127
-387
-261
448
71
-312
-55
-438
140
-938
-191
1074
-676
227
797
-316
175
146
-167
-54
-317
320
264
-477
365
-27
-425
-140
-92
-403
21
127
-146
78
226
-196
-28
-323
43
-555
173
-252
-580
-69
-196
-261
-183
-226
-104
-385
-510
-26
-538
-451
193
143
-381
335
-174
-286
110
-494
87
-515
-47
146
64
117
-151
-237
183
-291
-231
291
-481
85
187
-105
-270
485
-154
-231
-77
-199
-110
-949
437
-394
-729
392
-8
-749
-137
348
5
-392
224
-10
-658
-68
360
130
-352
251
41
-243
-219
-48
62
-481
-108
438
270
63
52
508
-426
-437
292
290
-180
219
580
-121
-164
320
361
-414
0
385
-228
115
456
-38
36
31
-94
27
326
266
85
-231
383
-248
-33
348
47
35
-169
675
369
33
26
406
-536
-84
350
-72
-58
279
452
-81
491
318
214
-435
21
50
-240
9
234
-112
-131
237
41
22
-335
-32
130
-590
89
304
-427
-27
217
-301
3
-160
0
-152
-621
-395
-80
-283
-122
503
90
-48
-287
16
-260
-467
-272
-133
-258
-273
289
-37
-88
-352
48
-441
-504
-42
-319
17
-228
110
90
48
-37
-183
-146
-218
-287
239
290
12
372
160
-34
-143
-17
28
43
452
238
178
73
-83
-19
341
-360
-147
50
-160
-77
-202
61
-144
-276
72
-35
-155
-106
-149
-59
-169
-283
-84
58
-474
-66
-306
-237
-417
-552
210
-357
-450
-297
-254
-665
-474
-67
-393
-74
3
205
-138
-287
84
-442
-521
-219
-205
-89
408
47
38
357
122
80
159
-148
-19
-377
-501
-408
-530
-365
-236
-155
-225
-303
-227
-337
-274
-573
-477
-236
-262
-256
-77
-313
-417
-311
-558
-473
-372
-550
-664
-736
-774
-604
-473
-298
-328
-122
-410
-279
-200
-301
-200
29
57
121
208
147
287
261
163
399
327
477
582
444
809
548
537
531
238
359
61
131
277
131
109
273
274
78
106
65
-273
-222
14
-15
123
267
-58
44
-181
-88
-53
-22
-8
-136
54
-100
77
-24
-199
-100
-85
-58
361
208
147
319
181
135
148
283
197
136
206
337
410
353
420
292
238
271
525
412
546
259
407
639
547
675
318
423
62
342
338
329
228
107
256
392
372
245
383
-143
182
224
303
181
100
149
163
-19
115
185
-89
10
-101
155
-5
135
199
79
-45
50
124
52
-9
-74
-31
-94
46
50
-11
-101
-12
-25
137
161
-58
50
-77
-85
188
45
35
-38
55
19
-135
79
-129
-90
12
-22
-28
88
-94
-7
-138
-158
-8
-7
-176
-90
-16
-59
48
-41
-4
-180
-11
30
-127
84
53
93
299
358
366
204
195
218
211
349
397
513
337
377
439
117
340
217
81
261
187
243
340
217
157
166
-28
206
121
109
51
-79
-49
13
-137
-76
-142
-187
-73
-209
-37
-176
-247
-112
-287
-209
-166
-327
-250
-368
-393
-441
-336
-525
-291
-440
-471
-227
-443
-185
-265
-242
-177
-324
-118
-72
-112
-116
-18
-40
-88
-9
-48
-92
-100
-131
-136
-82
-84
7
51
35
101
84
119
-67
27
58
-55
105
206
74
194
276
-3
245
146
195
223
172
299
180
278
280
170
202
189
142
70
41
71
31
74
64
47
154
33
109
82
59
145
149
95
180
62
124
61
83
44
91
-42
28
-17
-101
-16
22
-44
8
-5
-105
16
-129
-99
-202
-120
-258
-161
-178
-319
-263
-336
-306
-195
-176
-278
-240
-221
-230
-245
-60
-218
-194
-260
-132
-136
-164
-85
-233
-172
-189
29
51
35
197
9
151
166
218
390
205
373
202
252
404
281
381
397
216
272
349
431
362
429
345
239
436
318
344
327
240
180
268
287
171
285
173
95
73
50
59
4
21
32
28
-13
3
-65
-139
-211
-160
-198
-240
-178
-227
-122
-282
-43
-131
-206
-100
-246
-98
-125
-209
-108
-169
-123
-85
-81
-132
-132
-199
-7
-3
6
65
64
-8
-19
-5
17
-90
-77
-57
-159
-116
-97
-7
-120
-78
-115
-10
22
-62
93
-64
18
60
-23
120
72
40
78
61
4
128
54
93
139
124
177
132
269
127
175
258
140
208
273
206
221
257
246
214
283
229
200
286
171
231
244
131
237
193
228
207
199
118
73
130
58
88
93
99
32
72
115
57
112
38
-57
-31
32
-104
76
41
-107
29
-49
-5
19
-42
29
56
18
94
54
45
40
15
74
-7
-21
17
10
29
-24
-54
-54
-150
-180
-159
-168
-135
-125
-128
-175
-73
-171
-174
-125
-200
-145
-159
-129
-101
-117
-167
-161
-204
-197
-223
-123
-158
-125
-85
-143
-41
-129
-133
-100
-78
-126
-73
-29
-88
43
-41
0
-1
-18
119
-9
94
106
71
151
209
110
135
165
99
217
237
222
266
206
222
195
125
205
130
130
148
87
81
92
118
33
92
11
66
76
-28
26
-68
-31
-75
-104
-14
-113
-82
-111
-115
-88
-209
-120
-136
-202
-80
-109
-127
-154
-45
-115
-48
6
-91
72
-9
36
72
93
69
77
121
116
176
171
294
158
244
237
193
236
157
168
177
134
151
143
138
187
209
174
216
184
141
178
109
152
150
185
174
144
176
194
141
133
155
93
104
175
87
183
163
166
207
202
226
180
160
199
245
234
264
249
244
240
306
252
276
302
235
266
273
201
261
214
89
100
0
24
-31
-53
-55
-107
-140
-136
-149
-166
-170
-203
-209
-233
-219
-171
-237
-209
-228
-269
-190
-194
-278
-257
-305
-339
-226
-285
-202
-174
-176
-121
-158
-212
-103
-113
-98
13
-101
26
-27
43
62
56
27
29
-2
58
97
41
136
82
124
67
78
93
17
86
57
21
109
127
73
128
99
109
106
99
104
134
152
222
222
201
160
156
163
151
243
197
231
188
180
191
151
179
105
85
103
108
117
124
70
79
97
93
103
21
44
-32
45
4
17
41
-33
13
-76
-15
-73
-44
-14
-18
-48
-63
-32
3
-62
14
20
-63
59
-10
6
1
-35
-46
-54
-43
-15
-21
7
-36
-48
-48
-64
-55
-77
-43
-78
-89
-2
13
-53
0
-78
-46
-51
-58
7
-32
-49
-13
-30
-28
-22
-46
27
1
51
19
26
72
-19
26
47
-58
56
15
-11
61
-65
17
-3
-17
-10
-93
-59
-6
-78
-60
-45
-38
-115
-99
-61
-117
-58
-89
-82
-130
-53
-127
-125
-64
-149
-77
-97
-62
-37
-89
-35
-43
-53
-21
-46
-52
-45
-18
-57
16
-23
51
26
63
74
53
85
42
31
-9
21
19
3
14
36
0
30
-35
-28
-51
-59
-43
-46
-49
-45
-66
-20
-27
33
51
1
82
62
27
73
22
66
43
86
122
70
102
85
100
98
110
135
122
156
94
155
114
141
164
81
159
160
120
132
149
92
117
63
103
74
133
134
86
146
63
116
57
95
41
14
33
-55
-7
-70
-41
-55
-95
-102
-85
-97
-89
-73
-129
-84
-136
-135
-128
-153
-160
-109
-128
-62
-66
-120
-35
-122
-65
-111
-61
-114
-48
-32
-34
1
-25
14
-6
15
-31
23
-27
-31
-32
-26
-1
9
-15
27
-26
60
27
35
55
14
70
56
92
31
126
74
92
115
66
82
48
39
29
-18
-25
-7
-39
-16
-15
-57
-35
2
-3
28
89
34
99
44
79
84
45
38
28
3
-25
12
-64
-9
-62
-67
-72
-95
-92
-122
-87
-132
-109
-153
-115
-139
-170
-149
-171
-175
-173
-149
-167
-128
-153
-190
-76
-104
-106
-42
-37
-62
13
-8
-36
5
-28
-14
-13
-2
-39
5
-3
76
46
31
86
71
101
110
111
161
140
136
170
132
181
138
133
110
132
114
124
133
94
145
92
99
116
109
132
127
90
106
118
96
126
70
87
76
64
111
92
51
34
29
-32
10
23
13
16
13
-7
-46
-59
-51
-76
-32
-48
-53
-47
-55
-61
-89
-99
-142
-155
-179
-201
-187
-223
-221
-201
-241
-250
-259
-215
-235
-238
-184
-223
-231
-182
-192
-163
-223
-207
-188
-281
-153
-139
-211
-139
-150
-173
-117
-125
-114
-130
-112
-67
-62
-81
-35
-25
-70
-18
-1
-18
-26
0
-8
16
52
98
40
72
70
84
101
112
134
99
140
112
135
108
157
135
115
138
101
166
145
132
169
116
153
102
150
121
111
108
108
123
97
75
17
39
-12
32
6
-20
-27
-6
-41
-37
-58
-61
-24
-78
-49
-56
-27
-69
-63
-81
-83
-93
-120
-85
-108
-132
-111
-116
-91
-86
-36
-30
-30
-8
6
-11
-35
16
-21
3
67
-4
19
27
13
49
7
74
37
95
79
88
126
90
126
119
87
98
74
72
88
68
70
60
82
1
43
-20
-44
2
-42
-51
-60
-31
-65
-15
-58
-21
-50
-73
-89
-89
-69
-84
-46
-60
-63
-68
-62
-44
-71
-64
-91
-79
-68
-61
-30
-32
-52
-70
-58
-94
-121
-114
-104
-82
-96
-92
-27
-55
-7
-41
-34
-8
-18
35
-15
40
27
8
-2
-42
-45
-51
-23
-81
-68
-79
-121
-97
-126
-129
-145
-160
-120
-142
-164
-130
-144
-149
-122
-107
-139
-143
-141
-123
-152
-127
-112
-142
-98
-133
-153
-56
-111
-67
-53
-101
-44
-64
-39
-40
-23
12
-38
-16
-16
-31
-25
-7
-4
-47
-5
12
-18
34
-18
-2
3
-18
34
-22
17
10
19
44
13
33
41
34
35
36
-3
14
14
-11
7
2
-30
-16
-8
-55
-45
-47
-100
-83
-89
-78
-71
-103
-53
-98
-85
-70
-91
-72
-95
-56
-55
-29
-57
-41
-57
-38
-13
-46
-29
-59
-74
-94
-111
-129
-137
-137
-158
-174
-189
-166
-144
-160
-170
-159
-147
-104
-107
-92
-58
-40
0
-43
-17
16
6
-11
1
-10
10
-18
-28
-13
-1
-19
-25
-23
-25
-35
-42
-40
11
-14
5
11
-19
32
11
32
56
52
69
58
74
81
86
30
60
49
38
7
1
1
1
-40
-54
-39
-51
-67
-82
-96
-106
-104
-136
-110
-108
-120
-127
-123
-152
-122
-164
-157
-115
-133
-160
-154
-179
-160
-166
-191
-155
-216
-167
-188
-215
-173
-174
-202
-181
-144
-148
-100
-114
-138
-102
-106
-111
-125
-100
-134
-103
-116
-83
-61
-65
-68
-103
-74
-103
-43
-19
-44
-37
-47
-96
-50
-46
-60
-32
-27
-10
-19
-5
-1
44
43
50
72
47
64
65
76
76
61
81
66
76
73
61
85
91
105
119
115
113
125
109
90
106
100
115
137
102
123
94
86
80
95
79
91
93
57
64
25
29
5
7
-2
-26
-50
-53
-22
-43
-46
-55
-53
-66
-84
-97
-109
-91
-138
-158
-201
-200
-208
-219
-211
-260
-231
-225
-211
-213
-222
-189
-189
-196
-187
-169
-130
-149
-156
-158
-172
-131
-158
-145
-147
-141
-114
-153
-133
-147
-138
-128
-113
-91
-107
-80
-95
-104
-79
-91
-75
-103
-67
-74
-97
-67
-58
-19
-30
-24
-3
-34
-2
-25
-55
-13
-37
-26
-36
-8
-14
-50
-60
-88
-62
-69
-51
-63
-37
-51
-48
-27
-21
3
-22
-35
-4
17
10
-3
-6
9
-22
-11
-6
7
-5
-2
-3
16
-34
-34
1
-14
-12
-23
-52
-45
-70
-74
-65
-63
-73
-73
-36
-35
-11
3
49
17
19
43
60
35
12
16
10
59
26
-12
-3
-35
-49
-26
-11
-14
17
6
26
28
-2
37
0
19
9
18
20
36
26
14
27
-3
-7
5
-12
-38
-51
-57
-37
-37
-38
-20
-14
5
3
16
0
1
2
4
25
18
13
10
0
-9
-28
-34
-10
-9
-27
-58
-41
-61
-89
-112
-108
-99
-113
-149
-158
-151
-169
-194
-207
-185
-179
-183
-169
-177
-172
-174
-175
-162
-165
-169
-169
-148
-134
-151
-139
-143
-156
-167
-176
-159
-121
-122
-106
-99
-82
-58
-79
-80
-68
-50
-24
-43
-25
-12
-30
8
37
34
59
70
75
105
115
81
77
96
87
103
91
98
94
74
63
58
48
52
50
40
55
35
72
56
32
47
67
66
39
48
77
100
96
78
86
95
121
135
112
142
121
117
121
84
106
104
117
112
78
97
75
102
97
68
91
76
66
63
57
48
53
74
69
79
90
85
102
95
93
94
89
94
75
78
71
82
65
30
9
1
1
16
-3
3
-8
22
15
-14
-16
-38
4
-6
15
6
6
15
36
69
35
70
76
98
108
115
98
81
82
84
72
54
39
22
18
-12
-27
-39
-46
-74
-70
-50
-58
-76
-84
-57
-51
-55
-86
-57
-39
-22
-26
-46
-21
-13
-3
-1
-11
3
19
27
35
-2
25
29
15
4
0
-28
-10
13
-31
-36
-19
27
15
26
-3
12
30
58
64
81
114
102
103
121
146
148
172
167
165
159
158
159
172
155
152
143
146
172
166
153
104
119
118
125
146
135
167
190
186
180
194
196
182
177
169
157
152
122
117
147
139
131
127
91
110
93
59
66
67
72
84
53
89
102
71
89
45
34
44
53
62
51
36
22
46
44
47
59
21
39
42
29
40
24
21
14
13
15
12
4
-12
-16
-17
-10
-14
-13
-20
-27
-50
-73
-70
-66
-60
-86
-53
-51
-39
-50
-43
-26
-45
-27
-53
-66
-53
-41
-58
-56
-46
-40
-32
-23
-35
-31
-31
-20
3
-15
-31
-24
11
7
8
14
13
44
68
49
52
45
40
71
51
59
54
42
30
31
18
16
3
0
1
-22
-26
-22
-36
-37
-36
-53
-45
-36
-24
-52
-7
-21
-14
10
20
30
36
44
29
58
35
42
48
54
56
42
38
50
61
54
79
72
90
100
109
149
152
177
160
168
193
205
218
234
243
268
262
265
254
271
258
232
198
209
201
176
201
170
157
146
130
147
150
132
124
97
78
78
67
72
108
100
95
113
120
100
94
116
107
115
94
84
82
74
61
40
21
23
27
-8
-14
6
1
10
16
9
24
10
-9
0
7
3
-17
-20
6
13
56
38
39
40
43
59
70
78
60
65
33
40
29
-5
-13
-6
-23
-27
1
1
-5
6
-12
-25
-11
-21
-22
-8
5
4
20
21
44
45
39
52
41
40
25
11
15
15
-9
-56
-35
-52
-36
-44
-59
-42
-68
-55
-51
-31
-44
-52
-31
-25
13
37
36
44
63
102
114
106
94
122
145
125
104
113
119
109
100
95
76
67
35
52
72
52
57
65
66
77
65
60
75
94
99
131
150
152
167
138
153
168
177
148
119
140
124
112
91
92
89
68
40
13
-2
-21
-40
-67
-51
-52
-51
-64
-93
-84
-67
-78
-59
-50
-56
-35
-8
-8
-14
-19
-26
-3
8
21
0
-2
6
-5
1
0
-4
2
-51
-19
-20
-39
-36
-59
-42
-39
-29
-34
-18
-43
-8
-14
-21
12
3
21
-3
-9
-14
-2
-3
-5
-3
-29
-39
-42
-22
-12
-51
-50
-54
-50
-40
-49
-26
-41
-31
-39
-27
-30
-38
-26
-20
-14
-52
-29
-4
-11
-30
-44
-24
-35
-54
-65
-54
-44
-46
-34
-54
-40
-57
-93
-64
-76
-77
-78
-98
-93
-98
-82
-82
-77
-69
-82
-72
-45
-22
-5
-22
-8
-5
-39
-19
-22
-31
-20
-19
-17
-14
-21
-37
-33
-23
-22
-27
-8
-31
-17
-4
11
16
2
18
27
26
23
37
38
31
35
29
14
-20
-23
-4
-43
-58
-71
-46
-23
-56
-69
-68
-74
-59
-39
-58
-31
-20
-12
-2
-11
9
32
40
63
46
52
51
48
57
64
51
39
46
16
-11
-20
-26
0
-10
-15
-30
-38
-62
-86
-72
-55
-52
-57
-37
-46
-19
-34
-30
9
0
18
34
38
35
47
58
49
37
52
55
49
34
17
-5
-3
-24
-37
-59
-93
-82
-73
-89
-93
-105
-81
-76
-74
-58
-45
-19
-28
-39
-24
-16
-25
-9
-19
-30
-46
-57
-66
-64
-83
-89
-100
-131
-148
-164
-190
-192
-181
-204
-215
-224
-222
-203
-195
-178
-144
-147
-131
-113
-72
-31
-15
-11
-12
4
-1
19
33
33
21
21
11
24
37
14
6
-23
-29
-8
0
-15
-21
-18
-9
17
9
8
32
41
43
47
47
57
69
62
69
55
42
63
74
33
26
18
-19
-3
-23
-48
-52
-79
-69
-97
-119
-122
-119
-117
-126
-140
-116
-119
-118
-88
-93
-81
-77
-77
-50
-66
-74
-44
-59
-61
-60
-63
-63
-90
-96
-75
-70
-91
-98
-118
-119
-110
-117
-117
-120
-119
-98
-80
-85
-54
-32
-33
-30
-53
-17
18
12
19
18
36
20
20
32
14
-4
-29
-35
-43
-63
-73
-53
-67
-89
-97
-98
-81
-82
-81
-60
-33
-31
-21
-28
-5
22
23
12
0
29
28
34
16
0
9
-3
-14
-33
-51
-45
-58
-95
-104
-125
-135
-127
-142
-121
-91
-83
-87
-98
-85
-75
-64
-56
-58
-73
-66
-61
-27
-43
-63
-54
-67
-44
-47
-38
-46
-49
-72
-71
-58
-63
-58
-67
-72
-58
-50
-82
-64
-45
-38
-16
-18
-29
-1
5
-1
15
1
9
22
47
52
23
27
21
22
8
17
6
-17
-43
-45
-56
-42
-63
-87
-74
-90
-76
-76
-87
-77
-96
-81
-77
-71
-48
-70
-53
-32
-36
-34
-29
-23
-8
5
7
30
4
-7
-20
-11
-23
-24
-7
-6
-7
-16
-3
19
10
26
9
-7
41
44
61
81
66
88
122
110
95
71
92
94
64
53
20
8
-1
-26
-42
-47
-63
-73
-84
-96
-104
-101
-76
-53
-61
-58
-39
-35
-14
-21
-34
-37
-39
-20
-6
23
-2
-17
-40
-47
-19
-30
-43
-68
-61
-72
-82
-113
-116
-99
-110
-115
-123
-91
-89
-111
-110
-116
-82
-45
-62
-46
-25
3
-7
0
17
14
25
5
1
3
-14
-14
-23
-44
-56
-58
-62
-58
-65
-85
-75
-76
-71
-73
-68
-62
-36
-27
-27
-9
7
14
-7
25
29
47
61
67
57
29
14
9
10
-11
-14
-34
-39
-59
-84
-100
-116
-128
-147
-169
-165
-187
-168
-136
-146
-121
-127
-118
-96
-85
-69
-32
-44
-56
-34
-29
-33
-37
-47
-57
-52
-54
-67
-88
-79
-70
-71
-80
-83
-82
-89
-79
-76
-75
-58
-18
-1
0
6
37
66
80
91
81
89
91
91
93
98
90
66
84
101
101
80
62
41
30
9
-2
-12
-35
-39
-33
-48
-31
-29
-27
-35
-50
-68
-84
-46
-50
-24
-27
-19
11
4
14
32
17
14
30
39
45
20
15
16
0
-4
-4
-15
-27
-47
-34
-15
-19
-2
-1
-10
-13
9
12
23
33
10
28
20
47
59
29
44
40
25
34
44
48
46
25
23
10
11
-24
-41
-25
-36
-33
-11
-8
11
30
39
58
66
76
70
64
50
66
80
102
127
102
106
103
117
105
82
76
73
58
53
55
35
37
28
34
42
72
104
117
124
116
132
150
152
172
161
160
146
144
161
161
154
127
118
117
84
62
60
65
74
47
32
0
6
40
13
14
30
51
72
95
73
80
97
101
110
115
127
121
120
104
99
91
106
84
55
49
48
47
36
27
29
44
46
70
81
64
74
69
61
84
78
78
72
45
37
27
41
32
11
8
26
12
11
8
8
5
-17
-18
0
3
-11
-20
-18
-24
-12
6
25
52
52
57
64
78
89
87
89
73
70
91
101
105
90
81
101
101
97
77
58
31
26
11
7
22
23
8
26
28
33
25
40
60
61
72
59
68
79
82
67
71
65
86
87
62
57
54
65
63
52
36
18
0
-34
-29
-50
-52
-58
-84
-42
-43
-42
-33
-20
-10
-6
18
62
75
71
72
57
66
90
102
115
122
132
111
88
90
81
44
28
7
5
16
2
1
1
3
-13
17
35
19
2
-4
18
37
31
32
70
75
84
95
98
110
111
106
107
113
112
108
90
81
55
49
41
30
44
35
7
0
17
28
53
39
45
43
74
63
72
91
90
123
132
121
129
127
123
132
117
122
132
152
143
119
103
103
129
116
108
83
74
70
43
48
63
79
85
87
110
110
94
100
107
120
121
132
143
126
105
93
79
54
26
22
38
29
30
18
26
19
24
35
28
24
64
68
61
62
71
101
108
112
129
142
138
127
132
158
155
162
144
122
109
99
98
86
63
73
88
84
81
70
60
70
77
58
91
124
150
174
170
192
196
193
180
183
196
199
190
190
187
216
203
163
146
136
130
107
91
89
106
111
95
99
77
72
93
79
83
84
87
97
104
105
117
122
139
136
128
146
129
134
144
123
104
113
106
106
85
65
55
21
-13
-16
3
27
32
-2
-17
9
22
27
37
21
38
49
57
83
80
85
87
97
113
127
130
89
85
76
71
55
35
34
40
12
9
12
-2
6
-24
-36
-13
-15
-21
-20
-23
-14
-8
22
36
31
31
27
56
44
39
41
43
43
28
5
1
-1
-18
-24
-36
-41
-43
-42
-33
-8
-23
-29
-18
-6
-11
-21
-11
-11
-17
-3
26
24
34
20
13
1
-20
-22
-43
-15
-17
-22
-22
-49
-65
-35
-23
-5
-16
-13
6
-7
5
7
31
32
54
77
81
61
53
68
68
78
69
66
58
61
51
37
50
37
27
40
14
0
14
3
-12
-8
-10
-10
13
20
32
45
62
48
67
73
90
123
104
107
111
114
156
133
105
104
105
109
81
33
27
28
36
38
0
-17
-19
-26
-53
-45
-6
16
18
22
-19
4
17
11
33
35
31
54
55
33
43
28
38
42
43
21
1
-26
-25
3
23
42
35
11
-7
-7
-18
-1
-21
-14
-1
4
20
16
29
25
14
30
37
46
66
62
42
55
61
56
61
58
43
47
56
50
58
58
41
22
28
48
47
35
39
43
46
75
88
102
94
86
91
54
87
93
80
99
108
94
94
55
32
48
56
69
81
85
102
99
67
53
54
64
71
52
13
11
21
44
86
70
42
47
72
73
72
38
32
43
35
42
31
29
15
7
0
-21
-22
-2
11
7
-19
-54
-36
-3
16
12
-5
-5
4
0
10
20
26
46
75
95
84
57
34
24
24
19
11
13
-7
-41
-58
-82
-90
-57
-39
-63
-82
-82
-73
-76
-94
-89
-58
-26
-14
-17
-34
-33
6
43
54
45
17
3
15
-11
-57
-82
-63
-64
-87
-111
-118
-112
-124
-164
-153
-113
-124
-128
-152
-154
-135
-144
-122
-93
-81
-94
-99
-83
-81
-83
-88
-58
-60
-76
-79
-86
-97
-121
-133
-134
-128
-126
-125
-144
-141
-159
-176
-174
-176
-156
-142
-134
-123
-96
-104
-92
-88
-70
-14
-3
-2
3
-19
-5
17
17
48
30
46
62
42
22
6
10
24
24
16
28
18
11
-6
-7
-3
7
19
15
7
-10
-22
1
32
34
17
-9
7
31
3
-21
-49
-36
-48
-89
-72
-77
-92
-123
-108
-89
-99
-133
-172
-171
-171
-166
-156
-152
-118
-95
-86
-86
-85
-83
-90
-90
-80
-56
-37
-28
-36
-43
-42
-38
-10
-2
-3
-30
-32
-9
-5
-24
-44
-39
-33
-5
-2
3
8
-16
-10
2
13
28
38
29
21
30
27
44
45
36
20
0
16
13
24
10
6
8
-2
10
19
10
-17
-13
-35
-39
-46
-38
-17
-47
-80
-94
-75
-59
-51
-93
-114
-92
-67
-59
-52
-63
-49
-54
-54
-46
-66
-95
-104
-126
-115
-104
-130
-131
-143
-150
-134
-154
-161
-162
-163
-129
-132
-128
-133
-120
-119
-87
-98
-85
-88
-95
-78
-101
-83
-55
-58
-91
-79
-82
-43
-19
-40
-38
-46
-46
-33
-22
-54
-54
-55
-60
-25
-50
-47
-28
-17
-11
-46
-55
-30
-26
-45
-55
-66
-55
-78
-84
-79
-103
-107
-90
-92
-85
-87
-105
-106
-122
-112
-88
-81
-54
-38
-34
-23
-41
-27
-2
3
2
-15
-12
-49
-66
-58
-56
-42
-36
-29
-42
-53
-54
-28
-23
-12
-14
3
12
9
-1
-20
-20
-29
-14
-19
-41
-30
-56
-74
-77
-92
-81
-90
-129
-146
-147
-166
-182
-194
-232
-254
-264
-263
-243
-243
-260
-264
-276
-282
-265
-253
-270
-267
-284
-280
-256
-248
-221
-210
-178
-158
-138
-134
-131
-124
-137
-116
-124
-136
-126
-133
-117
-88
-84
-81
-88
-103
-87
-112
-130
-128
-141
-127
-100
-63
-62
-23
-22
-13
-2
1
11
20
54
37
28
24
13
11
-2
-7
-26
-33
-53
-58
-59
-65
-56
-67
-78
-82
-97
-86
-70
-95
-111
-105
-78
-56
-66
-61
-62
-73
-49
-8
-8
-14
-12
-17
-10
-34
-67
-63
-48
-36
-35
-40
-49
-54
-50
-67
-86
-79
-80
-62
-41
-79
-54
-36
-20
-3
-39
-46
-30
8
-3
-5
-15
-21
26
45
52
44
37
71
99
82
42
18
47
75
51
6
4
4
15
14
11
-5
19
30
10
26
10
13
27
19
3
13
33
15
15
-2
5
30
39
44
34
4
-7
31
38
23
-9
-23
-1
7
-29
-37
-28
-23
-19
-28
-36
-60
-67
-61
-70
-70
-60
-61
-84
-98
-117
-104
-96
-96
-111
-116
-130
-121
-119
-127
-117
-105
-87
-112
-120
-114
-108
-86
-58
-49
-62
-58
-60
-56
-38
-62
-69
-73
-73
-79
-77
-72
-62
-62
-52
-36
-48
-17
-14
-6
-14
-26
16
21
13
28
37
60
64
55
53
38
36
27
36
33
37
41
22
3
-1
-12
8
10
-28
-16
-11
1
-21
-55
-55
-62
-61
-59
-92
-88
-73
-61
-36
-39
-59
-36
-15
-1
6
-8
2
7
15
19
0
-3
15
29
22
7
8
27
34
32
6
-24
-6
-38
-14
-11
-19
3
5
7
-6
0
-17
-39
-38
-39
-33
-42
-70
-49
-58
-88
-78
-79
-51
-46
-84
-111
-121
-120
-122
-146
-175
-187
-195
-197
-210
-210
-203
-187
-184
-204
-200
-181
-189
-181
-182
-175
-166
-156
-146
-118
-93
-119
-84
-74
-66
-48
-64
-62
-71
-50
-47
-42
-27
-27
-13
-3
3
-5
-15
-27
-19
-1
-4
9
10
14
-4
-14
-9
27
40
24
37
28
23
44
17
-25
-13
21
39
36
26
1
21
20
-4
19
42
37
25
-7
-3
19
7
7
13
11
23
41
49
38
35
47
53
75
66
49
42
38
41
27
24
39
55
53
48
59
84
64
42
51
33
40
27
31
14
28
19
23
27
26
27
27
26
20
25
25
45
37
24
11
19
29
17
19
29
45
51
50
34
39
43
47
45
31
50
59
53
43
27
33
13
34
70
65
41
23
12
-12
-27
-55
-63
-60
-52
-40
-56
-69
-45
-51
-53
-37
-56
-58
-76
-84
-52
-60
-57
-47
-47
-26
-26
-21
-25
-22
-18
-15
-18
6
25
54
64
53
43
49
74
78
50
21
16
22
46
20
17
7
15
19
-14
-4
-13
7
56
43
53
41
52
90
90
64
60
49
55
48
38
45
51
47
57
58
52
47
56
30
1
17
-12
-26
-24
-35
-41
-22
-26
-22
-22
-23
-3
22
23
-1
14
32
59
80
43
39
65
84
98
77
48
74
96
112
113
100
122
100
118
118
114
121
133
172
156
134
137
160
169
164
132
119
108
99
70
43
54
36
45
54
31
19
6
-2
28
31
11
19
4
-8
-22
-69
-58
-61
-40
-52
-59
-51
-86
-86
-102
-83
-94
-114
-92
-95
-93
-103
-118
-117
-146
-160
-132
-142
-161
-177
-180
-132
-129
-149
-127
-119
-106
-79
-97
-76
-46
-15
-12
10
8
34
59
76
79
68
80
81
90
77
89
82
81
88
84
82
62
53
54
60
50
37
18
5
3
-7
-15
-6
13
40
65
65
77
98
106
117
96
77
103
105
93
82
91
84
68
66
79
78
68
71
66
62
63
80
82
82
74
94
110
134
121
114
133
126
131
120
126
141
156
149
134
121
99
128
144
139
146
129
153
158
147
150
164
181
172
148
116
125
98
109
96
94
103
82
84
98
100
72
70
72
97
57
34
41
52
46
47
44
44
48
58
63
41
40
23
60
76
65
57
40
49
56
61
51
40
65
90
87
81
38
37
38
43
56
43
26
43
35
15
30
9
6
-5
2
14
29
48
33
48
21
35
75
87
96
83
93
96
110
107
100
99
99
102
124
94
80
82
70
67
53
40
57
41
35
28
22
20
30
48
56
47
55
68
98
114
109
118
111
120
85
101
103
99
92
102
87
71
62
56
63
61
49
25
36
13
9
-4
8
43
18
23
18
6
27
9
16
4
-4
26
9
18
9
29
39
18
28
40
54
89
85
59
78
83
113
124
96
117
116
141
163
168
162
142
158
144
150
149
122
138
153
141
150
142
151
185
171
174
176
202
209
196
179
204
218
192
176
157
178
176
172
166
156
151
147
141
123
105
78
71
59
36
42
56
49
40
34
27
23
22
37
12
1
13
10
9
-11
-9
-1
7
-7
-2
12
24
54
86
71
61
68
64
85
71
74
63
76
97
77
85
89
82
106
122
101
105
103
105
138
112
72
77
80
100
115
85
85
85
85
88
91
90
68
60
46
41
34
27
22
9
4
8
2
29
27
0
-13
-25
-3
-7
-2
-9
-16
-24
-39
-33
-22
-28
-23
-11
-16
-23
-16
-26
-22
-26
-9
5
3
26
26
29
55
90
93
77
87
100
107
129
133
134
151
156
152
130
137
126
107
136
113
104
103
63
54
69
69
58
65
68
77
68
65
54
55
83
77
51
61
62
60
51
50
22
11
40
32
22
22
41
30
18
13
11
37
4
6
42
33
33
28
23
25
23
27
42
59
52
34
50
54
59
58
59
62
81
104
95
86
91
99
124
130
119
122
105
103
106
75
75
87
70
46
35
36
37
32
12
-19
-33
-56
-55
-53
-71
-62
-85
-67
-91
-106
-113
-126
-101
-103
-99
-98
-98
-112
-97
-106
-119
-98
-97
-123
-166
-169
-146
-154
-169
-171
-166
-198
-205
-215
-235
-216
-244
-223
-214
-199
-176
-200
-196
-200
-161
-172
-164
-140
-132
-88
-94
-71
-48
-32
-11
-9
5
14
6
14
30
33
26
33
44
37
39
45
30
20
-2
-13
-16
-1
6
3
-11
-18
-24
-10
16
-8
14
17
-12
5
2
1
-16
-21
-9
-9
-18
-19
-35
-49
-49
-52
-60
-68
-60
-68
-61
-69
-79
-76
-68
-84
-69
-82
-60
-57
-70
-52
-61
-47
-33
-26
-50
-46
-34
