17
11
17
23
26
26
18
9
10
2
3
0
-5
7
5
0
-8
-12
-11
-10
-9
-25
-44
-55
-65
-61
-74
-74
-72
-83
-81
-72
-78
-90
-77
-75
-72
-63
-59
-54
-68
-64
-59
-70
-73
-76
-72
-64
-77
-76
-82
-90
-90
-91
-75
-63
-55
-51
-45
-39
-49
-57
-59
-53
-57
-58
-62
-69
-69
-72
-69
-70
-69
-54
-50
-45
-31
-45
-38
-30
-32
-41
-36
-42
-49
-38
-48
-45
-45
-43
-38
-32
-31
-24
-34
-22
-18
-26
-25
-27
-28
-29
-20
-14
-20
-16
-32
-36
-35
-42
-38
-44
-34
-34
-34
-43
-46
-44
-50
-63
-53
-58
-63
-54
-68
-62
-56
-64
-58
-64
-72
-59
-52
-56
-65
-53
-60
-56
-56
-60
-45
-43
-30
-21
-19
-29
-23
-17
-21
-19
-25
-8
-10
-4
15
5
7
5
6
16
11
1
-5
-8
2
0
-1
-3
3
1
0
4
7
17
8
3
4
5
2
9
-2
-15
-9
-12
-3
-8
-18
-18
-19
-17
-24
-14
-14
-20
-26
-36
-40
-47
-43
-54
-51
-48
-58
-55
-64
-65
-46
-55
-43
-32
-32
-37
-27
-26
-26
-22
-33
-33
-33
-42
-54
-53
-64
-67
-60
-59
-72
-64
-48
-50
-47
-35
-43
-53
-59
-56
-54
-46
-27
-24
-8
-1
1
0
-9
-13
-20
-31
-23
-23
-11
-13
-18
-16
-25
-24
-9
-19
-7
-1
-20
0
4
-5
-8
5
-2
-7
-4
-2
5
6
11
7
-1
-4
3
7
4
14
28
24
22
31
29
30
40
38
43
53
50
49
49
54
61
61
65
54
67
73
63
64
76
75
71
70
74
75
80
70
69
77
67
64
75
69
80
81
83
83
74
83
85
80
85
80
71
80
78
83
89
79
76
76
74
70
70
71
63
62
61
66
68
72
54
57
56
50
45
36
41
41
37
24
41
30
24
26
9
8
9
-9
-4
-13
-23
-11
-14
-3
-13
-15
-27
-34
-32
-38
-20
-22
-17
-21
-37
-30
-24
-30
-34
-37
-31
-34
-24
-17
-27
-15
-27
-30
-32
-32
-23
-24
-33
-29
-15
-3
-4
-5
5
4
4
-6
-5
-8
7
15
6
8
6
6
10
4
12
20
22
37
38
34
36
29
23
20
18
10
5
12
11
16
8
-5
10
15
12
6
7
8
-1
-2
5
5
-9
-1
-10
11
18
15
25
20
17
13
23
24
28
38
44
41
52
51
54
59
57
62
55
57
56
57
58
62
58
51
54
35
44
41
51
55
59
72
58
55
49
44
49
45
47
49
32
27
31
23
21
9
4
5
0
7
-1
10
15
16
24
31
26
15
11
3
-4
-6
-4
1
6
1
-2
7
0
-13
-13
-16
-8
-4
-9
-3
-6
5
-4
-6
-6
-12
1
9
14
26
33
38
42
40
52
44
45
50
50
43
42
42
31
27
27
19
32
30
35
32
22
33
24
29
30
23
31
37
36
44
36
27
26
17
14
8
-1
12
7
10
24
29
33
35
42
35
25
36
30
34
35
39
37
24
42
37
39
40
46
48
68
55
45
60
52
63
60
60
64
71
77
74
67
64
62
63
70
72
88
101
91
100
90
77
71
57
60
64
52
51
51
62
59
49
62
63
68
55
69
69
78
76
79
79
59
64
61
66
61
56
49
56
47
50
57
46
45
37
42
32
35
36
27
24
30
29
20
7
5
12
9
6
0
7
12
9
6
-4
0
-8
-18
-18
-30
-27
-31
-41
-42
-37
-48
-49
-47
-43
-37
-47
-41
-40
-42
-38
-36
-34
-27
-21
-13
-11
-19
-12
-4
-13
-4
-3
-2
4
2
7
16
37
38
51
56
45
45
56
52
41
38
42
51
39
43
32
30
24
24
18
23
41
32
30
34
24
21
29
23
28
33
29
27
37
35
32
43
49
45
47
39
42
40
36
38
44
62
64
67
65
68
77
70
80
79
68
65
56
50
44
40
31
19
15
21
29
34
37
25
19
7
13
8
-7
1
-8
-8
2
11
18
20
25
30
27
34
46
48
41
33
41
39
33
38
34
35
37
35
35
42
40
43
39
34
47
47
47
59
55
46
44
37
31
22
16
2
6
-7
-13
-8
-15
1
13
17
9
7
-3
-3
-7
-20
-16
-9
-7
-28
-23
-26
-36
-48
-35
-28
-33
-24
-32
-26
-30
-35
-36
-35
-33
-33
-29
-25
-22
-21
-19
-9
-5
-5
-2
5
7
12
17
15
23
32
33
34
32
26
25
26
35
41
47
55
69
67
61
61
67
64
54
59
55
63
58
45
41
42
49
46
41
42
49
40
35
33
19
28
33
41
52
53
52
36
42
25
15
19
17
9
21
25
27
26
13
28
23
38
31
29
28
27
31
35
38
22
30
24
26
34
40
38
39
35
31
26
24
22
29
20
10
10
-6
-7
-15
-12
-21
-36
-25
-26
-41
-31
-41
-48
-66
-66
-59
-62
-68
-61
-63
-63
-65
-61
-50
-53
-54
-48
-53
-42
-48
-48
-34
-28
-22
-35
-25
-31
-33
-42
-52
-46
-37
-40
-48
-44
-55
-50
-48
-48
-43
-26
-35
-36
-23
-9
-19
-24
-11
-23
-21
-29
-23
-26
-33
-29
-37
-35
-31
-32
-26
-27
-31
-26
-40
-35
-42
-47
-45
-46
-41
-42
-29
-17
-19
-21
-18
-21
-28
-22
-4
-9
-1
-4
-6
3
-17
-18
-17
-34
-30
-25
-26
-29
-24
-11
-14
-18
-11
-3
7
1
-7
2
13
-3
-28
-25
-18
-26
-24
-19
-21
-26
-23
-15
-26
-30
-33
-21
-25
-22
-21
-34
-28
-31
-28
-35
-37
-44
-43
-44
-53
-54
-51
-51
-58
-60
-66
-56
-48
-46
-53
-52
-55
-49
-41
-41
-61
-73
-67
-58
-59
-59
-46
-32
-35
-39
-22
-20
-10
-17
-21
-14
-21
-22
-30
-26
-29
-24
-28
-31
-42
-46
-46
-48
-42
-40
-42
-50
-53
-65
-69
-70
-68
-77
-72
-68
-63
-56
-58
-46
-53
-53
-53
-53
-54
-49
-47
-49
-54
-57
-62
-61
-58
-59
-66
-68
-64
-61
-66
-69
-80
-80
-77
-96
-75
-76
-86
-84
-96
-90
-94
-82
-67
-57
-52
-58
-59
-61
-72
-58
-51
-40
-37
-51
-36
-38
-39
-23
-26
-25
-22
-20
-18
-27
-16
-19
-29
-30
-39
-33
-29
-29
-30
-18
-12
-15
-1
-4
-15
-7
-9
2
16
7
3
6
22
19
23
35
32
36
31
42
33
24
21
16
3
2
5
11
17
16
23
25
27
23
28
33
21
31
37
22
32
17
10
15
17
6
-2
10
-3
-7
-1
2
-5
-1
-1
-5
-13
-5
-5
-16
-5
1
5
3
1
13
17
16
8
0
2
5
14
13
24
14
-4
-5
-4
-7
-13
-10
-22
-21
-26
-30
-43
-39
-42
-38
-39
-36
-26
-21
-23
-26
-15
-22
-21
-19
-16
-14
-10
-7
-4
-4
1
1
-7
-7
-22
-16
-25
-30
-23
-23
-21
-9
-19
-29
-25
-21
-22
-27
-25
-33
-41
-33
-28
-28
-31
-27
-26
-39
-40
-34
-25
-23
-14
-22
-20
-19
-27
-32
-41
-40
-50
-52
-60
-62
-59
-61
-52
-52
-58
-59
-70
-56
-54
-67
-58
-59
-62
-53
-68
-54
-53
-51
-40
-40
-31
-30
-26
-23
-27
-32
-33
-30
-26
-17
-6
-6
-5
-3
-17
-24
-14
-6
5
7
5
4
5
-6
4
9
0
-1
4
-5
-9
8
1
10
-2
2
-1
-15
-18
-13
-18
-24
-27
-22
-32
-29
-20
-22
-6
-14
-7
-4
-5
-7
-14
-12
-10
-7
-11
-17
-4
-3
-4
-14
-16
6
-11
-13
1
6
22
7
13
14
1
-6
-20
-27
-23
-31
-15
-10
-10
5
-4
-6
-18
-17
-19
-24
-10
-14
-14
-15
-25
-32
-29
-29
-29
-26
-19
-22
-27
-27
-20
-21
-32
-38
-46
-46
-40
-58
-49
-49
-48
-49
-51
-43
-48
-48
-51
-52
-57
-72
-70
-51
-67
-52
-61
-58
-49
-42
-28
-27
-32
-23
-9
-22
-30
-21
-16
-27
-26
-39
-37
-38
-37
-34
-33
-40
-40
-44
-48
-43
-43
-38
-41
-37
-46
-46
-41
-31
-35
-32
-33
-41
-46
-37
-35
-31
-21
-20
-13
-12
-5
7
17
4
5
-3
0
4
8
15
24
26
27
27
27
27
24
17
11
12
19
1
-4
2
-3
10
18
21
22
24
19
12
14
22
21
15
16
12
11
18
17
25
28
27
30
26
34
31
35
48
37
31
31
33
34
42
41
44
47
42
32
22
29
31
28
32
43
39
37
38
40
33
21
27
13
4
1
0
-4
-13
-13
-14
-21
-8
-10
-11
-4
-14
-6
-14
-16
-15
-32
-42
-52
-57
-39
-46
-32
-21
-24
-6
-2
-2
-12
-23
-28
-28
-36
-41
-45
-48
-55
-45
-28
-24
-27
-11
-2
3
-2
6
19
8
17
15
19
3
8
12
14
35
30
49
51
54
53
57
51
63
58
48
41
33
49
51
48
53
51
49
52
64
70
74
71
56
58
55
63
62
65
67
57
55
59
51
50
45
62
59
64
77
66
74
75
58
62
65
63
70
64
73
69
66
62
64
64
67
70
69
64
58
51
56
60
68
74
62
71
59
34
37
37
32
23
14
6
4
12
5
2
-3
-10
-6
-15
-14
0
-7
-15
-20
-22
-25
-20
-14
-16
-20
-12
-8
-16
-7
5
-3
-11
-11
0
6
-2
6
11
16
14
11
18
20
16
19
17
16
6
2
4
-3
-11
-7
9
20
18
11
3
-6
-7
-14
-13
-3
1
5
5
1
-10
-11
-6
-11
-8
-22
-17
-11
-13
-21
-27
-25
-19
-21
-19
-8
-7
-1
-6
4
16
17
17
18
7
5
6
8
13
5
2
6
-5
-11
0
8
19
21
22
28
27
47
36
30
25
39
46
40
36
21
28
26
24
33
32
19
21
33
46
42
52
63
63
55
52
59
56
46
40
29
20
22
30
35
45
46
62
73
72
68
65
59
44
55
39
34
33
37
39
36
31
32
37
35
39
44
41
44
52
50
58
51
37
31
23
13
18
20
28
31
21
12
20
30
32
38
36
23
16
17
29
24
17
10
-14
-11
-1
2
9
9
10
21
19
10
11
9
2
11
0
0
-12
-17
-22
-27
-12
-6
7
2
5
13
-2
7
4
-3
-14
-20
-25
-24
-21
-12
-11
-1
19
13
14
16
15
16
9
13
11
5
-1
1
8
5
11
16
27
46
44
53
53
49
60
53
63
56
61
65
61
54
52
61
60
64
68
64
53
60
65
65
73
62
59
66
57
58
56
49
52
54
46
44
47
57
64
62
62
49
43
52
40
22
10
12
15
10
13
10
16
24
12
24
30
22
21
13
19
27
28
30
34
27
25
23
18
28
42
48
42
52
55
48
46
56
55
55
47
58
58
49
56
53
70
86
89
98
94
94
96
83
81
82
92
74
72
71
58
57
60
64
61
68
68
65
62
47
57
48
37
38
26
18
18
16
2
3
-4
9
4
4
6
-1
12
-6
-4
3
16
8
-1
-11
-5
-5
-4
9
2
4
3
19
20
35
42
45
50
39
33
54
63
64
64
53
60
58
50
46
56
52
47
67
74
82
83
86
84
73
73
77
82
75
79
100
113
99
93
93
93
99
103
103
88
94
80
85
79
71
78
73
69
71
68
66
72
58
54
44
32
28
34
32
21
12
10
1
10
37
27
36
41
50
45
38
44
34
40
35
28
42
34
28
19
18
33
23
31
27
25
32
38
42
37
37
53
52
30
26
34
27
14
10
11
12
11
8
11
7
-6
6
8
10
-2
3
-3
-9
-9
-22
-16
-22
-9
8
6
15
16
10
21
18
14
17
19
22
13
24
15
12
23
18
23
32
35
38
31
29
41
52
54
42
36
40
23
23
26
39
37
21
19
19
19
23
30
39
41
33
41
49
54
44
29
47
30
25
23
22
36
44
48
44
35
44
50
50
56
44
62
49
58
58
44
62
44
46
47
50
72
74
72
87
87
90
94
94
86
80
83
86
87
86
76
82
85
77
71
80
88
81
79
80
75
66
68
69
59
47
51
35
28
23
8
-5
-15
-14
-8
-4
-8
-3
3
3
-9
-13
-19
-20
-28
-30
-38
-38
-27
-18
-12
-14
2
3
5
14
0
9
13
16
26
22
23
29
25
33
37
45
43
41
54
48
59
69
68
71
64
68
65
60
64
63
69
63
50
75
64
55
46
34
38
37
25
24
25
16
15
11
-11
-12
1
-30
-25
-10
-18
-12
-24
-15
-20
-27
-28
-29
-22
-29
-35
-24
-28
-31
-33
-36
-37
-38
-45
-47
-39
-41
-49
-32
-30
-8
2
7
16
13
12
14
18
23
22
6
2
10
7
11
14
1
-1
21
16
31
44
29
29
33
42
47
51
54
37
38
29
29
19
12
2
-5
12
18
35
35
33
31
26
34
35
38
33
33
32
23
20
15
5
-1
0
1
2
2
6
11
18
13
16
13
4
0
6
-6
-8
-9
-16
-6
-11
-2
-1
-17
-25
-22
-17
-16
-11
-5
6
6
2
-4
6
8
8
-4
-12
0
-4
-10
-10
-14
-16
-3
4
3
-3
8
-11
-6
-4
-18
-29
-31
-28
-38
-34
-36
-50
-50
-56
-58
-59
-66
-67
-66
-67
-59
-65
-62
-69
-88
-94
-95
-98
-95
-91
-104
-109
-109
-115
-109
-103
-113
-104
-96
-108
-87
-86
-91
-85
-99
-103
-86
-81
-60
-63
-72
-62
-49
-43
-22
-19
-14
-4
4
7
15
19
12
22
15
13
13
9
13
26
21
6
14
9
7
9
0
9
0
-12
-31
-34
-31
-47
-29
-17
-21
-21
-32
-15
-9
-10
0
3
6
-1
21
6
5
19
14
12
10
8
23
41
36
52
65
45
53
65
66
55
46
48
51
33
30
43
58
55
55
60
64
56
68
76
71
63
61
59
62
44
53
50
26
33
17
24
38
38
47
51
40
34
27
36
39
24
23
6
10
4
-7
-13
-17
-16
-23
-20
-15
-7
1
12
4
5
-12
-18
-31
-29
-28
-37
-32
-41
-37
-45
-29
-21
-21
-21
-27
-18
-13
-7
-2
-10
-30
-28
-43
-52
-64
-52
-66
-85
-72
-83
-75
-73
-71
-62
-71
-85
-77
-93
-86
-89
-80
-84
-77
-75
-81
-75
-83
-76
-61
-66
-56
-48
-47
-55
-46
-36
-18
-14
-9
-2
-4
-4
1
9
10
15
15
27
36
39
25
27
38
40
37
40
29
26
34
30
41
37
41
44
42
38
41
47
47
42
49
48
41
31
18
18
13
-3
-5
-4
-16
-13
-11
-15
-15
-3
-11
-9
-23
-13
4
7
18
7
2
1
-3
-7
-6
0
-12
-12
-9
-4
-14
-22
-11
-23
-21
-8
-5
5
3
1
12
8
1
6
-3
-5
-10
-10
-8
0
-3
12
23
10
22
20
20
5
1
3
10
-6
-12
-21
-21
-38
-50
-50
-51
-61
-63
-70
-77
-80
-86
-82
-95
-103
-107
-114
-118
-130
-132
-138
-145
-137
-130
-120
-113
-108
-104
-95
-81
-87
-90
-94
-90
-85
-90
-89
-74
-85
-98
-94
-93
-64
-55
-49
-48
-50
-46
-36
-29
-15
-22
-35
-42
-42
-35
-36
-39
-40
-55
-44
-29
-16
-8
4
9
14
25
46
38
36
30
13
10
12
20
20
9
6
14
17
17
21
30
37
38
34
44
36
36
32
27
17
8
11
15
22
28
36
45
50
53
68
63
72
82
108
104
93
96
97
106
109
121
97
102
94
97
113
114
115
119
125
141
149
153
147
146
146
148
141
146
128
130
126
118
106
104
102
94
81
73
78
59
57
66
52
56
51
47
62
50
42
50
32
21
9
9
3
-16
-25
-40
-39
-49
-62
-37
-54
-53
-49
-48
-51
-45
-31
-14
-24
-26
-29
-22
-24
-39
-32
-56
-56
-61
-52
-49
-44
-57
-41
-60
-49
-51
-42
-37
-45
-43
-52
-44
-59
-59
-67
-86
-87
-95
-87
-77
-63
-71
-63
-66
-73
-63
-40
-30
-19
-12
-1
2
10
6
0
10
12
-1
-1
-10
-8
7
-11
-7
-22
-6
-16
-21
-15
-7
9
-13
-7
-8
-15
-26
-33
-48
-61
-77
-73
-65
-67
-72
-75
-74
-83
-77
-73
-58
-60
-66
-68
-67
-74
-70
-60
-75
-80
-78
-80
-74
-77
-87
-79
-77
-71
-58
-21
-7
-12
0
5
17
20
41
50
47
61
59
66
64
60
70
71
84
93
93
103
97
94
88
84
69
66
75
67
61
54
61
58
41
39
48
60
56
53
67
55
52
56
57
47
48
32
44
46
38
35
11
23
0
13
22
11
-8
-28
-10
-29
-30
-58
-51
-65
-70
-80
-87
-81
-86
-91
-95
-85
-77
-84
-88
-107
-137
-148
-164
-173
-187
-193
-185
-187
-188
-195
-184
-192
-201
-201
-201
-193
-199
-197
-213
-221
-219
-218
-216
-210
-198
-184
-175
-176
-156
-133
-113
-101
-64
-57
-33
-46
-21
7
-7
2
-18
-14
-7
-10
-3
4
8
11
4
27
40
59
92
89
106
110
118
133
137
135
135
128
111
102
116
128
113
115
106
126
141
144
153
169
158
173
182
195
182
165
150
135
150
135
150
135
142
125
130
121
137
146
143
130
126
124
131
146
133
140
94
94
52
64
31
15
0
-13
-21
-37
-40
-57
-79
-92
-108
-129
-147
-157
-172
-188
-215
-254
-275
-292
-314
-331
-353
-365
-375
-375
-383
-395
-388
-393
-374
-363
-346
-308
-294
-286
-290
-264
-252
-229
-228
-232
-228
-228
-200
-165
-134
-115
-106
-82
-36
10
52
77
124
143
172
216
247
287
289
294
302
313
342
373
385
407
407
428
472
503
525
532
537
532
536
548
561
561
545
527
513
514
512
509
501
491
475
454
455
432
428
398
397
373
377
365
363
360
354
345
345
360
349
321
268
201
100
12
-95
-207
-327
-486
-617
-756
-881
-983
-1079
-1171
-1236
-1309
-1336
-1350
-1359
-1360
-1375
-1358
-1347
-1320
-1277
-1235
-1203
-1174
-1127
-1063
-984
-883
-784
-691
-583
-463
-336
-214
-103
-39
19
64
96
127
139
139
136
126
103
104
114
152
170
218
251
301
369
421
475
527
583
625
710
783
858
929
1002
1080
1153
1232
1302
1368
1447
1515
1571
1620
1667
1725
1755
1765
1779
1754
1695
1621
1514
1390
1232
1054
857
667
456
249
34
-219
-474
-709
-903
-1121
-1305
-1457
-1585
-1726
-1824
-1883
-1929
-1971
-1985
-1942
-1920
-1859
-1756
-1631
-1530
-1430
-1291
-1156
-996
-837
-647
-478
-326
-172
4
143
254
350
405
424
447
453
448
388
321
241
137
52
-37
-83
-180
-249
-322
-381
-441
-508
-558
-608
-663
-689
-698
-693
-700
-677
-612
-552
-430
-312
-203
-149
-139
-130
-142
-137
-156
-138
-131
-88
-29
42
100
143
159
171
204
239
272
310
374
438
509
605
728
856
975
1090
1253
1443
1602
1782
1960
2115
2256
2383
2512
2577
2645
2676
2653
2545
2373
2198
1990
1759
1493
1197
899
581
272
0
-269
-508
-747
-958
-1141
-1305
-1444
-1575
-1702
-1849
-1971
-2055
-2106
-2124
-2125
-2099
-2069
-2006
-1903
-1754
-1578
-1403
-1248
-1053
-855
-645
-395
-197
-41
84
188
273
336
379
387
354
316
311
297
272
242
228
180
138
92
73
27
-58
-124
-208
-289
-354
-407
-480
-523
-566
-556
-524
-453
-355
-267
-193
-128
-83
-72
-63
-78
-79
-90
-84
-62
-60
-57
-67
-101
-107
-108
-104
-49
6
64
110
187
291
388
510
608
747
896
1038
1234
1428
1623
1795
1947
2116
2268
2419
2539
2657
2720
2721
2692
2558
2407
2225
2021
1748
1427
1095
755
415
62
-253
-546
-851
-1127
-1357
-1566
-1768
-1939
-2104
-2267
-2416
-2530
-2587
-2626
-2654
-2648
-2646
-2591
-2490
-2346
-2181
-2005
-1812
-1611
-1383
-1115
-829
-565
-359
-177
-7
138
261
331
384
399
385
360
357
347
320
287
244
205
171
152
127
73
-1
-75
-148
-212
-255
-299
-321
-333
-305
-251
-159
-52
29
96
135
139
153
162
184
203
211
236
247
233
210
194
179
168
143
147
195
236
302
400
492
582
667
782
905
993
1095
1226
1375
1500
1641
1774
1901
2023
2116
2227
2308
2350
2319
2237
2093
1916
1729
1473
1159
787
402
15
-353
-683
-981
-1289
-1535
-1742
-1905
-2030
-2114
-2206
-2323
-2429
-2488
-2492
-2497
-2465
-2433
-2417
-2377
-2269
-2093
-1920
-1722
-1515
-1266
-1008
-677
-315
12
300
556
761
872
1051
1136
1277
1221
1157
1066
965
872
754
679
567
439
350
266
240
204
119
28
-171
-269
-400
-485
-601
-710
-801
-914
-899
-822
-690
-632
-626
-612
-658
-681
-657
-592
-557
-544
-511
-461
-401
-316
-273
-299
-350
-339
-275
-179
-70
72
213
351
527
768
1019
1228
1433
1601
1794
2008
2235
2462
2636
2808
2957
3075
3194
3285
3364
3368
3254
3104
2891
2704
2433
2092
1644
1173
689
222
-226
-628
-1005
-1338
-1662
-1910
-2094
-2252
-2358
-2497
-2649
-2776
-2873
-2916
-2928
-2950
-2923
-2903
-2846
-2693
-2518
-2318
-2141
-1924
-1664
-1355
-991
-590
-191
112
402
650
866
1076
1203
1274
1218
1159
1096
1033
940
841
715
573
466
383
354
314
241
171
75
-48
-107
-233
-329
-489
-608
-680
-689
-646
-553
-450
-393
-351
-371
-388
-432
-498
-573
-629
-602
-533
-442
-395
-376
-437
-494
-549
-589
-639
-627
-562
-453
-325
-139
72
208
412
579
796
993
1197
1470
1741
1973
2192
2410
2606
2787
2943
3100
3214
3282
3245
3143
2987
2767
2527
2169
1732
1266
774
292
-172
-613
-977
-1317
-1615
-1826
-1997
-2122
-2207
-2313
-2448
-2549
-2632
-2612
-2573
-2540
-2486
-2463
-2395
-2283
-2145
-1983
-1771
-1561
-1296
-979
-606
-191
179
509
808
1061
1275
1461
1583
1645
1599
1446
1268
1114
948
753
504
261
76
-87
-216
-305
-414
-514
-642
-772
-848
-939
-1001
-1100
-1175
-1195
-1178
-1041
-865
-667
-531
-454
-417
-394
-401
-492
-590
-667
-612
-473
-264
-78
22
37
-11
-73
-129
-156
-186
-104
23
130
254
438
620
781
945
1093
1273
1451
1678
1908
2108
2322
2510
2665
2842
2963
3090
3137
3162
3092
2960
2734
2449
2175
1746
1259
675
143
-330
-833
-1294
-1674
-1984
-2257
-2480
-2591
-2653
-2692
-2777
-2813
-2851
-2853
-2793
-2693
-2553
-2476
-2410
-2315
-2157
-1980
-1787
-1567
-1345
-1025
-687
-277
174
631
1012
1310
1597
1854
2049
2131
2154
2107
1962
1725
1486
1220
977
636
318
-5
-240
-390
-565
-714
-863
-1010
-1168
-1323
-1425
-1503
-1592
-1684
-1703
-1611
-1508
-1274
-1041
-788
-661
-614
-547
-523
-528
-618
-609
-473
-253
-34
188
371
417
421
379
370
389
460
548
681
807
915
1042
1145
1308
1469
1598
1780
2010
2214
2401
2568
2764
2896
3015
3135
3237
3295
3330
3306
3271
3093
2823
2429
2055
1645
1108
474
-163
-683
-1239
-1737
-2163
-2498
-2780
-3054
-3261
-3299
-3381
-3416
-3429
-3408
-3384
-3334
-3220
-3034
-2899
-2827
-2697
-2498
-2268
-2044
-1775
-1432
-1042
-678
-289
257
802
1267
1626
1978
2300
2500
2599
2651
2616
2473
2150
1798
1459
1129
803
456
113
-184
-436
-609
-783
-941
-1117
-1302
-1443
-1609
-1655
-1704
-1716
-1700
-1672
-1524
-1327
-1056
-843
-687
-624
-595
-568
-629
-646
-566
-437
-280
-91
138
265
349
406
383
286
300
396
542
713
819
943
1067
1252
1525
1749
1964
2168
2389
2592
2785
3046
3240
3442
3495
3526
3570
3545
3548
3404
3137
2751
2253
1833
1295
628
-115
-769
-1365
-1967
-2509
-2857
-3090
-3404
-3660
-3674
-3593
-3598
-3575
-3457
-3311
-3296
-3285
-2997
-2730
-2673
-2610
-2411
-2104
-1953
-1766
-1299
-860
-560
-208
354
958
1361
1776
2279
2632
2734
2871
3065
3056
2813
2536
2330
1921
1378
951
634
180
-352
-624
-765
-989
-1279
-1397
-1414
-1652
-1872
-1946
-1875
-1928
-2021
-1830
-1591
-1411
-1233
-880
-518
-428
-308
-99
-39
-195
-370
-329
-236
-230
-149
142
382
466
565
763
778
664
665
802
907
901
1013
1235
1406
1570
1797
2077
2266
2410
2646
2916
3109
3278
3505
3717
3754
3694
3699
3731
3514
3067
2601
2077
1522
764
8
-696
-1396
-2132
-2768
-3238
-3563
-3831
-4072
-4123
-4073
-3986
-3843
-3637
-3417
-3312
-3266
-3107
-2834
-2708
-2624
-2402
-2121
-1891
-1700
-1309
-757
-375
-71
416
1018
1537
1961
2453
2947
3202
3290
3467
3524
3362
3067
2757
2389
1812
1305
855
424
-235
-672
-925
-1200
-1425
-1692
-1639
-1768
-1979
-2073
-2032
-2000
-2065
-1927
-1720
-1502
-1336
-1057
-644
-494
-300
-43
209
267
112
-31
-108
-264
-422
-365
-321
-276
-137
117
369
428
505
671
845
886
1013
1222
1429
1623
1846
2188
2507
2679
2986
3325
3583
3815
4060
4375
4533
4570
4616
4627
4510
4096
3597
2936
2215
1357
356
-593
-1551
-2467
-3323
-4074
-4550
-4890
-5177
-5297
-5242
-5059
-4837
-4552
-4149
-3803
-3614
-3393
-3070
-2794
-2725
-2591
-2295
-2007
-1799
-1493
-889
-333
33
566
1243
1909
2408
2889
3449
3763
3818
3914
3934
3725
3278
2885
2421
1793
970
400
-120
-810
-1375
-1693
-1738
-1999
-2135
-2081
-1986
-2052
-2181
-1969
-1881
-1872
-1771
-1484
-1113
-1050
-739
-365
-105
5
169
548
632
582
503
477
280
-35
-152
-212
-363
-573
-528
-299
-117
-41
150
350
473
616
926
1298
1513
1765
2196
2571
2794
3085
3492
3847
4077
4318
4677
4885
4955
4959
5080
4842
4279
3641
2939
2199
1052
-134
-1122
-2213
-3354
-4378
-5016
-5455
-5933
-6232
-6121
-5875
-5673
-5300
-4691
-4106
-3806
-3519
-3008
-2521
-2406
-2303
-1987
-1790
-1680
-1469
-912
-265
80
612
1379
2045
2609
3179
3828
4203
4161
4156
4209
3858
3261
2671
2145
1350
416
-246
-773
-1386
-2180
-2435
-2602
-2759
-2680
-2567
-2271
-2283
-2243
-1822
-1635
-1600
-1521
-1160
-978
-943
-770
-387
-22
-8
317
812
1056
1240
1314
1445
1223
698
403
197
-213
-575
-703
-698
-674
-719
-430
-17
155
411
896
1473
1869
2235
2762
3349
3686
3908
4436
4724
5009
5266
5499
5728
5592
5551
5598
5262
4547
3641
2682
1727
363
-1047
-2215
-3480
-4809
-5929
-6709
-7160
-7638
-7840
-7579
-7192
-6859
-6205
-5259
-4377
-3743
-3161
-2292
-1623
-1367
-1020
-596
-383
-308
-157
428
969
1206
1757
2464
3013
3470
3925
4468
4639
4339
4180
3903
3193
2246
1403
612
-384
-1594
-2244
-2861
-3456
-3886
-3818
-3536
-3500
-3150
-2545
-1724
-1417
-1026
-354
-12
194
198
414
494
75
5
43
103
29
153
457
550
478
582
826
664
317
78
-127
-467
-963
-1075
-1080
-1228
-1359
-1085
-657
-260
260
1012
1982
2660
3509
4581
5515
6228
6766
7474
8050
8183
8259
8286
8111
7630
6677
5607
4166
2614
1122
-552
-2272
-3881
-5259
-6431
-7451
-8161
-8466
-8601
-8610
-8317
-7718
-7056
-6323
-5417
-4525
-3748
-3070
-2199
-1344
-938
-501
-46
427
793
1116
1796
2359
2597
2905
3302
3652
3777
3675
3581
3125
2335
1594
807
-203
-1308
-2325
-3071
-4015
-4791
-4928
-4810
-4476
-4338
-3535
-2554
-1557
-782
6
895
1160
1546
1745
1828
1750
1341
1251
889
468
192
126
106
-188
-274
-287
-283
-496
-558
-608
-806
-1064
-1282
-1359
-1545
-1632
-1508
-1273
-1162
-840
-191
584
1349
2107
3052
4121
4973
6031
6935
7836
8384
8867
9256
9276
9034
8467
7962
6489
4867
2652
776
-1111
-3205
-5157
-6871
-8184
-9135
-9684
-9725
-9456
-8892
-8222
-7014
-5799
-4541
-3289
-2118
-1058
-514
57
629
1127
1119
1065
1109
1283
1388
1415
1767
1981
1945
1867
1821
1768
1276
627
-131
-1199
-2404
-3560
-4454
-5363
-6224
-6774
-6720
-6495
-5842
-4691
-3262
-1729
-345
1360
2920
4169
5112
5693
5852
5383
4748
4008
3060
1832
583
-322
-1371
-2262
-2820
-3027
-3114
-3421
-3422
-3161
-2881
-2704
-2461
-2210
-2060
-1933
-1619
-1098
-716
-131
549
1308
1976
2832
3907
4930
5599
6193
7018
7776
8213
8512
8686
8758
8537
8033
7428
6364
5424
3995
2072
-435
-2779
-4420
-5950
-7721
-9199
-9724
-9774
-9558
-8883
-7562
-5927
-4547
-2878
-913
754
2045
3274
4426
4614
4374
4243
4367
3592
2279
1429
928
139
-970
-1428
-1568
-2285
-3313
-3939
-4264
-5027
-5958
-6539
-7120
-7913
-8382
-7968
-7405
-6805
-5714
-3663
-1890
-180
2067
4644
6550
7396
8187
8807
8701
7706
6866
5642
3597
1468
-131
-1437
-3088
-4540
-5127
-5569
-6169
-6322
-5431
-4655
-4335
-3966
-2947
-1952
-1499
-639
314
928
1155
1739
2653
3130
3405
3812
4401
4414
4423
5121
5681
5898
5699
5900
6145
5755
5573
5460
5303
4465
3819
3147
2453
1110
-369
-1804
-3828
-5291
-6114
-6461
-6941
-7094
-6385
-5121
-3899
-2506
-436
1309
2473
3693
4634
5373
5216
5125
4844
3901
2525
1700
1082
-67
-1291
-2048
-2295
-3012
-4028
-4341
-4699
-5643
-6722
-7389
-7871
-8595
-9022
-8868
-8330
-7870
-6481
-4431
-2392
-387
2013
4518
6044
6902
7710
8588
8108
6906
5233
3557
1519
-608
-2009
-3383
-4876
-5769
-5765
-5673
-5547
-4996
-4132
-3202
-2784
-1902
-513
324
875
1355
2066
2512
2975
3421
3906
3743
3517
3670
3609
3314
3079
3005
2797
2149
1613
1773
1718
1409
1262
1482
1700
1925
2285
3165
3977
4534
5101
5510
5368
4448
3210
1262
-615
-2519
-3910
-5132
-6064
-6478
-6057
-5302
-4316
-2850
-1128
425
1909
2900
3813
4110
4094
4105
3714
2956
2137
1585
876
211
-589
-780
-1162
-1960
-2812
-3628
-4605
-5642
-6757
-7525
-8122
-8494
-8365
-7552
-6465
-4943
-3162
-1358
417
1901
3444
4506
4997
4938
4620
3918
2989
1879
749
-400
-1598
-2542
-3174
-3721
-4036
-4162
-4192
-4213
-4050
-3515
-2741
-1867
-1051
63
1167
2351
3432
4279
4809
5013
5011
4664
4076
3306
2646
1942
1088
542
240
200
251
258
582
966
1410
1818
2162
2449
2885
3438
3974
4637
5177
5937
6174
6171
5305
3680
1206
-1294
-3338
-5135
-6904
-8128
-8467
-8083
-7011
-5480
-3258
-964
709
2591
4355
5418
5996
6030
6013
5425
4378
3548
3278
2267
1237
213
-457
-1113
-2242
-3254
-4200
-5810
-7204
-8150
-8652
-8832
-8595
-7676
-6215
-4704
-2711
-82
1875
3299
4067
4899
4898
4000
3013
1948
625
-1013
-2394
-3244
-3774
-4288
-4289
-4074
-4356
-4329
-3926
-3540
-3343
-3264
-2492
-1615
-810
239
1952
3413
4584
5424
6133
6477
6287
6043
5462
4317
3221
2513
2047
1453
1114
1188
1351
1250
1255
1899
2284
2345
2476
2800
3276
3761
4578
5730
6593
6943
7198
7454
6066
3573
218
-3433
-6453
-8927
-10801
-11536
-11562
-10581
-7855
-5346
-2503
744
3297
5687
6933
7216
7595
7020
5928
5095
3810
2724
2275
1264
734
-230
-1166
-1476
-2756
-4536
-5942
-7473
-8683
-9457
-9721
-8470
-6708
-4853
-2104
692
3433
5873
7123
7442
7014
5512
3383
1024
-1588
-3292
-4687
-6103
-6686
-6502
-6156
-5506
-4987
-4722
-4311
-4254
-4027
-3558
-3534
-3002
-1858
-780
582
1934
3471
5003
5399
5412
5517
5108
4606
3999
3202
2901
2627
2680
3214
3481
3695
3825
3354
2760
2268
1784
1643
1527
1803
2762
4064
5557
7538
9243
10556
10736
10095
7873
4160
-979
-6386
-10516
-13318
-15248
-15481
-14071
-10957
-6827
-3076
922
4559
6627
7812
8104
7398
6307
4152
2800
2068
1131
742
1220
1183
983
-60
-854
-1626
-3910
-6424
-8127
-9836
-10811
-10795
-9065
-5820
-2642
802
4711
7869
10050
11272
10771
8890
5642
2787
-156
-3348
-5563
-6646
-6797
-6800
-6777
-5590
-4621
-4916
-5310
-5590
-6248
-6639
-6636
-5716
-4238
-3103
-999
1284
2827
3947
4807
4830
4080
2742
2021
1672
1099
1054
1761
2598
3539
4394
5208
5374
4927
3899
2614
958
-461
-850
-579
427
2297
4897
7985
10638
12973
14648
15004
13407
10973
6585
451
-6360
-12868
-16343
-17456
-17612
-15323
-11257
-6354
-871
3113
6057
8237
7905
7178
6047
3530
2018
712
438
1044
1077
1822
3245
2511
848
-1435
-4042
-6179
-9512
-12234
-12785
-12946
-11409
-8344
-4285
642
4879
8082
10668
11415
11044
10072
7615
4277
958
-1056
-2184
-3342
-3792
-3572
-2746
-2548
-2953
-3659
-4969
-6867
-8292
-9080
-9486
-8724
-6788
-3717
-798
1234
3099
4077
3815
2662
1278
-44
-1268
-2114
-1861
-824
548
2605
4496
5608
5793
5295
4234
2694
731
-834
-1773
-2510
-2007
-142
2629
6202
9551
12514
15126
16823
17235
16284
12824
8432
3536
-3022
-9862
-15613
-17991
-17231
-15593
-12613
-7849
-2781
1820
5172
6948
7802
6691
5454
5088
3794
2863
2814
3634
4362
3658
2966
2954
889
-3039
-6784
-9703
-11482
-13443
-14226
-12585
-10327
-7499
-3940
84
3725
6009
7020
7354
6452
5070
3970
2424
793
-124
242
1445
2209
2598
2725
1842
-247
-2593
-5018
-7469
-9269
-9948
-9200
-7890
-6145
-3254
-145
1883
2854
2984
2415
1040
-820
-1819
-1844
-1621
-699
614
2005
3171
3940
4249
3696
2243
385
-1316
-2685
-3503
-3592
-2717
-1304
845
3979
7450
10769
13867
16134
16721
16230
14796
12016
8680
4093
-2093
-7969
-13701
-17268
-16720
-15396
-12666
-8348
-4580
293
4008
5717
7921
7671
6545
7181
6204
5992
6103
5320
6130
5100
2701
1764
-1137
-4665
-7946
-11687
-12467
-12801
-13191
-10565
-8249
-5753
-2458
-155
2658
4158
3660
3520
2630
1218
576
-401
-447
-75
457
2149
3315
4010
4148
2901
856
-1798
-4363
-6229
-7686
-8395
-7473
-6043
-4249
-2370
-641
914
1486
1245
588
-90
-775
-714
-33
983
2384
3582
4393
4682
4156
3154
1968
-38
-2162
-3847
-4884
-4694
-4201
-3155
-1591
630
3691
7028
10309
13277
15615
16586
16423
14746
11819
7777
3366
-2627
-9399
-15257
-18821
-18347
-16549
-13916
-9323
-4615
-57
3706
5712
7927
8414
7266
8200
8165
7949
8400
7901
8309
7100
3892
2059
-1236
-5806
-9528
-13008
-13600
-13109
-12756
-9414
-6064
-3087
145
2077
4064
4696
3357
2255
480
-1394
-1934
-2541
-2329
-1216
-15
2013
3383
3554
3327
2072
-230
-2801
-5038
-6513
-6832
-6539
-5409
-3967
-2860
-1599
-610
-437
-679
-1019
-1444
-1479
-1330
-76
2241
4024
5548
6315
6189
5802
4336
2465
1003
-942
-2544
-3541
-4246
-3573
-2512
-1406
205
1680
4349
7681
10350
13016
14754
15694
16091
14508
11592
8258
3303
-3244
-10489
-17077
-19692
-19118
-17383
-13724
-9417
-4971
-303
2158
3961
5842
5350
5616
6322
6184
7677
8491
9242
10264
8262
5942
3491
-1364
-5785
-10382
-13505
-13411
-13493
-11695
-7667
-4467
-813
1567
3018
4527
3558
1884
365
-2003
-3165
-3805
-3333
-1229
464
2641
4230
4484
4145
2451
292
-2072
-4708
-6225
-6985
-6578
-5153
-4005
-2677
-2170
-2052
-2058
-2844
-3059
-2812
-2243
-922
528
2986
5683
7134
7640
7117
5876
4130
2053
643
-679
-1812
-2422
-2970
-2909
-2546
-2126
-1037
286
2223
4966
7823
11615
14820
16581
17631
16610
13776
11152
6025
-1426
-8911
-15987
-18555
-17538
-16162
-11788
-7406
-3509
852
1560
1733
2506
481
879
1877
1988
4975
6599
8542
10662
8772
7015
4342
-1251
-5583
-10611
-13258
-12340
-11997
-9323
-5214
-2445
957
2061
2623
2963
707
-1280
-2875
-4278
-4140
-3421
-1600
1029
2973
4750
5163
4700
3113
381
-1956
-3982
-4696
-4497
-4377
-3181
-2376
-2176
-2404
-4101
-5056
-5458
-6064
-5051
-3471
-972
2200
4183
6479
8129
7972
7620
6376
4731
3504
1809
1025
899
150
-495
-1583
-3021
-3559
-4455
-4340
-2370
-39
3451
7191
10463
14124
16009
16586
16214
13053
10128
4433
-3939
-10364
-14993
-15407
-12174
-10124
-5180
-1018
983
3104
1392
26
-315
-3070
-2133
-337
1020
5178
6893
8990
9876
6295
3696
-374
-6236
-9255
-12529
-11985
-8939
-7228
-2883
429
1679
2904
1105
-82
-1686
-5415
-6362
-6809
-6169
-3338
-1536
1566
4080
4165
4636
2878
680
-440
-2671
-3166
-3026
-2577
-548
-293
-471
-762
-3000
-4740
-7018
-8756
-7989
-6984
-4362
-632
2337
5483
6809
7470
7884
6552
5720
5216
4636
5040
4899
5393
5712
3947
1859
-919
-3960
-5761
-6888
-6119
-3753
-754
3727
7660
10604
13383
14181
13985
12428
8781
4451
-1771
-8714
-12669
-13454
-10438
-6146
-2829
1377
3464
3236
1934
-299
-2073
-3292
-4004
-1544
1316
4435
7392
8870
9186
6652
2033
-2153
-6777
-10379
-11612
-10723
-7002
-3376
-194
2930
3798
2901
879
-1773
-3784
-6279
-7847
-6860
-4977
-2188
250
1771
2751
2053
479
-1215
-2964
-3948
-4317
-3870
-1988
-276
1329
1896
805
-1163
-3971
-6628
-8605
-9465
-8263
-5685
-2712
760
3349
4770
4977
4174
3321
2653
2830
3983
5721
8086
10093
10704
10669
9005
5685
1657
-1986
-4211
-5167
-4386
-1987
470
3398
6253
7843
9389
9904
9170
7605
4424
164
-5118
-10085
-11389
-9490
-5662
-910
2372
4516
5092
3335
721
-1978
-3870
-4142
-3557
-1218
2460
5468
7598
7847
5707
2131
-2884
-7474
-10303
-11718
-10509
-7112
-3246
631
3047
3770
3169
691
-1975
-4034
-5659
-5906
-4953
-2930
-248
1583
2145
1510
-146
-1913
-3700
-4706
-4595
-3677
-2314
-685
754
1260
695
-823
-3040
-5542
-7603
-8678
-8273
-6755
-4181
-1481
322
1550
1697
785
-154
-954
-1059
317
2610
5455
8467
10431
11907
12062
10762
8889
6227
3848
2397
1442
1606
2366
2771
3794
4465
5153
5574
5741
5928
5285
3818
1653
-2175
-6521
-10241
-11527
-9039
-4784
-252
3388
5738
6689
5398
2691
497
-1580
-2332
-1863
-216
2413
4451
5467
5362
2688
-1226
-5452
-9172
-10891
-11131
-9237
-5268
-1726
1052
2621
2468
1272
-1259
-4171
-5601
-5896
-4790
-2850
-737
1469
2460
1728
342
-1784
-3690
-4492
-4339
-3169
-1675
-177
1205
1678
1219
-220
-3017
-5732
-7744
-8681
-8307
-6565
-4006
-1771
-604
-119
-474
-1252
-2318
-3302
-3186
-2290
-486
1955
4232
6548
7929
8202
8256
7785
7461
6897
6473
7039
7374
7670
7878
7408
7001
6190
5440
5734
6144
6673
5585
3213
-70
-5243
-10165
-13778
-13527
-9076
-3999
1563
6471
8905
10122
8049
5453
3366
302
-220
209
1056
3213
3221
3360
2093
-2827
-6725
-11030
-14036
-13860
-13468
-9085
-3402
-88
3628
4395
3507
2356
-1652
-3516
-3850
-4425
-2589
-1581
-333
1218
-210
-1400
-3336
-6083
-6294
-6532
-5473
-2527
-560
2195
3553
2752
1943
-737
-3545
-5280
-7101
-6978
-5728
-4142
-1665
-449
-66
6
-996
-2093
-2946
-3414
-2716
-1678
-401
1177
2600
3739
4242
4192
4129
4125
4332
5390
7010
8369
9555
9978
9782
8952
7796
7437
7852
8760
10207
9653
6873
3476
-2199
-7723
-13038
-15543
-12693
-7842
-2251
3656
6972
9623
8995
5872
4522
1912
1104
2357
2863
5721
6433
5127
4813
-260
-5747
-9797
-14195
-13944
-13165
-10811
-3946
-370
2340
3941
1723
599
-3155
-6184
-4704
-5050
-3098
-284
208
2264
845
-2150
-3494
-7277
-8232
-6974
-6327
-2617
-194
1506
3553
2132
848
-1227
-4931
-6281
-7133
-6567
-4179
-2956
-874
495
-390
-951
-2109
-2902
-2707
-2799
-1323
552
1494
2316
2446
2119
1465
428
256
706
1737
3621
6163
8352
9510
9545
9340
8772
8564
8734
9426
10092
10242
9707
7973
5153
-146
-5819
-10620
-12026
-9745
-5414
-733
3698
5960
6794
5318
2872
1180
-171
771
3149
5427
7917
7905
6015
3120
-2135
-6157
-9083
-11077
-10195
-8716
-5557
-827
1939
3732
3141
-91
-3193
-6632
-7528
-5417
-3107
66
1709
1659
1319
-1336
-4478
-6868
-8829
-8230
-6266
-3755
-195
1894
2470
1921
-224
-2237
-3996
-5375
-5348
-4775
-3725
-2415
-1724
-1355
-1826
-3340
-4587
-5358
-4854
-2910
-749
1437
2879
3161
2803
2215
1484
981
564
482
1036
2084
3505
4984
5958
6554
6842
6883
7242
7837
8509
9558
10242
10477
9734
7462
4645
86
-4447
-7798
-8490
-6110
-2598
693
3609
4690
4756
3275
1308
450
-42
1213
3584
5625
7408
6732
4359
1157
-3678
-6960
-8840
-9445
-7966
-6226
-3077
528
2151
2794
1643
-1136
-3546
-5838
-5651
-3303
-1092
1594
2455
1560
-186
-3408
-5861
-7196
-7730
-6206
-4188
-2078
13
722
723
-205
-1901
-2933
-3860
-4204
-3605
-2816
-1797
-1458
-1927
-2474
-3421
-4656
-5421
-5439
-4562
-3187
-1756
-264
1072
1771
1994
2196
2269
2411
2479
2726
3222
3454
3978
4601
5016
5757
6012
6429
6855
7006
7658
8415
8760
8318
6909
4943
1314
-2769
-5909
-6686
-4347
-1191
2024
5030
5856
5201
2973
522
-554
-1080
763
3864
6576
8756
7849
5520
2223
-3134
-6557
-8453
-9059
-7547
-6052
-2911
578
1811
2177
509
-2081
-4458
-6614
-5639
-2802
-109
2922
3899
3085
891
-3075
-5976
-7627
-8196
-6239
-3391
-335
1682
1510
686
-997
-3016
-3988
-4548
-4433
-3632
-2829
-1440
-600
-900
-1519
-2727
-4090
-5139
-5519
-4742
-3572
-2344
-1031
-116
337
326
168
392
1230
2284
3719
4825
5053
4939
4517
4059
4114
4471
5370
6523
7126
7807
7896
7562
6450
4896
2905
-121
-3581
-5770
-5792
-3703
-811
2053
4364
5246
4389
2238
166
-1370
-1404
663
4053
7658
9744
9375
7284
2959
-2001
-5730
-7597
-7308
-6402
-4861
-2058
267
1673
1524
-99
-2186
-4973
-7026
-6461
-3953
-458
2389
3528
3305
1311
-1886
-4676
-6759
-7298
-6027
-3675
-119
2422
2882
2024
-262
-2504
-3900
-4614
-3901
-2974
-2430
-1817
-1611
-1593
-2078
-3170
-4001
-4594
-4666
-4031
-2957
-1791
-1078
-1137
-1146
-829
-322
470
1543
2908
4412
5423
5859
5972
5304
4632
4307
4445
5378
6141
6533
7021
6753
5803
4463
3028
1368
-1079
-3797
-5372
-4867
-2753
-397
1721
3391
3816
2915
1326
-395
-1502
-1278
23
2790
6096
7940
8138
6431
2665
-1401
-4509
-5782
-5389
-4573
-3528
-1967
-345
864
1069
826
-162
-1962
-3386
-3662
-2389
-246
1250
1858
1654
223
-1910
-4089
-5802
-6492
-6165
-4929
-2803
-677
696
889
102
-1041
-2102
-2487
-1998
-1293
-741
-793
-1252
-1666
-2140
-2648
-2974
-3140
-3354
-3659
-3839
-3674
-3348
-3130
-3014
-2734
-2175
-1524
-739
436
1711
2818
3658
4252
4846
5248
5328
5408
5823
6444
6953
7304
7263
6532
5237
3473
1190
-771
-1978
-2222
-1018
681
1995
3052
3307
2827
2164
1461
1030
1270
1790
2434
3121
3764
3797
3061
1610
-614
-2358
-3138
-3641
-3673
-3721
-4216
-4453
-4302
-3663
-2275
-959
-251
60
304
744
1392
2039
2257
1857
906
-358
-1437
-2170
-2777
-3575
-4325
-4821
-5022
-4674
-3874
-3147
-2662
-2487
-2484
-2122
-1599
-1377
-1373
-1566
-1791
-1813
-1397
-622
-50
38
-493
-1348
-1779
-2098
-2359
-2262
-2349
-2655
-2860
-2849
-2197
-1085
-96
677
1396
2054
2598
3270
4222
5218
6234
7416
8486
9507
10146
9702
8440
6847
5037
3813
3591
3629
3671
3356
2320
1232
707
330
77
-118
-665
-1013
-787
-167
303
276
-703
-2436
-3556
-4075
-4345
-4258
-4664
-5541
-6038
-6220
-5888
-5017
-4509
-4467
-4366
-3818
-2451
-468
1300
2298
2512
2275
1931
1732
1622
1280
520
-466
-1428
-1959
-1985
-1991
-2096
-2380
-2706
-2891
-2842
-2305
-1432
-717
-336
-336
-463
-336
-187
-71
246
297
73
-58
-122
-8
43
-475
-1337
-2124
-2720
-2853
-2388
-1668
-859
-142
444
1098
1755
2335
2685
3117
3914
4872
6034
7339
8031
7908
7157
5912
5130
4852
4627
4496
4260
3685
2738
2032
1431
691
-108
-1220
-1979
-1987
-1621
-1299
-991
-1100
-1854
-2295
-2385
-2386
-2273
-2871
-3776
-4166
-4265
-3955
-3294
-3002
-3319
-3930
-4236
-3943
-3087
-2167
-1588
-1137
-709
-434
116
813
1003
853
410
-39
18
175
207
130
-331
-1138
-1891
-2367
-2585
-2510
-2311
-1982
-1533
-1151
-874
-614
-421
-377
-440
-429
-328
-5
457
859
1108
854
180
-594
-1206
-1418
-1316
-954
-369
261
956
1581
2085
2546
2813
3012
3423
4170
5176
6273
6786
6666
6163
5354
4828
4656
4490
4197
3738
3026
2539
2358
1885
1213
21
-1312
-2303
-2793
-2841
-2906
-3077
-3642
-4107
-3898
-3399
-2817
-2490
-2778
-3171
-3345
-3296
-2899
-2549
-2624
-2914
-3186
-3151
-2524
-1707
-1332
-1332
-1563
-1711
-1448
-913
-360
-60
-49
-234
-303
51
478
670
730
428
-57
-404
-754
-979
-1054
-1284
-1404
-1273
-1117
-957
-862
-819
-955
-1125
-1239
-1316
-1028
-677
-349
56
403
530
552
526
400
465
647
895
1397
1944
2296
2673
3011
3501
4074
4451
4787
5057
5089
4880
4657
4487
4501
4586
4266
3851
3329
2516
1931
1723
1349
974
317
-608
-1135
-1437
-1690
-2083
-2785
-3938
-4918
-5025
-4635
-3839
-3065
-2810
-2641
-2367
-2031
-1389
-869
-1019
-1562
-1969
-2062
-1553
-727
-317
-319
-631
-1120
-1207
-860
-478
-316
-314
-436
-515
-280
161
310
267
15
-564
-794
-900
-990
-753
-687
-797
-862
-986
-1053
-1116
-1107
-1164
-1299
-1346
-1627
-1869
-1874
-2088
-2174
-2048
-1962
-1636
-1017
-432
271
1066
1557
2080
2676
2995
3287
3543
3807
4194
4737
5233
5527
5719
5254
4467
3920
3433
3443
3705
3725
3676
3323
2650
2218
1731
1057
280
-694
-1304
-1441
-1256
-1110
-1237
-1820
-2890
-3582
-3787
-3677
-3362
-3374
-3380
-3078
-2497
-1539
-569
-56
-145
-593
-848
-706
-127
404
401
50
-536
-1121
-1394
-1506
-1593
-1781
-2003
-1965
-1525
-820
-210
-109
-372
-969
-1710
-2145
-2397
-2335
-2058
-1833
-1530
-1299
-1168
-1245
-1388
-1323
-1358
-1246
-1023
-772
-378
-311
-433
-757
-1201
-1508
-1661
-1233
-519
370
1402
2292
3216
3864
4252
4400
4488
4798
5043
5563
6188
6638
6696
6091
5313
4397
3748
3436
3011
2856
2617
2133
2107
2171
1841
1226
-51
-1433
-2285
-2743
-2895
-2870
-3063
-3858
-4439
-4391
-4079
-3517
-3379
-3818
-3998
-3893
-3381
-2162
-1052
-648
-740
-1010
-1004
-552
-6
307
244
-57
-457
-600
-441
-447
-854
-1543
-2127
-2315
-1958
-1182
-537
-92
-40
-467
-727
-952
-1178
-1265
-1424
-1483
-1441
-1315
-1233
-1304
-1315
-1469
-1581
-1400
-1168
-646
-58
234
409
237
-252
-738
-1099
-1193
-848
-133
732
1883
3056
3932
4672
5030
5174
5303
5389
5586
5998
6320
6025
5530
4879
4064
3800
3474
2883
2431
1517
613
541
773
921
861
15
-990
-1591
-1950
-2169
-2317
-2977
-4151
-4692
-4664
-4148
-3304
-3192
-3616
-3882
-3970
-3361
-2132
-1098
-554
-509
-589
-308
316
816
919
563
-30
-410
-371
-4
322
142
-556
-1194
-1686
-1715
-1356
-1128
-931
-968
-1229
-1369
-1334
-1268
-1250
-1137
-1198
-1290
-1193
-1266
-1241
-1162
-1416
-1687
-1925
-2122
-1928
-1460
-880
-383
-90
-140
-410
-533
-637
-552
-221
192
974
2044
3190
4350
5296
5987
6348
6631
6907
7147
7207
6681
5947
5147
4504
4265
4032
3483
2679
1429
184
-228
-326
-194
-201
-857
-1384
-1702
-1787
-1754
-1959
-2666
-3686
-4136
-4061
-3564
-2884
-2999
-3498
-3921
-4228
-3846
-3062
-2509
-2257
-2196
-2044
-1440
-458
179
322
10
-702
-1094
-1044
-742
-242
-179
-499
-736
-979
-913
-733
-734
-793
-1024
-1278
-1460
-1506
-1490
-1506
-1414
-1419
-1337
-1107
-941
-619
-254
-67
8
-138
-459
-655
-705
-691
-502
-289
-285
-120
47
103
381
582
746
1146
1665
2440
3465
4495
5482
6260
6902
7336
7614
7520
6832
6058
5144
4580
4513
4264
3797
2894
1397
111
-587
-1105
-1311
-1780
-2646
-3057
-3132
-2918
-2576
-2625
-3357
-4136
-4261
-3847
-2764
-1829
-1772
-1981
-2309
-2468
-2008
-1522
-1397
-1662
-2136
-2283
-1717
-855
-319
-244
-689
-1344
-1587
-1421
-1044
-533
-562
-788
-859
-905
-646
-466
-527
-683
-1008
-1348
-1529
-1515
-1619
-1788
-1933
-2285
-2450
-2465
-2429
-1962
-1379
-892
-406
-145
-6
121
209
174
199
214
70
251
561
909
1366
1553
1693
1876
2123
2594
3274
4093
4934
5808
6543
7161
7563
7346
6830
6176
5503
5429
5471
5194
4773
3791
2381
1322
404
-432
-1009
-1942
-2836
-3191
-3321
-3442
-3557
-4101
-5119
-5590
-5596
-5120
-3964
-3361
-3219
-2875
-2550
-1967
-1138
-637
-570
-794
-1140
-1161
-556
-59
-49
-316
-1056
-1666
-1773
-1739
-1438
-1128
-1253
-1270
-1157
-970
-624
-542
-643
-961
-1281
-1502
-1525
-1255
-1225
-1203
-1366
-1850
-2127
-2485
-2731
-2608
-2459
-2179
-1870
-1521
-1012
-531
-129
14
190
234
295
784
1326
2091
2760
3137
3419
3620
3931
4142
4546
5039
5477
6113
6597
7035
7148
6625
5970
5198
4876
5126
5312
5435
5144
4228
3215
2421
1662
971
117
-1155
-2040
-2419
-2569
-2606
-2889
-3852
-5024
-5644
-5871
-5420
-4667
-4614
-4604
-4500
-4274
-3375
-2422
-1870
-1686
-1789
-1834
-1372
-433
184
397
84
-802
-1359
-1591
-1707
-1481
-1526
-1842
-1909
-1805
-1359
-817
-494
-586
-992
-1355
-1724
-1617
-1332
-1178
-946
-1170
-1514
-1730
-2054
-2191
-2237
-2316
-2336
-2293
-2040
-1632
-1088
-682
-553
-421
-385
-109
462
1152
2000
2622
3184
3733
4278
4942
5427
5871
6287
6698
7113
7638
7876
7366
6675
5642
4808
4728
4686
4543
4285
3466
2526
2218
1858
1434
989
-163
-1151
-1569
-1719
-1737
-1841
-2677
-3952
-4527
-4660
-4317
-3595
-3681
-4168
-4468
-4644
-4120
-3187
-2633
-2509
-2659
-2779
-2444
-1504
-640
-210
-108
-576
-1086
-1175
-1111
-984
-965
-1271
-1688
-1948
-1908
-1677
-1316
-1123
-1463
-1843
-2194
-2298
-1923
-1512
-1206
-1240
-1584
-1953
-2160
-1974
-1808
-1891
-2111
-2571
-2769
-2536
-2073
-1600
-1387
-1401
-1539
-1313
-644
181
1133
1732
2212
2839
3617
4632
5588
6454
6973
7369
7882
8378
8844
8691
8155
7305
6506
6232
6001
5712
5150
4040
2769
2017
1450
996
629
-356
-1129
-1536
-1730
-1617
-1684
-2296
-3318
-3985
-4212
-3961
-3321
-3241
-3522
-3721
-4021
-3741
-3058
-2713
-2559
-2695
-2865
-2600
-1946
-1307
-993
-1027
-1453
-1868
-1883
-1695
-1421
-1283
-1519
-1769
-1954
-1917
-1687
-1562
-1490
-1819
-2236
-2513
-2691
-2480
-2283
-2130
-2045
-2133
-2093
-2109
-1940
-1720
-1752
-1754
-1920
-1954
-1798
-1590
-1281
-1149
-1037
-997
-837
-378
129
739
1222
1679
2248
2941
3866
4717
5490
6229
6783
7388
8055
8424
8390
8014
7302
6786
6778
6785
6497
6019
4880
3480
2630
1830
1237
711
-447
-1455
-1920
-2102
-2058
-2008
-2539
-3470
-4016
-4213
-3769
-2880
-2636
-2764
-2876
-2990
-2680
-1959
-1503
-1445
-1665
-2055
-1997
-1346
-758
-503
-534
-936
-1385
-1509
-1465
-1301
-1110
-1367
-1651
-1759
-1928
-1807
-1703
-1688
-1826
-2216
-2668
-3083
-3061
-2934
-2711
-2489
-2755
-2903
-3062
-3057
-2590
-2332
-2193
-2342
-2490
-2345
-2118
-1619
-1357
-1212
-1133
-1138
-574
113
902
1565
1831
2233
2661
3354
4122
4860
5550
5935
6452
7006
7271
7328
7068
6554
6365
6533
6604
6551
6179
5101
4263
3683
2889
2414
1570
322
-590
-1103
-1285
-1343
-1478
-2333
-3083
-3291
-3463
-2865
-2378
-2549
-2652
-2844
-2641
-1929
-1191
-819
-877
-1011
-1199
-979
-466
-284
-429
-968
-1567
-1882
-1770
-1476
-1339
-1290
-1548
-1891
-1943
-1933
-1921
-1945
-2086
-2410
-2640
-2726
-2932
-2898
-2962
-3222
-3342
-3532
-3578
-3506
-3362
-3188
-3071
-2919
-2894
-2649
-2304
-2118
-1793
-1699
-1594
-1328
-1051
-529
18
559
1034
1562
2261
3005
3878
4594
5189
5825
6236
6680
7090
7081
6843
6471
6008
5886
6141
6146
5993
5610
4598
3938
3511
2955
2670
1941
905
140
-358
-643
-849
-1131
-1990
-2661
-2865
-2958
-2366
-1970
-2143
-2281
-2588
-2579
-2101
-1572
-1200
-1039
-936
-815
-363
166
315
275
-232
-863
-1213
-1432
-1524
-1404
-1319
-1442
-1362
-1475
-1553
-1541
-1761
-1862
-2185
-2496
-2870
-3091
-2955
-2919
-2648
-2807
-3244
-3447
-3780
-3616
-3297
-3073
-2917
-3129
-3116
-2978
-2610
-2159
-2050
-1864
-1923
-1683
-1040
-378
438
907
1315
1692
2304
3280
4110
5125
5785
6173
6798
7124
7285
7155
6631
6069
5808
5859
5813
5796
5236
4098
3401
2709
2187
2010
1354
607
88
-297
-487
-515
-902
-1843
-2424
-2777
-2748
-2064
-1739
-1642
-1648
-1868
-1769
-1319
-923
-831
-859
-944
-852
-238
316
695
894
541
22
-355
-603
-788
-771
-861
-1103
-1047
-1229
-1276
-1143
-1227
-1353
-1736
-2193
-2685
-2797
-2687
-2637
-2368
-2713
-3219
-3522
-3828
-3600
-3348
-3203
-3193
-3264
-3086
-2838
-2275
-1974
-2048
-2092
-2288
-1958
-1306
-654
-15
316
632
950
1678
2593
3376
4239
4681
5154
5888
6170
6355
6290
5807
5499
5478
5564
5593
5507
4734
3829
3355
2566
2104
1688
780
235
-112
-295
-194
-178
-795
-1560
-1904
-2239
-1984
-1553
-1572
-1502
-1578
-1600
-1116
-572
-300
-337
-456
-650
-485
98
426
734
636
150
-173
-387
-281
-241
-219
-339
-689
-845
-979
-882
-786
-956
-1348
-1947
-2354
-2635
-2620
-2401
-2426
-2545
-2887
-3234
-3354
-3363
-3277
-3400
-3482
-3579
-3514
-3045
-2634
-2215
-2085
-2162
-2075
-1835
-1268
-639
-77
341
559
972
1377
1899
2555
3026
3585
4110
4681
5244
5393
5327
5052
4716
4651
4822
4928
4937
4679
4047
3637
3224
2669
2199
1377
548
21
-247
-271
-265
-450
-1131
-1578
-1687
-1712
-1269
-1138
-1335
-1370
-1554
-1332
-711
-274
-94
-185
-294
-264
211
784
1028
1087
645
88
-66
-52
92
201
-7
-318
-539
-645
-509
-336
-353
-650
-1109
-1551
-1935
-2080
-2207
-2402
-2587
-2910
-3149
-3245
-3292
-3284
-3419
-3620
-3818
-3885
-3704
-3432
-3023
-2731
-2635
-2526
-2385
-2082
-1592
-977
-396
130
642
1034
1545
2234
2831
3372
3839
4060
4415
4718
4699
4749
4540
4176
4029
4043
4030
3991
3722
2996
2594
2176
1738
1601
1126
650
284
-2
-99
-86
-286
-811
-1054
-1146
-1076
-639
-436
-466
-504
-674
-529
-80
202
313
313
200
302
682
975
1177
1057
526
152
-1
-32
176
228
67
-68
-289
-435
-380
-369
-569
-791
-1143
-1553
-1744
-1954
-2109
-2214
-2515
-2875
-3143
-3326
-3423
-3386
-3452
-3623
-3669
-3717
-3583
-3188
-2863
-2565
-2414
-2378
-2183
-1794
-1297
-709
-107
314
703
1255
1842
2577
3360
3822
4255
4535
4505
4464
4366
4077
3884
3952
3896
3907
3898
3342
2851
2431
1786
1405
955
260
-184
-414
-555
-526
-490
-920
-1385
-1604
-1751
-1346
-814
-654
-573
-644
-659
-303
172
412
410
281
41
229
800
1283
1558
1354
757
284
72
5
216
241
4
-96
-159
14
314
452
256
-165
-650
-1136
-1281
-1300
-1413
-1512
-1881
-2272
-2517
-2786
-2922
-3162
-3465
-3755
-3970
-3854
-3669
-3307
-3008
-2904
-2713
-2668
-2410
-2029
-1609
-1020
-518
-31
353
694
1095
1480
2020
2590
3128
3671
3960
4064
3990
3677
3343
3105
3060
3060
3064
2996
2570
2250
1857
1336
1034
501
-59
-396
-626
-617
-537
-575
-992
-1418
-1692
-1858
-1573
-1266
-1127
-975
-929
-667
-77
479
767
789
615
473
679
1159
1659
1935
1731
1295
899
755
779
778
637
284
-9
-127
98
502
659
551
143
-324
-584
-727
-704
-778
-1027
-1394
-1769
-1936
-2098
-2244
-2535
-3008
-3331
-3533
-3464
-3204
-2971
-2820
-2866
-2872
-2787
-2508
-2049
-1610
-1050
-612
-184
303
710
1209
1643
2045
2493
2902
3284
3523
3498
3329
2982
2605
2437
2367
2374
2278
1974
1581
1270
980
680
464
8
-435
-649
-714
-510
-293
-361
-650
-919
-1155
-1173
-915
-844
-886
-962
-1011
-693
-123
361
675
762
648
669
1040
1485
1828
1968
1661
1364
1219
1188
1307
1237
950
493
180
134
273
507
409
95
-267
-657
-742
-711
-683
-742
-942
-1076
-1220
-1286
-1463
-1823
-2255
-2781
-2998
-3030
-2961
-2738
-2647
-2591
-2572
-2514
-2362
-2206
-1897
-1565
-1109
-578
-154
303
594
896
1293
1720
2261
2703
3038
3119
3005
2830
2486
2298
2147
1984
1915
1606
1233
862
445
155
-113
-426
-828
-1084
-1194
-1107
-804
-673
-686
-804
-950
-860
-552
-250
-129
-204
-365
-420
-139
189
480
620
467
450
669
1134
1630
1909
1782
1422
1200
1083
1258
1394
1263
1019
634
526
675
876
943
685
261
-222
-488
-598
-719
-792
-1051
-1206
-1222
-1207
-1081
-1208
-1503
-1851
-2144
-2198
-2175
-2014
-1999
-2091
-2116
-2207
-2095
-1944
-1735
-1402
-1106
-685
-264
104
459
742
1123
1523
1912
2220
2364
2498
2413
2218
1979
1781
1816
1817
1852
1689
1277
700
-7
-336
-550
-812
-1086
-1472
-1663
-1659
-1451
-1176
-1124
-1268
-1627
-1669
-1291
-828
-356
-182
-174
-106
62
434
848
1004
813
525
523
807
1277
1586
1541
1355
1044
904
1033
1196
1302
1144
980
938
1071
1207
1163
1057
646
267
-20
-234
-236
-356
-468
-600
-742
-848
-1076
-1280
-1503
-1645
-1682
-1731
-1554
-1421
-1394
-1374
-1456
-1460
-1466
-1415
-1239
-977
-644
-366
-72
225
456
687
877
1146
1511
1772
1983
2073
1837
1317
876
682
746
1059
1078
786
438
-148
-453
-403
-598
-929
-1462
-1966
-2089
-1750
-1306
-1165
-1232
-1721
-2069
-1796
-1403
-966
-738
-912
-953
-711
-267
414
902
840
557
548
785
1307
1835
1902
1700
1383
1085
1090
1330
1387
1225
1064
948
1091
1405
1562
1591
1395
997
656
516
458
392
341
220
103
10
-179
-371
-616
-905
-1142
-1312
-1333
-1304
-1236
-1256
-1300
-1283
-1363
-1340
-1234
-1001
-709
-482
-166
97
317
559
696
876
1098
1230
1416
1603
1647
1375
940
619
413
447
527
352
-18
-507
-1069
-1213
-1172
-1324
-1568
-1976
-2255
-2232
-1943
-1669
-1628
-1762
-2121
-2121
-1661
-1306
-950
-902
-1112
-1059
-854
-420
125
360
290
207
420
856
1367
1690
1627
1526
1408
1365
1642
1844
1830
1698
1519
1522
1651
1769
1793
1712
1543
1316
1167
1067
981
913
763
644
531
355
181
-39
-218
-402
-636
-809
-929
-954
-942
-943
-984
-1126
-1225
-1264
-1140
-828
-604
-414
-292
-197
-13
219
476
660
792
855
946
1200
1223
917
519
120
-20
163
418
441
196
-336
-984
-1202
-1257
-1509
-1731
-2158
-2430
-2279
-2002
-1723
-1660
-1888
-2280
-2242
-1838
-1413
-963
-917
-1027
-918
-740
-324
92
143
-7
-108
84
599
1192
1451
1390
1268
1119
1207
1483
1659
1674
1523
1379
1429
1650
1770
1784
1700
1488
1342
1241
1177
1207
1144
1004
896
771
639
436
262
97
-119
-357
-639
-767
-817
-864
-860
-901
-977
-1108
-1098
-919
-658
-381
-277
-219
-145
9
259
459
572
586
566
628
818
908
688
252
-147
-291
-154
135
225
24
-362
-819
-967
-955
-1118
-1394
-1838
-2117
-2049
-1815
-1593
-1598
-1783
-2091
-2119
-1777
-1403
-1091
-1058
-1180
-1068
-781
-340
77
187
110
-15
153
607
1061
1314
1230
1073
932
959
1205
1406
1464
1338
1191
1222
1401
1577
1635
1586
1408
1222
1134
1115
1198
1223
1118
951
780
647
528
474
377
220
-8
-316
-481
-530
-521
-554
-677
-826
-980
-1015
-851
-607
-350
-232
-208
-142
-4
227
414
572
613
581
595
654
749
641
348
-45
-257
-256
-156
-11
-105
-342
-707
-980
-955
-996
-1096
-1363
-1625
-1668
-1674
-1548
-1534
-1618
-1802
-2008
-1855
-1572
-1323
-1231
-1344
-1332
-1208
-1007
-697
-473
-373
-357
-211
138
564
846
794
704
681
735
983
1228
1354
1356
1231
1162
1272
1403
1450
1464
1384
1292
1281
1265
1264
1272
1189
1050
966
905
838
788
675
527
373
101
-125
-227
-314
-337
-386
-476
-573
-655
-680
-624
-466
-367
-286
-189
-30
205
408
521
580
568
500
521
572
606
471
181
-65
-151
-116
-85
-144
-368
-679
-1001
-1163
-1149
-1124
-1203
-1417
-1565
-1640
-1570
-1464
-1450
-1497
-1668
-1755
-1645
-1438
-1248
-1259
-1380
-1423
-1343
-1073
-750
-475
-308
-304
-218
-5
313
598
662
658
600
613
798
1022
1283
1356
1254
1184
1189
1363
1562
1677
1652
1490
1336
1213
1247
1297
1202
1040
823
720
732
764
763
569
279
-41
-267
-296
-323
-346
-449
-601
-662
-655
-597
-592
-590
-613
-670
-532
-352
-187
24
117
197
357
424
398
413
386
349
392
325
220
198
66
-66
-68
-259
-547
-779
-994
-1080
-1043
-1126
-1270
-1333
-1532
-1619
-1497
-1405
-1317
-1293
-1363
-1361
-1277
-1249
-1236
-1153
-1097
-1037
-883
-740
-565
-421
-381
-236
-20
150
274
355
465
582
710
810
847
915
937
1051
1281
1446
1540
1484
1412
1445
1517
1578
1528
1387
1188
989
982
1076
1120
1002
692
436
288
253
245
181
33
-223
-403
-449
-392
-349
-421
-556
-626
-577
-458
-352
-242
-231
-277
-194
-130
43
165
142
185
235
345
449
519
467
365
263
80
7
-101
-246
-346
-445
-504
-583
-739
-972
-1177
-1286
-1367
-1344
-1320
-1398
-1433
-1481
-1435
-1259
-1170
-1149
-1188
-1205
-1118
-972
-753
-570
-459
-434
-388
-206
-12
139
202
223
321
460
671
874
1002
1042
1011
1086
1222
1350
1428
1404
1403
1390
1383
1369
1330
1231
1066
940
868
849
786
654
521
391
285
197
88
-59
-250
-425
-526
-590
-638
-733
-839
-884
-860
-792
-703
-593
-498
-346
-202
-99
0
31
-8
50
134
234
393
434
448
515
499
459
348
186
4
-92
-162
-224
-187
-340
-507
-596
-740
-806
-882
-1010
-1071
-1091
-1106
-1085
-1002
-981
-1008
-965
-930
-858
-774
-811
-753
-617
-502
-318
-180
-104
-97
-88
-9
129
324
439
520
641
780
959
1106
1152
1116
1024
931
913
1005
1085
1042
978
863
799
780
729
698
613
498
384
330
345
297
189
27
-172
-284
-439
-550
-594
-668
-747
-808
-815
-824
-776
-733
-653
-444
-292
-191
-76
-134
-210
-127
13
268
527
587
493
421
394
468
664
686
590
472
352
395
504
503
309
20
-290
-401
-250
-121
-110
-261
-531
-707
-701
-568
-411
-407
-573
-762
-797
-666
-486
-346
-399
-574
-717
-730
-539
-311
-164
-150
-206
-205
-114
96
350
505
564
586
607
682
736
752
670
545
419
323
307
286
272
233
144
87
47
21
-14
-39
-62
-143
-207
-307
-384
-458
-540
-595
-678
-762
-855
-935
-916
-851
-757
-638
-569
-507
-420
-307
-173
-1
100
203
345
457
611
704
728
688
674
705
752
884
979
1018
1000
961
975
948
954
868
775
696
574
576
581
499
373
208
44
-4
39
6
-20
-109
-247
-303
-293
-302
-334
-398
-556
-602
-582
-548
-445
-455
-536
-580
-587
-493
-391
-301
-282
-317
-314
-328
-240
-179
-187
-199
-292
-330
-336
-364
-381
-467
-556
-645
-676
-676
-663
-628
-618
-603
-609
-634
-666
-712
-703
-659
-616
-584
-593
-569
-543
-475
-372
-272
-161
-73
22
180
353
510
647
738
817
905
991
1090
1199
1246
1263
1278
1294
1315
1317
1305
1285
1284
1262
1247
1254
1246
1214
1190
1107
1015
906
788
728
640
574
461
357
248
145
87
20
-34
-105
-179
-235
-280
-316
-401
-521
-621
-726
-744
-714
-700
-705
-771
-812
-861
-864
-835
-835
-860
-939
-974
-963
-933
-907
-932
-986
-1081
-1140
-1123
-1123
-1104
-1136
-1188
-1223
-1218
-1176
-1164
-1131
-1129
-1127
-1070
-998
-853
-761
-732
-719
-727
-671
-570
-420
-266
-172
-39
75
211
396
555
688
769
827
919
1025
1138
1243
1346
1397
1400
1421
1434
1449
1447
1422
1386
1358
1324
1274
1257
1221
1156
1110
1044
982
944
900
857
836
797
707
626
538
473
443
393
338
310
259
208
202
150
93
19
-100
-187
-215
-239
-264
-291
-363
-448
-534
-619
-673
-719
-792
-859
-904
-926
-951
-997
-1097
-1167
-1254
-1306
-1306
-1307
-1316
-1373
-1401
-1425
-1421
-1411
-1458
-1491
-1508
-1492
-1404
-1302
-1167
-1110
-1094
-1067
-1042
-933
-828
-704
-591
-482
-321
-172
6
159
248
324
394
512
638
773
893
958
1042
1078
1156
1243
1285
1362
1386
1393
1426
1441
1470
1449
1444
1420
1378
1330
1267
1253
1175
1130
1108
1098
1088
1041
1014
981
948
924
888
872
834
772
745
737
708
666
593
526
448
370
308
247
170
84
6
-81
-152
-225
-315
-401
-488
-611
-744
-837
-972
-1061
-1119
-1216
-1268
-1355
-1451
-1510
-1554
-1587
-1627
-1649
-1726
-1778
-1771
-1774
-1737
-1708
-1704
-1694
-1676
-1611
-1525
-1414
-1344
-1281
-1176
-1070
-898
-747
-628
-496
-420
-327
-183
-57
69
170
272
367
460
543
634
758
816
879
955
1006
1082
1142
1216
1303
1360
1388
1395
1414
1395
1396
1432
1406
1416
1428
1449
1482
1503
1492
1441
1419
1363
1341
1350
1346
1343
1310
1274
1239
1199
1168
1096
1033
939
830
781
707
636
554
433
314
169
49
-80
-195
-336
-471
-555
-683
-793
-905
-1005
-1102
-1235
-1356
-1477
-1529
-1612
-1647
-1648
-1726
-1812
-1908
-1949
-1947
-1935
-1946
-1952
-1919
-1876
-1794
-1665
-1578
-1482
-1458
-1429
-1316
-1192
-1046
-925
-800
-722
-648
-528
-425
-295
-202
-144
-14
78
190
289
335
400
431
485
568
662
746
794
878
969
1050
1120
1169
1217
1251
1309
1356
1419
1476
1459
1468
1478
1495
1512
1528
1556
1546
1541
1528
1508
1535
1500
1443
1409
1347
1284
1244
1182
1095
1005
863
718
624
514
411
298
157
28
-107
-238
-350
-424
-530
-676
-796
-907
-979
-1051
-1140
-1215
-1279
-1352
-1405
-1417
-1434
-1480
-1529
-1553
-1528
-1478
-1445
-1399
-1357
-1325
-1257
-1161
-1091
-1053
-1016
-982
-893
-811
-744
-674
-650
-613
-556
-468
-375
-313
-277
-272
-216
-138
-82
-36
-16
-10
2
53
131
211
271
291
309
370
465
551
629
695
747
783
833
889
950
992
1010
1065
1125
1200
1272
1315
1359
1384
1390
1404
1410
1406
1390
1358
1342
1315
1281
1219
1134
1067
953
866
802
704
593
441
319
216
101
8
-119
-245
-378
-491
-547
-605
-676
-768
-849
-936
-994
-1041
-1121
-1158
-1206
-1249
-1241
-1246
-1219
-1201
-1177
-1164
-1152
-1113
-1074
-1004
-961
-901
-833
-795
-753
-713
-677
-623
-579
-521
-471
-430
-418
-400
-352
-308
-259
-217
-174
-134
-93
-61
1
50
72
71
71
97
116
175
249
291
340
378
427
524
602
672
739
786
839
930
1009
1084
1144
1159
1176
1210
1238
1284
1322
1307
1286
1268
1239
1200
1175
1120
1052
963
874
820
758
685
595
478
345
211
100
6
-73
-159
-268
-325
-398
-503
-591
-675
-744
-811
-858
-878
-919
-951
-986
-1006
-1008
-1040
-1077
-1092
-1094
-1088
-1053
-1008
-963
-952
-969
-953
-900
-806
-742
-707
-659
-651
-630
-582
-520
-483
-496
-545
-525
-433
-367
-321
-308
-295
-278
-224
-142
-57
-18
-18
-22
54
161
225
255
267
328
380
478
594
655
707
741
823
943
1048
1104
1124
1194
1258
1330
1381
1363
1325
1259
1220
1226
1224
1168
1062
995
939
923
903
810
704
580
486
440
368
292
180
34
-81
-147
-183
-255
-358
-459
-507
-531
-529
-542
-588
-658
-719
-716
-697
-685
-735
-779
-805
-774
-718
-710
-749
-803
-821
-800
-698
-599
-546
-563
-579
-534
-477
-436
-423
-456
-514
-498
-453
-404
-377
-429
-503
-534
-490
-412
-345
-306
-282
-230
-166
-88
-11
6
1
0
46
125
207
250
275
334
415
480
552
604
634
677
737
870
999
1042
1033
1014
1021
1042
1067
1058
1002
932
881
896
933
909
821
689
565
499
469
455
407
305
180
89
28
-27
-106
-231
-382
-475
-517
-480
-439
-475
-507
-559
-573
-556
-533
-533
-563
-599
-646
-630
-628
-652
-680
-737
-758
-753
-713
-652
-612
-581
-570
-554
-508
-488
-457
-457
-463
-456
-429
-402
-405
-430
-465
-472
-449
-412
-373
-344
-316
-278
-229
-141
-44
13
14
33
108
179
259
334
368
414
448
514
610
675
693
709
763
840
936
989
1012
1014
992
1001
1006
1003
963
911
860
843
854
828
750
653
576
509
479
424
380
308
211
132
66
11
-84
-199
-287
-348
-379
-409
-450
-485
-542
-585
-606
-585
-572
-594
-602
-617
-607
-620
-659
-682
-726
-747
-742
-717
-707
-694
-678
-654
-609
-591
-578
-554
-539
-519
-471
-457
-461
-475
-483
-480
-476
-445
-451
-457
-458
-428
-359
-313
-271
-229
-190
-148
-92
-12
45
74
101
139
203
273
325
375
442
476
510
579
649
730
776
805
832
864
892
918
947
921
872
842
830
845
842
809
779
704
634
599
583
565
512
463
405
364
316
251
171
72
-19
-84
-107
-138
-195
-265
-332
-360
-367
-368
-385
-436
-463
-479
-484
-504
-542
-601
-656
-674
-656
-622
-623
-646
-662
-657
-625
-604
-577
-579
-610
-604
-588
-519
-472
-468
-487
-523
-505
-467
-439
-419
-436
-425
-392
-338
-259
-214
-152
-120
-82
-13
63
131
173
211
248
299
355
392
439
478
516
555
592
621
662
713
758
795
809
805
794
797
802
792
762
712
682
678
675
665
623
548
503
475
464
460
431
357
275
216
181
174
130
58
1
-57
-82
-90
-116
-165
-221
-258
-276
-263
-245
-281
-325
-367
-405
-414
-432
-472
-529
-584
-614
-609
-592
-601
-624
-644
-661
-651
-639
-637
-661
-694
-716
-713
-699
-718
-745
-766
-801
-813
-799
-780
-753
-728
-684
-620
-526
-453
-398
-320
-254
-188
-115
-46
28
97
167
233
298
363
420
458
526
616
683
731
766
790
851
883
880
890
904
887
855
874
886
873
816
772
759
762
721
674
650
626
574
534
490
438
365
268
226
217
189
137
86
53
39
7
-7
-13
-45
-97
-123
-132
-138
-161
-201
-238
-255
-283
-324
-356
-383
-442
-473
-472
-456
-455
-470
-505
-520
-533
-559
-578
-589
-628
-652
-669
-690
-703
-724
-749
-731
-697
-683
-671
-685
-642
-594
-540
-500
-475
-456
-431
-358
-258
-167
-145
-148
-120
-55
54
131
178
196
196
248
355
452
485
461
448
469
527
596
641
636
590
568
611
679
719
703
661
644
650
677
692
660
586
497
481
494
486
464
384
318
293
275
273
248
190
134
121
117
122
119
80
47
28
-5
-32
-70
-119
-138
-154
-181
-233
-295
-359
-383
-398
-427
-455
-484
-525
-537
-525
-522
-526
-560
-597
-592
-570
-552
-552
-575
-615
-621
-609
-586
-553
-531
-524
-509
-481
-456
-417
-393
-354
-307
-262
-232
-205
-175
-163
-138
-94
-45
-34
-24
-5
59
123
153
168
168
172
183
244
321
367
365
348
348
370
395
401
381
354
355
351
390
411
409
375
361
380
399
411
418
403
361
346
324
294
274
246
222
215
205
183
161
134
130
136
119
84
47
21
13
16
-3
-29
-89
-155
-188
-202
-210
-257
-325
-377
-404
-399
-374
-362
-418
-472
-484
-466
-437
-421
-447
-483
-490
-477
-432
-406
-440
-502
-513
-504
-453
-418
-416
-442
-454
-424
-376
-355
-354
-375
-380
-331
-275
-208
-171
-164
-162
-119
-53
-32
-24
-42
-40
9
53
85
105
78
56
71
120
154
142
127
132
181
236
286
302
285
263
276
331
385
395
372
336
320
348
388
409
354
293
279
288
312
334
300
257
200
197
248
256
220
159
111
72
49
45
32
-34
-80
-121
-132
-150
-172
-215
-281
-303
-318
-309
-307
-303
-306
-306
-302
-296
-282
-282
-291
-290
-285
-278
-283
-303
-315
-331
-332
-317
-292
-278
-260
-257
-244
-205
-202
-174
-153
-160
-153
-124
-101
-83
-51
-51
-34
-13
13
48
53
37
33
29
37
62
82
97
102
105
100
126
136
138
145
149
164
195
224
246
264
271
297
301
301
300
302
299
290
301
308
293
269
266
244
253
246
242
230
225
216
199
189
157
120
77
67
77
77
40
18
-12
-27
-37
-30
-18
-30
-61
-94
-87
-90
-91
-108
-112
-123
-123
-105
-84
-89
-119
-151
-160
-155
-158
-145
-163
-182
-181
-172
-153
-148
-160
-170
-164
-130
-110
-92
-103
-124
-129
-102
-78
-81
-103
-118
-118
-75
-24
-26
-43
-83
-106
-89
-51
-36
-41
-46
-56
-9
46
50
41
7
-1
27
70
100
92
92
86
105
155
187
184
149
135
167
208
237
236
205
181
172
197
243
250
218
170
192
239
285
296
277
262
245
263
327
373
358
324
318
348
377
401
395
377
342
311
306
343
343
315
302
277
275
258
225
197
175
150
126
125
96
73
54
48
35
-1
-52
-103
-128
-127
-149
-164
-196
-247
-265
-282
-273
-273
-306
-340
-391
-402
-397
-413
-415
-434
-436
-424
-397
-364
-325
-318
-323
-306
-288
-284
-264
-239
-209
-173
-176
-171
-138
-118
-95
-59
-7
38
59
88
133
184
194
196
205
220
239
254
277
308
307
295
275
288
297
312
333
351
381
401
418
435
453
459
443
435
433
425
423
412
411
405
395
373
362
340
324
317
324
331
316
296
280
282
270
239
195
161
142
122
98
81
45
3
-35
-41
-34
-78
-129
-170
-188
-211
-250
-258
-280
-338
-390
-405
-393
-429
-493
-542
-560
-550
-537
-497
-474
-457
-470
-462
-407
-382
-364
-372
-355
-338
-312
-263
-243
-223
-215
-221
-196
-140
-103
-67
-36
-12
41
85
119
148
163
162
180
202
236
267
251
249
255
265
267
283
309
328
350
364
375
396
402
401
406
399
382
355
360
381
398
385
358
356
346
329
322
315
303
275
244
260
272
257
215
184
142
107
94
85
90
71
12
-29
-57
-96
-126
-156
-183
-214
-243
-271
-277
-284
-329
-386
-437
-473
-491
-495
-488
-486
-504
-519
-537
-521
-505
-515
-501
-501
-505
-478
-459
-449
-415
-407
-403
-394
-376
-339
-314
-290
-253
-204
-192
-174
-136
-101
-63
-23
6
41
79
90
135
181
204
212
233
273
321
355
386
416
425
425
428
465
483
486
487
506
545
558
568
558
575
574
563
584
603
589
558
535
550
545
495
459
444
429
414
404
382
355
306
250
226
206
181
167
131
101
78
18
-37
-48
-73
-112
-159
-191
-218
-242
-284
-323
-345
-386
-435
-469
-463
-455
-484
-520
-530
-536
-539
-535
-516
-513
-538
-574
-560
-500
-506
-518
-523
-535
-524
-516
-481
-427
-420
-426
-410
-351
-316
-309
-288
-257
-208
-180
-148
-98
-44
-19
2
50
118
153
155
172
228
289
322
343
354
382
389
414
460
504
505
486
496
548
593
577
528
505
496
488
485
483
473
433
386
367
364
326
260
196
169
165
114
64
29
-11
-57
-111
-113
-150
-220
-264
-277
-281
-304
-362
-421
-452
-469
-473
-476
-499
-543
-572
-581
-539
-512
-525
-553
-569
-563
-541
-504
-482
-491
-506
-507
-474
-428
-415
-410
-400
-387
-360
-321
-273
-254
-240
-228
-210
-188
-158
-131
-107
-85
-62
-7
7
30
73
137
163
181
222
262
287
312
361
396
398
374
389
449
472
471
496
520
517
501
536
557
542
521
501
518
520
486
463
450
399
356
318
299
264
213
162
132
107
53
13
-30
-72
-103
-145
-185
-197
-221
-267
-322
-371
-389
-405
-425
-447
-456
-495
-535
-545
-540
-523
-538
-553
-564
-556
-543
-540
-545
-534
-552
-564
-538
-504
-463
-468
-467
-449
-439
-422
-414
-355
-332
-324
-291
-252
-217
-212
-186
-163
-131
-113
-92
-47
-15
16
49
81
103
121
156
218
270
313
343
357
372
389
413
445
448
447
454
457
480
498
509
486
485
498
508
510
501
490
455
433
441
430
393
328
277
272
235
211
172
116
79
46
38
42
29
-19
-69
-108
-116
-110
-120
-156
-207
-248
-285
-300
-298
-321
-354
-392
-411
-384
-384
-365
-376
-409
-428
-445
-438
-412
-395
-398
-419
-438
-431
-410
-383
-380
-357
-351
-343
-291
-240
-204
-199
-206
-179
-137
-102
-60
-22
-1
5
28
72
114
133
137
160
203
232
269
301
319
332
359
392
428
435
440
455
464
475
465
440
421
397
386
386
390
376
344
324
293
289
276
236
207
182
170
148
120
102
71
31
-4
-21
-21
-58
-115
-142
-156
-172
-191
-208
-228
-267
-286
-298
-298
-308
-352
-379
-386
-387
-374
-379
-397
-423
-427
-421
-401
-389
-401
-405
-416
-412
-412
-410
-433
-454
-439
-397
-381
-361
-334
-322
-323
-305
-240
-212
-189
-187
-162
-102
-51
-10
14
47
63
84
136
189
221
246
277
331
390
416
445
472
492
530
549
556
566
586
605
612
621
615
595
563
576
594
593
561
512
498
484
453
432
407
353
278
227
221
191
152
89
34
17
-37
-64
-79
-120
-181
-231
-244
-253
-265
-303
-338
-358
-393
-414
-414
-413
-422
-453
-479
-489
-485
-468
-473
-475
-471
-462
-448
-424
-409
-412
-434
-448
-426
-401
-379
-371
-375
-362
-350
-329
-284
-252
-226
-208
-185
-138
-94
-67
-36
26
47
67
95
145
189
185
212
251
275
287
304
349
395
383
390
417
442
465
471
466
453
462
457
454
459
438
408
389
363
361
352
326
290
266
239
208
190
179
145
101
59
41
27
3
-34
-55
-110
-170
-180
-186
-175
-209
-266
-298
-318
-330
-342
-342
-368
-414
-450
-446
-427
-421
-453
-485
-497
-511
-488
-478
-473
-516
-551
-545
-503
-465
-441
-443
-448
-431
-408
-377
-348
-321
-310
-286
-253
-219
-165
-143
-147
-116
-50
3
52
83
106
134
167
218
266
293
298
336
370
399
416
421
429
440
456
489
503
503
484
472
466
475
496
472
459
439
433
413
396
357
324
301
290
287
275
257
213
189
181
157
124
76
30
9
-13
-30
-53
-92
-139
-176
-191
-178
-194
-233
-283
-317
-334
-334
-328
-352
-383
-434
-464
-456
-442
-454
-474
-509
-541
-546
-523
-514
-527
-545
-553
-535
-508
-475
-474
-470
-479
-460
-429
-408
-364
-333
-332
-313
-274
-234
-208
-187
-162
-119
-78
-42
3
32
62
93
151
197
224
265
291
291
337
387
421
439
432
455
467
496
513
521
506
481
482
512
528
519
498
482
460
443
429
419
405
362
330
307
302
275
245
221
173
141
115
88
61
35
0
-41
-66
-109
-133
-165
-185
-206
-240
-273
-298
-306
-323
-346
-362
-392
-434
-444
-438
-427
-430
-444
-466
-486
-507
-503
-500
-498
-483
-479
-474
-457
-422
-425
-432
-418
-384
-356
-341
-327
-290
-257
-249
-231
-196
-171
-167
-117
-51
-14
0
26
63
90
118
162
208
244
267
292
331
368
410
432
461
475
499
523
529
541
563
588
575
584
595
592
590
574
569
570
541
515
539
540
521
479
451
441
412
378
348
322
271
211
183
173
125
63
23
-9
-48
-98
-119
-134
-188
-248
-277
-293
-330
-385
-420
-441
-456
-497
-509
-511
-503
-527
-546
-545
-549
-551
-570
-562
-553
-545
-541
-541
-520
-497
-489
-483
-462
-422
-394
-381
-363
-321
-299
-269
-239
-190
-155
-141
-118
-75
-19
23
52
82
110
145
179
221
276
313
329
344
382
430
458
460
483
503
519
518
528
555
555
555
565
577
573
557
557
571
586
567
554
546
546
537
515
506
491
444
396
364
345
318
270
241
219
190
152
110
87
45
-16
-62
-93
-104
-130
-163
-176
-207
-265
-295
-307
-308
-321
-348
-368
-364
-354
-355
-383
-383
-383
-406
-417
-409
-376
-377
-393
-384
-362
-360
-366
-347
-316
-299
-293
-275
-240
-212
-204
-186
-148
-116
-104
-103
-52
0
11
13
28
61
97
121
163
217
244
253
256
295
358
377
374
384
395
410
406
448
471
454
431
428
462
464
448
425
420
423
402
391
399
376
341
304
300
300
275
225
190
169
132
96
63
53
30
-7
-44
-57
-94
-154
-203
-214
-217
-235
-254
-278
-292
-306
-342
-370
-372
-384
-387
-405
-397
-382
-397
-415
-401
-394
-376
-387
-377
-348
-348
-354
-345
-314
-297
-300
-277
-245
-226
-204
-175
-139
-119
-99
-74
-34
-7
3
23
50
70
86
116
165
185
207
231
245
286
301
317
344
359
393
425
445
455
475
483
478
487
502
502
490
498
514
514
518
494
475
467
451
451
449
442
433
409
396
397
377
341
309
267
247
229
208
199
169
144
113
87
59
24
-9
-31
-57
-90
-103
-115
-134
-168
-190
-214
-226
-255
-270
-283
-317
-327
-339
-345
-342
-348
-372
-393
-406
-404
-393
-398
-386
-375
-371
-359
-340
-324
-318
-325
-327
-309
-279
-251
-217
-191
-178
-161
-161
-136
-107
-94
-73
-50
-3
39
61
82
120
138
148
164
193
228
245
248
271
293
302
312
324
341
361
381
407
420
412
398
394
394
389
375
379
371
357
350
341
343
318
282
239
242
238
224
200
169
159
137
117
104
74
44
22
4
-6
-31
-51
-81
-96
-114
-126
-140
-156
-162
-177
-198
-204
-213
-215
-228
-256
-252
-251
-271
-285
-295
-302
-287
-298
-300
-288
-272
-255
-243
-232
-229
-230
-220
-204
-183
-166
-141
-113
-103
-87
-60
-39
-24
-25
-19
20
56
71
93
106
130
155
171
171
190
219
233
254
262
276
279
277
289
307
337
347
346
355
352
331
310
310
311
289
275
283
279
274
253
240
224
205
188
170
164
153
126
81
51
43
34
7
-11
-16
-50
-83
-118
-132
-151
-181
-186
-185
-214
-248
-262
-255
-249
-246
-257
-262
-262
-269
-274
-280
-265
-257
-260
-260
-255
-247
-241
-228
-207
-185
-160
-134
-122
-114
-102
-89
-74
-56
-51
-43
-12
15
37
46
66
92
99
111
137
164
202
213
218
253
275
281
265
276
297
328
338
338
360
360
353
355
373
372
357
345
352
349
333
313
299
291
247
226
212
210
191
167
168
158
141
143
122
89
73
33
7
-6
-28
-34
-53
-87
-105
-124
-143
-145
-152
-163
-155
-167
-167
-175
-193
-173
-170
-161
-167
-172
-177
-169
-167
-174
-180
-187
-179
-188
-185
-180
-174
-164
-140
-130
-112
-93
-88
-66
-53
-39
-34
-25
-16
-19
-13
6
24
36
56
57
69
58
56
69
72
107
135
141
151
150
150
143
147
159
149
147
154
164
160
143
142
123
103
102
100
112
120
115
101
112
108
85
61
37
31
31
31
29
27
7
-5
-23
-36
-41
-54
-64
-70
-71
-79
-96
-90
-86
-106
-112
-105
-98
-102
-111
-117
-119
-125
-128
-121
-120
-119
-119
-108
-87
-79
-75
-65
-61
-36
-27
-27
-16
-32
-16
-13
-19
-11
4
7
31
39
49
65
60
73
80
80
80
96
114
113
99
103
111
105
90
89
99
107
115
132
149
141
127
127
142
139
125
126
141
147
135
119
100
84
68
63
82
89
73
62
71
68
67
63
46
35
31
20
23
27
8
1
-20
-38
-34
-18
-33
-33
-41
-53
-64
-85
-104
-112
-129
-142
-124
-124
-131
-159
-167
-171
-180
-212
-199
-177
-187
-187
-182
-158
-148
-155
-172
-162
-150
-140
-123
-117
-123
-134
-135
-124
-114
-122
-115
-82
-59
-50
-46
-25
-3
-13
-7
0
15
27
37
46
63
94
82
87
92
102
118
128
134
141
168
178
168
167
183
173
154
165
160
152
138
130
132
127
123
135
141
146
144
141
127
117
101
87
92
80
71
52
35
26
19
4
-20
-38
-37
-30
-29
-17
-16
-38
-58
-60
-72
-86
-82
-79
-91
-109
-117
-121
-108
-125
-129
-117
-97
-82
-86
-92
-106
-91
-91
-85
-95
-96
-54
-36
-33
-21
-22
-26
-42
-55
-33
-28
-31
-18
-4
21
36
37
26
12
9
28
62
76
78
73
60
70
59
36
55
67
89
113
129
145
155
155
141
145
141
143
143
138
130
138
119
105
91
66
74
71
59
68
79
62
53
21
14
19
7
-5
-10
-41
-62
-59
-93
-95
-117
-133
-140
-172
-184
-185
-192
-196
-199
-200
-215
-223
-223
-214
-222
-232
-233
-241
-226
-219
-210
-206
-203
-184
-161
-159
-163
-163
-156
-153
-145
-123
-103
-97
-87
-72
-60
-44
-35
-39
-31
-25
-19
-4
7
28
34
30
25
22
21
27
62
79
75
79
79
79
65
58
57
66
59
67
89
92
90
79
87
77
65
59
69
65
58
59
67
53
33
20
13
22
28
11
9
2
-6
-19
-46
-42
-32
-55
-67
-75
-105
-118
-143
-141
-138
-151
-168
-183
-179
-182
-180
-182
-185
-199
-197
-199
-181
-169
-172
-168
-183
-189
-183
-174
-164
-143
-133
-136
-122
-110
-74
-81
-99
-91
-86
-69
-63
-50
-32
-36
-32
-30
-17
8
-2
-5
5
28
38
31
48
54
52
49
54
38
35
28
11
28
17
20
24
15
6
12
30
45
53
55
62
61
70
52
37
30
32
31
17
7
5
20
3
-15
-30
-27
-21
-27
-14
-1
3
-4
-15
-28
-28
-34
-46
-68
-94
-108
-116
-103
-108
-122
-125
-116
-122
-129
-122
-105
-104
-120
-133
-139
-125
-115
-134
-131
-115
-109
-107
-108
-97
-81
-78
-86
-78
-60
-51
-63
-44
-45
-56
-69
-69
-52
-45
-33
-31
-28
-20
-19
-13
-6
-5
2
13
30
39
37
43
51
40
43
34
35
41
59
60
54
54
47
41
33
49
61
56
51
58
63
61
50
46
38
37
20
5
15
5
11
-2
-2
-2
-14
-18
-27
-36
-55
-76
-75
-73
-87
-92
-96
-90
-109
-125
-143
-139
-117
-129
-126
-119
-125
-114
-111
-105
-99
-114
-110
-106
-111
-104
-120
-134
-148
-143
-145
-148
-113
-115
-119
-108
-98
-65
-56
-61
-56
-55
-57
-88
-84
-76
-68
-65
-69
-54
-55
-54
-55
-30
-23
-15
-24
-34
-16
-8
-6
8
14
5
9
14
14
1
-6
-17
-21
-34
-32
-19
-9
-8
-14
-14
2
4
1
9
-6
6
6
-15
-11
-17
-31
-52
-74
-82
-84
-69
-72
-95
-84
-79
-90
-85
-68
-60
-63
-54
-46
-33
-40
-33
-33
-44
-49
-33
-18
-22
-18
-11
5
25
39
58
79
83
81
86
97
98
91
73
69
71
70
61
52
51
61
74
83
89
98
97
95
106
101
90
79
82
82
56
42
25
35
49
30
38
25
23
26
26
29
42
30
29
16
2
-9
-20
-10
-23
-23
-25
-24
-28
-20
-20
-23
-23
-31
-27
-21
8
3
1
-4
-5
1
-20
-25
-34
-29
-21
-23
-15
-9
-20
-33
-40
-22
-6
-13
-12
-2
3
-6
-3
0
3
4
-10
-15
14
11
0
13
17
31
30
27
39
46
54
52
62
58
59
62
63
53
57
45
32
42
40
34
39
45
64
70
46
47
50
55
52
40
33
37
35
25
21
12
2
-14
-23
-28
-30
-16
-17
-23
-37
-58
-59
-55
-60
-73
-88
-87
-76
-82
-76
-81
-84
-98
-118
-109
-104
-107
-102
-96
-87
-77
-78
-71
-58
-51
-39
-33
-32
-21
-5
-1
3
12
5
-5
-3
8
16
24
30
44
53
54
62
80
105
107
107
104
102
101
93
97
112
108
108
125
127
122
118
121
119
124
132
129
119
108
100
94
92
93
93
90
68
80
70
51
51
41
32
24
14
5
6
14
7
-2
8
-2
-31
-57
-49
-61
-69
-81
-82
-84
-113
-129
-126
-134
-150
-148
-135
-137
-155
-162
-159
-162
-178
-196
-212
-213
-205
-195
-184
-190
-198
-200
-201
-197
-187
-166
-154
-152
-159
-151
-133
-114
-99
-112
-104
-113
-101
-75
-69
-52
-59
-62
-65
-50
-19
-1
27
42
49
67
82
92
114
110
111
102
108
112
108
128
145
142
119
116
134
137
126
114
113
121
110
102
114
127
120
100
89
108
98
98
91
94
80
62
70
61
53
33
16
5
2
8
17
19
30
22
6
-10
-13
-31
-47
-54
-59
-38
-32
-31
-30
-42
-51
-55
-73
-66
-65
-63
-66
-50
-55
-72
-69
-62
-52
-67
-84
-69
-57
-57
-47
-44
-15
-7
-18
-12
-18
-10
-11
2
31
49
65
64
55
44
59
69
77
98
117
127
138
152
176
187
181
183
192
197
198
197
198
189
170
169
170
160
151
143
142
138
145
123
127
119
95
81
64
72
57
40
50
45
19
3
-4
-17
-28
-52
-58
-61
-79
-80
-79
-59
-48
-44
-49
-58
-65
-81
-104
-124
-99
-92
-81
-84
-87
-73
-82
-90
-86
-84
-85
-74
-73
-68
-65
-64
-48
-37
-27
-36
-39
-28
-19
8
15
37
55
51
53
80
91
104
116
125
126
138
145
147
156
154
140
153
179
192
201
209
217
216
216
228
229
235
239
232
253
247
247
247
253
263
249
227
220
210
199
194
197
204
200
183
154
132
110
92
75
64
59
58
53
48
32
32
11
-6
-26
-32
-46
-67
-57
-61
-58
-70
-86
-93
-102
-119
-119
-134
-132
-132
-131
-122
-115
-120
-113
-114
-127
-141
-136
-116
-107
-108
-100
-93
-94
-99
-115
-110
-107
-103
-99
-73
-60
-47
-48
-44
-31
-38
-23
-6
4
20
25
32
45
47
43
29
38
45
62
82
90
111
136
157
163
152
152
157
149
160
149
148
147
143
171
167
158
154
136
131
107
98
103
96
85
79
74
56
48
33
21
-3
-26
-33
-25
-27
-39
-59
-77
-87
-76
-92
-108
-99
-104
-107
-91
-78
-67
-89
-95
-88
-97
-109
-125
-117
-110
-115
-106
-97
-93
-89
-104
-106
-83
-77
-56
-42
-37
-34
-35
-29
-45
-43
-54
-37
-19
-16
-6
12
20
20
29
26
49
45
50
67
86
89
85
82
68
76
80
74
56
68
80
94
110
99
116
117
105
97
94
94
82
70
76
73
60
58
53
51
57
41
26
6
-7
2
2
5
-5
-21
-28
-27
-37
-48
-23
-29
-44
-39
-52
-43
-52
-57
-62
-53
-58
-67
-62
-57
-57
-68
-95
-91
-93
-101
-96
-90
-73
-73
-74
-83
-69
-65
-76
-71
-57
-50
-41
-35
-30
-23
-19
-16
-21
-34
-44
-40
-36
-17
-11
8
26
32
44
44
43
57
45
42
35
37
51
62
84
85
83
79
77
74
91
87
93
105
112
116
121
124
123
122
105
105
96
90
85
95
97
105
108
104
103
88
82
81
82
64
59
55
53
32
7
6
2
-14
-30
-41
-43
-31
-41
-44
-35
-13
-12
-20
-16
-17
-19
-26
-26
-39
-57
-67
-83
-93
-84
-74
-77
-76
-71
-82
-60
-56
-60
-50
-64
-73
-76
-77
-79
-79
-89
-89
-86
-91
-81
-79
-77
-81
-84
-75
-61
-49
-41
-34
-20
-17
-42
-32
-25
-46
-40
-36
-19
-20
-16
-3
10
30
21
32
34
27
26
34
46
58
57
55
60
57
56
52
36
41
36
30
41
56
64
53
60
61
80
77
53
31
33
20
2
2
0
-10
-16
-18
-29
-33
-50
-45
-48
-46
-33
-24
-3
0
-11
-30
-40
-47
-55
-69
-60
-66
-63
-59
-57
-38
-41
-46
-46
-20
-16
-10
-8
-1
-6
-21
-26
-29
-16
-24
-19
2
17
17
24
33
43
56
61
76
84
95
97
95
85
91
98
83
81
73
80
84
99
107
111
110
100
117
119
108
117
119
128
121
119
128
138
141
145
154
143
133
132
135
143
141
143
151
155
131
125
104
90
69
48
27
16
4
-11
-7
-23
-22
-32
-51
-65
-61
-62
-79
-75
-65
-62
-63
-77
-76
-74
-82
-96
-110
-112
-108
-108
-88
-79
-79
-74
-69
-61
-60
-50
-47
-43
-42
-45
-30
-21
-24
-25
-7
-10
0
10
24
41
42
40
50
55
67
83
84
86
87
103
101
100
101
98
97
110
101
108
112
120
132
135
143
136
136
122
107
89
78
72
68
70
74
79
76
72
66
56
58
40
29
46
37
25
39
22
6
-22
-41
-45
-65
-77
-86
-83
-93
-82
-89
-96
-93
-86
-88
-90
-99
-113
-104
-105
-110
-106
-96
-89
-100
-112
-117
-130
-130
-114
-113
-110
-114
-111
-92
-90
-100
-86
-73
-76
-93
-79
-72
-56
-47
-38
-28
-30
-24
-17
-3
19
26
38
57
54
61
57
60
56
47
52
67
73
71
77
76
57
45
39
21
24
24
39
23
28
40
37
21
3
0
-15
-20
-40
-36
-35
-42
-31
-23
-21
-22
-26
-33
-36
-43
-52
-59
-69
-81
-102
-106
-103
-112
-130
-139
-149
-146
-140
-150
-152
-173
-167
-168
-182
-197
-194
-184
-175
-185
-187
-175
-168
-158
-147
-140
-137
-134
-131
-131
-127
-106
-99
-86
-80
-83
-70
-78
-53
-50
-49
-42
-50
-41
-22
-7
-11
-17
-2
12
3
16
24
35
24
35
33
30
27
26
41
49
58
65
63
52
50
38
32
18
10
31
32
42
45
46
51
43
33
46
29
19
18
18
12
11
12
-14
-20
-22
-21
-24
-31
-33
-34
-22
-33
-65
-69
-71
-73
-69
-85
-93
-87
-77
-85
-82
-67
-64
-78
-86
-90
-80
-91
-106
-91
-81
-57
-52
-59
-38
-27
-33
-22
-16
-6
5
4
9
21
27
13
21
28
43
26
16
24
25
24
11
20
42
51
40
51
70
62
57
71
77
91
94
95
97
100
100
126
125
115
104
103
90
72
50
50
61
61
58
60
70
58
51
51
45
43
35
21
23
9
1
-5
-12
-40
-51
-66
-85
-67
-51
-62
-78
-93
-88
-86
-100
-103
-91
-95
-96
-96
-92
-92
-98
-89
-92
-94
-94
-93
-82
-96
-95
-82
-75
-66
-62
-63
-55
-44
-53
-44
-40
-38
-37
-41
-29
-20
-25
-12
-23
-29
-23
-31
-28
-14
11
18
6
0
1
0
-7
-20
-23
-8
-11
-23
-12
4
-10
-24
-27
-22
-5
-10
-10
8
19
13
-5
3
-1
-22
-30
-28
-43
-33
-33
-37
-32
-47
-34
-45
-42
-44
-33
-27
-24
-20
-19
1
-2
-25
-47
-49
-42
-27
-31
-38
-31
-22
-23
-51
-67
-72
-79
-98
-118
-86
-76
-78
-81
-85
-72
-70
-81
-103
-115
-132
-147
-157
-155
-149
-144
-150
-132
-117
-107
-109
-109
-108
-108
-107
-99
-92
-113
-95
-98
-98
-93
-102
-98
-94
-77
-69
-37
-40
-31
-35
-28
-38
-46
-38
-55
-44
-40
-39
-37
-22
-11
-28
-25
-15
-13
1
5
21
23
24
39
45
27
28
10
-4
3
13
6
3
21
7
11
7
2
16
11
21
9
12
13
15
22
26
23
25
29
7
4
-5
5
30
19
9
11
12
10
-10
-20
-12
-5
-7
-2
3
18
3
-22
-37
-42
-38
-61
-61
-39
-25
-35
-37
-37
-44
-52
-53
-47
-38
-29
-27
-18
-18
-2
14
15
31
44
60
78
87
88
89
87
100
111
107
116
119
116
111
96
91
95
70
49
38
35
29
11
-1
16
5
-11
-6
-7
-9
-20
-46
-45
-42
-46
-46
-34
-26
-23
-31
-38
-38
-39
-20
-8
-8
6
19
8
18
32
42
40
37
35
52
63
55
66
69
65
63
49
51
47
32
22
7
7
-3
-12
-8
2
15
12
13
16
5
-8
-7
-21
-25
-31
-36
-26
-30
-33
-39
-30
-25
-14
14
37
40
44
49
69
77
86
108
121
133
148
144
123
110
112
92
100
109
119
133
120
124
143
148
135
122
115
106
101
93
68
70
66
54
46
45
58
69
56
47
56
50
45
38
34
29
36
31
25
42
60
56
71
81
86
87
79
82
85
101
104
118
125
125
133
122
101
95
79
60
54
31
20
-3
-19
-24
-20
-15
-3
-4
-10
-7
-12
-12
-13
-18
-27
-41
-45
-49
-51
-34
-25
-26
-13
-11
-11
0
-2
7
12
8
10
12
-1
-2
-3
-3
-2
-9
-11
-17
-22
-21
-16
-19
-23
-32
-25
-38
-53
-44
-42
-53
-53
-50
-52
-45
-52
-56
-47
-43
-33
-21
-28
-27
-12
-6
7
28
33
39
31
28
38
58
73
71
80
94
97
92
84
71
57
44
52
69
81
110
112
96
79
74
80
78
80
94
103
103
99
104
92
78
60
47
54
52
75
79
90
101
103
120
125
121
133
119
96
73
74
65
73
79
78
81
70
70
57
59
64
46
45
59
61
61
50
48
26
-1
-21
-28
-42
-62
-50
-62
-64
-60
-58
-57
-60
-66
-67
-55
-58
-63
-56
-51
-46
-47
-60
-60
-56
-40
-15
-3
4
8
13
22
46
51
52
79
81
64
60
48
40
45
42
34
24
29
42
40
27
28
13
-1
-23
-39
-54
-68
-58
-73
-81
-82
-75
-70
-59
-60
-73
-72
-76
-78
-72
-76
-64
-53
-49
-25
-10
-4
-14
-17
-13
0
13
2
11
17
15
27
28
26
29
17
1
-7
-13
-26
-28
-22
-36
-49
-64
-71
-90
-99
-100
-120
-125
-129
-144
-155
-158
-145
-145
-153
-146
-137
-133
-119
-117
-118
-104
-99
-99
-81
-62
-43
-41
-25
5
15
44
54
59
66
63
80
89
76
77
83
102
109
111
92
82
81
63
62
78
76
76
67
45
45
37
19
3
9
10
-3
7
6
7
11
3
-7
-12
-13
-22
-29
-39
-41
-45
-53
-61
-54
-51
-50
-46
-50
-35
-41
-33
-49
-59
-77
-80
-86
-114
-127
-130
-120
-113
-105
-110
-95
-95
-104
-118
-123
-123
-116
-106
-106
-95
-92
-77
-57
-64
-62
-56
-55
-46
-30
-21
-24
0
-2
-5
1
-6
9
10
12
38
42
50
51
52
54
36
37
43
39
33
33
37
46
37
39
41
22
4
-8
-11
-30
-43
-46
-58
-56
-71
-69
-72
-86
-92
-106
-102
-111
-124
-127
-137
-147
-159
-169
-171
-176
-165
-148
-150
-134
-129
-123
-100
-107
-93
-92
-90
-84
-77
-78
-75
-67
-82
-85
-92
-81
-73
-76
-73
-60
-48
-59
-52
-45
-28
-22
-35
-35
-35
-39
-27
-23
-23
-3
-4
-2
4
18
20
35
43
49
53
58
80
69
66
63
57
47
50
63
68
68
69
84
92
91
84
82
75
71
77
97
122
115
112
117
99
95
71
75
65
42
34
18
18
29
35
36
35
36
50
51
61
66
67
58
45
40
29
20
15
12
6
8
11
11
19
16
22
29
15
2
-5
-12
-3
-10
-21
-28
-29
-27
-35
-43
-50
-40
-42
-33
-32
-39
-39
-36
-18
-19
-9
8
27
26
22
24
24
23
8
15
7
20
13
1
-11
-18
-9
-13
9
2
-2
-4
2
-12
-19
-20
-31
-21
-28
-42
-42
-30
-32
-17
-6
-18
-17
-5
1
8
23
30
19
13
-7
19
14
-14
-13
-19
-21
-23
-35
-38
-42
-56
-61
-73
-81
-65
-63
-53
-61
-65
-69
-81
-82
-87
-82
-81
-83
-81
-84
-70
-63
-67
-64
-74
-55
-30
-12
-22
-3
9
6
-10
-20
3
10
8
11
16
34
47
48
56
59
76
82
75
70
62
64
64
51
59
51
39
44
48
35
28
32
24
32
26
34
25
15
13
8
12
13
10
3
2
7
15
20
19
31
31
37
47
42
53
59
66
79
96
107
117
123
114
97
98
84
75
71
67
72
68
75
55
53
34
17
9
-15
-22
-19
-21
-31
-40
-45
-34
-34
-45
-61
-67
-68
-66
-83
-71
-60
-58
-54
-57
-46
-46
-47
-39
-41
-27
-17
-3
-12
3
9
4
18
29
21
23
33
38
58
80
76
78
83
79
79
80
78
58
46
38
42
27
7
8
21
16
-2
-5
-8
-13
-16
-21
-17
-10
-12
-16
2
23
27
29
24
32
37
30
44
45
42
51
45
20
0
0
-7
-1
3
9
18
21
21
20
-3
-8
-11
-18
-26
-30
-22
-11
-27
-27
-15
-13
-8
-13
-12
0
17
32
38
33
29
7
5
17
36
48
59
69
65
62
58
70
66
47
45
55
53
52
58
74
71
63
46
40
36
29
33
32
25
25
22
6
4
11
14
16
38
31
10
0
5
8
1
2
-3
-28
-22
-35
-55
-39
-44
-35
-35
-51
-44
-51
-66
-59
-58
-70
-36
-28
-11
7
7
20
12
-7
-21
-31
-44
-41
-37
-24
-29
-13
-17
-5
-3
-33
-34
-41
-49
-48
-54
-60
-87
-100
-80
-74
-60
-72
-84
-76
-70
-51
-53
-29
-25
-54
-47
-55
-61
-73
-84
-82
-79
-75
-59
-69
-56
-38
-43
-42
-52
-41
-32
-33
-32
-29
-18
-22
-23
-18
-19
-18
-16
4
9
19
2
-3
-6
-8
-5
6
21
24
44
70
69
65
70
77
78
68
59
72
76
76
83
87
90
105
96
96
83
57
54
40
35
28
29
26
23
12
12
14
0
-11
4
2
0
-9
1
5
3
7
2
10
-17
-19
-17
-25
-33
-39
-27
-23
-26
-29
-29
-17
-27
-36
-38
-33
-33
-37
-17
-23
-25
-19
-24
-33
-44
-51
-45
-54
-63
-51
-45
-42
-45
-38
-25
-18
-35
-14
-4
-7
16
19
20
18
9
-6
8
14
17
20
21
20
12
-11
-29
-24
-34
-19
0
10
0
-16
-9
-14
-12
-19
-11
10
13
27
35
41
38
36
27
21
24
34
47
46
37
26
25
38
45
43
64
84
84
80
89
92
87
91
99
113
122
115
108
92
72
66
53
66
63
61
59
36
42
45
45
39
19
25
21
13
30
21
14
15
21
10
4
21
40
58
68
66
70
60
50
45
43
51
44
44
68
64
65
72
76
69
57
40
43
28
10
15
19
17
8
-3
-6
0
-6
6
0
-21
-25
-29
-26
-14
-20
-33
-37
-44
-32
-33
-34
-28
-27
-20
-30
-37
-19
-7
-13
-4
0
-2
0
-14
-19
-29
-36
-34
-33
-27
-29
-39
-36
-11
-16
-17
-8
-12
-15
-13
-10
-8
-1
15
13
14
2
-4
15
14
20
12
5
-6
-7
-16
-21
-13
-29
-26
-26
-17
-10
-9
-8
-19
1
14
15
17
14
7
13
14
3
3
12
29
29
29
10
0
6
4
-9
-9
-12
4
9
11
28
26
36
32
16
9
12
10
8
6
6
12
19
15
6
-1
8
1
-5
2
13
39
51
59
70
91
80
68
74
89
89
79
89
77
68
62
59
63
57
57
71
70
57
45
49
44
24
10
14
24
18
14
13
-7
-18
-16
-41
-56
-63
-52
-35
-18
-12
-7
-7
-19
-24
-14
-7
-3
-3
-3
5
6
1
-7
-10
-9
1
0
1
6
7
14
17
15
-2
6
7
-6
-21
-19
-18
-32
-53
-51
-44
-48
-37
-41
-31
-24
-28
-11
0
-2
6
9
16
6
1
10
10
-5
10
19
25
14
9
22
25
27
28
18
-2
-11
-4
6
13
28
28
38
40
33
51
60
53
51
57
60
57
53
53
41
39
35
23
36
35
34
45
46
46
39
35
30
31
42
39
45
62
68
66
58
43
42
34
28
13
4
16
29
27
16
13
17
-2
-14
-8
-10
-12
-8
13
23
28
35
29
29
27
31
33
35
25
28
45
36
37
41
40
51
60
63
65
52
31
32
22
5
6
14
13
8
9
13
16
9
-4
-2
-8
-9
10
8
5
-6
-20
-21
-31
-56
-58
-59
-56
-46
-66
-63
-62
-78
-79
-80
-75
-76
-73
-83
-77
-59
-68
-68
-71
-70
-89
-110
-124
-123
-127
-131
-136
-136
-140
-141
-128
-127
-117
-127
-117
-117
-105
-99
-97
-101
-110
-95
-88
-79
-74
-74
-74
-71
-74
-63
-48
-49
-49
-49
-24
-13
-16
-20
-16
-17
-26
-28
-28
-21
-22
-6
-4
-5
5
2
-2
8
5
2
2
-12
-20
-36
-33
-21
-36
-47
-44
-42
-24
-16
-6
-4
2
8
22
27
35
39
29
36
19
5
-9
-24
-23
-32
-13
-7
-12
-13
-2
8
8
13
10
1
14
8
-4
-10
-18
-9
-25
-15
-4
-7
-9
-11
-18
-17
-21
-29
-31
-43
-43
-40
-28
-25
-19
-18
-37
-43
-57
-59
-61
-70
-53
-31
-15
-12
-1
-1
-20
-19
-18
-21
-28
-21
-23
-29
-42
-36
-41
-53
-52
-52
-48
-55
-52
-48
-49
-41
-41
-30
-22
-45
-62
-41
-46
-51
-49
-59
-67
-63
-51
-39
-34
-27
-24
-21
-15
-31
-25
-25
-19
-24
-22
1
21
20
11
13
9
3
-9
-9
-11
-13
-28
-33
-22
-27
-36
-39
-42
-40
-54
-56
-66
-84
-81
-83
-71
-71
-64
-65
-64
-53
-53
-55
-56
-62
-72
-56
-53
-49
-62
-65
-59
-56
-54
-49
-32
-30
-16
-9
-5
-12
-7
-7
-11
-19
-11
9
7
-1
-15
-8
-15
-26
-26
-18
-14
-17
-9
-10
-10
-11
4
7
-5
-17
-27
-29
-36
-38
-38
-43
-48
-52
-47
-42
-43
-41
-36
-31
-31
-24
-10
-16
-27
-24
-16
-24
-33
-30
-20
-19
-24
-37
-18
-10
5
7
21
28
7
14
26
28
29
37
35
40
38
47
67
59
69
84
90
94
86
73
62
56
48
59
31
6
3
7
-1
5
3
13
20
13
20
22
30
20
26
14
19
14
10
16
2
-9
6
9
20
19
23
26
19
12
26
42
46
47
56
68
68
59
26
31
21
10
21
28
42
49
42
44
34
22
18
2
-6
-9
-9
-10
-2
1
10
8
7
5
13
9
2
3
11
27
22
20
25
27
20
17
9
-4
-1
-5
10
21
26
40
33
21
19
36
40
30
12
12
25
33
42
47
51
46
44
36
29
43
43
47
45
49
61
61
51
46
41
28
41
41
44
56
58
59
70
57
68
83
93
93
92
108
117
128
105
101
108
113
121
120
128
133
131
133
125
104
91
82
75
82
93
91
97
81
54
46
54
60
53
55
59
72
67
70
69
72
64
67
67
60
74
66
63
74
78
85
77
86
81
76
75
72
76
64
61
56
44
31
26
27
37
44
53
62
57
45
44
41
42
39
44
33
41
40
43
46
27
28
16
22
22
5
4
-4
0
10
10
17
14
7
5
3
-4
-3
3
-4
0
-6
-10
-15
-13
-11
-8
-4
-16
-13
-10
-15
-22
-24
-35
-38
-39
-43
-40
-38
-37
-35
-20
-10
3
-2
-13
-11
-9
-2
-4
-13
-12
-2
6
15
7
14
28
26
26
43
51
55
67
82
95
93
94
91
94
109
126
133
145
133
142
141
113
106
105
102
84
84
98
106
112
102
93
100
82
80
78
72
73
72
65
69
87
84
65
65
52
50
63
57
56
59
55
48
47
50
54
44
29
31
24
22
15
7
12
13
16
14
13
22
14
11
18
13
21
22
24
25
21
1
5
6
1
15
9
20
20
7
1
-16
-23
-16
-15
-24
-31
-27
-32
-33
-38
-32
-37
-48
-57
