98
113
119
101
115
136
122
130
130
124
117
121
128
132
100
94
104
105
111
95
108
116
104
101
106
90
88
96
97
97
89
83
81
82
88
73
69
81
77
60
83
85
67
74
85
86
106
106
88
101
118
104
107
128
100
106
123
122
128
125
102
103
104
89
88
81
68
69
75
89
82
64
69
71
46
35
54
50
60
79
61
42
24
15
8
32
29
14
16
20
11
8
10
-3
11
25
18
5
11
4
-13
-9
-19
-26
-33
-29
-16
-26
-32
-30
-23
-37
-36
-13
-8
-10
-6
-17
-30
-20
-25
-27
-12
-18
-29
-8
14
14
5
9
3
14
11
17
20
4
15
22
32
41
38
33
53
60
58
77
88
100
101
106
100
101
116
125
114
124
107
96
120
126
128
145
154
158
153
126
130
138
125
130
150
143
146
140
139
146
153
155
156
158
164
181
185
184
193
197
191
202
191
191
179
163
162
143
133
122
124
127
121
137
146
137
127
130
124
116
125
118
125
110
94
96
86
80
75
74
82
82
74
81
82
85
86
74
81
71
71
83
86
63
70
86
78
82
87
94
106
124
105
95
94
90
84
96
106
108
119
139
166
154
136
126
139
122
110
127
113
102
122
112
93
108
103
109
89
61
63
74
69
78
82
72
78
85
84
81
60
48
49
52
54
42
40
34
50
54
53
44
28
28
30
41
55
56
46
65
61
55
61
58
54
51
36
53
78
66
68
102
115
124
155
161
171
178
181
194
180
157
166
179
178
182
200
221
237
228
233
236
226
213
216
209
193
187
176
173
174
165
161
156
151
150
146
144
140
139
120
137
134
123
119
116
119
129
132
130
122
97
94
91
90
91
102
96
103
93
86
81
82
57
43
55
38
33
51
33
13
18
25
35
19
3
-1
27
26
26
28
2
-9
-10
-14
-25
-23
-24
-14
-2
-12
10
30
21
25
31
23
28
14
4
-3
-18
-18
-7
8
6
9
22
16
19
33
41
42
33
15
2
7
21
15
19
29
30
36
47
54
47
54
57
54
34
21
18
25
11
3
40
30
18
26
20
34
38
34
34
43
47
56
49
30
28
24
29
19
14
29
35
18
17
31
18
17
20
11
8
3
21
43
35
29
39
34
17
17
24
26
22
27
33
35
51
50
65
85
71
63
59
86
73
90
93
73
81
87
85
100
94
87
112
101
97
107
98
84
112
98
99
133
143
147
156
138
132
148
141
136
136
126
125
144
137
135
135
124
112
113
111
104
107
99
103
91
69
57
60
62
59
51
55
42
32
49
24
17
23
3
3
15
-1
1
-6
-18
-10
-15
-24
-27
-17
-21
-23
-27
-9
-10
-19
-21
-23
-31
-39
-33
-32
-39
-41
-30
-44
-39
-41
-56
-51
-39
-37
-42
-25
-26
-29
-16
-18
-24
-9
-7
-20
-20
-36
-55
-44
-44
-56
-62
-49
-62
-59
-25
-25
-29
-32
-13
-5
2
-12
-14
-15
-16
-14
-16
-27
-29
-7
1
16
-2
-18
23
33
26
29
19
23
28
31
12
10
-1
-18
-3
-1
1
2
9
15
7
1
-12
8
28
0
9
16
-7
-21
-16
-31
-45
-51
-73
-85
-93
-106
-106
-99
-87
-75
-57
-50
-62
-60
-50
-71
-67
-52
-52
-55
-67
-63
-65
-53
-34
-35
-34
-31
-27
-2
4
-9
-15
1
-7
-29
-38
-55
-51
-62
-58
-65
-62
-52
-43
-43
-52
-53
-65
-53
-55
-61
-46
-45
-51
-38
-36
-48
-56
-61
-61
-53
-75
-84
-68
-66
-80
-71
-55
-65
-60
-84
-87
-88
-94
-91
-73
-61
-75
-67
-63
-46
-51
-42
-35
-22
0
8
-6
-10
-10
-13
-2
-3
-19
-30
-33
-27
-29
-46
-57
-51
-56
-55
-44
-71
-60
-55
-59
-57
-65
-64
-75
-66
-72
-71
-82
-80
-79
-115
-116
-113
-107
-130
-138
-134
-143
-147
-154
-138
-145
-149
-148
-140
-122
-122
-129
-148
-151
-126
-137
-147
-153
-158
-148
-135
-137
-146
-152
-146
-148
-166
-149
-146
-153
-124
-93
-101
-87
-91
-103
-107
-110
-124
-119
-113
-105
-88
-98
-102
-90
-67
-59
-52
-33
-34
-37
-38
-42
-29
-36
-34
-39
-32
-34
-38
-40
-35
-25
-38
-33
-22
-7
-24
-21
-25
-39
-28
-32
-41
-44
-36
-41
-44
-40
-59
-55
-64
-66
-75
-83
-90
-98
-105
-106
-122
-128
-129
-117
-116
-124
-139
-143
-140
-151
-157
-154
-135
-148
-143
-148
-146
-129
-140
-152
-148
-165
-163
-137
-141
-141
-129
-133
-143
-142
-127
-123
-130
-112
-112
-111
-119
-121
-128
-126
-123
-133
-131
-107
-81
-83
-71
-77
-66
-78
-84
-83
-83
-81
-87
-81
-99
-102
-102
-101
-100
-95
-108
-103
-100
-117
-128
-124
-124
-113
-98
-102
-98
-106
-132
-116
-104
-105
-99
-104
-116
-122
-130
-145
-140
-159
-176
-185
-189
-206
-211
-181
-176
-165
-165
-161
-136
-146
-153
-123
-121
-127
-109
-120
-147
-130
-135
-146
-136
-144
-151
-141
-122
-134
-126
-123
-122
-128
-126
-119
-117
-131
-149
-139
-142
-160
-154
-139
-137
-148
-133
-140
-158
-138
-148
-164
-151
-153
-177
-163
-145
-172
-160
-152
-161
-164
-162
-163
-163
-147
-165
-150
-150
-173
-206
-205
-214
-230
-207
-202
-195
-185
-179
-184
-174
-184
-199
-178
-184
-191
-171
-163
-187
-190
-155
-159
-145
-141
-149
-148
-131
-146
-151
-123
-140
-146
-132
-134
-138
-121
-127
-130
-100
-113
-136
-111
-111
-118
-101
-100
-114
-85
-74
-94
-90
-94
-97
-78
-86
-105
-89
-88
-88
-65
-64
-73
-86
-104
-102
-83
-109
-109
-100
-102
-114
-127
-126
-130
-149
-162
-148
-153
-159
-139
-126
-126
-126
-135
-133
-127
-131
-133
-125
-143
-146
-127
-126
-150
-156
-146
-138
-138
-147
-131
-136
-123
-131
-153
-134
-134
-144
-135
-116
-134
-148
-129
-130
-106
-78
-74
-63
-60
-57
-54
-53
-35
-32
-44
-16
-37
-53
-25
-21
-6
-3
-5
-9
-9
-5
-4
-16
-23
-25
-35
-45
-65
-84
-71
-81
-86
-82
-77
-108
-111
-108
-134
-120
-128
-150
-136
-157
-168
-143
-145
-144
-130
-126
-140
-138
-155
-168
-156
-153
-158
-133
-130
-144
-145
-138
-141
-139
-125
-114
-94
-93
-72
-66
-96
-88
-86
-75
-63
-49
-62
-60
-47
-52
-41
-52
-65
-58
-59
-76
-59
-48
-69
-37
-37
-45
-21
-25
-42
-53
-70
-84
-78
-83
-90
-93
-82
-82
-79
-72
-85
-79
-72
-87
-70
-57
-79
-69
-73
-88
-74
-62
-75
-94
-93
-122
-124
-89
-96
-121
-98
-94
-111
-94
-79
-62
-47
-34
-23
-12
-7
-12
-5
-18
-15
-8
-9
-9
-5
-13
-11
6
7
-20
-6
11
-15
-13
5
-21
-21
-8
-15
-13
7
-8
-10
0
-19
-26
16
19
4
14
22
20
17
28
35
47
41
20
28
44
31
34
43
45
50
58
46
43
29
7
0
3
-5
1
18
-4
-20
-20
2
2
2
-10
-4
10
1
-2
-19
-16
-19
-12
-2
-19
-17
-13
-9
-14
-3
-21
-14
0
-4
-5
7
12
2
16
12
4
1
4
-2
-4
-8
2
5
8
7
3
2
-7
-7
-5
2
-2
3
27
16
-10
-30
-28
-24
-17
-5
2
15
17
33
48
48
47
56
67
66
73
80
62
47
46
28
29
40
23
28
38
26
30
36
18
6
21
23
14
18
6
-3
5
-6
-24
4
15
10
25
37
37
33
59
44
35
37
33
21
24
17
18
35
28
33
37
44
32
26
28
18
23
26
29
33
26
40
28
39
33
30
66
77
79
88
94
90
80
99
103
98
101
90
79
79
75
61
81
84
73
75
78
68
50
57
53
26
33
51
44
58
35
11
17
5
-14
-14
-16
-19
-11
-13
-9
-17
-29
-25
-12
-18
-13
-17
-23
-35
-41
-35
-16
-16
-17
-16
-24
-18
-16
-12
-14
-10
-16
-17
-21
-32
-16
-25
-20
-16
-11
5
11
-11
-5
-6
-31
-23
-21
-11
0
-8
-20
-35
-36
-41
-39
-17
-10
-2
-6
-11
-15
-31
-28
-24
-20
-14
-13
-16
-8
1
21
44
21
21
11
3
-1
2
-4
-18
-1
-2
14
26
17
26
22
20
17
18
-1
-1
-2
7
19
10
28
46
41
31
41
33
50
79
58
70
63
42
64
62
44
36
48
48
41
49
62
75
55
38
55
41
29
31
23
6
24
23
9
23
-3
-19
2
9
-9
20
24
12
14
8
-18
-29
-43
-57
-43
-53
-35
-30
-45
-34
-23
-49
-35
-24
-43
-48
-26
-55
-63
-53
-70
-58
-45
-64
-78
-60
-65
-57
-32
-33
-38
-19
-21
-39
-31
-33
-47
-32
-47
-53
-35
-44
-33
-6
-2
-6
8
27
21
20
36
34
40
58
46
48
73
72
60
77
78
53
64
62
56
92
93
75
127
127
87
114
115
75
91
105
85
104
126
116
106
113
102
100
131
109
88
89
83
53
54
60
46
60
41
11
26
37
8
52
61
18
53
60
32
60
62
39
62
71
46
47
27
-11
-10
-21
-35
-17
-31
-47
-21
-7
-12
5
16
-13
-12
4
-9
-7
10
-20
-21
13
-7
-15
-2
-11
-7
19
3
-26
-7
-6
16
19
-8
7
6
11
26
0
7
20
21
34
31
7
13
45
17
11
11
-32
-25
-16
-16
-13
-20
-25
-15
-31
-19
-15
-26
-15
-31
-25
-26
-31
-55
-53
-49
-83
-68
-55
-60
-53
-60
-97
-97
-78
-80
-79
-80
-90
-88
-73
-73
-91
-104
-98
-91
-68
-46
-31
-23
-25
-15
-10
-7
-1
12
15
8
13
-3
-17
-3
1
10
3
-5
12
-8
-3
6
-16
-28
-9
17
18
24
15
23
26
20
25
34
32
38
44
44
49
36
32
45
47
49
40
18
22
9
17
17
2
-6
-5
-12
-16
-21
-12
-3
9
31
21
10
17
4
0
32
31
14
40
53
51
71
52
57
74
59
73
95
76
85
102
73
85
104
87
86
88
58
71
87
52
51
69
68
61
71
68
56
64
60
44
41
30
21
37
54
29
10
31
5
-8
12
-14
-4
14
-5
1
25
-9
-26
-11
-54
-73
-62
-53
-61
-46
-44
-48
-46
-59
-58
-39
-33
-49
-32
-28
-58
-49
-38
-61
-40
-39
-46
-35
-13
-43
-48
-37
-44
-37
-20
-21
-38
-25
-35
-19
-13
-4
10
14
4
-8
17
26
-5
19
35
20
6
3
14
26
30
15
36
27
-1
7
23
6
20
11
2
13
-2
4
27
17
13
23
16
32
22
17
33
22
15
24
-5
-12
7
-9
3
19
12
19
36
30
28
59
41
26
44
40
43
48
34
40
45
40
61
52
35
47
68
93
96
89
110
117
110
111
121
106
104
132
112
116
120
97
111
112
118
125
129
112
78
103
108
84
90
98
65
64
84
68
69
79
44
46
62
30
15
38
9
-10
1
-13
-32
-40
-33
-35
-28
-44
-58
-61
-59
-70
-69
-47
-49
-63
-41
-30
-35
-48
-55
-53
-46
-49
-45
-37
-34
-32
-25
-20
-25
-39
-36
-26
-32
-21
-20
-23
-3
-16
-28
-12
-12
-19
2
11
-7
1
20
28
31
25
10
16
6
1
10
-3
-4
18
31
36
36
40
42
39
28
36
33
40
43
27
27
39
39
29
38
49
37
33
41
17
27
41
24
31
36
21
40
30
17
36
28
26
38
36
51
37
23
40
37
33
32
50
48
49
52
58
45
54
68
70
87
97
112
124
127
132
144
152
151
151
171
166
164
165
153
165
155
117
128
124
103
115
126
121
133
128
113
148
141
128
147
132
113
112
104
113
114
96
91
108
83
85
104
79
72
79
68
68
95
70
64
74
36
14
32
29
14
14
1
-4
-6
11
11
17
3
3
-1
-16
-4
-4
-19
-32
-35
-41
-27
-31
-36
-20
-6
-19
-18
-10
-5
-20
-4
11
15
17
3
20
20
13
17
22
18
40
16
25
45
34
34
72
51
18
52
50
32
57
53
37
47
29
22
44
58
42
51
46
37
51
53
41
53
46
36
56
40
42
29
26
35
34
42
34
45
40
19
17
20
21
-2
5
9
-30
-25
-2
-14
2
6
-40
-20
-11
-12
13
6
14
38
48
28
40
54
44
59
79
57
51
78
89
93
102
77
80
116
97
69
110
127
84
123
149
97
132
162
135
141
131
100
116
111
92
114
113
83
84
108
76
61
64
48
55
73
64
69
72
49
55
67
50
58
99
84
89
120
92
77
87
46
43
73
47
49
49
31
32
48
39
24
36
25
31
43
30
37
42
47
60
26
18
34
22
19
31
11
24
28
4
2
-16
-34
-38
-27
-33
-34
-41
-42
-41
-52
-55
-49
-48
-52
-65
-77
-66
-69
-80
-80
-91
-94
-95
-100
-78
-49
-52
-47
-39
-35
-27
-21
-25
-21
-10
14
20
17
-1
-13
-1
-1
0
-11
-12
7
-4
6
4
7
19
30
36
21
15
8
9
20
23
5
20
23
16
19
34
17
28
45
8
4
27
2
-17
12
19
24
25
21
21
38
51
77
93
78
93
97
91
122
120
106
112
106
104
128
132
120
126
136
133
140
128
114
133
116
121
133
115
105
107
78
52
63
43
29
68
52
34
54
58
53
82
76
55
70
69
69
114
116
78
104
81
70
77
59
74
90
91
86
85
69
77
105
103
93
82
77
58
62
60
50
57
84
71
55
65
44
54
79
63
48
60
52
47
72
75
62
89
99
78
87
72
59
85
66
52
82
60
50
57
53
36
33
46
25
30
42
42
39
59
62
67
76
62
54
57
63
56
66
75
64
66
67
54
52
74
61
61
75
51
65
67
40
43
42
29
36
52
32
38
47
44
66
74
70
77
76
52
71
62
49
56
34
31
48
52
42
48
45
42
40
50
65
49
62
76
79
99
120
118
127
116
91
113
120
106
129
132
112
124
129
122
135
131
130
140
133
130
142
140
146
133
134
141
121
105
120
132
131
132
121
136
133
115
116
135
144
146
122
117
125
121
142
158
132
133
136
93
105
111
65
77
106
78
88
87
34
52
76
68
78
92
62
59
82
70
59
78
66
40
51
67
46
52
66
24
31
37
30
26
34
17
26
36
37
32
40
42
25
30
45
48
35
39
49
66
70
68
50
68
73
59
74
83
71
75
86
52
54
45
67
76
62
89
79
71
59
49
27
14
20
4
21
21
9
35
14
6
31
24
11
23
28
9
33
21
19
62
40
23
34
37
22
40
58
58
60
79
70
51
54
58
60
59
83
81
78
89
93
102
98
94
112
121
125
140
141
136
136
155
154
175
178
168
171
157
157
152
150
158
139
138
139
134
130
118
113
110
115
130
123
123
127
112
101
105
98
81
78
69
73
74
55
72
72
58
77
82
51
45
51
38
66
64
27
39
27
7
13
6
-16
-4
-3
-28
1
-1
-16
19
20
-10
18
19
-14
0
7
-7
-16
-7
-25
-20
7
-4
-15
12
0
-32
-9
-16
-26
-18
-23
-22
-19
-9
-6
-6
-36
-21
-5
-31
-20
-16
-21
-22
-20
-25
-21
-28
-52
-50
-38
-36
-35
-42
-44
-45
-43
-25
-41
-60
-68
-68
-76
-82
-67
-70
-68
-69
-83
-49
-40
-41
-16
-23
-26
-21
-29
-13
-4
-12
12
23
16
30
46
28
38
36
29
68
74
68
71
43
8
17
22
19
16
-4
12
42
37
40
26
15
20
20
11
9
3
-6
25
27
20
15
22
18
5
-12
-12
5
15
12
-2
-15
-23
-36
-41
-37
-34
-14
-27
-43
-40
-43
-27
-45
-60
-62
-68
-75
-106
-101
-95
-96
-102
-91
-104
-105
-69
-70
-72
-70
-59
-64
-63
-76
-62
-56
-57
-63
-60
-60
-58
-50
-52
-41
-34
-41
-58
-52
-67
-49
-46
-75
-61
-54
-45
-24
-25
-32
-17
-2
7
5
-7
-8
-6
-7
-11
-2
-6
-30
-44
-36
-21
-33
-19
4
-11
-24
-22
-42
-63
-55
-58
-74
-95
-95
-100
-112
-116
-115
-131
-122
-125
-156
-137
-133
-148
-137
-150
-150
-147
-172
-169
-161
-164
-153
-143
-150
-151
-162
-150
-145
-140
-153
-151
-146
-126
-103
-112
-129
-138
-151
-150
-129
-136
-138
-134
-122
-124
-118
-120
-109
-113
-123
-108
-116
-87
-68
-81
-72
-64
-72
-77
-50
-64
-60
-48
-72
-63
-60
-58
-57
-49
-62
-67
-49
-56
-56
-42
-34
-38
-44
-37
-28
-56
-61
-58
-70
-87
-102
-127
-133
-137
-149
-163
-150
-159
-164
-161
-166
-185
-183
-167
-168
-149
-154
-159
-167
-165
-165
-154
-152
-161
-156
-158
-178
-164
-144
-157
-165
-156
-164
-169
-200
-189
-174
-190
-184
-162
-184
-196
-160
-162
-154
-135
-153
-149
-128
-135
-137
-119
-127
-126
-92
-93
-96
-94
-103
-103
-87
-73
-74
-74
-75
-85
-103
-86
-91
-105
-88
-72
-85
-83
-79
-86
-88
-109
-134
-130
-122
-121
-130
-144
-147
-146
-157
-169
-164
-164
-163
-147
-154
-148
-158
-160
-166
-162
-157
-170
-167
-179
-176
-163
-178
-195
-191
-196
-200
-204
-217
-223
-215
-223
-212
-209
-189
-185
-209
-192
-183
-197
-183
-176
-198
-174
-151
-128
-117
-126
-123
-119
-103
-116
-118
-112
-119
-120
-114
-106
-98
-108
-105
-99
-71
-87
-74
-43
-58
-66
-81
-83
-91
-72
-83
-97
-77
-75
-82
-54
-50
-53
-24
-20
-17
13
7
-26
-6
-24
-56
-52
-68
-66
-62
-75
-91
-80
-72
-63
-60
-88
-101
-107
-96
-92
-114
-117
-123
-146
-118
-128
-151
-137
-128
-102
-99
-118
-138
-115
-121
-115
-87
-88
-89
-70
-88
-68
-40
-65
-61
-56
-77
-98
-81
-71
-65
-53
-63
-88
-103
-104
-114
-99
-96
-100
-88
-93
-118
-119
-122
-134
-147
-132
-143
-148
-142
-162
-149
-122
-122
-126
-116
-120
-119
-122
-122
-102
-84
-91
-83
-83
-81
-82
-87
-90
-111
-125
-116
-115
-115
-113
-116
-116
-123
-110
-105
-105
-95
-64
-65
-72
-63
-66
-68
-58
-57
-52
-22
-5
0
14
16
18
31
30
38
6
1
6
-5
-13
-14
-13
-17
-7
-4
-3
3
3
-11
-23
-26
-27
-35
-47
-46
-28
-19
-16
-19
-25
-23
-43
-69
-81
-70
-71
-44
-30
-39
-32
-32
-32
-41
-73
-78
-78
-86
-78
-73
-73
-91
-79
-68
-68
-76
-70
-78
-55
-46
-50
-31
-33
-19
-11
-3
-4
8
11
25
35
20
22
27
35
59
68
51
49
59
45
50
65
39
45
43
31
44
45
40
43
29
26
27
29
29
37
52
26
30
22
5
26
32
34
45
33
10
12
25
17
11
0
-11
-27
-29
-40
-64
-67
-85
-96
-88
-74
-77
-72
-84
-101
-101
-112
-108
-105
-100
-86
-79
-83
-98
-103
-100
-113
-99
-105
-94
-89
-100
-97
-103
-93
-99
-90
-69
-45
-47
-43
-36
-47
-37
-36
-25
-26
-20
-2
-1
4
9
21
33
37
28
31
48
64
77
87
87
95
115
128
130
155
159
157
165
163
176
167
166
147
137
130
138
157
134
135
139
145
141
144
128
127
142
149
145
132
120
121
95
104
80
66
35
33
-13
-42
-73
-122
-143
-580
-930
-1155
-844
-352
252
474
508
-202
-1264
-2403
-2920
-2498
-1020
527
1414
1328
309
-1297
-2870
-3825
-3402
-1799
314
1783
1734
589
-815
-1460
-1326
-638
103
1035
1710
2032
1844
1495
1180
1029
1178
1366
1417
1577
1579
1625
1971
2212
2156
1709
954
437
446
750
1152
1101
846
310
-5
-62
-56
-262
-263
-309
-151
-278
-572
-1117
-1224
-1097
-931
-873
-983
-1168
-1324
-1283
-1492
-1820
-1940
-1984
-1697
-1459
-1421
-1486
-1592
-1464
-1384
-1211
-1148
-899
-613
-524
-687
-952
-1104
-495
259
890
1217
1211
1298
1430
1433
1403
1583
2211
3055
3758
4019
3909
3975
3914
3844
3413
3018
3234
3383
3547
3343
2929
2759
2463
2119
1492
1074
683
445
202
-214
-548
-776
-893
-1279
-1724
-2319
-2624
-2570
-2699
-2762
-2953
-2970
-2751
-2574
-2455
-2349
-2184
-2042
-2099
-2255
-2369
-2235
-1889
-1474
-1252
-1160
-1192
-1186
-1384
-1784
-1974
-2389
-2248
-2111
-2012
-1639
-1534
-1269
-1168
-1343
-1288
-1236
-869
-336
-4
160
472
787
1245
1911
2405
2972
3431
3587
3752
3953
4394
5080
5553
5827
5793
5638
4963
4439
3984
3575
3896
3824
3604
3403
2931
2754
2365
1674
927
304
-455
-1092
-1702
-2377
-2459
-2628
-2819
-2948
-3494
-3881
-4149
-4376
-4484
-4374
-4143
-3841
-3452
-3420
-3157
-2688
-2176
-1658
-1446
-1340
-1126
-951
-801
-701
-579
-288
64
395
537
713
558
298
-179
-1049
-1698
-2200
-2305
-2102
-1932
-1722
-1571
-1312
-1145
-969
-858
-779
-680
-792
-870
-832
-299
431
1389
2306
2953
3658
3995
4482
4975
5447
5917
6310
6113
6170
5335
5164
4824
4659
4890
4531
4548
4285
3803
3434
2686
2094
1478
917
59
-561
-1208
-1674
-1747
-2442
-2598
-3396
-3746
-4328
-4737
-5041
-5198
-5107
-4947
-4827
-4575
-4483
-3910
-3502
-3082
-2881
-2643
-2509
-2197
-1951
-1734
-1285
-1067
-766
-480
-208
220
578
636
592
257
-95
-496
-805
-1095
-1209
-1434
-1576
-1714
-1589
-1353
-854
-488
-40
110
299
402
445
860
889
1617
1923
2906
3528
4577
5566
6402
7173
7045
6909
5620
5116
4366
4273
4524
4204
4496
4269
4199
3940
3223
3179
2390
2057
496
-503
-1692
-2127
-2406
-2751
-2786
-3202
-3246
-3735
-3912
-4052
-4093
-4019
-4449
-4927
-5339
-5424
-4905
-4429
-3776
-3346
-2859
-2657
-2417
-2405
-2053
-1847
-1762
-1929
-2076
-1986
-1572
-1165
-778
-445
-188
-233
-478
-827
-948
-1108
-1184
-1591
-1814
-1823
-1585
-1009
-544
111
607
1163
1677
1994
2470
2704
2946
3039
3211
3851
4758
6126
7132
8045
7844
7265
6620
5758
5893
5305
5220
4705
4324
3923
3434
3406
3433
3637
2953
1737
462
-859
-1433
-2257
-2754
-3377
-3789
-4373
-4706
-4784
-4679
-4029
-3969
-4024
-4583
-5081
-5238
-5110
-4935
-4733
-4478
-4345
-4103
-3947
-3510
-2803
-2393
-2254
-2564
-2647
-2694
-2466
-2449
-2298
-2068
-1934
-1912
-1862
-1691
-1326
-1080
-1108
-1327
-1403
-1313
-982
-603
-196
298
745
1303
1914
2846
3875
4743
5588
5656
6289
6635
7579
8324
8860
8720
7994
7464
6690
7157
6943
7155
6978
6441
5745
4756
4048
3631
3437
2651
1162
-4
-1660
-2012
-2893
-3121
-3637
-4034
-4899
-5523
-5970
-6057
-5542
-5603
-5704
-6227
-6632
-6761
-6550
-6282
-5888
-5452
-5321
-5192
-5050
-4679
-3885
-3453
-3215
-3482
-3511
-3459
-3096
-2833
-2374
-1989
-1762
-1784
-1795
-1557
-1197
-980
-901
-1098
-1006
-782
-333
147
696
1226
1732
2097
2631
3428
4412
5218
6041
6477
7098
7596
8268
9082
9836
9673
8951
8277
7474
7762
7469
7479
7174
6729
5841
5074
4132
3795
3634
2883
1500
255
-1309
-2017
-2976
-3643
-4355
-4907
-5950
-6623
-7081
-7044
-6544
-6427
-6578
-6957
-7343
-7485
-7288
-7130
-6686
-6438
-6330
-6291
-6031
-5491
-4555
-3943
-3499
-3473
-3262
-3138
-2839
-2723
-2303
-2125
-1891
-2066
-1795
-1421
-777
-378
-73
69
215
474
671
1105
1378
1931
2265
2788
3344
4304
5405
6173
7005
7472
8267
8686
9223
9699
9576
8824
8192
7226
7102
6787
6690
6630
6513
5851
5293
4456
3938
3601
2916
1495
94
-1379
-2385
-3167
-4005
-4413
-4910
-5479
-6275
-6562
-6716
-6403
-6392
-6363
-6694
-6878
-7135
-6842
-6787
-6282
-6025
-5690
-5576
-5279
-4818
-4036
-3552
-3160
-3116
-2961
-2862
-2591
-2469
-2159
-1922
-1911
-1959
-2036
-1614
-1244
-939
-773
-673
-636
-417
-124
455
841
1207
1421
1808
2137
3131
3844
4966
5628
6387
7107
7823
8494
9276
9420
8705
8242
7216
6909
6632
6314
6326
6169
5543
5151
4515
4325
4234
4025
2804
1626
179
-907
-1854
-2990
-3686
-4417
-5302
-5983
-6245
-5943
-5389
-5065
-4978
-5234
-5521
-5950
-5823
-6095
-5796
-5834
-5912
-6061
-5935
-5424
-4508
-3802
-3280
-3037
-3091
-2947
-2899
-2932
-2742
-2741
-2852
-3026
-3135
-2688
-2119
-1776
-1462
-1110
-1116
-763
-516
121
515
900
1094
1270
1830
2454
3712
4595
5606
6516
7400
8198
8908
9754
9665
8969
8556
7496
7688
7115
7302
7251
6979
6471
5868
5445
5105
5237
4791
3614
2521
913
68
-1167
-2177
-2780
-3798
-4689
-5817
-6014
-6195
-5678
-5537
-5547
-5615
-5998
-6121
-6075
-6211
-6043
-6268
-6465
-6857
-6686
-6372
-5672
-5057
-4651
-4375
-4183
-3810
-3435
-3127
-2836
-2811
-2966
-3282
-3370
-2973
-2552
-2142
-1863
-1539
-1412
-905
-192
716
1417
1900
2073
2151
2542
3111
4039
5154
5917
6984
7783
8567
9475
10249
9674
9634
8716
8208
8101
7364
7543
7307
6928
6262
5754
5245
5309
5456
4591
3861
2636
1256
368
-1284
-1993
-3109
-4002
-5356
-5990
-6399
-6303
-5952
-6001
-5829
-5994
-6333
-6154
-6249
-6052
-6127
-6348
-6861
-7148
-7058
-6872
-6085
-5710
-5160
-4976
-4547
-4055
-3610
-2986
-2639
-2651
-2809
-3277
-3084
-2986
-2697
-2442
-2082
-1904
-1508
-1003
-150
818
1405
2053
2427
2650
3257
3799
4469
5433
5961
7028
7741
8504
9700
9714
9666
9499
8777
8863
8008
7942
7590
7377
6685
6307
5881
5646
5980
5407
4694
3886
2580
1899
449
-447
-1363
-2371
-3669
-4916
-5373
-5951
-5608
-5853
-5736
-5695
-6063
-6079
-6169
-6204
-6128
-6429
-6751
-7356
-7313
-7506
-7097
-6755
-6496
-6083
-6046
-5520
-5136
-4562
-4017
-3690
-3521
-3693
-3574
-3354
-3149
-2889
-2676
-2289
-2236
-1784
-1197
-285
500
1314
2012
2641
3391
4221
4970
5818
6360
7011
7795
8284
9469
9982
9699
9963
9241
9308
8840
8370
8247
7958
7557
6780
6470
5999
6167
6096
5253
4808
3598
2936
1819
583
-102
-1312
-2294
-3873
-4552
-5252
-5197
-5284
-5341
-5182
-5431
-5559
-5591
-5885
-5750
-6100
-6362
-7124
-7407
-7707
-7748
-7484
-7396
-6957
-6919
-6498
-6152
-5696
-5144
-4715
-4462
-4486
-4606
-4337
-4261
-3924
-3745
-3172
-2903
-2298
-1658
-566
253
1079
1871
2460
3247
4039
4913
5804
6708
7473
8414
8866
9730
10391
10038
10275
9531
9412
9111
8360
8394
7804
7521
6719
6299
5920
5820
5925
5002
4834
3676
2989
1955
470
-150
-1403
-2163
-3565
-4228
-4842
-5058
-5066
-5129
-4746
-4837
-4778
-4726
-5012
-4757
-5225
-5437
-6088
-6531
-6843
-7076
-6969
-6961
-6618
-6683
-6330
-5962
-5660
-5108
-4803
-4506
-4528
-4692
-4580
-4525
-4336
-4149
-3802
-3618
-3167
-2667
-1638
-735
332
1332
2330
3076
3883
4710
5501
6478
7222
8280
8825
9697
9654
9725
9745
9186
9453
8750
8537
8308
7838
7461
6730
6441
5981
5897
5346
4666
4396
3298
2946
1544
803
-114
-1029
-2015
-3135
-3778
-4319
-4652
-4967
-4996
-4717
-4787
-4582
-4628
-4483
-4178
-4532
-4597
-5160
-5584
-6067
-6418
-6611
-6566
-6614
-6562
-6326
-6098
-5717
-5123
-4825
-4339
-4298
-4284
-4176
-4324
-4285
-4206
-4191
-4084
-3789
-3272
-2292
-1474
-276
713
1920
2604
3663
4418
5380
6345
7116
8008
8655
8974
8752
9087
8733
8968
8803
8311
8171
7859
7410
7237
6748
6660
6308
6143
5060
4750
3958
3455
2600
1513
709
-318
-1159
-2200
-2739
-3275
-3484
-3898
-4022
-3993
-3736
-3811
-3568
-3704
-3489
-3758
-4036
-4375
-4687
-5093
-5439
-5796
-5975
-6142
-6232
-6152
-6006
-5892
-5653
-5313
-5162
-4877
-4860
-4654
-4772
-4862
-4966
-4960
-4929
-4807
-4467
-3827
-3219
-2281
-1308
-207
906
1972
3036
3993
4944
5819
6923
7700
8581
8261
8677
8604
8613
8978
8472
8545
8354
8074
7570
7380
7181
7063
7077
6168
5474
4976
3962
3538
2155
1623
413
-320
-1661
-2233
-2751
-2992
-3290
-3633
-3680
-3705
-3772
-3545
-3459
-3171
-3184
-3443
-3750
-4040
-4301
-4623
-4805
-5211
-5299
-5798
-5791
-5806
-5553
-5330
-5022
-4843
-4702
-4715
-4579
-4511
-4572
-4725
-4790
-5062
-5048
-4991
-4546
-4043
-3418
-2496
-1567
-485
454
1806
2822
4103
4887
5974
6764
7480
7403
7942
7794
8029
8218
8167
8183
8189
8043
7831
7666
7502
7583
7577
6969
6470
6032
5244
4674
3350
2656
1342
568
-947
-1578
-2386
-2576
-3039
-3245
-3335
-3303
-3471
-3348
-3348
-3029
-3092
-3300
-3679
-3997
-4448
-4818
-4997
-5365
-5309
-5729
-5740
-5642
-5456
-5086
-4701
-4444
-4217
-4184
-4096
-4134
-4118
-4302
-4272
-4604
-4652
-4758
-4503
-4157
-3612
-2830
-1889
-961
-61
1052
1996
3086
4107
4943
5800
6271
6170
6689
6575
6871
6915
6909
6960
6989
6959
6906
7027
7190
7358
7541
6958
6788
6237
5812
5002
4114
3287
2198
1259
21
-592
-1411
-1734
-2200
-2416
-2461
-2536
-2623
-2528
-2610
-2544
-2824
-3057
-3642
-3888
-4596
-4943
-5364
-5614
-5868
-6032
-6083
-5926
-5809
-5428
-5159
-4755
-4504
-4369
-4143
-4031
-4062
-4017
-3999
-4205
-4184
-4238
-3866
-3544
-3097
-2423
-1507
-774
390
1308
2528
3541
4529
5268
5901
5621
5806
5782
5666
5952
5750
5963
5874
5924
5856
6083
6272
6655
6922
6750
6456
6410
5929
5747
4759
4312
3163
2255
995
249
-391
-874
-1206
-1617
-1633
-1655
-1688
-1502
-1504
-1394
-1544
-1955
-2435
-3018
-3550
-4356
-4790
-5400
-5688
-6194
-6402
-6371
-6222
-5976
-5643
-5370
-4889
-4872
-4618
-4512
-4430
-4590
-4514
-4760
-4820
-4803
-4514
-4048
-3526
-2939
-1866
-1055
23
994
2001
3193
3885
4875
5474
5741
5386
5723
5299
5590
5544
5431
5560
5384
5241
5361
5482
5824
6214
6481
5929
5936
5427
5218
4584
3771
3193
2132
1256
198
-86
-597
-686
-1023
-1242
-1267
-1358
-1326
-1008
-1028
-713
-1018
-1322
-1966
-2331
-2981
-3392
-4010
-4403
-4855
-5464
-5627
-5593
-5539
-5277
-5200
-4983
-4870
-4861
-4731
-4598
-4693
-4802
-4816
-5131
-5124
-5049
-4644
-4182
-3596
-2950
-1918
-1081
-3
1122
2269
3288
4169
4953
5593
5365
5491
5447
5175
5269
5008
5034
4910
4917
4726
4937
5146
5366
5875
5764
5515
5405
5011
4717
3802
3421
2461
1778
672
-25
-424
-774
-846
-1087
-1005
-996
-1068
-858
-860
-672
-602
-804
-1195
-1651
-2052
-2647
-2967
-3477
-3746
-4271
-4747
-4911
-4995
-4910
-4690
-4577
-4255
-4308
-4150
-4112
-4048
-4346
-4367
-4683
-4844
-4983
-4945
-4616
-4213
-3653
-2823
-1888
-1068
107
1099
2333
3379
4243
5092
5284
5074
5327
4947
5070
4811
4704
4509
4218
3998
3848
4138
4208
4784
4944
4811
4741
4597
4500
4134
3513
3011
2009
1228
21
-381
-1009
-1053
-1339
-1306
-1200
-1139
-889
-495
-317
35
-34
-273
-774
-1204
-1838
-2317
-2951
-3499
-3874
-4491
-4658
-4805
-4707
-4474
-4275
-4027
-3863
-3894
-3641
-3606
-3673
-3999
-4179
-4676
-4919
-5230
-5120
-4852
-4514
-3916
-3032
-2073
-896
122
1434
2501
3565
4415
5005
4872
4991
4856
4627
4597
4166
4134
3759
3562
3331
3480
3697
4117
4505
4476
4482
4461
4283
4171
3482
3149
2284
1540
376
-259
-816
-1183
-1321
-1466
-1317
-1156
-903
-404
-11
478
757
749
499
45
-462
-1175
-1684
-2430
-2867
-3686
-4114
-4318
-4292
-4131
-3880
-3543
-3307
-3147
-2918
-2752
-2643
-2996
-3205
-3828
-4465
-5040
-5322
-5359
-5204
-4823
-4054
-3210
-2085
-859
431
1727
2806
3796
4513
4382
4463
4415
4086
4076
3610
3548
3198
3005
2795
3015
3382
3807
4495
4629
4649
4754
4555
4484
3736
3338
2484
1623
492
-335
-787
-1315
-1369
-1614
-1494
-1292
-1130
-627
-220
193
603
684
591
268
-18
-638
-1042
-1706
-2229
-2777
-3424
-3638
-3754
-3759
-3534
-3342
-3003
-2889
-2688
-2525
-2375
-2579
-2876
-3252
-3832
-4394
-4852
-5086
-5203
-5163
-4715
-4045
-3183
-2097
-824
458
1623
2729
3666
4191
3975
4178
3822
3698
3473
3064
2996
2580
2509
2376
2687
3137
3677
4373
4416
4846
4829
4875
4488
3832
3423
2391
1555
316
-309
-950
-1310
-1507
-1651
-1452
-1472
-1221
-753
-459
84
308
401
77
-147
-646
-1126
-1604
-2209
-2620
-3269
-3605
-3801
-3702
-3501
-3189
-2768
-2504
-2259
-2022
-1770
-1754
-2077
-2236
-2847
-3285
-3911
-4073
-4287
-4343
-4205
-3728
-3052
-2307
-1193
-33
1077
2236
3148
4032
3913
4150
4102
3834
3925
3222
3238
2643
2367
1993
1966
2313
2572
3420
3619
4043
4403
4519
4727
4117
3932
3017
2178
977
-60
-662
-1515
-1775
-2108
-2048
-1949
-1850
-1311
-928
-345
27
197
169
-282
-615
-1340
-1820
-2483
-2960
-3513
-4061
-4172
-4158
-3892
-3526
-3091
-2589
-2279
-1910
-1564
-1271
-1331
-1446
-1820
-2361
-2957
-3448
-3660
-3873
-3849
-3642
-3039
-2470
-1535
-431
703
1872
2767
3705
4000
3854
4195
3769
3886
3462
3062
2852
2170
1985
1580
2031
2256
2860
3538
3561
4172
4212
4567
4321
3900
3514
2528
1787
398
-195
-1006
-1604
-1932
-2379
-2205
-2339
-2024
-1583
-1156
-569
-321
-132
-357
-644
-1136
-1783
-2427
-3154
-3639
-4291
-4709
-4787
-4691
-4351
-3921
-3298
-2677
-2172
-1614
-1094
-818
-881
-1021
-1403
-1987
-2579
-2922
-3158
-3269
-3175
-2684
-1984
-1331
-177
832
2036
3043
3870
4666
4427
4452
4208
3820
3693
2968
2831
2210
1786
1368
1195
1605
1837
2808
3059
3498
3908
4131
4433
3925
3799
3108
2290
1281
105
-374
-1194
-1481
-1891
-2010
-1949
-2096
-1646
-1449
-930
-557
-418
-461
-861
-1182
-1789
-2386
-3042
-3648
-4237
-4958
-5177
-5251
-5051
-4581
-4091
-3397
-2811
-2335
-1610
-1166
-948
-912
-1114
-1427
-2006
-2330
-2555
-2619
-2625
-2313
-1835
-1307
-239
744
2093
3172
4123
5108
5371
5257
5036
4751
4280
4028
3280
2766
2214
1457
1265
1112
1441
1836
2511
2711
2988
3433
3554
3791
3411
3159
2564
1684
760
-193
-659
-1343
-1552
-1946
-1901
-1817
-1689
-1180
-901
-313
-54
52
-203
-597
-1158
-1822
-2484
-3226
-3838
-4557
-5131
-5344
-5358
-5035
-4645
-4057
-3373
-2773
-2181
-1544
-1168
-1003
-993
-1218
-1626
-2097
-2316
-2339
-2346
-2123
-1755
-1178
-377
566
1720
2834
4035
4856
5751
6056
5755
5827
5323
5142
4618
3754
3373
2408
1970
1358
1364
1521
1863
2519
2416
3028
3107
3367
3346
2886
2670
1835
1165
-40
-774
-1369
-1971
-2129
-2603
-2334
-2325
-1961
-1445
-981
-274
-30
77
-250
-669
-1197
-1935
-2629
-3376
-4075
-4825
-5379
-5655
-5572
-5308
-4874
-4328
-3657
-3060
-2428
-1672
-1298
-986
-1034
-1297
-1637
-2083
-2287
-2453
-2436
-2306
-1880
-1034
-230
1099
2309
3668
4867
5650
6573
6637
6522
6571
6105
5890
5262
4496
3868
3034
2464
1850
1947
1989
2469
2990
2973
3406
3432
3658
3435
2942
2455
1542
771
-483
-1214
-1823
-2418
-2657
-3097
-2856
-2832
-2427
-1877
-1329
-544
-197
-2
-287
-642
-1189
-1986
-2696
-3557
-4280
-5034
-5630
-5811
-5776
-5405
-5005
-4373
-3668
-3051
-2384
-1754
-1339
-1045
-1142
-1431
-1808
-2287
-2534
-2720
-2767
-2494
-1935
-1187
-134
1070
2434
3820
4905
5985
6707
7112
6965
6805
6559
6003
5732
4694
4252
3484
2823
2537
2176
2597
2779
3501
3569
3803
4089
3946
4015
3266
2777
1900
878
-201
-1401
-1802
-2582
-2800
-3199
-3124
-2868
-2599
-2030
-1490
-693
-294
-149
-316
-694
-1224
-1921
-2758
-3548
-4303
-5059
-5677
-5936
-5829
-5511
-5113
-4504
-3881
-3100
-2523
-1839
-1480
-1222
-1312
-1608
-1919
-2453
-2710
-2891
-2960
-2685
-2294
-1405
-364
924
2318
3679
5004
5948
6894
7313
7256
7150
6864
6445
5967
5117
4463
3857
3187
2841
2648
2877
3172
3782
3998
4113
4385
4353
4308
3714
3072
2243
1275
203
-979
-1504
-2177
-2596
-2934
-3045
-2726
-2582
-1995
-1493
-773
-388
-273
-424
-751
-1200
-1925
-2608
-3466
-4216
-4905
-5601
-5876
-5953
-5669
-5368
-4834
-4259
-3609
-2961
-2494
-2007
-1847
-1791
-2043
-2415
-2915
-3213
-3412
-3530
-3308
-2876
-2123
-1011
115
1466
2856
4239
5422
6446
7214
7393
7337
7247
6773
6410
5735
4916
4469
3756
3427
3100
3281
3546
4039
4452
4340
4735
4625
4603
4211
3395
2733
1672
676
-574
-1267
-1921
-2541
-2813
-3205
-2885
-2784
-2346
-1797
-1245
-704
-573
-585
-880
-1269
-1892
-2546
-3333
-4090
-4680
-5422
-5761
-5907
-5782
-5434
-5085
-4494
-3877
-3233
-2759
-2170
-1878
-1803
-1983
-2291
-2716
-3169
-3371
-3535
-3300
-2917
-2311
-1387
-393
963
2381
3818
5046
6117
7022
7443
7386
7275
6980
6545
6118
5314
4833
4269
3776
3564
3503
3821
4188
4702
4639
4842
4975
4793
4612
3797
3080
2151
1086
-109
-1086
-1659
-2426
-2795
-3278
-3265
-3094
-2898
-2325
-1910
-1310
-1069
-1064
-1241
-1630
-2095
-2730
-3420
-4223
-4825
-5507
-6069
-6168
-6233
-5898
-5608
-5132
-4474
-3856
-3297
-2827
-2422
-2265
-2293
-2600
-2948
-3244
-3514
-3571
-3467
-3149
-2619
-1862
-820
366
1739
3253
4551
5791
6742
7419
7509
7421
7336
6897
6608
5919
5281
4937
4284
4076
3864
4068
4308
4736
4942
4898
5265
5080
4956
4357
3490
2802
1793
784
-374
-1100
-1792
-2465
-2817
-3209
-2957
-2909
-2530
-2171
-1718
-1290
-1210
-1232
-1478
-1880
-2414
-3003
-3705
-4307
-4847
-5474
-5755
-5933
-5776
-5457
-5110
-4548
-3987
-3459
-3023
-2543
-2304
-2148
-2339
-2662
-3072
-3463
-3638
-3674
-3345
-2952
-2300
-1343
-197
1072
2456
3889
5060
6103
6859
7293
7282
7250
7083
6672
6424
5555
5293
4761
4341
4266
4140
4520
4647
5046
4850
5000
5067
4704
4593
3645
2988
2120
1122
126
-913
-1401
-2255
-2522
-3064
-3005
-2872
-2802
-2417
-2196
-1746
-1630
-1606
-1704
-2021
-2394
-2949
-3488
-4121
-4514
-5083
-5416
-5551
-5633
-5341
-5159
-4723
-4261
-3694
-3356
-2887
-2545
-2375
-2352
-2581
-2816
-3184
-3392
-3450
-3322
-3014
-2677
-1940
-1051
41
1331
2733
3989
5128
5991
6619
6754
6712
6755
6373
6240
5630
5142
4845
4257
4134
3909
4170
4311
4674
4793
4653
4929
4601
4553
3902
3136
2514
1542
655
-483
-1042
-1788
-2293
-2709
-3069
-2832
-2928
-2634
-2423
-2080
-1745
-1666
-1651
-1868
-2117
-2540
-2972
-3550
-3982
-4399
-4868
-5092
-5292
-5058
-4905
-4600
-4207
-3720
-3298
-2917
-2481
-2273
-2083
-2220
-2427
-2651
-2937
-2971
-2892
-2649
-2398
-1854
-1129
-309
754
1926
3201
4320
5314
6031
6317
6325
6323
6094
5969
5539
5011
4705
4095
3783
3544
3555
3694
3896
4124
4001
4229
4107
4091
3735
3058
2559
1738
916
-140
-835
-1476
-2095
-2531
-3005
-2933
-3024
-2872
-2608
-2277
-1897
-1768
-1678
-1784
-1946
-2207
-2494
-2980
-3386
-3756
-4243
-4482
-4754
-4661
-4534
-4381
-4053
-3691
-3173
-2833
-2337
-2050
-1874
-1857
-2058
-2184
-2543
-2625
-2723
-2643
-2433
-2085
-1381
-720
266
1301
2444
3513
4280
5147
5538
5758
5869
5745
5664
5329
4830
4450
4015
3606
3294
3197
3262
3423
3673
3591
3696
3733
3675
3516
3015
2611
2041
1310
387
-363
-899
-1555
-2000
-2545
-2685
-2761
-2835
-2632
-2396
-1974
-1809
-1694
-1726
-1823
-1966
-2229
-2513
-2890
-3170
-3644
-4006
-4277
-4306
-4126
-4125
-3869
-3588
-3225
-2904
-2537
-2153
-1925
-1830
-1916
-1978
-2149
-2234
-2237
-2302
-2195
-1990
-1555
-976
-278
614
1652
2668
3546
4298
4921
5140
5262
5323
5207
5144
4695
4361
4077
3566
3296
2979
3026
3110
3330
3356
3334
3592
3486
3512
3162
2713
2379
1750
1026
193
-321
-960
-1477
-1943
-2361
-2376
-2616
-2557
-2384
-2067
-1744
-1636
-1531
-1593
-1653
-1880
-2101
-2437
-2674
-3058
-3488
-3781
-3998
-3949
-3977
-3868
-3668
-3367
-3025
-2750
-2310
-2052
-1830
-1820
-1872
-1904
-2034
-2047
-2143
-1995
-1916
-1611
-1131
-570
244
1112
2060
2857
3611
4270
4584
4794
4910
4857
4824
4574
4154
3942
3478
3093
2829
2698
2784
2872
3076
2978
3201
3246
3217
3129
2712
2498
2013
1397
646
67
-458
-1103
-1531
-2057
-2213
-2415
-2548
-2398
-2236
-1889
-1769
-1643
-1593
-1611
-1729
-1902
-2126
-2421
-2716
-3161
-3489
-3722
-3812
-3798
-3790
-3644
-3469
-3175
-2968
-2596
-2283
-2060
-1927
-1897
-1864
-1966
-1978
-2016
-1952
-1856
-1616
-1198
-757
-137
634
1502
2236
2993
3616
4093
4370
4482
4583
4476
4389
3996
3700
3427
2929
2740
2469
2512
2527
2625
2654
2634
2852
2738
2759
2473
2160
1938
1403
864
207
-225
-787
-1270
-1707
-2093
-2209
-2478
-2456
-2370
-2206
-2016
-1937
-1832
-1842
-1841
-1934
-2071
-2302
-2506
-2799
-3125
-3354
-3515
-3525
-3552
-3502
-3372
-3153
-2972
-2699
-2334
-2039
-1817
-1698
-1573
-1523
-1512
-1450
-1390
-1269
-1132
-847
-453
-11
658
1341
2133
2867
3442
3963
4206
4328
4500
4437
4404
4117
3789
3473
3046
2674
2365
2293
2216
2293
2276
2173
2322
2308
2340
2168
1871
1616
1214
701
70
-331
-882
-1313
-1777
-2223
-2349
-2602
-2661
-2612
-2451
-2272
-2111
-2015
-1957
-1883
-1962
-2000
-2121
-2273
-2432
-2750
-2968
-3128
-3185
-3188
-3193
-3124
-2939
-2742
-2565
-2231
-1946
-1682
-1495
-1395
-1302
-1246
-1181
-1118
-996
-879
-682
-253
170
705
1380
2067
2741
3289
3738
4129
4247
4376
4405
4275
4168
3805
3517
3119
2730
2452
2184
2190
2093
2149
2082
2061
2145
2044
1970
1636
1350
998
535
-41
-595
-932
-1398
-1761
-2162
-2389
-2508
-2654
-2630
-2555
-2354
-2248
-2139
-2053
-2050
-2045
-2106
-2173
-2263
-2375
-2566
-2739
-2875
-2912
-2889
-2876
-2829
-2765
-2611
-2505
-2312
-2091
-1870
-1650
-1549
-1407
-1303
-1157
-1003
-797
-602
-420
-86
226
701
1225
1856
2519
3000
3499
3852
4085
4182
4185
4212
4138
3915
3624
3326
2943
2637
2375
2238
2195
2126
2013
1907
1874
1798
1671
1426
1150
861
469
-24
-535
-913
-1289
-1685
-2074
-2366
-2512
-2666
-2725
-2673
-2525
-2393
-2286
-2211
-2178
-2111
-2139
-2147
-2177
-2232
-2333
-2491
-2590
-2648
-2612
-2587
-2587
-2529
-2414
-2288
-2159
-1980
-1794
-1622
-1488
-1432
-1315
-1167
-988
-812
-628
-436
-223
130
489
978
1483
2041
2561
2980
3393
3663
3819
3924
3937
3963
3835
3597
3350
3092
2802
2520
2327
2235
2191
2112
1969
1901
1839
1711
1501
1158
853
557
137
-393
-822
-1226
-1594
-1935
-2268
-2430
-2567
-2709
-2754
-2665
-2531
-2402
-2312
-2288
-2185
-2192
-2189
-2141
-2128
-2097
-2168
-2218
-2276
-2243
-2152
-2156
-2097
-2059
-1945
-1887
-1845
-1689
-1528
-1354
-1283
-1195
-1079
-920
-742
-578
-385
-220
9
318
677
1153
1664
2187
2648
3050
3361
3603
3724
3767
3837
3832
3707
3519
3283
2995
2720
2470
2283
2240
2207
2094
1985
1883
1746
1573
1306
975
655
294
-177
-626
-1031
-1371
-1706
-2057
-2323
-2492
-2635
-2746
-2735
-2619
-2496
-2376
-2287
-2203
-2161
-2119
-2078
-2075
-1998
-1992
-2002
-2005
-2021
-1935
-1836
-1822
-1783
-1740
-1680
-1643
-1568
-1469
-1317
-1271
-1266
-1141
-1003
-812
-624
-417
-228
12
254
526
878
1251
1723
2175
2565
2944
3236
3461
3565
3620
3673
3671
3561
3376
3261
2996
2803
2577
2449
2406
2290
2167
2023
1883
1683
1477
1181
848
556
150
-297
-740
-1158
-1439
-1769
-2084
-2303
-2423
-2580
-2686
-2687
-2616
-2503
-2487
-2437
-2373
-2351
-2288
-2252
-2186
-2108
-2084
-2050
-2071
-2051
-1926
-1841
-1806
-1808
-1741
-1712
-1671
-1584
-1482
-1337
-1353
-1324
-1167
-1040
-798
-592
-318
-50
231
512
757
1096
1400
1868
2294
2606
2988
3242
3409
3452
3484
3571
3534
3475
3343
3245
3078
2897
2750
2663
2606
2477
2309
2108
1903
1675
1413
1082
771
453
51
-397
-841
-1204
-1465
-1770
-2040
-2186
-2310
-2463
-2567
-2565
-2515
-2423
-2433
-2400
-2385
-2387
-2304
-2257
-2166
-2094
-2051
-1986
-1987
-1871
-1732
-1642
-1596
-1592
-1541
-1543
-1526
-1527
-1408
-1318
-1279
-1194
-1104
-945
-760
-557
-292
42
321
603
882
1187
1499
1843
2186
2478
2788
3046
3162
3294
3327
3447
3445
3375
3339
3229
3146
2962
2855
2787
2657
2515
2291
2052
1791
1500
1191
864
574
190
-170
-576
-952
-1242
-1506
-1785
-2044
-2225
-2416
-2558
-2679
-2697
-2669
-2663
-2678
-2649
-2647
-2591
-2521
-2413
-2288
-2178
-2060
-1963
-1900
-1802
-1696
-1641
-1583
-1592
-1539
-1566
-1551
-1480
-1339
-1290
-1230
-1134
-1019
-862
-665
-435
-90
182
423
677
891
1181
1482
1803
2134
2457
2733
2996
3121
3285
3374
3508
3548
3558
3506
3447
3347
3166
3019
2913
2714
2530
2295
2000
1731
1422
1157
822
501
146
-184
-554
-904
-1185
-1463
-1723
-1947
-2173
-2344
-2511
-2608
-2655
-2641
-2655
-2651
-2589
-2617
-2505
-2433
-2326
-2162
-2064
-1915
-1828
-1758
-1622
-1545
-1474
-1440
-1434
-1419
-1412
-1443
-1394
-1309
-1257
-1169
-1080
-943
-830
-698
-497
-224
21
214
470
664
960
1216
1502
1780
2053
2357
2598
2836
3044
3156
3313
3361
3416
3479
3440
3403
3265
3143
2946
2777
2524
2295
2010
1715
1372
1066
736
412
83
-212
-514
-819
-1115
-1394
-1655
-1910
-2121
-2356
-2515
-2682
-2755
-2851
-2896
-2869
-2805
-2783
-2679
-2576
-2457
-2283
-2142
-1970
-1820
-1728
-1631
-1532
-1474
-1409
-1405
-1434
-1453
-1471
-1457
-1417
-1342
-1230
-1105
-976
-821
-646
-406
-146
62
274
498
690
880
1101
1340
1583
1823
2091
2306
2623
2836
3033
3206
3358
3495
3585
3589
3542
3448
3328
3133
2911
2659
2365
2106
1765
1447
1098
794
484
155
-127
-385
-648
-903
-1224
-1475
-1725
-1939
-2177
-2382
-2514
-2670
-2768
-2836
-2876
-2846
-2796
-2708
-2633
-2510
-2324
-2165
-1957
-1800
-1650
-1532
-1505
-1438
-1371
-1352
-1351
-1391
-1402
-1413
-1379
-1307
-1211
-1097
-982
-842
-701
-495
-240
-51
180
319
515
688
836
1058
1251
1536
1766
2043
2329
2618
2836
3067
3276
3436
3574
3637
3634
3605
3459
3326
3112
2858
2589
2296
2025
1675
1359
1005
712
382
79
-171
-415
-683
-936
-1209
-1440
-1689
-1908
-2110
-2313
-2480
-2592
-2687
-2738
-2723
-2691
-2639
-2568
-2444
-2332
-2175
-2046
-1885
-1721
-1592
-1520
-1469
-1427
-1397
-1391
-1387
-1405
-1401
-1338
-1260
-1188
-1063
-941
-839
-718
-595
-469
-299
-166
-13
166
318
480
648
900
1130
1364
1675
1961
2301
2645
2945
3261
3495
3623
3758
3779
3760
3723
3567
3349
3096
2841
2576
2290
2011
1685
1388
1071
761
502
245
16
-270
-510
-764
-1041
-1312
-1544
-1752
-1916
-2078
-2243
-2376
-2443
-2498
-2504
-2481
-2447
-2347
-2272
-2165
-2030
-1874
-1738
-1662
-1634
-1610
-1612
-1600
-1639
-1623
-1601
-1581
-1526
-1487
-1387
-1260
-1142
-1001
-878
-761
-665
-567
-471
-351
-200
-95
45
162
350
589
804
1076
1442
1803
2235
2635
2990
3321
3542
3747
3854
3907
3916
3836
3702
3502
3231
2943
2648
2365
2082
1845
1586
1324
1081
850
623
400
190
-45
-301
-559
-820
-1068
-1312
-1558
-1768
-1945
-2082
-2182
-2231
-2234
-2239
-2206
-2120
-2078
-2017
-1961
-1929
-1873
-1837
-1821
-1802
-1836
-1855
-1852
-1865
-1822
-1784
-1732
-1626
-1556
-1463
-1366
-1246
-1138
-1041
-943
-886
-801
-709
-584
-461
-280
-109
116
361
641
994
1370
1772
2199
2587
2972
3286
3593
3764
3892
3951
3940
3915
3775
3618
3386
3125
2854
2615
2344
2081
1807
1528
1271
1049
818
597
374
146
-96
-327
-609
-892
-1146
-1384
-1555
-1738
-1885
-2030
-2101
-2164
-2181
-2224
-2217
-2174
-2141
-2121
-2108
-2082
-2073
-2073
-2069
-2084
-2104
-2085
-2081
-2001
-1947
-1875
-1802
-1705
-1618
-1535
-1430
-1330
-1242
-1125
-1035
-925
-857
-748
-606
-487
-260
-8
294
630
969
1367
1794
2170
2548
2938
3275
3598
3876
4044
4134
4199
4153
4071
3939
3750
3563
3336
3045
2807
2584
2345
2109
1854
1605
1354
1128
884
643
412
172
-109
-363
-608
-848
-1088
-1299
-1513
-1674
-1797
-1918
-2036
-2089
-2114
-2167
-2186
-2241
-2303
-2288
-2335
-2361
-2338
-2364
-2342
-2318
-2267
-2218
-2168
-2123
-2060
-1963
-1888
-1774
-1685
-1596
-1485
-1410
-1285
-1206
-1112
-974
-837
-632
-403
-155
121
434
797
1165
1564
1948
2316
2696
3047
3343
3617
3817
3942
4073
4101
4087
4034
3936
3811
3639
3470
3277
3004
2730
2465
2208
1992
1736
1500
1278
1041
804
548
299
34
-210
-479
-749
-977
-1221
-1406
-1601
-1791
-1940
-2106
-2254
-2347
-2426
-2530
-2546
-2628
-2681
-2696
-2743
-2708
-2651
-2583
-2544
-2475
-2417
-2336
-2252
-2205
-2108
-2026
-1935
-1871
-1788
-1701
-1584
-1424
-1270
-1066
-863
-636
-367
-108
207
497
820
1131
1434
1768
2096
2394
2674
2951
3167
3415
3603
3727
3840
3901
3923
3921
3872
3802
3687
3555
3369
3175
2974
2715
2491
2222
1993
1744
1479
1220
951
701
470
243
4
-258
-495
-772
-986
-1234
-1470
-1666
-1911
-2103
-2305
-2502
-2666
-2780
-2890
-2929
-2971
-2994
-2971
-2929
-2889
-2846
-2780
-2718
-2649
-2589
-2553
-2485
-2423
-2327
-2259
-2146
-2017
-1891
-1692
-1516
-1261
-1036
-770
-465
-183
142
408
720
1015
1242
1541
1785
2036
2270
2508
2720
2920
3130
3292
3486
3640
3747
3843
3868
3861
3851
3775
3691
3535
3367
3180
2950
2696
2433
2154
1891
1633
1391
1138
889
623
383
127
-187
-439
-701
-994
-1271
-1540
-1827
-2071
-2323
-2577
-2779
-2970
-3128
-3188
-3265
-3267
-3274
-3269
-3211
-3159
-3060
-2970
-2885
-2792
-2694
-2622
-2584
-2508
-2445
-2377
-2284
-2162
-2002
-1828
-1650
-1374
-1076
-773
-381
-14
368
791
1197
1555
1922
2233
2532
2812
3035
3217
3389
3528
3630
3738
3801
3833
3867
3910
3904
3884
3826
3747
3654
3543
3366
3167
2950
2705
2444
2148
1851
1523
1216
925
600
331
35
-270
-512
-777
-1044
-1293
-1541
-1826
-2044
-2245
-2490
-2686
-2871
-3044
-3176
-3264
-3335
-3366
-3383
-3408
-3408
-3401
-3354
-3293
-3231
-3162
-3089
-3015
-2947
-2834
-2718
-2543
-2336
-2131
-1930
-1721
-1489
-1240
-920
-590
-263
67
393
739
1082
1437
1738
2073
2388
2652
2895
3119
3314
3510
3677
3773
3844
3893
3887
3884
3856
3783
3750
3675
3546
3416
3249
3066
2868
2664
2442
2199
1961
1681
1385
1112
804
471
117
-225
-559
-850
-1131
-1446
-1700
-1966
-2230
-2482
-2680
-2893
-3065
-3185
-3311
-3402
-3442
-3509
-3566
-3598
-3644
-3657
-3642
-3621
-3569
-3470
-3377
-3275
-3131
-2976
-2833
-2639
-2409
-2182
-1906
-1595
-1309
-969
-626
-312
50
405
728
1076
1439
1755
2069
2402
2677
2931
3189
3389
3563
3722
3847
3953
4043
4059
4078
4087
4036
3989
3916
3826
3707
3574
3405
3197
3004
2785
2537
2293
1999
1681
1413
1072
699
365
12
-343
-657
-971
-1329
-1634
-1924
-2205
-2441
-2683
-2904
-3092
-3302
-3491
-3660
-3818
-3929
-4025
-4113
-4155
-4169
-4173
-4125
-4054
-3949
-3805
-3657
-3477
-3272
-3042
-2793
-2548
-2317
-2067
-1775
-1484
-1180
-888
-563
-168
200
604
974
1341
1722
2081
2410
2743
3066
3303
3521
3721
3844
3953
4042
4094
4166
4203
4214
4197
4184
4163
4123
4055
3963
3842
3687
3490
3266
3014
2762
2464
2134
1777
1390
1017
626
250
-122
-464
-822
-1162
-1488
-1815
-2120
-2418
-2690
-2937
-3159
-3391
-3620
-3867
-4060
-4227
-4399
-4521
-4620
-4696
-4683
-4637
-4551
-4433
-4258
-4051
-3843
-3587
-3346
-3084
-2824
-2545
-2252
-1943
-1622
-1287
-975
-646
-272
96
501
897
1286
1698
2102
2478
2849
3168
3444
3676
3874
4007
4123
4225
4299
4372
4427
4435
4443
4440
4398
4369
4318
4239
4130
4009
3814
3633
3411
3130
2819
2478
2098
1737
1345
925
537
167
-217
-596
-940
-1310
-1617
-1938
-2251
-2543
-2807
-3095
-3364
-3600
-3827
-4055
-4247
-4436
-4594
-4687
-4779
-4820
-4808
-4737
-4631
-4484
-4292
-4093
-3873
-3613
-3370
-3095
-2807
-2530
-2228
-1919
-1590
-1263
-905
-529
-137
260
684
1106
1498
1903
2288
2649
2943
3242
3496
3677
3849
3987
4104
4202
4294
4333
4398
4451
4453
4447
4471
4465
4402
4345
4233
4057
3883
3662
3406
3140
2815
2482
2124
1760
1350
974
586
185
-165
-524
-872
-1220
-1559
-1868
-2188
-2481
-2793
-3057
-3305
-3563
-3766
-3967
-4126
-4288
-4403
-4490
-4545
-4535
-4513
-4427
-4335
-4226
-4065
-3895
-3707
-3493
-3270
-3021
-2740
-2464
-2148
-1822
-1485
-1128
-755
-389
-23
369
734
1125
1488
1812
2134
2398
2655
2907
3130
3317
3508
3676
3818
3969
4098
4202
4260
4310
4326
4310
4287
4248
4183
4089
3953
3780
3592
3385
3107
2816
2529
2243
1963
1649
1364
1030
728
381
39
-330
-705
-1051
-1407
-1774
-2120
-2435
-2749
-3053
-3324
-3544
-3739
-3904
-4036
-4115
-4157
-4123
-4099
-4052
-3956
-3889
-3806
-3673
-3563
-3396
-3190
-3021
-2809
-2578
-2341
-2059
-1747
-1429
-1082
-717
-374
5
388
731
1048
1365
1659
1892
2129
2307
2494
2683
2846
2980
3106
3235
3344
3437
3531
3611
3673
3737
3773
3769
3734
3660
3555
3427
3273
3098
2893
2682
2468
2222
1984
1754
1491
1233
949
661
372
84
-204
-480
-774
-1103
-1414
-1704
-2023
-2328
-2590
-2853
-3074
-3263
-3420
-3534
-3618
-3675
-3702
-3687
-3651
-3595
-3541
-3452
-3323
-3217
-3062
-2913
-2753
-2562
-2353
-2120
-1869
-1569
-1265
-970
-655
-325
-21
279
588
895
1154
1411
1649
1856
2057
2230
2382
2520
2658
2773
2886
2981
3048
3133
3168
3179
3178
3142
3096
3004
2908
2794
2671
2529
2350
2190
2012
1822
1629
1429
1246
1081
891
687
452
220
-11
-272
-547
-837
-1126
-1379
-1638
-1908
-2121
-2342
-2561
-2716
-2844
-2968
-3034
-3075
-3113
-3116
-3117
-3096
-3053
-3001
-2915
-2833
-2741
-2646
-2518
-2360
-2213
-2014
-1785
-1540
-1258
-973
-700
-402
-88
186
468
748
987
1231
1489
1692
1881
2078
2219
2350
2487
2614
2709
2819
2934
3008
3074
3102
3103
3089
3031
2948
2858
2737
2594
2452
2305
2131
1960
1783
1609
1436
1219
1025
829
588
366
153
-84
-323
-576
-853
-1100
-1383
-1646
-1883
-2105
-2311
-2493
-2642
-2773
-2858
-2938
-2971
-2987
-3005
-2965
-2928
-2879
-2803
-2717
-2639
-2530
-2418
-2311
-2155
-1995
-1823
-1625
-1394
-1177
-929
-671
-439
-156
105
356
614
837
1050
1277
1459
1632
1826
1974
2132
2264
2380
2465
2535
2619
2686
2720
2727
2726
2693
2638
2588
2500
2401
2312
2188
2029
1885
1733
1550
1390
1213
1026
857
673
475
279
72
-149
-380
-599
-837
-1060
-1287
-1525
-1737
-1931
-2110
-2255
-2382
-2511
-2610
-2677
-2734
-2759
-2760
-2757
-2731
-2672
-2615
-2537
-2451
-2363
-2249
-2116
-1964
-1806
-1626
-1456
-1262
-1050
-826
-604
-371
-130
77
304
528
729
928
1124
1295
1459
1594
1716
1834
1939
2034
2114
2166
2221
2238
2244
2264
2264
2268
2217
2142
2077
1986
1897
1796
1678
1556
1420
1272
1114
981
816
645
466
272
104
-66
-250
-443
-640
-844
-1030
-1191
-1372
-1562
-1717
-1889
-2041
-2161
-2274
-2357
-2422
-2480
-2523
-2558
-2566
-2535
-2511
-2460
-2396
-2327
-2224
-2098
-1967
-1815
-1634
-1472
-1306
-1109
-909
-732
-540
-348
-157
30
196
372
518
656
825
952
1072
1208
1299
1404
1493
1529
1601
1674
1685
1664
1653
1601
1553
1527
1465
1417
1358
1307
1249
1193
1134
1068
1011
942
850
765
654
499
343
195
8
-167
-316
-501
-680
-851
-1006
-1154
-1281
-1399
-1504
-1603
-1705
-1781
-1846
-1920
-1988
-2040
-2114
-2169
-2163
-2181
-2165
-2142
-2100
-2016
-1926
-1806
-1638
-1463
-1288
-1084
-892
-715
-509
-314
-156
2
143
260
375
480
582
685
774
871
983
1103
1209
1284
1360
1451
1515
1580
1622
1633
1661
1658
1635
1595
1509
1442
1360
1280
1193
1099
1029
960
870
760
683
577
472
406
299
146
19
-111
-280
-414
-573
-755
-937
-1109
-1267
-1414
-1569
-1704
-1830
-1927
-1991
-2058
-2111
-2141
-2174
-2159
-2115
-2095
-2055
-1994
-1940
-1863
-1770
-1682
-1551
-1417
-1264
-1102
-958
-800
-634
-444
-271
-93
71
241
389
523
666
778
873
982
1065
1124
1192
1242
1284
1348
1376
1389
1412
1422
1417
1386
1367
1337
1290
1243
1195
1123
1059
1004
939
861
785
716
628
542
446
329
218
82
-58
-158
-291
-447
-575
-705
-847
-974
-1107
-1217
-1317
-1448
-1552
-1636
-1698
-1805
-1889
-1933
-1984
-2012
-2011
-1999
-1970
-1924
-1840
-1733
-1639
-1523
-1389
-1231
-1088
-948
-793
-624
-460
-309
-162
-31
84
218
333
434
545
664
791
901
986
1051
1116
1186
1234
1281
1321
1324
1308
1294
1258
1197
1163
1089
1021
979
908
854
809
756
721
681
634
599
536
474
419
333
235
163
54
-80
-203
-350
-483
-592
-706
-835
-942
-1035
-1123
-1208
-1300
-1370
-1438
-1483
-1524
-1571
-1593
-1618
-1644
-1629
-1630
-1637
-1592
-1534
-1474
-1384
-1298
-1209
-1069
-917
-770
-600
-426
-291
-149
-10
123
235
339
442
538
641
738
816
868
917
947
983
990
995
1003
983
952
934
917
869
827
773
723
671
603
556
523
479
428
382
321
270
212
142
78
14
-70
-142
-225
-318
-402
-480
-559
-631
-701
-766
-832
-906
-954
-1003
-1069
-1130
-1196
-1245
-1287
-1307
-1336
-1361
-1355
-1340
-1315
-1278
-1216
-1136
-1046
-937
-827
-714
-595
-470
-351
-236
-110
4
120
225
314
430
542
648
761
865
932
1000
1070
1104
1141
1151
1151
1146
1119
1039
976
914
837
751
663
600
524
469
398
361
323
280
231
193
148
87
35
-24
-73
-141
-211
-286
-366
-455
-527
-599
-671
-725
-779
-820
-852
-891
-928
-973
-1015
-1032
-1066
-1114
-1128
-1142
-1157
-1142
-1102
-1089
-1049
-990
-944
-853
-760
-665
-549
-424
-312
-205
-96
-3
98
202
308
419
539
634
709
822
924
982
1058
1118
1157
1207
1235
1231
1221
1175
1089
1013
936
836
753
659
540
445
362
255
166
114
51
4
-54
-120
-154
-184
-228
-277
-337
-395
-434
-499
-569
-620
-674
-727
-757
-810
-856
-880
-897
-923
-944
-953
-960
-976
-998
-1004
-998
-981
-978
-979
-942
-899
-872
-811
-733
-671
-594
-498
-388
-287
-200
-73
54
169
290
402
506
613
725
820
916
1002
1080
1153
1214
1255
1299
1338
1352
1360
1351
1310
1259
1212
1174
1098
1007
915
800
665
550
430
309
223
116
33
-27
-94
-160
-205
-241
-290
-324
-347
-395
-440
-485
-533
-570
-611
-654
-688
-728
-765
-781
-786
-791
-810
-829
-835
-820
-814
-807
-805
-792
-769
-748
-711
-682
-637
-591
-542
-503
-444
-377
-284
-196
-84
21
84
159
244
329
392
467
550
648
728
815
899
968
1032
1066
1106
1137
1120
1123
1112
1068
1005
942
864
763
663
555
453
348
263
190
120
40
-14
-73
-127
-189
-247
-294
-342
-403
-457
-502
-555
-593
-632
-673
-694
-707
-712
-715
-738
-741
-732
-722
-716
-702
-694
-682
-671
-656
-661
-675
-652
-638
-573
-539
-500
-432
-380
-323
-268
-187
-130
-84
14
102
173
277
347
411
477
526
615
677
727
822
892
942
988
1065
1086
1084
1088
1060
1029
1029
990
951
910
822
741
662
556
445
328
237
167
76
6
-63
-158
-234
-288
-324
-358
-427
-479
-496
-546
-580
-618
-656
-703
-866
-857
-878
-997
-887
-766
-753
-757
-695
-605
-684
-711
-558
-572
-609
-531
-429
-394
-416
-389
-380
-362
-325
-258
-146
-64
-21
30
145
237
207
262
364
351
376
520
652
688
767
845
833
864
919
968
1029
1033
1046
1091
1085
1026
932
893
804
667
585
535
443
339
257
175
70
-37
-116
-175
-249
-340
-398
-460
-511
-552
-596
-626
-650
-688
-680
-682
-684
-683
-667
-650
-645
-604
-586
-554
-513
-503
-488
-451
-402
-372
-346
-318
-293
-233
-137
-94
-25
69
115
161
246
322
361
401
456
506
553
590
641
703
737
774
825
865
914
984
1042
1084
1105
1121
1119
1104
1082
1033
991
956
891
838
775
683
593
531
468
374
311
252
181
106
20
-76
-165
-259
-322
-389
-465
-503
-560
-603
-642
-669
-696
-698
-696
-689
-666
-629
-597
-573
-559
-529
-509
-480
-419
-396
-345
-306
-261
-191
-122
-70
-32
35
92
120
192
261
303
378
434
489
553
586
622
662
689
724
749
792
826
833
862
865
855
868
865
847
829
830
814
795
789
768
725
676
633
576
516
473
423
347
278
188
97
14
-55
-132
-193
-244
-315
-384
-424
-485
-568
-586
-626
-680
-687
-698
-706
-687
-680
-678
-651
-618
-583
-541
-490
-441
-374
-327
-296
-232
-179
-136
-73
-19
36
102
174
236
303
378
433
514
581
643
694
759
798
821
871
885
882
899
903
900
894
877
892
902
871
860
855
825
786
776
741
688
655
585
539
479
412
352
281
222
167
104
52
-10
-63
-114
-172
-214
-261
-304
-334
-369
-426
-466
-491
-533
-573
-585
-605
-626
-609
-587
-562
-520
-476
-457
-418
-372
-321
-263
-213
-158
-98
-49
15
61
117
157
207
263
331
412
471
558
625
671
714
761
817
869
904
935
946
965
973
967
960
975
957
939
928
890
859
815
800
763
715
675
620
574
517
448
378
336
281
217
138
47
-7
-72
-127
-186
-244
-297
-354
-400
-441
-492
-550
-584
-606
-612
-623
-644
-645
-652
-636
-611
-604
-583
-543
-482
-429
-391
-356
-319
-265
-222
-171
-101
-53
-13
64
157
226
287
359
438
505
566
621
687
751
806
866
884
902
920
926
932
928
925
922
916
892
885
874
832
799
775
741
693
650
596
546
528
471
413
358
269
214
179
130
80
38
-5
-41
-93
-159
-211
-264
-304
-346
-391
-428
-470
-510
-551
-583
-601
-608
-617
-610
-583
-557
-519
-493
-461
-428
-379
-335
-293
-248
-214
-163
-111
-59
2
65
130
197
281
345
416
481
547
606
674
731
772
807
839
886
901
918
918
926
930
926
903
874
863
837
807
776
744
691
622
576
530
488
439
383
331
277
228
175
113
61
8
-46
-105
-153
-201
-244
-292
-338
-402
-447
-489
-537
-568
-610
-637
-648
-637
-641
-648
-643
-646
-627
-608
-579
-561
-527
-484
-454
-423
-359
-302
-267
-191
-125
-71
-18
35
107
180
260
317
372
427
483
542
586
607
636
678
717
752
759
787
812
814
827
830
796
771
761
729
687
654
609
553
495
438
394
335
288
247
208
166
102
53
13
-13
-35
-73
-107
-155
-186
-229
-268
-308
-356
-384
-414
-454
-498
-528
-552
-549
-573
-592
-588
-597
-603
-599
-587
-557
-518
-486
-461
-426
-388
-352
-308
-272
-215
-152
-109
-32
48
122
212
272
332
406
471
531
583
624
665
703
728
765
774
780
804
820
809
809
806
805
797
786
786
755
712
666
622
571
526
472
418
362
283
213
152
93
53
23
-11
-53
-79
-117
-160
-194
-234
-270
-315
-370
-431
-481
-522
-553
-582
-615
-637
-656
-653
-655
-667
-664
-643
-631
-625
-590
-570
-543
-510
-476
-443
-412
-377
-336
-278
-229
-141
-68
-8
39
89
147
197
251
302
342
384
428
451
495
522
548
565
573
584
599
616
614
616
622
606
589
584
555
532
504
478
452
424
369
315
272
228
179
114
61
19
-26
-74
-98
-119
-158
-189
-205
-248
-303
-326
-357
-416
-465
-500
-538
-544
-559
-563
-568
-589
-601
-580
-573
-586
-573
-581
-558
-528
-497
-466
-434
-408
-376
-329
-285
-219
-157
-102
-44
8
46
99
134
173
208
248
285
325
355
374
396
403
406
437
446
444
451
454
466
462
458
450
428
377
360
322
271
253
230
197
150
115
91
65
32
-8
-38
-61
-113
-154
-177
-205
-232
-249
-283
-312
-338
-355
-380
-420
-444
-487
-515
-547
-558
-585
-619
-637
-634
-632
-632
-630
-638
-652
-652
-641
-628
-604
-590
-552
-503
-472
-417
-375
-335
-295
-268
-221
-165
-130
-98
-57
-33
3
41
57
80
108
125
159
180
200
219
235
251
266
263
242
236
234
194
161
133
102
74
57
29
22
-5
-46
-61
-89
-105
-123
-148
-163
-170
-180
-192
-212
-248
-280
-315
-346
-363
-364
-377
-397
-416
-425
-423
-437
-466
-457
-459
-473
-466
-472
-480
-477
-459
-446
-419
-407
-390
-375
-360
-322
-297
-281
-261
-230
-212
-167
-137
-104
-61
-39
-11
31
55
72
101
118
131
139
148
165
172
195
208
198
220
222
238
226
204
193
182
174
166
159
144
123
95
52
43
24
0
-25
-59
-78
-90
-127
-169
-172
-193
-227
-241
-260
-275
-291
-323
-359
-365
-391
-418
-422
-441
-452
-474
-480
-472
-484
-500
-511
-520
-529
-525
-511
-499
-486
-484
-451
-435
-431
-402
-397
-372
-338
-302
-287
-254
-213
-191
-160
-127
-107
-51
-18
7
46
66
77
100
125
126
126
118
117
124
149
161
168
162
167
177
181
183
188
200
188
175
169
155
133
114
100
93
65
43
33
20
-6
-17
-26
-35
-45
-63
-79
-98
-117
-142
-155
-175
-198
-236
-265
-299
-332
-353
-362
-385
-409
-414
-442
-449
-441
-453
-467
-468
-468
-445
-425
-404
-384
-382
-385
-368
-347
-319
-295
-262
-238
-217
-197
-172
-142
-108
-94
-72
-43
-29
-12
10
32
44
71
104
118
119
139
157
177
198
217
222
232
246
247
229
235
245
237
238
222
215
208
194
176
154
132
112
106
107
93
81
63
18
-22
-53
-88
-113
-144
-184
-210
-235
-274
-293
-321
-374
-384
-395
-417
-440
-454
-472
-498
-506
-518
-536
-543
-560
-568
-539
-529
-518
-505
-483
-457
-421
-404
-389
-369
-344
-320
-296
-262
-240
-204
-166
-130
-96
-65
-38
-21
20
65
103
135
180
201
208
234
254
256
268
266
279
282
284
306
295
279
280
290
280
271
272
250
254
259
236
226
200
154
108
69
28
-4
-13
-27
-43
-73
-109
-138
-185
-224
-252
-288
-321
-326
-339
-363
-391
-422
-448
-445
-467
-492
-496
-519
-519
-509
-509
-494
-462
-441
-436
-412
-372
-364
-336
-291
-268
-241
-222
-177
-134
-81
-38
-6
33
65
88
112
149
156
174
221
233
267
301
311
330
351
374
383
403
388
375
372
357
372
381
369
345
366
352
312
294
277
262
266
246
201
186
133
72
65
45
-6
-26
-35
-87
-141
-164
-199
-225
-246
-291
-314
-331
-386
-423
-442
-471
-499
-478
-471
-476
-456
-458
-464
-431
-424
-414
-383
-374
-367
-329
-295
-284
-248
-214
-176
-145
-117
-89
-56
-17
1
58
95
112
142
135
155
203
233
240
251
252
258
304
303
304
316
301
290
300
291
274
269
257
260
245
234
215
191
174
153
112
104
97
61
44
8
-24
-77
-117
-148
-184
-225
-257
-295
-319
-331
-362
-380
-409
-424
-450
-476
-484
-500
-491
-515
-507
-503
-477
-465
-467
-448
-419
-407
-376
-325
-289
-256
-205
-156
-116
-75
-65
-34
11
45
102
150
168
189
227
263
272
299
358
391
417
449
455
460
482
495
504
507
502
501
520
501
484
490
452
444
454
437
407
399
368
332
323
300
262
208
169
137
109
70
22
-26
-69
-117
-163
-200
-232
-258
-264
-287
-318
-355
-386
-410
-446
-472
-490
-497
-510
-515
-524
-488
-466
-461
-409
-371
-359
-338
-299
-298
-249
-193
-179
-132
-107
-83
-25
21
53
111
154
187
220
250
267
326
358
379
417
428
444
444
454
468
481
510
525
512
510
490
467
474
477
454
443
408
377
382
349
306
273
244
190
148
117
56
10
-28
-82
-130
-178
-221
-242
-269
-325
-340
-372
-429
-443
-471
-516
-546
-549
-558
-578
-568
-565
-560
-551
-535
-517
-493
-468
-444
-396
-359
-315
-268
-224
-194
-153
-105
-54
7
50
92
144
201
232
275
331
365
412
466
495
521
535
548
555
569
563
568
570
575
588
579
571
565
578
569
563
551
540
530
490
454
437
423
378
337
297
236
188
132
97
54
-10
-69
-107
-146
-196
-241
-278
-291
-320
-350
-367
-411
-447
-463
-482
-499
-517
-516
-498
-501
-482
-464
-437
-389
-365
-341
-326
-292
-259
-231
-193
-155
-116
-102
-45
-8
19
66
118
166
215
241
279
319
339
366
391
392
398
405
402
419
434
444
433
457
462
466
476
491
498
477
476
446
420
395
381
359
300
277
243
196
162
135
94
56
25
-11
-61
-90
-123
-162
-193
-212
-248
-278
-297
-322
-343
-380
-409
-418
-409
-400
-393
-375
-354
-346
-329
-304
-290
-270
-226
-209
-182
-148
-128
-86
-28
2
50
101
132
161
197
246
267
306
341
373
406
423
445
485
520
553
585
606
619
628
654
660
658
650
646
642
624
601
594
564
531
513
481
460
421
388
352
313
258
211
175
121
87
63
25
-18
-77
-110
-143
-176
-225
-261
-268
-289
-319
-329
-346
-402
-424
-429
-432
-441
-424
-419
-413
-372
-338
-302
-258
-235
-197
-152
-117
-72
-30
-1
18
33
74
105
115
152
199
238
283
332
365
393
402
427
435
445
474
470
469
494
507
487
478
481
468
446
419
401
386
369
342
329
311
288
261
235
204
141
115
87
34
7
-25
-79
-98
-140
-185
-188
-232
-282
-299
-300
-337
-353
-364
-388
-395
-402
-425
-419
-411
-422
-402
-372
-385
-373
-330
-311
-285
-236
-197
-150
-109
-85
-63
-12
27
48
104
139
163
205
257
286
316
344
384
418
447
463
492
516
522
535
550
575
588
584
599
597
589
571
549
556
531
525
533
495
460
441
399
383
355
298
272
260
191
136
122
83
45
9
-30
-68
-113
-152
-195
-232
-281
-307
-324
-352
-363
-357
-373
-393
-418
-443
-421
-415
-425
-410
-380
-372
-348
-317
-330
-322
-294
-275
-226
-189
-149
-86
-40
-4
43
79
100
146
177
203
227
266
293
323
352
370
380
421
440
447
478
475
469
482
486
470
467
440
394
374
373
353
330
317
288
266
256
210
181
179
148
90
64
21
-42
-49
-63
-107
-118
-134
-181
-199
-219
-269
-287
-281
-313
-331
-328
-368
-377
-369
-400
-404
-385
-397
-406
-377
-369
-358
-322
-310
-278
-234
-202
-171
-130
-105
-80
-38
-19
-1
24
42
57
101
127
133
172
186
186
239
264
260
292
307
298
334
357
341
348
349
325
329
311
288
286
264
253
244
222
211
195
163
155
112
77
71
45
14
11
-5
-45
-70
-99
-141
-155
-184
-215
-231
-251
-268
-280
-291
-302
-321
-326
-318
-318
-308
-299
-307
-281
-258
-264
-248
-249
-246
-217
-193
-186
-169
-143
-134
-103
-91
-66
-44
-14
19
44
70
96
111
135
154
147
169
199
201
207
212
199
210
221
201
190
181
170
167
164
166
144
112
114
108
84
81
55
17
13
-16
-62
-63
-103
-140
-132
-161
-179
-195
-227
-243
-249
-261
-282
-289
-307
-322
-327
-320
-309
-300
-305
-303
-294
-307
-300
-267
-280
-281
-268
-278
-253
-230
-228
-206
-175
-161
-132
-89
-95
-66
-37
-25
12
32
15
47
86
76
97
120
129
166
195
176
198
201
199
200
197
188
171
162
156
136
101
76
65
51
37
27
15
12
-5
-19
-32
-39
-71
-106
-111
-119
-144
-169
-164
-192
-221
-231
-241
-248
-250
-251
-280
-261
-245
-260
-254
-257
-262
-260
-236
-234
-234
-232
-241
-219
-217
-236
-219
-194
-189
-169
-139
-128
-113
-78
-79
-69
-34
-26
-20
0
7
19
42
60
61
79
110
103
108
130
122
116
133
126
127
136
121
119
108
87
78
66
31
0
3
-21
-19
-20
-60
-60
-62
-101
-125
-141
-155
-156
-178
-196
-194
-220
-232
-235
-266
-278
-275
-281
-284
-282
-305
-298
-275
-288
-278
-282
-295
-291
-290
-272
-248
-247
-235
-201
-173
-171
-155
-139
-118
-81
-49
-35
-37
-17
-10
1
16
23
19
41
52
66
105
119
132
144
148
139
149
140
143
165
161
148
140
120
101
90
80
47
31
23
6
-10
-17
-27
-53
-42
-55
-106
-115
-140
-185
-199
-209
-243
-259
-256
-300
-324
-316
-317
-322
-303
-322
-355
-342
-345
-354
-347
-343
-344
-342
-329
-326
-332
-323
-311
-302
-279
-269
-253
-207
-183
-168
-147
-146
-160
-138
-117
-115
-106
-84
-89
-85
-65
-53
-28
-4
14
44
80
88
73
80
95
65
53
76
56
41
43
20
22
15
-27
-37
-47
-79
-82
-81
-99
-96
-97
-124
-141
-173
-175
-176
-208
-204
-216
-243
-258
-267
-278
-272
-257
-274
-262
-253
-253
-243
-251
-246
-230
-222
-224
-220
-246
-248
-234
-228
-207
-209
-217
-187
-164
-160
-128
-123
-119
-87
-65
-60
-51
-46
-29
-34
-56
-54
-38
-17
0
2
14
27
45
48
43
46
45
54
50
63
60
51
34
23
25
17
27
1
-31
-35
-41
-45
-58
-70
-97
-96
-114
-133
-139
-139
-145
-158
-164
-160
-166
-179
-189
-191
-194
-195
-209
-233
-228
-223
-221
-213
-212
-197
-190
-197
-188
-163
-140
-150
-120
-95
-112
-105
-67
-83
-85
-49
-43
-36
-33
-24
-21
8
17
11
32
61
46
47
61
63
75
72
81
92
77
81
98
91
90
97
87
91
77
64
85
81
73
80
79
71
52
44
44
35
25
13
10
1
-14
-21
-19
-24
-18
-10
-13
6
-6
-16
1
-18
-24
-14
-15
-31
-44
-34
-41
-33
-27
-23
-21
-11
-5
15
37
28
23
31
43
41
47
37
26
47
46
47
61
58
58
64
72
72
77
78
77
94
99
91
90
78
79
83
89
82
87
89
91
89
74
77
80
66
64
66
56
42
45
37
10
13
19
-12
-17
-19
-34
-15
-14
-31
-42
-53
-66
-61
-45
-41
-42
-49
-48
-54
-61
-44
-51
-43
-29
-48
-41
-23
-26
-24
-35
-39
-14
2
18
20
21
40
54
46
41
49
40
18
29
42
26
31
43
54
61
63
46
57
81
84
99
114
114
123
128
122
129
132
123
108
104
87
101
116
102
92
93
70
67
81
80
71
73
47
37
35
33
41
28
23
19
19
17
12
0
-11
-11
-4
5
24
16
33
35
10
22
46
67
80
86
102
101
96
121
152
141
132
142
128
108
109
121
136
138
144
152
153
148
146
160
136
113
124
125
124
136
137
122
131
127
106
98
90
66
61
84
55
46
68
43
34
51
47
45
51
57
71
79
62
45
40
36
17
25
17
19
46
44
57
34
45
63
58
69
61
62
70
77
69
65
60
64
79
93
91
97
110
132
152
166
194
205
200
203
209
207
201
183
179
185
200
204
204
210
202
195
195
185
189
192
187
176
166
167
145
132
132
114
89
115
104
95
123
108
80
99
99
69
89
93
72
72
69
63
54
45
29
50
55
38
49
67
60
52
70
95
95
82
96
86
86
98
101
111
127
139
141
158
155
134
132
132
134
139
142
160
169
179
188
194
182
180
179
164
155
153
137
133
123
103
108
118
94
99
100
89
96
93
71
66
64
42
54
50
39
27
15
-4
-12
-6
-21
-18
-17
-33
-42
-40
-64
-51
-45
-60
-54
-59
-62
-35
-23
-39
-59
-61
-48
-48
-39
-33
-53
-48
-34
-46
-48
-43
-33
-36
-26
-10
-1
11
38
48
45
60
63
85
99
116
126
133
144
160
159
170
170
162
190
200
198
201
205
192
200
198
201
195
179
159
151
123
110
128
116
116
101
82
96
104
93
81
65
74
71
50
29
34
35
28
21
28
20
13
22
0
9
30
27
30
39
30
31
49
62
45
44
48
46
56
69
55
59
68
58
62
55
65
64
80
90
95
102
89
107
124
128
131
157
165
170
183
175
163
155
145
125
134
126
98
97
87
82
74
72
71
61
35
40
26
22
4
-19
-30
-32
-39
-38
-33
-57
-79
-85
-91
-95
-115
-126
-119
-118
-108
-114
-100
-95
-96
-91
-90
-68
-49
-42
-38
-46
-48
-44
-38
-27
-6
9
10
8
-3
-1
4
-7
10
16
26
31
34
39
36
23
16
16
11
36
48
39
32
27
35
25
42
49
47
44
51
46
41
65
78
66
74
85
81
92
60
41
23
0
19
26
4
-5
3
0
-5
4
20
17
4
2
0
3
13
21
0
-6
-2
-14
-6
-2
-18
-14
3
-2
-24
-17
-22
-16
-19
-19
-7
-13
-16
-9
-5
-15
-11
-3
-14
-11
4
1
16
17
0
-16
-34
-63
-71
-55
-58
-71
-71
-72
-90
-76
-87
-84
-89
-92
-106
-100
-110
-145
-113
-134
-137
-163
-133
-140
-131
-158
-177
-160
-177
-170
-161
-156
-164
-146
-149
-148
-153
-152
-143
-141
-150
-147
-140
-123
-119
-140
-144
-138
-154
-141
-122
-121
-104
-105
-87
-80
-73
-57
-47
-57
-53
-29
-45
-42
-38
-45
-48
-48
-85
-64
-31
-37
-19
-7
-12
-11
-3
-7
13
9
10
28
36
30
32
42
34
13
1
6
12
22
22
19
26
26
10
-12
-8
-3
-14
1
6
-11
1
-8
-38
-56
-58
-55
-56
-53
-57
-64
-73
-90
-77
-60
-60
-59
-44
-48
-48
-45
-43
-30
-36
-60
-60
-29
-32
-28
-8
-3
-2
-11
-6
-8
-28
-13
1
10
14
13
8
-11
-31
-22
-1
-13
-34
-40
-44
-76
-93
-75
-59
-69
-89
-93
-89
-100
-95
-87
-91
-86
-98
-102
-112
-126
-139
-139
-131
-118
-114
-131
-134
-140
-144
-137
-119
-122
-133
-146
-162
-172
-164
-139
-162
-182
-171
-164
-165
-174
-172
-165
-164
-170
-175
-158
-165
-150
-116
-96
-100
-104
-89
-92
-78
-63
-41
-14
-2
4
13
15
14
13
26
41
35
41
33
55
54
44
61
70
54
37
51
43
28
27
35
53
47
17
20
10
-23
-26
-24
-26
-24
-39
-44
-36
-54
-63
-46
-47
-76
-72
-56
-53
-55
-51
-34
-34
-32
-29
-47
-54
-57
-47
-31
-21
-32
-26
-12
-27
-23
-6
-14
-7
22
28
37
50
52
57
49
36
35
31
28
33
34
43
66
71
71
67
77
71
65
71
55
19
27
35
33
31
0
-6
-20
-40
-42
-35
-22
-19
-29
-36
-52
-65
-68
-69
-60
-56
-62
-58
-67
-85
-94
-97
-103
-105
-107
-114
-100
-112
-123
-100
-108
-101
-99
-82
-67
-55
-47
-48
-66
-63
-43
-54
-51
-47
-50
-38
-9
-22
-13
-8
-10
-8
-4
-2
16
12
21
48
53
62
58
71
71
94
92
84
105
102
102
108
107
114
110
92
87
85
93
83
78
83
72
54
46
28
-1
13
15
10
-4
-26
-26
-40
-47
-55
-52
-54
-69
-70
-72
-77
-73
-81
-87
-85
-110
-105
-84
-86
-91
-85
-83
-95
-115
-115
-92
-90
-81
-52
-29
-31
-9
4
4
9
28
46
46
55
71
92
76
73
71
76
87
94
86
110
126
114
123
120
101
96
103
82
61
82
68
68
54
30
35
23
18
3
1
3
-4
-25
-33
-49
-79
-71
-85
-89
-98
-125
-136
-140
-135
-132
-129
-124
-137
-161
-161
-159
-174
-183
-172
-170
-159
-143
-166
-171
-159
-160
-168
-158
-160
-148
-124
-112
-112
-99
-82
-79
-63
-48
-41
-31
-39
-39
-18
-11
-5
9
32
33
41
61
66
66
72
63
65
79
59
54
69
35
22
47
43
50
56
50
33
31
21
38
44
18
2
6
8
0
-8
-27
-36
-31
-39
-40
-39
-67
-65
-69
-84
-79
-75
-82
-95
-92
-94
-104
-114
-105
-115
-119
-107
-113
-90
-82
-81
-70
-71
-70
-60
-75
-92
-87
-76
-71
-62
-60
-77
-63
-45
-33
-38
-38
-34
-36
-27
-2
14
26
23
5
-7
-8
1
3
27
40
32
41
49
34
34
51
36
27
27
29
25
16
18
-3
-22
-29
-35
-27
-29
-28
-41
-61
-84
-92
-89
-116
-112
-114
-147
-156
-142
-147
-160
-164
-193
-195
-197
-206
-197
-182
-170
-160
-150
-153
-146
-139
-133
-116
-103
-86
-83
-95
-86
-74
-75
-63
-56
-57
-46
-44
-47
-38
-28
-23
-17
-2
8
9
25
36
32
38
45
40
31
11
9
6
2
3
16
30
29
29
15
9
-4
-13
-14
-14
-25
-28
-9
-34
-67
-67
-68
-72
-70
-82
-87
-95
-98
-81
-74
-78
-77
-87
-85
-93
-77
-62
-48
-38
-42
-20
-24
-32
-25
-5
7
3
18
31
28
34
35
42
49
54
62
68
69
61
58
67
67
80
76
85
89
78
83
93
97
106
109
103
106
113
114
107
107
102
104
115
120
105
100
97
91
81
73
67
48
43
41
35
28
27
15
14
20
-8
-25
-20
-43
-65
-71
-91
-94
-83
-85
-86
-90
-95
-102
-105
-116
-111
-109
-107
-112
-116
-106
-101
-108
-101
-84
-79
-77
-69
-69
-70
-54
-45
-40
-24
-5
13
26
40
55
67
62
67
82
85
104
104
100
118
132
149
168
174
181
178
169
179
185
175
166
169
149
141
139
116
114
110
103
91
80
77
79
68
30
35
46
31
4
-11
-22
-34
-43
-42
-34
-40
-41
-23
-30
-34
-21
-18
-21
-17
-5
-13
3
15
21
29
41
49
46
50
48
57
72
83
100
101
112
130
134
136
156
157
162
177
174
177
178
183
176
193
196
188
207
229
227
230
221
223
240
237
254
268
256
253
275
269
248
236
245
247
240
206
182
183
176
176
177
147
131
131
126
129
122
98
87
82
70
72
63
44
39
30
32
30
25
32
38
26
25
40
35
32
27
19
20
32
22
57
78
76
80
78
85
103
109
125
151
161
168
179
187
171
184
189
193
184
183
191
196
205
222
225
234
226
222
237
242
211
190
207
199
192
192
159
152
147
139
145
136
95
84
89
79
90
86
78
77
71
60
34
30
35
50
64
42
34
40
45
49
66
76
77
77
75
58
69
73
73
97
116
116
113
130
144
140
133
138
164
174
164
181
188
180
197
195
193
188
183
202
209
216
224
224
236
240
227
223
236
237
219
216
208
198
193
192
199
191
168
159
168
162
167
186
191
182
177
158
142
138
127
115
112
94
76
90
82
72
78
83
82
83
77
64
58
56
52
60
47
58
70
69
73
74
83
93
101
100
86
103
126
126
132
139
144
149
169
173
177
187
180
185
184
187
178
174
162
164
179
170
151
149
142
133
133
119
122
137
132
115
125
120
103
96
89
76
47
44
45
32
25
33
30
27
26
14
19
13
20
22
5
16
29
12
11
14
-1
18
13
-7
-2
-4
-7
-14
-7
-6
-16
-13
-21
-9
-16
-13
-17
-15
-3
17
28
28
24
37
64
68
75
79
77
98
116
122
130
141
128
130
149
154
148
131
167
150
139
150
140
140
148
151
139
137
149
147
143
145
125
118
106
108
89
77
75
67
66
62
56
44
48
34
33
39
21
4
-1
1
14
24
18
19
-2
-17
-39
-43
-42
-30
-8
-14
-4
-5
-2
8
8
-7
2
7
8
16
32
33
35
38
35
38
22
7
-1
-4
19
9
12
28
25
17
22
28
11
23
31
45
55
44
40
41
43
46
41
46
40
32
34
43
51
48
41
27
14
15
27
12
11
-2
-15
-38
-56
-53
-45
-39
-39
-32
-36
-59
-76
-86
-83
-68
-75
-76
-101
-102
-117
-124
-123
-140
-136
-127
-131
-149
-148
-151
-148
-162
-172
-177
-179
-180
-181
-172
-175
-165
-142
-152
-156
-154
-164
-154
-139
-142
-157
-141
-143
-160
-156
-146
-121
-105
-95
-80
-78
-64
-67
-70
-61
-44
-53
-49
-35
-43
-41
-53
-46
-42
-37
-33
-32
-57
-52
-37
-40
-35
-30
-40
-48
-58
-70
-70
-66
-62
-56
-55
-64
-73
-104
-117
-113
-112
-109
-90
-105
-114
-105
-109
-117
-111
-111
-126
-131
-136
-128
-126
-139
-145
-131
-122
-117
-134
-136
-143
-143
-139
-135
-121
-131
-134
-129
-128
-143
-137
-130
-140
-146
-153
-153
-149
-161
-149
-133
-117
-132
-133
-120
-128
-140
-144
-139
-154
-155
-161
-166
-170
-181
-169
-146
-154
-167
-177
-186
-192
-197
-199
-199
-192
-211
-221
-209
-223
-232
-231
-246
-245
-234
-251
-246
-224
-239
-246
-245
-239
-249
-255
-247
-251
-253
-235
-231
-231
-235
-248
-266
-259
-243
-237
-231
-213
-213
-225
-215
-202
-202
-193
-171
-171
-167
-162
-162
-167
-161
-174
-176
-167
-169
-176
-174
-170
-165
-167
-147
-138
-151
-142
-156
-152
-155
-159
-158
-167
-161
-171
-184
-191
-178
-183
-186
-200
-206
-196
-184
-184
-203
-213
-204
-183
-174
-175
-189
-170
-149
-147
-142
-151
-149
-133
-129
-152
-148
-126
-115
-113
-116
-128
-121
-120
-125
-111
-105
-108
-99
-94
-91
-94
-100
-114
-116
-107
-119
-116
-118
-135
-133
-125
-129
-129
-125
-133
-150
-146
-165
-177
-178
-169
-175
-180
-179
-192
-192
-192
-177
-181
-192
-179
-154
-171
-185
-166
-158
-158
-151
-162
-146
-133
-123
-108
-104
-107
-100
-105
-115
-101
-113
-109
-104
-102
-100
-111
-97
-99
-103
-94
-96
-93
-88
-95
-98
-89
-91
-99
-93
-92
-96
-101
-100
-93
-93
-91
-107
-115
-98
-87
-82
-81
-87
-75
-70
-95
-91
-91
-100
-89
-99
-94
-96
-102
-95
-105
-102
-111
-116
-122
-127
-121
-111
-106
-117
-112
-105
-95
-77
-63
-53
-53
-53
-63
-74
-77
-80
-82
-75
-71
-61
-54
-32
-23
-18
-12
-16
-4
19
19
23
24
13
22
43
46
44
52
47
50
65
70
77
85
80
93
93
80
64
70
61
41
48
36
42
32
24
38
48
44
32
31
21
8
-4
-12
-25
-9
-7
-6
-16
-26
-40
-37
-23
-37
-35
-40
-55
-59
-50
-46
-48
-39
-34
-32
-34
-53
-61
-44
-23
-30
-36
-44
-45
-37
-24
-5
-24
-26
-21
-13
-7
-12
3
-13
-21
-28
-22
-16
-7
7
3
-2
7
27
41
24
1
13
15
18
24
25
7
9
8
3
17
20
23
24
42
30
18
21
29
44
30
36
38
35
40
37
37
27
24
19
28
40
34
30
24
18
25
41
55
52
48
64
73
76
77
74
78
80
83
83
83
74
75
83
96
108
129
137
150
138
134
152
157
158
154
160
163
153
151
146
154
149
162
161
151
152
159
153
139
146
140
140
125
114
115
114
113
107
104
107
114
123
112
109
121
125
134
134
128
120
119
129
118
115
114
101
92
98
97
86
79
87
93
95
93
90
80
74
78
82
79
78
84
81
85
73
73
87
86
85
91
99
121
111
111
112
102
121
120
129
137
130
132
123
131
136
130
125
133
110
106
123
116
113
103
104
110
92
90
105
122
110
107
92
88
98
102
94
87
85
68
67
69
82
84
81
80
73
75
80
76
83
96
105
106
112
109
95
95
101
103
89
91
88
99
96
82
81
86
93
105
110
100
104
104
106
106
125
119
108
120
122
136
133
127
137
134
127
120
120
111
117
133
124
119
125
134
153
154
162
183
181
173
182
187
180
163
150
152
134
130
140
127
109
98
104
114
103
113
122
111
108
115
120
138
141
129
132
120
105
99
95
91
75
84
90
86
83
65
74
78
81
88
97
90
94
94
90
90
82
97
105
114
113
117
119
129
118
126
123
117
114
122
129
113
116
111
118
108
100
96
108
109
118
123
110
101
97
102
101
84
78
83
74
80
91
93
91
93
94
95
82
82
68
63
46
41
72
68
56
49
48
26
-1
-4
0
13
24
34
31
24
17
27
41
40
25
33
50
37
36
56
72
70
81
90
88
99
117
142
167
154
148
156
143
138
165
170
168
171
179
170
168
159
151
172
178
163
158
171
166
177
158
137
141
136
135
144
134
123
120
117
118
117
101
73
74
75
51
58
56
30
12
15
7
3
-4
-1
3
-4
-9
-1
12
20
27
8
9
11
16
16
19
18
13
53
75
50
67
74
75
91
96
108
115
104
107
107
115
116
123
147
158
155
132
120
114
127
151
149
161
171
173
190
186
179
182
179
163
159
148
149
155
158
139
131
119
107
108
116
115
92
88
83
79
79
57
43
42
30
5
-19
-20
-34
-36
-35
-63
-68
-61
-73
-68
-40
-66
-65
-52
-45
-35
-7
-29
-42
-28
-42
-48
-29
-26
-23
2
-7
-8
12
10
-6
28
36
47
70
69
69
91
98
85
102
106
108
121
109
90
92
87
98
112
119
122
109
105
106
111
113
99
111
101
83
90
83
76
77
81
66
59
48
37
51
56
52
48
43
24
20
16
10
2
-7
8
-10
-23
-17
-14
-30
-26
-15
-24
-23
-39
-32
-23
-29
-40
-39
-40
-56
-67
-76
-55
-61
-70
-70
-55
-30
-19
-32
-18
15
0
4
5
17
33
52
45
38
54
41
43
41
59
50
53
57
59
52
37
41
41
46
40
35
32
40
33
13
29
35
20
21
16
18
5
6
-2
0
21
10
9
-9
-29
-20
-23
-37
-40
-50
-62
-58
-62
-69
-69
-58
-28
-24
-17
2
1
-12
0
6
1
-7
-28
-35
-18
-13
-29
-4
