31
49
60
45
46
47
48
44
53
25
41
59
48
47
32
30
46
27
22
26
18
42
38
34
21
20
9
11
31
7
0
-8
-12
-16
-28
-21
-41
-36
-28
-36
-49
-49
-64
-49
-67
-83
-67
-73
-83
-101
-101
-108
-114
-130
-116
-116
-138
-116
-98
-93
-98
-102
-102
-97
-101
-93
-67
-85
-80
-82
-89
-83
-82
-76
-74
-81
-82
-96
-81
-84
-81
-83
-74
-81
-82
-84
-90
-87
-89
-85
-89
-81
-62
-62
-77
-46
-54
-37
-35
-36
-25
-13
3
-20
4
5
9
-6
1
10
18
22
20
37
22
16
19
23
23
14
33
37
28
35
27
31
43
21
20
27
25
20
11
12
5
24
16
0
-9
1
-8
-1
11
0
-5
-6
-3
-1
4
-9
-11
0
-14
0
22
17
29
20
33
47
42
57
57
67
98
67
73
95
82
97
96
101
99
113
98
109
110
101
106
99
99
91
94
84
91
75
81
86
74
74
63
59
94
56
65
70
52
73
56
51
53
56
47
46
53
35
26
52
32
33
37
46
43
22
17
33
23
5
18
31
24
19
11
-2
7
-8
-5
17
-8
6
21
10
36
20
19
25
31
21
18
34
23
34
25
14
20
24
37
37
48
40
36
46
41
49
55
62
64
62
53
47
54
53
61
70
52
69
82
88
95
101
100
96
102
115
127
113
112
119
116
126
127
139
139
124
128
117
102
96
107
94
80
79
63
59
63
48
41
42
13
29
17
6
23
-2
9
22
-5
14
22
9
18
25
35
45
56
45
54
44
62
43
56
75
72
75
79
97
76
85
87
75
77
96
89
99
112
103
100
109
114
115
117
110
107
111
120
107
93
96
90
76
69
49
51
56
49
38
37
48
17
23
7
5
-4
-8
11
-1
-15
-16
-5
-18
-26
-32
-24
-28
-36
-51
-36
-50
-55
-60
-59
-59
-70
-49
-58
-69
-56
-65
-75
-71
-67
-65
-62
-39
-55
-56
-56
-63
-61
-62
-58
-44
-69
-59
-59
-57
-49
-68
-63
-70
-56
-47
-44
-44
-51
-45
-30
-40
-30
-38
-36
-25
-36
-16
-27
-33
-12
-31
-25
-17
-16
-16
-18
-20
-15
-9
6
-9
-3
8
-2
7
-6
-1
-1
-9
-5
2
10
13
19
20
9
1
4
8
12
30
21
24
33
24
21
16
19
21
18
26
26
34
41
22
51
55
41
57
36
39
57
37
55
57
61
60
59
59
55
68
64
65
67
66
77
62
65
68
72
64
84
63
74
81
78
97
75
91
83
78
73
57
76
76
74
79
69
49
61
87
70
71
80
68
61
63
44
46
43
37
50
22
19
-6
-12
-10
-6
6
-10
7
-7
-17
-1
-12
-24
-21
-35
-38
-29
-46
-45
-47
-72
-69
-51
-50
-42
-54
-55
-43
-31
-27
-41
-37
-49
-36
-38
-42
-56
-57
-47
-44
-56
-48
-49
-41
-45
-47
-24
-29
-36
-39
-35
-49
-43
-48
-33
-27
-22
-11
-8
6
-4
-2
-1
-4
7
-1
2
17
41
26
38
43
47
51
35
51
66
42
51
57
39
34
40
24
30
34
37
57
39
45
41
42
54
49
53
57
50
50
56
58
61
66
63
69
83
90
77
77
67
68
77
68
71
72
54
67
64
66
62
55
77
73
81
73
76
68
53
66
55
57
60
54
56
47
39
52
32
37
37
19
11
0
-4
-8
-23
-15
-22
-22
-17
-43
-41
-41
-50
-40
-36
-46
-39
-53
-64
-57
-77
-63
-56
-71
-58
-61
-63
-71
-82
-66
-73
-70
-63
-74
-70
-75
-73
-90
-64
-67
-69
-49
-58
-51
-45
-45
-30
-32
-27
-13
-16
-14
-8
-6
-10
-3
11
-1
-1
7
1
10
16
31
42
19
46
54
37
58
68
69
70
56
67
61
50
59
71
72
73
59
54
58
37
52
39
29
36
22
27
38
36
20
44
34
17
30
33
30
34
11
25
24
0
21
5
14
1
-5
3
-1
-16
7
1
-2
-7
-22
-9
-17
11
13
3
15
24
3
10
24
13
20
17
29
37
29
28
25
22
40
36
41
40
24
47
31
20
40
19
51
51
40
60
53
55
66
68
67
69
62
72
59
53
79
59
70
86
72
69
73
76
81
73
60
83
89
77
86
88
50
71
76
39
68
78
41
57
57
48
54
40
44
62
56
39
62
54
49
48
34
46
53
36
53
58
52
56
54
48
55
56
50
34
48
48
33
47
25
28
54
30
36
42
27
33
24
22
45
50
41
35
43
50
58
58
49
63
59
65
68
64
66
52
71
54
47
67
61
63
87
54
50
61
21
49
51
22
41
27
39
35
42
51
23
34
27
24
9
16
24
17
7
-2
2
-9
-21
-21
-6
-26
-28
-14
-25
-18
-29
-43
-45
-41
-72
-60
-46
-49
-40
-56
-61
-68
-51
-57
-64
-65
-64
-55
-63
-59
-45
-51
-46
-26
-39
-40
-36
-53
-35
-29
-24
-20
-25
-4
-12
2
4
11
17
-2
16
21
11
26
3
10
18
5
20
23
22
8
8
33
17
15
13
-13
-12
-29
-40
-63
-59
-77
-72
-62
-69
-69
-66
-68
-78
-66
-85
-78
-70
-61
-66
-55
-65
-53
-65
-73
-48
-46
-40
-48
-55
-45
-30
-47
-40
-46
-60
-50
-56
-60
-52
-59
-57
-57
-62
-44
-38
-43
-31
-39
-43
-38
-40
-22
-10
-38
-23
-3
-23
-17
-25
-27
-7
-8
-12
8
9
-9
-1
-2
13
14
29
30
27
37
25
28
40
36
31
56
57
39
53
52
58
42
54
48
39
54
44
41
39
52
35
24
34
31
29
31
41
36
34
28
25
4
0
15
13
18
7
7
7
-1
23
32
17
25
24
32
31
22
42
53
36
55
58
58
52
49
55
50
47
42
53
62
61
51
41
35
34
22
37
17
2
0
-15
-18
-31
-33
-33
-28
-46
-35
-39
-43
-40
-47
-43
-44
-29
-54
-45
-25
-45
-38
-30
-38
-21
-35
-27
-11
-39
-25
-39
-54
-34
-45
-36
-38
-30
-30
-42
-30
-39
-46
-40
-49
-41
-32
-37
-29
-20
-13
2
-2
5
5
-1
21
31
26
20
22
15
20
15
17
5
-3
-5
-28
-9
-21
-34
-41
-42
-53
-72
-61
-72
-66
-56
-58
-63
-57
-67
-67
-58
-63
-52
-67
-58
-47
-62
-55
-52
-49
-64
-62
-66
-61
-52
-74
-48
-57
-72
-69
-74
-62
-81
-97
-105
-86
-100
-112
-91
-101
-90
-85
-79
-55
-56
-56
-56
-54
-72
-62
-63
-65
-45
-69
-73
-60
-68
-74
-74
-63
-64
-66
-73
-84
-70
-67
-78
-74
-72
-75
-67
-76
-51
-63
-69
-40
-59
-42
-49
-46
-28
-42
-52
-36
-32
-25
-32
-30
-7
-29
-21
-24
-30
-13
-14
-14
7
-9
-6
7
-3
13
6
8
29
35
9
13
15
6
-3
-3
-7
-21
-40
-40
-41
-42
-54
-50
-36
-48
-44
-44
-46
-43
-37
-54
-57
-60
-73
-71
-70
-85
-68
-62
-72
-58
-65
-55
-59
-40
-39
-47
-37
-20
-33
-37
-49
-51
-31
-45
-46
-52
-58
-57
-53
-43
-56
-69
-67
-62
-68
-73
-62
-63
-71
-68
-52
-47
-49
-44
-44
-30
-37
-26
-19
-18
-12
-15
1
10
9
4
11
19
6
-2
6
-7
-9
-15
-21
-14
-29
-25
-18
-35
-33
-37
-42
-44
-50
-54
-42
-42
-53
-38
-40
-51
-40
-35
-38
-30
-21
-33
-28
-15
-23
1
7
-23
-7
-3
1
19
23
18
11
18
9
6
-3
-1
-6
-23
-30
-11
-13
-17
-14
-13
-7
-11
-18
-18
-11
-15
-37
-37
-25
-57
-46
-22
-20
-27
-16
-23
-32
-16
-23
-26
-17
-28
-28
-18
-32
-29
-23
-34
-29
-40
-53
-46
-44
-55
-68
-60
-61
-63
-63
-82
-74
-56
-67
-66
-49
-61
-75
-61
-50
-54
-40
-32
-37
-19
-30
-33
-19
-24
-14
-6
-1
-23
-32
-31
-36
-55
-59
-74
-73
-81
-99
-93
-105
-105
-111
-112
-110
-104
-107
-133
-127
-132
-126
-109
-117
-113
-106
-125
-99
-99
-113
-94
-101
-95
-84
-57
-62
-60
-68
-54
-56
-48
-47
-36
-30
-53
-32
-27
-43
-48
-63
-47
-34
-49
-34
-30
-36
-29
-36
-38
-40
-23
-20
-33
-7
-14
-16
-17
-25
-10
-24
-18
7
-4
2
-12
-6
-8
-11
-18
-14
-6
-1
-1
-13
-14
-24
-4
-20
-15
-21
-19
-16
-22
-16
-26
-18
-14
-22
-6
-1
-16
-17
-23
-26
-31
-30
-45
-30
-38
-46
-47
-50
-45
-41
-36
-44
-50
-52
-49
-61
-68
-65
-56
-63
-62
-57
-72
-61
-46
-43
-36
-39
-43
-38
-33
-38
-44
-32
-26
-18
-13
-19
-18
-12
-14
-25
-27
-24
-9
-8
-3
-10
-22
3
-7
-7
-10
-28
-8
-35
-34
-19
-36
-30
-35
-50
-45
-48
-42
-56
-70
-60
-64
-73
-66
-65
-66
-67
-76
-87
-65
-78
-69
-65
-59
-57
-50
-54
-55
-38
-37
-23
-19
-12
-14
3
-13
-1
15
12
10
10
2
0
6
-5
-7
-7
-15
-25
-26
-37
-40
-39
-58
-42
-37
-34
-39
-31
-24
-36
-25
-29
-24
2
-10
-2
11
-14
11
2
-6
10
11
9
6
24
21
31
23
13
25
27
23
30
38
34
15
16
19
10
18
-9
-5
16
0
16
18
16
39
45
40
45
50
49
51
52
64
79
87
73
95
73
64
67
71
69
52
62
55
50
65
60
57
50
55
52
47
46
56
54
58
56
38
59
37
31
36
28
19
22
18
-4
3
1
-8
-1
-22
-28
-26
-46
-22
-29
-55
-24
-33
-40
-35
-52
-33
-40
-46
-23
-30
-14
-10
-19
-10
-7
-2
-4
-8
1
6
21
23
3
6
-5
10
-5
-6
6
-21
4
-12
-18
-16
-9
-1
9
9
-4
5
-9
16
5
13
20
24
24
21
24
21
26
12
10
13
24
16
13
18
9
1
13
15
15
5
2
-12
-25
-18
-20
-34
-29
-33
-41
-35
-30
-32
-39
-42
-40
-38
-23
-33
-30
-12
-21
-7
5
1
9
26
10
20
18
29
34
8
14
8
22
17
13
12
4
7
7
1
-29
-4
-13
-23
-9
-32
-20
-14
-28
-9
-22
-13
-19
-11
-3
-6
2
8
9
-18
-6
7
0
-1
6
9
26
29
5
28
27
14
35
29
41
40
40
52
41
38
28
33
18
26
28
33
47
26
38
48
30
28
37
31
35
29
20
10
26
26
25
0
5
7
1
23
31
23
22
33
38
35
32
41
28
26
37
28
27
15
12
17
5
1
1
8
13
2
8
26
8
16
19
9
24
20
17
11
16
3
32
19
9
35
25
35
48
45
44
55
48
61
72
60
70
77
61
63
61
73
86
84
74
77
88
64
83
97
74
82
84
89
94
93
91
93
90
79
75
74
75
87
88
74
73
71
83
69
71
69
40
58
46
38
29
30
35
27
6
19
31
21
24
19
36
19
16
21
19
15
30
60
59
52
62
71
64
75
83
100
120
103
101
108
107
110
109
107
103
106
80
89
93
76
82
66
64
76
75
70
65
57
61
61
54
64
62
75
73
69
68
65
71
69
63
61
57
57
53
46
42
38
36
31
43
38
9
14
29
13
9
8
11
-6
-14
-5
-7
-20
-25
6
16
-11
12
28
16
37
16
19
26
4
26
38
13
38
30
3
25
22
15
24
22
32
23
26
28
32
30
19
22
24
18
25
31
32
29
25
24
2
7
12
11
13
9
-5
2
-2
-3
5
19
26
9
4
0
9
21
5
1
2
-8
6
-9
-12
-11
-27
-15
-22
-7
-10
3
-2
-9
14
4
9
27
23
18
34
35
32
40
32
25
18
21
17
14
11
13
16
-2
-3
-7
-9
-11
-29
-9
-17
-31
-30
-13
-7
-1
-12
-3
23
14
36
33
48
65
56
48
53
64
62
54
69
61
59
57
54
62
50
38
32
26
15
9
2
10
-6
0
10
-4
6
5
-6
-3
18
26
15
26
22
24
43
28
55
61
51
74
64
69
81
73
67
70
61
58
57
52
40
34
30
24
42
49
45
34
38
41
38
29
42
24
22
20
8
39
44
27
26
39
47
42
32
46
34
6
22
13
12
13
7
4
-7
-20
-13
7
7
3
1
-2
18
28
20
25
27
24
20
31
42
55
43
33
47
32
37
44
45
53
53
51
58
74
66
75
82
67
66
51
62
66
54
59
48
42
48
52
33
25
31
26
18
16
16
16
28
14
9
15
12
18
11
8
8
20
23
30
15
19
17
20
19
30
22
10
23
30
30
25
19
2
-12
-3
9
1
-10
-4
-1
-8
-28
-19
-5
-5
0
-21
-12
16
-10
-9
-4
-11
-2
-13
-14
2
-3
-24
-7
-5
-19
6
6
-1
8
4
-4
3
-6
-8
-5
-18
-10
-6
-8
-1
-5
-3
-1
13
5
-4
5
-19
-5
-2
-18
5
2
-20
-3
1
-9
-16
-19
-7
-26
-23
-26
-9
-15
-28
-10
-9
-18
-8
-15
-5
-13
-13
-13
-8
-18
-21
-4
-9
6
9
-11
-4
6
-15
-15
-3
1
3
-9
-24
-3
-21
-11
-18
-27
-21
-41
-50
-45
-44
-37
-48
-41
-31
-49
-35
-53
-57
-52
-84
-88
-102
-91
-106
-115
-113
-116
-116
-129
-129
-126
-101
-109
-102
-104
-81
-82
-92
-79
-70
-58
-65
-82
-61
-41
-31
-33
-42
-24
-41
-25
-3
-14
-3
-13
-14
12
-4
-1
-7
8
24
-5
14
15
7
0
-11
6
-2
5
-4
0
-3
-11
4
14
13
6
11
7
8
12
7
8
17
25
7
8
6
0
11
-2
-14
-1
1
0
16
20
19
12
36
49
25
39
26
25
39
26
31
38
39
40
30
32
16
-3
14
18
20
17
14
28
8
9
6
5
-4
-6
10
-10
4
-9
-9
8
4
-12
-14
-8
-3
-3
-6
0
3
-2
-9
-1
-9
-15
-9
-20
-12
-10
-40
-41
-30
-34
-31
-43
-50
-49
-35
-20
-23
-25
-4
-18
-16
5
-1
12
16
19
20
19
30
12
10
29
22
35
75
88
82
112
137
135
118
86
81
76
63
44
57
31
43
59
61
55
24
15
12
21
8
-2
16
25
43
40
31
24
18
-4
-8
-20
-27
-11
-24
-10
-29
-33
-10
-10
-5
-16
-14
-23
-29
-35
-30
-28
-37
-34
-38
-54
-53
-57
-43
-54
-48
-31
-40
-25
-16
-23
-19
-5
-20
-22
-3
-9
-12
-8
-13
-2
2
9
-7
4
-4
-14
-15
-17
-17
-12
-22
-15
0
-11
-16
-29
-23
-30
-8
-14
-12
-15
-22
-27
-21
-25
-53
-43
-50
-45
-47
-57
-58
-55
-65
-63
-67
-66
-68
-83
-84
-80
-67
-71
-60
-56
-63
-61
-43
-29
-27
-27
-19
-13
-28
-13
-42
-38
-35
-60
-45
-32
-49
-51
-44
-49
-43
-54
-82
-76
-87
-103
-110
-112
-86
-104
-107
-93
-96
-95
-113
-109
-98
-102
-103
-97
-94
-87
-83
-85
-100
-97
-87
-90
-79
-81
-84
-61
-75
-73
-88
-77
-79
-85
-81
-80
-57
-57
-62
-48
-44
-47
-34
-24
1
1
-4
-6
4
22
13
28
56
34
66
63
49
70
52
59
49
60
54
21
16
16
9
18
10
19
11
-7
18
11
-2
11
18
-4
-3
-13
-16
1
4
0
1
-12
-14
5
14
38
41
29
45
49
27
17
13
7
1
12
0
-10
5
0
7
9
14
29
35
0
8
37
51
42
34
49
72
61
59
76
16
-24
-35
2
-15
-11
12
24
75
83
52
29
2
8
19
7
46
33
39
66
6
20
10
0
4
-15
10
31
54
62
52
21
-9
-7
6
3
4
14
8
9
-16
-30
-38
-51
-54
-39
-27
-32
-6
-1
-18
-4
-3
-15
-6
1
23
23
27
12
7
-2
-3
16
2
5
-16
-8
-7
-29
-22
-28
-26
-27
-16
-3
-8
2
15
6
4
-8
-7
-30
-31
-20
-11
9
2
7
-2
-4
-12
-17
-7
8
32
23
30
36
15
-10
-15
-41
-45
-21
-39
-47
-33
-50
-49
-52
-52
-42
-37
-21
-11
-21
-23
0
0
4
-12
-21
-22
-17
8
23
50
49
32
56
70
102
90
113
123
106
105
121
103
71
85
80
98
85
67
74
88
73
85
70
52
36
46
31
28
24
5
14
-5
-5
-4
-23
-41
-23
-22
-35
-24
-13
-33
-26
4
-25
-23
3
0
22
10
8
48
15
-14
1
-13
-21
-16
-13
-11
-17
-21
8
17
-28
-15
3
17
47
26
3
37
37
24
31
56
48
13
43
25
21
32
36
41
23
28
28
34
10
8
-22
-11
8
-23
-2
-34
-29
-27
-34
-34
-35
-42
-80
-69
-28
-8
-10
14
30
-14
-28
-10
37
-14
-8
-9
39
-18
-52
45
32
14
-38
70
29
29
-32
71
47
-18
46
95
57
-13
82
28
-15
-9
99
53
16
89
82
22
41
69
22
70
61
22
15
80
82
5
83
70
-19
26
77
36
2
129
121
82
114
154
145
115
176
114
107
72
117
138
89
116
126
106
41
68
149
51
34
99
99
47
111
138
66
39
109
133
-35
119
63
103
-4
115
162
-55
91
289
-33
10
138
78
-26
-26
210
-18
-114
227
17
-245
218
-14
-250
168
29
-146
-43
215
-33
-231
209
47
-150
-93
196
-193
-56
225
-10
-48
157
68
-166
202
-53
-57
93
181
-59
52
176
-11
25
-4
39
-5
29
83
47
92
47
-18
128
67
-58
57
150
27
48
128
28
69
70
81
4
132
76
-113
210
43
-8
53
129
22
3
155
0
50
-15
47
-93
-22
56
-36
-28
7
-61
-126
-99
-109
-121
-150
-181
-38
-100
-162
1
-170
-123
-139
-47
-206
-164
19
-136
-115
-72
136
-317
40
31
-186
-62
10
-7
-161
105
9
52
-64
42
176
-120
98
33
-32
-17
44
34
-65
-11
13
45
-248
9
239
-293
114
19
48
-89
-117
264
-167
-18
-23
113
-273
38
55
-182
-10
119
-68
-164
308
-76
-155
238
123
-150
72
11
-54
-19
10
49
-46
-208
106
-119
-213
138
-182
-147
179
-45
-34
23
-38
-3
67
-217
213
-118
-126
87
-112
103
-319
254
-80
-72
20
19
46
-78
72
-33
40
13
70
-7
-104
147
-135
-149
310
-205
4
-30
180
-83
-181
278
-36
-161
125
213
-171
-84
276
-245
-55
223
-250
79
-18
117
-209
64
237
-301
257
-51
88
-176
152
111
-199
305
-241
220
-60
89
36
-25
229
-164
225
-34
104
3
104
116
-69
244
-42
83
55
10
32
49
-18
29
56
-82
46
78
64
-154
246
-51
-149
168
138
-195
100
241
-199
57
5
144
-142
128
27
-95
47
158
-220
59
144
-283
25
-9
-17
-164
-66
61
-28
-426
267
-204
-123
-119
126
-6
-392
318
-253
-118
-142
101
-224
122
-55
-117
251
-337
117
-92
48
-50
12
-57
243
-193
81
-22
-81
70
-202
331
-518
406
-187
11
-90
181
-196
-158
266
-328
277
-359
370
-297
35
52
-29
-32
-252
393
-565
375
-28
-408
486
-440
169
-36
-174
80
-42
-53
-269
333
-429
283
-274
-173
98
-237
77
-323
222
-190
-66
-51
-97
-50
-309
194
-141
-255
265
-362
134
-307
184
-242
-139
212
-129
-109
-104
236
-470
172
-307
-115
-55
-230
121
-515
207
-375
-318
158
-623
172
-541
172
-466
-4
-279
-224
-176
-436
232
-717
80
-248
-65
-252
-171
115
-440
8
-242
-57
-175
-114
-13
-187
281
-454
116
-92
-89
-161
-109
195
-405
225
-406
431
-697
305
-39
-70
-172
29
226
-552
335
-218
390
-710
373
107
-276
-108
327
-303
-148
294
-62
-188
56
176
-461
287
-93
162
-362
25
264
-470
78
181
-166
-149
346
-335
71
-82
-97
41
-409
404
-147
-161
-16
251
-426
-14
300
-217
6
-180
258
-234
36
-251
489
-630
196
87
-449
106
-41
-28
-307
621
-505
334
-434
263
-21
-148
119
-8
-305
360
-21
-237
75
-153
-240
-139
24
-329
-135
-93
-28
-425
300
-49
-634
399
-362
33
-261
89
-75
-366
171
-247
-3
-475
251
-231
-128
72
-254
159
-180
-165
263
-69
-144
123
197
-243
51
58
-214
230
-72
-94
2
74
-85
-168
135
63
-236
-175
496
-450
-29
80
-195
10
-114
46
-363
-287
260
-371
-130
-191
93
-338
-371
190
-447
-219
-35
65
-624
378
-411
-100
58
-283
-23
-233
10
-173
-167
-113
87
-416
269
-245
133
-184
-9
130
-23
-51
201
22
-11
123
-166
482
-236
91
39
344
-653
565
-63
-154
47
324
-429
353
-121
-107
358
-666
648
-575
240
-544
505
-723
362
-162
-498
349
-363
0
-433
423
-642
337
-408
63
-194
-363
121
128
-367
-222
444
-533
30
-149
-9
-253
9
-14
-201
-111
93
-386
182
-397
157
-170
107
-138
-97
-15
-328
534
-715
431
-218
112
-128
-19
94
-178
-78
-20
18
-181
64
-135
-89
-2
-62
-104
-201
71
-236
-90
-105
80
-564
-107
194
-300
-178
-311
388
-773
316
-428
152
-357
-84
238
-552
391
-443
275
-325
-13
-94
-6
-237
188
-143
-158
229
-9
-277
105
-72
-395
433
-377
109
-82
-57
-26
8
-200
172
-35
-381
392
-186
-177
388
-490
306
-146
-185
173
-291
194
-564
536
-616
199
49
-398
48
-96
-102
-266
272
-275
-340
375
-540
351
-588
301
-145
-535
503
-672
460
-749
817
-942
295
64
-216
-62
-126
108
-697
705
-731
148
43
-489
802
-746
169
-73
-109
-205
93
-84
-281
647
-1129
1094
-455
-277
145
29
-127
-318
186
243
-571
161
190
69
-479
279
331
-769
219
64
247
-641
676
-20
-231
121
-138
206
-412
113
258
-36
-19
151
-99
-11
-49
-212
278
-258
425
88
-39
54
161
-383
180
-295
231
64
-66
93
242
-409
160
-5
281
-142
-236
693
-89
-84
-8
301
-309
31
316
9
32
175
0
363
-244
44
344
11
-106
240
-144
431
-164
-45
267
115
-443
375
72
-454
733
-1100
1231
-629
281
-362
527
-254
-297
560
-786
804
-926
879
-578
372
-358
9
58
-315
635
-712
419
-55
100
-495
398
-93
-414
196
-61
224
-474
270
61
-357
185
-77
97
-223
179
79
-431
191
33
-382
470
-335
453
-239
184
-145
111
-5
-6
95
-366
769
-696
485
-158
40
-246
20
19
152
-304
294
-386
504
-512
170
471
-868
679
-533
697
-1027
975
-894
200
2
-37
-111
258
-95
-325
352
-13
-53
-424
490
-137
-7
-89
524
-875
390
-576
256
-828
909
-1106
938
-413
363
-507
128
309
-1076
717
-368
506
-948
800
-377
-183
-8
155
-495
230
-356
378
-609
765
-959
372
321
-584
621
-599
766
-820
319
132
-78
-262
29
608
-599
281
336
-514
83
248
68
-362
729
-272
159
-173
116
-112
-668
1012
-842
436
192
178
-317
368
-156
75
-198
213
647
-854
559
286
-891
800
-879
940
-727
88
675
-826
349
-153
538
-1319
1394
-743
528
-282
341
262
-911
639
-119
-355
-59
379
-286
278
-5
367
-568
369
89
-184
-322
885
-725
98
506
-396
76
-97
-249
430
-569
144
134
-290
468
-721
771
-487
221
-212
357
-778
476
141
-843
796
-469
69
-87
-100
-30
102
-486
603
-795
399
-222
368
-489
219
28
-236
271
-337
284
-426
175
-471
375
-145
-46
-231
673
-1283
1051
-541
-483
868
-995
450
-267
222
-580
129
-110
-640
998
-1441
1380
-974
-348
1081
-1177
876
-914
1009
-945
411
-316
45
410
-1005
1094
-920
632
-376
119
204
-899
1190
-1137
942
-528
-237
677
-711
565
-652
1028
-1137
1187
-545
-5
732
-782
1565
-1812
2302
-1550
1131
-191
365
200
-682
1587
-1312
1231
-766
1573
-1259
1454
-281
55
545
-652
1342
-1205
1222
-521
475
36
414
90
-458
792
-959
1125
-936
1028
-853
448
263
-666
1368
-1589
1583
-1189
1022
-390
585
-527
-270
1229
-1615
1656
-1298
801
-3
-789
908
-642
1011
-1220
890
-175
-75
195
-91
1001
-1971
2174
-1554
1197
-630
305
195
-819
987
-459
789
-1040
1192
-1013
919
-339
-4
-164
91
375
-733
969
-357
-173
256
123
-434
148
508
-461
471
69
237
-396
250
582
-818
445
282
225
-526
480
16
-549
686
213
-260
-22
428
-384
302
-301
494
-746
57
754
-885
547
-440
703
-963
908
-677
904
-844
542
692
-1083
911
-76
202
-458
815
-742
1079
-749
815
-97
-174
93
119
300
-185
509
-513
983
-538
418
-261
618
-702
690
-188
126
-642
1081
-491
39
384
-436
922
-911
817
-283
293
-668
865
159
-486
255
-9
-246
624
-702
1154
-1140
609
221
-88
-44
-65
273
-431
906
-1157
792
-124
60
-184
159
211
-394
288
316
-229
205
-92
493
-185
-202
488
-486
953
-163
-141
400
101
-174
385
-134
583
-223
-198
985
-637
188
99
253
-378
371
-160
457
-627
996
-562
396
23
89
-89
-143
816
-1067
1315
-1442
2048
-1682
971
-51
-99
207
-281
717
-417
99
-23
876
-1674
1543
-343
-180
189
704
-759
536
-483
970
-644
235
635
-607
687
-463
555
-531
573
-155
28
336
127
-45
-230
614
-307
16
245
365
-223
-86
540
6
-360
260
95
-552
442
267
-596
754
-30
160
-145
117
291
-515
378
195
-118
-271
970
-553
107
489
-650
969
-1301
1746
-926
642
-134
386
188
-540
1233
-1167
1147
-955
1476
-943
1189
-333
-18
436
-228
321
-226
662
-396
534
275
-282
340
-442
475
-425
29
738
-961
1611
-1294
1209
-849
487
148
-19
-463
597
226
-723
1383
-1378
1409
-959
517
-117
108
-145
251
-28
373
14
-394
536
-198
-183
-392
634
-531
588
-455
568
-254
-102
314
-230
-192
371
246
-767
1217
-496
342
-316
574
-648
397
-87
-171
402
-183
524
-732
780
-481
730
-956
1196
-313
-372
805
-66
-180
-339
776
-746
910
-835
1072
-731
136
116
175
-146
172
663
-689
907
-889
482
-6
173
-818
993
-154
-154
-99
624
-957
1004
-349
193
323
-353
312
-289
134
2
478
-1159
1993
-1268
279
-50
404
-293
-81
-29
460
-219
-2
646
-891
570
-257
524
-341
142
245
-208
-153
870
-732
206
157
-50
242
206
-31
-388
925
-557
660
-735
1235
-434
-53
64
-55
329
-464
945
-718
777
-442
472
-248
-108
206
-166
541
193
255
-333
-52
471
-652
431
125
255
-345
717
-41
209
-159
76
304
-229
439
-141
203
-63
581
-302
222
479
-290
-91
534
-243
404
-51
143
10
-182
172
-78
87
167
22
-27
-20
325
-347
74
-36
379
-876
1253
-917
359
-45
-251
539
-790
500
-22
146
-524
485
-587
428
-648
725
-943
433
-416
750
-649
192
293
-598
608
-733
1059
-1670
1023
-759
367
-478
321
279
-477
237
436
-1214
902
-923
570
162
-388
295
144
-551
71
-47
-911
1429
-1276
772
-431
-167
-72
495
-919
592
-432
18
169
-655
805
-1490
1062
-570
413
-776
284
-620
282
-97
-469
627
-570
633
-688
242
-426
125
-164
-29
-8
203
-559
435
-189
347
-278
416
-104
250
149
-560
1075
-1688
1618
-1110
1264
-1078
884
-185
-275
928
-662
540
-619
686
-736
1139
-1097
886
-241
-209
389
-347
-170
241
-396
332
126
-652
924
-119
-254
221
-458
367
-316
416
85
-265
-593
1523
-1376
892
-689
563
-379
198
870
-880
484
-549
1163
-863
616
-540
565
-531
260
146
-417
528
-381
247
448
-1001
943
-568
161
-72
343
-532
274
-22
-193
431
-1033
1359
-1115
130
24
482
-891
722
-82
-128
-222
603
-250
-407
-124
-137
522
-615
423
-255
54
-539
699
-313
-249
538
-720
882
-668
-184
249
-879
531
-549
-216
207
23
-668
318
-32
-769
260
-248
-106
-122
-685
886
-759
-46
-128
38
-547
-236
197
-909
825
-694
234
-464
454
-654
-65
-414
465
-744
580
-401
343
-952
678
-363
-631
758
-1331
1155
-1031
597
-963
939
-853
754
-197
185
-245
102
-172
-104
521
-766
473
10
-259
277
183
-546
536
-120
584
-352
71
-42
61
-57
258
-396
203
34
40
-145
-308
479
-681
287
647
-111
-791
1277
-671
-329
569
-283
231
-785
852
-437
-220
208
369
-397
-119
813
-1228
484
185
-568
173
296
-502
281
-349
10
-242
-379
535
-586
240
159
-116
-786
512
-594
-121
118
-73
136
-586
50
-310
305
-905
619
-179
-518
365
-94
-95
24
-535
401
-464
-347
393
-652
44
88
-314
-235
268
-713
260
-107
-725
443
77
-405
51
-206
-551
-112
345
-1063
690
-544
-178
-144
150
-37
-1000
529
-581
-138
-225
350
-725
25
-85
543
-912
22
170
-954
-239
322
-874
505
35
-791
709
-256
42
-397
315
-783
212
-648
613
-114
-1283
772
-85
-1044
235
778
-718
-240
691
-546
417
-412
98
384
-828
510
-197
125
-21
358
-655
406
41
-212
411
-702
175
-175
-61
676
-296
115
45
93
-377
277
-332
-140
396
-216
536
-701
341
-524
530
-671
182
34
-148
413
520
-636
5
404
-1621
899
91
-840
314
543
-664
842
-698
-271
-175
17
203
752
-825
349
462
-601
354
-202
-602
-36
367
-160
589
-827
896
-631
272
-458
179
-846
229
380
-344
504
-54
13
-715
468
-479
-266
26
88
17
771
-361
512
-392
-99
-43
200
-98
-56
296
-451
586
-233
228
-185
101
-878
459
348
-538
705
-80
-517
-12
-60
-471
-32
-489
-124
773
-400
303
4
-412
249
-379
88
61
-137
-533
488
-294
-283
560
-906
193
-330
-191
233
-252
-104
-300
580
-889
310
-380
-403
-38
68
93
-104
-261
70
-173
-477
328
-41
-750
549
-85
-560
546
-53
-290
-381
921
-1061
684
-673
63
-399
-24
417
-382
-183
-117
271
-983
857
-378
-138
146
13
-354
-84
-325
400
-613
151
-254
229
-226
442
-292
-432
112
-190
284
-655
602
-880
415
-69
119
-357
236
-421
372
81
-845
857
-114
-31
71
320
-768
494
-191
-140
406
-549
232
206
-481
280
107
-410
142
493
-645
628
-174
-136
406
-374
214
38
-252
-278
313
-450
190
207
-420
-49
-47
-365
94
-73
-90
-123
297
-172
-44
-116
-214
-22
-300
271
-42
169
46
-6
-59
139
-264
181
-133
-81
151
61
168
-177
61
125
-285
32
71
-401
369
-185
-218
423
88
-177
286
-245
145
17
-33
236
-105
367
-168
258
-159
191
-182
-63
84
-348
39
168
-219
-130
85
-179
183
18
-350
216
-121
-117
361
-157
-357
308
130
-165
232
-514
152
0
51
124
127
-100
60
-32
-151
43
-12
-62
86
89
-110
132
190
-186
81
101
35
130
-187
107
-39
-215
51
296
-398
91
132
-122
165
-74
-130
16
155
-70
27
-281
403
-200
-118
362
-285
40
415
-191
249
273
-424
282
72
13
196
230
107
286
4
164
156
-122
38
-36
175
393
204
183
219
112
60
252
30
375
-92
210
328
-10
502
-113
145
109
-91
130
389
-52
199
374
-65
286
15
-62
147
-130
25
134
65
267
152
58
32
100
-138
162
-15
-111
80
219
-30
-144
120
-170
-51
-124
-49
-309
23
70
-45
123
-199
-60
-85
35
-298
-44
-224
-33
173
-135
95
-114
-236
-214
-257
-174
71
-386
8
189
-195
102
-265
-160
-318
-57
-249
2
-139
101
13
-55
108
-265
-3
-241
15
13
-186
210
102
23
192
-106
-130
38
-58
-20
144
-169
139
169
136
58
-66
-85
91
65
150
323
-9
257
293
109
118
129
18
110
121
223
133
116
114
94
-47
82
37
133
165
96
188
74
56
28
89
-63
-51
54
130
113
126
-26
68
-117
4
-81
74
19
22
9
-62
-91
-81
-36
-174
-83
-142
-75
-152
-88
-50
-163
-99
-119
-112
-34
-165
-86
21
63
45
12
-53
138
-73
-69
60
165
160
208
242
112
251
65
228
161
211
243
124
143
170
103
-15
293
252
362
310
413
346
276
379
308
263
375
331
413
521
363
429
309
261
350
350
350
365
360
398
419
243
287
121
58
140
57
189
-30
157
-19
-87
-117
-198
-247
-326
-445
-434
-413
-491
-450
-539
-520
-654
-626
-742
-611
-698
-772
-684
-714
-688
-695
-721
-676
-680
-596
-482
-644
-510
-470
-477
-388
-334
-224
-239
-114
-63
-19
-88
-63
-36
-3
220
269
366
439
422
435
502
655
657
936
1019
1098
1330
1413
1589
1808
1846
2027
2134
2113
2080
2300
2235
2607
2851
2950
3119
3018
2880
2862
3010
2889
2818
2594
2114
1517
798
-126
-461
-903
-1495
-1755
-1935
-1965
-2151
-2676
-3065
-3213
-3671
-3617
-3523
-3104
-2502
-2425
-1870
-1483
-1251
-1445
-1162
-1163
-1059
-573
-463
75
337
73
-451
-639
-1226
-1516
-1397
-1444
-1369
-1450
-1625
-1787
-1876
-2293
-2469
-2651
-2727
-2282
-2038
-1617
-1226
-1176
-1208
-988
-835
-353
3
458
1054
1554
2126
2691
3086
3457
3764
3986
4336
4997
5558
5983
6457
6468
6708
7151
7758
7984
7435
6441
5253
4198
1504
-1909
-2557
-2415
-1710
-997
-1900
-2049
-3181
-6126
-7127
-7849
-8131
-7476
-6763
-3896
-1762
-1747
-1543
-1540
-2295
-2918
-2715
-717
1596
3287
4663
5878
6217
4982
3453
2266
1066
473
553
1556
2062
1544
184
-1671
-4045
-6303
-7381
-7795
-7506
-6514
-5622
-4343
-3333
-3310
-3319
-3617
-3735
-3414
-2451
-956
544
1612
2441
2539
2115
1710
1387
1262
1210
1672
1785
1996
1899
1399
625
24
-589
-717
-607
-450
19
218
1054
1578
2341
3212
4136
5372
6991
8180
9031
9470
9264
9523
9228
8556
5906
1509
-684
-999
-392
634
-217
-1045
-2293
-5410
-7446
-8668
-9533
-9359
-8948
-6595
-3699
-2833
-2437
-2472
-3289
-3933
-4046
-1833
1086
3168
5104
6641
7564
6912
5405
3880
2323
1222
1252
2006
2895
2574
1038
-977
-3853
-6433
-8269
-8698
-7725
-6859
-5928
-4674
-4281
-3742
-3515
-3445
-3171
-2870
-1765
-227
1270
2362
2898
2827
2500
2127
2027
2062
2009
1915
1640
1357
879
253
-590
-1179
-1714
-2170
-2205
-2036
-1947
-2007
-1912
-1638
-622
807
2941
4742
6733
8343
9532
10843
11080
11280
11093
10947
10776
9564
6153
1400
-1425
-2171
-2035
-1828
-2867
-3946
-5435
-8156
-10074
-10874
-11591
-11278
-10146
-7357
-4055
-2981
-2044
-1378
-1619
-1813
-1017
1383
4213
6084
7731
9019
9229
8091
6393
4653
2827
1392
941
1346
1312
295
-1633
-3851
-6364
-8634
-9784
-9502
-8245
-6394
-5123
-3870
-2714
-2199
-1390
-706
-31
1016
2108
3219
4278
4619
4688
3487
1847
1507
1128
1086
1248
914
-21
-1059
-2244
-3377
-4179
-4751
-4821
-4839
-4282
-3687
-3675
-3519
-3205
-2816
-1915
-59
1990
4090
6551
8717
10365
11549
12215
12427
12272
12088
11886
11437
10108
7899
3223
-3092
-6072
-7271
-7021
-6067
-6830
-6986
-7773
-10375
-11664
-12458
-12423
-10718
-8750
-4267
331
2055
3578
3973
3427
3141
3158
5361
7653
9166
10809
11522
11174
9110
6197
3304
394
-1707
-2335
-2256
-2224
-3203
-4897
-6774
-9044
-10630
-11054
-10461
-8596
-6235
-3981
-1505
397
1382
2090
2211
1963
2480
3362
4288
5019
4968
4518
2479
-379
-2044
-3234
-3874
-3784
-4087
-4464
-4593
-5261
-6030
-6968
-7585
-7633
-6980
-5455
-3712
-2633
-1960
-1180
-432
625
2322
4104
5825
8048
10047
11857
13454
14312
14271
13110
11783
10595
9927
8959
7221
4976
849
-5878
-9689
-10314
-9970
-8370
-8587
-7864
-6460
-7838
-8384
-8097
-7924
-6121
-4277
-111
5160
6872
7609
8029
6856
5868
5172
6062
7567
7677
8084
8239
7354
5433
2379
-768
-4028
-6855
-7886
-7802
-7339
-7373
-7801
-8392
-9580
-10394
-9848
-8310
-6094
-3506
-900
1696
3564
4614
5354
5347
4528
3853
3796
3848
3545
2610
1597
-332
-2276
-3680
-4786
-5507
-5916
-6096
-6354
-6275
-6305
-6090
-5929
-5707
-5058
-4293
-3057
-1573
-331
1007
2329
3373
4509
5752
6990
8286
9563
11101
12492
13072
13151
12745
11855
10911
9524
8028
6480
4462
2248
34
-5904
-11097
-11423
-11189
-8412
-6878
-6796
-4587
-5352
-6922
-6519
-6876
-5281
-2941
-610
4692
7066
6960
7685
6121
4546
3390
3114
4509
4731
4885
5423
4873
3459
990
-1683
-4204
-7142
-8438
-7973
-7102
-6276
-6215
-6209
-6336
-7026
-6569
-5295
-3611
-1593
237
1742
3398
4396
4982
5210
4621
3575
2793
2169
1266
-167
-1454
-2397
-3823
-4199
-4389
-4818
-5105
-5644
-5920
-6344
-6410
-5845
-5109
-4370
-2902
-1877
-1463
-437
97
692
1704
2863
4270
5638
7197
8387
9166
10118
11056
10968
10686
10450
9713
9485
8655
7576
6517
4434
2170
-114
-5780
-10425
-10380
-9970
-6964
-4972
-4673
-2664
-3403
-4955
-4873
-5570
-4056
-1600
394
5334
7620
7143
7566
5926
4123
2973
2350
3350
3456
3439
4083
3911
2925
920
-1819
-4344
-7092
-8580
-8168
-7279
-6230
-5934
-5817
-5742
-6095
-5848
-5031
-4126
-2553
-1169
398
2360
3472
4106
4408
3701
2440
1191
286
-495
-963
-451
-463
-1110
-1982
-2863
-3857
-4717
-5334
-5750
-5715
-5189
-4394
-3842
-3066
-2449
-2334
-2418
-2070
-1343
-94
1682
3618
5193
6579
7559
8242
9085
9841
10811
11227
11360
11292
11057
10323
9416
7939
5793
3130
377
-4152
-10090
-11602
-10982
-9015
-6678
-6449
-5113
-4977
-6472
-6935
-7495
-6832
-3976
-1507
2618
6810
7410
8074
7590
5621
4145
3144
3769
4288
4307
4995
5394
4477
2805
461
-2293
-5007
-7326
-8164
-7858
-7179
-6637
-6072
-5829
-6120
-6493
-6583
-5776
-4488
-2997
-1325
456
1805
2816
3713
3974
3364
2209
1111
46
-771
-683
-373
-498
-1101
-1853
-2844
-3949
-4466
-4911
-5327
-5435
-5336
-5016
-4346
-3495
-2683
-2428
-2417
-2084
-1499
-149
1797
3784
5501
7219
8738
9858
11172
12583
13215
13311
12958
12559
11879
10914
10121
8026
4801
1783
-4315
-9693
-10519
-10371
-8020
-6459
-6750
-5495
-5951
-7121
-6933
-7936
-6793
-4082
-2109
2393
5951
7232
8805
7986
6525
5345
4238
4710
4769
4579
5358
5361
4448
3049
866
-1560
-4456
-6715
-7869
-8589
-8607
-8581
-8182
-7374
-7372
-7403
-7320
-6859
-5604
-4348
-2744
-906
242
1381
2595
3119
2877
2127
1243
431
-374
-666
-547
-721
-964
-1320
-1886
-2452
-2858
-3383
-3990
-4381
-4818
-5358
-5178
-4259
-3410
-2720
-2193
-1861
-1384
-531
1032
2964
4876
6915
9147
11078
12875
14503
15158
15237
14506
13312
12051
11060
9888
7462
3924
-2070
-7012
-8889
-9109
-7511
-6939
-6806
-6400
-7615
-8600
-8587
-8925
-7800
-6032
-4254
-613
2122
4454
7132
7742
7185
6003
5127
5119
4924
5143
6181
6591
5983
4623
2723
569
-2074
-4676
-6768
-8081
-9065
-9656
-9389
-8925
-8607
-8343
-8364
-7810
-6866
-5904
-4498
-3010
-1484
316
1775
2510
2550
2111
1534
850
311
394
576
532
295
170
123
28
-244
-975
-1950
-2819
-3635
-4200
-4239
-3859
-3233
-2933
-2700
-2105
-1625
-1286
-237
965
2624
5293
7761
10349
13220
14776
15468
15622
14735
13888
12623
10167
8140
4428
-511
-2558
-4133
-4402
-3756
-4763
-4950
-5528
-7631
-8839
-10142
-10683
-9010
-7619
-5399
-2615
-1205
769
2793
3587
4076
4339
4594
4575
4400
5050
6518
7649
7733
7004
5374
2936
416
-1841
-3644
-5135
-6744
-7871
-8381
-8536
-8515
-8427
-8233
-8051
-7990
-7674
-6847
-5593
-3642
-1466
433
1454
1431
1042
427
-426
-1120
-1118
-665
25
795
1412
1578
1327
723
-136
-1085
-1889
-2241
-2408
-2319
-1839
-1556
-1326
-1289
-1562
-1716
-1513
-652
338
1941
4161
6295
8333
10052
11500
12423
12827
12894
12508
11395
9697
6951
2875
-36
-1071
-976
-254
-401
-913
-1519
-3021
-4902
-6713
-8269
-8380
-7937
-7418
-5671
-4042
-2332
-568
231
739
879
1167
1574
1701
2227
3553
4831
5783
6331
6313
5621
4261
2638
1037
-437
-1965
-3421
-4431
-5186
-5798
-6203
-6249
-5998
-5955
-6481
-7020
-6886
-6011
-4395
-2880
-1702
-1136
-885
-922
-1137
-1427
-1555
-1323
-1355
-1175
-616
8
564
834
891
493
-84
-594
-985
-1159
-1027
-576
-282
-83
91
-35
-360
-411
-343
1
802
1800
2900
3977
5039
5822
6368
6779
7374
7662
7697
7662
6873
5712
3609
1360
505
300
666
1203
1252
1469
1390
462
-338
-1304
-2128
-2367
-2896
-2900
-2686
-2477
-1456
-418
150
387
256
76
-310
-898
-1008
-613
79
655
1199
1615
1788
1711
1415
892
-70
-1217
-2311
-3197
-3740
-3933
-3543
-3065
-2785
-2750
-2977
-2979
-2729
-2344
-1842
-1462
-1456
-1505
-1558
-1643
-1848
-2100
-2042
-2162
-2406
-2457
-2251
-1853
-1468
-1133
-1027
-1274
-1494
-1583
-1864
-1804
-1581
-1366
-928
-736
-665
-368
-359
-336
75
506
1191
2006
2739
3413
3848
4119
4592
5005
5278
5611
5912
6077
6314
6293
5931
5071
3388
2052
1577
1859
2804
3378
3705
4189
4253
3778
2953
1869
1068
394
-182
-470
-625
-407
-42
-32
-547
-1154
-1581
-1862
-2210
-2659
-2721
-2234
-1760
-1439
-995
-709
-680
-991
-1460
-1874
-2276
-2604
-2922
-3201
-3351
-3354
-2975
-2410
-2069
-1902
-1938
-1871
-1761
-1819
-1748
-1837
-2177
-2461
-2809
-3021
-3067
-3022
-2696
-2598
-2413
-2126
-1946
-1551
-1552
-1528
-1728
-1839
-1738
-1466
-1330
-1045
-873
-771
-377
-206
-40
509
1092
1392
1620
1850
2449
2714
3404
3637
3606
3603
3705
4102
4468
4879
5032
5249
5323
5456
5180
4234
3256
2690
2849
3664
4338
4751
4947
4874
4494
3660
2557
1630
1048
624
392
122
-86
-168
-277
-768
-1435
-1884
-2199
-2517
-2830
-2995
-2807
-2425
-2064
-1763
-1674
-1754
-1986
-2208
-2325
-2534
-2796
-2842
-2870
-2916
-2854
-2764
-2615
-2444
-2391
-2568
-2745
-2869
-2937
-2636
-2276
-2083
-2042
-2271
-2503
-2691
-2561
-2129
-1575
-1205
-1264
-1100
-1162
-1210
-1076
-1027
-742
-792
-318
-412
-194
-333
131
-2
288
615
117
777
1103
1511
1619
2015
2108
2689
2638
2783
3050
2541
2758
3504
3776
4488
5007
5442
5884
5664
4822
3928
3595
3514
4128
4365
4684
4943
5018
4737
4375
3325
2475
2053
1517
1159
656
150
-255
-536
-1021
-1394
-2048
-2378
-2656
-3054
-3197
-2990
-2765
-2629
-2680
-2855
-2896
-2890
-2889
-2787
-2749
-2701
-2758
-3012
-3218
-3372
-3313
-3288
-3088
-2938
-2768
-2684
-2461
-2205
-1839
-1561
-1455
-1693
-2088
-2040
-1956
-1807
-1460
-1237
-1187
-1467
-1787
-1794
-1811
-1625
-1632
-1325
-890
-487
-170
55
-236
-137
-51
-381
105
474
1059
1350
1494
1931
2212
2366
2605
2769
2353
2337
2400
2926
3667
4184
4697
5196
5431
5462
5288
4441
3619
3011
3081
3755
4150
4549
4878
4934
4753
4263
3475
2693
2084
1572
1135
549
16
-196
-382
-702
-1178
-1644
-1984
-2383
-2770
-2979
-2878
-2909
-3221
-3391
-3165
-2850
-2499
-2445
-2692
-3014
-3263
-3344
-3546
-3748
-3709
-3424
-3085
-2634
-2361
-2104
-1957
-1754
-1700
-1730
-1374
-1003
-804
-1022
-1249
-1424
-1753
-1818
-1729
-1741
-2075
-2426
-2631
-2400
-1899
-1549
-1125
-732
-782
-364
-622
-442
98
-258
20
332
415
1046
1445
1469
2076
2067
2211
2275
1853
2154
2452
2556
3434
3882
4057
4625
5002
5366
5413
4995
4229
3502
3130
3677
4202
4703
5079
5270
5353
5189
4608
3734
2947
2129
1474
788
260
-168
-436
-613
-876
-1319
-1689
-2022
-2544
-3171
-3586
-3659
-3801
-3958
-3890
-3584
-3164
-3132
-3324
-3512
-3849
-4024
-4154
-4287
-4202
-3863
-3476
-2842
-2308
-1885
-1542
-1380
-1333
-1340
-1205
-1180
-1060
-1264
-1601
-1819
-2136
-2304
-2391
-2415
-2320
-2580
-2568
-2284
-2322
-1902
-1163
-1180
-944
-501
-448
-243
68
266
326
484
620
1152
1603
1881
2371
2033
2195
2647
2481
3042
3502
3335
3873
4608
4978
5542
5523
5607
5835
5395
4801
4168
3743
3884
4237
4664
5081
5318
5255
5015
4295
3222
2423
1546
705
127
-491
-973
-1103
-1110
-1211
-1487
-1813
-2127
-2481
-3336
-4120
-4330
-4416
-4265
-3969
-3693
-3279
-2956
-3094
-3546
-3986
-4317
-4516
-4460
-4242
-3654
-2847
-2169
-1737
-1524
-1413
-1265
-1436
-1492
-1590
-1492
-1496
-1364
-1434
-1455
-1544
-1992
-1928
-2179
-2002
-1784
-1535
-1490
-1113
-1350
-902
-419
-643
-609
-214
-63
-455
302
480
707
422
842
1234
1404
2063
2126
2103
2355
2986
3517
3757
4051
4479
4242
4978
5663
5735
5839
6109
5496
4429
3486
3053
3226
3466
3940
4252
4105
4093
3746
2751
1875
967
190
-771
-1335
-1890
-2321
-2383
-2005
-1771
-1897
-1974
-2040
-2481
-3420
-4039
-4255
-4280
-4010
-3555
-3078
-2410
-2146
-2264
-2573
-3163
-3567
-3791
-3807
-3509
-2974
-2293
-1795
-1446
-1396
-1467
-1341
-1253
-1286
-1439
-1485
-1403
-1573
-1737
-1719
-1699
-1820
-1580
-1409
-1456
-1788
-1538
-1399
-1304
-882
-324
-473
-523
-551
-760
-699
-590
-115
62
483
534
1190
1303
1655
2199
2080
2699
3147
4066
4816
5377
5751
6163
6420
6627
7034
6948
6993
6458
5016
3724
2874
2803
3176
3605
3759
3555
3036
2211
1193
-101
-918
-1525
-2432
-3037
-3295
-3327
-2956
-2469
-2147
-2191
-2347
-2419
-2806
-3440
-3772
-3593
-3286
-2883
-2422
-1832
-1315
-1196
-1274
-1680
-2250
-2775
-3223
-3619
-3791
-3333
-2946
-2500
-2042
-1910
-1852
-1796
-1859
-2195
-2406
-2368
-2244
-2280
-2361
-2063
-1756
-1556
-1318
-1305
-1349
-1229
-1029
-1100
-781
-421
-401
-281
-371
-421
-350
-506
-508
-479
-46
581
902
730
1347
2079
2635
3228
3517
3903
4881
6002
6879
7444
7758
8410
8533
8207
7755
6431
4126
2289
1464
1696
2414
2934
3086
2920
2372
1146
-607
-2211
-3037
-3651
-4067
-3928
-3603
-3025
-2077
-1273
-961
-1139
-1402
-1791
-2461
-3103
-2835
-1856
-937
-200
75
144
145
-103
-745
-1555
-2400
-3224
-3932
-4526
-4702
-4543
-4231
-3843
-3577
-3359
-3284
-3248
-3393
-3487
-3413
-3146
-2741
-2597
-2336
-1859
-1487
-1166
-1048
-882
-731
-587
-508
-283
96
528
870
610
227
-36
-12
-247
-356
-168
25
390
739
1331
1951
2825
3627
4515
5379
6300
7556
8555
9418
10102
10491
10254
9611
7820
4427
1674
448
478
1376
1889
1982
1935
970
-642
-2355
-4327
-5228
-5454
-5692
-5071
-4188
-3104
-1647
-630
-363
-585
-858
-854
-940
-1048
-368
996
2168
2727
2977
2882
2325
1347
26
-1316
-2596
-3854
-5127
-6381
-6845
-6462
-6093
-6002
-5946
-6183
-6483
-6587
-6445
-6039
-5139
-3619
-2403
-2031
-1786
-1482
-1567
-1683
-1449
-1168
-765
-121
525
899
1293
1919
1939
1461
970
605
203
126
502
756
1019
1397
1768
1941
2574
3783
5014
6423
8020
9550
10879
12054
12608
12091
10600
7899
3746
567
-366
482
1951
2516
2432
1744
26
-2352
-4830
-6892
-7428
-7205
-6703
-5377
-3924
-2447
-1063
-552
-891
-1708
-2108
-1847
-1342
-552
1149
3412
5028
5672
5559
4897
3673
2179
643
-705
-1895
-3381
-4603
-5177
-5093
-4693
-4905
-5647
-6547
-7591
-8298
-8436
-8098
-6919
-5120
-3270
-1998
-1758
-1920
-2000
-2194
-2449
-2301
-1641
-656
288
998
1537
1927
2095
1683
636
-468
-933
-802
-346
499
1387
1890
2085
2307
2444
2924
4016
5515
7163
8836
10703
12379
13628
13419
11754
7794
2334
-756
-1358
-73
1921
2764
2720
2122
213
-2281
-4965
-7309
-7770
-7730
-7304
-5630
-3987
-2395
-1087
-962
-1714
-2436
-2494
-2081
-1497
-431
1714
4078
5680
6290
6130
5388
4252
2909
1149
-649
-2402
-3552
-3942
-3688
-3216
-3358
-4180
-5137
-5898
-6761
-7350
-7279
-6574
-4989
-2924
-1164
-524
-1044
-1736
-2500
-3142
-3071
-2114
-817
374
1277
1865
2268
2391
1979
756
-736
-1774
-2169
-1948
-1235
-152
703
1131
1479
1321
1473
1956
3192
4646
6854
9130
10908
12611
13061
12170
8848
2915
-2044
-3321
-1992
835
2581
2515
2151
665
-2027
-4483
-6879
-7681
-7112
-6465
-4927
-2950
-1254
211
431
-957
-2331
-2798
-2319
-1322
-94
1857
4384
6207
6854
6731
6173
5046
3721
1619
-803
-2545
-3821
-4107
-4072
-3643
-3564
-4391
-5420
-6211
-6790
-7066
-6348
-5397
-4016
-1816
106
927
583
126
-596
-1488
-1620
-1005
-18
1112
2285
2684
2564
2421
1877
720
-630
-1232
-1608
-1730
-1342
-971
-636
-374
-122
-180
-13
823
2215
3946
5970
8212
10196
11549
12213
11275
8323
3122
-2801
-5277
-4307
-1361
932
1110
54
-1376
-3699
-6359
-8537
-9685
-8774
-7076
-5092
-2672
-873
404
803
-11
-1219
-1624
-636
766
2198
3594
5568
7300
7900
7390
6487
5413
4131
2708
786
-915
-2256
-3275
-4363
-4646
-4823
-5577
-6247
-6688
-6704
-6514
-5442
-4030
-2617
-927
720
1416
860
379
-23
-529
-342
406
1329
2480
3755
4163
3705
2964
2065
756
-579
-1151
-1265
-1190
-979
-517
-509
-743
-501
-946
-829
-160
892
2930
5423
7923
10003
11335
11853
11140
7798
2769
-3289
-6141
-4900
-2077
-60
-215
-1765
-3818
-6207
-8720
-10789
-11748
-10634
-8453
-6122
-3570
-1836
-1226
-1443
-2410
-2871
-2366
-462
1763
3458
5038
6849
8466
9140
8771
7704
6578
5172
3849
2756
1270
-75
-1578
-2826
-3542
-3841
-4646
-6035
-6893
-7111
-6751
-5630
-3873
-1810
167
1707
2127
1382
569
294
264
443
1321
2424
3378
4182
4249
3755
2942
1972
970
-321
-792
-779
-571
-651
-762
-1030
-1527
-1526
-1435
-1112
-246
1242
2776
4864
7236
9470
10857
11735
10882
7726
3400
-2251
-5811
-5470
-3219
-718
-433
-2076
-3767
-5955
-8767
-10852
-12261
-11712
-9011
-6559
-3947
-2184
-1918
-2412
-3441
-4064
-3590
-1806
455
2613
4344
5921
7710
8702
8288
7120
5712
4630
4005
3537
2719
1571
-60
-1550
-2504
-3166
-3680
-5024
-6174
-6453
-5765
-4636
-2773
-780
656
1669
1787
1227
450
108
410
630
1252
2370
3404
4148
4261
3744
2557
1418
632
-65
-522
-532
-381
-549
-845
-932
-1469
-1580
-1008
-711
454
1464
3128
5172
7519
9554
10978
11446
11315
9916
6000
1601
-3846
-6035
-4895
-2939
-1469
-2223
-4066
-6167
-8612
-10749
-12013
-12030
-10463
-7738
-5365
-3102
-2103
-2539
-3479
-4531
-4281
-2968
-394
1974
3618
4867
5970
7105
7476
6743
5567
4129
3026
2528
2129
1135
-137
-1916
-3312
-3947
-4229
-4603
-5511
-5582
-5069
-4145
-2650
-672
884
1850
2539
2424
1852
1600
1536
1511
1685
2628
3563
4044
4183
3581
2414
1269
854
465
268
294
-92
-597
-1152
-1360
-1767
-2069
-1604
-1096
-77
948
2604
4554
6747
9005
10380
11617
12181
12120
9850
6282
1301
-4068
-5408
-4393
-2373
-1577
-2985
-4953
-7324
-10087
-12099
-12830
-12464
-10290
-7817
-5441
-3025
-2660
-3453
-4600
-5315
-4752
-2764
264
2797
4489
5468
6572
7322
7098
5995
4544
3081
2098
1691
1361
860
-1052
-3280
-4701
-5203
-4889
-5133
-5896
-5891
-5084
-3814
-2101
-237
1091
1810
2382
2696
2575
2373
2437
2518
2652
3678
4762
5125
4743
3754
2490
1571
1449
1118
636
126
-333
-814
-1515
-1842
-2042
-2305
-1701
-855
164
1440
3101
4842
7015
9207
10433
11752
12651
12663
10525
6553
2041
-2991
-5051
-4357
-2289
-925
-1872
-4019
-6843
-9759
-11939
-12935
-12827
-11065
-8580
-6040
-3560
-2915
-3815
-5282
-6250
-5672
-3742
-729
2075
4207
5421
6352
7111
6905
5731
4086
2822
1942
1750
1606
876
-888
-3549
-5252
-6042
-5753
-5490
-6063
-6068
-5238
-3850
-2347
-648
532
961
1576
2239
2705
2873
2903
3042
3195
4005
5187
5627
5326
4587
3412
2545
2568
2761
2330
1651
585
-442
-1288
-1745
-1777
-1968
-1661
-873
15
1500
3371
4592
6166
8101
9686
11039
12190
12424
11544
8450
4359
-1143
-5105
-5122
-3214
-995
-1013
-2828
-5377
-8225
-10755
-12245
-12915
-11987
-9773
-7452
-4752
-3152
-3545
-4743
-6455
-6815
-5415
-2707
516
2971
4428
5215
5780
5901
5248
4048
2832
1783
1345
1340
1040
193
-2354
-5161
-6201
-6375
-5636
-5608
-5827
-5317
-4557
-3259
-1841
-849
-247
603
1556
2462
3120
3099
2917
2998
3587
4747
5543
5754
5411
4561
4065
3880
3931
3587
2691
1446
348
-229
-392
-285
-653
-1056
-833
216
1864
3420
4411
5134
6580
7834
9384
11087
11869
11884
9636
5778
1873
-3196
-5460
-4654
-3061
-1410
-2034
-3972
-6044
-8641
-11094
-12720
-13634
-12305
-9832
-7034
-4143
-3333
-4214
-5745
-6883
-6253
-4591
-1741
1061
2910
4160
4940
5814
6019
4802
3233
1785
834
1068
1402
1269
-207
-3247
-5319
-6304
-5881
-5364
-5920
-5943
-5376
-4233
-2986
-1804
-1012
-676
84
1105
2028
2502
2590
2666
2690
3299
4306
5086
5259
5150
4766
4640
4479
4342
3673
2545
1598
462
112
113
65
211
155
937
2362
3070
4218
4224
4983
6707
8313
10518
11536
11659
11001
8738
5799
3229
-1406
-4148
-4394
-3343
-766
-1494
-3287
-4934
-8298
-10733
-12724
-13792
-12245
-10419
-8213
-5365
-4381
-4611
-5682
-7099
-6782
-5866
-3499
-488
1892
3700
4773
5738
5890
4704
3240
1755
882
959
1314
1739
1373
-606
-3063
-5029
-5931
-5766
-6081
-6104
-5283
-4284
-3133
-2213
-1535
-1251
-1097
-284
698
1538
2073
2305
2358
2597
3509
4477
4938
4976
4602
4167
3956
3700
3478
2766
1746
934
204
216
716
1029
1409
1625
2150
2860
3641
4353
5265
6451
8117
9641
10491
11135
10998
10364
8385
5861
2433
-1292
-2749
-2266
-278
215
-1155
-2998
-5287
-7910
-10257
-12218
-12517
-11584
-9850
-7093
-5078
-4523
-5593
-7424
-8075
-7878
-6522
-4020
-1286
1260
2896
4068
5006
4563
2915
1269
74
216
899
2077
3006
2148
-161
-2910
-4894
-5379
-5420
-5298
-4932
-4190
-3145
-2431
-1858
-1814
-2141
-2093
-1459
-368
515
1145
1905
2347
2660
3072
3529
3850
3767
3460
3222
3144
3237
3174
2540
1854
1147
895
1139
1663
1879
1699
1614
1906
2667
3561
4371
5017
5848
6881
8042
8913
9568
9930
9592
8344
6773
4456
1408
-956
-1384
-32
664
117
-1242
-2707
-4682
-7380
-9832
-10685
-10157
-8828
-7128
-5469
-4546
-5052
-6346
-7377
-7926
-7716
-6491
-4117
-1334
712
2189
3143
3102
1586
-248
-1223
-1023
-289
832
2136
2556
1395
-822
-2831
-3790
-4221
-4555
-4429
-3437
-2148
-1309
-949
-908
-1250
-1970
-2326
-1879
-763
518
1462
2114
2394
2436
2454
2352
2159
1995
1958
2241
2431
2344
2350
2064
1511
1106
734
904
1228
1052
1021
1200
1671
1751
1822
2004
2138
2641
3685
4701
5478
5987
6184
6275
6146
5812
5206
4103
2635
1226
873
1824
2560
2195
1026
-68
-1091
-2096
-3090
-3659
-3716
-3777
-3673
-3197
-2556
-2568
-3466
-4426
-4811
-4578
-4135
-3356
-2345
-1804
-1742
-1808
-1587
-1450
-1911
-2472
-2789
-2834
-2567
-2060
-1353
-943
-1206
-1799
-2426
-2551
-2483
-2342
-1936
-1521
-1172
-1108
-1007
-640
-316
-82
-60
-158
-313
-458
-447
-388
-255
-266
-458
-616
-597
-483
-369
-433
-880
-877
-575
-596
-331
166
389
312
438
710
728
916
1211
1568
1994
2691
3727
4463
4939
5258
5394
5451
5628
6188
6806
7513
7893
7871
7304
6169
5312
4596
4056
3918
3798
3223
2343
1740
1123
669
92
-933
-2014
-2772
-2811
-2496
-2460
-2860
-3403
-4104
-4848
-5096
-5048
-5270
-5963
-6782
-7058
-6603
-5865
-5233
-4989
-5236
-5439
-5346
-4826
-4032
-3313
-2978
-2988
-2911
-2567
-2017
-1557
-1501
-1659
-1810
-1380
-623
-15
365
218
-93
-515
-676
-356
68
545
676
763
1036
1366
1721
1627
1248
1020
1094
1518
2048
2488
2619
2440
2180
1979
2096
2364
2554
2646
2760
3065
3538
4006
4335
4685
5198
5639
6174
6590
6677
6510
5731
4707
4121
4085
4309
4450
4242
3604
2932
2214
1533
1240
811
30
-783
-1169
-1092
-1025
-1446
-2301
-3234
-4164
-4980
-5356
-5487
-5763
-6213
-6701
-6747
-6276
-5918
-5798
-5946
-6175
-6056
-5538
-4457
-3409
-2884
-2768
-2996
-3058
-3022
-2805
-2539
-2453
-2263
-2040
-1619
-1154
-891
-805
-1097
-1339
-1399
-1285
-833
-335
209
485
594
687
636
628
447
345
464
809
1368
1842
2211
2310
2211
2114
1908
1834
1960
2017
2129
2248
2440
2782
3229
3838
4369
4905
5305
5655
5929
5972
6001
5691
5113
4744
4849
5261
5571
5377
4658
3731
2934
2483
2272
2200
1791
952
187
-304
-386
-670
-1489
-2637
-3927
-5039
-5569
-5425
-5324
-5779
-6497
-7024
-6950
-6485
-6086
-5820
-5706
-5710
-5242
-4414
-3531
-2856
-2983
-3513
-3819
-3505
-2973
-2522
-2240
-2351
-2358
-2142
-1622
-1208
-1113
-1232
-1554
-1542
-1107
-381
201
310
367
364
461
626
477
330
211
383
971
1524
1995
2105
1919
1684
1550
1589
1551
1448
1302
1250
1478
2068
2725
3292
3708
4042
4349
4666
5043
5302
5466
5627
5754
5749
5548
5429
5369
5260
5074
4638
4007
3335
2760
2414
2405
2223
1542
630
-142
-609
-1121
-1931
-3022
-4049
-4889
-5291
-5121
-5026
-5464
-6378
-7218
-7303
-6747
-5913
-5118
-4622
-4381
-4168
-3693
-3108
-2718
-2797
-3123
-3183
-2837
-2350
-1909
-1583
-1505
-1612
-1591
-1340
-1012
-744
-705
-663
-430
-64
389
577
580
497
390
432
533
722
884
971
1061
1149
1293
1399
1314
1009
652
342
233
180
187
274
460
760
1124
1477
1953
2371
2723
3168
3510
4027
4592
4964
5394
5586
5521
5041
4489
4248
4231
4431
4345
3979
3345
2674
2291
2103
2049
1515
658
-180
-727
-1021
-1535
-2215
-3086
-3951
-4542
-4581
-4298
-4261
-4687
-5278
-5355
-4726
-3791
-2990
-2558
-2515
-2615
-2569
-2287
-1851
-1636
-1851
-2104
-2026
-1635
-1244
-1235
-1489
-1847
-1944
-1716
-1265
-779
-500
-516
-718
-818
-804
-829
-976
-1129
-1016
-661
-286
16
149
11
-238
-442
-500
-457
-362
-471
-771
-941
-1103
-1116
-1028
-938
-678
-407
-106
344
945
1611
2361
3035
3669
4248
4786
5142
5439
5760
5876
5705
5301
5167
5377
5666
5660
5273
4492
3592
3060
2867
3058
2986
2252
1342
409
-74
-579
-1240
-2098
-3038
-3627
-3774
-3338
-2833
-2935
-3475
-3963
-3919
-3346
-2713
-2366
-2336
-2646
-2827
-2717
-2345
-2028
-2117
-2528
-2864
-2865
-2568
-2330
-2234
-2368
-2481
-2289
-1932
-1522
-1187
-1117
-1303
-1473
-1522
-1428
-1271
-1188
-1078
-832
-533
-364
-306
-499
-831
-1049
-1171
-1133
-1044
-1048
-1199
-1312
-1310
-1221
-1133
-1036
-891
-644
-248
404
1267
2207
3008
3651
4198
4692
5149
5512
5795
6198
6480
6718
6554
6072
5868
5642
5534
5227
4772
4194
3459
3136
2848
2804
2349
1192
175
-751
-1093
-1439
-1973
-2604
-3243
-3427
-3399
-3056
-2715
-3015
-3601
-3989
-3829
-3135
-2519
-2311
-2440
-2803
-3024
-2950
-2682
-2562
-2752
-3088
-3193
-2834
-2223
-1731
-1642
-1862
-2040
-1929
-1526
-974
-551
-358
-401
-395
-191
8
91
-91
-257
-278
-103
186
255
142
-251
-727
-1026
-1143
-1066
-1051
-1249
-1536
-1679
-1655
-1440
-1198
-992
-723
-278
356
1122
1904
2550
3005
3375
3877
4504
5181
5654
5999
6185
6158
5895
5247
4864
4582
4466
4381
4142
3811
3118
2643
2040
1718
1379
542
-130
-742
-872
-859
-1062
-1424
-1931
-2193
-2310
-2111
-1881
-2110
-2574
-2899
-2746
-2141
-1627
-1560
-1818
-2329
-2627
-2569
-2317
-2085
-2140
-2212
-2203
-2065
-1768
-1715
-1776
-1959
-1993
-1631
-1156
-590
-266
-231
-344
-481
-468
-535
-626
-761
-814
-642
-433
-251
-345
-694
-1106
-1464
-1620
-1653
-1620
-1628
-1764
-1802
-1743
-1564
-1313
-1115
-814
-465
-42
538
1068
1711
2343
2979
3764
4325
4869
5331
5571
5760
5798
5915
5703
5148
4677
4248
4221
4115
3794
3259
2539
2036
1502
1192
999
438
-152
-700
-737
-510
-677
-1184
-1757
-2124
-2230
-2155
-1931
-2018
-2437
-2758
-2767
-2280
-1852
-1909
-2205
-2559
-2579
-2391
-2044
-1681
-1609
-1803
-2005
-1934
-1649
-1444
-1491
-1525
-1290
-766
-179
181
286
97
-179
-312
-241
-111
-137
-348
-565
-513
-259
-113
-250
-763
-1233
-1500
-1515
-1393
-1337
-1341
-1528
-1666
-1612
-1437
-1225
-1204
-1261
-1187
-886
-335
326
919
1493
2025
2536
3075
3535
3965
4254
4483
4622
4674
4673
4248
3666
3179
2950
2963
2888
2678
2193
1783
1425
1129
1049
812
389
-2
-220
-154
-234
-519
-991
-1390
-1617
-1727
-1645
-1657
-1846
-2108
-2259
-2019
-1653
-1468
-1507
-1616
-1720
-1700
-1570
-1410
-1243
-1262
-1361
-1274
-1037
-816
-624
-500
-423
-185
80
201
266
239
196
152
136
49
-105
-276
-445
-362
-297
-275
-333
-539
-764
-915
-954
-973
-982
-1035
-1145
-1183
-1163
-1192
-1267
-1391
-1489
-1448
-1237
-831
-366
164
640
1056
1537
2018
2486
2782
2956
3076
3190
3372
3568
3635
3331
2771
2260
2001
2078
2302
2411
2176
1791
1408
1317
1473
1364
969
372
-109
-207
-175
-108
-244
-550
-943
-1243
-1228
-1184
-1280
-1603
-1803
-1581
-1243
-879
-743
-890
-1218
-1610
-1710
-1427
-1046
-781
-629
-530
-419
-253
-128
-181
-233
-241
-240
-108
44
215
257
123
-155
-453
-714
-954
-968
-838
-623
-426
-421
-477
-548
-649
-740
-881
-1035
-1121
-1161
-1171
-1171
-1115
-1125
-1151
-1132
-961
-689
-345
22
389
697
924
1259
1623
2001
2301
2474
2481
2494
2574
2713
2905
2878
2530
2012
1678
1751
2003
2112
1910
1502
907
479
424
543
570
197
-248
-492
-327
-52
-79
-251
-640
-954
-989
-860
-580
-595
-943
-1206
-1224
-918
-744
-714
-802
-1003
-914
-676
-294
64
145
86
-52
-4
76
89
42
-83
-45
-25
-20
-36
-266
-550
-805
-953
-936
-865
-774
-720
-680
-586
-504
-465
-638
-937
-1220
-1467
-1539
-1495
-1401
-1374
-1448
-1548
-1612
-1519
-1304
-1047
-841
-560
-280
32
391
707
976
1077
1137
1249
1498
1766
2022
2296
2389
2465
2517
2460
2444
2261
2109
1901
1733
1615
1383
1254
1089
1097
1112
1157
1086
557
-4
-544
-675
-461
-116
151
68
-162
-688
-1044
-1262
-1435
-1557
-1774
-1623
-1269
-813
-587
-701
-922
-1332
-1457
-1228
-814
-429
-379
-320
-252
-4
265
214
-57
-488
-742
-736
-451
18
288
249
90
-48
-105
-195
-326
-473
-567
-541
-455
-347
-367
-559
-808
-1069
-1271
-1432
-1534
-1563
-1474
-1154
-780
-503
-346
-365
-450
-394
-171
209
634
990
1229
1429
1695
1891
2093
2240
2273
2436
2451
2311
2028
1425
1143
1212
1707
2413
2618
2361
1534
909
668
716
1028
760
491
187
129
480
357
-122
-1026
-1699
-1670
-1274
-757
-709
-1048
-1440
-1626
-1232
-864
-932
-1346
-1957
-2007
-1435
-729
-288
-396
-709
-940
-812
-383
-100
-77
-281
-351
47
541
908
779
389
106
-36
14
-20
-200
-394
-443
-182
190
357
90
-564
-1076
-1285
-1174
-985
-979
-1100
-1282
-1291
-1128
-986
-963
-1055
-1100
-906
-478
17
344
514
652
867
1258
1583
1660
1558
1294
1178
1313
1665
2183
2528
2566
2201
1619
1056
800
1120
1725
2235
2236
1595
829
334
311
511
362
-190
-809
-1065
-712
-202
13
-390
-1220
-1639
-1553
-1060
-757
-1040
-1547
-1832
-1387
-607
-242
-509
-1338
-1873
-1585
-755
214
477
173
-246
-245
311
818
951
454
-89
-157
195
649
662
217
-293
-488
-260
57
24
-410
-902
-992
-638
-198
-171
-722
-1451
-1853
-1744
-1332
-1114
-1284
-1646
-1845
-1647
-1172
-777
-706
-823
-839
-553
-68
298
381
317
330
569
847
1064
1055
931
963
1182
1618
1939
1988
1895
1840
1945
2065
2168
2064
1825
1625
1542
1607
1603
1391
1016
667
529
511
548
487
278
114
55
141
207
116
-173
-495
-647
-698
-671
-692
-822
-954
-1008
-921
-772
-685
-717
-786
-830
-689
-488
-366
-348
-427
-552
-705
-803
-879
-955
-1046
-1121
-1128
-1076
-1072
-1158
-1316
-1461
-1502
-1460
-1407
-1402
-1450
-1519
-1542
-1508
-1411
-1377
-1459
-1578
-1673
-1634
-1416
-1103
-843
-659
-525
-470
-395
-239
-122
41
172
309
583
863
1138
1310
1391
1485
1603
1767
1910
2031
2160
2249
2370
2477
2590
2607
2566
2491
2324
2228
2071
2002
1984
1986
2022
1902
1758
1485
1237
1061
926
917
858
773
660
539
444
267
25
-294
-526
-613
-612
-585
-595
-747
-896
-964
-987
-992
-1141
-1386
-1587
-1634
-1513
-1366
-1319
-1492
-1715
-1909
-1993
-1964
-1951
-2029
-2212
-2321
-2354
-2225
-2085
-2034
-2042
-2113
-2157
-2160
-2068
-2007
-1941
-1778
-1590
-1380
-1243
-1285
-1398
-1422
-1353
-1138
-799
-590
-414
-268
-161
66
282
454
583
744
960
1252
1572
1812
1977
2023
2064
2193
2379
2551
2720
2830
2927
3030
3132
3157
3142
3086
3022
3028
3075
3042
2892
2662
2485
2399
2346
2297
2145
1987
1785
1641
1572
1406
1178
874
646
621
565
426
72
-362
-710
-973
-1048
-1187
-1384
-1699
-1992
-2058
-2058
-2028
-2155
-2421
-2695
-2850
-2829
-2789
-2823
-2966
-3129
-3137
-3067
-2954
-2903
-2999
-3079
-3072
-2893
-2646
-2435
-2301
-2208
-2079
-1855
-1685
-1596
-1602
-1641
-1573
-1385
-1093
-897
-798
-796
-781
-567
-334
-124
13
160
371
664
1026
1237
1365
1379
1398
1585
1860
2134
2279
2395
2486
2633
2838
2945
3030
3049
3060
3181
3231
3261
3165
3038
2996
2997
3068
2988
2891
2731
2550
2527
2467
2378
2248
2098
2045
2028
1970
1777
1474
1189
914
711
507
231
-82
-427
-729
-926
-1105
-1371
-1665
-1979
-2244
-2425
-2537
-2625
-2749
-2811
-2905
-3030
-3140
-3265
-3359
-3404
-3433
-3419
-3407
-3398
-3353
-3276
-3201
-3149
-3129
-3127
-3068
-2940
-2775
-2596
-2439
-2352
-2276
-2148
-2017
-1858
-1709
-1593
-1411
-1231
-1035
-839
-696
-552
-380
-115
167
425
682
858
1079
1318
1568
1823
2031
2225
2404
2586
2736
2828
2880
2883
2914
3011
3095
3194
3231
3261
3230
3204
3201
3144
3111
3051
2992
3014
3022
3029
3050
3043
2972
2790
2599
2383
2232
2103
1934
1767
1511
1241
996
735
536
288
-4
-278
-556
-762
-910
-1088
-1299
-1519
-1685
-1831
-1949
-2111
-2387
-2643
-2886
-2981
-2982
-3062
-3145
-3365
-3562
-3679
-3734
-3699
-3744
-3742
-3752
-3703
-3567
-3514
-3454
-3484
-3511
-3482
-3399
-3225
-3112
-3017
-2899
-2703
-2458
-2216
-2027
-1865
-1636
-1341
-984
-607
-304
-41
193
495
844
1203
1432
1625
1810
2012
2325
2591
2795
2910
2983
3095
3218
3373
3454
3537
3605
3710
3821
3901
3883
3817
3766
3727
3765
3798
3743
3629
3486
3313
3169
3001
2845
2616
2382
2143
1955
1865
1678
1501
1207
919
701
544
483
401
281
21
-286
-525
-780
-982
-1225
-1482
-1708
-1928
-2094
-2267
-2425
-2606
-2853
-3027
-3147
-3236
-3317
-3463
-3564
-3616
-3648
-3706
-3778
-3897
-4075
-4148
-4155
-4071
-3969
-3924
-3929
-3853
-3688
-3492
-3244
-3063
-2869
-2693
-2470
-2189
-1905
-1639
-1407
-1155
-866
-516
-216
79
376
660
982
1317
1615
1889
2133
2340
2566
2768
2965
3113
3266
3390
3481
3584
3594
3648
3680
3716
3740
3712
3666
3618
3581
3503
3435
3316
3148
2973
2793
2640
2501
2322
2103
1880
1684
1515
1369
1267
1157
1055
938
770
609
434
195
-23
-197
-357
-468
-622
-851
-1089
-1294
-1483
-1599
-1730
-1916
-2123
-2307
-2390
-2400
-2464
-2592
-2795
-2989
-3106
-3157
-3199
-3268
-3350
-3465
-3491
-3411
-3324
-3305
-3350
-3371
-3340
-3233
-3074
-2929
-2791
-2684
-2534
-2332
-2085
-1843
-1694
-1544
-1367
-1123
-793
-470
-182
57
243
429
659
878
1066
1294
1498
1718
1990
2190
2365
2508
2578
2649
2758
2841
2932
3025
3078
3155
3193
3173
3117
3031
2978
2917
2853
2781
2681
2599
2497
2446
2365
2223
2068
1896
1765
1650
1519
1336
1096
874
710
588
466
296
55
-212
-425
-573
-664
-774
-949
-1103
-1255
-1364
-1451
-1608
-1772
-1938
-2036
-2067
-2096
-2175
-2333
-2481
-2580
-2596
-2622
-2667
-2752
-2837
-2870
-2841
-2760
-2709
-2708
-2709
-2671
-2565
-2423
-2316
-2238
-2161
-2011
-1803
-1598
-1407
-1265
-1121
-964
-780
-554
-370
-225
-56
131
360
556
696
802
866
989
1111
1267
1407
1515
1628
1726
1830
1958
2046
2103
2151
2208
2265
2315
2365
2389
2372
2370
2357
2321
2282
2219
2159
2104
2052
1973
1854
1721
1599
1523
1429
1327
1217
1062
908
760
624
523
391
230
75
-61
-172
-321
-448
-636
-773
-881
-1027
-1098
-1215
-1365
-1457
-1545
-1676
-1769
-1889
-2027
-2087
-2158
-2221
-2300
-2390
-2466
-2507
-2473
-2437
-2389
-2352
-2327
-2251
-2131
-1999
-1812
-1671
-1537
-1386
-1209
-1033
-893
-786
-691
-519
-346
-159
-17
114
186
262
384
479
611
697
775
913
1072
1221
1332
1426
1429
1465
1519
1584
1675
1733
1748
1752
1762
1802
1806
1776
1723
1638
1551
1478
1478
1447
1460
1410
1322
1257
1161
1072
998
886
793
735
662
616
529
429
316
237
164
100
24
-61
-135
-184
-212
-273
-383
-540
-723
-857
-969
-1079
-1194
-1319
-1424
-1530
-1596
-1678
-1769
-1855
-1945
-1976
-1974
-1920
-1887
-1859
-1812
-1803
-1729
-1661
-1619
-1539
-1473
-1376
-1199
-1036
-861
-717
-648
-563
-456
-329
-199
-40
98
202
337
465
548
614
679
767
907
1087
1252
1391
1487
1567
1641
1722
1776
1825
1855
1874
1893
1920
1926
1850
1735
1608
1476
1428
1392
1340
1281
1228
1156
1106
1023
929
783
618
543
473
429
411
298
174
60
-42
-126
-200
-279
-355
-410
-439
-469
-526
-604
-740
-856
-990
-1113
-1221
-1351
-1428
-1542
-1599
-1677
-1746
-1841
-1955
-1962
-1962
-1917
-1892
-1843
-1819
-1820
-1755
-1705
-1621
-1567
-1510
-1390
-1254
-1114
-1000
-906
-810
-702
-573
-417
-290
-139
-30
104
288
470
597
692
782
886
1018
1180
1326
1446
1551
1634
1737
1842
1898
1948
1968
1981
2042
2059
2052
1999
1901
1834
1792
1756
1697
1598
1502
1417
1361
1299
1205
1102
966
884
835
795
758
654
556
452
339
246
140
34
-50
-126
-178
-280
-440
-590
-712
-806
-866
-984
-1166
-1311
-1450
-1534
-1583
-1662
-1788
-1904
-2000
-2037
-2007
-2027
-2056
-2068
-2091
-2050
-1978
-1952
-1910
-1863
-1809
-1695
-1562
-1457
-1363
-1268
-1132
-962
-778
-679
-569
-466
-369
-172
17
204
386
523
649
767
887
1001
1107
1257
1434
1634
1782
1853
1913
1946
2002
2063
2079
2105
2077
2019
2006
1985
1941
1900
1810
1736
1688
1636
1577
1524
1444
1349
1292
1228
1191
1133
1041
947
850
756
662
563
452
371
295
230
186
84
-33
-166
-287
-387
-490
-590
-722
-857
-991
-1091
-1221
-1371
-1512
-1639
-1738
-1785
-1864
-1957
-2014
-2069
-2109
-2105
-2129
-2153
-2202
-2238
-2221
-2194
-2167
-2133
-2060
-1968
-1877
-1782
-1701
-1624
-1510
-1401
-1276
-1102
-918
-743
-551
-404
-273
-157
-17
176
354
546
698
866
1061
1236
1371
1482
1599
1680
1785
1902
1985
2051
2062
2046
2055
2056
2039
2045
2022
1997
1985
1991
1992
1952
1895
1847
1836
1766
1703
1637
1542
1463
1373
1289
1204
1069
945
839
742
635
514
394
279
196
78
-35
-157
-277
-395
-514
-614
-704
-793
-910
-989
-1087
-1172
-1245
-1320
-1371
-1445
-1501
-1538
-1558
-1581
-1634
-1687
-1741
-1788
-1836
-1839
-1798
-1778
-1732
-1737
-1720
-1689
-1692
-1650
-1598
-1504
-1388
-1303
-1167
-1071
-977
-892
-785
-669
-582
-453
-324
-171
-15
113
219
315
386
464
581
689
782
854
936
1020
1112
1204
1264
1331
1368
1426
1502
1596
1695
1755
1811
1877
1922
1944
1950
1912
1908
1876
1850
1871
1867
1838
1810
1755
1677
1592
1463
1354
1274
1178
1103
1024
908
767
629
476
324
212
77
-51
-186
-315
-421
-510
-617
-743
-904
-1045
-1151
-1236
-1292
-1363
-1457
-1580
-1685
-1745
-1771
-1769
-1803
-1854
-1891
-1872
-1823
-1763
-1710
-1694
-1659
-1614
-1540
-1470
-1384
-1323
-1277
-1206
-1095
-998
-914
-841
-763
-669
-578
-468
-381
-274
-203
-108
-33
32
111
179
242
331
408
487
582
646
737
835
946
1065
1162
1252
1345
1437
1530
1608
1666
1706
1758
1780
1805
1852
1854
1842
1823
1795
1797
1792
1775
1766
1713
1661
1614
1552
1492
1433
1348
1229
1117
1027
916
763
611
461
304
192
61
-62
-199
-378
-531
-678
-821
-938
-1069
-1209
-1318
-1425
-1517
-1612
-1682
-1769
-1827
-1874
-1894
-1869
-1865
-1873
-1849
-1816
-1796
-1761
-1735
-1693
-1653
-1610
-1527
-1458
-1394
-1333
-1225
-1130
-1044
-953
-896
-838
-771
-677
-566
-454
-368
-279
-201
-121
-30
61
153
231
332
427
551
667
728
801
886
957
1052
1152
1216
1291
1303
1326
1379
1404
1437
1460
1471
1469
1501
1515
1530
1563
1563
1539
1516
1494
1461
1430
1388
1340
1297
1218
1126
1056
978
890
800
705
611
503
373
253
130
13
-109
-229
-347
-466
-575
-685
-773
-853
-889
-963
-1043
-1087
-1125
-1160
-1193
-1210
-1237
-1270
-1324
-1337
-1332
-1340
-1339
-1347
-1323
-1303
-1266
-1238
-1198
-1163
-1153
-1096
-1037
-964
-886
-827
-733
-669
-613
-530
-473
-394
-340
-297
-191
-104
-10
84
165
225
247
321
392
485
555
618
672
703
741
764
808
814
841
845
890
977
1017
1030
1038
1057
1060
1059
1072
1073
1050
1037
1016
1035
1033
960
900
829
765
708
666
623
558
461
374
293
175
64
-26
-109
-174
-241
-318
-366
-410
-484
-513
-544
-593
-640
-673
-689
-717
-761
-796
-819
-878
-919
-931
-951
-964
-969
-966
-956
-949
-963
-949
-929
-884
-867
-849
-806
-770
-734
-701
-651
-635
-599
-538
-479
-424
-375
-359
-286
-206
-147
-65
-15
4
35
74
133
211
245
256
312
343
368
400
428
468
500
555
617
682
719
733
756
778
805
825
816
810
811
799
803
787
738
688
628
596
556
510
476
413
345
268
195
131
29
-56
-107
-160
-209
-232
-260
-310
-369
-396
-415
-440
-469
-521
-572
-582
-601
-602
-574
-593
-613
-657
-676
-673
-683
-673
-658
-611
-595
-588
-542
-548
-553
-534
-518
-481
-460
-487
-457
-431
-410
-373
-360
-339
-326
-316
-278
-219
-206
-212
-205
-179
-139
-91
-48
-36
-41
-42
6
95
175
217
275
321
385
455
497
559
597
608
648
702
750
773
779
793
777
748
727
708
684
638
609
600
573
518
439
369
293
186
127
82
2
-77
-148
-206
-238
-298
-357
-411
-473
-516
-566
-570
-565
-619
-642
-693
-714
-729
-768
-765
-789
-795
-807
-779
-742
-712
-690
-680
-636
-606
-582
-533
-466
-408
-343
-292
-238
-194
-185
-160
-119
-76
-69
-17
29
52
98
128
150
165
157
175
231
258
276
310
340
378
414
430
484
525
538
581
637
692
753
781
797
806
807
798
807
810
783
754
730
714
690
650
601
554
472
407
358
314
239
171
110
54
-10
-95
-195
-272
-362
-449
-493
-548
-609
-696
-757
-801
-858
-912
-966
-983
-989
-1001
-1000
-995
-1025
-1048
-1058
-1061
-1047
-1026
-1007
-972
-904
-837
-757
-716
-662
-625
-560
-476
-380
-283
-221
-142
-72
-22
32
79
100
144
172
213
259
310
374
418
455
474
500
520
552
590
631
689
725
768
801
801
821
826
820
839
840
839
865
878
867
870
853
833
803
759
708
694
662
617
578
512
431
371
328
263
212
135
53
-17
-61
-118
-169
-261
-345
-421
-502
-568
-632
-706
-779
-833
-898
-928
-968
-1034
-1081
-1133
-1175
-1177
-1185
-1203
-1211
-1199
-1166
-1137
-1079
-1046
-1029
-989
-958
-897
-825
-783
-732
-678
-630
-549
-474
-426
-389
-367
-333
-268
-184
-123
-55
-14
8
72
133
173
217
269
340
403
457
514
572
626
662
685
742
803
834
889
906
941
992
1003
1028
1048
1045
1017
1007
1019
1017
1010
1005
984
957
913
850
820
774
710
681
637
604
561
500
431
339
242
152
71
-1
-63
-122
-195
-279
-331
-409
-468
-542
-635
-720
-760
-804
-860
-883
-924
-985
-1029
-1086
-1110
-1135
-1151
-1159
-1163
-1143
-1138
-1135
-1135
-1143
-1155
-1120
-1104
-1047
-1011
-994
-946
-918
-868
-836
-799
-750
-705
-648
-581
-511
-422
-354
-269
-167
-83
9
91
194
284
363
467
546
632
709
783
836
899
962
1021
1083
1150
1183
1233
1270
1280
1298
1317
1338
1316
1337
1342
1363
1366
1346
1339
1301
1269
1210
1164
1109
1068
1014
969
933
858
763
687
604
531
468
377
327
243
155
73
7
-82
-175
-259
-341
-405
-471
-536
-618
-668
-730
-784
-819
-865
-925
-1002
-1039
-1090
-1136
-1168
-1182
-1220
-1268
-1285
-1321
-1344
-1373
-1396
-1393
-1381
-1334
-1315
-1282
-1248
-1235
-1200
-1138
-1066
-985
-909
-827
-747
-656
-576
-469
-369
-260
-162
-67
40
141
244
326
427
494
566
634
708
770
826
875
915
944
978
1039
1102
1144
1172
1202
1242
1276
1265
1282
1264
1246
1221
1193
1231
1206
1166
1095
1051
1025
987
957
913
853
793
732
670
621
536
451
367
308
246
168
96
9
-80
-152
-220
-283
-372
-480
-540
-617
-697
-736
-831
-906
-979
-1080
-1149
-1229
-1316
-1388
-1439
-1449
-1486
-1526
-1532
-1562
-1571
-1577
-1579
-1532
-1511
-1461
-1418
-1366
-1301
-1257
-1187
-1103
-1021
-950
-858
-737
-628
-529
-401
-303
-219
-111
-43
65
166
255
369
462
538
616
704
800
875
933
1005
1076
1162
1210
1279
1333
1355
1384
1403
1441
1469
1459
1451
1446
1417
1391
1367
1347
1311
1259
1221
1188
1152
1091
1040
984
936
897
830
772
705
614
536
463
380
295
200
108
49
-25
-139
-227
-309
-427
-517
-595
-690
-779
-878
-981
-1047
-1113
-1202
-1246
-1290
-1351
-1397
-1461
-1488
-1497
-1516
-1516
-1487
-1481
-1478
-1436
-1399
-1356
-1328
-1274
-1207
-1154
-1085
-1010
-936
-873
-817
-729
-640
-568
-483
-420
-319
-218
-154
-45
57
135
217
318
405
496
568
626
737
816
879
947
1010
1035
1088
1139
1176
1232
1258
1283
1303
1339
1344
1355
1374
1354
1333
1313
1303
1296
1291
1262
1248
1207
1162
1132
1088
1028
941
894
833
787
722
633
569
443
327
235
141
36
-68
-170
-262
-374
-475
-559
-672
-760
-874
-938
-995
-1075
-1133
-1170
-1215
-1260
-1314
-1341
-1343
-1348
-1370
-1372
-1344
-1333
-1331
-1310
-1281
-1259
-1245
-1210
-1133
-1084
-1022
-997
-927
-856
-799
-716
-624
-547
-489
-416
-311
-208
-154
-71
24
78
146
236
330
398
456
537
628
705
763
816
874
926
970
1005
1061
1115
1136
1167
1191
1217
1225
1240
1246
1290
1275
1260
1265
1258
1246
1186
1169
1134
1067
1018
984
933
872
778
687
629
526
409
312
247
151
47
-39
-115
-210
-325
-428
-506
-614
-715
-801
-870
-927
-1008
-1079
-1106
-1145
-1183
-1195
-1216
-1246
-1275
-1279
-1272
-1265
-1248
-1234
-1218
-1192
-1183
-1151
-1103
-1077
-1032
-965
-892
-825
-760
-697
-628
-563
-500
-442
-355
-279
-221
-142
-79
2
67
113
201
249
307
383
436
496
551
617
679
741
769
784
834
850
874
902
927
973
998
1031
1060
1049
1048
1046
1038
1034
1012
998
979
940
913
874
830
786
704
615
569
530
457
406
344
268
193
124
65
-11
-110
-184
-245
-298
-372
-429
-486
-558
-623
-704
-743
-783
-845
-889
-923
-937
-982
-1012
-1017
-1035
-1036
-1057
-1046
-1030
-1040
-1022
-987
-961
-918
-875
-815
-763
-739
-681
-649
-563
-477
-431
-349
-264
-199
-129
-71
-16
52
95
152
240
289
331
389
460
517
547
601
641
688
715
737
800
815
825
847
870
888
900
918
924
947
931
929
948
941
927
909
886
860
813
775
732
681
617
554
517
435
371
294
223
181
104
44
-3
-84
-164
-188
-241
-295
-350
-424
-470
-505
-574
-608
-639
-719
-770
-819
-826
-834
-869
-906
-904
-924
-948
-943
-940
-945
-952
-944
-909
-878
-863
-840
-821
-773
-735
-703
-627
-556
-522
-452
-397
-325
-232
-169
-88
-29
29
95
198
271
318
386
449
511
566
623
667
734
779
813
869
899
920
947
976
997
1009
1014
1006
1006
1006
1000
996
981
954
921
883
850
818
755
724
682
643
589
531
475
400
351
285
230
174
97
35
-22
-104
-150
-209
-284
-335
-393
-426
-466
-537
-584
-631
-672
-709
-749
-787
-815
-837
-842
-847
-849
-878
-868
-853
-855
-842
-829
-807
-783
-759
-745
-703
-673
-622
-591
-556
-508
-464
-408
-362
-304
-249
-201
-149
-85
-33
27
76
140
208
259
314
377
426
467
518
580
603
635
680
700
749
771
788
808
830
837
855
852
845
856
844
839
828
810
782
772
753
712
694
674
639
598
562
508
452
410
371
328
258
188
144
100
32
-28
-87
-139
-209
-266
-317
-378
-436
-494
-558
-600
-654
-698
-736
-771
-797
-818
-818
-839
-856
-855
-890
-906
-881
-878
-847
-817
-790
-748
-734
-699
-658
-621
-572
-530
-475
-421
-364
-306
-245
-188
-130
-84
-36
16
82
144
200
280
338
402
448
506
548
596
653
695
754
778
830
862
893
919
922
934
936
942
961
978
995
996
981
993
984
969
971
942
931
913
893
860
803
769
723
680
633
581
536
490
423
381
326
260
208
144
83
17
-50
-113
-169
-238
-298
-360
-411
-466
-519
-567
-597
-649
-682
-710
-758
-782
-805
-827
-830
-854
-866
-856
-852
-849
-835
-817
-801
-785
-774
-730
-671
-639
-595
-536
-489
-452
-416
-357
-295
-230
-186
-123
-46
10
59
120
170
210
274
315
368
444
487
530
584
616
650
691
718
769
812
830
883
923
935
971
987
1000
1018
1014
1021
1042
1042
1043
1043
1016
994
976
953
917
875
838
808
765
718
646
610
547
472
403
347
299
233
150
85
39
-36
-111
-188
-246
-319
-385
-432
-493
-566
-615
-653
-712
-753
-800
-838
-852
-879
-904
-910
-923
-947
-932
-948
-935
-932
-931
-911
-879
-859
-829
-802
-768
-723
-679
-626
-582
-531
-474
-428
-376
-318
-265
-210
-152
-88
-19
47
110
168
225
288
344
394
435
499
572
616
660
715
759
806
855
884
935
961
986
1015
1026
1044
1070
1095
1091
1097
1074
1092
1077
1054
1041
1008
975
944
898
838
780
720
655
590
531
468
397
328
269
182
96
34
-47
-138
-207
-288
-361
-429
-507
-558
-628
-686
-717
-771
-822
-856
-897
-924
-952
-984
-999
-1022
-1053
-1047
-1055
-1060
-1060
-1043
-1049
-1027
-1021
-981
-935
-916
-853
-822
-769
-720
-683
-614
-548
-492
-441
-362
-305
-231
-181
-114
-30
24
89
153
229
298
374
436
503
567
620
671
733
774
813
882
913
953
992
1024
1042
1054
1060
1078
1081
1096
1098
1073
1079
1054
1032
1006
970
927
883
824
773
725
662
625
579
507
432
368
296
238
171
97
51
-31
-103
-146
-208
-259
-328
-378
-439
-497
-543
-595
-631
-676
-711
-759
-802
-813
-830
-874
-892
-894
-917
-921
-909
-914
-896
-890
-893
-870
-857
-844
-803
-776
-751
-711
-690
-660
-624
-581
-552
-497
-454
-403
-330
-298
-236
-175
-127
-70
-17
49
112
169
232
287
346
410
446
521
561
620
669
684
750
789
806
837
859
890
915
914
922
918
909
913
920
908
891
857
836
811
782
720
687
661
614
574
517
469
422
370
317
250
197
152
94
56
9
-59
-95
-144
-204
-244
-313
-350
-387
-447
-481
-510
-556
-600
-641
-672
-710
-741
-774
-803
-813
-843
-861
-876
-914
-926
-917
-924
-917
-910
-926
-912
-911
-890
-848
-821
-788
-758
-730
-672
-622
-587
-542
-483
-423
-362
-295
-239
-189
-120
-63
2
65
126
181
233
301
341
404
455
481
524
561
596
646
675
718
759
776
810
834
845
848
848
860
850
855
844
827
808
769
766
726
685
658
610
572
542
498
451
420
367
323
278
227
174
121
70
-2
-52
-84
-148
-208
-267
-321
-340
-397
-432
-470
-517
-559
-603
-624
-664
-681
-714
-743
-749
-787
-807
-823
-840
-840
-845
-843
-831
-816
-809
-803
-768
-752
-717
-679
-637
-621
-585
-549
-512
-478
-451
-390
-345
-307
-245
-205
-145
-70
-46
18
79
118
175
224
278
335
386
425
491
529
550
587
631
659
689
719
712
754
750
754
762
764
759
751
736
729
714
676
663
629
607
571
538
502
457
419
374
338
287
251
194
132
76
36
-13
-72
-109
-169
-211
-263
-320
-352
-399
-444
-475
-514
-569
-608
-645
-672
-710
-731
-752
-776
-788
-796
-818
-817
-806
-810
-802
-798
-797
-768
-760
-744
-716
-685
-667
-626
-602
-584
-538
-515
-471
-417
-380
-335
-297
-259
-192
-154
-105
-61
-11
30
75
121
163
202
229
277
321
368
396
432
454
487
508
529
557
570
595
605
593
615
616
607
604
590
582
556
545
543
528
516
482
444
418
379
347
306
268
232
198
152
105
69
14
-17
-67
-103
-153
-202
-250
-293
-315
-359
-381
-417
-446
-475
-496
-522
-549
-568
-588
-584
-595
-603
-597
-573
-595
-585
-572
-589
-576
-578
-563
-552
-544
-525
-496
-477
-458
-428
-398
-381
-340
-312
-305
-268
-237
-221
-189
-141
-120
-75
-47
-25
16
36
70
86
108
139
176
195
219
252
262
280
295
311
323
336
349
347
349
346
361
376
369
370
346
331
311
309
322
298
286
270
250
248
211
182
186
156
127
117
90
67
37
2
-25
-39
-64
-104
-112
-151
-206
-204
-234
-267
-268
-322
-336
-349
-374
-388
-395
-408
-430
-444
-460
-458
-471
-492
-490
-487
-494
-491
-499
-479
-468
-472
-446
-427
-416
-398
-360
-331
-329
-308
-269
-248
-220
-200
-172
-115
-104
-78
-35
1
33
68
79
109
129
137
170
167
185
211
224
252
276
284
314
328
340
342
351
366
369
376
371
392
386
379
382
371
354
350
346
313
307
272
250
245
235
214
176
156
140
109
73
62
51
3
-22
-49
-85
-100
-127
-143
-152
-191
-212
-216
-238
-244
-264
-293
-288
-300
-321
-339
-349
-350
-370
-391
-390
-403
-392
-387
-407
-386
-393
-367
-374
-366
-333
-333
-301
-293
-276
-245
-223
-209
-184
-147
-147
-92
-75
-56
-21
-14
17
49
65
87
128
143
183
196
204
220
223
256
268
278
291
312
339
336
329
339
338
337
336
331
325
319
319
304
298
263
236
238
218
204
167
154
147
106
94
76
49
37
18
-15
-22
-51
-73
-84
-116
-126
-164
-191
-219
-213
-258
-281
-291
-320
-348
-359
-371
-392
-393
-416
-407
-429
-441
-445
-458
-455
-445
-448
-448
-461
-471
-445
-438
-415
-412
-406
-371
-360
-344
-329
-319
-281
-259
-240
-207
-176
-144
-118
-100
-66
-29
0
33
62
75
109
141
156
193
193
207
243
238
243
282
262
276
300
300
319
329
317
316
336
330
313
311
303
289
298
281
268
258
222
223
197
174
167
119
108
101
62
39
21
-8
-23
-65
-84
-126
-150
-188
-215
-238
-265
-297
-332
-348
-373
-385
-382
-402
-412
-429
-448
-451
-453
-446
-456
-446
-445
-417
-403
-398
-372
-375
-340
-319
-320
-296
-271
-267
-244
-210
-191
-167
-154
-132
-124
-83
-73
-55
-3
24
53
82
111
141
183
207
222
233
264
284
308
327
332
365
373
372
397
426
423
436
443
441
448
443
432
441
436
423
431
412
364
349
331
314
299
280
262
243
243
198
181
161
125
101
67
48
11
-20
-58
-83
-117
-147
-178
-210
-223
-246
-274
-308
-323
-349
-354
-390
-395
-396
-407
-407
-430
-445
-440
-435
-446
-426
-445
-421
-411
-402
-389
-376
-367
-357
-342
-336
-294
-280
-258
-223
-217
-186
-155
-141
-96
-64
-56
-30
0
16
54
81
96
126
154
168
197
227
243
262
292
320
335
362
375
383
399
419
438
441
447
442
460
475
465
462
452
447
424
425
398
377
361
320
303
288
255
242
207
180
160
116
96
50
27
-2
-27
-48
-83
-110
-130
-157
-174
-198
-229
-241
-279
-289
-301
-340
-335
-343
-373
-394
-415
-419
-418
-423
-426
-444
-437
-457
-455
-440
-428
-403
-400
-401
-402
-362
-348
-338
-307
-293
-275
-249
-240
-202
-159
-136
-104
-62
-42
-3
32
54
96
112
140
171
201
231
260
290
308
325
333
356
400
410
416
429
436
445
451
450
442
463
464
473
460
439
449
428
412
393
363
343
318
294
279
253
213
196
154
145
103
80
64
5
-25
-57
-82
-110
-151
-178
-203
-218
-247
-250
-275
-311
-325
-338
-368
-378
-386
-403
-410
-418
-432
-445
-437
-452
-463
-468
-455
-449
-456
-450
-433
-430
-416
-404
-380
-352
-340
-320
-297
-261
-250
-217
-182
-150
-123
-97
-59
-31
-9
19
44
75
111
140
172
182
211
245
264
299
331
342
378
403
426
444
456
482
500
520
541
554
582
603
624
624
628
625
624
615
597
584
568
548
548
529
495
463
447
425
398
360
298
285
235
208
180
131
103
59
28
-27
-64
-93
-125
-152
-178
-214
-238
-262
-299
-315
-340
-366
-386
-412
-417
-436
-442
-450
-471
-470
-465
-465
-470
-471
-460
-449
-443
-435
-421
-403
-386
-365
-342
-333
-296
-267
-251
-206
-189
-167
-117
-82
-57
-4
25
65
102
137
163
196
230
266
300
337
363
398
433
444
476
491
501
530
549
524
547
543
531
544
525
515
520
507
469
480
456
416
408
384
371
349
326
302
271
235
189
167
135
93
65
45
3
-24
-58
-101
-104
-135
-165
-183
-223
-262
-284
-316
-335
-368
-380
-391
-405
-407
-414
-419
-430
-442
-444
-450
-432
-444
-454
-451
-450
-447
-429
-418
-421
-400
-395
-376
-341
-316
-298
-250
-224
-195
-154
-115
-73
-48
-3
42
56
87
124
152
177
206
227
247
275
294
300
332
346
361
371
375
408
396
394
393
378
383
375
353
363
355
350
357
336
316
303
276
264
250
240
225
195
147
156
140
99
80
56
29
5
-28
-50
-62
-102
-120
-139
-165
-185
-213
-240
-233
-249
-276
-282
-281
-305
-317
-321
-326
-329
-333
-333
-331
-319
-328
-330
-319
-307
-287
-286
-285
-272
-250
-237
-216
-192
-176
-161
-152
-138
-107
-90
-72
-34
-20
9
30
38
57
97
96
134
160
173
213
227
237
269
282
294
311
303
301
318
341
339
338
338
346
360
351
351
345
333
322
326
311
319
306
270
270
247
237
220
196
186
158
127
98
72
55
49
15
-14
-47
-50
-78
-107
-112
-135
-149
-169
-192
-215
-217
-229
-257
-250
-240
-266
-272
-254
-276
-283
-289
-294
-266
-280
-274
-258
-257
-239
-239
-231
-221
-207
-209
-182
-162
-138
-137
-123
-107
-99
-72
-55
-50
-8
0
1
33
34
63
89
93
104
131
145
152
153
163
185
189
194
211
208
229
236
241
250
248
259
285
278
283
290
282
288
292
298
285
276
272
270
260
237
225
227
213
208
187
177
158
150
142
95
94
91
59
32
40
7
8
10
-21
-39
-53
-67
-67
-82
-118
-123
-136
-154
-154
-173
-188
-186
-196
-206
-197
-201
-202
-189
-208
-218
-196
-193
-207
-204
-220
-227
-200
-203
-205
-191
-192
-185
-168
-159
-148
-119
-122
-106
-98
-81
-71
-74
-63
-36
-30
-24
-13
-1
7
13
4
19
28
42
65
78
82
75
85
91
99
105
108
120
120
117
133
132
132
139
119
101
106
95
91
78
72
69
63
56
44
49
12
4
-9
-46
-42
-46
-73
-62
-78
-90
-71
-97
-122
-131
-145
-154
-165
-179
-197
-214
-226
-240
-230
-251
-253
-256
-253
-244
-272
-256
-253
-272
-248
-242
-226
-217
-218
-203
-182
-159
-137
-129
-106
-73
-57
-19
-5
10
30
40
61
85
101
129
149
165
187
195
215
231
264
260
263
279
277
275
280
287
297
290
272
276
255
237
220
216
198
183
155
143
135
122
109
89
78
52
45
23
-9
0
-28
-58
-61
-77
-95
-109
-126
-142
-160
-178
-185
-206
-223
-225
-236
-251
-258
-265
-272
-282
-271
-291
-298
-295
-293
-290
-293
-299
-286
-284
-274
-264
-265
-244
-249
-234
-233
-220
-209
-205
-171
-184
-153
-142
-139
-118
-102
-73
-59
-34
-30
-9
16
23
45
62
84
101
104
123
141
144
169
187
190
213
203
202
221
220
219
221
209
199
215
200
203
203
194
196
195
172
179
175
159
178
164
153
148
145
144
126
118
109
112
92
76
78
67
62
42
29
19
4
-21
-32
-38
-57
-71
-75
-91
-101
-119
-128
-131
-151
-159
-170
-173
-174
-186
-186
-191
-212
-227
-208
-205
-187
-184
-204
-169
-185
-180
-172
-173
-162
-156
-145
-140
-136
-127
-122
-100
-69
-61
-64
-58
-28
-31
-20
6
2
23
39
32
63
85
88
95
122
130
145
163
172
182
185
198
197
205
220
208
207
213
224
215
204
192
179
188
186
170
163
157
139
132
102
78
74
29
6
-10
-32
-51
-71
-104
-114
-137
-172
-189
-212
-229
-245
-263
-276
-292
-293
-314
-326
-328
-339
-350
-363
-376
-378
-393
-377
-374
-370
-359
-365
-338
-338
-341
-332
-330
-322
-316
-304
-287
-277
-259
-238
-205
-196
-203
-183
-146
-143
-88
-85
-71
-23
-22
8
36
58
71
95
103
128
169
175
205
222
233
248
270
268
295
297
288
311
306
319
321
319
319
320
333
334
334
336
331
338
333
314
320
300
277
274
261
250
240
214
193
195
170
147
132
94
68
86
42
14
-4
-37
-49
-81
-104
-108
-133
-147
-156
-164
-196
-201
-212
-233
-211
-239
-251
-256
-264
-266
-272
-270
-270
-273
-296
-288
-270
-281
-281
-256
-255
-257
-244
-249
-234
-216
-217
-195
-187
-166
-154
-142
-107
-98
-71
-58
-37
-3
5
32
48
71
101
104
136
158
167
210
213
231
259
267
293
290
295
310
313
326
311
325
345
321
316
316
301
307
303
299
288
275
255
226
220
205
174
157
142
122
103
73
63
29
9
2
-24
-40
-64
-81
-104
-122
-154
-162
-142
-200
-209
-214
-252
-231
-259
-273
-270
-286
-294
-279
-303
-310
-307
-325
-316
-312
-333
-325
-310
-311
-306
-310
-284
-259
-263
-232
-204
-189
-172
-148
-133
-90
-61
-49
-30
-14
17
42
70
108
149
162
187
216
253
275
274
305
326
340
360
369
391
404
406
422
429
417
443
445
452
441
422
430
426
430
418
423
405
381
372
339
318
297
290
266
254
237
195
187
166
140
117
82
65
45
22
-5
-20
-37
-53
-87
-105
-121
-156
-184
-200
-215
-224
-241
-264
-254
-250
-276
-280
-282
-297
-283
-298
-301
-300
-305
-303
-322
-317
-305
-303
-314
-291
-278
-270
-250
-230
-223
-203
-186
-182
-158
-151
-139
-108
-99
-86
-63
-40
-21
0
33
52
55
86
113
133
151
182
184
192
227
220
240
256
258
277
281
298
322
320
310
335
328
329
341
342
335
326
333
304
302
304
281
291
277
259
265
246
244
233
209
194
162
146
130
109
93
51
49
26
-13
-24
-45
-59
-80
-110
-112
-141
-147
-170
-191
-186
-194
-213
-230
-231
-246
-248
-249
-242
-246
-252
-239
-233
-224
-224
-201
-187
-178
-159
-161
-133
-109
-104
-86
-78
-48
-27
-19
6
44
65
94
114
121
141
155
165
171
193
197
211
230
237
239
246
266
273
281
282
285
304
304
313
303
301
296
298
299
294
290
274
265
257
242
241
228
209
201
171
166
152
125
121
93
71
57
39
28
10
10
-8
-34
-53
-67
-67
-69
-92
-105
-105
-137
-141
-148
-154
-152
-169
-170
-168
-170
-176
-187
-176
-178
-192
-194
-182
-185
-192
-178
-175
-160
-145
-137
-144
-133
-118
-106
-93
-69
-64
-52
-31
-19
13
22
50
65
79
95
103
119
133
152
158
150
162
175
199
200
204
215
216
208
224
231
228
245
257
253
263
276
272
270
272
270
279
280
278
268
290
272
274
281
279
263
252
236
219
221
186
168
172
148
134
129
90
94
89
59
54
48
12
9
0
-15
-18
-43
-76
-78
-78
-106
-113
-125
-140
-147
-168
-163
-169
-177
-178
-183
-202
-207
-208
-226
-218
-220
-215
-211
-212
-207
-191
-190
-197
-174
-167
-153
-136
-119
-115
-84
-69
-69
-52
-44
-19
-7
-10
19
38
44
73
86
107
110
126
152
168
160
158
167
169
187
185
172
193
196
202
203
188
209
203
193
215
207
202
192
175
160
164
138
127
125
104
73
55
50
33
21
-20
-31
-35
-56
-67
-77
-100
-124
-139
-154
-159
-160
-186
-182
-174
-188
-183
-184
-216
-199
-204
-203
-186
-208
-203
-196
-201
-204
-199
-203
-206
-187
-191
-188
-175
-163
-170
-147
-128
-133
-120
-104
-107
-92
-84
-74
-55
-53
-40
-43
-15
-1
-24
0
20
48
61
68
75
97
92
98
127
127
148
153
167
171
177
186
184
204
202
203
207
203
208
204
199
202
200
201
190
178
178
161
161
138
138
116
93
87
54
44
27
8
-11
-34
-63
-75
-92
-97
-107
-127
-133
-140
-146
-151
-153
-169
-175
-181
-197
-190
-204
-201
-194
-193
-201
-185
-192
-205
-182
-185
-177
-173
-159
-145
-156
-165
-159
-155
-137
-146
-138
-113
-118
-103
-93
-94
-70
-64
-47
-14
2
12
28
31
51
63
75
85
109
115
112
144
133
138
150
148
146
137
157
153
158
156
153
155
144
129
135
137
130
125
116
117
110
97
81
92
58
56
57
35
24
20
-12
-30
-35
-49
-50
-79
-82
-90
-121
-123
-143
-167
-188
-207
-214
-215
-217
-226
-240
-255
-259
-265
-273
-260
-271
-252
-239
-244
-246
-247
-237
-227
-214
-224
-205
-208
-198
-188
-175
-174
-149
-129
-110
-93
-77
-51
-41
-3
16
35
47
61
84
92
112
126
142
157
152
177
179
209
219
235
250
246
258
269
291
286
277
285
283
270
273
256
257
245
240
237
227
204
200
204
170
155
144
127
108
92
68
55
36
12
7
-12
-51
-46
-59
-75
-86
-116
-122
-139
-149
-170
-188
-202
-230
-240
-260
-301
-296
-311
-324
-321
-344
-365
-349
-366
-382
-362
-381
-376
-384
-388
-388
-368
-354
-358
-346
-345
-341
-322
-313
-302
-268
-260
-240
-233
-206
-194
-181
-157
-134
-125
-119
-85
-80
-58
-42
-30
-7
-7
17
16
29
43
68
67
73
77
76
87
79
99
120
112
131
138
119
127
132
123
157
150
145
151
144
154
157
158
156
163
164
155
141
131
137
116
94
104
97
63
67
36
13
21
-10
-23
-40
-54
-57
-73
-92
-83
-103
-125
-134
-161
-171
-200
-204
-210
-218
-232
-249
-250
-265
-270
-280
-270
-263
-258
-240
-228
-224
-205
-200
-199
-178
-174
-159
-150
-137
-124
-91
-88
-81
-55
-35
-20
-5
13
23
41
57
75
93
105
113
137
154
181
203
204
240
228
242
255
251
274
282
284
285
281
272
269
260
255
251
237
235
220
198
189
173
153
126
104
98
88
74
43
35
13
-6
-52
-61
-76
-120
-125
-151
-165
-187
-207
-230
-246
-269
-293
-299
-315
-329
-330
-339
-338
-333
-348
-351
-345
-356
-344
-345
-339
-321
-323
-319
-298
-299
-292
-271
-251
-240
-243
-216
-194
-196
-181
-165
-159
-150
-137
-116
-95
-81
-67
-49
-16
6
23
28
42
63
76
101
131
153
171
195
207
236
243
268
264
277
289
288
303
296
316
318
320
320
315
317
303
291
291
290
276
269
248
241
232
205
200
197
167
129
131
108
87
74
42
37
12
-8
-38
-48
-71
-92
-97
-124
-125
-132
-144
-150
-169
-169
-183
-192
-180
-193
-194
-216
-220
-222
-242
-248
-248
-257
-262
-247
-257
-254
-252
-255
-225
-237
-223
-207
-207
-205
-197
-186
-181
-149
-132
-122
-112
-94
-67
-49
-31
-10
6
15
42
46
55
50
66
89
86
104
105
120
131
132
136
150
159
161
181
158
160
170
183
194
185
184
175
159
152
155
130
135
137
127
120
109
87
85
64
35
37
5
0
-2
-14
-33
-51
-56
-72
-79
-94
-109
-123
-116
-136
-145
-143
-167
-178
-187
-195
-203
-203
-212
-220
-222
-230
-246
-226
-214
-215
-198
-211
-193
-192
-210
-195
-179
-178
-177
-173
-180
-173
-161
-135
-125
-94
-81
-75
-60
-42
-33
-12
21
30
49
67
84
103
110
124
133
157
163
175
199
203
217
224
224
246
248
255
266
261
266
270
270
270
273
257
274
263
261
243
247
257
235
247
227
217
224
215
212
200
182
172
173
162
143
145
129
121
113
102
73
58
54
42
35
32
8
-6
-8
-36
-51
-58
-68
-65
-66
-92
-110
-120
-125
-135
-132
-147
-164
-147
-164
-172
-163
-168
-171
-166
-156
-170
-175
-174
-161
-140
-139
-140
-132
-142
-131
-117
-127
-108
-86
-79
-60
-55
-36
-17
-24
-8
5
14
31
47
51
62
57
70
98
110
108
104
118
125
123
133
138
148
150
139
143
156
145
151
160
136
144
155
163
166
158
166
169
165
152
135
118
101
85
86
73
63
33
35
38
28
19
3
-6
-23
-28
-32
-45
-46
-44
-56
-46
-60
-56
-57
-81
-77
-88
-95
-92
-93
-105
-98
-89
-115
-106
-110
-112
-105
-98
-104
-94
-87
-102
-81
-80
-54
-60
-45
-25
-39
-19
-8
2
6
16
38
48
46
50
61
72
77
74
94
102
115
123
112
134
125
123
132
129
126
126
123
129
120
116
117
122
120
107
113
102
92
84
71
49
60
55
37
49
13
1
3
-6
-12
-13
-28
-47
-48
-61
-70
-62
-88
-99
-91
-115
-124
-126
-144
-138
-154
-163
-156
-163
-169
-177
-180
-161
-179
-201
-199
-200
-186
-181
-197
-179
-185
-190
-174
-172
-171
-156
-144
-142
-140
-128
-128
-117
-113
-111
-93
-93
-79
-85
-74
-62
-59
-54
-38
-32
-29
-20
-28
6
14
20
46
45
55
63
69
83
100
108
106
116
119
133
146
141
161
167
153
159
170
161
151
158
160
157
148
145
146
145
144
124
135
136
130
124
118
111
105
109
101
93
92
68
66
77
57
48
50
32
38
37
15
27
28
15
22
18
17
15
14
7
-2
-1
-36
-34
-28
-27
-35
-40
-40
-31
-31
-29
-20
-19
-15
-36
-40
-28
-22
-19
-14
-12
-4
-7
1
3
3
6
29
27
27
34
34
45
46
64
59
70
62
62
68
60
48
42
67
36
44
50
43
55
51
28
49
52
32
42
29
26
19
18
-3
10
14
3
-6
-4
-18
-27
-36
-35
-44
-67
-63
-74
-82
-86
-97
-123
-108
-108
-108
-97
-104
-97
-86
-97
-89
-81
-85
-80
-72
-62
-48
-53
-49
-50
-39
-49
-52
-41
-31
-23
-19
-16
-9
-10
-15
-11
-9
-6
2
-3
-16
10
-7
9
39
47
44
36
42
36
44
54
68
75
62
71
77
80
82
86
59
67
81
61
73
79
70
65
59
66
67
47
66
69
72
60
56
67
63
65
65
63
48
48
42
42
45
29
27
26
27
18
11
0
-14
-23
-31
-66
-60
-76
-85
-77
-103
-122
-121
-134
-140
-147
-162
-152
-166
-171
-177
-180
-194
-206
-189
-202
-195
-196
-198
-190
-206
-198
-194
-201
-207
-206
-204
-191
-190
-191
-159
-179
-158
-152
-160
-140
-143
-119
-109
-109
-114
-116
-98
-79
-84
-78
-65
-61
-52
-42
-35
-15
-4
-14
4
10
-7
8
3
-7
2
-7
-3
-8
-11
-1
10
2
-6
-13
-29
-27
-19
-20
-22
-35
-24
-23
-33
-34
-19
-30
-37
-37
-57
-44
-54
-59
-52
-63
-52
-50
-76
-79
-82
-109
-92
-97
-109
-110
-117
-115
-114
-111
-102
-108
-104
-112
-98
-103
-84
-91
-103
-94
-85
-75
-67
-74
-72
-54
-40
-55
-53
-32
-34
-8
-16
-8
10
9
9
32
39
40
36
40
66
82
98
114
130
125
141
143
149
163
167
164
164
170
173
172
170
174
172
189
175
164
178
174
157
154
141
122
136
107
100
95
77
79
64
49
34
29
20
21
-5
-17
-27
-46
-46
-45
-71
-77
-82
-103
-102
-113
-136
-153
-156
-177
-181
-187
-192
-196
-217
-221
-223
-211
-224
-229
-249
-243
-252
-269
-262
-254
-251
-257
-273
-274
-271
-272
-248
-252
-244
-234
-237
-221
-207
-198
-191
-190
-180
-182
-176
-173
-181
-162
-149
-154
-123
-115
-117
-107
-100
-92
-81
-70
-64
-54
-51
-45
-44
-39
-32
-31
-33
-35
-29
-30
-37
-49
-58
-61
-58
-64
-71
-60
-77
-79
-103
-115
-122
-139
-135
-124
-121
-148
-160
-160
-169
-169
-187
-191
-180
-189
-186
-181
-186
-199
-214
-208
-195
-206
-213
-213
-207
-217
-223
-210
-211
-214
-211
-210
-202
-216
-225
-210
-236
-220
-213
-219
-205
-215
-207
-207
-217
-212
-212
-198
-187
-186
-177
-180
-175
-180
-190
-189
-185
-175
-163
-173
-157
-159
-147
-151
-136
-127
-128
-116
-111
-117
-101
-118
-122
-94
-109
-98
-113
-97
-89
-87
-78
-74
-75
-68
-68
-75
-56
-67
-58
-41
-48
-48
-43
-53
-59
-51
-64
-73
-54
-63
-87
-73
-79
-89
-85
-100
-103
-105
-108
-113
-116
-100
-124
-128
-126
-160
-161
-158
-164
-179
-198
-199
-202
-206
-203
-213
-208
-214
-223
-227
-233
-226
-233
-226
-220
-224
-200
-196
-198
-182
-178
-181
-150
-154
-160
-144
-148
-141
-114
-116
-113
-91
-88
-90
-59
-59
-61
-43
-42
-21
0
1
11
24
27
52
51
63
59
63
70
80
85
102
100
100
110
106
125
127
132
125
145
131
117
135
119
138
129
107
118
122
109
126
127
135
143
141
149
139
142
119
125
143
108
126
137
107
106
93
86
82
80
78
71
73
60
42
56
44
38
11
6
8
-11
-23
-19
-22
-42
-35
-54
-58
-62
-62
-56
-58
-56
-56
-39
-39
-60
-57
-48
-46
-55
-54
-44
-49
-55
-41
-35
-32
-35
-28
-8
-1
6
2
15
18
16
9
13
9
7
9
-4
1
-5
2
8
19
31
44
36
41
47
39
54
45
59
66
62
71
78
65
77
82
67
83
69
70
73
54
54
51
39
33
18
4
-19
-2
-6
-18
-25
-42
-42
-46
-55
-65
-55
-63
-77
-56
-59
-71
-56
-72
-79
-63
-73
-71
-86
-81
-65
-71
-73
-63
-55
-49
-37
-51
-42
-46
-46
-52
-48
-49
-63
-42
-49
-30
-35
-37
-25
-31
-20
-11
14
-6
1
11
28
30
36
38
39
57
54
73
87
84
91
94
106
103
79
104
104
96
105
95
99
96
85
72
87
69
69
90
98
70
64
63
51
45
38
48
43
36
17
23
15
1
6
-1
-11
-14
-16
-21
-17
-21
-11
-12
-17
-20
-29
-30
-31
-19
-23
-15
-32
-23
-7
4
15
10
15
4
33
34
30
48
52
69
68
58
69
77
82
86
94
109
116
115
122
122
120
107
115
111
109
125
128
144
132
134
161
