-32
-36
-27
-31
-25
-37
-49
-61
-84
-108
-103
-103
-100
-122
-136
-117
-111
-114
-120
-120
-122
-119
-116
-114
-119
-118
-121
-115
-117
-114
-112
-98
-79
-72
-90
-89
-89
-103
-108
-118
-92
-82
-90
-86
-73
-93
-98
-91
-71
-62
-70
-48
-26
-10
-18
-9
2
-1
-3
-4
-2
2
-1
2
-2
-13
-17
-12
-25
-23
-23
-25
-16
-12
0
0
-18
-10
-5
-32
-25
-7
2
-1
-10
-4
-13
-31
-11
-19
-16
-3
-4
39
28
14
23
29
32
36
49
74
68
43
80
91
83
81
63
72
62
64
87
80
70
71
77
82
62
68
78
84
91
87
120
127
104
97
96
80
85
95
85
108
100
92
96
96
94
64
66
58
33
31
31
21
13
-11
-3
-10
-20
-33
-40
-24
-20
-23
7
6
-14
-31
-27
5
3
-10
-17
-6
-3
-21
-20
-40
-47
-39
-37
-21
-3
-8
-7
-17
-12
-4
-2
-5
3
4
0
-2
22
40
31
33
16
16
18
5
15
-1
-23
-15
-9
-4
-8
-7
7
6
-10
6
12
7
11
16
22
21
19
21
11
22
17
11
25
3
3
16
21
41
47
43
52
55
55
74
80
74
91
64
63
68
62
68
75
75
65
62
64
66
51
33
26
24
20
28
38
38
30
33
45
63
49
60
76
81
83
87
87
86
71
68
79
72
56
60
51
60
45
28
45
25
42
44
44
38
27
30
23
36
41
27
20
26
34
39
22
12
10
11
15
22
21
0
-4
1
-13
-19
-39
-23
-15
-29
-26
-26
-28
-42
-54
-46
-43
-57
-45
-37
-36
-36
-60
-65
-61
-80
-76
-75
-75
-102
-123
-112
-122
-120
-113
-116
-90
-80
-53
-42
-38
-37
-43
-31
2
8
1
3
-9
-19
-15
-11
-3
11
6
11
14
6
1
8
9
10
-4
-15
-8
-3
-22
-23
-21
-15
0
12
11
13
-2
-3
9
11
19
7
11
5
3
7
4
30
48
45
54
65
68
79
79
92
109
95
109
104
103
119
115
122
127
118
122
110
90
90
99
109
110
99
100
94
85
73
85
90
93
84
105
106
97
100
67
69
65
53
51
49
68
54
48
46
55
52
31
27
11
-1
-5
0
4
18
2
5
15
-3
11
-1
12
28
31
46
38
30
13
27
40
47
59
58
60
70
62
65
88
91
114
104
88
92
75
77
82
71
82
66
73
72
56
52
55
65
69
73
61
41
33
38
40
29
48
42
37
51
48
49
60
57
74
89
99
99
81
86
90
105
96
97
104
110
106
106
121
123
134
130
127
125
129
116
119
113
102
89
84
84
85
74
82
77
63
65
74
79
71
48
28
35
31
35
40
27
17
15
33
41
38
33
57
76
82
89
88
84
94
98
97
110
86
84
101
84
83
89
96
106
109
96
96
109
101
98
96
72
55
51
45
46
40
43
59
53
46
48
48
61
58
52
63
67
67
59
76
76
68
52
48
41
6
16
29
29
41
16
3
10
-2
7
17
18
30
28
10
3
10
12
9
4
-7
-16
-19
-19
-11
1
6
12
15
-16
-25
-50
-64
-50
-55
-47
-49
-55
-68
-70
-89
-95
-92
-76
-44
-44
-37
-41
-19
5
0
0
-1
21
27
40
54
69
56
57
44
39
80
79
103
133
120
130
135
118
124
116
118
125
119
106
102
99
88
111
105
97
60
11
25
44
54
38
10
33
52
17
9
22
16
15
14
25
37
29
62
44
-1
26
67
70
66
69
80
98
75
76
57
40
75
84
88
101
92
100
96
111
131
143
148
177
158
191
171
422
741
564
279
151
135
146
97
44
58
72
416
513
184
-128
-174
-45
43
-62
52
207
208
203
95
-38
-208
-132
74
127
88
123
169
135
14
-40
-42
-53
35
121
116
75
6
-34
-80
-141
-75
36
104
110
55
-6
-67
-92
-23
6
12
72
115
123
82
18
-30
-84
-107
-82
-46
-35
-39
-54
-82
-150
-189
-174
-118
-71
-43
-26
-16
-37
-62
-73
-73
-57
-40
31
99
109
69
35
40
44
64
106
145
168
158
122
121
107
108
120
133
165
177
178
171
135
105
111
118
143
178
216
215
184
131
84
67
46
43
70
76
52
33
5
-14
-36
-43
-30
-1
1
11
16
1
-7
-24
-40
-3
34
42
77
74
75
97
104
114
117
117
130
135
162
160
151
148
164
175
164
139
150
154
152
145
127
124
110
120
151
153
110
95
88
105
80
27
-6
-11
13
23
46
41
13
5
5
10
12
16
48
66
63
44
51
59
40
38
50
84
98
124
116
94
73
51
56
62
50
72
89
77
80
62
26
35
22
11
18
13
26
25
3
-50
-88
-102
-78
-72
-79
-105
-102
-102
-118
-129
-153
-151
-119
-86
-89
-94
-127
-125
-121
-112
-79
-71
-74
-72
-72
-79
-90
-113
-85
-66
-31
3
-3
-7
-22
-31
-25
-26
-36
-18
-1
18
34
38
13
1
10
2
16
1
-28
0
24
28
25
12
16
14
7
4
-7
16
23
71
86
26
-7
-29
-28
-27
-67
-77
-40
-33
-23
-26
-37
-71
-79
-53
-36
-46
-69
-38
11
17
-4
5
7
12
-6
-6
10
35
53
60
78
78
54
59
66
49
47
68
104
118
76
76
80
72
77
65
78
90
107
121
128
84
64
88
101
120
125
117
112
94
78
81
71
73
89
113
118
107
64
22
9
-12
-12
9
17
24
33
13
-22
-62
-78
-64
-33
-18
-3
-4
-14
0
6
-18
-59
-72
-46
-30
-5
-6
-26
-36
-27
-31
-32
-36
-27
-16
-5
2
-27
-22
-36
-28
-40
-58
-57
-39
-32
-12
13
20
12
18
54
33
14
2
-2
20
13
4
-5
-41
-27
-13
-11
-17
-46
-38
-30
-1
32
25
9
-6
-29
-13
7
-7
-3
-18
-11
-1
-21
-37
-48
-71
-68
-55
-46
-56
-57
-44
-43
-34
-41
-49
-38
-56
-42
-27
-36
-41
-57
-48
-52
-51
-47
-43
-26
-33
-49
-55
-46
-43
-47
-32
-42
-29
-22
-26
-1
-20
-28
-2
21
36
44
57
55
36
16
20
38
27
14
23
30
27
28
39
43
44
49
65
76
68
56
64
46
48
49
44
46
66
66
56
41
21
37
17
-2
1
-4
-9
-19
-13
-24
-35
-40
-20
-27
-53
-85
-83
-64
-86
-102
-94
-86
-76
-51
-42
-62
-95
-100
-90
-84
-99
-98
-75
-73
-74
-105
-137
-139
-149
-159
-149
-110
-104
-100
-100
-121
-137
-164
-159
-141
-126
-122
-113
-104
-119
-115
-134
-133
-112
-103
-85
-61
-59
-56
-48
-62
-73
-59
-29
-14
-24
-33
-54
-54
-47
-55
-29
-43
-35
-18
-10
-1
-29
-34
-34
-21
-5
-7
-9
0
-17
-22
-33
-64
-71
-50
-39
-29
-34
-54
-46
-20
-31
-61
-68
-94
-79
-60
-33
-24
-38
-33
-44
-26
-36
-64
-74
-67
-47
-38
-41
-13
-9
-9
-29
-33
-52
-92
-102
-94
-70
-77
-49
-45
-57
-101
-135
-127
-118
-101
-77
-69
-63
-52
-55
-72
-108
-128
-135
-120
-92
-71
-47
-51
-80
-97
-101
-102
-70
-64
-63
-59
-48
-38
-40
-33
-59
-70
-55
-44
-27
-46
-77
-80
-92
-74
-60
-82
-91
-72
-60
-87
-98
-102
-107
-117
-100
-103
-86
-86
-107
-95
-124
-140
-122
-101
-78
-90
-81
-54
-73
-82
-108
-125
-138
-130
-102
-83
-108
-120
-133
-162
-161
-164
-151
-137
-114
-91
-70
-75
-88
-103
-112
-106
-117
-106
-91
-79
-76
-86
-94
-91
-107
-119
-93
-82
-86
-59
-54
-65
-72
-105
-127
-141
-154
-153
-147
-150
-154
-124
-108
-101
-116
-133
-160
-183
-175
-162
-141
-141
-138
-127
-132
-146
-183
-199
-187
-191
-172
-160
-150
-129
-124
-130
-141
-158
-145
-119
-93
-86
-83
-67
-66
-72
-72
-71
-67
-58
-52
-30
-53
-54
-44
-43
-37
-47
-43
-44
-41
-51
-66
-85
-99
-78
-55
-47
-38
-30
-23
-22
-35
-50
-72
-85
-70
-38
-34
-42
-51
-56
-72
-110
-116
-102
-83
-68
-63
-83
-109
-127
-131
-135
-154
-160
-166
-139
-128
-135
-138
-144
-142
-159
-159
-152
-140
-137
-134
-105
-98
-104
-104
-123
-133
-136
-140
-137
-110
-93
-95
-95
-95
-80
-65
-70
-79
-93
-85
-67
-50
-41
-55
-59
-63
-66
-98
-129
-135
-132
-99
-86
-109
-131
-121
-101
-79
-108
-131
-129
-135
-133
-153
-144
-148
-136
-132
-142
-147
-171
-179
-156
-142
-150
-124
-102
-88
-113
-162
-180
-165
-156
-136
-114
-93
-92
-83
-80
-108
-133
-156
-145
-119
-106
-85
-67
-63
-60
-79
-106
-116
-121
-111
-97
-83
-96
-116
-115
-120
-130
-145
-141
-127
-92
-98
-110
-108
-111
-104
-97
-97
-103
-120
-113
-103
-98
-113
-107
-104
-127
-132
-149
-142
-142
-160
-156
-139
-129
-135
-121
-92
-85
-78
-75
-77
-74
-85
-83
-71
-85
-93
-71
-61
-76
-114
-139
-156
-140
-126
-119
-92
-132
-117
-101
-113
-123
-96
-113
-101
-78
-48
-44
-64
-82
-66
-45
-46
-49
-53
-53
-56
-34
-65
-73
-73
-80
-71
-69
-84
-87
-60
-47
-44
-49
-36
-20
-25
-17
-22
-9
-24
2
11
-11
-23
-17
1
-29
-39
-26
-33
-1
-4
3
14
-17
-35
-40
-10
-9
-10
-9
-11
-32
-44
-55
-61
-75
-77
-47
-64
-73
-70
-72
-73
-85
-78
-64
-66
-55
-69
-77
-66
-66
-50
-24
-30
-34
-32
-26
-20
-34
-30
-29
-26
-36
-50
-50
-46
-62
-64
-58
-57
-63
-76
-64
-78
-101
-123
-113
-111
-119
-80
-67
-79
-103
-129
-132
-143
-162
-144
-111
-110
-100
-108
-111
-127
-141
-142
-129
-99
-76
-76
-71
-77
-75
-71
-73
-85
-94
-71
-63
-55
-32
-10
-11
-15
-22
-30
-58
-80
-88
-75
-68
-71
-63
-50
-58
-73
-87
-87
-84
-117
-118
-96
-92
-94
-91
-83
-76
-93
-98
-69
-81
-77
-57
-58
-48
-56
-28
-9
-21
-48
-64
-71
-59
-59
-25
17
16
4
-1
19
12
3
-6
-8
0
-4
1
10
-6
-7
-10
-3
8
-13
-4
-8
-10
9
15
27
14
-3
-1
0
20
36
30
24
6
12
6
4
-3
1
-9
-13
-23
-36
-33
-42
-39
-44
-19
-14
-13
-6
-18
-9
-11
-17
-16
-28
-4
31
13
10
5
-9
27
50
46
42
29
40
36
31
27
24
27
36
50
47
35
35
28
39
33
15
4
-11
5
12
12
10
8
1
-5
8
-14
-34
-38
-33
-10
-24
-16
-22
-26
-11
-25
-20
-23
-23
7
5
5
5
2
9
22
32
17
21
19
32
47
50
52
54
47
53
69
73
79
66
69
81
89
97
106
101
84
81
107
111
102
90
78
85
87
80
88
87
56
52
59
79
88
110
122
130
128
120
107
94
64
66
98
100
107
113
90
79
69
86
103
83
87
99
112
112
110
110
108
85
83
124
123
88
91
85
80
75
49
44
47
38
29
46
32
25
47
41
26
41
47
71
87
71
53
49
31
28
30
30
27
30
52
53
55
46
67
84
76
93
108
116
105
106
80
78
74
57
79
75
62
71
70
56
58
64
81
88
80
76
97
106
99
105
95
71
60
76
91
87
58
79
103
87
75
78
82
78
89
119
145
148
142
139
112
110
124
124
132
140
148
178
191
194
189
181
168
170
190
198
195
177
168
161
167
162
149
160
152
157
174
172
164
152
141
152
158
142
132
141
130
122
104
107
116
112
119
97
92
87
91
102
75
54
58
38
35
46
41
60
52
16
13
25
17
29
29
25
27
19
10
22
6
-1
16
7
19
20
19
18
2
-9
-15
-12
-33
-32
-6
-7
-14
-3
12
11
17
1
8
-3
2
36
35
42
37
41
38
21
23
28
39
37
36
71
88
96
108
122
115
107
129
145
157
156
162
171
167
158
159
175
178
167
166
167
159
161
161
151
144
136
146
149
144
136
145
135
130
134
139
128
117
118
118
105
90
87
93
77
80
98
94
96
89
107
123
99
88
96
89
93
104
118
128
99
102
104
105
84
68
75
73
71
84
107
110
103
84
105
110
102
120
139
149
156
168
188
181
169
165
160
165
158
178
191
188
179
197
205
181
185
188
200
216
238
239
229
212
213
209
182
178
173
191
178
195
211
221
242
221
214
191
170
165
156
146
136
120
106
95
97
95
99
108
102
106
115
104
92
87
81
76
71
77
66
46
36
36
37
20
15
34
28
21
27
36
37
27
36
44
39
40
40
36
45
24
54
54
53
72
77
90
76
72
82
94
76
72
75
73
76
74
95
107
96
93
80
70
37
18
33
31
33
19
33
35
13
0
1
8
-6
-11
5
3
2
0
3
9
2
1
19
17
31
37
44
40
35
40
42
49
50
52
68
75
63
75
67
67
83
83
92
107
101
117
115
95
91
87
86
80
89
82
80
104
92
91
108
104
101
109
112
136
173
156
146
139
110
111
108
91
78
75
87
91
85
83
99
89
82
81
69
69
63
71
60
69
79
87
90
87
83
79
83
66
82
75
67
63
52
74
58
34
47
46
44
22
22
27
44
44
41
21
14
16
2
21
39
42
45
47
60
65
65
73
65
71
51
52
58
37
56
62
49
54
53
58
57
62
86
86
85
89
98
109
105
124
115
103
102
82
85
82
93
110
111
113
119
118
86
78
82
57
66
75
80
86
63
51
57
51
47
55
59
61
48
57
60
55
34
22
23
17
10
22
31
21
8
2
3
3
-13
-15
-7
-25
-6
-4
4
11
4
23
19
10
16
24
-6
-24
-43
-34
-29
-46
-25
-15
-21
-1
23
27
23
15
12
27
28
1
14
20
9
-8
-22
-13
-15
-17
-22
-7
-23
-31
-41
-70
-65
-77
-106
-82
-79
-71
-74
-63
-66
-73
-98
-111
-107
-119
-123
-128
-134
-138
-164
-176
-170
-177
-183
-192
-192
-166
-178
-180
-188
-197
-187
-205
-212
-196
-207
-225
-213
-218
-200
-209
-228
-230
-232
-222
-216
-218
-218
-236
-239
-221
-225
-234
-234
-230
-216
-221
-233
-232
-235
-233
-228
-213
-195
-207
-198
-193
-209
-210
-205
-202
-207
-212
-195
-195
-190
-171
-159
-167
-178
-160
-154
-167
-187
-165
-169
-175
-182
-205
-190
-193
-189
-187
-191
-194
-169
-170
-185
-181
-172
-171
-185
-187
-188
-179
-194
-203
-201
-201
-201
-203
-222
-236
-240
-242
-244
-234
-243
-244
-238
-253
-253
-264
-272
-242
-265
-267
-260
-254
-245
-249
-233
-213
-200
-194
-184
-196
-186
-168
-160
-157
-160
-162
-151
-159
-147
-142
-152
-151
-153
-148
-121
-111
-86
-73
-76
-74
-64
-43
-40
-28
-28
-40
-37
-32
-47
-36
-13
-42
-48
-29
-10
-18
-34
-24
-17
-26
-32
-29
-22
-36
-40
-29
-32
-38
-59
-66
-75
-94
-83
-69
-89
-89
-109
-96
-84
-113
-116
-84
-93
-79
-74
-67
-59
-101
-94
-68
-62
-73
-72
-97
-122
-102
-90
-105
-93
-103
-120
-124
-130
-117
-125
-119
-125
-110
-91
-84
-109
-120
-115
-139
-129
-110
-99
-122
-109
-115
-100
-120
-111
-89
-119
-109
-98
-100
-112
-116
-130
-125
-122
-132
-126
-124
-106
-114
-114
-99
-101
-89
-91
-83
-83
-91
-96
-87
-86
-88
-77
-73
-69
-89
-82
-74
-81
-74
-73
-81
-87
-85
-65
-71
-74
-75
-74
-47
-70
-72
-61
-75
-72
-85
-71
-67
-98
-73
-67
-63
-52
-50
-26
-41
-51
-43
-44
-36
-33
-36
-30
-35
-40
-40
-36
-39
-52
-58
-46
-42
-36
-33
-37
-26
-1
10
13
7
-3
-14
-7
-22
-19
-15
-38
-32
-15
-16
2
-11
-8
0
-17
-3
-4
-2
1
-6
-12
0
-19
-31
-21
-39
-49
-30
-37
-22
-27
-41
-21
-18
-27
-28
-20
-32
-40
-38
-50
-59
-63
-57
-37
-34
-42
-46
-54
-59
-61
-56
-57
-61
-62
-76
-89
-87
-91
-92
-96
-90
-86
-103
-103
-95
-91
-113
-124
-126
-131
-138
-157
-172
-156
-154
-145
-127
-140
-128
-122
-129
-123
-103
-119
-119
-115
-113
-125
-137
-137
-149
-151
-148
-136
-126
-121
-123
-115
-121
-120
-103
-128
-132
-113
-83
-79
-71
-64
-55
-51
-59
-77
-70
-72
-89
-83
-84
-87
-102
-103
-106
-93
-114
-110
-99
-90
-95
-102
-77
-67
-63
-77
-67
-49
-55
-35
-42
-48
-39
-46
-44
-54
-51
-45
-58
-59
-59
-44
-40
-47
-38
-42
-43
-37
-39
-51
-72
-82
-86
-76
-82
-84
-73
-71
-53
-71
-67
-71
-93
-94
-102
-99
-98
-110
-124
-118
-132
-116
-99
-104
-108
-109
-110
-117
-98
-106
-97
-74
-89
-86
-70
-71
-58
-40
-44
-34
-39
-32
-26
-21
-21
-6
0
-2
3
16
17
4
10
10
10
17
14
19
19
0
-7
-8
-13
1
-3
-17
-13
-25
8
21
20
5
-14
-14
-30
-47
-30
-49
-49
-49
-51
-39
-36
-42
-34
-52
-57
-36
-34
-37
-51
-55
-58
-58
-62
-53
-64
-50
-57
-71
-53
-63
-56
-64
-90
-82
-88
-99
-101
-96
-107
-95
-73
-90
-95
-87
-113
-105
-88
-88
-50
-58
-55
-50
-37
-42
-41
-19
-14
-15
-16
-14
-12
-12
-18
-27
-25
-20
-27
-16
-8
-6
-4
2
7
19
33
40
32
43
32
33
33
28
20
17
2
-13
-33
-33
-15
-36
-33
-33
-33
-35
-33
-19
-16
-30
-38
-35
-34
-38
-42
-27
-31
-34
-19
-14
-2
-8
12
9
31
35
12
9
10
12
22
26
12
15
7
19
12
15
25
15
22
13
16
46
56
33
41
39
50
76
62
61
60
52
52
61
58
50
55
56
52
56
70
82
71
74
77
95
115
123
136
134
112
111
109
94
96
95
69
71
80
84
92
75
74
88
92
89
88
94
86
67
62
56
58
52
50
60
47
37
40
39
31
34
40
43
23
12
32
43
32
26
21
16
27
28
32
34
24
38
35
52
70
61
79
88
94
99
94
103
96
94
91
114
114
97
96
93
116
124
121
130
135
138
156
155
157
182
183
173
177
175
175
167
158
150
151
163
179
182
176
168
165
153
149
144
125
139
144
128
129
136
124
120
104
92
90
76
69
60
65
49
30
23
9
8
-4
-18
-5
24
31
32
34
34
46
34
51
83
73
76
105
103
92
91
106
103
95
99
110
122
123
128
114
106
103
85
71
70
59
51
50
51
53
59
52
50
49
31
26
20
16
5
3
6
-2
19
28
10
-3
9
-9
-19
-9
3
19
11
20
30
33
42
61
59
49
53
50
44
37
23
36
16
11
3
-9
8
5
11
27
25
25
34
32
43
70
91
81
69
89
89
100
105
89
109
128
133
140
154
167
167
174
189
219
236
248
247
241
234
232
226
222
207
197
201
205
202
189
207
200
200
206
187
213
219
205
209
204
204
212
193
177
171
155
171
168
147
139
125
135
139
127
118
119
105
105
83
59
56
37
28
21
23
18
12
6
13
15
7
10
-3
1
19
26
28
17
10
32
10
-1
0
25
19
9
16
22
14
0
12
18
18
22
31
43
18
10
26
23
24
31
26
24
37
25
36
57
39
38
46
60
62
44
40
46
50
63
62
56
59
56
61
77
85
99
92
81
96
91
95
112
93
107
105
104
114
110
99
88
79
83
90
107
112
114
107
92
104
118
143
142
138
149
148
137
158
146
150
165
143
155
153
146
163
160
159
163
172
188
176
185
184
199
203
192
211
202
173
186
193
181
178
190
187
178
175
162
170
180
167
178
172
155
179
181
187
178
162
168
159
147
148
141
125
131
134
136
136
141
140
132
116
96
102
104
93
71
75
82
80
90
83
99
98
85
96
96
87
80
86
72
66
75
60
54
43
47
66
64
71
66
80
84
80
86
97
83
85
91
71
71
64
67
65
58
64
71
75
76
87
92
91
89
98
100
100
93
81
83
92
105
116
125
122
135
115
131
134
125
153
149
147
145
142
141
130
132
133
144
140
146
162
177
178
171
184
175
177
182
175
164
177
158
165
154
130
143
127
100
108
104
117
129
119
117
115
117
112
116
109
98
91
87
100
83
83
97
94
91
106
102
97
115
98
129
150
149
160
176
162
171
172
182
194
207
215
208
221
215
233
237
199
227
211
216
221
203
206
202
198
200
198
188
186
168
163
145
145
146
144
152
142
161
175
163
166
184
178
182
161
151
148
141
121
120
126
105
109
120
114
116
117
114
125
124
135
153
143
141
146
144
142
139
136
143
141
134
117
122
116
115
121
98
101
127
117
96
108
113
117
109
98
104
106
102
107
105
101
108
119
120
111
117
122
132
142
138
138
126
117
116
100
107
111
100
100
112
104
123
103
99
117
107
118
139
132
112
125
128
124
115
126
142
141
144
149
158
166
145
141
153
157
177
168
172
171
153
158
163
157
163
165
141
127
131
139
133
126
130
115
103
96
102
98
100
104
87
90
95
95
90
92
81
79
90
104
101
103
99
123
118
114
135
122
124
125
133
140
135
132
145
153
141
139
135
138
133
137
132
126
132
122
97
107
111
95
93
84
80
80
77
60
56
71
62
71
74
69
76
60
58
56
48
50
63
57
63
71
86
87
66
58
81
76
84
97
98
110
118
134
146
146
158
183
175
170
170
170
181
178
183
182
178
181
169
155
163
154
158
154
147
146
154
151
143
152
151
156
148
146
145
128
121
123
128
132
127
116
112
92
88
79
80
64
31
23
13
13
14
-7
0
-5
-5
1
-9
-9
-14
-16
-33
-34
-26
-26
-13
-13
-12
10
14
25
20
18
20
17
8
21
28
39
45
41
49
35
37
34
29
14
4
21
23
-3
-14
1
-7
-7
-7
-9
-2
-5
-14
-6
-4
-2
0
-6
-9
0
7
-8
-10
4
11
8
24
5
9
25
3
15
9
8
4
3
11
1
2
-6
-12
-17
-26
-27
-22
-34
-34
-24
-32
-24
-6
-13
-6
-5
-13
-13
-35
-34
-10
-6
-11
-7
13
0
17
42
32
47
56
57
76
83
77
87
89
82
79
87
71
58
62
56
66
60
60
83
106
104
99
113
116
113
118
114
121
109
92
82
84
83
86
80
53
50
44
39
37
30
36
35
25
27
34
31
37
34
37
32
8
27
21
38
33
33
29
2
9
-9
-9
-3
-17
-22
-19
-27
-30
-54
-52
-45
-50
-65
-65
-63
-62
-60
-81
-70
-69
-86
-97
-96
-105
-86
-81
-105
-102
-113
-127
-139
-146
-134
-132
-132
-150
-143
-151
-150
-147
-150
-139
-141
-142
-137
-128
-121
-131
-124
-101
-108
-110
-130
-136
-124
-145
-139
-150
-153
-150
-153
-146
-151
-155
-141
-136
-126
-115
-111
-105
-95
-102
-100
-103
-104
-102
-116
-119
-118
-108
-103
-102
-97
-101
-105
-102
-102
-87
-75
-69
-44
-57
-57
-77
-92
-111
-105
-98
-88
-81
-87
-72
-88
-92
-66
-87
-84
-69
-71
-57
-44
-38
-47
-40
-40
-48
-44
-40
-53
-61
-58
-57
-38
-34
-34
-33
-48
-44
-54
-52
-57
-41
-30
-22
-20
-31
-18
-16
-33
-35
-24
-6
-13
-2
5
-15
4
-13
-34
-24
-45
-44
-51
-55
-57
-74
-59
-54
-62
-70
-96
-83
-82
-77
-68
-77
-73
-72
-77
-88
-98
-94
-87
-93
-90
-98
-101
-84
-79
-108
-107
-112
-122
-102
-101
-109
-117
-117
-82
-74
-75
-66
-49
-36
-38
-50
-56
-50
-62
-55
-60
-64
-73
-47
-36
-22
-40
-53
-29
-13
-10
0
0
-5
-34
-51
-48
-45
-49
-26
-17
-17
-25
-55
-73
-78
-67
-61
-64
-62
-90
-103
-73
-99
-123
-134
-101
-92
-115
-115
-116
-112
-129
-135
-95
-111
-129
-154
-187
-145
-146
-129
-96
-54
-68
-93
-132
-137
-170
-150
-112
-112
-90
-63
-46
-93
-90
-77
-71
-82
-97
-100
-90
-102
-87
-87
-53
-54
-57
-103
-120
-107
-112
-133
-109
-91
-97
-93
-102
-120
-98
-62
-66
-54
-87
-105
-126
-179
-163
-150
-127
-123
-109
-92
-114
-124
-191
-179
-169
-129
-111
-110
-91
-70
-71
-82
-108
-77
-66
-34
-25
-69
-69
-37
-24
-42
-30
4
34
14
20
-11
-35
-42
-63
-71
-59
-23
-16
7
3
33
55
56
48
41
11
-1
-20
-42
-86
-54
-17
-5
22
-7
-36
-83
-85
-99
-89
-69
-44
-50
-60
-68
-145
-115
-119
-136
-112
-64
-50
-60
-103
-137
-153
-123
-89
-68
-85
-118
-98
-171
-158
-72
-75
-37
-75
-122
-137
-205
-191
-137
-205
-167
-78
-80
-43
-79
-133
-163
-197
-142
-212
-214
-237
-179
-147
-100
-59
-112
-167
-172
-142
-218
-146
-110
-64
-55
-44
-68
-131
-160
-134
-117
-62
-33
-52
-80
-110
-132
-178
-168
-166
-109
-140
-70
-78
-2
-74
-221
-180
-171
-161
-159
-102
-109
-95
-75
-12
-115
-100
-31
-3
-17
-87
-33
-83
-75
-68
-124
-56
-52
-71
-117
-70
-91
-7
6
62
28
-26
-69
-35
-19
-91
-91
-68
-33
-6
-5
-50
3
-84
-45
-159
-67
-108
-26
-5
-15
-22
-132
-137
-187
-143
-106
-17
-47
-14
-33
-42
-113
-161
-184
-180
-82
-54
-18
-29
37
-7
-26
-107
-180
-159
-133
-47
-2
109
46
-33
-92
-169
-138
-121
-25
79
92
26
50
45
88
109
-13
-25
-126
-70
-41
-91
-81
43
85
155
26
-50
-165
-219
-123
-86
-53
-38
-16
40
70
41
37
-219
-238
-177
-214
-112
-163
-188
-42
-32
-12
-145
-211
-166
-102
-172
-83
-262
-284
-269
-244
-158
-196
-138
-68
-34
-142
-216
-211
-224
-250
-178
-205
-264
-231
-209
-184
-151
-163
-101
-125
-143
-162
-254
-177
-160
-249
-124
-130
-97
-85
-178
-115
-186
-90
-85
-101
-131
-37
-38
12
-116
-143
-68
-151
-8
37
4
-10
61
-30
29
-97
-20
-124
-86
47
-35
-113
-56
-16
-72
-43
-73
-29
-145
-83
-110
-170
-125
-49
-28
-80
-66
-172
-165
-83
-43
3
-13
-36
42
2
27
-25
-98
9
10
-88
-10
-41
-41
185
107
129
52
-51
-25
-183
-189
-13
-126
128
117
84
116
31
-74
-123
-187
-151
-124
-64
94
78
122
126
-9
-34
-171
-171
-58
-99
52
-54
-8
-139
-69
-14
-51
-92
-41
-23
-135
-104
-221
-212
-192
-25
-73
-166
123
-94
-57
-228
-116
-61
-171
-148
-113
-211
-145
55
-170
-109
-167
13
-150
-115
-182
-196
-89
-274
-198
-345
-218
-161
-100
-112
-35
-118
-170
-292
-394
-287
-204
-158
-121
-69
-127
-185
-189
-221
-286
-129
-3
76
-16
-161
-279
-318
-275
-143
-81
-75
-86
-36
5
-55
-237
-187
-51
90
46
-71
-33
-211
-235
-264
-169
-21
-6
275
163
-5
-121
-210
107
98
201
189
92
202
97
78
19
-136
-152
58
209
144
-32
-177
45
33
176
17
-30
70
129
165
51
-8
-149
-88
-155
-75
43
101
53
85
-58
-2
-7
44
35
76
41
2
-185
-208
-135
-7
132
205
64
-86
-169
-228
-143
-63
218
243
258
52
-88
-175
3
74
195
-85
-66
-70
197
171
-34
32
86
14
95
-66
-199
-56
63
364
228
174
-17
-253
-204
-251
-1
246
217
61
-109
-110
-153
-192
-150
-66
-240
89
105
72
-178
-384
-65
-70
16
56
-49
-139
17
-130
34
-141
-256
-225
-132
63
-101
-38
-175
-274
-185
-151
-136
-58
-160
-187
-184
-152
-264
-357
-169
-156
127
45
45
39
15
-263
-125
-313
-25
-43
144
386
77
-10
1
9
-30
-75
34
228
293
295
291
87
11
136
-8
314
180
90
143
196
210
-61
-72
-12
182
26
249
-92
-18
119
293
241
-212
133
-173
76
207
19
-215
62
141
294
-106
96
-80
-31
114
189
-12
-113
229
-35
160
-140
-31
68
230
270
66
135
34
152
-79
82
-108
40
-16
272
33
33
108
70
-15
-268
226
-176
128
-296
3
7
94
100
-8
-243
123
-200
182
-3
-90
-61
97
20
44
-278
-378
-136
-54
170
-61
121
-91
-4
-313
-67
-391
-58
52
-2
188
-39
-171
139
-111
29
13
-291
74
-181
105
105
85
-95
245
-89
315
-14
-103
157
-6
90
153
168
-22
-10
-41
245
29
110
-2
25
167
102
345
198
-207
229
207
145
-66
-93
237
132
62
65
77
128
447
127
186
127
-71
238
-121
186
-74
100
238
226
146
241
-14
-150
86
111
383
13
69
161
295
109
197
-73
235
117
195
147
-179
4
63
217
326
57
387
172
-191
58
74
118
168
199
125
438
-154
174
12
-130
140
171
188
164
61
134
116
45
212
125
98
152
78
34
11
-31
0
5
34
-89
216
107
293
-82
-30
-150
-53
207
165
111
-19
-103
-10
-101
8
-276
43
94
208
110
335
-155
-301
127
-230
124
-276
315
-141
159
-250
252
98
69
28
-84
-33
-70
14
57
145
-28
97
115
166
-40
-13
-79
146
-7
189
47
89
140
144
57
143
-53
37
217
-106
348
66
254
320
-74
150
-176
89
69
18
42
74
239
-38
-3
162
54
89
-31
34
-14
-131
67
217
170
372
-51
52
144
-59
150
28
173
27
319
14
19
22
116
-20
79
200
182
255
-13
214
-182
264
161
219
-96
368
103
265
211
174
224
61
-46
304
202
267
234
46
407
201
494
-33
150
35
378
427
199
191
-14
313
156
215
-36
187
101
270
275
22
145
99
224
10
99
141
63
68
-12
103
102
276
5
32
2
-247
125
-1
34
13
191
173
23
-10
-15
-249
62
-14
110
62
120
43
1
5
141
-89
-83
340
142
-99
72
26
300
141
248
-321
121
-102
644
-190
209
-140
-38
-7
90
-19
-45
153
-150
250
-461
154
-258
78
-180
93
-175
-117
-330
92
99
-207
143
-135
83
-37
-193
-128
-38
67
251
37
28
-80
-193
10
182
39
279
-154
278
-241
126
252
61
154
40
253
63
-44
67
12
14
418
137
284
161
197
100
354
-6
141
128
231
452
57
296
127
211
269
131
39
224
177
18
258
-76
306
17
223
28
188
236
90
118
74
-113
176
118
295
244
153
292
-30
271
100
259
41
193
50
381
99
188
289
24
37
126
65
121
12
88
504
214
54
219
-155
264
-7
195
222
29
8
293
192
232
212
142
285
152
207
195
-169
-57
342
260
312
138
-177
234
-142
156
78
-173
158
-3
265
-134
-28
-284
377
-286
21
-109
-81
73
-202
-5
-210
-28
-51
200
-129
-196
-12
-82
206
-74
-50
-91
69
-208
136
-99
-189
180
-179
51
-17
-243
184
-31
-297
298
-146
209
185
-98
259
-217
68
-9
48
246
313
-276
-16
115
-23
94
-42
27
-164
168
285
57
27
6
-209
-84
114
184
-50
47
-354
142
36
67
37
-146
182
-24
228
-96
122
-118
310
135
-20
265
-140
287
-5
130
41
496
-36
397
-79
419
-225
234
139
410
70
174
392
-49
530
-307
268
-65
296
11
14
201
81
277
73
57
-269
439
-110
548
-23
132
151
111
170
243
96
226
-175
157
156
8
107
-111
10
45
359
-105
67
-411
173
-116
-145
-43
-40
104
320
-17
-170
87
-198
124
-42
-198
-10
-111
103
106
28
-152
-10
-58
178
-280
66
-163
65
-241
2
-147
-81
131
4
-196
-168
203
-114
-7
-29
-11
-115
290
92
-33
-110
10
-8
-272
316
-86
138
-220
100
-23
-156
109
-372
150
-184
-56
-211
184
-235
148
-446
189
-181
-328
-7
-495
-299
15
45
-77
-232
-277
133
-315
-194
-395
-20
87
13
-341
-135
-262
-89
-31
-234
-353
103
-155
175
-256
-90
-110
-185
74
-108
-218
-19
195
-82
104
81
33
-87
78
285
-90
-38
19
-102
323
-85
151
-45
40
186
59
14
-99
-56
131
147
60
-260
24
96
79
75
-129
163
-115
-186
399
-389
281
30
39
125
-36
-176
96
-190
12
74
47
-74
152
-33
34
107
-170
175
53
141
-75
227
-293
572
-360
241
-127
-130
188
190
-304
391
-33
-429
566
-632
436
-282
93
82
90
-19
255
-247
142
-129
-8
116
-113
0
-16
-323
389
-238
333
-187
-36
-10
-146
-114
-142
-329
70
113
-314
155
-604
-88
-327
2
-293
-173
-275
109
-370
-36
31
-389
-324
-89
21
-280
-88
-257
-348
-168
-263
-77
-180
-227
-148
-97
-310
-149
-258
-254
-81
-350
107
-174
50
-226
39
-385
-50
-146
-228
54
74
-149
-106
261
-91
-80
-205
-334
-213
-19
-44
201
-211
13
-126
-167
10
-65
-406
144
-552
-46
-73
-96
-84
-34
5
350
-340
-65
-495
-116
-286
284
-131
-147
-194
95
127
-233
-122
-332
-215
192
126
-64
-238
-204
-1
271
53
80
-190
-242
160
-54
63
118
-67
-51
295
-11
209
-161
95
37
62
53
455
-39
201
-3
65
65
32
30
294
65
-32
71
-400
-104
-136
112
-378
95
47
105
-134
-203
-577
-300
-247
178
-258
-157
-212
-171
-196
206
-67
-382
-169
-10
-136
-188
43
-582
356
-295
200
-401
108
-359
185
-394
111
-334
-173
-26
154
-419
187
-43
-234
416
-631
198
-554
180
-110
37
-305
103
-391
47
110
-220
4
-471
30
-358
-123
-396
68
-504
127
-292
-231
-25
-539
-22
-113
-411
-471
-270
-421
275
-459
-32
-313
-265
-280
-76
-456
-322
41
-207
-40
-370
-157
-122
-29
-106
-295
-278
-65
-105
105
-525
263
-308
183
273
-469
-174
-414
-109
-195
302
-235
488
-124
88
359
-950
586
-421
428
211
-246
193
63
-278
694
-437
96
111
-294
477
11
-27
84
-381
169
-113
-219
306
-437
246
55
63
-289
-128
-205
156
-175
98
-265
98
203
-198
-47
-449
-324
259
-11
-290
-51
-279
95
519
-370
3
-548
-522
493
-75
52
36
-260
45
357
-439
597
-356
59
221
-181
558
-550
741
-505
273
83
-145
355
-369
99
79
181
-94
403
-239
46
-300
-230
380
-157
113
-91
-151
297
-249
-59
-136
44
29
337
-109
-254
227
-629
182
-705
244
-369
533
227
-467
-532
-637
464
-401
307
-334
-197
-268
29
-156
-48
-300
-180
88
-217
453
-478
-46
-227
-105
-80
251
-432
-108
-212
-294
67
15
-162
112
-264
76
-61
-312
55
-40
128
-93
44
89
166
-35
259
-318
86
51
340
291
-49
21
-81
-10
2
-16
-304
24
1
136
107
-76
179
-178
-120
120
-343
176
-236
23
-273
-78
-126
155
410
-313
529
-295
221
231
-167
486
-350
389
-55
86
-177
-12
-394
-120
193
-21
-82
250
351
-225
-24
-666
277
-688
757
-511
366
-631
195
225
-360
-205
-497
57
-142
368
-341
-83
-555
-620
110
-201
-173
-192
-572
-165
-86
-516
-136
-889
-489
47
-63
79
-113
-823
-9
-126
-347
-357
-710
29
166
450
-228
-589
-961
40
-181
40
-371
-329
-99
190
130
-610
-514
46
-192
206
-392
-383
-138
-169
-153
-577
-234
54
7
407
-532
-440
-556
124
-103
176
-354
161
-279
-62
-282
-107
-182
-328
159
-121
-20
-871
-228
-310
79
-49
51
-429
226
-554
-226
-517
-426
-40
-314
165
-142
-614
-312
0
-511
-98
-145
-205
-249
-165
-263
396
-652
234
-334
255
-630
176
-336
132
-10
-754
914
-95
-83
247
-621
412
46
53
-35
64
-697
221
850
-734
1578
-1096
1244
-347
153
-208
371
-801
-17
211
490
488
-255
-369
470
-797
414
387
-359
70
216
-434
358
-455
-152
308
-534
543
-257
382
-469
777
-766
560
-319
-36
204
-77
75
-200
-6
-67
570
-389
293
-528
606
-343
694
-340
-107
-134
-246
468
184
-152
165
33
264
-261
17
-581
57
301
222
420
-401
514
-25
83
3
409
-450
420
-93
-127
-165
466
-65
461
557
-341
-409
677
-777
658
-514
210
372
-735
1166
-835
11
280
-37
256
61
117
-679
486
-93
-153
120
-171
518
-202
-512
314
-308
462
239
-145
337
-181
171
-172
-269
-103
177
227
436
-312
194
103
151
409
-77
741
-141
-17
681
-268
377
103
287
370
538
388
-85
-138
-340
775
122
625
-48
-80
59
166
475
56
188
224
26
395
-78
4
-32
-205
485
149
57
76
-43
-387
80
-187
179
248
-239
675
-496
-292
473
-458
-1
-382
270
-335
342
162
61
-132
-334
314
-71
14
494
-78
117
195
-564
806
-867
720
-265
503
-102
189
265
226
-88
-62
34
-101
423
-11
134
-298
-364
-165
654
148
194
102
-310
291
-311
-192
444
-651
788
-570
297
-439
-126
-120
22
192
-189
16
-111
-69
302
45
-95
-231
-21
-207
574
-651
186
-184
5
534
-385
426
-657
660
-145
-99
599
-879
1089
-771
260
25
-240
588
-63
73
60
-29
315
234
34
-127
-99
-202
244
10
780
-6
354
88
-240
123
-126
194
570
-271
796
-246
175
-171
-183
57
-83
406
417
-24
272
307
-153
-62
-23
129
182
335
525
-288
423
-303
247
-50
-122
-1
114
205
337
280
130
343
-11
87
202
-83
4
529
-342
786
-98
200
170
414
239
194
-52
510
-17
70
609
-190
470
-96
879
-294
365
-151
441
15
394
12
143
227
135
492
-850
1089
-319
80
-256
285
-66
267
-50
431
-346
-220
283
-26
300
-400
140
-176
202
-606
526
-452
285
41
-47
222
-347
119
158
138
-345
400
-325
1005
-759
263
-442
-63
275
387
-133
650
-309
526
63
-457
671
-811
287
-284
498
-8
534
-293
184
-278
-270
326
-246
756
-290
355
-361
10
-203
171
125
45
18
309
-154
366
-572
236
-323
175
152
-166
188
-813
195
-146
416
231
101
229
-315
-59
-25
54
116
-230
654
-202
287
-103
-74
-152
-18
186
285
10
-70
395
129
367
99
298
-121
305
-374
503
-294
557
151
230
21
386
236
605
-42
38
253
-57
576
-288
361
-333
235
445
-137
411
-19
177
323
-132
133
-15
-12
85
174
-21
308
75
10
233
-80
-120
280
-68
6
155
-290
348
-521
99
39
142
22
161
37
246
-89
1
461
-112
529
-5
705
-11
457
-13
-71
140
57
233
101
186
300
354
-79
415
-249
169
-14
31
49
125
-5
324
-376
-190
108
-1473
507
-343
410
368
292
24
102
-284
0
-295
-795
397
-298
430
143
14
-133
-88
-107
119
219
-9
197
-125
60
-145
-109
143
-70
491
-213
537
-381
191
-344
-48
-184
110
-35
246
50
-9
49
-81
383
172
135
41
162
-134
132
-75
126
-145
231
-440
392
-209
-259
64
-7
-33
341
-89
219
-157
-115
25
-142
-287
409
71
-121
711
-359
316
-41
134
87
145
-193
491
-7
421
222
-93
-3
-144
36
13
102
166
175
-8
157
182
16
-55
293
-291
634
-217
570
-139
2
215
-11
109
120
134
92
512
-25
631
-164
452
-73
80
58
128
142
50
418
182
126
100
-52
-47
89
-92
261
-1
141
234
0
120
94
-94
45
183
116
77
183
-239
253
-119
190
187
61
95
53
-107
177
-87
69
2
-105
57
-128
24
96
-2
-182
-25
-511
32
-351
147
208
10
200
25
-115
-291
-262
-284
-62
-60
75
75
-122
-248
-117
-311
-33
-14
-19
-28
234
-101
-28
-261
-82
-193
-198
51
-3
-83
-288
47
161
176
113
250
359
73
54
31
-194
85
-253
507
-31
45
102
-138
157
-54
35
213
182
-134
411
-150
2
86
-96
320
35
-213
223
-329
96
53
-90
164
-98
29
43
-22
-48
192
-138
-32
94
-146
35
-130
-23
57
-136
201
-33
23
-18
-134
-124
-110
-96
-136
26
-181
-167
-179
-357
-217
-290
-175
-253
-90
-125
-194
-314
-335
-310
-309
-97
-209
-65
62
-238
0
-295
-305
-175
-310
-325
-75
-66
-48
-97
-301
69
-138
-50
53
-107
-13
292
-70
261
-7
295
328
201
338
352
108
361
260
557
479
365
587
368
298
218
455
533
663
230
452
289
420
373
359
265
291
281
168
250
-5
39
-150
-28
-130
-242
-385
-373
-508
-438
-671
-715
-749
-907
-664
-744
-929
-628
-972
-862
-1038
-1263
-959
-1215
-992
-980
-1100
-821
-1026
-1123
-1017
-1088
-965
-858
-954
-869
-692
-865
-516
-621
-327
-143
-416
-192
-140
-215
153
274
287
924
181
1106
561
786
1195
1449
1418
1872
1601
2009
1607
1742
2140
2077
2416
2697
2801
2846
2996
3037
3249
3016
3084
2590
2303
1701
1369
924
216
-250
-955
-1179
-1796
-2100
-2230
-2123
-1778
-1748
-1459
-1246
-906
-735
-814
-890
-1059
-1174
-1457
-1647
-1902
-1907
-1918
-1955
-1941
-1897
-1712
-1787
-1814
-1674
-1519
-1395
-1352
-1355
-1542
-1422
-1820
-1857
-2042
-2067
-1904
-2169
-1907
-1813
-1495
-1062
-1008
-695
-603
-204
-47
206
210
538
798
632
945
1235
1333
1516
1815
2010
2449
2584
2837
3146
3216
3931
4019
4274
4692
4772
5219
5298
5045
4814
4186
3337
2653
1888
1203
288
-646
-1420
-1797
-2467
-2808
-3223
-3174
-2966
-2817
-2676
-2253
-1843
-1621
-1358
-1496
-1307
-1381
-1446
-1664
-2029
-2011
-1955
-1780
-1525
-1266
-763
-346
9
436
793
1047
1116
780
587
261
-175
-820
-1494
-2215
-2731
-3509
-3799
-3942
-3953
-3387
-3280
-2457
-2030
-1272
-717
-386
-52
66
223
158
189
-20
-15
-147
-376
-298
-567
-87
-21
555
944
1624
2161
2624
3175
3291
3766
3810
4140
4368
4469
4951
5033
5193
5215
5300
5390
5390
4775
4077
3386
2817
2237
668
12
-1311
-1597
-2589
-3593
-4108
-4333
-4236
-4395
-4316
-4083
-3239
-3095
-2562
-2494
-2032
-1601
-1577
-1414
-1570
-1426
-1265
-1372
-1346
-1104
-834
-261
-273
72
638
1038
1349
1009
910
784
486
-234
-983
-1899
-2449
-3298
-3973
-4480
-4942
-4776
-4811
-4309
-3727
-2936
-1934
-1185
-285
362
842
1219
1214
1320
1255
1312
1242
1169
1171
1403
1442
1539
1695
2106
2543
2906
3373
4006
4720
5314
5846
6159
6487
6627
6598
6387
6074
5878
5304
4293
3295
2168
1544
254
-1069
-2348
-3316
-3655
-4561
-5116
-5479
-5503
-5428
-5392
-5334
-4686
-4233
-3679
-3214
-3061
-2374
-1976
-1584
-1379
-1324
-896
-523
-307
-44
241
761
1166
1232
1489
1773
1942
1936
1427
1144
751
150
-641
-1791
-2383
-3132
-3637
-4357
-4700
-4858
-4639
-4215
-3920
-3138
-2489
-1262
-522
180
911
1319
1818
1643
1608
1666
1698
1756
1673
1852
2158
2520
2831
3176
3640
4100
4509
4756
5267
5762
6121
6578
6706
6799
7001
6646
6527
5394
4264
2958
1533
623
-1103
-2426
-3830
-4837
-5567
-6434
-6959
-7195
-7096
-6912
-6637
-6195
-5231
-4496
-3806
-3254
-2906
-2133
-1758
-1468
-1123
-1098
-691
-378
-124
433
837
1558
2131
2460
3022
3536
3894
4061
3777
3558
3095
2185
1357
14
-1138
-2274
-3630
-4525
-5775
-6354
-6711
-6865
-6666
-6412
-5408
-4340
-2966
-1781
-515
645
1642
2431
2684
3000
2807
2509
1982
1577
1448
1311
1303
1326
1401
1848
2387
2881
3558
4196
4918
5694
6151
6915
7215
7631
7816
7497
7152
5593
4193
2675
1258
64
-2160
-3554
-5065
-5744
-6568
-7408
-7616
-7679
-7263
-7079
-6355
-5706
-4582
-3825
-3119
-2567
-2262
-1508
-1188
-969
-951
-882
-307
84
398
898
1517
2387
3029
3494
4340
4942
5322
5255
4875
4646
4125
3135
1968
436
-864
-2169
-3644
-4563
-5573
-5970
-6350
-6486
-6105
-5389
-4230
-3238
-2649
-1682
-669
313
948
999
1335
1284
1001
564
94
102
24
-136
-320
-321
93
420
703
1079
1419
1895
2359
2732
3166
3466
3804
4245
4482
5377
5811
7072
7376
7836
7377
6174
5945
4565
4320
1886
411
-1376
-2818
-4143
-6156
-6874
-7868
-8075
-8610
-8330
-7761
-6724
-5842
-4919
-3869
-3153
-1910
-1048
-348
-46
114
785
1083
1203
1354
1744
2244
2526
2630
3318
3974
4331
4291
3994
4037
3692
2993
1994
982
-217
-1314
-2934
-3985
-5109
-5895
-6188
-6766
-6424
-6356
-5328
-4521
-3798
-2919
-2304
-1322
-720
-148
257
390
291
22
-286
-335
-380
-418
-444
-412
-103
266
719
1094
1351
1720
2013
2329
2640
3123
3607
4253
4619
5527
6672
7729
9091
9389
9978
8706
8217
7302
6333
4921
2030
328
-2209
-3569
-5925
-7584
-8718
-9554
-9956
-10446
-9793
-9010
-7534
-6409
-5105
-3861
-2700
-1211
-245
395
765
1210
1809
1902
2058
2333
2712
3073
3059
3357
4056
4582
4765
4649
4630
4584
4222
3355
2338
1329
-35
-1386
-2953
-4335
-5387
-6410
-7091
-7710
-7650
-7006
-6364
-5385
-4704
-3640
-2464
-1643
-685
-198
367
598
426
239
89
4
-94
-413
-654
-626
-502
-179
-117
159
593
1007
1624
2076
2665
3468
4019
4691
5266
6170
7536
8647
9771
10276
10114
9019
8182
7131
6197
4007
1385
-680
-3121
-4568
-6904
-8336
-9265
-10004
-10210
-10417
-9778
-8585
-7280
-6149
-4886
-3818
-2119
-543
448
1251
1414
2280
2855
3006
3340
3385
3822
3848
3639
3910
4427
4669
4540
4027
3800
3672
2844
2034
762
-448
-1738
-3524
-4874
-6361
-7386
-8026
-8669
-8931
-8766
-7973
-6937
-5822
-4951
-3634
-2373
-1083
128
710
1515
1635
1689
1586
1217
1237
986
592
227
-14
152
382
439
614
996
1554
2233
2793
3514
4394
4829
5769
6163
7379
8393
9517
10768
10501
9629
7974
7548
6785
5128
2293
-185
-2092
-3843
-5844
-7959
-8939
-9564
-10011
-10465
-10290
-9143
-7865
-6666
-5606
-4618
-3155
-1438
-101
675
977
1752
2556
2772
2913
3187
3816
4052
3768
3690
4324
4899
4809
4164
3752
3735
3154
2198
988
-93
-1253
-2772
-4404
-5767
-6823
-7339
-7918
-8386
-8358
-7809
-6527
-5421
-4388
-3209
-1862
-407
763
1641
2389
2845
2927
2624
2199
1944
1774
1188
509
-58
-29
183
159
236
408
1081
1716
2257
2869
3780
4547
5287
5724
6807
7921
9126
10172
10187
9165
7635
6840
6045
4526
1616
-711
-2770
-4391
-6416
-8504
-9328
-9835
-10118
-10581
-10371
-9181
-7792
-6553
-5458
-4429
-3217
-1635
-515
312
659
1238
2075
2258
2571
2973
3676
4192
4049
4063
4718
5310
5342
4798
4370
4245
3523
2386
1134
-100
-1250
-2878
-4543
-5861
-6879
-7357
-7902
-8209
-7947
-7232
-5925
-4769
-3713
-2442
-1053
401
1402
2261
2963
3256
3183
2829
2384
2006
1595
1015
430
-2
8
140
230
358
601
1269
1921
2618
3279
4077
4938
5574
6462
7444
8812
9980
10615
9875
8125
7221
6429
5554
2804
-123
-2219
-3965
-5651
-8250
-9634
-9982
-10010
-10355
-10622
-9737
-8102
-6700
-5654
-4589
-3481
-1803
-579
67
432
812
1748
2211
2203
2388
3001
3934
4147
4042
4551
5479
5889
5477
4987
4995
4787
3703
2134
595
-710
-2065
-3842
-5597
-6728
-7451
-7757
-8313
-8364
-7719
-6269
-4853
-4025
-3040
-1495
265
1365
2064
2687
3350
3407
3046
2592
2326
2220
1669
905
292
159
298
381
240
354
767
1513
2096
2738
3596
4695
5566
6359
7251
8759
10393
10781
9388
7534
6797
6157
4616
1343
-1240
-3152
-4645
-6796
-9280
-10203
-10104
-9795
-10126
-10044
-8765
-6902
-5447
-4442
-3503
-2253
-617
201
288
275
759
1593
1625
1322
1482
2311
3177
3330
3457
4430
5601
5909
5389
5129
5448
5228
4014
2273
616
-763
-2308
-4017
-5709
-6882
-7478
-7728
-7982
-8082
-7101
-5505
-3865
-2889
-1932
-294
1287
2389
2807
3135
3547
3438
2891
2268
1888
1688
1162
300
-147
-237
12
91
-26
348
888
1658
2270
2744
3851
4840
5876
6760
7836
9419
10556
10294
8486
7276
6553
5880
3197
-84
-2276
-4021
-5455
-8227
-10364
-10786
-10629
-10487
-10771
-10139
-8269
-6611
-5470
-4320
-3213
-1376
172
480
522
422
1291
1902
1619
1503
1747
2604
3210
3197
3860
5239
6111
6117
5452
5500
5880
5218
3795
1810
156
-1301
-3012
-4907
-6275
-7031
-7455
-7787
-8131
-7443
-6176
-4484
-3221
-2449
-1134
337
1597
2240
2418
2598
2535
2153
1606
1093
911
731
64
-530
-657
-269
140
11
43
444
1317
2000
2333
2838
3908
4759
5734
6792
8214
10015
10348
8991
7624
7040
6951
5371
2030
-454
-2473
-3837
-5971
-8785
-10027
-10440
-10588
-10908
-11073
-9560
-7621
-6292
-5157
-4289
-2589
-300
773
1074
975
1455
2564
2549
2305
2459
2901
3567
3340
3235
4341
5449
5820
5226
4614
5013
4918
3939
2317
406
-808
-2181
-4067
-5718
-6719
-7018
-7154
-7867
-7844
-6799
-5157
-3492
-2950
-2050
-488
891
2028
2336
2719
3113
2818
2446
1842
1644
1851
1407
674
195
222
861
896
709
835
1329
2185
2681
2987
3836
4687
5690
6587
7558
9315
10269
9294
7625
6636
6393
5606
2547
-169
-2361
-3981
-5720
-8651
-10265
-10645
-10893
-11114
-11666
-10695
-8613
-7203
-5701
-4742
-3436
-1178
98
747
962
1292
2503
2820
2563
2697
3023
3898
4109
3705
4301
5166
5725
5509
4634
4591
4416
3381
1910
-133
-1607
-2725
-4547
-6144
-7447
-7870
-7554
-7913
-7870
-7068
-5633
-3689
-2726
-1827
-357
849
2119
2528
2733
3275
3136
3020
2430
2037
2319
2156
1842
1409
1344
1909
2191
2131
2176
2552
3345
3883
3810
4415
5099
6139
6863
7427
8659
9266
8030
6425
5301
4939
4041
839
-1605
-3595
-4985
-6494
-9327
-10668
-10948
-11149
-11053
-11465
-10573
-8639
-7522
-6047
-5165
-3919
-1410
-221
493
662
1146
2791
3417
3370
3654
4089
5131
5473
5168
5953
6607
6771
6228
5059
4794
4348
2759
954
-1354
-3022
-4028
-6036
-7426
-8552
-8845
-8123
-8406
-8098
-6944
-5249
-3087
-2364
-1622
-3
1159
2310
2345
2270
2934
2682
2447
1861
1636
2383
2320
2094
2006
2319
3321
3659
3590
3754
3958
4716
4829
4639
4911
5165
6063
6461
6940
7918
7922
6439
5002
3874
3733
2408
-536
-2559
-4698
-5823
-7517
-10058
-10820
-11280
-11323
-11269
-11749
-10393
-8768
-7625
-5983
-5510
-3873
-1456
-423
576
669
1514
3201
3443
3738
4062
4485
5711
5657
5607
6336
6573
6837
6055
4990
4689
3592
2246
322
-2213
-3556
-5042
-6689
-8051
-9251
-9081
-8573
-8389
-7721
-6705
-4739
-2693
-1682
-466
878
2139
3091
3069
3099
3243
3074
2844
2076
1817
2259
2394
2367
2281
2682
3696
4199
4402
4605
4881
5686
5622
5477
5633
5905
6707
6952
7293
7942
7188
5754
4576
3536
3301
1081
-1377
-2999
-4940
-5775
-7957
-9934
-10262
-10984
-10769
-10907
-11053
-9525
-8665
-7446
-6007
-5497
-3492
-1759
-813
188
238
1505
3012
3216
3741
3854
4353
5439
5246
5637
6217
6178
6248
5237
4565
4273
2966
1469
-685
-2933
-4050
-5625
-7086
-8235
-9301
-8956
-8626
-8246
-7284
-6136
-4047
-2376
-1474
-26
1310
2543
3266
3055
3066
2877
2683
2460
1664
1511
1726
1750
1847
1863
2540
3504
4037
4464
4802
5475
6329
6503
6569
6574
7170
7898
8227
8613
7881
6142
4895
3786
3131
1291
-1518
-3068
-4926
-6209
-7831
-9819
-9936
-10444
-10844
-10753
-10787
-9287
-8326
-7768
-6415
-5778
-4416
-2772
-2085
-1028
-633
-24
1335
1827
2742
3558
3861
4893
5123
5627
6730
6809
6882
6220
5343
5084
3706
2047
327
-1943
-3619
-5405
-7323
-8117
-9163
-9376
-9016
-9091
-7707
-6323
-4575
-2613
-1748
6
1444
2255
3244
3021
3158
2870
1881
1640
841
735
806
373
744
956
1666
2713
3264
4310
5074
5803
6758
7154
7667
8032
8364
8965
9209
9635
9122
7017
5496
4305
3556
2038
-1040
-2803
-4323
-5566
-6958
-9222
-9665
-9551
-9838
-9828
-10120
-9126
-7794
-7354
-6386
-5870
-4901
-3089
-2652
-2210
-1672
-994
613
1100
1617
2815
3550
4698
5120
5397
6699
7155
7155
6678
5723
5488
4360
2401
619
-1924
-3630
-5086
-7150
-8235
-9525
-9800
-9316
-9438
-8250
-6787
-4964
-2894
-2114
-539
1166
2208
3115
2675
2612
2473
1495
983
23
-330
-173
-586
-367
44
829
2103
2759
3880
5050
5959
7139
7798
8354
8840
9134
9838
10347
10592
10054
7781
6247
5117
4153
2612
-458
-2165
-3812
-5186
-6477
-8694
-9257
-9332
-9605
-9557
-9863
-8964
-7751
-7301
-6464
-6134
-5277
-3511
-3054
-2796
-2508
-1879
-304
159
563
1714
2625
3854
4381
4765
6256
6979
7017
6739
5930
5868
4723
2892
1229
-1329
-3102
-4771
-6649
-7827
-9258
-9688
-9403
-9417
-8278
-6898
-5053
-2943
-1866
-215
1432
2639
3638
3410
3281
2979
2138
1512
431
-131
-203
-621
-611
-343
491
1641
2358
3375
4473
5772
6880
7687
8319
8811
9402
9935
10582
11071
10806
8657
6941
5744
4919
3632
345
-1397
-3187
-4626
-5815
-8298
-8809
-9140
-9585
-9477
-9954
-8992
-7716
-7390
-6454
-6185
-5607
-3756
-3315
-2989
-2855
-2721
-1012
-519
-94
1046
1743
3173
3847
4207
5799
6703
7019
6938
6054
6146
5225
3500
1923
-500
-2651
-4312
-6289
-7706
-8937
-10135
-9592
-9822
-9091
-7411
-6173
-3584
-2456
-1008
1030
1964
3609
3675
3362
3460
2361
1805
838
-142
-137
-896
-1138
-876
-550
806
1432
2377
3708
4747
6247
7207
7988
8939
9385
10065
10915
11315
11422
9065
7279
6277
5114
3996
498
-1279
-2825
-4456
-5639
-8094
-8491
-8534
-9016
-9103
-9366
-8516
-7329
-6977
-6407
-5889
-5579
-4085
-3546
-3583
-3295
-3315
-1891
-1107
-844
363
1225
2563
3605
3984
5698
6998
7222
7303
6420
6458
5753
3820
2166
-247
-2392
-4060
-6219
-7678
-8849
-9862
-9476
-9734
-9065
-7470
-5924
-3541
-2297
-952
901
2090
3536
3835
3583
3576
2763
2114
1172
272
226
-317
-752
-801
-521
633
1522
2279
3311
4342
5623
6798
7565
8366
9176
9563
10457
11121
11353
10168
7796
6925
5836
4726
2122
-524
-1791
-3480
-4827
-7188
-8454
-8346
-8750
-9025
-9511
-8910
-7723
-7119
-6636
-6327
-5848
-4717
-3889
-3890
-3830
-3660
-2701
-1897
-1539
-604
421
1756
2779
3519
4869
6533
7260
7432
7071
6795
6463
4752
3149
726
-1456
-3335
-5406
-7059
-8781
-9435
-9652
-9566
-9328
-8239
-6367
-4495
-2640
-1395
244
1675
2807
3540
3349
3283
2831
2113
1189
301
33
-111
-461
-671
-427
294
1401
2141
3155
4101
5140
6265
6956
7710
8329
9039
9771
10328
10978
10275
8415
7285
6025
5483
3273
469
-885
-2943
-3865
-6012
-8060
-8080
-8787
-8767
-9167
-9316
-8010
-7509
-6879
-6204
-6036
-4919
-3720
-3599
-3442
-3512
-2898
-1611
-1433
-693
271
1129
2584
3300
4267
6131
6895
7444
7403
6725
7036
5680
4359
2301
-903
-2435
-4677
-6262
-8180
-9908
-9942
-10138
-9655
-9074
-7684
-5553
-3541
-1944
-582
1067
2522
3560
3665
3412
3052
2579
1867
881
159
-116
-241
-471
-319
50
1070
2030
2744
3642
4336
5598
6393
6869
7352
7807
8722
9304
10005
10192
8706
7524
6412
5747
4904
2082
499
-1338
-2994
-4189
-6878
-7560
-8054
-8834
-8795
-9577
-8880
-7925
-7662
-6707
-6475
-5934
-4520
-3853
-3522
-3310
-3232
-2143
-1392
-1047
17
706
1847
3007
3441
5046
6419
6956
7493
6813
6817
6493
4864
3450
860
-1232
-2897
-5083
-6940
-8687
-9586
-9530
-9557
-9533
-8374
-6695
-4504
-2780
-1758
46
1471
2763
3452
3105
3151
2690
2014
1300
283
161
153
-245
-220
-162
734
1956
2523
3431
4030
5059
6069
6350
6804
7261
7716
8519
8900
9560
9581
7547
6968
5482
5200
4126
1001
223
-2158
-3192
-4739
-7331
-7397
-8297
-8504
-8671
-9303
-8388
-7616
-7151
-6391
-6151
-5486
-3945
-3718
-3361
-3023
-2699
-1236
-748
-291
864
1582
2861
3972
4354
6184
7001
7353
7682
6679
6897
5934
4096
2590
-148
-1967
-3456
-5912
-7281
-8810
-9320
-8677
-9428
-8454
-7054
-5445
-2978
-2428
-716
856
1849
3236
2840
2872
2721
1844
1331
331
-195
-4
-461
-580
-453
-37
1351
1909
2652
3443
4000
5222
5550
5890
6203
6514
7222
7688
8256
9121
8880
7193
6510
5348
5460
4126
1491
523
-1838
-2549
-4455
-6813
-7070
-8093
-8215
-8750
-9442
-8552
-7896
-7423
-6709
-6578
-5610
-4167
-3919
-3325
-3118
-2445
-978
-489
264
1198
2048
3494
4402
4959
6565
7317
7729
7752
6881
7033
5890
4100
2430
-242
-1801
-3560
-5793
-7039
-8462
-8575
-8273
-8708
-7465
-6194
-4311
-2388
-1697
63
1312
2327
3139
2678
2657
2172
1290
603
-326
-618
-604
-970
-903
-599
102
1409
1992
2866
3568
4315
5321
5559
5897
5975
6400
6813
7646
8012
9042
8410
6574
6321
4868
5664
3600
1220
504
-1961
-2216
-4686
-6640
-6675
-7870
-7957
-8854
-9361
-8357
-7845
-7627
-6887
-6788
-5680
-4228
-4187
-3404
-3108
-2268
-701
-232
478
1810
2523
4092
4933
5296
7274
7435
7863
7627
6630
6938
5425
3487
1766
-1126
-2345
-4289
-6472
-7307
-8879
-8401
-8455
-8328
-6915
-5624
-3527
-2061
-1054
554
1619
2579
2795
2467
2118
1544
667
-107
-790
-1103
-961
-1113
-825
-220
785
2011
2791
3507
4393
5119
5931
6042
6002
6309
6428
7153
7587
7938
8921
6997
6345
5379
4734
5197
1990
1145
-587
-2162
-2607
-5566
-6292
-6803
-7819
-7832
-8840
-8766
-7735
-7691
-7194
-6636
-6633
-5048
-4270
-4046
-3182
-2952
-1615
-120
78
1311
2350
3062
4952
4936
6144
7510
7134
7848
6647
6327
5995
3766
2363
-13
-2118
-3326
-5390
-7080
-7883
-8771
-7959
-7935
-7505
-5479
-4310
-2047
-940
-16
1776
2380
3130
3053
2355
2158
1240
275
-232
-1010
-895
-833
-1067
-317
93
1386
2520
3052
4112
4539
5511
6060
6091
6138
6220
6546
7373
7573
8385
8117
6247
5967
4536
4930
3682
1207
635
-1641
-2137
-3744
-6027
-6008
-7110
-7508
-7957
-8841
-8073
-7583
-7626
-6982
-7066
-6469
-4998
-4809
-4190
-3606
-3067
-1363
-409
224
1903
2462
3943
5100
5150
7003
7122
7277
7173
5798
5803
4256
2573
508
-1942
-3620
-5047
-6600
-7874
-8215
-8445
-7402
-7033
-5864
-3850
-2383
-450
443
1425
2747
2996
3182
2776
1863
1436
316
-454
-740
-1376
-869
-815
-467
468
1049
2513
3275
4080
4787
5221
5900
5985
5962
5620
5962
6189
7027
7442
7982
6721
5576
5195
4617
4720
2358
1193
-168
-1655
-2451
-4938
-5870
-6372
-7370
-7638
-8670
-8639
-7905
-7820
-7493
-7206
-7018
-5618
-4855
-4454
-3817
-3322
-2092
-810
-134
960
2243
2999
4412
4653
5596
6797
6554
6754
5621
5030
4307
2406
736
-1524
-3472
-4808
-6228
-7523
-7993
-8104
-7251
-6574
-5762
-3812
-2047
-253
998
1805
2991
3493
3507
3226
2422
1813
1031
-37
-454
-856
-678
-243
-162
629
1458
2487
3637
4184
4978
5503
5771
6188
5818
5549
5501
5615
6331
6744
7666
6792
5328
4904
4041
4629
2671
1160
-25
-1676
-2071
-4336
-5776
-6123
-7100
-7385
-8316
-8847
-8001
-7784
-7458
-7329
-7447
-6313
-5257
-4854
-4348
-3841
-2787
-1263
-439
469
2058
2909
4361
4760
5253
6682
6608
6616
5590
4452
3989
2136
395
-1806
-4189
-5189
-6645
-7547
-8195
-8166
-6986
-6137
-5142
-3514
-1548
437
1722
2386
3105
3706
3742
3281
2399
1608
1013
56
-583
-803
-528
244
566
1102
2079
2980
4195
4796
5179
5733
5774
5951
5560
5024
5007
5027
5764
6299
7223
6047
4809
4353
3491
4047
1855
561
-617
-2383
-2699
-4964
-6271
-6303
-7295
-7328
-7906
-8468
-7335
-7202
-6885
-6482
-6853
-5633
-4680
-4526
-4021
-3794
-2764
-1181
-597
368
2126
2999
4589
4941
5482
7179
6836
6692
5711
4253
3730
1438
-509
-2625
-5105
-6156
-7550
-8340
-8690
-8218
-7013
-5641
-4623
-2899
-551
1301
2726
3169
3542
4160
3940
3400
2550
1547
1266
313
-392
-276
25
1239
1527
1850
3050
3844
4954
5348
5466
5879
5805
5622
5377
4828
4915
5164
5788
6744
7333
5197
4563
3508
3116
3011
44
-693
-2400
-3620
-4227
-6632
-6932
-6558
-7407
-6988
-7687
-7402
-6032
-6114
-5787
-5746
-6150
-5012
-4636
-4920
-4392
-4321
-3103
-1515
-1160
521
2356
3443
5214
5152
6250
7589
6730
6287
4654
3276
1954
-519
-2642
-4603
-6876
-7693
-8469
-9202
-8174
-7436
-5732
-4392
-3254
-1004
811
2293
3574
3170
3568
3535
3112
2858
1701
1527
1081
379
301
517
1534
2436
2541
2957
3732
4366
5017
5050
5116
5411
4948
4844
4420
4608
5141
5796
6719
8030
7266
5455
4611
3062
3141
1007
-1314
-2558
-4456
-4803
-6519
-7965
-7143
-6897
-6517
-6190
-6441
-5175
-4401
-4425
-4318
-5062
-5104
-4587
-5123
-5275
-5030
-4482
-2786
-1643
-567
1785
3427
5201
6298
6252
7526
7339
6228
4874
2810
1171
-931
-3452
-5422
-6997
-8057
-8041
-8616
-7917
-6429
-4852
-3195
-2117
-1008
727
1822
2794
2957
2393
2481
2184
1953
1692
1524
1761
1729
1365
1720
2140
3201
3632
3411
3393
3506
3774
3770
3794
3894
4109
3947
3997
4428
5291
6660
7774
8751
9248
6644
5510
3457
2175
999
-2227
-3641
-5316
-6073
-6173
-7599
-7125
-5547
-5361
-4168
-4693
-4271
-3485
-3906
-4319
-5183
-6133
-5963
-5951
-6537
-5829
-4957
-3010
-989
174
2351
4545
5637
6874
6340
6112
6021
3997
2367
272
-1383
-2849
-4642
-6083
-6682
-6908
-6541
-5986
-6259
-4715
-3708
-2727
-1878
-1888
-1035
-249
181
1179
890
1380
2164
2152
2824
2968
3784
4105
3417
3155
2958
2940
3201
2620
2260
2103
1928
2385
2420
3108
4043
4479
4923
5341
6353
7595
8604
9193
9368
6853
4496
2605
684
-332
-2400
-3854
-4545
-5148
-4509
-4700
-4931
-3410
-3144
-2979
-3338
-4380
-4273
-4931
-5929
-6343
-7359
-7222
-6249
-5895
-4778
-3291
-1204
1076
2163
3169
4789
5033
5135
4379
2982
2621
1207
-193
-1164
-2075
-2149
-2654
-3466
-3593
-3435
-3564
-3631
-4622
-5137
-4573
-4826
-4192
-4226
-3586
-1959
-1072
627
2000
2635
4223
4575
4472
4414
3816
4136
2901
1508
1049
502
882
829
948
1630
2131
2768
3392
3810
4843
5638
5534
5369
5288
6280
6678
7165
7376
6456
3971
2339
1063
243
-585
-1887
-2325
-3284
-3382
-3653
-4321
-4355
-3946
-4368
-4683
-5782
-5778
-5615
-5906
-5765
-5713
-5507
-4642
-3678
-2946
-1896
-801
988
1645
1829
2288
2885
2803
2500
1831
1431
1170
470
128
-281
-899
-935
-2047
-3189
-3821
-4698
-4703
-5940
-6705
-6242
-5853
-4637
-3536
-2499
-423
584
2286
3450
3603
4464
4470
4092
3303
2341
2569
2145
1441
1329
1165
1866
2169
2521
2932
3179
3556
3662
3426
3517
4088
4296
4166
4119
4859
6341
7238
8177
8051
5653
3838
1967
671
-512
-2439
-3102
-3952
-4629
-4577
-5053
-4794
-3830
-3785
-3789
-4614
-5255
-4912
-5216
-5427
-5139
-5214
-4479
-3631
-2911
-1567
-445
1034
2193
2185
2359
2770
2339
2076
1268
768
591
-177
-615
-521
-715
-683
-1471
-2663
-3544
-4367
-5312
-5837
-6904
-7194
-6195
-5486
-3480
-2427
-319
1755
2638
3868
4267
3866
4239
3268
2515
1507
727
1394
998
1201
1905
2551
3259
3643
3586
3873
3371
2896
2797
1849
2255
2740
2837
3676
4116
6180
7925
9164
9836
7811
5062
2660
508
-1245
-3157
-4757
-5181
-5458
-5340
-4972
-4620
-3469
-2333
-2349
-2910
-4193
-4924
-5241
-5895
-5931
-5755
-5301
-3917
-2747
-1488
147
1766
3474
3732
3167
2841
2424
1677
886
16
-393
-634
-993
-746
-824
-839
-707
-1860
-3023
-4202
-5419
-5863
-6776
-7165
-6558
-5815
-3547
-1753
-3
1975
2986
4145
4237
3386
3175
2656
2020
1373
823
1461
1866
2453
3236
3746
4149
4316
3948
3454
2601
2169
1791
1333
1403
2214
3225
4274
5816
7128
8736
10035
10302
8366
4485
1095
-1306
-3456
-4660
-5970
-5939
-5172
-4230
-3401
-3209
-2619
-1662
-1851
-3237
-5095
-6816
-7430
-7444
-6838
-5927
-4687
-2684
-414
809
1925
3103
3950
3998
2634
1101
75
-604
-724
-886
-886
-214
406
881
831
207
-194
-1595
-3973
-5672
-7827
-8160
-8015
-7641
-6383
-5016
-1993
502
2078
3600
3773
3880
3597
2127
1108
399
764
1115
1343
2264
3418
4334
5302
5339
4829
4059
3078
1989
844
48
237
679
1396
2820
4014
5840
7525
8967
9748
9930
9724
7371
3698
-604
-3492
-4906
-5085
-4995
-4872
-3416
-1413
-680
-886
-2005
-2788
-3292
-4969
-6880
-9084
-9419
-8407
-6725
-4773
-2417
-167
2068
3259
3231
2646
2195
1823
913
-557
-1716
-1501
-739
653
1300
1842
2711
2816
2245
488
-1638
-3426
-5636
-7212
-8508
-8746
-7364
-5948
-4221
-2437
-959
1146
2293
2559
2038
922
753
316
10
609
1319
3020
4314
4913
5348
5165
5067
4543
3307
2215
1279
510
677
574
1332
2430
3752
5353
6109
6493
7067
7086
7486
7193
6409
5663
3409
482
-2163
-3887
-3519
-2256
-2036
-892
-1054
-890
-1707
-4376
-5983
-7009
-7708
-7039
-7895
-7690
-6514
-5487
-2807
-1416
-162
1326
1328
1006
240
-1688
-1599
-1453
-758
602
923
1884
2892
2821
3132
2401
1165
1080
-731
-1824
-3615
-5711
-5981
-6343
-5660
-4294
-3726
-2416
-1782
-2023
-1349
-1631
-851
-178
-191
497
532
699
1890
2243
3534
4189
4358
4702
3767
3169
2491
1862
2003
2120
2243
2938
2891
3199
3094
2841
3132
3020
3315
3714
3941
4702
4875
5005
5250
5031
5172
3960
2236
466
-1318
-1685
-2154
-2056
-1392
-804
170
-334
-1699
-3213
-5063
-5549
-5966
-5555
-4475
-3535
-2096
-1359
-990
-933
-1289
-1344
-1568
-1952
-2223
-2637
-2533
-2335
-1943
-1346
-587
92
685
802
286
-192
-783
-1222
-1095
-655
141
1047
1903
2635
2801
2708
2184
1369
799
310
87
242
608
1396
2105
2577
2506
1708
657
-618
-1798
-2620
-2891
-2437
-1567
-592
56
81
-334
-1190
-2315
-3477
-4140
-4118
-3457
-2320
-1159
30
1084
1686
1889
1425
668
8
-523
-438
-8
993
2233
3258
3903
3946
3552
2901
2214
1590
1215
1266
1707
2386
3042
3555
3676
3247
2402
1234
61
-893
-1443
-1667
-1739
-1597
-1403
-1246
-1288
-1710
-2343
-3018
-3556
-3782
-3785
-3391
-2636
-1826
-1115
-784
-660
-682
-818
-1032
-1255
-1246
-960
-502
-21
435
784
920
831
396
-198
-636
-882
-716
-407
80
696
1161
1449
1365
1004
565
88
-312
-546
-701
-668
-581
-517
-474
-313
-237
-110
-129
-265
-221
-152
159
445
617
808
856
837
752
590
630
654
839
1023
1228
1563
1858
2113
2106
1894
1680
1521
1462
1493
1443
1484
1491
1526
1484
1364
1285
1119
796
320
-216
-549
-627
-699
-807
-1063
-1205
-1245
-1265
-1284
-1101
-841
-518
-312
-336
-238
-215
-233
-340
-543
-530
-420
-220
32
185
258
205
93
-76
-311
-547
-712
-801
-818
-628
-202
253
631
707
428
21
-583
-1173
-1710
-2132
-2306
-2365
-2278
-1998
-1531
-981
-447
-141
13
46
36
60
-110
-323
-511
-699
-674
-589
-349
-109
56
202
206
246
373
546
654
562
309
139
109
325
709
1078
1434
1639
1734
1710
1612
1478
1264
902
445
-29
-322
-299
-221
-127
-78
70
320
533
789
1035
1260
1375
1340
1320
1342
1477
1534
1495
1444
1338
1269
1211
1121
956
661
247
-60
-299
-310
-194
-11
261
484
697
766
798
649
263
-316
-928
-1498
-1924
-2241
-2457
-2540
-2589
-2485
-2348
-2162
-1998
-1903
-1877
-1897
-1901
-1836
-1690
-1587
-1328
-1105
-877
-604
-300
-5
122
151
-12
-101
-231
-230
-84
-14
168
310
571
945
1296
1656
1832
1752
1565
1204
873
688
425
223
-22
-160
-208
-180
-38
70
75
-7
-169
-347
-443
-574
-586
-494
-341
-78
315
709
1111
1343
1490
1559
1517
1528
1482
1542
1477
1384
1243
1318
1400
1707
1826
2071
1877
1576
1389
369
-22
-596
-415
-27
568
426
-189
-1041
-1925
-2766
-3816
-3906
-3135
-1330
316
888
472
-439
-1100
-1437
-2061
-2659
-2113
-1603
-830
52
-549
-860
-769
-1150
-1504
-1661
-1873
-1697
-1246
-977
-1044
-1089
-923
-476
-487
99
43
-902
-98
-124
-509
-687
-1377
-1537
-1267
-507
32
-383
327
428
144
209
-886
-1636
-880
-975
-362
292
1011
1801
1916
2347
2656
2657
3038
2795
2516
2934
3198
3471
3330
3087
2963
2929
2749
2374
1731
1818
2108
2375
2729
3063
3182
2999
2283
986
-663
-1801
-2333
-2501
-2183
-1927
-1463
-919
-802
-1033
-1487
-1804
-1718
-1676
-1442
-1331
-1005
-529
-170
-41
-176
-480
-791
-1450
-2262
-3020
-3409
-3423
-2819
-2012
-1255
-1007
-1217
-1353
-1944
-2608
-2834
-2830
-2271
-1585
-1351
-947
-928
-1049
-919
-803
-995
-638
-201
-312
-669
-688
-385
-270
80
370
486
550
1064
895
1127
2113
2804
3255
3552
3604
3316
3228
3130
3086
3448
4043
4699
4888
4307
3846
2871
2918
3434
3823
4204
4120
3677
3138
1258
164
-996
-1308
-422
-496
62
-277
-1263
-2042
-3517
-3981
-3760
-3564
-2123
-1963
-1385
-1055
-1347
-861
-825
-793
-508
-1262
-1575
-2362
-3229
-3123
-3346
-2683
-1917
-1649
-1214
-1483
-2241
-2793
-3536
-3478
-3322
-2922
-2188
-1883
-1499
-1104
-1048
-660
-612
-552
-291
-725
-684
-532
-593
321
568
903
1387
1300
1381
1024
1174
1190
1363
1954
2462
2889
3184
2723
2693
2743
2622
2647
1993
1726
1157
882
1470
1919
2699
3181
3527
3578
3184
2571
1919
1612
1690
1776
1944
1793
1312
904
315
-154
-809
-1196
-1667
-2305
-2957
-3363
-3283
-2626
-1817
-737
-131
258
-116
-829
-1310
-2026
-2186
-2161
-1652
-813
-245
158
154
-292
-504
-1059
-1331
-1478
-1533
-1195
-1068
-675
-387
-142
127
61
52
-275
-740
-852
-1256
-1370
-1185
-1365
-1397
-1689
-1359
-1598
-2486
-1749
-1573
-1961
-1662
-970
-999
-636
-203
-432
-538
-547
-349
-112
387
1053
1625
2152
2753
2376
2344
2370
2188
2615
2910
3132
3437
3546
4001
4102
4076
4154
3934
4081
3687
3041
2430
1638
687
-268
-997
-1408
-1550
-1234
-923
-820
-817
-987
-1237
-1533
-1759
-1830
-1811
-1715
-1498
-1362
-1136
-1009
-798
-613
-413
-263
-259
-375
-577
-695
-762
-926
-1014
-1024
-790
-838
-837
-616
-708
-430
-346
-192
-52
-358
-558
-1182
-1241
-1635
-1814
-1919
-2307
-2016
-2339
-2180
-2168
-2299
-1530
-1335
-912
-1052
-1474
-952
-1158
-1218
-907
-749
44
308
560
742
261
664
881
739
1249
1086
1497
1853
1669
1933
2115
2421
2684
2590
2483
1770
1083
1075
481
235
302
-331
-367
-318
-539
-333
-194
280
433
327
537
493
485
656
685
945
1135
1215
1475
1484
1634
1857
1960
2202
2217
2176
1987
1493
1053
553
274
312
369
555
636
642
582
303
30
-195
-517
-1003
-1506
-1889
-2274
-2643
-2737
-3019
-3047
-3261
-3430
-3355
-3779
-3755
-3541
-3821
-3519
-3351
-3364
-2615
-2245
-2136
-2044
-2097
-1511
-1473
-1428
-846
-822
-61
-2
-342
134
83
333
1012
1192
1510
1645
1622
1496
884
615
592
300
537
415
115
183
-73
-453
-182
-303
-176
286
74
422
304
75
586
433
709
1232
1399
1923
2080
2469
2882
2616
2575
2522
2352
2444
2377
2414
2485
2517
2580
2622
2513
2524
2582
2606
2247
1846
1748
1495
1265
889
434
-30
-249
-619
-1126
-1642
-2162
-2498
-2886
-3149
-3398
-3615
-3339
-3308
-3542
-3840
-4064
-3898
-3879
-4031
-3774
-3480
-3054
-2764
-2900
-2648
-2433
-2147
-1911
-1839
-1434
-954
-548
-224
-421
-52
381
253
363
423
421
368
268
143
2
-211
-103
-175
-389
-295
-398
-276
-115
-1
130
114
183
708
1233
1259
1636
1638
1681
2086
2232
2274
2216
2529
2740
2565
2709
2756
2596
2861
2966
2634
2639
2356
2269
2070
1942
2064
2003
2366
2508
2384
2247
2032
1761
1581
1195
620
413
238
-73
-252
-680
-910
-1440
-1625
-1809
-1971
-2077
-2087
-2195
-2373
-2559
-2829
-3011
-3078
-3031
-2848
-2521
-2308
-2008
-1977
-1946
-1963
-2069
-2090
-2124
-2134
-1851
-1807
-1502
-1465
-1357
-1185
-1390
-1532
-1807
-2030
-2035
-2206
-2176
-2089
-2100
-2022
-1870
-1712
-1500
-1180
-786
-442
-36
356
655
984
968
1195
1532
1751
1826
1891
2112
2389
2731
2978
3087
3041
3017
2959
2703
2401
2147
1898
1884
1899
2065
2362
2571
2774
2980
2972
2765
2414
1914
1503
1217
1102
1101
1301
1355
1383
1145
904
666
423
388
285
326
386
335
233
-89
-383
-615
-610
-571
-373
-320
-257
-247
-387
-705
-1008
-1228
-1357
-1531
-1601
-1599
-1694
-1714
-1926
-2136
-2302
-2604
-2745
-2957
-3262
-3322
-3517
-3486
-3502
-3554
-3513
-3561
-3501
-3237
-3034
-2526
-2230
-1930
-1689
-1536
-1350
-1163
-841
-380
-92
337
663
991
1271
1197
1189
1088
1069
1129
1155
1256
1361
1494
1644
1751
2031
2280
2434
2594
2684
2731
2736
2580
2538
2421
2343
2263
2176
2233
2058
1925
1803
1636
1535
1427
1474
1400
1390
1366
1362
1216
1166
937
923
963
993
1093
1023
1040
1022
1046
921
636
407
207
66
30
-76
-109
-151
-297
-525
-909
-1182
-1490
-1863
-2133
-2434
-2639
-2768
-2963
-3128
-3348
-3449
-3421
-3410
-3234
-3015
-2823
-2601
-2398
-2162
-1930
-1664
-1495
-1388
-1322
-1378
-1329
-1245
-1002
-731
-527
-448
-527
-666
-786
-831
-723
-521
-307
-35
178
412
594
764
856
921
1033
1131
1385
1601
1753
1893
1899
1931
1838
1752
1665
1669
1832
2041
2211
2350
2381
2476
2343
2193
2091
1984
2119
2085
2172
2247
2271
2320
2313
2218
2109
1772
1588
1316
1317
1485
1609
1746
1697
1451
1294
892
530
143
-146
-329
-635
-808
-1060
-1266
-1504
-1796
-2104
-2445
-2726
-2902
-2955
-2827
-2684
-2547
-2474
-2558
-2729
-2933
-3045
-2993
-2828
-2527
-2337
-2185
-2077
-2082
-2115
-2237
-2287
-2317
-2285
-2206
-2172
-2003
-1808
-1677
-1434
-1193
-920
-673
-460
-219
-76
132
363
652
832
823
844
855
842
929
1050
1232
1407
1660
1914
1966
1991
1930
1991
2080
2173
2327
2434
2633
2710
2659
2645
2689
2774
2786
2703
2501
2352
2337
2294
2322
2323
2340
2388
2286
2077
1644
1287
967
748
516
264
137
69
0
-110
-276
-359
-484
-681
-859
-1022
-1151
-1221
-1312
-1442
-1605
-1640
-1596
-1649
-1604
-1606
-1588
-1520
-1520
-1557
-1693
-1784
-1819
-1914
-1965
-2084
-2181
-2256
-2342
-2394
-2389
-2185
-1788
-1415
-1072
-882
-795
-782
-882
-942
-994
-994
-778
-499
-209
6
181
287
269
166
39
-117
-177
-66
123
408
741
1025
1328
1535
1599
1582
1570
1537
1646
1767
1787
1940
1953
1966
1985
2071
2197
2180
2109
1964
1711
1490
1359
1334
1252
1272
1270
1095
866
563
278
30
-120
-76
-121
-117
-113
-223
-275
-454
-724
-991
-1208
-1178
-1044
-893
-687
-459
-228
-85
-189
-427
-698
-950
-1101
-1194
-1180
-1025
-890
-726
-645
-731
-771
-802
-756
-769
-763
-702
-531
-336
-212
-194
-270
-365
-408
-484
-484
-470
-356
-247
-226
-300
-484
-670
-833
-937
-913
-715
-384
-18
360
611
724
766
646
502
443
499
629
761
932
1164
1287
1423
1483
1381
1134
896
812
863
994
1160
1357
1353
1300
1220
1079
921
786
844
857
729
625
422
205
98
-77
-68
-14
-12
-97
-192
-170
-178
-149
-192
-317
-449
-525
-596
-688
-718
-626
-616
-673
-871
-1036
-983
-979
-957
-869
-755
-648
-622
-537
-585
-527
-372
-299
-197
-191
-199
-152
-82
-45
-34
-71
-271
-535
-579
-637
-563
-485
-365
-185
-31
97
148
97
38
-44
-65
-94
-71
86
252
402
461
382
372
318
167
1
-165
-103
10
166
284
421
490
472
408
284
243
291
371
501
570
593
614
460
317
204
77
64
93
99
124
232
336
332
284
224
133
40
-47
-68
-101
-109
-47
23
18
-67
-181
-300
-394
-448
-384
-208
-63
82
183
176
123
-9
-90
-60
-59
-18
60
93
107
-24
-215
-463
-744
-902
-965
-871
-687
-541
-374
-276
-257
-313
-345
-367
-360
-270
-138
37
240
380
472
504
486
382
326
377
449
546
614
646
678
626
584
495
396
366
344
360
371
449
503
433
329
134
-8
-63
-107
-102
-66
51
179
239
196
135
48
-50
-187
-273
-191
-26
91
123
112
160
148
137
140
87
26
49
88
104
16
-124
-181
-227
-262
-263
-244
-146
-111
-107
-143
-226
-282
-385
-513
-620
-677
-738
-783
-803
-808
-801
-760
-724
-664
-672
-641
-582
-486
-376
-291
-190
-84
-9
74
109
139
228
340
483
583
663
646
605
572
551
550
667
828
948
1004
983
936
868
795
735
673
620
603
608
618
650
683
737
733
688
631
524
437
261
95
47
43
136
298
433
528
571
483
302
122
-54
-210
-270
-329
-389
-363
-368
-420
-549
-653
-743
-824
-840
-814
-727
-618
-565
-569
-634
-743
-872
-952
-957
-925
-860
-704
-567
-526
-516
-528
-538
-513
-466
-402
-202
-38
146
309
371
467
478
467
422
288
231
232
269
350
411
465
435
362
231
97
70
71
42
88
82
132
122
42
15
-11
61
107
178
247
319
391
401
422
421
385
368
316
289
271
340
469
633
765
798
763
745
659
553
422
307
226
136
96
17
-2
-16
-54
-121
-260
-412
-511
-586
-572
-576
-609
-608
-610
-619
-614
-601
-596
-633
-676
-691
-693
-622
-561
-488
-400
-339
-316
-286
-278
-274
-228
-147
-120
-14
117
226
248
150
89
77
72
60
28
54
54
9
-24
-75
-100
-165
-244
-334
-397
-452
-522
-566
-538
-481
-346
-182
-50
50
122
163
204
205
232
277
357
467
542
673
780
844
908
896
878
866
879
921
915
914
878
806
678
505
369
260
194
133
92
99
35
-24
-84
-140
-169
-211
-214
-239
-237
-192
-132
-71
-52
-70
-129
-211
-294
-379
-439
-449
-416
-335
-218
-83
51
103
81
2
-98
-143
-179
-165
-126
-83
-24
-11
-37
-106
-191
-252
-339
-430
-461
-426
-345
-303
-346
-400
-510
-636
-766
-836
-843
-804
-700
-581
-449
-382
-334
-303
-306
-334
-330
-255
-179
-88
48
226
372
492
540
548
560
477
452
452
471
535
565
645
686
689
646
543
472
403
357
348
388
506
555
553
526
457
414
332
269
244
220
248
287
270
289
266
250
196
70
-5
-62
-111
-90
-57
-16
63
81
56
8
-7
-15
-58
-129
-239
-281
-291
-345
-331
-364
-388
-437
-550
-599
-623
-634
-655
-657
-677
-688
-674
-661
-631
-613
-635
-635
-628
-616
-544
-528
-453
-410
-362
-283
-193
-97
-4
90
158
207
253
284
294
315
322
373
424
488
527
528
481
400
337
298
291
297
318
366
377
402
466
450
407
334
236
122
61
72
104
156
208
240
232
178
117
76
32
6
0
56
72
112
191
232
233
209
152
107
63
29
-17
-34
-30
-29
-48
-87
-170
-285
-359
-419
-470
-500
-510
-533
-518
-549
-588
-609
-645
-650
-690
-713
-732
-714
-651
-605
-501
-436
-387
-329
-308
-275
-221
-160
-81
29
158
220
256
274
287
323
355
356
362
373
363
365
336
326
338
333
291
256
196
135
80
34
31
26
56
48
23
-17
-32
-6
-14
-1
31
17
-34
-85
-134
-157
-177
-181
-145
-121
-88
-38
-31
-48
-22
-12
-23
-4
25
45
59
56
2
-4
-38
-96
-138
-195
-212
-222
-219
-197
-186
-209
-236
-280
-347
-396
-430
-447
-446
-441
-415
-368
-303
-253
-211
-158
-133
-132
-103
-64
-13
54
115
176
228
288
341
404
444
454
470
465
479
476
470
438
424
421
432
460
456
463
463
451
413
383
389
394
402
385
370
341
307
289
262
255
218
194
154
122
97
20
-38
-93
-138
-144
-170
-199
-222
-261
-329
-406
-479
-522
-529
-531
-551
-609
-658
-707
-749
-789
-810
-817
-797
-770
-733
-665
-637
-580
-572
-599
-612
-652
-651
-631
-587
-519
-429
-381
-335
-286
-279
-255
-252
-258
-234
-197
-177
-166
-99
-24
43
130
169
217
258
302
336
397
475
527
584
602
612
641
617
624
632
618
620
595
594
590
591
610
639
680
715
762
820
851
843
791
737
680
621
597
583
574
563
500
443
358
270
213
163
136
113
104
64
21
-64
-182
-314
-421
-507
-549
-575
-594
-575
-581
-605
-653
-719
-761
-817
-867
-902
-926
-918
-919
-901
-886
-880
-885
-907
-916
-941
-910
-858
-802
-724
-671
-599
-548
-524
-491
-428
-371
-315
-258
-174
-72
4
70
138
201
261
296
334
355
337
329
356
393
429
472
520
552
545
548
533
509
512
510
531
582
646
707
759
783
776
718
686
643
599
584
555
567
609
641
652
638
593
516
423
323
242
210
161
103
52
-1
-49
-115
-211
-309
-390
-502
-627
-707
-768
-828
-825
-863
-911
-970
-1046
-1082
-1126
-1166
-1167
-1158
-1149
-1113
-1085
-1049
-1019
-993
-952
-921
-896
-855
-815
-780
-708
-617
-521
-414
-322
-250
-172
-138
-90
-57
-35
-2
24
60
92
131
170
210
248
281
286
270
288
292
288
324
370
404
465
496
516
581
616
641
681
685
691
728
777
824
856
899
943
950
962
952
935
923
909
870
848
848
845
828
781
716
688
640
584
504
419
317
205
99
-4
-58
-110
-187
-268
-348
-422
-488
-595
-680
-755
-813
-840
-883
-922
-943
-975
-1038
-1093
-1136
-1153
-1157
-1114
-1069
-1008
-950
-940
-926
-925
-931
-933
-962
-965
-958
-945
-888
-861
-826
-776
-749
-732
-722
-693
-673
-669
-651
-621
-588
-529
-457
-395
-333
-270
-206
-119
-29
57
163
255
340
427
513
604
687
762
805
859
896
916
955
975
1016
1085
1127
1172
1185
1181
1189
1160
1125
1115
1096
1089
1086
1068
1000
921
852
749
672
596
517
479
435
392
374
315
245
173
84
-4
-96
-187
-256
-327
-382
-441
-477
-525
-568
-602
-642
-678
-736
-761
-797
-822
-850
-886
-911
-928
-978
-1002
-1026
-1064
-1083
-1102
-1107
-1117
-1106
-1111
-1108
-1087
-1093
-1082
-1071
-1076
-1038
-1001
-961
-902
-839
-737
-650
-551
-429
-347
-266
-180
-102
-16
75
163
275
382
474
577
649
715
776
816
867
953
1040
1110
1181
1225
1250
1268
1272
1270
1265
1273
1257
1221
1204
1183
1169
1139
1090
1059
1016
946
879
805
737
663
579
530
470
411
348
257
166
64
-26
-88
-148
-196
-235
-306
-353
-410
-462
-525
-593
-657
-730
-801
-871
-910
-946
-990
-1043
-1056
-1084
-1124
-1143
-1175
-1208
-1244
-1284
-1310
-1341
-1355
-1383
-1379
-1361
-1333
-1282
-1238
-1159
-1085
-1021
-949
-886
-813
-714
-616
-527
-435
-348
-273
-203
-116
-38
63
179
260
374
484
570
661
722
780
853
897
954
999
1046
1096
1105
1124
1149
1166
1180
1168
1161
1169
1172
1170
1175
1167
1149
1138
1112
1091
1077
1037
1007
953
875
814
740
695
658
616
568
536
485
410
343
255
179
92
-2
-78
-169
-241
-324
-391
-451
-495
-529
-568
-601
-649
-690
-759
-833
-901
-969
-1032
-1065
-1091
-1090
-1091
-1083
-1068
-1048
-1029
-1027
-1021
-1016
-1004
-966
-947
-894
-816
-768
-684
-633
-624
-593
-572
-551
-511
-479
-415
-347
-272
-212
-156
-96
-35
9
43
90
108
158
211
274
362
413
490
568
601
649
711
745
802
838
885
945
992
1038
1066
1101
1093
1090
1091
1076
1104
1116
1123
1154
1157
1150
1123
1053
966
884
790
685
609
542
469
407
347
297
235
177
120
37
-44
-143
-256
-334
-410
-463
-491
-533
-547
-563
-575
-585
-607
-638
-676
-709
-748
-778
-780
-779
-762
-735
-728
-719
-708
-751
-760
-772
-792
-774
-764
-721
-686
-655
-628
-600
-587
-563
-541
-511
-475
-438
-400
-393
-325
-257
-200
-120
-49
12
105
196
272
361
448
520
567
611
655
693
751
801
835
898
967
1019
1078
1108
1129
1139
1133
1144
1167
1168
1169
1149
1134
1102
1038
1001
941
893
853
794
749
711
631
568
490
391
319
243
172
114
52
-16
-73
-141
-206
-255
-327
-399
-459
-515
-550
-593
-634
-669
-699
-762
-821
-863
-907
-956
-978
-1003
-1007
-1020
-1042
-1015
-1002
-987
-983
-969
-966
-950
-937
-902
-837
-826
-784
-733
-688
-628
-575
-522
-470
-394
-282
-221
-114
-18
49
121
173
246
306
395
473
544
609
674
737
794
871
918
967
1029
1076
1110
1138
1177
1185
1195
1196
1182
1160
1126
1103
1079
1028
998
952
893
850
773
715
655
582
536
463
389
319
220
131
54
-27
-85
-127
-164
-203
-253
-293
-320
-378
-433
-490
-526
-575
-617
-656
-671
-669
-661
-647
-634
-635
-635
-649
-682
-683
-686
-677
-677
-646
-630
-614
-603
-583
-580
-576
-563
-541
-501
-486
-440
-393
-346
-301
-256
-201
-172
-146
-101
-59
-31
5
68
116
176
240
327
424
504
581
645
678
727
753
778
797
801
821
843
869
894
916
904
892
854
826
789
745
704
678
655
611
577
566
540
485
431
377
325
266
194
150
110
77
39
2
-29
-75
-94
-133
-176
-224
-282
-316
-335
-378
-401
-407
-444
-473
-494
-502
-506
-521
-524
-551
-559
-571
-598
-599
-632
-643
-644
-652
-656
-640
-615
-594
-585
-589
-573
-552
-535
-499
-480
-452
-413
-359
-305
-256
-203
-155
-96
-47
-5
50
107
145
190
230
284
338
387
431
476
505
522
533
537
554
535
530
515
494
498
492
476
470
468
454
444
413
398
382
361
356
333
323
318
325
301
292
263
241
239
231
219
200
204
195
174
170
152
118
94
72
53
36
22
5
13
-28
-42
-67
-114
-147
-186
-221
-268
-307
-337
-380
-421
-430
-477
-482
-514
-546
-578
-595
-591
-613
-608
-605
-610
-600
-565
-582
-571
-554
-534
-508
-488
-429
-397
-359
-321
-265
-214
-157
-118
-84
-32
-1
53
71
119
157
193
235
271
295
323
349
365
385
373
397
396
417
452
464
490
519
513
545
553
560
571
568
566
555
532
507
504
487
473
435
421
402
392
380
370
354
335
320
305
297
255
241
206
140
94
25
-30
-63
-96
-170
-218
-262
-306
-364
-409
-463
-515
-535
-575
-607
-645
-648
-655
-690
-706
-706
-724
-742
-724
-719
-704
-701
-691
-665
-658
-632
-623
-596
-571
-556
-519
-476
-429
-370
-310
-260
-204
-168
-140
-115
-85
-64
-32
19
57
104
137
174
221
261
312
352
395
451
483
505
526
557
584
594
612
648
678
715
740
756
754
757
782
816
819
816
843
833
835
805
792
783
739
707
679
646
604
576
512
452
390
313
262
194
128
43
-32
-96
-172
-239
-315
-379
-432
-494
-559
-593
-635
-668
-695
-739
-768
-786
-819
-838
-842
-842
-840
-840
-815
-811
-786
-743
-726
-715
-700
-693
-674
-651
-624
-583
-533
-504
-473
-422
-372
-337
-297
-251
-215
-151
-118
-72
-21
29
75
135
189
241
278
338
372
409
467
489
557
594
647
689
726
760
779
796
814
842
866
895
905
921
904
917
889
870
854
815
787
745
699
647
585
525
473
396
333
260
192
113
43
-19
-79
-126
-169
-231
-291
-352
-402
-456
-510
-534
-574
-595
-633
-650
-673
-708
-713
-740
-745
-747
-751
-761
-776
-774
-775
-785
-770
-751
-750
-719
-715
-704
-659
-636
-608
-569
-568
-520
-500
-494
-445
-423
-369
-318
-275
-232
-173
-106
-40
25
87
130
178
234
285
351
408
436
463
511
553
601
641
677
726
760
779
808
845
870
887
890
887
896
892
883
863
842
820
774
752
722
679
644
607
577
534
453
397
339
285
218
162
128
76
20
-26
-60
-114
-167
-207
-260
-303
-352
-408
-455
-498
-533
-573
-607
-628
-664
-710
-738
-757
-775
-792
-804
-823
-834
-851
-853
-843
-846
-833
-808
-788
-764
-734
-722
-684
-640
-597
-559
-523
-473
-427
-379
-325
-273
-228
-155
-90
-45
23
75
124
197
233
302
363
403
473
507
554
600
629
669
723
761
772
798
802
827
844
828
831
834
816
820
803
756
733
680
642
612
567
543
514
477
436
410
372
332
296
246
202
158
102
76
46
5
-16
-50
-80
-106
-148
-164
-186
-237
-257
-281
-314
-339
-368
-397
-444
-470
-509
-546
-572
-595
-611
-624
-623
-632
-655
-675
-685
-694
-695
-684
-675
-650
-625
-601
-571
-539
-510
-481
-450
-420
-374
-318
-260
-218
-161
-113
-53
-1
45
96
146
185
253
296
350
407
435
496
539
584
605
633
645
641
660
660
671
687
680
685
683
672
667
654
639
609
586
556
541
519
489
446
410
382
351
319
280
252
220
185
170
149
111
93
77
54
18
-8
-59
-84
-130
-161
-181
-224
-241
-258
-281
-300
-319
-332
-349
-390
-388
-430
-457
-461
-479
-490
-488
-499
-500
-499
-498
-493
-478
-467
-464
-441
-427
-407
-349
-324
-292
-270
-250
-210
-167
-132
-95
-51
-19
8
36
71
107
126
157
191
197
229
243
263
285
270
273
273
279
290
307
325
344
359
368
366
368
379
358
366
356
348
344
332
345
331
338
330
317
322
305
303
295
282
286
261
243
214
181
157
119
82
61
36
8
-26
-45
-60
-108
-142
-184
-195
-218
-253
-277
-302
-322
-332
-375
-390
-401
-434
-430
-439
-459
-452
-458
-476
-459
-454
-451
-432
-406
-401
-373
-337
-329
-291
-262
-223
-190
-169
-130
-89
-52
-36
0
32
59
73
94
107
128
167
163
180
174
173
191
185
175
184
183
203
209
196
218
216
222
215
186
202
223
230
243
255
280
290
296
321
306
306
298
295
288
264
256
253
256
248
224
210
195
176
182
150
128
106
75
59
50
20
1
-10
-16
-24
-30
-38
-41
-49
-76
-83
-99
-105
-120
-110
-107
-133
-128
-133
-144
-126
-132
-136
-135
-137
-113
-105
-79
-84
-69
-57
-60
-43
-42
-51
-50
-59
-63
-54
-63
-42
-37
-40
-40
-41
-38
-56
-45
-51
-68
-72
-87
-104
-115
-121
-124
-128
-122
-114
-105
-81
-67
-35
-5
3
46
59
75
89
87
96
110
112
148
178
174
186
202
192
203
211
189
177
161
150
157
148
138
146
135
117
108
98
80
78
68
64
67
56
35
28
1
-3
-5
-31
-34
-28
-46
-50
-43
-65
-45
-46
-69
-62
-67
-60
-63
-79
-90
-92
-96
-112
-110
-121
-141
-141
-161
-180
-186
-186
-189
-190
-200
-212
-210
-205
-221
-225
-235
-239
-220
-213
-182
-176
-161
-152
-160
-135
-132
-121
-114
-108
-97
-75
-62
-33
-7
23
60
84
122
135
160
151
165
175
165
174
182
164
168
170
159
170
174
161
175
186
169
184
177
180
196
163
174
174
155
160
151
154
151
133
132
130
120
128
133
122
131
130
116
104
112
110
116
90
89
96
73
66
35
15
0
-32
-63
-106
-130
-148
-186
-202
-231
-249
-264
-278
-295
-299
-306
-326
-330
-350
-349
-362
-346
-326
-324
-301
-295
-263
-260
-246
-221
-211
-196
-171
-144
-129
-106
-104
-92
-71
-59
-53
-49
-41
-17
12
28
59
64
69
96
108
127
127
148
151
158
178
172
191
199
198
207
211
219
219
209
192
183
165
145
139
118
119
108
87
71
66
63
67
44
31
29
-6
-3
-20
-46
-32
-60
-64
-63
-88
-101
-116
-140
-148
-160
-165
-176
-190
-199
-209
-207
-200
-201
-200
-210
-182
-169
-181
-170
-195
-199
-187
-175
-167
-164
-152
-134
-103
-94
-81
-47
-32
-26
-21
-25
-24
-13
-10
-2
19
37
57
77
83
102
124
121
149
172
166
172
172
162
159
151
130
135
144
146
160
172
176
189
173
164
174
152
143
124
116
112
111
99
85
100
84
58
47
53
16
27
-24
-26
-60
-79
-100
-110
-101
-117
-109
-150
-119
-149
-147
-166
-184
-163
-194
-195
-193
-187
-195
-189
-178
-179
-169
-178
-158
-149
-143
-144
-127
-97
-101
-78
-80
-51
-36
-24
7
15
47
65
69
80
87
90
92
100
105
117
125
153
152
151
155
155
130
108
111
105
126
147
149
149
176
176
190
176
146
133
125
103
62
63
55
43
36
26
27
39
36
22
31
23
42
41
29
16
1
-6
-38
-57
-67
-74
-79
-85
-89
-107
-116
-120
-119
-124
-107
-114
-120
-108
-130
-129
-150
-149
-141
-153
-156
-157
-142
-132
-115
-130
-125
-120
-116
-106
-88
-71
-61
-31
-7
23
45
51
59
74
73
83
95
102
107
111
107
99
90
95
88
81
71
59
72
72
65
63
71
77
53
52
39
33
49
30
15
5
5
2
-4
-5
-16
-25
-16
-2
8
0
-4
8
-1
-22
-24
-35
-19
-35
-41
-42
-31
-13
-27
-24
-34
-35
-50
-80
-89
-91
-96
-87
-93
-103
-106
-112
-103
-96
-85
-76
-86
-91
-103
-117
-124
-131
-140
-136
-128
-111
-107
-114
-100
-83
-62
-62
-61
-51
-47
-35
-41
-23
-28
-6
14
17
42
53
66
73
79
93
107
123
132
124
130
143
148
153
151
146
155
152
163
164
151
153
153
155
141
144
135
146
147
130
140
122
105
95
65
55
30
1
-11
-13
-21
-24
-22
-23
-48
-65
-98
-122
-140
-155
-171
-187
-197
-218
-214
-205
-190
-190
-193
-177
-185
-188
-193
-195
-184
-165
-164
-160
-144
-149
-129
-112
-85
-80
-78
-41
-25
-9
-2
1
20
38
48
72
91
95
101
105
109
106
99
97
109
109
114
117
136
137
152
159
141
145
119
114
124
107
99
96
101
103
97
80
77
80
64
70
74
78
87
87
84
85
87
87
84
62
50
47
38
28
11
2
2
-3
4
-17
-34
-31
-54
-62
-60
-94
-78
-91
-106
-91
-107
-111
-122
-142
-139
-146
-165
-161
-158
-161
-150
-143
-127
-120
-103
-89
-79
-53
-52
-33
-18
12
33
39
31
52
71
68
94
102
112
130
129
143
158
165
162
169
182
185
179
172
165
155
164
152
161
152
144
130
133
144
138
153
131
121
114
96
89
73
61
45
43
42
42
34
33
28
16
8
-9
-20
-29
-40
-74
-91
-100
-117
-124
-149
-169
-178
-177
-193
-203
-193
-209
-198
-198
-213
-201
-203
-214
-213
-225
-225
-211
-212
-197
-189
-178
-166
-153
-163
-136
-119
-111
-79
-57
-46
-29
-5
9
30
36
45
50
76
66
65
90
93
110
123
128
150
145
150
170
184
198
191
196
214
200
212
202
172
174
169
165
180
165
154
161
149
149
148
156
147
139
132
116
110
107
109
105
100
103
90
70
57
43
35
40
48
25
19
13
-13
-19
-23
-50
-70
-88
-90
-78
-87
-94
-94
-86
-85
-84
-107
-113
-107
-127
-131
-121
-119
-108
-95
-94
-72
-62
-59
-43
-26
-14
4
14
11
28
43
49
75
73
76
86
82
99
109
112
114
106
96
107
132
149
147
158
149
156
166
141
151
142
124
131
114
104
107
99
94
86
78
76
82
65
41
41
45
40
35
10
-5
2
-8
-6
-18
-34
-33
-37
-59
-52
-45
-61
-67
-62
-79
-87
-72
-75
-80
-100
-104
-88
-93
-102
-91
-85
-77
-76
-93
-88
-67
-70
-42
-34
-34
-10
2
15
21
18
29
37
33
26
20
35
24
49
40
33
61
36
39
39
29
28
32
38
35
20
21
19
30
34
35
30
32
44
46
61
62
70
83
93
87
95
115
115
113
113
125
126
127
111
117
112
100
112
101
84
92
92
104
109
95
96
110
89
88
90
81
98
83
79
71
59
47
27
35
9
7
8
-1
12
-7
-34
-41
-57
-73
-76
-95
-86
-94
-113
-119
-121
-134
-141
-153
-140
-134
-133
-119
-120
-116
-121
-125
-131
-112
-106
-119
-107
-104
-115
-111
-101
-115
-93
-95
-91
-66
-70
-61
-73
-97
-86
-90
-96
-90
-95
-101
-94
-87
-96
-94
-97
-108
-95
-95
-84
-63
-59
-56
-35
-35
-33
-37
-42
-43
-45
-46
-45
-32
-32
-33
-18
-5
7
16
-4
7
5
12
29
19
23
28
45
43
32
31
29
36
38
26
25
26
18
18
5
-6
-5
-7
-39
-29
-21
-46
-46
-50
-74
-91
-94
-108
-118
-132
-144
-141
-143
-155
-138
-146
-155
-158
-176
-167
-161
-168
-179
-166
-158
-152
-144
-139
-144
-136
-134
-127
-116
-117
-91
-92
-83
-59
-53
-34
-34
-39
-35
-31
-16
-20
-14
3
3
2
20
8
11
15
14
23
22
25
32
44
36
42
46
43
44
40
41
53
57
77
72
62
74
64
66
74
67
73
79
59
58
65
64
59
65
54
26
23
22
11
5
3
2
-14
-34
-49
-72
-80
-91
-120
-136
-144
-175
-197
-219
-228
-249
-250
-255
-276
-286
-283
-298
-304
-310
-330
-329
-322
-325
-328
-314
-293
-295
-267
-277
-289
-264
-270
-276
-249
-250
-222
-189
-199
-156
-128
-136
-129
-123
-96
-79
-87
-87
-67
-44
-35
-19
2
-4
8
26
26
49
70
66
84
88
80
103
107
99
101
106
107
117
130
127
135
156
141
137
130
106
117
135
128
135
128
99
120
101
87
84
46
37
25
19
-1
-1
-24
-48
-56
-72
-65
-91
-127
-137
-151
-169
-193
-226
-244
-280
-292
-292
-314
-316
-332
-335
-325
-356
-354
-353
-356
-351
-363
-338
-346
-337
-329
-337
-311
-299
-299
-291
-271
-270
-260
-240
-220
-196
-183
-175
-149
-125
-117
-102
-104
-85
-72
-66
-51
-36
-12
-5
6
26
32
54
56
64
77
74
81
91
103
96
88
102
110
112
99
106
122
107
109
127
123
105
112
96
78
81
76
75
68
51
40
42
16
-2
-21
-42
-50
-71
-106
-128
-139
-159
-185
-182
-219
-245
-246
-261
-263
-274
-297
-315
-322
-322
-334
-352
-346
-339
-335
-336
-336
-334
-336
-327
-312
-310
-285
-292
-282
-276
-262
-248
-243
-229
-211
-203
-178
-143
-120
-81
-74
-53
-34
-14
8
27
37
76
88
98
122
150
178
197
209
227
238
240
254
270
284
278
293
292
293
311
303
311
314
304
298
291
289
282
271
246
231
234
210
194
181
169
146
130
110
86
75
46
25
11
-27
-48
-56
-102
-128
-144
-171
-190
-201
-225
-238
-239
-254
-282
-277
-296
-297
-304
-320
-320
-331
-335
-330
-337
-335
-324
-317
-300
-309
-293
-292
-290
-284
-285
-284
-266
-250
-240
-221
-222
-213
-185
-177
-146
-140
-139
-93
-79
-53
-30
-13
2
28
36
55
85
103
105
132
160
181
215
215
223
255
261
294
301
299
326
321
320
330
335
332
331
333
344
324
314
305
310
298
269
256
237
209
197
174
148
129
91
65
35
43
21
-20
-40
-61
-77
-94
-117
-132
-174
-192
-214
-231
-245
-265
-275
-268
-273
-290
-288
-302
-304
-303
-309
-313
-300
-294
-277
-285
-281
-268
-272
-247
-220
-222
-213
-194
-207
-201
-181
-179
-165
-157
-143
-132
-116
-99
-79
-76
-74
-40
-28
-11
-7
-13
14
42
53
80
93
98
100
124
117
119
140
120
125
122
115
111
120
129
132
116
103
92
87
73
52
38
20
16
5
3
-13
-8
-32
-32
-38
-63
-75
-90
-107
-129
-152
-163
-169
-202
-210
-228
-242
-246
-251
-262
-265
-278
-283
-300
-326
-323
-319
-328
-345
-355
-349
-358
-362
-345
-360
-368
-372
-393
-379
-379
-374
-368
-380
-377
-356
-356
-360
-344
-341
-332
-312
-292
-268
-235
-228
-204
-184
-168
-169
-158
-146
-126
-115
-104
-69
-62
-64
-49
-29
-26
-19
-3
14
26
26
31
51
48
52
51
53
61
42
30
39
34
38
38
16
31
38
19
23
22
14
9
-7
-16
-7
-18
-31
-37
-35
-50
-68
-69
-83
-96
-92
-105
-110
-119
-137
-161
-180
-190
-222
-231
-221
-238
-239
-252
-266
-257
-264
-260
-268
-276
-283
-281
-293
-295
-270
-272
-261
-262
-261
-238
-241
-230
-238
-229
-208
-208
-190
-175
-183
-173
-162
-157
-146
-140
-146
-117
-121
-117
-102
-117
-104
-80
-86
-67
-53
-49
-26
-32
-30
-8
0
1
8
19
24
18
45
37
31
28
56
252
397
407
356
210
94
47
98
187
238
220
213
249
215
151
88
-4
8
76
179
281
318
252
176
106
65
85
90
91
78
56
31
29
25
7
-41
-106
-126
-126
-92
-53
-62
-64
-66
-92
-107
-141
-198
-248
-272
-252
-202
-182
-166
-143
-128
-101
-73
-60
-83
-106
-117
-99
-65
-73
-68
-81
-101
-104
-94
-78
-82
-106
-82
-59
-28
10
27
64
65
50
76
86
98
121
119
124
128
147
155
158
155
157
151
155
190
203
205
209
186
187
189
145
130
113
84
77
94
116
126
105
112
102
91
94
99
113
105
110
117
119
121
83
87
78
55
61
62
68
84
60
63
59
31
15
-16
-15
-13
-37
-38
-65
-88
-98
-121
-142
-154
-159
-165
-175
-181
-183
-178
-179
-197
-199
-206
-204
-191
-183
-189
-184
-167
-165
-151
-126
-156
-152
-134
-133
-107
-81
-76
-48
-48
-58
-49
-53
-39
-31
-23
-6
2
14
31
41
54
60
68
84
88
102
119
126
125
109
103
112
102
103
119
124
105
101
103
112
115
100
103
105
101
110
110
106
112
101
92
87
65
54
51
35
8
-1
-10
-13
-19
-24
-14
-22
-27
-19
-18
-7
-5
0
9
-11
-16
-27
-42
-58
-48
-57
-37
-39
-61
-47
-59
-47
-36
-26
-13
-16
-9
-8
-16
2
-2
-34
-44
-50
-52
-48
-66
-49
-60
-62
-38
-32
-18
-19
-19
-12
7
28
15
34
57
56
65
96
96
126
131
140
170
158
154
177
197
192
207
205
206
207
196
200
201
214
214
234
211
196
195
189
195
193
197
218
229
213
213
223
229
226
219
205
182
202
214
211
219
204
201
210
206
200
201
206
214
210
206
197
188
202
198
170
177
168
151
128
123
107
99
91
76
78
56
28
36
16
4
5
-3
13
11
16
28
37
53
47
73
77
72
104
112
111
133
138
147
156
147
162
183
192
198
203
193
204
221
228
232
239
240
248
247
268
280
273
274
278
275
291
279
300
323
323
323
310
318
319
305
306
309
321
312
295
318
300
298
310
307
309
296
274
279
280
261
271
257
251
252
246
243
225
190
186
170
158
147
134
141
141
144
134
124
109
94
107
103
94
100
101
78
65
71
76
69
69
80
78
94
90
105
98
84
87
88
102
112
108
127
136
137
141
121
130
129
139
159
162
184
201
208
221
233
234
245
231
224
239
256
271
278
291
278
259
270
275
275
292
281
289
306
300
297
282
256
231
224
225
209
214
203
191
193
157
145
138
130
123
112
113
112
93
80
73
49
45
39
27
17
19
12
3
5
-17
-23
-22
-36
-33
-39
-39
-39
-39
-43
-39
-57
-69
-87
-85
-64
-59
-60
-58
-38
-32
-21
-9
14
19
11
26
44
68
82
110
127
146
171
174
224
252
255
279
291
314
331
334
339
346
358
372
381
372
374
355
355
331
334
342
326
329
328
310
292
293
274
266
252
222
238
244
215
213
195
176
160
148
143
142
131
101
109
107
95
94
90
80
70
62
72
68
67
52
35
34
26
17
16
0
-7
-10
-23
-25
-37
-51
-69
-67
-63
-72
-81
-64
-52
-55
-44
-39
-32
-32
-41
-46
-24
-12
-12
-21
0
14
31
42
48
41
48
61
82
103
93
99
102
110
106
125
136
141
157
146
142
164
143
133
146
143
141
132
132
124
163
168
171
170
175
178
173
178
169
170
165
140
152
158
128
119
103
107
108
103
104
89
72
55
48
46
52
40
9
-17
-43
-47
-43
-55
-59
-61
-78
-87
-66
-61
-56
-55
-67
-51
-24
-25
-27
-15
-1
7
30
41
45
59
68
91
99
92
98
102
124
137
120
135
133
133
135
119
128
138
139
134
125
122
115
94
110
111
112
119
115
91
90
88
74
76
71
53
54
62
66
73
50
40
56
49
41
35
46
47
43
42
45
36
29
2
14
8
2
4
-8
4
4
-19
-30
-33
-33
-28
-38
-31
-19
-24
-28
-29
-32
-27
-36
-31
-43
-64
-65
-88
-85
-95
-98
-104
-115
-115
-137
-137
-133
-140
-137
-145
-140
-119
-120
-143
-143
-146
-145
-147
-148
-143
-144
-132
-126
-116
-94
-87
-77
-53
-51
-31
-15
-11
7
-7
7
15
33
57
50
46
64
74
72
86
93
87
66
54
42
44
39
41
35
17
24
27
10
19
13
7
23
17
29
29
20
12
23
32
27
46
36
40
55
50
79
89
89
110
115
139
148
149
149
149
134
128
123
123
122
112
115
107
97
83
69
80
75
63
67
46
31
32
13
14
22
18
5
5
21
-1
2
14
-1
8
12
4
12
-3
-10
-8
-22
-20
-31
-30
-41
-44
-51
-68
-70
-83
-77
-89
-90
-108
-105
-92
-94
-85
-81
-90
-96
-99
-100
-80
-80
-66
-46
-48
-27
-7
12
42
46
41
52
63
66
71
86
86
96
109
82
87
90
71
77
77
101
99
94
91
71
79
65
53
57
46
46
44
51
55
51
50
14
15
28
33
47
37
22
22
13
14
7
-10
-6
-25
-33
-37
-75
-101
-105
-117
-132
-132
-152
-158
-181
-231
-214
-212
-218
-217
-238
-222
-223
-233
-219
-197
-200
-216
-199
-191
-190
-183
-155
-148
-136
-113
-108
-77
-78
-82
-58
-52
-29
-12
-2
-4
1
27
64
84
75
88
97
101
122
141
132
120
128
126
140
145
139
145
123
106
108
105
102
108
108
112
105
106
131
140
126
99
101
110
106
126
107
113
127
100
106
93
79
68
51
53
21
20
16
-12
-18
-38
-52
-72
-100
-94
-114
-124
-130
-147
-129
-149
-167
-142
-140
-139
-150
-159
-128
-131
-153
-134
-140
-161
-166
-181
-178
-172
-187
-164
-158
-157
-151
-156
-137
-122
-101
-118
-111
-102
-104
-109
-102
-103
-104
-88
-112
-96
-76
-99
-95
-85
-71
-70
-69
-51
-28
-14
-4
5
23
22
8
0
-2
11
37
39
24
17
14
26
39
50
46
33
22
32
50
34
23
3
5
-5
-32
-10
-13
-29
-33
-49
-37
-56
-75
-71
-70
-71
-90
-110
-107
-100
-111
-91
-83
-92
-99
-92
-67
-62
-67
-70
-80
-95
-79
-66
-61
-72
-82
-64
-61
-57
-51
-55
-71
-45
-8
9
23
21
32
18
3
16
33
30
31
38
46
43
48
51
49
62
46
54
69
54
55
57
54
56
58
67
60
30
50
44
40
35
37
54
35
17
24
2
-9
-19
-14
-1
-18
-25
-35
-50
-73
-66
-63
-69
-96
-109
-92
-76
-96
-85
-93
-109
-82
-84
-74
-72
-91
-94
-89
-82
-58
-46
-47
-56
-51
-34
-33
-48
-41
-34
-41
-61
-44
-19
-25
-23
-42
-48
-47
-67
-56
-49
-75
-85
-103
-119
-100
-100
-107
-103
-127
-113
-79
-84
-82
-73
-81
-81
-73
-56
-48
-49
-73
-66
-51
-60
-64
-57
-58
-35
-33
-43
-29
-33
-51
-59
-46
-45
-38
-27
-29
-44
-41
-61
-68
-72
-78
-68
-67
-60
-56
-68
-62
-75
-87
-79
-79
-84
-63
-80
-84
-66
-85
-58
-40
-52
-40
-57
-54
-39
-34
-53
-38
-41
-50
-48
-63
-60
-71
-68
-49
-32
-39
-37
-24
5
5
-2
15
35
36
57
64
62
66
84
90
79
64
58
67
65
67
64
41
10
2
-10
8
-5
-28
-16
-12
-6
-1
1
-9
-11
-27
-30
-33
-56
-81
-84
-95
-113
-98
-93
-96
-103
-123
-118
-114
-95
-96
-95
-80
-86
-95
-69
-83
-75
-93
-105
-95
-104
-85
-79
-92
-106
-91
-71
-61
-73
-58
-56
-48
-22
-16
-20
-45
-51
-39
-32
-41
-24
-29
-38
-23
-18
-13
-32
-48
-39
-28
-15
-25
-30
-36
-51
-33
2
-5
-7
3
11
29
47
62
51
30
32
37
61
52
32
17
18
12
3
11
-17
-27
-39
-38
-19
-40
-36
-32
-22
-7
-22
-44
-33
-45
-39
-26
-30
-32
-40
-35
-56
-48
-53
-52
-63
-64
-62
-56
-53
-62
-59
-60
-71
-72
-57
-68
-69
-74
-85
-93
-90
-95
-76
-74
-60
-50
-52
-55
-65
-61
-49
-52
-51
-41
-45
-46
-22
-8
-18
-38
-27
-14
6
19
20
7
3
15
31
46
55
40
42
40
39
51
76
67
65
62
86
91
69
67
51
48
40
41
38
43
15
5
4
-19
-41
-45
-49
-45
-51
-59
-60
-69
-76
-71
-54
-49
-61
-71
-86
-97
-98
-105
-116
-138
-153
-142
-135
-132
-108
-113
-130
-129
-129
-117
-110
-123
-117
-119
-98
-89
-81
-72
-94
-98
-85
-84
-64
-74
-73
-46
-48
-26
-31
-22
-41
-30
-25
-28
-24
-39
-31
-26
-23
0
12
9
18
14
34
49
37
44
46
38
40
62
67
55
42
43
58
64
74
69
80
79
72
103
117
114
112
99
106
104
126
121
103
111
112
121
118
96
100
105
98
108
109
115
109
117
134
110
115
100
87
102
87
82
81
60
48
40
39
43
34
31
22
19
17
21
8
-8
-17
-35
-51
-56
-45
-27
-43
-35
-36
-19
1
-14
-24
-6
-10
-5
15
-5
-7
-25
-1
6
13
13
-6
-4
-20
-39
-32
-34
-19
-19
-27
-22
-30
-18
-18
-23
-19
-15
-2
11
22
31
23
22
28
27
36
36
42
35
22
31
33
19
-3
-5
-7
-4
-10
-18
-6
2
-6
2
12
16
11
9
17
12
29
37
37
61
52
55
69
75
81
92
96
86
91
84
70
82
63
74
94
94
95
69
66
62
69
78
60
53
67
56
66
71
73
95
78
85
84
74
94
91
87
71
59
52
53
63
71
73
56
63
58
59
58
51
35
37
52
42
43
31
32
30
32
45
56
70
62
71
74
61
83
85
71
93
79
90
113
113
104
101
102
104
104
97
94
102
100
96
94
94
83
79
81
78
79
57
55
49
33
53
51
45
50
26
25
27
44
52
41
46
38
42
57
42
44
32
22
22
32
39
36
38
41
44
26
31
50
45
44
57
48
69
59
60
76
82
100
113
108
112
112
103
101
99
71
66
63
51
64
71
66
51
48
55
70
81
80
82
65
74
65
80
104
88
91
87
86
87
86
89
92
83
96
99
96
87
80
108
103
107
124
129
129
113
98
124
134
107
113
110
101
114
125
129
101
99
106
85
99
97
83
85
92
116
122
123
119
105
103
105
106
122
108
84
83
72
70
85
86
101
92
80
70
87
70
60
60
64
82
84
109
131
114
107
117
119
138
139
111
124
125
125
149
133
109
99
86
67
92
90
80
78
45
35
30
15
-2
-13
-31
-34
-19
-20
-22
-20
-35
-40
-28
-38
-31
-24
-25
-32
-31
-27
-29
-30
-42
-36
-39
-34
-19
-23
-20
-27
-41
-31
-33
-26
-10
-20
-26
-23
-5
0
13
26
29
39
37
19
18
15
28
33
38
28
34
51
32
49
27
27
38
46
63
62
51
51
55
33
31
46
39
40
32
33
33
46
46
24
30
8
26
35
33
18
-6
-2
-16
9
19
6
3
-1
-22
-32
-40
-53
-42
-39
-54
-55
-34
-41
-48
-63
-58
-29
-21
-25
-38
-42
-46
-33
4
18
6
8
17
23
4
4
-4
-5
4
0
6
14
12
4
7
-7
-5
3
5
5
14
40
37
48
59
61
59
43
44
55
54
48
62
63
32
28
28
31
29
23
9
3
-7
-10
4
-9
-15
-9
-5
2
2
-25
-48
-59
-59
-55
-44
-43
-35
-21
-35
-38
-24
-30
-37
-46
-53
-27
-22
-21
-34
-34
-47
-64
-53
-44
-48
-43
-39
-30
-20
-36
-34
-33
-40
-48
-48
-39
-69
-74
-68
-73
-90
-90
-82
-80
-71
-69
-54
-69
-70
-101
-137
-75
-67
-64
-92
-109
-81
-98
-55
-108
-98
-144
-145
-110
-118
-19
-20
-9
-72
-76
-2
22
-3
-87
-100
-39
11
30
8
9
12
-24
-43
-67
-37
-12
-44
-63
-60
-41
-29
-40
-69
-99
-104
-98
-90
-60
-69
-40
-52
-84
-70
-100
-100
-101
-100
-95
-79
-66
-68
-54
-85
-97
-64
-65
-82
-79
-66
-54
-23
-33
-41
-26
-28
-17
-15
-10
4
26
26
21
17
-1
-15
-16
-14
8
19
24
12
-5
-10
-7
6
-2
-24
-1
-11
-26
-12
-33
-32
-25
-46
-52
-39
-54
-32
-20
-28
-38
-36
-48
-52
-60
-72
-67
-79
-67
-62
-71
-70
-73
-86
-80
-79
-70
-54
-58
-71
-68
-74
-86
-96
-98
-96
-86
-76
-70
-85
-92
-92
-92
-77
-82
-90
-106
-110
-104
-111
-96
-111
-91
-93
-92
-78
-73
-72
-71
-76
-78
-78
-86
-85
-64
-86
-76
-72
-71
-67
-96
-68
-70
-85
-80
-68
-48
-36
-41
-71
-55
-58
-47
-25
-27
-12
-4
-21
-21
-4
-19
-15
-24
-43
-48
-46
-47
-44
-59
-60
-62
-65
-73
-74
-74
-74
-101
-121
-105
-85
-76
-92
-90
-95
-112
-111
-99
-99
-94
-99
-81
-80
-83
-78
-70
-72
-85
-89
-87
-82
-75
-70
-73
-83
-88
-104
-99
-102
-122
-138
-134
-112
-86
-73
-90
-89
-91
-91
-84
-71
-61
-60
-41
-43
-30
-2
-8
-2
-19
-19
