87
88
92
114
105
93
76
79
75
83
84
95
93
92
87
94
100
96
106
115
118
118
122
123
126
117
124
131
137
132
132
144
141
142
132
129
124
131
138
132
148
150
141
151
136
140
129
114
126
120
108
91
105
103
100
97
100
101
106
96
83
78
58
53
26
25
39
35
42
39
46
74
60
66
71
68
79
74
69
55
53
43
28
44
30
16
27
8
26
27
11
24
31
28
24
25
37
32
37
42
50
62
44
38
43
37
46
48
42
58
71
83
92
103
97
91
102
98
95
85
83
89
81
78
84
59
60
52
36
44
48
50
50
46
38
44
38
29
22
30
29
29
41
43
46
52
44
38
44
47
58
81
78
90
99
77
86
80
78
93
97
110
102
109
106
107
107
91
94
103
98
93
90
103
97
92
94
93
77
70
66
75
85
77
91
80
57
50
58
64
58
67
57
44
44
23
36
40
34
24
13
8
13
20
-4
1
-9
-6
1
1
8
4
-8
-4
-14
-12
-9
-1
5
-1
22
5
9
-9
-14
-2
-8
-7
-2
8
6
16
19
33
34
37
35
42
42
27
26
19
19
15
14
9
22
1
-5
0
-2
5
3
14
-1
-6
-14
-25
-16
-18
-21
-13
-13
-4
-13
-28
-17
-19
-17
-31
-48
-40
-37
-41
-32
-19
-11
-17
-9
4
-11
2
10
19
40
28
44
37
35
44
41
39
33
31
28
39
41
44
39
50
55
47
58
59
71
67
79
81
87
97
104
115
125
113
103
120
122
122
129
107
105
80
59
67
64
79
85
86
87
94
102
109
124
126
116
122
106
99
90
83
80
61
58
66
84
84
78
75
75
75
84
92
89
95
87
87
82
79
75
65
55
38
38
8
12
18
7
18
21
19
12
17
-2
14
19
-4
20
9
0
-6
-12
-16
-15
-20
-8
7
-7
3
28
16
13
23
5
13
-8
-19
-11
-26
-41
-62
-63
-67
-78
-75
-69
-72
-72
-71
-64
-67
-84
-78
-87
-95
-75
-85
-81
-76
-90
-88
-70
-65
-58
-64
-66
-53
-53
-54
-58
-64
-58
-53
-57
-56
-76
-67
-72
-78
-79
-70
-50
-44
-51
-58
-57
-52
-41
-42
-31
-30
-34
-19
2
18
13
12
17
35
65
56
44
54
50
50
54
59
57
41
44
48
48
53
38
45
39
34
49
47
44
57
48
37
32
33
22
22
27
27
29
36
35
41
33
28
26
19
18
13
8
11
3
-17
-29
-15
-10
-37
-21
-23
-49
-49
-52
-57
-64
-74
-79
-71
-79
-86
-80
-97
-107
-111
-110
-103
-94
-82
-89
-69
-54
-59
-45
-41
-49
-32
-36
-37
-31
-48
-37
-34
-40
-27
-18
-30
-39
-44
-42
-45
-42
-34
-31
-22
-45
-36
-30
-56
-61
-58
-62
-56
-47
-40
-27
-28
-34
-18
-11
-10
-16
-7
0
5
13
5
11
10
5
13
13
10
4
7
-5
-9
-15
-8
-28
-11
-3
-19
-7
-17
-32
-32
-59
-67
-44
-47
-51
-33
-39
-54
-35
-32
-10
-16
2
77
61
29
18
30
19
-17
-38
-21
-7
48
73
39
-6
17
56
18
-32
-28
41
52
1
6
50
72
76
62
18
29
82
114
68
-1
24
72
67
18
-8
10
15
20
10
-7
3
22
26
-4
-16
3
30
2
-21
-8
-8
11
8
-3
-7
-18
-7
-2
-37
-53
-50
-48
-55
-79
-71
-58
-58
-60
-60
-70
-61
-59
-53
-67
-53
-33
-48
-44
-51
-51
-46
-43
-54
-49
-57
-58
-45
-50
-60
-60
-41
-58
-64
-68
-63
-47
-60
-71
-61
-76
-83
-55
-68
-79
-72
-78
-81
-84
-91
-88
-76
-75
-81
-86
-71
-64
-84
-83
-90
-82
-85
-84
-76
-64
-63
-37
-41
-30
-21
-26
-21
-23
-31
-35
-33
-52
-60
-66
-66
-60
-52
-50
-56
-65
-66
-77
-86
-78
-96
-99
-98
-99
-87
-95
-88
-89
-90
-80
-69
-69
-73
-54
-41
-53
-54
-53
-62
-55
-49
-49
-52
-47
-47
-57
-49
-47
-43
-37
-63
-72
-76
-77
-87
-96
-103
-107
-111
-99
-83
-81
-78
-96
-109
-116
-115
-117
-107
-104
-116
-124
-120
-126
-117
-104
-120
-110
-116
-112
-81
-79
-80
-69
-66
-58
-39
-50
-42
-30
-24
-8
-23
-26
-26
-12
8
-2
-9
-14
-34
-31
-35
-33
-11
-13
-4
12
9
12
19
5
-19
-14
-27
-30
-26
-36
-45
-43
-47
-52
-43
-27
-15
-18
-7
-11
3
3
-1
6
-17
-39
-55
-64
-67
-55
-67
-59
-54
-50
-36
-44
-48
-45
-42
-35
-26
-9
1
-4
7
6
9
19
8
7
11
-3
14
22
21
38
27
21
-2
12
14
19
28
11
5
17
6
5
0
-27
-27
-33
-41
-42
-45
-69
-84
-78
-90
-80
-84
-95
-83
-94
-114
-107
-114
-96
-94
-88
-67
-78
-84
-73
-69
-62
-42
-32
-37
-25
-23
-17
-23
-20
-23
-21
-27
-33
-34
-41
-39
-57
-54
-46
-35
-58
-49
-43
-53
-47
-47
-47
-44
-29
-42
-33
-33
-30
-37
-40
-48
-62
-66
-76
-74
-75
-81
-80
-80
-89
-77
-71
-68
-53
-46
-32
-25
-16
-32
-21
-32
-53
-32
-28
-29
-22
-17
4
18
24
37
48
65
68
65
60
55
53
37
41
43
47
63
29
35
20
22
30
28
23
29
28
28
32
17
7
2
3
0
-18
-41
-59
-63
-84
-85
-94
-82
-75
-83
-91
-98
-92
-95
-105
-107
-120
-140
-132
-142
-142
-146
-151
-145
-127
-131
-135
-121
-120
-107
-107
-120
-130
-132
-121
-130
-124
-121
-128
-112
-116
-120
-106
-92
-110
-114
-96
-106
-82
-84
-80
-62
-69
-69
-69
-59
-67
-64
-79
-99
-105
-108
-111
-114
-125
-141
-118
-103
-103
-87
-91
-70
-59
-63
-63
-70
-68
-92
-71
-59
-68
-69
-66
-59
-47
-44
-44
-37
-54
-58
-49
-46
-35
-37
-52
-45
-51
-48
-42
-32
-37
-41
-15
7
15
10
27
42
35
45
49
63
61
43
39
37
25
-2
5
14
12
8
7
26
23
12
11
11
-2
-13
-13
-28
-21
-43
-43
-45
-63
-59
-51
-36
-30
-26
-24
-1
-3
-12
-1
-12
-11
-1
-6
9
19
17
36
25
9
28
8
5
12
2
-15
-7
-18
-27
-13
-5
-19
-20
9
-2
-6
5
-17
-12
-11
-45
-28
-25
-34
-19
-25
-31
-22
-34
-35
-24
-26
-25
-35
-32
-26
-28
-28
-40
-26
-27
-25
-40
-54
-67
-73
-71
-48
-44
-52
-41
-45
-30
-18
-18
-14
-16
-29
-26
-23
-41
-36
-29
-26
-12
-4
4
14
21
25
26
29
22
21
11
5
-5
-3
6
1
-9
-14
-9
-26
-21
-30
-37
-27
-22
-15
-12
-13
7
12
20
18
1
5
4
25
22
34
35
37
41
51
56
46
50
41
37
41
37
44
31
19
17
25
29
38
42
23
28
38
36
48
53
54
77
66
59
70
65
65
44
48
61
56
66
69
48
39
27
27
27
23
25
17
14
14
4
-1
-7
-14
0
-12
-10
-4
-31
-37
-25
-38
-42
-36
-46
-27
-20
-29
-14
-13
6
-6
-3
-9
-22
-24
-22
-12
-17
-27
-31
-28
-30
-29
-24
-9
-21
-7
-19
-24
2
-18
-8
-7
-16
-14
-29
-43
-34
-51
-64
-62
-60
-47
-42
-27
-26
-16
-17
-25
-17
-22
-17
-18
-30
-38
-49
-54
-41
-40
-28
-21
-35
-32
-7
-5
3
4
0
5
2
10
11
30
18
7
32
17
30
51
47
50
33
41
45
38
39
43
53
49
36
39
47
39
49
45
58
67
49
47
45
64
46
34
48
21
32
31
28
47
42
27
33
36
35
45
34
30
19
9
13
26
29
25
57
61
65
70
71
102
107
100
94
96
77
80
75
85
78
80
87
77
85
62
59
73
82
103
111
124
128
124
113
109
90
79
57
56
50
34
28
20
38
28
33
32
43
60
41
32
37
29
26
14
-20
-22
-16
-11
-3
-9
-10
-6
-3
-4
7
11
0
21
19
10
26
25
43
36
37
52
55
55
59
55
65
87
88
98
114
105
108
109
116
108
119
115
96
109
98
95
76
46
39
27
32
54
68
75
67
74
77
63
64
47
49
56
57
43
43
27
4
-8
-12
-15
-6
-7
-18
-10
0
16
29
21
31
41
36
55
53
53
57
47
56
64
63
62
73
74
72
83
79
79
100
76
72
84
62
76
83
80
83
86
74
81
90
74
85
75
71
77
66
57
50
39
18
29
19
25
19
15
17
9
27
25
34
29
36
45
38
45
47
36
39
54
52
72
67
75
76
67
69
54
49
41
33
46
27
30
37
38
55
54
42
37
37
24
1
1
0
-6
-1
-22
-13
-4
-22
-11
-20
-27
-14
-43
-44
-60
-71
-77
-80
-64
-81
-80
-84
-92
-94
-85
-78
-79
-69
-78
-69
-73
-76
-73
-92
-95
-90
-89
-99
-95
-69
-73
-62
-38
-15
-5
-9
-2
5
11
9
28
36
27
37
48
61
63
64
75
82
94
83
83
83
66
73
54
65
60
55
81
77
72
81
88
81
78
68
66
78
59
51
64
52
42
51
49
46
56
39
46
49
38
50
45
29
32
23
30
47
46
44
55
57
56
72
86
87
78
80
79
89
87
85
96
93
75
56
56
54
58
72
74
71
70
72
73
84
53
39
40
35
27
12
6
-8
-46
-43
-38
-43
-29
-32
-29
-23
-43
-38
-48
-47
-48
-67
-66
-59
-56
-57
-58
-63
-63
-58
-70
-63
-61
-65
-58
-60
-55
-42
-58
-45
-34
-37
-35
-53
-57
-68
-78
-63
-53
-52
-46
-41
-25
-29
-28
-17
-24
-7
12
-11
19
18
21
56
43
37
50
42
42
48
35
58
52
52
49
42
55
45
43
44
31
19
19
29
32
25
10
13
22
31
44
49
51
55
59
76
79
65
62
65
78
82
70
68
65
73
74
64
52
37
40
28
21
22
34
34
28
22
24
43
24
21
31
21
29
12
3
-2
-2
-18
1
13
6
21
9
3
7
14
2
14
12
14
21
16
19
5
13
9
-7
5
1
-13
-21
-22
-22
-5
-17
-17
-9
-20
-28
-35
-27
-44
-51
-30
-33
-29
-13
-17
-10
-4
-10
-2
2
-12
-20
-16
-18
-19
-28
-20
-29
-44
-52
-67
-71
-84
-101
-106
-111
-131
-126
-118
-121
-125
-136
-124
-116
-127
-119
-116
-104
-101
-109
-104
-107
-114
-114
-106
-94
-104
-113
-111
-106
-106
-97
-88
-81
-82
-63
-52
-57
-46
-56
-46
-41
-57
-56
-53
-74
-77
-56
-45
-37
-25
-11
1
5
4
15
19
20
23
14
16
1
-1
10
0
4
8
4
4
0
-11
1
-11
-17
-7
-15
21
20
12
14
13
-2
-8
-7
-11
-10
-17
-16
-15
-16
-6
16
-1
0
11
7
7
-2
-8
-15
-24
-37
-34
-31
-42
-40
-40
-36
-39
-43
-33
-18
-36
-42
-40
-51
-45
-66
-73
-63
-77
-96
-84
-87
-87
-98
-95
-78
-78
-64
-56
-39
-38
-46
-51
-51
-43
-61
-74
-86
-89
-94
-91
-98
-106
-99
-118
-95
-101
-110
-97
-105
-94
-78
-77
-61
-59
-69
-58
-73
-73
-82
-80
-78
-81
-74
-73
-74
-54
-70
-68
-58
-74
-76
-85
-105
-105
-116
-120
-107
-117
-112
-108
-115
-94
-78
-87
-67
-55
-51
-37
-43
-37
-26
-30
-35
-41
-42
-61
-58
-66
-69
-84
-92
-98
-108
-69
-85
-86
-64
-62
-67
-79
-66
-65
-71
-67
-63
-63
-67
-68
-79
-75
-65
-68
-60
-49
-40
-41
-49
-45
-51
-32
-38
-35
-46
-54
-47
-53
-61
-81
-76
-102
-94
-94
-87
-84
-88
-76
-78
-71
-82
-90
-95
-103
-101
-91
-102
-114
-116
-111
-109
-106
-106
-105
-106
-94
-109
-101
-105
-122
-121
-116
-113
-104
-95
-78
-93
-107
-96
-101
-108
-104
-96
-89
-88
-87
-92
-96
-98
-113
-105
-99
-94
-100
-110
-119
-120
-114
-106
-84
-98
-113
-120
-117
-129
-134
-126
-121
-136
-144
-143
-150
-145
-140
-138
-137
-133
-134
-120
-123
-124
-130
-137
-116
-117
-106
-95
-90
-106
-100
-93
-84
-87
-88
-94
-99
-94
-103
-85
-82
-88
-96
-87
-93
-79
-82
-81
-75
-89
-78
-85
-101
-96
-97
-92
-75
-72
-73
-66
-66
-50
-54
-63
-48
-31
-22
-25
-22
-25
-36
-34
-26
-33
-23
-28
-25
-34
-47
-41
-38
-48
-58
-53
-57
-50
-47
-54
-46
-50
-61
-49
-55
-56
-50
-69
-53
-50
-42
-54
-71
-72
-83
-99
-77
-73
-61
-55
-67
-43
-37
-34
-57
-64
-70
-86
-81
-82
-73
-67
-74
-65
-69
-74
-75
-83
-70
-82
-81
-80
-88
-85
-91
-102
-88
-86
-92
-86
-77
-66
-58
-52
-45
-40
-32
-23
-29
-28
-28
-40
-46
-50
-41
-38
-40
-40
-33
-34
-41
-38
-42
-39
-37
-50
-56
-58
-66
-52
-42
-29
-41
-57
-42
-41
-30
-28
-28
-10
-28
-56
-57
-66
-58
-59
-70
-67
-70
-86
-90
-88
-79
-78
-92
-81
-81
-84
-92
-82
-85
-117
-123
-122
-138
-156
-171
-160
-163
-160
-157
-160
-158
-168
-143
-135
-125
-116
-120
-112
-122
-108
-104
-109
-116
-109
-107
-96
-94
-105
-87
-82
-87
-74
-70
-59
-43
-58
-46
-38
-51
-58
-59
-70
-69
-68
-59
-62
-48
-46
-67
-53
-60
-49
-35
-41
-34
-26
-17
-18
-7
1
0
13
2
2
18
-3
-2
-5
0
2
-4
5
-11
-18
-15
-15
-22
-39
-43
-20
-30
-28
-30
-32
-24
-32
-25
-18
-18
-10
-6
3
2
-14
-28
-23
-13
-40
-58
-37
-37
-43
-38
-22
-24
-23
-17
-17
-2
-14
-32
-12
-5
-30
-9
-17
-25
-26
-37
-35
-17
-25
-17
-9
-6
-17
-20
-17
-14
-20
-28
-25
-23
-22
-32
-33
-24
-24
-30
-36
-42
-51
-52
-46
-54
-56
-40
-49
-40
-38
-60
-61
-62
-64
-65
-68
-79
-74
-50
-60
-49
-41
-49
-44
-42
-33
-27
-26
-26
-12
-13
-24
-3
-8
-6
-3
-11
6
13
5
1
20
6
3
11
1
-1
-7
-14
-6
-24
-31
-42
-14
-14
-11
19
9
33
32
28
40
47
38
43
52
43
33
34
49
36
55
54
52
84
81
100
99
86
75
76
65
55
64
37
30
39
31
37
34
39
55
59
61
76
89
93
91
77
73
63
58
48
30
38
46
48
53
47
37
24
30
31
30
27
28
15
17
8
8
-6
-21
-20
-17
-17
-21
-9
-1
5
16
17
25
27
27
40
42
44
49
63
60
68
73
88
94
93
86
82
78
65
58
66
62
53
52
52
55
35
31
31
31
17
19
32
25
12
-7
-20
-21
-15
-21
2
6
13
9
11
7
2
11
21
23
37
32
31
39
16
7
18
15
24
28
23
34
14
20
23
4
-2
-6
-6
-1
-3
-10
7
8
17
31
47
54
65
85
56
63
74
62
71
82
80
94
99
94
99
109
112
99
108
91
79
71
64
71
78
82
107
96
84
89
72
62
65
46
28
27
10
9
20
14
-1
3
16
31
34
33
43
49
42
45
51
34
34
32
10
6
9
17
13
34
26
29
47
48
51
65
69
65
64
66
63
54
42
36
34
21
14
31
35
28
21
30
73
55
54
68
53
53
46
40
55
43
33
30
11
14
-18
-8
8
6
25
31
14
30
35
34
47
60
57
67
79
61
64
60
50
46
50
35
64
69
75
92
91
101
102
97
85
81
57
51
54
39
55
60
45
40
32
32
34
11
3
13
-1
9
6
-16
-3
-5
-8
-7
6
-17
-22
-31
-41
-39
-44
-31
-42
-21
1
-11
-8
-13
-3
-3
3
9
19
41
57
58
47
28
32
63
47
58
40
35
51
28
30
48
52
43
34
47
40
25
41
52
89
78
66
60
46
46
35
47
33
24
27
45
55
26
33
61
55
56
52
35
33
39
46
69
69
101
105
99
106
86
86
90
84
77
92
90
80
78
41
34
36
27
37
41
39
36
54
30
-8
-23
-26
2
-2
-9
3
1
0
11
3
-21
-37
-51
-62
-39
-35
-58
-64
-50
-44
-67
-64
-61
-30
-30
-20
-11
1
10
14
13
-15
-13
4
10
48
36
33
39
45
42
48
25
31
43
48
43
48
61
35
36
35
37
26
34
23
33
16
-10
-28
-37
-31
-53
-29
-21
-29
-41
-29
-53
-82
-82
-105
-94
-91
-68
-42
-27
-30
-29
-21
-43
-54
-66
-59
-36
-36
-25
-11
-13
-42
-58
-68
-65
-82
-71
-61
-37
-39
-35
-38
-59
-51
-75
-63
-49
-65
-43
-29
-31
-9
-36
-17
-6
-21
-38
-40
3
1
-5
7
-6
-10
5
-8
-39
-71
-82
-65
-52
-18
-12
-6
-20
-23
-64
-94
-117
-99
-46
-13
11
-9
-3
-27
-34
-19
-1
32
30
17
44
34
18
3
39
64
78
50
-39
-18
-56
-91
-46
2
14
33
31
55
29
-8
11
-29
-13
0
-1
23
32
28
26
50
-5
8
-20
-9
-3
-14
23
37
8
36
-12
-19
-33
-47
-18
-91
-99
-91
-64
-64
-59
-74
-68
-88
-82
-74
-65
-52
-39
-12
-55
-78
-84
-88
-66
-108
-114
-67
-57
-24
-28
-17
-10
-20
-36
-35
-43
-48
-21
-1
25
1
-1
-21
-11
-46
-37
-3
18
47
23
-7
-30
-25
-20
-21
-6
-21
-23
-7
-31
11
-13
24
22
24
44
-34
-29
-31
-84
-47
44
17
55
6
33
-9
-32
-27
-22
6
13
20
-4
42
-39
-33
-47
7
-41
-16
-3
-42
-24
-28
-11
-39
-48
-51
-30
-36
-40
-44
-33
-61
-31
-33
-42
-31
-5
1
14
-42
-10
-20
-66
-60
-103
-59
-84
-62
-83
-77
-106
-58
-85
-70
-65
-81
-29
-92
-60
-113
-23
-21
39
-38
-106
-93
-78
-71
-75
-92
-67
29
6
-65
-46
-108
-82
-11
-107
-46
-162
-90
-89
-95
-45
-49
-36
-4
-34
-78
-133
-128
-81
-50
0
5
-45
-41
-57
-47
-76
-87
-70
-87
-12
-67
-86
-57
-94
-65
-36
-148
-31
-167
-167
-105
-129
-4
-96
-96
-85
-123
-212
-110
-168
-143
-198
-142
-122
-136
-116
-166
-76
-119
-36
-82
-167
-126
-55
-85
24
-128
-157
-141
7
-47
-97
-114
-83
-29
-85
-51
-154
-109
-40
-18
-18
-146
-93
-70
-32
-13
-29
-44
-72
22
-75
0
-26
14
-24
36
49
21
66
69
82
82
49
72
8
47
19
-35
-33
42
85
6
33
-10
-25
-69
-44
-118
-138
-99
-85
-64
-84
-148
-150
-226
-173
-103
-138
-112
-99
-105
-96
-136
-124
-252
-111
-210
-146
-124
-84
-90
-96
-93
-187
-137
-250
-79
-220
-77
-94
-63
-147
-167
-241
-255
-126
-209
-37
-126
-124
-123
-266
-207
-169
-252
-139
-130
-181
-146
-244
-238
-235
-308
-62
-159
-191
-218
-250
-289
-279
-242
-165
-198
-198
-61
-315
-163
-323
-217
-364
-202
-252
-74
-239
-232
-349
-363
-213
-292
-224
-245
-157
-280
-222
-340
-320
-357
-255
-213
-176
-268
-149
-309
-297
-295
-320
-148
-186
-194
-121
-200
-229
-214
-98
-204
-108
-120
-305
-273
-201
-84
-178
-133
-172
-174
-115
-198
-183
-253
-185
-150
-83
-65
-118
-147
-226
-113
-336
-196
-288
-86
-246
-25
-224
-67
-186
-88
-127
-221
-181
-145
16
-136
-70
-333
-102
-280
-129
-224
-275
-208
-21
-106
-57
-171
-161
-131
-214
-177
-279
41
-118
34
-89
-28
-160
-113
-317
-106
-272
-63
-84
-155
-64
-169
-113
-122
-168
-194
-140
-251
-126
-249
-66
-216
-178
-279
-101
-144
-146
-173
-265
-243
-240
-109
-104
-104
-216
-16
-254
-245
-103
-171
-86
-149
-79
-64
-27
-127
54
-42
-137
25
-297
-36
-199
-84
-143
3
88
-50
-164
-316
-211
-186
-42
101
-31
1
-14
-284
-121
-214
-48
10
-12
-71
-147
-184
-57
-251
-280
-47
-256
-62
-201
-219
-131
-203
-68
-75
-261
-135
-225
-189
-153
-127
-139
-36
92
-143
-97
-90
-76
-168
8
-78
-113
-73
-26
119
-318
40
-242
-103
74
-80
145
-103
8
-278
-159
-216
49
-302
-30
-109
-135
93
-131
117
-45
-47
-84
-71
-157
-4
-137
7
28
-85
158
-6
-71
-282
-161
-82
89
1
187
-104
80
-11
2
-8
-227
30
-211
2
7
76
-144
117
-158
53
22
-43
-18
-86
44
104
52
193
-48
86
69
21
-25
30
39
10
222
-53
116
51
151
117
-64
83
-88
-18
149
99
-95
20
41
29
-18
-31
17
-159
24
192
-70
43
-27
35
20
-66
17
-100
35
40
-168
3
148
-18
117
58
39
86
-2
86
-144
-123
1
58
119
126
-72
183
-96
67
-251
-66
-237
-12
-182
172
8
119
47
97
66
23
-186
-157
5
-237
118
-97
140
-17
13
-49
11
-306
64
-193
151
-181
393
-197
79
-109
-107
47
-252
126
-263
234
-222
415
-298
126
-23
-137
278
-260
340
-217
162
239
-48
139
11
-16
48
-139
-43
-4
-7
268
215
84
-7
173
137
147
-221
208
-156
160
202
-21
393
-188
156
29
2
-21
-15
60
179
50
65
16
10
105
71
-163
202
-153
309
62
85
-148
-157
268
-18
162
54
-26
337
113
272
211
71
163
132
128
133
87
125
242
196
-16
102
95
320
11
53
30
176
237
162
37
54
186
201
182
7
8
20
167
387
-5
471
128
279
-115
88
-145
369
220
94
383
-200
109
156
14
-109
186
-28
602
-224
239
-146
-31
282
112
247
-97
431
-174
484
-187
438
32
557
202
260
141
188
424
-143
346
35
343
148
534
436
459
-128
112
150
-55
144
286
310
372
363
445
53
49
24
264
321
140
662
-132
420
89
344
-162
335
142
218
272
152
190
362
138
419
-120
63
247
-136
1
331
146
434
399
193
557
-541
585
5
394
-265
538
240
423
79
126
583
-185
404
234
414
149
433
159
513
-70
302
43
230
204
194
396
125
325
75
305
-13
489
45
549
176
197
246
151
134
347
19
345
222
225
380
-20
196
165
2
153
237
-103
495
45
181
279
48
-62
-53
2
195
67
84
358
132
15
46
-115
-294
400
52
345
-13
143
49
217
-107
-161
-158
96
495
-52
415
-108
213
-12
493
12
56
313
4
227
200
96
-10
43
238
90
278
271
254
136
50
496
-242
247
-120
212
237
154
226
334
-172
349
232
8
160
-185
253
235
77
263
379
46
561
0
235
11
75
370
355
254
104
312
143
454
48
367
-6
148
421
203
476
-91
413
229
491
-17
73
168
113
245
23
366
89
380
131
417
67
-176
520
-29
312
-140
189
642
48
71
105
300
-144
51
601
-134
234
-151
254
-289
284
193
210
45
455
116
-14
263
-389
477
-254
686
-26
296
259
48
200
-64
-18
-33
238
10
209
236
126
365
110
14
-35
96
-28
-36
69
30
154
301
204
60
-204
349
-25
-88
-128
-458
623
-229
503
-141
23
-80
-32
170
-78
231
-88
489
-249
115
-160
-15
49
281
200
368
189
-59
8
27
231
13
208
387
279
226
-31
-49
217
283
376
-133
423
-491
445
-16
371
5
-127
508
92
341
250
286
-112
95
-84
489
76
161
118
89
431
159
-65
186
-94
418
332
399
295
-49
195
87
-279
109
183
141
379
-171
401
226
111
384
178
60
164
108
-10
258
-372
545
67
486
4
246
93
-292
161
-76
389
-589
262
499
164
-105
218
329
9
374
-402
109
-395
393
-497
-108
-556
144
-46
125
318
-228
389
167
60
-151
-403
234
521
-13
380
-86
241
-13
44
-134
320
-224
355
352
130
30
146
65
224
47
-44
138
-310
260
-111
274
-159
133
78
210
-164
-66
-344
145
-135
392
89
-12
23
-108
4
250
-320
25
-185
84
166
-36
39
14
-477
364
97
21
219
-287
214
24
278
-19
239
-35
383
65
20
127
170
-87
197
4
199
13
82
356
-139
44
-369
606
-350
172
500
-243
307
-34
-61
202
-325
285
69
-406
295
123
-159
468
-161
-473
464
-133
489
-334
216
146
107
346
67
-22
-265
305
250
93
-48
337
-293
317
-184
40
202
-85
223
-27
190
55
108
90
192
259
-12
326
-172
172
-3
305
-222
215
80
79
279
-86
58
250
-22
229
-172
-269
459
-245
235
194
260
-139
-13
-354
385
-326
156
265
-339
195
7
-316
-115
-233
30
311
48
117
-488
-265
200
-128
11
64
-117
9
158
-223
297
54
129
26
-126
235
-223
290
132
-52
169
370
178
-90
-161
-67
36
211
218
-53
-199
281
25
135
-179
193
-40
108
80
-108
123
55
159
142
-90
175
-156
323
-124
101
-129
83
185
126
121
186
-25
41
270
-105
152
100
-205
138
71
109
188
-102
19
193
-58
321
-158
-132
202
10
332
-213
42
119
31
127
16
-393
462
-225
292
118
-126
-54
50
-183
15
34
-75
342
-165
169
88
85
-217
404
-218
120
1
-96
5
246
-233
422
-270
395
-191
-53
153
-63
43
224
342
-189
16
-3
-84
-181
279
94
40
370
-163
48
-60
-236
420
-290
217
54
-201
196
-308
105
212
-285
198
4
-152
341
-31
98
63
-402
374
-186
-398
241
-406
210
121
-36
-58
123
-376
113
-230
-139
439
-266
232
-224
-61
249
-26
-172
322
-363
-8
110
-259
89
-204
203
-112
47
-107
144
-293
-20
23
-309
219
-179
-16
-34
114
70
41
-152
-143
62
131
-133
30
-35
106
-37
186
158
-203
161
113
-324
-252
-114
21
114
-228
118
61
-293
15
-267
-253
237
-77
276
-290
-69
-57
9
-136
24
1
40
-87
60
-373
-34
-146
-1
-149
146
-51
-123
215
-343
286
-458
-87
536
-664
531
-199
5
332
-128
184
39
-54
-18
317
-508
626
-355
193
341
-139
227
161
58
-50
89
-117
178
299
12
-238
-25
50
198
48
-128
-7
-255
204
304
-241
237
-303
139
-60
-14
83
-188
6
15
-139
-82
-99
139
-136
202
-335
102
14
-101
475
-372
241
-292
379
150
-233
239
-280
55
7
178
-309
-130
52
-128
391
-100
293
-513
-68
237
-423
402
-174
460
-244
436
-187
50
-391
-51
163
-259
159
146
-130
-8
-179
-117
233
-431
338
-206
167
-246
257
-375
218
-397
439
-744
186
295
-17
43
-271
72
8
375
-451
573
-779
208
-43
-240
-278
-127
-495
512
-235
133
-253
-322
63
-155
-31
112
-157
-27
94
-191
92
-459
150
290
228
-285
-380
-313
-44
-11
41
-302
4
-202
180
-26
-478
-172
-547
205
145
-85
-197
204
-402
274
131
-139
183
-287
509
-103
18
39
-12
-182
185
101
-59
-40
-177
6
-259
-70
-92
184
-680
123
-1
-119
-19
-72
234
138
263
257
-180
-152
136
37
-141
109
158
-23
63
148
-146
-71
94
-124
91
-362
171
-328
-11
123
214
-160
163
219
-56
145
-387
197
-399
258
-40
260
-104
-95
52
174
-177
-439
184
-391
136
-420
-206
72
-426
-85
-181
-27
-203
-254
132
-143
100
265
-453
481
-88
136
88
-181
-89
-62
-67
83
79
-398
236
-357
361
-381
-22
-149
-277
-8
-238
249
-347
400
-162
9
558
-626
369
-479
-254
566
-452
409
0
-107
-69
98
-533
302
-459
-361
486
-705
246
-170
-23
-63
188
-632
243
-433
595
-54
-206
527
-251
685
-164
163
-539
101
-114
540
-331
161
-412
113
58
79
-128
-191
-106
166
115
-435
177
-334
155
177
525
-346
-233
157
354
-429
163
-435
534
-305
365
327
-390
-180
116
81
-360
109
-865
506
-481
586
-190
-16
22
-289
111
-31
22
-92
-37
373
69
-203
237
202
-124
77
-189
191
181
-504
436
-641
29
145
118
-7
394
-592
465
-389
-86
153
-39
487
106
-186
302
294
-393
-65
39
-133
449
-33
313
-9
-376
199
-443
-89
29
-186
-240
111
-411
265
65
-21
-78
-522
102
497
8
-57
461
-261
-115
311
-112
-100
-82
207
468
-23
-23
304
-306
-15
120
86
170
-76
-38
18
-119
-42
-289
387
-231
145
18
-152
404
-307
3
41
-200
-20
266
-192
220
-337
-418
276
-335
-63
-170
-299
-109
-203
-151
42
-367
34
-62
66
6
263
-443
526
-82
-156
185
-278
512
-345
-64
110
-25
159
356
-728
265
-299
119
494
-243
74
-210
-200
311
-179
-47
126
-238
336
160
91
-562
275
-308
446
-181
-100
223
-670
594
-597
-560
193
-255
124
-234
-181
-613
372
-657
32
-531
-329
392
-635
408
-219
160
268
-292
-36
466
-539
190
-455
234
43
170
412
-100
-11
-44
-42
-161
-34
-195
249
-6
175
84
-185
-198
-157
336
-364
197
227
8
63
-33
-3
-132
33
232
-69
87
-211
150
-647
145
-477
212
77
62
-55
-582
324
-442
-87
-145
314
-140
195
206
309
-195
484
104
34
387
-300
79
-28
46
177
80
245
-313
148
447
180
12
-69
482
-562
431
-308
87
106
-103
28
250
-90
136
286
-98
-108
191
98
200
-107
1
-291
363
-256
375
-109
-769
464
-844
152
354
-664
-15
-333
-4
228
-107
-464
191
-602
236
330
-397
396
-386
409
-97
-55
86
54
54
-221
562
-96
-29
-207
-204
343
-127
136
198
232
-502
-48
-609
-356
543
-420
-94
144
-198
363
661
-300
100
-692
228
-25
-402
154
-263
248
388
-108
355
-268
-617
-218
-522
734
-387
522
-207
-96
-73
187
-104
283
110
-138
507
-85
580
-125
-127
885
-257
258
147
156
315
445
-316
532
-148
187
234
-137
-207
271
-197
270
-116
-617
313
-195
342
-320
174
-88
565
-189
36
61
-523
400
-94
162
146
148
-116
266
45
-413
183
-137
-219
684
-535
544
-372
-283
430
-225
360
134
-145
348
6
376
428
-112
-80
345
109
168
72
-81
271
186
65
104
-12
-335
97
-427
127
-63
51
-66
-171
-251
46
-250
-319
43
-553
-63
35
84
-16
-125
-251
141
-355
-145
210
-362
-91
367
-558
436
-275
203
-122
-54
50
-83
-271
185
237
-498
464
-89
90
69
101
-6
151
116
-303
639
-159
42
47
-213
631
-149
194
175
-198
-217
54
-64
-313
169
-345
215
81
-621
318
-684
176
-304
-114
233
77
-47
103
80
-186
269
-211
191
152
-124
383
247
-428
779
-412
360
-281
299
107
301
-33
389
307
-223
324
206
-77
-176
403
-289
585
-406
393
291
-382
237
-76
-136
486
49
270
102
99
72
131
89
142
-514
-81
147
-242
-130
38
149
-164
263
-236
226
-390
29
-50
-27
269
3
140
39
-149
82
149
152
170
-482
390
-201
324
17
-312
132
73
-6
145
-127
-101
-74
122
322
-94
-34
177
327
-283
598
-167
101
376
-348
291
-376
223
-71
60
198
77
-82
-51
15
-290
-58
-78
128
-24
-1
-44
-330
117
-228
139
-48
-369
353
-5
14
177
-214
-63
-13
346
172
218
12
57
427
-402
616
-292
-38
255
-124
257
-34
-82
122
228
186
417
-38
326
105
-372
290
-152
195
311
44
85
113
-115
-73
187
-96
152
-187
146
74
-131
357
325
-242
593
-116
99
273
-240
237
-138
168
297
40
39
74
-298
568
-384
779
-96
-86
324
-260
543
-212
403
59
263
-177
410
-127
188
-179
496
-374
411
-53
49
59
-14
303
-42
398
-464
26
-299
112
-508
483
-226
303
99
267
-70
-599
-28
232
-84
93
96
-153
473
-305
376
-403
-72
-60
8
89
14
-204
255
59
-43
217
32
13
64
-246
89
-18
-229
106
-9
144
74
125
-231
159
-37
88
-54
-12
0
64
27
-137
-99
44
-38
-104
247
-571
-52
15
39
-169
-284
442
-49
203
50
-34
-288
-276
693
-602
519
-374
155
141
-106
258
-409
70
-98
-120
-279
-986
-367
356
634
827
241
402
-78
240
108
-514
-305
-149
188
991
151
299
-229
-65
340
-155
491
2
327
47
321
63
145
198
-2
230
83
192
124
207
131
-297
-76
-17
119
502
119
132
-63
-27
344
41
325
159
64
77
158
252
-52
-85
-360
-9
-3
141
255
142
148
7
280
247
25
-341
135
-241
268
300
-78
172
-236
-126
-404
44
-42
389
-28
246
-273
-19
88
-249
-22
-509
291
-104
244
79
-294
-148
-207
-142
9
22
-78
117
111
81
258
-74
-17
-9
37
-669
-677
68
-135
14
-3
4
71
179
-55
141
-747
57
89
72
380
-229
-7
21
161
-56
188
178
173
261
283
173
-55
-361
66
34
275
285
271
133
-25
-51
-332
-240
-84
171
254
528
101
117
-260
-31
101
-63
-40
-1
-22
391
90
-43
-352
-319
-24
103
159
-119
110
-100
86
-265
-81
-378
16
-64
178
0
171
144
-106
77
-134
374
58
68
182
11
68
135
-78
167
-134
108
68
289
171
198
190
200
319
73
241
-79
218
57
119
670
168
260
260
166
242
-319
-382
-653
-355
51
213
309
683
541
563
764
305
278
-107
76
401
198
348
211
26
205
-107
140
268
97
126
-68
55
-137
-217
-30
-187
-115
29
-55
-325
-154
-289
-387
-232
-96
210
108
35
122
-258
-92
-141
-229
-145
-281
17
-177
-196
-234
-115
-264
-143
-204
-561
-301
-608
-322
-338
-281
-68
-254
-96
-98
-325
10
-202
138
-118
-58
86
-120
-42
108
37
192
101
441
361
184
277
179
248
432
10
224
245
143
451
374
458
592
489
620
345
314
505
465
608
481
690
448
598
484
283
432
380
427
613
241
340
75
214
214
143
353
183
362
129
121
-224
-279
-392
-256
-149
119
165
51
55
-468
-688
-858
-992
-986
-1061
-990
-979
-1021
-1151
-1178
-1184
-1268
-993
-893
-854
-651
-744
-903
-936
-1132
-878
-970
-835
-615
-452
-634
-172
-287
-407
-155
-192
371
658
882
870
1078
1127
1340
1110
1347
1509
1727
2171
2386
2393
2421
2439
2610
2553
2557
2755
3032
3382
3273
3459
3360
3305
3075
2941
2346
1858
1274
697
79
-503
-1190
-1865
-2384
-2761
-3129
-3357
-3359
-3256
-3027
-2936
-2682
-2397
-2071
-1767
-1566
-1468
-1424
-1471
-1811
-1989
-2193
-2309
-2144
-2212
-1901
-1687
-1482
-1215
-1080
-915
-780
-747
-793
-837
-1082
-1335
-1630
-1879
-2295
-2469
-2385
-2153
-1670
-1242
-638
-414
16
200
407
615
1025
1475
1991
2456
2626
2718
2674
2666
2810
2776
3193
3765
3911
4718
5014
5580
5882
5993
6085
6144
5864
5956
5382
4343
3329
1796
1013
-306
-1585
-2820
-3742
-4314
-4856
-5168
-5124
-4691
-4403
-3921
-3615
-3009
-2390
-1994
-1715
-1694
-1669
-1526
-1526
-1522
-1558
-1410
-1033
-785
-312
83
664
1171
1478
1745
1888
1871
1529
932
22
-602
-1738
-2535
-3570
-4567
-4938
-5477
-5463
-5429
-4889
-4121
-3258
-2318
-1365
-585
112
749
912
973
1045
1181
1066
1207
1038
1216
1356
1337
1756
2059
2758
3360
4049
4551
5124
5596
6226
6389
6547
6771
6893
6720
6426
5899
5376
4572
3252
2299
933
445
-801
-1738
-2720
-3628
-4059
-4700
-5051
-5351
-5149
-5089
-4802
-4865
-4285
-3844
-3305
-2744
-2681
-2108
-1694
-1265
-920
-707
-298
216
520
944
1268
1687
2143
2222
2216
2109
1890
1708
1087
301
-433
-1467
-2314
-3439
-4381
-5020
-5700
-6052
-6410
-6392
-6029
-5458
-4604
-3799
-2780
-1770
-737
161
748
1328
1718
1844
1909
1801
1897
2121
2391
2629
2903
3308
3653
3968
4321
4734
4991
5288
5643
5958
6280
6588
6706
6822
6701
6770
6370
5983
4778
3368
2240
997
237
-1478
-2544
-3762
-4543
-5229
-5868
-6217
-6215
-5825
-5553
-5097
-4811
-3971
-3443
-2944
-2613
-2452
-2014
-1702
-1494
-1291
-1141
-688
-113
224
867
1390
2125
2672
2859
3148
3341
3228
2889
2103
1329
451
-760
-1921
-3317
-4369
-5343
-6059
-6592
-6749
-6631
-6085
-5487
-4767
-3819
-2984
-1799
-873
-5
730
1277
1608
1789
1849
1941
1931
1874
1792
1648
1802
2036
2354
2653
2978
3260
3514
3673
3880
4088
4405
4502
4458
4590
4704
4896
5136
5232
5507
5672
5807
5291
4165
3446
2321
1634
-11
-1362
-2800
-3834
-4810
-5943
-6679
-7277
-7100
-7279
-6895
-6753
-5862
-4962
-4274
-3608
-3302
-2553
-1932
-1535
-1399
-1182
-795
-263
9
340
991
1699
2405
2792
3182
3758
4014
4036
3659
3012
2509
1573
539
-779
-1975
-2804
-3572
-4249
-4675
-4761
-4341
-3943
-3506
-2886
-2187
-1165
-452
62
529
912
1193
1157
942
903
883
741
565
393
556
781
1001
1222
1253
1534
1786
1962
1921
1957
2051
2191
2157
2219
2370
3018
3437
4308
4916
5761
6528
6758
6601
5250
4751
3529
2648
609
-1226
-2886
-4420
-5731
-7229
-8051
-8687
-8382
-8483
-7876
-7277
-6013
-4597
-3604
-2633
-1994
-1071
-448
-73
-58
134
489
876
1050
1277
1950
2786
3431
4023
4628
5328
5737
5764
5548
4955
4320
3298
1757
225
-1475
-2551
-3765
-4671
-5499
-5998
-5843
-5703
-5169
-4804
-3884
-3129
-2252
-1854
-1353
-1059
-835
-764
-1046
-1107
-1279
-1250
-1445
-1368
-1261
-867
-506
-190
237
581
1080
1431
1681
1921
2067
2374
2457
2586
2928
3370
4200
4856
5933
6690
7953
8436
8517
7528
6561
5835
4466
2927
541
-1272
-3313
-4774
-6497
-7641
-8365
-8416
-8137
-8011
-7179
-6214
-4616
-3404
-2383
-1610
-804
54
615
843
939
1276
1618
1876
1996
2449
3188
3856
4295
4710
5144
5594
5571
5303
4768
3836
2931
1398
-274
-1919
-3495
-4651
-5855
-6848
-7413
-7636
-7344
-6996
-6416
-5659
-4686
-3801
-3016
-2486
-1966
-1595
-1410
-1315
-1459
-1424
-1413
-1287
-1121
-850
-437
87
596
1064
1456
1848
2286
2598
2744
2999
3252
3389
3409
3533
3799
4307
4900
5800
6762
7825
8740
9117
8685
7538
6845
5724
4305
2167
-140
-2282
-4276
-5966
-7614
-8706
-9164
-9048
-9008
-8379
-7482
-6134
-4536
-3370
-2292
-1561
-589
259
672
826
900
1184
1395
1404
1502
2018
2661
3177
3622
4043
4638
5019
5086
4822
4164
3416
2261
814
-893
-2541
-3898
-5192
-6382
-7394
-7788
-7810
-7430
-6823
-6157
-5152
-4005
-2739
-1834
-1078
-334
162
412
393
248
151
-16
-228
-327
-414
-142
62
318
560
876
1349
1746
2067
2416
2900
3245
3531
3692
4070
4556
5105
5955
6573
7419
8186
8401
8034
6753
5994
4994
3827
2022
-141
-2066
-3812
-5274
-6769
-7733
-8377
-8254
-8288
-7943
-7307
-6238
-4770
-3668
-2658
-1897
-957
9
692
940
1188
1570
1907
2105
2186
2633
3257
3673
4018
4176
4473
4683
4485
4137
3327
2360
1321
-205
-1695
-3243
-4440
-5502
-6587
-7392
-7782
-7738
-7354
-6852
-6261
-5249
-4192
-2843
-2009
-1176
-323
362
845
946
1019
1110
1134
967
830
665
834
910
1005
1127
1284
1741
2060
2400
2737
3161
3633
3990
4287
4825
5332
6061
6892
7401
8168
8398
8259
7176
5733
4771
3497
1963
-220
-2249
-4037
-5391
-6821
-7940
-8613
-8690
-8317
-8153
-7651
-6864
-5656
-4351
-3365
-2695
-1964
-1154
-368
26
301
817
1368
1900
2137
2479
3312
4084
4573
4877
5063
5304
5255
4863
4194
3158
2141
800
-796
-2338
-3698
-4626
-5479
-6300
-6818
-6905
-6661
-6058
-5538
-4647
-3674
-2641
-1685
-1111
-348
195
637
820
851
948
954
923
907
854
946
1080
1196
1289
1394
1627
1921
2070
2263
2564
2842
3151
3352
3818
4393
5060
5942
6723
7511
8307
8438
7832
6477
5272
4176
2672
635
-1592
-3651
-5280
-6724
-8216
-9060
-9311
-8891
-8511
-8023
-7195
-6014
-4566
-3368
-2572
-2029
-1308
-699
-307
-237
-136
355
810
1095
1339
2036
3067
3867
4487
4995
5486
5809
5738
5266
4508
3582
2370
831
-977
-2681
-3756
-4777
-5515
-6351
-6647
-6438
-6018
-5247
-4521
-3488
-2325
-1226
-474
121
647
1277
1339
1348
1332
1167
1194
1020
997
956
991
1250
1262
1282
1473
1631
1951
2019
2207
2517
2697
2984
3233
3824
4541
5512
6364
7078
7896
7916
7370
5926
4890
3712
2161
170
-2088
-4049
-5633
-7059
-8481
-9186
-9474
-8901
-8476
-7846
-6909
-5779
-4250
-3053
-2184
-1555
-795
-148
200
167
321
838
1267
1498
1710
2344
3353
4126
4807
5392
5783
6085
5894
5407
4586
3477
2265
544
-1237
-2945
-4324
-5268
-6052
-6658
-6853
-6534
-5951
-5134
-4261
-3015
-1833
-755
-95
390
908
1231
1339
1163
1019
838
735
644
703
844
1049
1315
1447
1592
1773
2016
2156
2217
2316
2368
2460
2505
2801
3265
4071
5074
5962
6934
7760
7823
7217
6121
5187
4058
2402
257
-2004
-3954
-5566
-7179
-8668
-9481
-9659
-9306
-8850
-8180
-7096
-5708
-4203
-2884
-1962
-1040
-124
484
682
551
711
1122
1407
1423
1606
2187
2971
3590
4194
4858
5356
5672
5501
4997
4317
3393
2256
704
-1073
-2607
-3934
-4894
-5751
-6250
-6263
-6018
-5380
-4640
-3680
-2487
-1261
-292
276
652
1105
1340
1317
1173
959
738
541
436
474
640
886
1089
1167
1250
1445
1699
1800
1835
1909
2003
2062
2199
2536
3106
3934
4936
6018
6996
7771
7696
6991
6117
5264
4188
2362
152
-2050
-4053
-5739
-7531
-9091
-9817
-10023
-9751
-9284
-8652
-7375
-5985
-4440
-3111
-2196
-1089
-69
548
743
716
948
1450
1604
1702
1974
2591
3324
3905
4540
5270
5777
6048
5906
5326
4719
3732
2488
877
-1027
-2505
-3952
-5101
-5932
-6560
-6444
-6282
-5811
-5020
-4073
-2716
-1515
-728
-78
303
840
1101
931
877
560
410
239
84
368
637
987
1288
1373
1721
2068
2482
2735
2797
2984
3083
3150
3208
3456
3921
4758
5539
6282
7121
7335
6966
6013
5103
4279
2955
1128
-914
-3093
-4796
-6483
-8262
-9398
-10101
-10121
-9886
-9501
-8556
-7343
-5899
-4338
-3182
-2039
-754
264
1059
1344
1567
2188
2630
2841
2984
3303
4003
4519
4913
5399
5746
5946
5816
5204
4503
3498
2179
789
-1134
-2733
-4280
-5637
-6523
-7392
-7545
-7451
-7159
-6443
-5702
-4542
-3247
-2267
-1333
-849
-210
373
546
792
736
775
849
854
1132
1493
1947
2407
2636
2939
3254
3494
3773
3830
3879
3878
3798
3747
3833
3952
4515
5202
5893
6803
7139
7097
6251
5302
4562
3331
1736
-269
-2383
-4195
-5886
-7608
-8977
-9936
-10166
-10170
-9954
-9327
-8291
-6992
-5515
-4210
-3012
-1662
-580
438
951
1279
1815
2363
2858
3110
3390
3969
4446
4742
5138
5385
5634
5469
4884
4124
3231
2032
661
-1024
-2779
-4145
-5603
-6418
-7172
-7450
-7191
-6964
-6280
-5465
-4469
-3073
-2015
-1075
-379
44
776
1002
1237
1432
1375
1584
1661
1927
2447
2874
3495
3847
4068
4401
4465
4636
4498
4263
4129
3710
3437
3128
3165
3370
3938
4661
5435
6207
6374
5976
5012
4314
3494
2128
195
-1893
-3963
-5667
-7438
-9171
-10316
-10917
-10911
-10751
-10208
-9160
-7784
-6262
-4676
-3366
-1923
-467
669
1376
1627
1944
2374
2698
2761
2870
3165
3698
4012
4268
4714
5092
5328
5085
4471
3760
2783
1642
-96
-1906
-3549
-5023
-6159
-7246
-7716
-7875
-7553
-6979
-6313
-5196
-3811
-2292
-976
-201
561
1191
1669
1981
1941
2009
1879
1794
1795
1831
2268
2793
3239
3595
3811
4203
4555
4635
4649
4458
4273
4046
3643
3475
3449
3836
4515
4941
5569
5821
5405
4750
3845
3163
2168
472
-1297
-3243
-5007
-6392
-8064
-9322
-9998
-10372
-10231
-9999
-9380
-8137
-6985
-5529
-4147
-3074
-1595
-430
464
1114
1359
1939
2553
2782
3105
3382
3887
4446
4618
5019
5369
5493
5483
4931
4139
3315
2028
636
-1007
-2816
-4093
-5449
-6439
-6959
-7262
-6861
-6499
-5880
-4795
-3751
-2249
-1045
-274
493
793
1200
1349
1229
1334
1118
990
991
1024
1589
2091
2695
3290
3623
4128
4520
4817
4955
4855
4733
4561
4058
3932
3884
4157
4778
5171
5771
5985
5542
4887
4060
3370
2576
882
-911
-2748
-4591
-5967
-7663
-9162
-9896
-10520
-10588
-10509
-10147
-8925
-7796
-6407
-5058
-3918
-2406
-969
8
779
1182
1754
2514
2738
3072
3371
3786
4360
4489
4802
5206
5323
5402
4912
4201
3481
2409
909
-664
-2400
-3767
-4924
-6335
-6800
-7320
-7054
-6469
-6269
-5200
-4303
-2895
-1516
-1022
-129
297
689
1002
612
805
683
534
644
482
1011
1673
2204
2936
3293
3915
4607
4860
5231
5188
5256
5324
4919
4820
4662
5026
5620
6008
6435
6595
6115
5267
4398
3469
2618
969
-915
-2796
-4707
-6047
-7618
-9069
-9795
-10420
-10417
-10311
-10008
-8865
-7747
-6402
-5053
-4067
-2629
-1193
-244
633
989
1687
2589
2945
3399
3756
4255
4879
5086
5358
5730
5767
5780
5269
4391
3635
2254
902
-838
-2750
-4127
-5537
-6595
-7351
-7749
-7421
-6973
-6372
-5429
-4360
-3009
-1787
-983
-370
42
364
532
270
177
58
-87
-81
-13
492
1155
1870
2578
3258
3895
4597
5104
5378
5463
5439
5454
5213
4933
4974
5036
5821
6239
6565
6884
5930
5506
4503
3597
2787
806
-692
-2612
-4596
-5833
-7635
-8884
-9559
-10316
-10290
-10244
-9860
-8573
-7593
-6331
-4930
-4058
-2532
-1305
-459
446
806
1491
2344
2573
3059
3477
3773
4580
4673
5057
5528
5290
5455
4790
3991
3210
1774
371
-1433
-3244
-4667
-5967
-7134
-7643
-8051
-7711
-7022
-6458
-5142
-4080
-2631
-1276
-616
189
527
808
924
514
358
108
-131
-88
-97
360
1097
1682
2551
3176
3941
4905
5406
5999
6130
6168
6270
6010
5992
5922
6168
6799
7083
7514
7293
6346
5742
4784
4073
2891
973
-528
-2521
-4177
-5658
-7451
-8458
-9228
-9831
-9917
-10009
-9480
-8390
-7579
-6392
-5344
-4432
-2942
-1942
-1090
-282
110
1060
1748
2047
2682
3050
3655
4271
4407
4989
5275
5180
5074
4254
3524
2607
1099
-353
-2310
-4016
-5268
-6648
-7483
-8029
-8104
-7620
-6991
-6023
-4814
-3542
-2066
-869
-163
472
825
999
866
412
97
-318
-605
-558
-458
133
847
1607
2535
3266
4300
5292
5931
6495
6669
6767
6776
6365
6500
6314
6727
7276
7271
7720
6547
5815
5100
4076
3587
1690
121
-1543
-3498
-4856
-6627
-8107
-8883
-9655
-10130
-10267
-10338
-9422
-8504
-7683
-6460
-5635
-4309
-2929
-2029
-1130
-463
246
1310
1890
2403
3207
3568
4313
4657
4952
5672
5622
5642
5155
4324
3537
2267
768
-963
-2720
-4385
-5596
-6961
-7727
-7929
-7949
-7231
-6728
-5572
-4077
-2774
-1167
-238
533
1279
1430
1633
1353
902
717
4
-262
-278
-122
681
1149
1970
2779
3517
4736
5529
6381
6846
7061
7284
7087
6941
6967
7130
7520
7599
7714
7265
6027
5221
4215
3509
2314
550
-879
-2714
-4066
-5497
-7101
-8070
-8895
-9406
-9748
-9980
-9605
-8816
-8101
-7174
-6310
-5421
-4059
-2970
-2032
-1195
-520
612
1558
2205
3073
3730
4410
4975
5141
5639
5859
5705
5405
4461
3643
2424
1007
-553
-2382
-3921
-5464
-6640
-7684
-8148
-8114
-7822
-7087
-6345
-4989
-3517
-2134
-766
25
862
1430
1611
1705
1355
1123
800
203
28
34
476
1070
1519
2324
2934
3802
4751
5477
6210
6509
6873
6955
6765
6842
6892
7487
7783
7733
7840
6411
5660
4650
3636
3042
891
-346
-2126
-3912
-4944
-6701
-7763
-8401
-9144
-9303
-9461
-9400
-8363
-7786
-7073
-6141
-5583
-4338
-3277
-2528
-1578
-990
-169
995
1551
2454
3377
3903
4913
5130
5617
6253
6081
6096
5327
4315
3361
1835
248
-1533
-3503
-4936
-6183
-7435
-7963
-8348
-8052
-7305
-6721
-5294
-4055
-2545
-941
-58
955
1519
1815
2072
1686
1415
1117
465
293
38
178
773
1071
1905
2416
3049
4063
4716
5581
6024
6313
6695
6581
6698
6832
7192
8051
7958
8396
7187
6031
5356
3989
3706
1621
107
-1425
-3450
-4502
-6221
-7508
-8166
-8838
-9150
-9281
-9426
-8501
-7678
-7130
-6172
-5762
-4733
-3614
-3040
-2267
-1754
-1121
-39
609
1305
2487
3144
4266
4843
5171
6181
6151
6395
5900
4950
4152
2793
1081
-812
-2826
-4494
-5587
-7198
-7807
-8428
-8398
-7521
-7183
-5840
-4531
-3106
-1296
-467
522
1306
1514
2009
1600
1194
1044
337
113
-297
-363
288
506
1229
1842
2341
3457
4091
4936
5634
5884
6467
6506
6341
6591
6682
7527
8160
8143
8241
6720
6075
5265
4204
3441
1313
-60
-1860
-3621
-4966
-6556
-7683
-8269
-8965
-9326
-9351
-9207
-8145
-7522
-6854
-5965
-5362
-4207
-3260
-2690
-1949
-1316
-536
447
1019
1877
2991
3692
4711
5187
5867
6595
6585
6607
5937
5138
4047
2579
714
-1186
-3060
-4641
-5819
-7241
-7710
-8090
-7923
-7222
-6685
-5325
-3959
-2484
-1014
-253
592
1277
1454
1650
1248
956
614
-117
-244
-467
-271
314
613
1329
1836
2469
3441
4056
4726
5275
5590
5904
5951
5895
6345
6569
7507
8004
8205
8125
6740
6354
5169
4429
3206
1119
-297
-2437
-3887
-5506
-7154
-8179
-8922
-9491
-9737
-9738
-9271
-8271
-7568
-6652
-5865
-5081
-3905
-3021
-2397
-1804
-1207
-353
585
1133
2123
3084
3933
5026
5519
6423
6963
7065
7008
6301
5414
4330
2763
854
-1177
-3326
-4555
-6177
-7198
-7809
-8251
-7653
-7407
-6274
-5121
-3810
-2147
-1061
-131
516
926
1280
1186
814
544
-79
-396
-608
-660
-250
85
773
1429
1941
2767
3598
4262
4860
5201
5536
5719
5634
5886
6011
6577
7513
7968
8410
7720
6751
6337
5259
4631
2937
1012
-565
-2678
-4092
-5862
-7463
-8289
-9033
-9607
-9785
-9802
-9011
-8038
-7354
-6343
-5617
-4625
-3389
-2753
-2151
-1486
-886
166
852
1514
2623
3426
4470
5345
5989
6994
7420
7479
7257
6382
5542
4350
2552
546
-1524
-3309
-4687
-6158
-7183
-7546
-7785
-7217
-6724
-5843
-4411
-3154
-1590
-696
-71
656
849
985
769
258
29
-568
-895
-956
-947
-329
142
751
1417
1813
2813
3458
3950
4517
4653
5077
5032
4980
5371
5637
6486
7471
7889
8507
7739
7134
6658
5506
4963
2977
1188
-681
-2756
-4203
-6059
-7603
-8493
-9230
-9735
-9761
-9677
-8820
-7862
-7142
-6069
-5371
-4465
-3206
-2677
-2076
-1551
-1040
34
632
1348
2469
3218
4399
5354
6102
7219
7521
7706
7488
6562
5763
4382
2518
333
-1869
-3637
-5206
-6573
-7577
-7907
-8032
-7439
-6658
-5790
-4211
-2808
-1295
-324
165
865
963
889
605
-84
-481
-1053
-1391
-1318
-1278
-585
130
833
1685
2311
3357
4202
4743
5302
5454
5613
5600
5549
5846
6032
7000
7732
8234
8505
7507
7235
6509
5841
4964
2898
1373
-655
-2497
-4068
-6036
-7369
-8242
-9124
-9518
-9758
-9583
-8595
-7920
-7109
-6179
-5474
-4242
-3177
-2610
-1884
-1372
-635
369
813
1725
2671
3420
4584
5192
6116
6979
7127
7236
6695
5776
4910
3381
1448
-401
-2628
-4080
-5599
-6971
-7351
-7906
-7364
-6849
-6114
-4750
-3464
-1889
-585
148
817
1145
1117
1094
433
66
-468
-1035
-1130
-1232
-767
-52
612
1501
2098
2900
3845
4439
5059
5280
5406
5406
5189
5225
5432
5941
6939
7649
8141
8274
7344
7181
6477
5757
4808
2554
1079
-1107
-2888
-4533
-6569
-7859
-8851
-9722
-10083
-10131
-9798
-8709
-8028
-7066
-6134
-5461
-4083
-3233
-2662
-1989
-1642
-868
-48
442
1333
2195
2965
4103
4753
5715
6586
6786
7049
6482
5656
4845
2866
1300
-701
-2821
-4048
-6042
-6810
-7661
-7755
-7003
-6799
-5580
-4287
-2846
-1185
-94
831
1454
1541
1853
1373
832
471
-195
-547
-934
-778
-191
322
1200
1967
2583
3532
4360
5103
5574
5695
5917
5775
5514
5508
5869
6475
7205
7887
8094
7507
6668
6407
5675
4892
3345
1504
-256
-2252
-3771
-5547
-7175
-8228
-9077
-9761
-10110
-10053
-9295
-8431
-7701
-6767
-6064
-5076
-3898
-3157
-2524
-2120
-1444
-613
-16
662
1557
2451
3277
4156
4881
5813
6290
6530
6357
5592
4628
3330
1774
-264
-1997
-3872
-5127
-6499
-7250
-7177
-7120
-6207
-5350
-4094
-2590
-1139
393
1342
1743
2279
2187
1946
1447
754
339
-431
-740
-664
-436
340
1103
1963
2721
3334
4331
4921
5445
5584
5752
5532
5117
4921
4881
5369
6045
6854
7227
7141
6322
6231
5631
5189
4155
2343
871
-1308
-2889
-4646
-6510
-7811
-8802
-9715
-10195
-10383
-9923
-8971
-8257
-7244
-6352
-5542
-4240
-3353
-2737
-2154
-1678
-932
-272
204
997
1799
2474
3514
4103
5091
5806
6180
6424
5963
5204
4235
2931
941
-766
-2822
-4235
-5735
-6823
-7064
-7304
-6679
-5797
-4740
-3356
-1741
-177
1178
1726
2427
2589
2364
2074
1342
762
-27
-628
-759
-781
-337
514
1338
2209
2904
3828
4804
5334
5817
6043
5834
5651
5078
5069
4903
5425
6444
6632
6949
5863
5547
5241
4696
4304
2581
1181
-528
-2241
-3826
-5708
-7241
-8108
-9141
-9960
-10318
-10290
-9375
-8677
-7881
-7031
-6223
-4936
-3717
-3065
-2497
-1700
-1093
-244
208
879
1894
2487
3465
4031
4728
5651
6093
6291
5974
5187
4475
3163
1474
-402
-2298
-3715
-5254
-6393
-7065
-7061
-6675
-5871
-4935
-3703
-2103
-502
921
1698
2231
2562
2508
2076
1445
773
149
-547
-940
-961
-653
155
1066
1905
2685
3490
4524
5163
5592
5909
5804
5566
5008
4751
4626
4830
5804
6093
6577
5635
5016
4913
4225
4232
2640
1393
-343
-2147
-3533
-5316
-6919
-7854
-8745
-9585
-9875
-10083
-9167
-8456
-7698
-6742
-6159
-5008
-3718
-2945
-2340
-1757
-1158
-292
157
695
1761
2323
3303
3920
4551
5521
5910
6273
6037
5307
4380
3310
1514
-175
-2241
-3877
-5239
-6730
-7116
-7423
-6904
-6147
-5180
-3913
-2371
-787
833
1698
2176
2612
2399
2183
1386
804
169
-644
-1113
-1155
-901
-147
813
1735
2689
3396
4489
5247
5672
6086
6042
5910
5393
4881
4837
4820
5735
6141
6759
6174
5250
5196
4441
4520
3141
1962
389
-1520
-2939
-4577
-6232
-7282
-8095
-9043
-9435
-9810
-9036
-8322
-7602
-6599
-6002
-5073
-3792
-2920
-2350
-1833
-1330
-513
21
419
1463
2155
3061
3861
4328
5332
5776
6156
6089
5282
4437
3300
1675
-133
-2154
-3925
-5245
-6691
-7407
-7592
-7185
-6320
-5333
-4125
-2645
-1035
613
1673
2039
2397
2311
1938
1201
499
-72
-787
-1386
-1405
-1227
-486
582
1559
2542
3262
4333
5098
5605
5886
6057
5898
5395
4970
4702
4743
5484
6121
6838
6449
5421
5430
4662
4621
3536
2107
764
-1269
-2794
-4384
-6161
-7198
-7873
-8872
-9261
-9665
-9084
-8067
-7482
-6438
-5796
-5127
-3844
-3086
-2577
-2092
-1674
-899
-339
-7
1041
1848
2733
3710
4221
5165
5826
6079
6207
5312
4402
3303
1533
-149
-2388
-3991
-5586
-6824
-7588
-7694
-7174
-6412
-5108
-3997
-2460
-828
835
1897
2303
2485
2490
1906
1163
486
-235
-743
-1365
-1352
-1032
-321
976
1960
2952
3802
4733
5601
5842
6120
6015
5842
5161
4724
4487
4339
5233
5780
6733
6553
5895
5733
5094
4757
3914
2415
821
-1067
-3078
-4576
-6451
-7567
-8138
-9046
-9317
-9460
-8986
-7999
-7236
-6297
-5446
-4966
-3910
-3075
-2809
-2268
-2025
-1434
-840
-448
580
1546
2427
3606
4352
5155
5959
6170
6174
5335
4228
2838
1097
-1007
-2816
-4847
-6211
-7306
-8151
-7764
-7370
-6031
-4870
-3533
-1949
-461
987
2042
2223
2280
1964
1330
622
-311
-714
-1155
-1499
-1321
-806
151
1422
2559
3638
4328
5078
5655
5870
5797
5608
5236
4657
4052
4001
4163
5154
6193
7063
7296
6011
6109
5215
4833
3611
1732
227
-2095
-3889
-5673
-7287
-8264
-8287
-8853
-8815
-8739
-7899
-6526
-5805
-4843
-4331
-3973
-3259
-2749
-2824
-2548
-2367
-1767
-1085
-737
584
1908
3102
4436
5198
6090
6730
6680
6407
5161
3540
1827
-204
-2608
-4311
-6368
-7242
-8038
-8592
-7516
-6782
-5019
-3473
-2214
-476
713
1890
2847
2311
2300
1719
968
310
-578
-577
-718
-859
-214
436
1450
2864
3772
4687
4958
5322
5648
5387
5001
4691
4232
3750
3522
3807
4522
5865
6811
7943
6895
5949
5651
4319
3692
1272
-312
-2361
-4497
-5972
-7456
-8544
-8413
-8018
-7932
-7447
-7120
-5673
-4803
-4227
-3717
-3744
-3690
-3415
-3489
-3704
-3393
-2921
-1715
-972
34
1964
3432
4883
6011
6533
7046
6700
5927
4724
2722
731
-1178
-3636
-5491
-6804
-7875
-7696
-8185
-6990
-5730
-4334
-2426
-1402
-156
694
1352
2032
1700
1111
996
324
86
-305
-142
422
659
1329
2043
2711
3735
4423
4781
4718
4456
4270
4143
3316
3294
2982
2870
3276
3585
5294
6565
8167
9136
8521
6784
5872
4053
2682
269
-2084
-3576
-5854
-6736
-7642
-8218
-7595
-6544
-5812
-5038
-4856
-3993
-3309
-3637
-3602
-4293
-4947
-5081
-5494
-5469
-4921
-4007
-2060
-492
937
3205
4883
6303
7217
7214
6957
5840
4088
2485
87
-1724
-3460
-5309
-6363
-7107
-6755
-6184
-5617
-4721
-3341
-2349
-1221
-699
-375
-271
-358
-26
-316
-587
-337
55
432
897
1683
2660
3125
3568
3881
3831
3891
3776
3472
2835
2167
1925
1942
1737
2096
2737
3232
4287
4972
6862
8286
9156
9833
8348
5928
3744
1576
-332
-2589
-4619
-5318
-6417
-6622
-6134
-6014
-4967
-3795
-3216
-2909
-3478
-3775
-3875
-5122
-5853
-6455
-7156
-6861
-6522
-5607
-3915
-2199
417
2619
3906
5558
6557
6699
6432
5270
4020
2259
53
-1378
-2931
-3999
-4119
-4616
-4617
-4236
-3922
-2796
-2933
-2676
-2318
-2612
-2379
-2800
-2827
-2664
-2551
-1535
-647
4
1476
2504
3606
4117
4439
4967
4509
3994
3420
2591
2052
1607
1413
1459
1189
1837
2265
2819
3620
4447
5412
5707
6565
7413
8356
8262
7932
6202
3242
1383
-626
-1616
-3199
-3975
-3965
-4334
-4196
-3818
-3787
-3510
-3182
-3561
-4077
-5381
-5866
-6150
-6841
-6939
-6733
-6217
-5232
-4039
-2581
-837
687
2538
3698
3900
4197
4124
3561
2717
1650
819
-182
-1307
-1636
-1991
-1907
-1716
-1850
-1969
-2662
-2853
-3232
-3951
-4687
-4939
-4829
-4660
-4125
-2961
-1805
-596
1005
2252
3142
3711
4512
4666
4056
3608
3230
2665
1987
1756
1729
1645
1775
2348
2654
2737
3069
3563
3598
3579
4023
4376
4622
4829
6106
7239
7542
7725
5873
3509
1789
114
-797
-2713
-3723
-3745
-4458
-4683
-4733
-4896
-4202
-3894
-4026
-4289
-5334
-5452
-5376
-5924
-5748
-5345
-4796
-3718
-3109
-1793
-191
1013
2720
3405
3263
3448
3046
2506
1830
895
472
-466
-1588
-1655
-2018
-1750
-1615
-2216
-2349
-3460
-3574
-4163
-4808
-5077
-5116
-4598
-4109
-2955
-1579
-55
1320
2810
3522
3971
4129
4321
4046
3408
2905
2458
2028
1747
1983
2285
2584
2750
3272
3097
3001
2972
2986
2772
2445
2797
2968
3513
4409
6231
7540
8229
8398
6395
3967
1866
93
-1310
-3431
-4382
-4574
-5083
-4884
-4810
-4684
-3958
-3575
-3563
-4124
-5152
-5295
-5525
-6002
-5699
-5104
-4132
-2910
-2034
-608
755
1972
3345
3496
3063
2611
1788
959
208
-431
-519
-1152
-1780
-1710
-1801
-1304
-1598
-2226
-3069
-4465
-5031
-5978
-6539
-6554
-5791
-4564
-3355
-1797
249
1964
3273
4188
4271
4001
3403
2978
2462
1891
1763
2037
2125
2548
3244
3957
4427
4108
4075
3317
2288
1894
1100
1194
1091
1716
2766
3750
5720
7658
9374
9988
9490
7148
3836
764
-1589
-3396
-5085
-5983
-5603
-5070
-4122
-3267
-2889
-2160
-2016
-2491
-3822
-5559
-6595
-7018
-7396
-6794
-5575
-3738
-1585
34
1637
2990
3969
4508
4061
2632
1331
-23
-1059
-1713
-1913
-1296
-1217
-1033
-1002
-703
-691
-1365
-2585
-4576
-5969
-7282
-7720
-7720
-7098
-5114
-3147
-1124
827
2620
4197
4674
4619
4056
2649
1772
1348
1039
1323
2080
3104
4017
4442
5172
5405
4906
4142
2873
1684
88
-310
-443
-73
1114
2504
4227
5486
7702
9682
10592
10264
8762
5351
1286
-1998
-4086
-5110
-5607
-5071
-3871
-2787
-1706
-971
-1364
-1783
-2864
-4333
-6287
-8259
-8844
-8284
-7205
-5166
-2762
-394
1910
3139
3913
3920
3482
2813
1469
-256
-1280
-1862
-1656
-1043
-224
906
1093
809
-126
-1190
-2763
-4469
-6464
-8195
-9449
-9337
-8297
-6902
-4560
-1988
345
1757
2689
3189
3021
2356
1850
893
457
585
1519
2859
4070
5523
6559
6693
6203
5408
4203
2803
1357
249
-457
-903
-42
975
2185
3800
5219
6594
7153
8076
9114
8834
8045
6368
2819
-395
-2868
-3548
-3537
-3051
-2064
-1140
-986
-726
-1768
-3496
-4516
-5947
-7170
-8495
-9089
-8355
-6758
-4655
-1832
64
1853
2829
2594
2275
1532
1018
820
108
-309
-49
219
1313
2046
2256
2089
954
-789
-2512
-4557
-5934
-7268
-9154
-8955
-8813
-7576
-5534
-4379
-1974
-945
161
951
-53
416
405
243
1172
1081
2196
3018
3985
5737
5906
6280
6145
4894
4129
2876
1992
1594
1037
1246
1145
1450
2379
2698
3545
4118
4316
4977
5157
5657
6615
7174
7181
6685
4480
1975
-359
-1695
-1892
-2158
-2376
-2036
-2546
-2748
-3615
-5086
-5663
-6493
-6573
-6706
-7244
-6857
-5732
-4272
-2132
-922
342
1104
911
912
678
548
1242
1599
1656
1814
1531
1986
2264
2029
1248
-225
-1899
-3096
-4687
-5731
-6526
-7165
-7196
-7136
-6625
-5643
-4414
-3145
-2155
-1765
-956
-724
-222
374
733
1530
2214
2873
3638
4065
4841
5248
5057
4991
4180
3712
3283
2925
2813
2662
2709
2843
2779
2954
2927
3072
3319
3619
3971
4365
4896
6147
7324
8089
7943
6475
3927
764
-1460
-3458
-3141
-3102
-2467
-2252
-2513
-2903
-4230
-5609
-6165
-6725
-6493
-6535
-7338
-6634
-6047
-3982
-2073
-374
858
1315
888
692
16
267
1090
1660
2411
2489
2353
2511
2403
1622
1055
-834
-1681
-3217
-4881
-5779
-7183
-7252
-6822
-6797
-5511
-4820
-3758
-2468
-2583
-1764
-1796
-1133
-16
256
1079
1555
1982
3198
3534
4460
4747
4531
4685
3786
3655
3456
3493
3977
3910
3825
3686
3242
3324
2935
2615
2432
2252
2808
3250
4094
4907
6129
7065
7856
7348
6477
3929
987
-1726
-4059
-3815
-3642
-2031
-1158
-905
-1125
-2923
-4951
-6195
-7333
-6536
-6493
-6159
-5550
-5485
-4117
-3183
-1781
-301
447
811
763
-451
-573
-1056
-186
1020
2356
3556
3878
3507
2289
1150
-477
-968
-1896
-2142
-2610
-3618
-4373
-5219
-5474
-4423
-3537
-1762
-636
-284
197
-482
-193
-113
341
1454
2386
3318
4166
4084
4240
3740
3503
3563
3360
3420
3265
3608
3057
2519
1820
1057
965
1242
545
6
-1006
-1605
-1757
-2066
-1445
-611
171
1360
1761
1443
1372
762
585
-116
-451
-46
564
1137
1875
2140
2366
2272
1525
809
-287
-1151
-1578
-1501
-906
-56
606
896
475
-342
-1425
-2263
-2710
-2700
-2146
-1471
-819
-157
244
308
-33
-737
-1378
-2005
-2322
-2128
-1511
-794
-113
192
223
-1
-387
-686
-949
-1000
-830
-418
195
843
1250
1277
651
-195
-1023
-1442
-1318
-789
-19
719
1269
1520
1604
1404
1121
655
114
-384
-747
-906
-850
-757
-635
-667
-824
-1030
-1384
-1568
-1786
-1817
-1665
-1480
-1030
-642
-242
157
307
520
689
991
1313
1498
1610
1536
1373
1209
1128
1240
1447
1689
2050
2300
2566
2649
2566
2349
1890
1440
998
734
642
739
935
1052
1202
1328
1264
1115
758
419
48
-327
-525
-598
-621
-629
-766
-1052
-1232
-1462
-1530
-1539
-1470
-1259
-1096
-944
-813
-804
-865
-1158
-1589
-2041
-2407
-2401
-2248
-1892
-1519
-1167
-977
-831
-741
-696
-625
-674
-713
-793
-899
-983
-1131
-1314
-1385
-1480
-1442
-1356
-1173
-981
-794
-530
-372
-127
110
359
708
948
1119
1186
1013
875
697
515
345
223
273
378
518
799
1174
1614
2010
2198
2242
1932
1533
1161
821
647
618
691
841
862
839
873
1060
1312
1474
1524
1362
1164
886
629
429
364
258
134
-37
-124
-86
14
184
251
316
247
162
25
-212
-474
-769
-1065
-1267
-1347
-1259
-1044
-799
-569
-452
-378
-307
-241
-236
-333
-560
-845
-1257
-1662
-1978
-2273
-2425
-2586
-2709
-2903
-3079
-3209
-3299
-3682
-3975
-3214
-2449
-1165
-979
-803
-625
-652
-835
-1802
-2062
-1354
334
1621
1906
1087
474
117
-400
-618
134
928
2359
3402
2914
2291
936
-57
-668
-829
-228
791
1841
2768
3274
3496
3822
3730
3129
2784
2510
2282
2302
2291
2458
2578
2179
1624
687
-111
-63
-194
154
27
-150
-410
-1193
-2243
-3301
-4128
-4148
-3918
-3297
-2687
-2390
-1840
-1718
-1317
-1113
-802
-367
-59
50
93
-120
96
391
854
1101
937
364
-498
-1405
-2280
-2513
-2501
-1648
-861
-431
-347
-794
-1419
-1986
-2754
-2816
-2848
-2494
-1867
-1879
-1594
-1599
-1206
-719
-475
-86
86
183
549
678
1337
1663
2132
2423
2229
2249
1777
1850
1963
1735
2126
2322
2386
2642
2428
2955
2965
2551
2488
1782
1638
1784
1640
2106
1878
1674
1678
1324
1777
2274
2387
2412
891
-326
-2069
-3312
-3113
-3251
-2174
-1415
-1127
-826
-1900
-2697
-3122
-3660
-2469
-1990
-884
58
178
717
572
616
1159
732
603
-403
-1579
-1773
-2031
-1009
-46
786
1415
1020
74
-1106
-2475
-2754
-2762
-2320
-1646
-1488
-1196
-1295
-1617
-1656
-1971
-1898
-1723
-1789
-1565
-1546
-1147
-446
183
1122
1707
1910
1880
1199
631
219
246
730
1090
1573
1796
1662
1570
1216
927
683
469
481
294
123
401
301
768
991
1229
1565
1691
2105
2219
2026
2170
1663
1601
1391
641
589
-267
-11
166
371
816
532
234
141
-744
-647
-806
63
1322
1970
2669
2194
1503
867
-39
-452
-715
-1177
-840
-1260
-1023
-1187
-1186
-1070
-1313
-1766
-2358
-3365
-3555
-3585
-3127
-2346
-1883
-1144
-1023
-974
-1310
-1859
-2252
-2344
-2438
-1906
-1749
-1183
-907
-580
-139
104
294
273
96
-25
-163
-139
249
594
1392
1644
1895
1766
1569
1439
1232
1102
1087
1159
1500
1688
2048
2612
2971
3345
3198
2938
2499
2078
1814
1573
1521
1702
1814
1732
1289
561
-381
-1312
-1929
-2269
-2183
-1818
-1136
-575
-89
257
394
378
213
-26
-401
-912
-1253
-1385
-1225
-794
-542
-328
-510
-886
-1411
-1979
-2304
-2448
-2310
-2068
-1905
-1633
-1410
-1232
-1061
-1073
-1010
-1115
-1157
-1171
-1262
-1107
-917
-570
-178
10
181
90
-5
-6
-39
194
505
994
1420
1503
1566
1436
1297
1183
929
621
445
551
559
651
603
441
626
742
912
1079
1211
1551
1597
1507
1416
1267
1222
1429
1632
1900
2233
2450
2381
2074
1500
844
250
-252
-293
-296
193
614
821
966
848
487
200
-237
-576
-933
-1354
-1514
-1732
-1619
-1520
-1346
-1315
-1467
-1831
-2185
-2492
-2528
-2389
-2038
-1681
-1383
-1179
-1109
-1099
-958
-669
-307
247
573
916
830
750
488
290
283
366
458
426
340
277
412
657
983
1210
1433
1360
1044
351
118
-38
-74
180
174
145
160
260
117
-248
-484
-736
-857
-857
-666
-643
-434
-150
-217
226
259
375
706
779
1161
1390
1081
1234
1039
1133
1396
1441
1877
1922
2215
2497
2281
2157
2038
1766
1454
986
666
305
9
-233
-382
-562
-683
-737
-981
-1236
-1582
-1811
-1898
-1955
-1794
-1623
-1444
-1246
-1107
-894
-853
-840
-819
-740
-465
-131
239
650
900
1083
1041
816
622
312
61
-4
31
113
207
83
18
-208
-515
-661
-883
-1091
-772
-656
-875
-734
-788
-980
-1238
-1322
-1471
-1689
-1552
-1006
-1138
-866
-404
-328
-777
-962
-789
-703
-141
312
542
657
869
861
922
939
1140
1340
1876
2079
1716
1827
2158
2257
2748
3142
3261
3038
2638
2251
1623
1235
1144
1331
1392
1375
913
552
53
-580
-888
-1093
-1102
-962
-819
-628
-567
-521
-372
-472
-480
-648
-683
-549
-335
10
286
515
721
750
680
550
384
402
308
301
306
220
91
-59
-167
-237
-330
-281
-386
-637
-1003
-1562
-1882
-2218
-2277
-2170
-2219
-2280
-2508
-2662
-2856
-3141
-3109
-2912
-2849
-2311
-2288
-2325
-1956
-1620
-1189
-1121
-689
-347
-236
-35
-95
25
615
1163
1566
2072
1877
1668
1656
1475
1876
2527
2979
3456
3598
3360
2841
1918
1469
1553
1653
1962
1992
1746
1927
1917
1733
1672
1660
1693
1548
1315
1221
1187
1353
1606
1657
1538
1388
1112
776
720
783
1075
1352
1347
1183
896
396
-111
-524
-693
-797
-813
-623
-583
-451
-441
-466
-552
-773
-1120
-1542
-1984
-2192
-2250
-2167
-2139
-2221
-2307
-2544
-2669
-3056
-3280
-3425
-3526
-3377
-3275
-3090
-2741
-2563
-2403
-2392
-2442
-2489
-2344
-1901
-1584
-1026
-561
-116
126
297
567
684
866
1221
1472
1852
2038
2180
2299
2166
2379
2268
2107
1959
1597
1497
1377
1338
1439
1589
1911
2036
1944
1948
1746
1690
1607
1767
1941
2163
2343
2348
2353
2062
2112
2087
2233
2325
2206
2056
1888
1494
1118
558
201
66
-9
215
107
197
16
-189
-468
-973
-1281
-1512
-1697
-1655
-1771
-1637
-1651
-1782
-1947
-2372
-2670
-2986
-3151
-3057
-2932
-2569
-2166
-2056
-1905
-2202
-2335
-2678
-2795
-2638
-2418
-1762
-1298
-855
-489
-420
-262
-296
-392
-330
-444
-304
-281
-98
204
448
761
816
769
601
377
352
331
319
348
275
359
390
502
684
671
777
737
813
967
1091
1362
1536
1833
2169
2276
2435
2536
2628
2692
2730
2659
2432
2346
2215
2232
2243
2222
2271
2077
1881
1482
1163
1002
885
876
667
600
474
506
519
472
379
168
-167
-553
-977
-1430
-1600
-1756
-1503
-1311
-1179
-1149
-1495
-1896
-2503
-2915
-2966
-2931
-2513
-2167
-1760
-1278
-1134
-925
-1091
-1246
-1394
-1681
-1719
-1773
-1675
-1378
-1326
-1132
-1119
-1136
-1158
-1513
-1620
-1809
-1691
-1443
-1365
-1203
-1218
-1218
-1213
-1251
-1117
-1050
-732
-477
-255
106
326
713
950
1129
1333
1476
1699
1872
1957
2018
2071
2204
2332
2481
2567
2528
2487
2304
2187
2058
1944
1946
1917
1960
1799
1700
1533
1412
1549
1619
1830
1897
2015
2064
1923
1678
1318
1083
841
612
396
267
157
192
84
-80
-296
-656
-906
-1304
-1512
-1640
-1633
-1466
-1349
-1233
-1211
-1226
-1254
-1315
-1282
-1278
-1363
-1408
-1539
-1543
-1492
-1396
-1214
-1258
-1323
-1540
-1881
-2148
-2434
-2578
-2640
-2595
-2453
-2379
-2241
-2120
-2001
-1839
-1816
-1680
-1578
-1481
-1304
-1129
-861
-540
-240
25
185
351
512
676
949
1104
1419
1633
1804
1909
1785
1701
1473
1306
1211
1219
1350
1484
1690
1876
1984
2110
2083
2050
1972
1908
1964
1916
2005
2029
2044
1971
1805
1764
1711
1709
1716
1655
1573
1443
1203
1074
819
666
534
525
635
556
609
461
282
77
-322
-485
-718
-763
-672
-625
-398
-417
-506
-851
-1433
-1944
-2409
-2623
-2640
-2594
-2482
-2458
-2434
-2450
-2584
-2649
-2844
-2981
-3014
-2946
-2781
-2640
-2452
-2334
-2243
-2223
-2234
-2232
-2250
-2148
-1943
-1652
-1213
-911
-652
-463
-358
-213
-113
-3
93
146
235
348
562
850
1151
1439
1654
1828
1927
2028
2120
2210
2315
2393
2448
2499
2580
2665
2720
2797
2814
2780
2694
2472
2209
1941
1760
1706
1744
1769
1794
1831
1808
1718
1539
1348
1186
1121
1116
1182
1339
1518
1613
1506
1248
928
646
437
272
145
-12
-200
-488
-893
-1270
-1657
-1931
-2151
-2376
-2553
-2684
-2750
-2861
-2958
-3067
-3148
-3176
-3326
-3477
-3546
-3526
-3410
-3299
-3242
-3138
-3006
-2868
-2672
-2480
-2196
-1899
-1656
-1388
-1187
-988
-809
-654
-507
-304
-45
218
407
586
796
1038
1363
1577
1760
1925
2031
2133
2129
2195
2264
2296
2335
2313
2367
2376
2367
2327
2247
2156
2045
1927
1866
1754
1761
1738
1734
1758
1665
1686
1675
1697
1687
1672
1724
1681
1679
1663
1734
1845
1866
1807
1611
1470
1277
1025
789
494
251
42
-135
-273
-481
-640
-882
-1128
-1375
-1693
-1942
-2222
-2483
-2665
-2788
-2825
-2848
-2894
-2982
-3061
-3049
-3016
-2926
-2838
-2692
-2490
-2297
-2081
-1958
-1926
-1905
-1870
-1762
-1624
-1398
-1119
-816
-452
-224
-64
11
25
29
16
82
230
468
711
916
1084
1214
1262
1288
1258
1195
1085
972
954
1010
1156
1268
1371
1447
1553
1670
1781
1822
1751
1669
1620
1631
1730
1877
2013
2157
2318
2432
2422
2325
2171
2074
2014
2014
1919
1742
1587
1387
1164
903
702
582
472
231
17
-122
-186
-318
-538
-837
-1169
-1431
-1617
-1738
-1778
-1795
-1754
-1736
-1765
-1837
-1997
-2134
-2286
-2414
-2462
-2487
-2477
-2432
-2295
-2046
-1791
-1596
-1510
-1511
-1533
-1582
-1546
-1461
-1341
-1204
-1128
-1063
-1046
-1042
-992
-896
-770
-674
-545
-431
-315
-214
-206
-217
-169
-116
-90
-91
-105
-82
48
224
451
666
848
1048
1186
1251
1292
1383
1534
1728
1924
2046
2136
2262
2297
2289
2205
2162
2194
2164
2098
1968
1798
1694
1552
1443
1351
1236
1142
971
803
588
429
291
93
-95
-284
-464
-620
-761
-843
-858
-848
-787
-779
-835
-957
-1157
-1352
-1518
-1570
-1528
-1423
-1277
-1177
-1152
-1090
-1115
-1144
-1194
-1248
-1234
-1213
-1248
-1350
-1448
-1533
-1542
-1547
-1549
-1537
-1506
-1468
-1469
-1460
-1379
-1273
-1189
-1148
-1154
-1194
-1203
-1217
-1224
-1178
-1068
-911
-782
-630
-474
-277
-94
36
137
269
430
582
728
888
1059
1186
1286
1369
1438
1531
1660
1763
1814
1866
1895
1930
1961
2007
2062
2056
2033
1956
1841
1736
1586
1418
1253
1102
967
874
833
879
915
910
813
656
495
337
222
130
80
13
-54
-113
-153
-155
-180
-200
-271
-412
-547
-663
-754
-808
-870
-944
-1033
-1121
-1266
-1441
-1565
-1613
-1619
-1616
-1738
-1854
-1972
-2054
-2113
-2116
-2004
-1886
-1739
-1654
-1638
-1631
-1598
-1551
-1522
-1508
-1430
-1293
-1048
-773
-483
-214
-43
41
67
87
112
189
292
477
663
858
1018
1161
1208
1171
1117
1062
1031
1074
1195
1377
1531
1612
1647
1603
1490
1339
1207
1098
1110
1174
1287
1362
1372
1358
1297
1203
1055
875
779
765
787
848
905
940
923
880
766
627
500
330
211
120
25
-24
-42
-104
-269
-470
-640
-832
-1006
-1194
-1343
-1500
-1597
-1637
-1740
-1787
-1841
-1868
-1878
-1865
-1886
-1875
-1837
-1784
-1734
-1675
-1605
-1554
-1464
-1396
-1262
-1111
-908
-714
-523
-401
-266
-152
22
222
339
447
541
629
590
574
533
542
615
715
818
846
812
770
688
618
564
580
644
749
751
699
676
632
614
604
603
630
693
716
752
720
738
841
891
967
1021
1050
1071
1034
977
926
946
942
925
874
770
672
554
491
358
205
68
-33
-117
-215
-351
-432
-561
-679
-729
-805
-898
-1009
-1117
-1131
-1131
-1117
-1053
-1057
-1079
-1093
-1082
-1152
-1237
-1292
-1270
-1161
-1060
-944
-815
-726
-676
-678
-671
-624
-558
-454
-364
-281
-213
-182
-148
-117
-138
-180
-178
-176
-96
-16
57
112
174
240
297
339
288
244
236
285
323
359
418
505
608
696
756
841
876
859
860
894
965
1085
1235
1384
1483
1508
1520
1457
1359
1274
1235
1174
1108
1033
995
951
899
837
821
818
696
510
293
107
-37
-186
-321
-446
-483
-502
-538
-595
-619
-598
-627
-673
-757
-864
-908
-907
-883
-823
-760
-688
-686
-727
-810
-841
-817
-790
-807
-752
-647
-576
-542
-527
-466
-443
-474
-512
-531
-549
-555
-592
-615
-650
-642
-513
-373
-283
-195
-115
10
54
-10
-73
-42
25
56
99
178
325
498
697
820
889
986
1049
1056
1093
1176
1337
1487
1561
1627
1678
1780
1877
1842
1721
1667
1624
1577
1500
1430
1453
1486
1512
1487
1378
1244
1065
819
562
314
170
134
136
127
119
116
98
-21
-229
-449
-623
-708
-720
-704
-684
-633
-607
-615
-685
-776
-844
-875
-890
-891
-850
-769
-663
-526
-429
-400
-415
-468
-538
-656
-776
-830
-848
-777
-631
-515
-422
-402
-358
-339
-335
-372
-405
-417
-404
-375
-278
-180
-115
-79
-36
41
56
109
151
230
327
436
596
725
778
874
970
1054
1112
1145
1195
1199
1181
1200
1216
1263
1220
1205
1170
1122
1106
1069
1045
1020
998
944
889
772
642
536
475
389
313
279
289
293
219
115
22
-64
-229
-380
-479
-477
-469
-441
-406
-314
-250
-263
-325
-403
-477
-598
-666
-691
-700
-666
-588
-502
-452
-455
-470
-538
-654
-752
-766
-720
-672
-657
-561
-425
-336
-316
-327
-371
-462
-556
-615
-627
-604
-503
-325
-103
90
246
345
403
391
315
320
378
429
505
617
752
864
930
939
954
993
992
1024
1026
1003
1009
1046
1072
1070
1052
1026
980
866
745
688
651
586
530
516
515
522
494
450
422
299
166
62
-16
-44
-41
-22
1
21
5
-53
-145
-270
-368
-439
-477
-466
-438
-376
-330
-302
-332
-389
-460
-568
-649
-657
-650
-620
-534
-468
-420
-410
-431
-481
-594
-726
-864
-930
-921
-812
-708
-643
-560
-508
-457
-453
-487
-471
-462
-515
-594
-664
-620
-502
-328
-117
78
265
386
490
509
433
315
265
285
340
417
504
612
717
818
836
796
701
595
576
596
644
714
780
760
718
665
628
589
515
459
443
448
451
470
490
484
461
419
363
321
273
240
195
155
130
108
78
21
-49
-100
-120
-135
-159
-201
-248
-288
-346
-385
-398
-381
-383
-402
-402
-455
-519
-563
-623
-668
-678
-633
-518
-439
-442
-466
-450
-446
-509
-607
-599
-535
-483
-448
-378
-264
-193
-127
-61
-12
31
63
68
-3
-79
-33
74
168
235
308
430
509
500
463
389
303
238
271
372
415
437
491
527
531
486
414
358
288
250
282
320
384
463
578
647
624
576
540
445
291
152
79
67
50
39
82
100
75
65
89
35
-110
-195
-217
-234
-280
-353
-397
-420
-496
-532
-576
-666
-756
-822
-869
-935
-943
-845
-747
-764
-808
-777
-728
-761
-860
-887
-860
-795
-728
-618
-478
-349
-259
-164
-103
-79
-35
19
91
161
241
360
468
477
459
478
468
406
445
534
580
584
573
598
556
490
500
499
480
478
531
594
618
605
584
557
524
536
525
495
413
385
410
357
319
335
378
417
375
316
278
223
168
113
76
108
142
155
136
68
3
-105
-198
-359
-487
-544
-562
-512
-504
-513
-520
-542
-601
-690
-750
-803
-850
-888
-901
-825
-780
-803
-814
-804
-753
-721
-722
-672
-593
-495
-384
-303
-183
-112
-51
-73
-142
-107
-19
98
132
141
182
250
296
260
208
239
326
338
338
360
381
397
343
306
314
272
223
163
105
97
131
210
262
286
346
454
529
550
556
553
560
514
479
466
500
527
548
545
526
464
398
352
262
160
119
118
100
65
66
116
100
11
-135
-260
-411
-547
-606
-633
-634
-595
-584
-617
-695
-757
-754
-743
-784
-829
-741
-612
-575
-615
-626
-573
-547
-562
-528
-468
-409
-360
-275
-177
-89
2
64
95
130
128
65
-15
-81
-25
58
73
24
43
152
218
139
7
-97
-46
60
109
112
162
272
384
380
318
315
381
496
584
607
618
707
829
911
896
862
911
965
987
973
966
937
856
767
714
682
660
651
662
641
609
626
597
471
307
148
-18
-141
-218
-239
-246
-288
-325
-332
-290
-285
-377
-505
-665
-752
-760
-824
-925
-1056
-1089
-986
-875
-824
-841
-835
-753
-739
-767
-825
-895
-893
-834
-752
-679
-620
-513
-373
-341
-357
-358
-347
-374
-461
-573
-606
-528
-351
-212
-148
-97
-34
45
62
37
-14
-85
-74
1
47
122
237
402
580
750
820
797
764
751
742
742
770
797
792
821
908
991
1025
1097
1202
1220
1107
1010
925
868
760
664
635
670
685
681
679
651
577
571
562
438
199
22
-10
-72
-194
-320
-348
-376
-394
-347
-318
-448
-619
-659
-693
-826
-925
-877
-800
-824
-819
-726
-632
-658
-682
-704
-777
-923
-989
-981
-1013
-1082
-1002
-839
-709
-647
-578
-518
-592
-683
-693
-680
-730
-774
-680
-529
-442
-338
-149
34
71
-5
-25
-3
9
51
83
131
113
-49
236
549
494
606
775
779
613
853
1197
1100
709
655
1031
1072
1014
1117
916
639
586
831
841
675
630
570
512
517
671
660
481
278
188
308
395
437
349
158
184
184
116
61
-64
-327
-461
-443
-410
-370
-428
-509
-528
-519
-488
-528
-730
-927
-970
-1014
-1031
-1100
-1177
-1195
-1159
-1178
-1193
-1155
-1090
-1018
-1013
-1033
-1028
-1021
-992
-988
-995
-1000
-922
-773
-715
-674
-638
-612
-581
-579
-559
-551
-487
-343
-158
29
152
257
354
404
426
405
415
485
537
572
635
688
757
805
842
891
936
1011
1076
1100
1056
988
913
877
887
924
1010
1055
1062
1069
1093
1091
1062
983
912
838
784
784
772
755
720
684
645
569
479
399
304
201
72
-9
-69
-117
-150
-215
-237
-271
-324
-365
-431
-504
-600
-700
-796
-858
-917
-938
-924
-941
-959
-993
-1009
-1065
-1134
-1172
-1215
-1214
-1223
-1236
-1193
-1160
-1134
-1122
-1072
-1039
-1003
-947
-912
-856
-788
-738
-660
-587
-526
-416
-301
-160
-48
40
128
216
275
308
368
429
493
556
634
708
768
827
878
929
979
1037
1063
1100
1161
1196
1211
1207
1188
1151
1103
1084
1055
1030
1036
1060
1066
1038
1011
963
894
826
780
763
722
657
595
503
417
347
243
144
41
-41
-70
-128
-235
-352
-461
-536
-626
-719
-790
-882
-996
-1073
-1092
-1129
-1171
-1231
-1313
-1390
-1478
-1505
-1531
-1547
-1514
-1478
-1455
-1422
-1399
-1370
-1335
-1327
-1312
-1281
-1235
-1194
-1127
-1025
-925
-835
-751
-672
-557
-434
-319
-216
-166
-132
-79
-1
95
186
281
385
482
602
693
778
844
863
922
984
1047
1142
1224
1313
1362
1401
1418
1398
1383
1365
1352
1318
1288
1262
1251
1233
1189
1152
1117
1088
1028
978
898
783
682
561
440
327
213
116
33
-71
-165
-252
-358
-430
-510
-576
-634
-734
-821
-906
-965
-1035
-1096
-1132
-1178
-1192
-1208
-1232
-1253
-1232
-1242
-1241
-1217
-1173
-1134
-1111
-1060
-1029
-990
-956
-916
-884
-832
-770
-709
-662
-624
-590
-523
-475
-410
-318
-254
-158
-88
-24
27
57
82
103
130
145
208
276
320
382
413
504
572
606
634
655
710
747
768
795
820
842
871
900
921
946
962
966
966
968
948
923
919
896
846
805
790
737
677
602
510
445
362
279
166
57
-21
-128
-227
-316
-428
-516
-569
-585
-615
-670
-747
-803
-813
-819
-817
-826
-838
-859
-873
-843
-804
-810
-843
-844
-820
-801
-766
-740
-712
-675
-631
-576
-514
-482
-470
-426
-375
-342
-286
-257
-258
-256
-214
-165
-119
-100
-98
-55
-31
3
11
37
98
133
166
199
221
243
262
323
358
408
466
523
582
578
627
650
671
746
814
868
871
863
875
900
906
900
864
806
778
762
775
783
752
717
685
670
623
548
496
463
423
388
340
265
186
92
28
-34
-95
-148
-214
-238
-271
-289
-332
-383
-448
-522
-547
-570
-614
-615
-618
-647
-667
-705
-713
-725
-757
-772
-756
-727
-720
-715
-730
-741
-711
-727
-735
-728
-728
-726
-742
-753
-752
-722
-698
-653
-634
-632
-624
-590
-539
-491
-465
-450
-396
-320
-233
-161
-127
-108
-75
-29
22
61
70
77
88
102
151
209
268
317
368
419
464
509
494
472
485
507
541
581
585
598
615
606
596
580
576
589
593
585
602
580
560
549
493
450
417
380
346
310
263
221
190
169
129
91
75
64
59
13
-27
-62
-86
-117
-135
-165
-244
-289
-328
-372
-422
-457
-514
-548
-554
-560
-555
-582
-600
-614
-600
-598
-614
-594
-599
-574
-546
-540
-507
-460
-438
-395
-346
-333
-290
-263
-233
-151
-117
-89
-35
-8
40
120
165
244
296
306
342
382
423
421
422
419
400
417
431
450
482
477
508
544
558
557
559
556
543
553
557
544
506
491
494
480
457
426
382
351
347
329
307
273
243
225
223
200
154
97
46
-8
-57
-92
-170
-225
-280
-332
-375
-409
-446
-505
-542
-568
-584
-618
-664
-701
-730
-774
-840
-867
-894
-908
-931
-925
-903
-900
-879
-847
-816
-796
-740
-679
-609
-572
-517
-435
-366
-320
-242
-161
-96
-18
90
194
251
307
353
390
444
460
516
589
612
675
719
766
797
804
820
834
863
876
936
984
1003
1013
996
981
982
945
913
901
857
831
783
737
746
720
674
624
557
487
449
396
339
281
204
141
96
50
-9
-60
-119
-163
-225
-256
-287
-355
-455
-521
-562
-604
-626
-647
-674
-698
-734
-742
-758
-767
-759
-796
-806
-839
-849
-840
-852
-834
-834
-837
-845
-849
-830
-856
-896
-904
-884
-853
-817
-780
-729
-681
-628
-567
-535
-510
-500
-450
-386
-319
-235
-152
-57
20
132
228
295
357
414
483
536
581
635
676
703
741
795
830
898
906
921
942
914
920
933
942
946
937
926
943
933
964
960
943
911
849
801
751
698
649
595
534
506
447
389
305
215
145
46
1
-84
-167
-216
-287
-319
-376
-417
-458
-528
-582
-628
-648
-698
-751
-794
-844
-891
-918
-937
-966
-958
-948
-937
-913
-883
-878
-867
-871
-873
-822
-795
-752
-721
-663
-595
-547
-505
-463
-415
-404
-360
-308
-277
-246
-196
-134
-87
-39
17
87
132
184
248
315
363
393
450
522
559
572
600
653
688
759
788
787
840
842
887
943
932
941
949
955
943
920
905
873
840
794
761
708
669
668
646
584
487
394
313
256
172
84
-5
-130
-210
-230
-260
-318
-369
-468
-542
-580
-623
-661
-727
-790
-822
-843
-862
-870
-892
-912
-913
-914
-910
-930
-926
-922
-911
-909
-904
-889
-880
-857
-824
-793
-789
-783
-772
-732
-662
-606
-581
-544
-496
-402
-304
-229
-187
-151
-100
-22
56
120
175
220
289
332
389
466
492
525
562
582
624
665
685
718
775
811
832
861
870
886
890
892
893
860
826
796
775
736
695
686
646
638
635
613
580
552
487
444
413
344
292
234
164
113
44
1
-39
-114
-192
-255
-289
-339
-379
-425
-473
-508
-529
-530
-545
-583
-650
-670
-705
-736
-747
-794
-800
-825
-842
-835
-835
-831
-818
-790
-770
-735
-692
-637
-594
-572
-541
-495
-445
-409
-351
-300
-248
-200
-143
-42
34
67
96
153
218
279
326
388
443
480
539
576
599
619
615
633
651
640
650
646
628
652
666
651
664
663
672
692
662
632
595
534
491
471
418
351
289
235
212
184
155
96
66
36
-14
-23
-44
-97
-131
-162
-184
-217
-266
-290
-323
-348
-371
-393
-442
-481
-489
-505
-505
-500
-506
-496
-499
-519
-544
-570
-624
-665
-673
-695
-710
-723
-724
-715
-704
-696
-673
-630
-591
-538
-485
-461
-438
-407
-375
-321
-270
-224
-168
-114
-43
24
93
151
214
269
326
412
462
511
556
595
635
658
686
737
740
745
735
739
765
756
754
734
717
690
690
680
650
608
549
498
479
437
394
331
275
236
201
181
157
123
82
64
28
15
-24
-59
-78
-99
-131
-165
-195
-213
-247
-275
-291
-313
-335
-359
-387
-415
-433
-433
-454
-470
-491
-492
-487
-502
-496
-526
-553
-558
-547
-531
-511
-512
-517
-495
-465
-422
-387
-369
-335
-317
-302
-276
-252
-243
-237
-228
-219
-171
-120
-60
-21
10
54
90
131
196
230
262
303
330
377
411
438
467
463
476
480
493
511
479
474
468
449
454
457
459
461
462
460
433
414
395
361
334
295
267
248
209
176
155
138
112
47
38
3
-19
-7
-61
-88
-115
-130
-155
-183
-209
-245
-266
-288
-322
-316
-343
-367
-355
-372
-368
-388
-385
-378
-386
-388
-370
-345
-330
-333
-326
-333
-346
-335
-340
-323
-301
-302
-318
-305
-289
-257
-214
-199
-185
-165
-127
-102
-93
-87
-84
-81
-56
-25
-18
-11
-12
32
60
77
121
134
146
163
186
223
257
274
292
303
314
328
360
355
355
376
385
403
408
405
407
404
405
429
453
454
462
476
506
491
486
488
497
490
469
480
430
414
406
386
355
307
269
240
230
193
176
154
100
86
46
20
-7
-42
-57
-85
-100
-116
-137
-171
-193
-215
-242
-255
-275
-281
-292
-303
-318
-326
-352
-372
-353
-358
-365
-366
-359
-352
-351
-352
-343
-332
-343
-322
-301
-306
-301
-296
-279
-276
-291
-276
-238
-223
-216
-225
-220
-200
-193
-178
-165
-157
-155
-117
-80
-64
-49
-34
3
49
92
116
135
153
174
187
203
212
229
235
232
259
282
292
296
304
306
300
299
289
279
269
265
258
249
232
215
217
190
160
142
135
120
91
64
27
-8
-34
-63
-79
-105
-159
-179
-213
-236
-263
-288
-311
-333
-343
-369
-371
-392
-406
-420
-426
-435
-417
-405
-395
-389
-372
-328
-337
-327
-326
-289
-244
-235
-214
-182
-164
-135
-95
-75
-39
-12
22
63
97
125
154
169
167
186
222
252
270
303
305
307
326
352
370
363
355
346
358
390
382
388
375
355
359
334
329
338
318
299
304
323
317
313
313
292
279
269
259
248
207
195
179
136
123
122
111
75
41
21
-27
-40
-58
-93
-114
-161
-184
-188
-201
-238
-275
-309
-326
-342
-356
-358
-381
-417
-432
-428
-428
-443
-462
-470
-480
-503
-503
-520
-532
-529
-507
-470
-443
-419
-397
-365
-344
-316
-289
-245
-230
-223
-202
-174
-115
-72
-31
-10
10
44
88
139
148
147
171
199
211
227
226
234
256
262
294
298
287
288
266
272
259
239
231
225
235
220
202
193
176
166
156
125
101
78
64
51
35
17
-16
-39
-24
-12
-11
-17
-25
-42
-61
-68
-89
-99
-94
-96
-97
-113
-117
-115
-116
-116
-107
-95
-112
-111
-110
-114
-111
-137
-130
-129
-119
-83
-74
-69
-75
-83
-79
-63
-43
-35
-35
-43
-34
-2
27
44
55
51
48
64
85
124
123
108
112
122
146
165
188
201
204
226
232
244
255
263
248
242
232
233
247
260
259
240
239
230
219
188
168
150
121
100
91
99
84
73
65
58
57
58
39
10
-8
-25
-12
-29
-57
-83
-93
-114
-132
-168
-190
-190
-226
-211
-230
-260
-276
-294
-306
-314
-338
-369
-387
-394
-402
-394
-392
-403
-403
-392
-368
-337
-318
-296
-287
-280
-270
-266
-256
-247
-230
-206
-211
-208
-199
-175
-160
-156
-135
-135
-122
-120
-98
-65
-53
-63
-31
-15
6
14
9
18
33
48
49
56
56
71
79
117
128
107
102
101
133
147
163
161
156
157
158
189
194
183
183
180
179
176
182
173
159
143
143
136
105
85
79
63
45
32
3
-3
-27
-76
-77
-75
-70
-80
-130
-136
-149
-143
-145
-162
-173
-167
-166
-165
-168
-172
-194
-212
-224
-235
-217
-207
-179
-169
-148
-134
-110
-98
-91
-70
-53
-43
-9
19
14
37
34
38
63
71
95
113
134
136
130
151
152
161
174
171
194
193
184
205
202
186
179
180
188
190
200
189
215
210
203
211
218
216
209
218
191
197
172
147
146
136
136
140
135
145
143
118
108
87
60
47
16
11
-20
-63
-65
-81
-102
-110
-121
-163
-163
-191
-208
-216
-247
-261
-252
-260
-280
-271
-291
-277
-266
-283
-278
-269
-273
-254
-229
-233
-215
-222
-219
-183
-173
-143
-117
-91
-82
-65
-58
-27
18
45
61
69
102
127
145
165
162
148
146
169
191
180
177
179
190
194
192
199
207
208
193
210
213
199
207
199
195
186
172
161
150
160
157
154
148
128
127
102
74
56
21
10
2
7
-5
-6
-23
-19
-30
-46
-50
-40
-34
-43
-55
-78
-93
-103
-96
-107
-106
-113
-119
-125
-108
-108
-125
-150
-165
-164
-161
-149
-151
-157
-134
-139
-141
-139
-150
-128
-118
-121
-118
-136
-140
-124
-116
-81
-72
-53
-24
-6
21
23
48
47
68
95
120
140
160
182
204
220
235
263
283
273
293
306
292
294
286
290
303
287
289
310
287
288
282
279
280
266
245
238
230
215
201
176
163
153
135
116
99
82
52
29
15
-19
-36
-56
-70
-73
-95
-111
-108
-119
-146
-169
-190
-186
-194
-204
-175
-178
-196
-194
-205
-171
-165
-176
-172
-178
-181
-173
-165
-149
-137
-146
-140
-136
-142
-134
-135
-117
-120
-123
-105
-119
-114
-91
-99
-102
-106
-119
-94
-91
-82
-77
-97
-95
-84
-68
-53
-47
-35
-23
-2
15
18
21
29
32
36
66
76
86
102
112
123
137
143
162
179
175
178
169
176
192
195
185
176
161
145
147
144
138
133
132
117
102
103
109
96
86
80
84
80
62
49
29
-2
-8
-19
-39
-42
-67
-67
-61
-80
-79
-97
-97
-109
-106
-93
-100
-91
-89
-75
-70
-66
-71
-56
-63
-65
-60
-50
-39
-40
-20
-16
-12
-18
-9
-7
2
5
6
22
27
35
51
45
35
23
27
50
35
42
41
40
44
62
66
72
87
83
91
93
101
99
103
100
110
122
121
113
135
139
131
145
123
142
147
153
164
173
158
158
166
166
168
147
158
145
137
151
167
153
141
131
104
99
100
87
83
58
28
13
-24
-52
-77
-86
-93
-94
-94
-107
-126
-123
-137
-154
-172
-176
-181
-202
-192
-197
-228
-235
-236
-232
-231
-239
-238
-211
-210
-222
-186
-159
-142
-140
-139
-135
-135
-127
-112
-105
-97
-99
-78
-48
-36
-31
-16
-8
-1
11
40
69
74
75
69
76
67
65
61
47
42
38
36
42
27
40
38
26
14
0
8
-19
-48
-51
-78
-98
-106
-122
-128
-141
-139
-149
-146
-145
-161
-156
-163
-164
-172
-165
-149
-159
-148
-140
-150
-130
-148
-147
-136
-146
-118
-127
-141
-115
-123
-138
-156
-174
-157
-169
-183
-192
-214
-219
-216
-230
-239
-243
-259
-253
-243
-240
-236
-255
-248
-236
-245
-242
-236
-232
-223
-199
-181
-161
-147
-137
-116
-100
-71
-42
-33
-5
19
21
51
59
62
86
100
118
137
136
151
161
161
184
183
168
175
188
187
192
186
192
220
203
209
207
182
180
173
167
168
130
102
119
112
115
99
76
79
89
78
80
76
41
17
6
-11
-13
-41
-43
-45
-59
-64
-88
-86
-90
-124
-125
-106
-108
-107
-103
-116
-108
-112
-130
-119
-119
-128
-122
-129
-118
-109
-126
-121
-109
-104
-102
-93
-74
-70
-81
-84
-73
-61
-78
-82
-82
-78
-61
-72
-70
-55
-51
-44
-46
-26
-39
-30
-8
-6
9
23
35
56
53
52
63
68
72
94
116
133
155
153
175
189
174
177
186
207
193
173
167
154
148
161
140
135
136
109
93
87
61
58
33
29
14
-14
-38
-54
-57
-94
-111
-115
-132
-141
-144
-155
-156
-193
-201
-199
-216
-207
-217
-207
-200
-207
-199
-184
-172
-167
-148
-137
-109
-112
-89
-65
-56
-40
-25
-4
13
32
28
57
69
85
85
98
116
124
140
135
137
139
140
137
149
146
150
145
138
149
152
161
161
159
158
160
156
144
138
121
119
120
113
111
118
111
109
110
114
115
114
128
121
141
131
129
141
127
135
137
133
138
110
114
127
127
113
89
95
77
53
46
30
16
-28
-58
-64
-96
-115
-148
-188
-196
-227
-244
-234
-241
-247
-246
-243
-231
-229
-233
-222
-211
-221
-194
-185
-168
-158
-147
-123
-107
-89
-60
-37
-25
-6
-9
27
38
47
54
83
106
123
144
174
200
214
211
230
217
212
245
224
249
245
244
263
261
257
259
247
235
223
212
199
178
172
147
125
90
60
52
36
27
17
10
-10
-16
-28
-39
-41
-54
-61
-52
-70
-89
-85
-102
-82
-85
-73
-51
-55
-60
-68
-73
-77
-79
-82
-96
-93
-79
-80
-76
-101
-96
-74
-98
-112
-109
-122
-128
-134
-131
-129
-141
-163
-184
-195
-197
-203
-199
-193
-193
-182
-169
-159
-148
-141
-133
-103
-74
-70
-53
-46
-18
7
39
53
80
117
139
181
212
246
270
304
323
337
354
374
395
405
419
413
408
416
406
416
413
404
397
365
362
331
312
287
250
228
188
158
144
100
81
50
17
-15
-59
-85
-98
-127
-150
-159
-172
-182
-216
-233
-246
-276
-290
-303
-308
-311
-321
-329
-317
-316
-313
-300
-291
-280
-280
-282
-256
-246
-240
-225
-219
-192
-176
-175
-160
-137
-127
-94
-70
-64
-45
-37
-40
-24
2
-2
-3
26
52
72
78
88
107
119
136
126
154
166
175
204
234
238
241
258
274
304
318
332
356
357
377
399
397
420
431
429
435
447
438
443
432
424
416
394
376
358
336
322
318
267
268
242
204
177
142
132
91
53
18
-8
-46
-72
-99
-122
-144
-176
-201
-226
-232
-262
-268
-283
-317
-330
-349
-334
-336
-350
-358
-356
-352
-371
-361
-354
-334
-330
-327
-323
-297
-277
-272
-257
-242
-227
-204
-178
-168
-134
-118
-94
-78
-78
-38
-25
-9
8
33
61
67
87
114
129
138
142
143
147
146
152
171
191
205
229
237
241
267
258
255
285
293
297
307
311
341
327
259
290
336
320
251
271
318
250
227
261
222
164
197
191
166
135
106
111
72
40
53
3
-38
-24
-63
-97
-109
-141
-134
-155
-192
-181
-230
-240
-262
-294
-272
-282
-307
-308
-301
-341
-354
-351
-329
-313
-330
-303
-280
-267
-253
-227
-207
-198
-186
-153
-117
-103
-81
-36
-36
-7
8
19
42
49
88
118
122
132
153
150
147
157
149
148
141
149
143
139
117
120
113
121
116
97
131
104
99
101
88
72
69
69
53
25
24
34
-8
-42
-10
-8
-45
-40
-21
-24
-48
-32
-28
-32
-37
-38
-25
-39
-50
-39
-42
-60
-62
-76
-83
-93
-101
-108
-101
-111
-131
-136
-143
-177
-190
-191
-208
-217
-243
-243
-233
-243
-246
-227
-234
-235
-220
-224
-218
-223
-210
-212
-221
-202
-186
-181
-151
-141
-112
-93
-87
-42
-17
6
10
36
68
90
117
127
150
170
183
207
221
240
252
239
254
256
261
265
258
259
256
251
248
243
242
221
209
216
200
193
164
162
157
146
136
94
87
88
87
80
71
77
74
61
47
48
48
29
29
19
1
3
-13
-18
-2
-13
-16
-36
-53
-37
-34
-53
-59
-68
-84
-88
-103
-110
-138
-137
-146
-157
-167
-178
-190
-215
-217
-223
-224
-241
-254
-263
-246
-247
-254
-251
-233
-239
-227
-228
-226
-231
-229
-216
-203
-179
-182
-150
-127
-119
-120
-112
-85
-67
-57
-52
-19
4
26
45
55
68
66
88
121
112
119
154
160
153
180
176
175
176
163
179
174
166
151
157
157
131
120
114
110
88
77
84
77
57
58
51
23
26
-3
-13
-16
-43
-34
-41
-62
-49
-46
-67
-71
-64
-68
-85
-73
-81
-77
-75
-91
-86
-84
-104
-104
-98
-107
-95
-105
-115
-110
-107
-110
-114
-125
-133
-145
-156
-158
-161
-169
-178
-188
-186
-183
-190
-173
-173
-162
-140
-151
-135
-106
-108
-79
-75
-58
-18
-16
-12
-9
8
23
30
42
78
81
107
127
147
172
167
175
202
215
212
227
257
273
256
256
271
265
268
252
246
228
203
194
192
192
176
156
146
129
116
102
86
77
63
51
37
19
-8
-17
-37
-51
-50
-68
-64
-65
-55
-56
-65
-73
-68
-63
-71
-84
-92
-65
-74
-88
-60
-53
-54
-65
-70
-61
-51
-53
-50
-47
-46
-59
-65
-66
-67
-88
-84
-80
-89
-104
-113
-113
-128
-129
-126
-144
-144
-143
-131
-122
-134
-124
-99
-96
-78
-56
-43
-19
-5
8
37
58
58
83
120
121
143
138
153
177
192
213
240
266
278
290
289
321
346
344
357
362
343
337
334
326
331
335
318
311
291
257
262
240
221
217
190
152
130
103
72
58
23
8
-8
-35
-39
-42
-51
-57
-67
-83
-76
-77
-82
-73
-67
-94
-95
-75
-79
-58
-59
-57
-27
-26
-28
-9
-11
-10
12
2
19
18
17
29
14
28
25
24
27
42
40
37
38
32
39
33
32
44
34
34
42
57
51
37
54
61
52
59
62
89
78
64
62
62
73
69
62
70
66
66
72
66
75
93
100
99
101
106
107
96
93
88
93
96
92
111
111
83
97
96
78
44
68
49
24
61
-26
-16
-25
-49
-62
-35
-66
-54
-79
-83
-63
-106
-86
-99
-101
-106
-106
-102
-92
-79
-78
-70
-73
-58
-64
-60
-49
-69
-49
-44
-48
-24
-34
-38
2
-4
25
53
32
67
71
64
92
100
119
142
153
163
170
170
170
186
196
192
211
202
187
191
193
188
186
177
167
153
156
152
143
142
134
129
127
118
100
111
103
99
88
91
87
84
95
80
69
75
52
40
40
17
37
30
17
23
7
-10
-12
-19
-21
-36
-47
-59
-81
-86
-88
-79
-90
-101
-112
-122
-125
-133
-144
-152
-157
-156
-155
-142
-129
-141
-137
-123
-104
-86
-84
-77
-58
-46
-21
-8
13
42
40
57
67
89
122
133
148
166
171
178
202
198
206
214
222
232
218
228
234
232
226
218
227
204
186
187
171
178
166
150
150
116
101
90
79
78
68
48
48
37
14
-3
-23
-24
-21
-35
-52
-51
-75
-82
-79
-99
-96
-103
-114
-103
-107
-110
-104
-118
-111
-119
-133
-134
-142
-152
-157
-173
-179
-181
-189
-168
-177
-184
-169
-174
-174
-179
-196
-170
-171
-184
-167
-179
-165
-157
-166
-145
-131
-132
-117
-114
-102
-69
-43
-31
-15
12
21
52
71
77
112
101
126
165
160
174
196
195
228
237
241
267
251
259
266
255
276
279
278
273
271
285
263
256
253
258
251
242
238
204
196
178
157
150
127
103
85
64
52
40
23
6
11
-10
-4
-13
-26
-19
-34
-43
-49
-65
-71
-67
-82
-64
-56
-62
-42
-47
-41
-37
-42
-18
-27
-30
-16
-30
-14
-21
-26
-15
-10
-16
-12
-10
-6
-8
-20
-1
-36
-23
-58
-60
-55
-87
-74
-104
-102
-95
-89
-94
-87
-109
-82
-82
-88
-83
-94
-54
-63
-64
-46
-40
-9
1
16
29
38
43
48
69
87
97
96
108
123
132
134
114
126
124
123
143
162
166
151
147
127
129
114
93
94
85
75
66
46
34
21
24
4
-10
0
-18
-34
-57
-71
-61
-61
-93
-92
-98
-124
-136
-132
-132
-130
-132
-123
-104
-105
-88
-74
-59
-65
-58
-40
-20
-5
6
15
29
49
40
57
59
52
83
90
105
112
102
103
107
112
111
105
104
106
98
105
101
101
108
106
105
94
90
99
82
71
93
81
85
57
56
74
70
69
64
84
77
83
82
101
86
92
93
103
101
86
84
78
65
57
61
42
33
26
26
26
4
-4
-11
-33
-37
-32
-47
-61
-74
-91
-92
-111
-127
-125
-136
-146
-169
-190
-185
-194
-215
-211
-205
-220
-237
-227
-232
-237
-218
-223
-215
-221
-224
-208
-212
-214
-211
-172
-169
-160
-154
-148
-127
-132
-114
-101
-94
-75
-64
-53
-60
-52
-30
-22
3
-3
1
34
32
56
62
72
90
93
107
103
113
124
121
144
143
148
176
161
151
165
163
159
160
155
155
155
147
155
159
155
169
180
192
182
181
189
196
198
198
214
193
194
185
181
183
155
147
155
157
135
138
115
100
81
40
41
31
18
2
-6
-21
-51
-64
-92
-116
-119
-129
-118
-133
-154
-166
-173
-189
-212
-205
-218
-226
-209
-206
-205
-203
-220
-195
-185
-168
-160
-139
-115
-97
-92
-80
-54
-46
-29
-24
-10
13
17
45
66
63
87
87
100
112
108
117
124
127
138
138
143
127
122
138
93
100
93
62
77
67
57
67
67
53
48
32
1
5
-1
-5
6
-4
-18
-22
-29
-37
-19
-24
-32
-35
-24
-31
-48
-40
-41
-54
-53
-33
-29
-20
-14
-8
-2
-9
-11
-4
-14
-22
-29
-25
-24
-30
-21
-16
-22
-37
-48
-52
-73
-82
-85
-89
-90
-115
-123
-136
-140
-136
-144
-140
-144
-160
-145
-146
-136
-120
-122
-90
-97
-92
-57
-49
-43
-16
-14
6
24
13
41
62
91
109
104
90
116
135
119
131
107
112
130
130
123
121
98
86
95
81
71
56
56
56
55
49
46
46
37
22
11
-13
-35
-47
-51
-61
-92
-95
-85
-88
-82
-83
-95
-73
-70
-62
-50
-49
-62
-60
-46
-33
-43
-49
-51
-41
-42
-75
-73
-78
-86
-79
-97
-114
-120
-132
-146
-148
-136
-145
-146
-155
-168
-152
-162
-186
-187
-191
-179
-165
-164
-168
-162
-175
-197
-188
-184
-173
-192
-205
-181
-186
-186
-185
-176
-146
-136
-136
-108
-69
-71
-67
-44
-32
-19
-19
-21
11
16
36
50
20
42
42
34
63
64
60
60
47
68
59
22
22
17
24
20
-7
-5
-12
-22
-27
-32
-39
-43
-43
-54
-70
-94
-105
-91
-91
-88
-91
-123
-106
-87
-92
-87
-88
-77
-72
-60
-40
-47
-26
-40
-57
-37
-36
-29
-16
-4
7
-2
5
9
31
43
40
55
39
43
64
38
45
44
41
37
31
25
33
14
13
50
32
-1
6
-21
-29
-26
-88
-77
-64
-96
-92
-95
-104
-77
-83
-92
-89
-85
-92
-86
-80
-84
-81
-86
-76
-53
-52
-53
-60
-54
-45
-47
-42
-44
-37
-26
-23
-24
-12
-25
-30
-47
-52
-33
-39
-53
-41
-23
-27
-54
-66
-69
-63
-96
-122
-116
-118
-130
-152
-153
-177
-180
-179
-191
-178
-187
-197
-195
-197
-184
-190
-209
-203
-186
-165
-195
-179
-181
-182
-162
-179
-168
-135
-138
-135
-124
-132
-119
-117
-106
-83
-55
-42
-63
-53
-44
-36
-25
-26
-20
-24
-35
-32
-41
-50
-45
-47
-45
-41
-57
-66
-63
-58
-66
-74
-69
-75
-82
-73
-83
-69
-85
-94
-86
-81
-80
-87
-91
-104
-114
-88
-63
-51
-53
-63
-45
-40
-70
-64
-44
-39
6
-2
-13
-15
-6
6
24
40
21
40
35
33
40
20
23
41
27
20
18
14
5
-7
-24
-22
-24
-46
-37
-47
-63
-60
-61
-64
-54
-56
-73
-67
-62
-70
-64
-67
-69
-67
-71
-85
-73
-76
-76
-85
-92
-65
-76
-92
-98
-86
-74
-79
-81
-94
-88
-86
-104
-86
-104
-106
-112
-105
-99
-92
-102
-102
-89
-93
-90
-104
-107
-109
-116
-111
-113
-128
-124
-132
-121
-129
-142
-143
-149
-145
-127
-148
-161
-173
-135
-129
-160
-129
-174
-136
-132
-135
-88
-121
-105
-95
-121
-93
-122
-99
-93
-89
-64
-85
-93
-78
-81
-62
-62
-46
-17
-17
-11
-21
-13
-15
-19
-23
-14
-11
-27
-37
-23
-28
-43
-37
-36
-36
-30
-39
-47
-29
-48
-43
-44
-30
-18
-29
-17
2
9
-2
6
5
14
22
28
27
36
45
29
25
10
24
21
20
24
16
23
22
19
4
3
2
-4
-11
-4
-1
1
-3
11
4
-6
-6
-7
-1
-16
-19
-41
-34
-52
-55
-61
-69
-72
-86
-94
-99
-96
-118
-103
-110
-115
-99
-105
-91
-84
-86
-82
-76
-92
-72
-76
-75
-63
-71
-52
-68
-57
-29
-27
-30
-38
-34
-18
-23
-41
-52
-38
-54
-52
-41
-58
-35
-54
-41
-16
-22
-18
-1
2
23
36
43
19
21
33
14
15
-1
-6
5
-14
-18
-3
-38
-31
-52
-60
-27
-32
-42
-29
-27
-45
-46
-64
-43
-36
-32
-12
-39
-26
-44
-35
-12
-48
-31
-24
-41
-21
-20
-26
-35
-67
-56
-64
-84
-81
-88
-101
-112
-133
-128
-118
-132
-129
-146
-137
-130
-147
-154
-146
-145
-146
-138
-118
-115
-104
-91
-81
-63
-70
-48
-32
-37
-35
-32
-25
0
-1
0
27
39
40
51
39
35
51
51
63
79
64
71
84
76
70
85
67
65
66
62
71
63
47
51
27
15
18
-4
-8
-22
-34
-57
-55
-59
-63
-75
-73
-79
-101
-97
-98
-97
-98
-120
-114
-109
-103
-90
-94
-83
-70
-92
-73
-54
-41
-28
-32
-17
-8
1
-5
10
24
10
27
28
31
45
36
49
51
42
38
44
50
37
23
33
37
24
10
5
9
-2
-6
-28
-11
-27
-51
-54
-59
-72
-93
-115
-115
-117
-110
-121
-98
-105
-110
-79
-91
-91
-75
-83
-66
-78
-66
-38
-44
-32
-16
-10
13
19
41
67
54
72
71
79
85
92
103
99
91
70
85
70
62
73
55
49
41
30
29
5
-4
-14
-19
-14
-31
-32
-70
-71
-59
-57
-40
-31
-38
-35
-21
-39
-9
15
0
2
0
-8
5
28
28
50
58
56
58
57
60
68
71
75
109
100
100
112
103
99
125
129
117
114
106
98
91
90
95
90
66
47
52
44
11
19
3
-14
-24
-27
-32
-35
-53
-54
-52
-59
-63
-67
-63
-54
-60
-70
-48
-38
-45
-34
-25
-24
-17
-1
3
7
28
26
30
45
41
47
53
64
93
107
96
105
115
109
102
94
89
97
71
65
68
56
44
29
41
24
12
-2
0
-5
-28
-36
-47
-36
-47
-72
-59
-86
-89
-102
-111
-96
-79
-91
-77
-85
-86
-64
-64
-52
-39
-22
-20
-13
-25
10
23
0
22
24
43
50
38
66
70
55
54
38
58
51
27
15
13
12
-11
-4
-5
-14
-29
-46
-54
-62
-81
-94
-99
-103
-106
-94
-106
-88
-75
-96
-90
-89
-79
-70
-81
-75
-62
-53
-45
-32
-36
-14
-3
5
24
40
46
43
61
67
79
70
71
93
83
83
90
76
88
87
73
76
60
53
45
24
2
6
-1
-8
-12
-11
-31
-50
-60
-81
-91
-99
-99
-106
-110
-115
-121
-129
-122
-110
-114
-122
-103
-97
-93
-90
-66
-31
-9
-11
-9
17
23
23
31
44
63
67
65
81
97
85
71
87
94
104
111
95
83
84
77
64
59
48
40
44
34
30
17
20
8
-16
7
-19
-45
-37
-31
-39
-45
-65
-58
-43
-59
-54
-53
-56
-34
-52
-49
-30
-34
-34
-30
-23
-19
1
9
16
54
58
60
71
78
86
77
77
76
70
68
73
85
87
67
79
52
38
43
21
29
14
4
13
-8
-8
1
-1
-11
-19
-14
-10
-10
-16
-8
10
4
10
17
40
23
30
44
47
64
53
62
69
62
74
91
75
97
89
79
72
73
71
78
79
76
72
62
62
64
57
45
40
24
30
19
5
0
-18
-21
-35
-42
-49
-44
-42
-64
-75
-74
-102
-88
-101
-107
-99
-124
-123
-126
-130
-117
-112
-109
-112
-102
-116
-95
-78
-86
-69
-56
-50
-44
-46
-25
3
-3
-16
6
13
19
16
17
32
40
42
28
36
17
9
3
-16
-12
-19
-28
-18
-15
-14
-17
-27
-19
-16
-20
-23
-24
-17
-28
-32
-22
10
5
8
3
10
10
16
6
-2
17
7
6
-6
2
-9
0
4
0
4
1
6
26
26
29
32
11
32
29
39
23
28
27
25
21
24
23
2
-1
0
3
-13
-19
-29
-31
-18
-16
-47
-32
-22
-20
-6
-7
17
34
36
38
59
55
67
81
79
76
57
54
56
87
77
69
86
77
87
102
105
95
98
96
102
100
80
82
62
52
56
44
36
40
35
46
57
50
46
45
39
11
-11
-9
-8
-15
-22
-23
-14
-21
-39
-48
-63
-64
-49
-52
-56
-34
-45
-51
-32
-31
-15
-11
-20
-3
8
27
36
29
35
40
51
61
79
87
90
98
101
98
90
88
78
68
53
63
79
43
17
0
-23
-38
-44
-68
-70
-102
-106
-93
-110
-110
-117
-123
-127
-133
-129
-128
-112
-79
-74
-72
-71
-63
-57
-42
-11
-14
-19
12
28
53
62
75
83
78
81
92
115
101
101
125
128
131
143
143
150
150
158
166
157
159
161
138
138
143
121
118
110
104
108
102
99
94
105
110
77
72
77
69
64
66
63
68
69
88
87
95
108
117
131
142
143
137
138
146
152
148
151
157
146
147
132
123
117
96
80
69
55
34
22
17
9
-20
-14
-9
-35
-41
-67
-59
-51
-51
-68
-81
-81
-110
-121
-116
-123
-117
-117
-126
-109
-113
-112
-82
-71
-50
-49
-54
-37
-18
1
10
11
29
35
47
77
88
107
103
129
153
144
161
160
152
166
175
169
197
194
195
194
205
189
176
184
172
173
158
146
138
130
112
103
88
63
63
54
23
28
16
-18
-2
-1
-5
-7
-28
-26
-29
-33
-35
-24
-27
-40
-35
-12
-21
-23
-20
-9
19
13
20
45
35
32
47
65
81
64
63
68
78
67
62
84
78
73
90
89
85
90
89
107
93
96
87
61
54
52
63
55
33
50
36
11
24
24
38
26
28
29
40
46
52
75
84
77
68
80
104
110
85
94
112
103
110
111
120
108
89
92
101
111
98
88
98
111
99
76
80
104
87
53
53
59
80
43
25
28
21
20
9
13
28
-8
-32
-23
-21
-31
-53
-48
-49
-41
-47
-35
-33
-33
-59
-45
-32
-33
-25
-34
-7
11
12
13
26
38
38
25
30
31
30
45
34
39
31
22
26
28
10
-12
-16
-19
-4
-16
-19
-37
-39
-26
-31
-31
-48
-33
-37
-27
-32
-28
-18
-40
-23
-18
-12
-17
-22
-15
-5
-5
7
15
29
39
43
55
55
46
70
62
70
64
79
91
85
84
81
77
87
83
79
80
68
77
61
65
79
73
62
46
45
44
26
0
12
12
2
-12
-25
-9
-11
-16
-11
-2
-20
-43
-27
-21
-21
-24
-56
-56
-68
-80
-95
-89
-85
-99
-91
-79
-46
-53
-63
-67
-45
-43
-60
-44
-48
-44
-46
-47
-46
-43
-44
