0
-7
-11
-18
-11
-31
-31
-23
-33
-46
-29
-17
-19
-13
-6
9
3
8
-2
-5
-14
-11
-3
21
15
5
9
20
21
14
11
1
1
6
13
11
21
9
3
2
-9
-8
-11
-10
-7
-17
-13
-14
-12
-13
-22
-27
-36
-46
-44
-51
-50
-44
-38
-34
-36
-40
-43
-48
-66
-62
-52
-70
-62
-50
-58
-58
-54
-48
-52
-49
-63
-53
-51
-69
-52
-63
-66
-51
-39
-25
-41
-61
-65
-58
-67
-61
-61
-71
-73
-71
-63
-50
-58
-76
-59
-65
-49
-44
-50
-58
-64
-77
-80
-79
-91
-74
-86
-83
-81
-88
-74
-89
-88
-85
-100
-95
-97
-89
-86
-93
-97
-89
-112
-99
-93
-84
-75
-92
-73
-55
-55
-42
-37
-57
-48
-25
-21
-13
-20
-32
-23
-18
-49
-26
-36
-34
-23
-35
-37
-34
-31
-25
-17
-16
-19
-33
-50
-62
-61
-69
-75
-75
-56
-70
-77
-79
-87
-74
-86
-84
-68
-77
-70
-56
-60
-54
-50
-47
-49
-52
-42
-48
-51
-38
-35
-28
-10
-21
-3
3
5
11
16
14
23
25
36
53
45
67
61
49
62
60
39
37
35
35
44
43
53
55
43
40
35
36
21
28
28
28
28
18
2
4
-11
-26
-17
-16
-21
-26
-45
-68
-55
-62
-65
-71
-77
-85
-80
-74
-91
-100
-94
-116
-121
-132
-139
-145
-141
-157
-138
-124
-145
-130
-153
-173
-167
-173
-184
-162
-162
-164
-155
-162
-147
-149
-146
-136
-139
-139
-132
-149
-156
-163
-162
-160
-156
-139
-148
-137
-133
-130
-139
-122
-128
-119
-116
-125
-125
-133
-125
-127
-113
-94
-89
-91
-89
-75
-72
-84
-73
-72
-76
-72
-75
-58
-53
-63
-69
-69
-69
-72
-65
-55
-57
-60
-49
-46
-48
-37
-32
-47
-31
-27
-24
-15
-6
0
1
13
-1
-1
11
1
6
-5
-14
-15
-19
-11
-17
-22
-1
-27
-19
-17
-27
-28
-47
-42
-44
-44
-45
-42
-46
-30
-30
-38
-29
-9
-17
-17
9
-5
2
7
-3
15
13
12
7
-2
-9
-5
-10
-17
2
3
2
4
14
-5
-1
-2
-1
1
-14
-13
-16
-22
-26
-31
-46
-45
-57
-77
-53
-61
-67
-79
-74
-75
-75
-70
-66
-71
-71
-53
-65
-79
-76
-84
-72
-71
-72
-56
-44
-48
-34
-30
-47
-39
-40
-17
-23
-26
-10
-28
-21
-23
-36
-23
-8
-32
-29
-35
-28
-15
-25
-4
-2
-11
0
8
2
-1
4
-3
-13
-25
-16
-17
-23
-23
-17
-11
-8
9
-5
10
9
-4
15
-9
1
15
6
26
14
18
28
17
22
5
14
13
30
29
13
12
6
-1
2
-7
-11
4
1
-9
10
21
10
17
9
12
17
23
22
4
7
4
-9
5
-5
-11
-18
-22
-25
-26
-19
-11
-14
-18
-16
-5
-10
-19
-27
-35
-19
-27
-21
-27
-20
-24
-27
-24
-24
-29
-34
-25
-39
-35
-45
-46
-40
-40
-32
-30
-25
-19
-22
-10
12
4
11
0
-4
10
-1
-3
9
6
-6
-4
-20
-31
-7
-19
-4
13
-8
-5
-8
-16
-10
-4
-14
-24
-20
-18
-23
-26
-32
-39
-31
-19
-19
-11
-11
-15
4
-9
1
16
22
9
20
49
22
42
42
48
64
67
60
70
60
59
77
66
78
83
76
76
89
74
76
88
67
66
55
46
43
50
49
35
49
57
47
51
35
33
43
23
30
33
24
23
12
-13
-9
-6
-17
-10
-4
-18
-3
10
-8
7
-4
-15
-35
-47
-51
-67
-52
-72
-68
-62
-71
-55
-59
-59
-59
-38
-35
-27
-20
-14
-5
-6
-25
-26
-16
-7
-6
-19
-5
-10
-11
7
6
21
26
6
30
16
31
54
27
29
22
-2
-9
-24
-29
-20
-23
-28
-17
-18
-23
-17
-32
-28
-23
-36
-18
-19
-26
-12
-11
-2
-5
-2
4
16
0
14
43
28
57
47
37
55
43
54
56
54
52
66
58
59
49
47
63
51
59
73
58
61
87
94
83
86
87
77
72
71
87
72
65
69
70
74
69
73
68
67
56
55
42
38
31
14
7
-10
-15
4
-9
0
12
8
11
6
8
15
-1
-6
6
10
17
11
5
18
24
17
17
28
36
34
31
41
58
62
56
47
72
62
44
48
39
62
69
69
70
92
93
100
125
117
127
116
97
109
99
98
92
77
77
85
89
88
91
111
110
94
110
115
110
108
117
138
150
145
155
164
163
168
147
157
171
144
154
150
169
162
148
156
156
155
145
149
159
157
148
152
160
148
143
145
159
167
168
180
189
199
205
215
196
187
174
149
145
155
145
146
140
130
156
164
161
173
172
162
167
150
137
139
140
130
128
150
129
127
158
120
127
127
110
131
133
119
113
111
92
93
97
92
86
71
62
55
69
70
59
75
78
83
90
80
97
101
94
101
101
88
82
82
63
54
49
51
50
41
40
50
67
67
75
73
67
71
69
78
90
99
102
104
119
126
127
119
121
135
111
102
102
88
79
85
64
54
67
58
44
44
47
50
49
37
50
70
59
50
58
51
69
77
66
65
78
87
64
77
71
55
74
58
72
84
83
88
95
83
90
78
104
115
98
103
97
120
107
96
104
113
109
111
117
119
120
117
113
118
118
108
106
110
116
115
96
107
117
121
125
117
112
118
124
130
128
136
145
150
148
154
163
156
156
158
143
148
144
143
158
155
136
134
134
139
152
148
143
142
127
114
123
126
117
116
118
107
127
132
111
125
126
114
105
82
88
94
82
85
99
79
76
86
76
78
83
83
85
103
99
100
93
90
92
87
101
99
92
82
78
79
81
73
85
94
71
77
70
72
78
76
86
82
81
82
66
70
81
79
88
91
85
96
89
82
81
72
73
65
73
70
61
49
54
55
32
36
30
32
36
42
56
56
63
69
54
56
68
48
74
61
59
83
68
84
83
77
108
101
114
110
109
128
114
133
114
94
103
115
99
77
85
55
69
72
55
73
53
49
60
52
65
55
39
42
41
60
56
50
58
51
60
70
51
72
66
53
76
69
77
98
91
80
75
67
68
72
52
50
41
42
52
47
42
49
69
76
76
77
70
61
45
40
48
35
19
11
6
-6
-17
-21
-10
-13
-18
-25
-7
-9
-25
-19
-23
-31
-49
-45
-34
-41
-29
-33
-42
-11
-35
-16
-15
-42
-14
-22
-22
-17
7
3
-8
-3
-24
-28
-21
-33
-31
-21
-28
-15
-7
-15
-1
7
3
21
9
8
0
16
8
-17
-8
-23
-17
-10
-15
-15
-18
-25
-19
-16
-35
-30
-16
-26
-43
-39
-39
-61
-65
-88
-81
-77
-89
-72
-57
-46
-57
-43
-46
-57
-36
-46
-63
-33
-46
-60
-47
-41
-40
-29
-25
-19
-7
2
10
0
-10
-5
0
-22
-19
-11
-12
-11
-14
-32
-18
-29
-32
-21
-2
-7
10
25
20
20
18
45
25
35
32
34
31
22
40
21
24
37
39
52
58
41
36
40
35
8
13
16
0
2
-11
-9
-16
-27
-30
-26
-31
-20
0
-4
-2
1
-2
-13
-21
-41
-47
-50
-39
-28
-40
-35
-43
-53
-50
-43
-35
-41
-46
-49
-66
-59
-67
-60
-52
-44
-29
-39
-31
-23
-40
-32
-15
-29
-9
4
-8
11
16
-2
25
20
8
10
13
4
8
22
14
8
7
-2
-14
-9
-17
-23
-30
-50
-42
-25
-35
-39
-44
-52
-52
-50
-57
-48
-50
-41
-24
-38
-42
-56
-57
-46
-56
-56
-75
-77
-74
-69
-56
-48
-59
-58
-52
-51
-35
-22
-23
-36
-26
-24
-27
-44
-35
-19
-37
-22
-12
-26
0
4
-4
10
18
0
36
37
10
41
28
19
46
34
18
22
-6
-1
14
-9
-16
-1
-15
-48
-47
-40
-51
-40
-50
-57
-57
-58
-59
-60
-67
-61
-63
-64
-69
-71
-55
-62
-58
-44
-57
-72
-64
-68
-88
-93
-89
-110
-100
-100
-111
-83
-99
-80
-82
-92
-76
-77
-67
-66
-48
-65
-60
-41
-57
-58
-62
-67
-71
-58
-57
-66
-58
-53
-65
-61
-69
-57
-78
-93
-85
-90
-105
-100
-102
-111
-90
-109
-123
-115
-112
-127
-104
-96
-94
-98
-92
-82
-74
-92
-93
-97
-99
-96
-102
-99
-100
-92
-106
-103
-91
-78
-96
-80
-74
-68
-80
-95
-86
-80
-77
-103
-128
-104
-103
-121
-119
-131
-115
-121
-130
-124
-133
-134
-138
-136
-147
-133
-147
-168
-145
-161
-159
-157
-167
-164
-171
-179
-169
-161
-173
-166
-159
-166
-158
-160
-162
-156
-156
-166
-165
-166
-158
-138
-113
-119
-132
-124
-119
-128
-115
-115
-115
-127
-107
-116
-122
-119
-132
-141
-128
-130
-127
-103
-107
-113
-88
-90
-98
-90
-66
-66
-67
-59
-67
-49
-64
-66
-50
-72
-70
-56
-56
-72
-64
-66
-89
-70
-80
-64
-74
-77
-73
-82
-83
-87
-91
-73
-70
-57
-45
-55
-62
-82
-65
-63
-54
-60
-55
-51
-65
-69
-57
-53
-56
-60
-73
-67
-51
-65
-55
-26
-31
-35
-30
-34
-28
-31
-46
-51
-41
-40
-40
-57
-57
-46
-49
-55
-42
-35
-46
-29
-30
-25
-24
-9
-22
-24
-17
-38
-19
-28
-33
-35
-35
-37
-30
-16
-25
-14
-20
-7
2
6
8
-2
3
-9
0
9
11
12
15
-6
-27
-10
-10
-8
0
-2
21
27
23
26
10
18
17
29
27
22
32
25
12
17
-20
-13
-8
-20
-11
-19
-39
-52
-51
-77
-60
-58
-86
-85
-86
-84
-80
-91
-100
-78
-99
-86
-62
-68
-76
-95
-83
-64
-64
-72
-49
-34
-51
-48
-45
-48
-14
-23
-42
-41
-50
-57
-69
-60
-63
-75
-81
-85
-81
-70
-79
-75
-62
-97
-78
-93
-74
-72
-104
-96
-111
-115
-114
-104
-128
-108
-114
-122
-102
-98
-97
-90
-68
-69
-63
-60
-56
-51
-67
-73
-75
-69
-70
-71
-80
-80
-94
-113
-116
-112
-119
-111
-103
-113
-99
-120
-127
-114
-128
-109
-87
-116
-106
-105
-108
-81
-82
-84
-91
-86
-66
-74
-78
-69
-60
-60
-68
-77
-64
-54
-64
-63
-60
-63
-72
-59
-69
-74
-69
-74
-61
-56
-44
-64
-59
-60
-44
-34
-54
-62
-67
-63
-76
-66
-69
-67
-57
-68
-45
-78
-87
-61
-70
-56
-64
-65
-55
-68
-68
-52
-83
-86
-96
-101
-88
-103
-86
-81
-99
-110
-123
-108
-113
-115
-99
-94
-83
-80
-85
-79
-85
-104
-99
-78
-80
-79
-75
-87
-69
-43
-68
-57
-45
-61
-61
-50
-46
-48
-55
-60
-42
-36
-49
-51
-44
-34
-26
-18
-14
7
1
2
12
-5
19
19
14
11
17
20
26
31
28
41
44
33
50
48
23
36
42
43
43
46
50
44
47
55
47
42
41
49
54
50
61
49
48
55
41
36
29
24
22
17
6
15
15
21
21
4
-7
-9
11
2
21
12
22
35
14
22
20
19
36
55
53
52
53
70
70
49
67
70
76
80
69
59
56
61
74
76
65
75
60
70
72
66
72
74
55
50
62
22
20
18
10
-2
-13
-20
-9
0
-16
-26
-27
-37
-46
-30
-59
-63
-65
-86
-57
-44
-67
-39
-50
-58
-34
-41
-38
-18
-36
-13
2
-23
-13
-9
-14
-8
-2
-15
-9
-2
-8
-7
-5
-22
-14
10
-6
-4
10
13
23
8
16
17
24
27
6
9
2
13
-10
11
8
9
28
5
7
13
7
15
16
5
2
-1
11
13
11
5
8
9
12
19
31
18
23
26
32
12
15
17
24
22
20
26
30
29
43
21
15
42
8
28
45
38
44
61
42
45
64
67
54
64
43
35
37
39
58
54
54
56
44
30
38
56
45
63
69
67
73
75
76
66
60
56
58
62
87
82
80
73
60
50
37
43
40
24
12
-10
-6
-5
-8
-12
-22
-22
-26
-36
-40
-26
-34
-7
10
-21
-8
-1
-7
4
9
24
22
21
27
37
32
35
21
26
40
36
54
56
71
65
75
73
70
74
78
76
62
85
75
73
77
80
103
96
83
66
49
69
75
69
56
71
62
58
69
66
63
43
48
39
36
34
31
37
24
17
-6
-5
7
9
4
1
-22
-26
-16
-7
7
22
21
24
33
37
57
43
60
68
74
80
91
108
128
132
112
115
131
140
156
144
153
151
136
129
130
139
115
120
121
140
132
133
127
118
105
109
117
118
106
103
91
84
87
79
69
55
59
62
54
39
48
30
39
26
40
39
3
3
13
26
27
50
54
46
72
71
93
95
108
115
100
113
130
124
125
125
117
122
99
96
91
85
90
70
68
67
60
59
63
60
59
67
64
67
64
50
48
49
55
56
74
79
71
98
90
92
89
87
111
106
105
91
86
81
91
90
85
84
75
70
59
50
64
54
45
45
26
38
29
5
1
-21
-17
-34
-31
-37
-41
-26
-68
-69
-79
-76
-58
-74
-48
-45
-42
-28
-30
-31
-40
-40
-16
-27
-22
-10
-27
-28
-46
-42
-30
-34
-35
-15
-10
-25
-26
-34
-31
-11
-12
-5
8
2
5
18
12
35
41
40
35
27
33
21
35
26
2
18
15
24
24
9
5
-3
-4
7
19
18
5
14
17
22
30
25
38
38
34
48
41
38
33
38
42
39
53
44
35
27
21
24
-3
10
12
-12
14
-5
-10
-4
-16
-4
-10
7
7
15
39
8
14
18
4
13
11
3
12
-2
-34
-29
-49
-45
-36
-51
-46
-63
-67
-56
-64
-61
-75
-88
-81
-75
-67
-80
-91
-88
-83
-85
-72
-67
-45
-41
-42
-27
-22
-17
-17
-27
7
-1
3
28
-15
-4
10
7
28
47
34
43
43
48
61
60
65
72
66
57
67
68
55
42
35
43
38
40
43
33
27
13
2
13
-7
-12
-2
-5
-15
-15
-27
-40
-44
-58
-66
-64
-72
-76
-70
-92
-109
-110
-116
-107
-88
-93
-85
-83
-95
-84
-93
-98
-84
-84
-75
-86
-102
-99
-89
-80
-88
-71
-76
-86
-60
-63
-52
-50
-56
-43
-35
-18
-22
-19
-16
5
9
6
18
20
27
41
65
68
100
107
105
100
116
119
146
158
151
155
157
166
176
185
147
159
157
150
171
164
167
155
150
157
154
154
173
160
160
157
157
155
147
136
120
132
112
108
100
88
73
69
85
73
60
54
63
48
47
42
23
28
22
15
7
-2
-6
-16
-32
-42
-51
-57
-59
-68
-86
-92
-105
-130
-130
-146
-169
-166
-179
-196
-192
-196
-219
-221
-238
-239
-235
-257
-270
-250
-243
-240
-241
-253
-232
-237
-215
-190
-177
-148
-144
-119
-97
-80
-56
-48
-45
-28
-1
13
26
58
73
83
104
105
124
149
170
187
215
219
219
245
240
255
242
227
221
218
221
238
225
204
193
164
179
174
188
169
168
150
139
140
134
152
121
88
80
80
81
85
77
51
42
24
-1
17
-4
-8
-22
-54
-56
-63
-78
-91
-109
-145
-153
-171
-191
-186
-206
-220
-229
-242
-262
-277
-291
-306
-314
-335
-344
-321
-309
-320
-312
-322
-351
-334
-304
-298
-268
-264
-250
-210
-209
-183
-146
-120
-105
-94
-57
-20
21
22
43
58
72
98
104
146
146
163
194
212
251
265
290
305
315
323
317
349
359
370
359
347
350
341
351
348
346
332
317
315
303
303
307
282
268
258
240
226
223
201
187
179
148
147
120
118
105
99
70
48
37
0
1
-42
-76
-99
-131
-173
-229
-254
-301
-328
-368
-414
-446
-488
-519
-562
-599
-642
-678
-713
-756
-779
-802
-821
-849
-874
-889
-913
-920
-899
-913
-903
-896
-891
-843
-834
-802
-753
-725
-681
-649
-612
-558
-509
-453
-409
-361
-295
-232
-156
-92
-2
71
141
228
281
365
463
530
597
669
724
809
877
922
968
1022
1060
1095
1158
1199
1231
1239
1246
1263
1279
1302
1330
1317
1285
1258
1231
1226
1219
1176
1153
1116
1059
1034
984
946
893
800
693
573
414
275
163
52
-38
-128
-250
-392
-561
-696
-827
-978
-1076
-1193
-1300
-1374
-1457
-1505
-1583
-1691
-1780
-1857
-1902
-1888
-1860
-1799
-1732
-1688
-1625
-1528
-1437
-1353
-1267
-1174
-1039
-902
-766
-603
-512
-436
-366
-338
-261
-160
-80
5
48
105
153
198
245
311
348
349
358
339
342
351
332
314
313
270
236
193
162
140
119
102
85
91
78
111
137
153
192
225
252
337
431
533
670
773
873
989
1117
1243
1421
1577
1720
1848
1939
2039
2093
2100
2090
2060
2009
1922
1856
1719
1544
1385
1168
971
769
543
299
40
-214
-457
-711
-977
-1248
-1536
-1811
-2031
-2198
-2344
-2456
-2530
-2571
-2572
-2563
-2481
-2416
-2350
-2268
-2162
-2014
-1836
-1657
-1501
-1336
-1211
-1072
-903
-725
-559
-363
-186
-49
155
321
478
580
660
695
733
779
784
845
841
827
776
703
618
509
427
312
242
161
71
-27
-135
-259
-365
-535
-665
-801
-962
-1054
-1142
-1201
-1235
-1283
-1308
-1343
-1363
-1330
-1263
-1178
-1112
-1022
-927
-831
-698
-563
-419
-276
-158
-21
176
361
591
843
1038
1264
1485
1696
1949
2163
2353
2518
2657
2771
2874
2942
2953
2914
2837
2722
2619
2505
2343
2154
1940
1682
1400
1144
878
587
277
-109
-469
-804
-1150
-1492
-1831
-2156
-2480
-2757
-2963
-3103
-3226
-3322
-3374
-3384
-3377
-3297
-3183
-3097
-2983
-2861
-2700
-2542
-2355
-2165
-1996
-1822
-1657
-1423
-1221
-1006
-740
-506
-254
-41
155
321
445
521
591
670
684
713
695
655
658
623
586
522
419
346
312
277
235
191
140
17
-83
-201
-304
-403
-568
-713
-847
-930
-972
-950
-944
-945
-926
-910
-844
-711
-603
-449
-299
-171
6
201
396
563
745
886
1051
1267
1492
1797
2043
2311
2572
2756
2952
3084
3165
3206
3169
3093
2987
2877
2728
2543
2322
2021
1729
1428
1104
781
458
141
-184
-520
-901
-1272
-1643
-2068
-2487
-2836
-3152
-3402
-3570
-3693
-3729
-3768
-3791
-3737
-3670
-3579
-3433
-3251
-3022
-2772
-2544
-2324
-2099
-1898
-1705
-1504
-1284
-1059
-796
-486
-163
138
410
660
877
1079
1170
1279
1370
1422
1526
1583
1619
1556
1443
1302
1179
1148
1040
962
862
719
627
523
392
232
2
-284
-526
-679
-826
-912
-1043
-1200
-1301
-1384
-1363
-1290
-1242
-1189
-1142
-1045
-884
-698
-498
-356
-226
-117
35
230
437
683
908
1166
1451
1770
2109
2416
2698
2910
3094
3234
3327
3368
3337
3256
3112
2935
2765
2593
2374
2128
1836
1537
1196
851
513
178
-144
-512
-908
-1309
-1761
-2224
-2642
-3004
-3280
-3525
-3687
-3743
-3744
-3740
-3685
-3599
-3502
-3391
-3202
-2976
-2720
-2459
-2217
-1953
-1753
-1587
-1417
-1219
-1008
-761
-448
-101
252
576
886
1126
1312
1408
1490
1583
1619
1652
1688
1645
1571
1544
1394
1253
1110
924
747
646
593
503
397
228
-5
-253
-535
-770
-1026
-1291
-1503
-1630
-1746
-1764
-1802
-1879
-1920
-1928
-1895
-1756
-1568
-1403
-1225
-1080
-930
-754
-545
-404
-226
-64
123
395
707
1100
1492
1860
2195
2573
2884
3218
3517
3762
3959
4123
4243
4268
4229
4087
3889
3674
3469
3296
3134
2883
2588
2257
1898
1526
1123
728
270
-211
-753
-1278
-1777
-2296
-2782
-3233
-3626
-3942
-4159
-4259
-4317
-4313
-4310
-4264
-4164
-4050
-3856
-3629
-3404
-3147
-2909
-2664
-2419
-2206
-2002
-1785
-1533
-1241
-849
-419
5
405
759
1054
1283
1455
1619
1691
1822
1911
1990
2039
2016
1958
1798
1685
1525
1428
1333
1193
1173
1078
1021
891
683
392
33
-263
-539
-720
-893
-1076
-1227
-1372
-1471
-1519
-1556
-1539
-1541
-1474
-1350
-1174
-960
-766
-612
-497
-369
-231
-66
134
334
568
866
1167
1557
1937
2289
2657
3006
3335
3630
3898
4114
4291
4362
4391
4302
4105
3891
3657
3434
3258
3047
2751
2395
1985
1587
1220
860
501
68
-457
-977
-1486
-1980
-2477
-2965
-3412
-3819
-4086
-4177
-4159
-4133
-4117
-4091
-4033
-3887
-3634
-3316
-2967
-2690
-2407
-2104
-1824
-1535
-1297
-1103
-922
-724
-397
67
546
982
1375
1648
1823
2027
2186
2326
2325
2311
2286
2278
2313
2268
2146
1818
1547
1215
1032
983
877
849
670
537
340
74
-146
-532
-892
-1261
-1480
-1597
-1669
-1704
-1815
-1969
-2036
-2095
-1988
-1838
-1658
-1431
-1210
-899
-615
-295
-27
127
263
404
670
998
1362
1766
2110
2511
2908
3300
3739
4128
4453
4710
4933
5119
5252
5276
5152
4898
4573
4255
3977
3762
3511
3166
2685
2162
1693
1230
841
398
-106
-686
-1305
-1845
-2417
-2989
-3565
-4164
-4666
-4983
-5121
-5117
-5045
-5001
-4979
-4911
-4736
-4456
-4061
-3668
-3322
-2931
-2555
-2156
-1758
-1424
-1176
-1003
-770
-411
104
673
1224
1711
2064
2332
2559
2770
2939
3037
3060
3086
3061
3097
3040
2904
2687
2352
2010
1697
1546
1414
1356
1255
1044
800
449
103
-261
-619
-960
-1295
-1534
-1717
-1814
-1882
-1993
-2098
-2226
-2296
-2201
-2015
-1756
-1448
-1172
-942
-678
-421
-160
119
301
500
759
1093
1514
1998
2465
2912
3333
3736
4163
4577
4931
5193
5393
5518
5605
5542
5397
5057
4689
4340
4040
3789
3459
3006
2399
1827
1264
804
344
-195
-827
-1557
-2236
-2837
-3418
-4029
-4707
-5332
-5760
-5990
-6017
-5941
-5898
-5897
-5914
-5767
-5447
-5020
-4542
-4128
-3750
-3326
-2861
-2344
-1869
-1528
-1303
-1101
-761
-230
463
1125
1702
2149
2457
2734
3000
3265
3481
3550
3544
3504
3467
3483
3448
3351
3046
2631
2219
1917
1788
1750
1688
1478
1180
803
435
133
-240
-656
-1121
-1514
-1748
-1840
-1879
-1963
-2121
-2355
-2531
-2503
-2320
-2015
-1731
-1482
-1236
-982
-641
-283
27
238
356
571
884
1359
1964
2483
2971
3395
3804
4235
4670
5066
5330
5545
5657
5748
5704
5473
5134
4770
4412
4106
3783
3356
2773
2122
1494
970
556
35
-607
-1290
-2016
-2627
-3226
-3783
-4437
-5159
-5761
-6067
-6147
-6084
-6004
-5984
-6031
-5995
-5724
-5258
-4723
-4304
-3925
-3496
-2997
-2415
-1794
-1316
-1077
-949
-749
-299
370
1050
1673
2133
2425
2650
2939
3231
3405
3465
3404
3285
3275
3307
3324
3251
2929
2474
1935
1552
1328
1231
1145
910
658
262
-79
-378
-749
-1129
-1631
-2049
-2331
-2435
-2460
-2489
-2608
-2816
-2992
-3007
-2860
-2564
-2262
-1981
-1655
-1326
-923
-509
-122
136
325
555
894
1380
1960
2533
3094
3536
3991
4439
4865
5325
5627
5911
6088
6237
6262
6124
5771
5305
4899
4486
4190
3810
3312
2632
1891
1218
675
183
-425
-1169
-1980
-2690
-3336
-3889
-4427
-5143
-5901
-6511
-6784
-6792
-6639
-6512
-6469
-6483
-6383
-6032
-5449
-4895
-4445
-4030
-3598
-3018
-2319
-1618
-1082
-805
-653
-344
196
915
1633
2256
2682
2964
3217
3524
3824
3985
3958
3813
3648
3582
3631
3676
3526
3149
2626
2032
1641
1430
1331
1147
839
463
32
-274
-622
-989
-1491
-2060
-2499
-2787
-2836
-2802
-2807
-2925
-3164
-3311
-3315
-3087
-2745
-2431
-2100
-1789
-1398
-944
-499
-126
124
313
575
1006
1629
2327
3021
3556
4057
4519
4936
5408
5824
6131
6361
6512
6586
6526
6209
5753
5251
4827
4507
4103
3621
2958
2176
1429
866
376
-246
-1039
-1928
-2769
-3451
-4035
-4587
-5234
-6049
-6770
-7138
-7194
-7066
-6922
-6939
-6990
-6943
-6652
-6037
-5336
-4858
-4455
-4073
-3517
-2788
-2034
-1374
-998
-849
-580
1
770
1578
2264
2713
2960
3201
3549
3921
4177
4191
4061
3877
3744
3793
3840
3796
3435
2941
2340
1860
1626
1443
1276
926
535
39
-336
-646
-1052
-1487
-2084
-2614
-2982
-3133
-3125
-3058
-3145
-3342
-3542
-3601
-3471
-3151
-2795
-2493
-2155
-1842
-1401
-888
-447
-116
100
306
696
1276
2039
2824
3510
4065
4533
5042
5504
5945
6317
6554
6734
6883
6964
6795
6390
5913
5361
4996
4648
4204
3626
2847
2031
1316
835
312
-409
-1346
-2378
-3190
-3883
-4437
-4970
-5695
-6550
-7167
-7389
-7265
-7066
-6995
-7058
-7139
-7006
-6551
-5801
-5136
-4727
-4416
-4015
-3426
-2652
-1884
-1335
-1084
-942
-535
174
1051
1839
2386
2661
2801
3021
3375
3696
3795
3684
3512
3386
3378
3499
3497
3277
2807
2252
1835
1546
1407
1200
907
500
76
-292
-680
-1046
-1525
-2040
-2544
-2911
-3056
-3121
-3138
-3196
-3306
-3434
-3489
-3418
-3223
-2930
-2571
-2193
-1794
-1378
-979
-620
-296
33
386
822
1435
2110
2855
3613
4264
4885
5418
5878
6288
6610
6867
7028
7170
7156
6851
6439
5896
5437
5149
4792
4329
3595
2706
1800
1126
642
65
-697
-1772
-2836
-3692
-4402
-4936
-5509
-6343
-7200
-7794
-7924
-7669
-7384
-7259
-7334
-7385
-7254
-6704
-5847
-5181
-4776
-4469
-4037
-3396
-2566
-1738
-1198
-946
-759
-282
500
1434
2287
2817
3088
3218
3448
3827
4216
4359
4177
3888
3623
3596
3760
3899
3810
3345
2758
2148
1821
1678
1502
1205
693
164
-323
-660
-981
-1418
-2051
-2743
-3248
-3511
-3514
-3431
-3400
-3556
-3759
-3873
-3812
-3554
-3280
-3013
-2764
-2452
-2048
-1538
-1036
-612
-327
-62
382
990
1831
2766
3639
4434
5038
5639
6105
6546
6911
7175
7370
7388
7192
6671
6325
5940
5800
5661
5219
4553
3546
2599
1830
1458
936
279
-738
-1933
-2826
-3630
-4183
-4859
-5780
-6879
-7650
-7912
-7665
-7305
-7204
-7285
-7501
-7545
-7123
-6315
-5661
-5321
-5146
-4866
-4233
-3352
-2463
-1788
-1577
-1569
-1263
-530
429
1420
2123
2448
2647
2834
3283
3782
4023
3892
3617
3325
3285
3489
3708
3808
3476
3004
2485
2157
1958
1744
1454
948
505
82
-215
-456
-840
-1389
-2114
-2725
-3173
-3369
-3398
-3361
-3392
-3465
-3480
-3442
-3318
-3155
-2974
-2790
-2506
-2211
-1771
-1226
-723
-203
206
639
1153
1791
2624
3500
4435
5226
5988
6509
6943
7326
7531
7744
7726
7432
6809
6356
5957
5951
5965
5625
5039
3900
2809
1844
1369
911
227
-740
-2045
-2929
-3707
-4239
-4804
-5722
-6948
-7885
-8262
-8056
-7580
-7352
-7315
-7474
-7525
-7175
-6368
-5710
-5482
-5418
-5266
-4735
-3833
-2851
-2014
-1638
-1567
-1337
-727
159
1014
1697
2098
2363
2639
3118
3637
3932
3888
3583
3342
3233
3374
3624
3756
3679
3317
3020
2657
2374
2102
1643
1224
687
242
-161
-481
-834
-1272
-1821
-2472
-3038
-3507
-3745
-3796
-3701
-3640
-3561
-3534
-3440
-3254
-3086
-2854
-2735
-2569
-2345
-1946
-1317
-613
84
690
1282
1896
2631
3564
4448
5422
6090
6629
7153
7464
7856
8017
7789
6946
6329
5685
5669
5932
5813
5473
4437
3255
2206
1650
1145
316
-664
-1942
-2715
-3828
-4511
-4593
-4711
-5721
-7067
-7808
-7890
-7284
-7037
-6820
-6917
-6881
-6389
-5108
-4159
-4016
-4535
-4976
-4941
-4590
-3891
-2773
-1820
-1424
-1198
-669
-170
-32
-105
-157
58
444
1121
2117
3145
3567
3671
3469
3104
2924
2971
3523
3995
4389
4738
4794
4632
3995
3182
2145
971
1
-723
-1033
-1023
-1101
-1409
-2205
-3299
-4241
-4847
-4975
-4897
-4492
-3872
-3277
-2633
-2301
-2035
-2006
-2158
-1963
-1446
-269
1131
2578
4037
4997
5743
6236
6923
7714
8539
9002
8853
8237
8198
7519
6344
2536
-2034
-4203
-4757
-2944
-1376
386
1859
1799
768
-589
-1691
-2262
-2228
-921
1362
3570
5320
5957
4749
1547
-3059
-5952
-7243
-7281
-6156
-4788
-3457
-3717
-5077
-6330
-7573
-9353
-10575
-10313
-8269
-5443
-2799
-127
1163
724
-680
-1921
-2074
-1699
-360
1720
3614
4908
5539
5650
4404
1794
-1336
-2511
-2760
-1829
18
1646
3042
2855
2180
1172
-261
-1062
-1003
-95
1092
2006
2687
2337
1045
-715
-2122
-2657
-2684
-2308
-1345
-537
-165
-430
-939
-1476
-2092
-2350
-2203
-1369
-631
-174
213
3
-69
231
885
2375
3825
5621
7408
8535
9724
10308
10455
9842
7909
6818
5833
4600
2176
-4259
-7474
-8325
-6849
-3487
-1787
1340
2535
1465
1014
-170
-702
-31
997
3986
5966
6198
6667
4471
848
-3807
-8085
-8728
-9106
-8304
-6200
-5109
-4697
-5507
-6486
-6125
-6734
-7529
-6514
-5128
-2641
-382
1292
2747
1840
201
-1378
-2620
-2653
-2024
-387
1280
2022
2505
2619
1443
342
-2570
-3532
-2909
-2512
32
1068
2599
2702
1779
1953
699
13
338
704
1509
1884
2160
2245
837
-436
-1247
-2227
-1667
-1413
-446
559
595
762
-179
-925
-1979
-2803
-3088
-2582
-1731
-1176
-548
-733
-535
0
1259
3084
4806
6841
8258
9014
9534
9539
9078
8694
7846
6504
5398
4592
3258
867
-5606
-10492
-11454
-10159
-5168
-1206
3193
6528
6021
5399
3516
1113
853
919
2956
5430
5893
6506
4920
1033
-3198
-8477
-10645
-11042
-10992
-8355
-5929
-3831
-2225
-2451
-2534
-3256
-5469
-6167
-5718
-4025
-957
1164
3071
3402
1678
-367
-2808
-4452
-4760
-4073
-2252
-435
893
1966
1158
791
-669
-2060
-1573
-1971
-1408
-453
1080
2701
2991
3620
3607
2168
1161
363
-506
-841
-596
72
460
569
1215
884
463
158
-660
-932
-1029
-803
-589
-457
-155
-276
-659
-1141
-1330
-1702
-1856
-1533
-554
1357
3493
5699
7205
7952
7888
7633
7055
6726
7035
6964
7253
7163
5833
5089
2888
348
-4846
-11800
-13190
-11978
-7384
-1040
4112
8552
9486
7656
4811
810
-1481
-1571
-339
2223
3957
4630
4028
1324
-2432
-7364
-10792
-12081
-12239
-10082
-6766
-2911
243
1221
1075
-71
-2985
-5478
-6553
-5933
-3277
-738
1689
3213
2498
631
-2327
-4995
-6239
-6185
-4894
-2505
63
2190
3767
4322
3479
1509
-212
-1380
-2010
-1374
599
2608
3937
4645
4364
2535
28
-1755
-2709
-3136
-2554
-1221
-119
834
1780
2267
2241
1674
977
324
-318
-392
-535
-449
-106
-408
-1015
-1775
-2404
-2776
-2905
-2227
-1153
825
3260
5117
6780
7296
7429
7100
6402
6173
6485
7372
7823
8148
7578
5447
3999
2153
-55
-4543
-11004
-12522
-10956
-7106
-609
4808
8797
10922
9117
5482
1922
-1637
-1993
-549
833
3282
3845
3016
1705
-2054
-6396
-9045
-11476
-11927
-10766
-8487
-4166
-980
799
1797
532
-2070
-4846
-6813
-6506
-4622
-2299
336
2185
2317
1006
-1574
-3976
-5472
-6111
-5288
-3192
-927
1277
3395
4585
4453
3039
1393
-356
-2028
-2498
-1656
-51
1707
3184
3770
3019
1179
-775
-2304
-3192
-2574
-1024
584
2067
2905
3333
3307
2546
1540
409
-808
-1705
-2238
-2280
-1772
-1331
-1163
-1039
-1156
-1383
-1293
-803
152
1826
3545
5071
6220
6851
7287
7347
7021
6412
6784
6352
6426
6673
5612
4166
2648
1166
-426
-4509
-9963
-11105
-9947
-6174
148
5154
9453
11663
9476
6242
2122
-1460
-1809
-1600
-790
858
445
40
-759
-3605
-6333
-8821
-10985
-11611
-10844
-8322
-3965
-327
2213
3528
2676
557
-2223
-4399
-4806
-4022
-2875
-1213
149
521
78
-1460
-2913
-3812
-4590
-4273
-3035
-1312
925
2910
4824
5770
5033
3699
1733
-400
-1945
-2324
-1432
-403
770
1768
1398
91
-1202
-2138
-2832
-2912
-1796
-659
390
2074
3363
3885
3790
2728
890
-1222
-2834
-3680
-3952
-2993
-1715
-981
-246
163
245
242
457
1120
2026
3392
4894
5973
6702
7469
7524
7461
7416
7366
7636
7013
6859
5772
3727
3002
1551
-1210
-5902
-10253
-10437
-8556
-4275
2311
7103
10452
11181
7780
3801
-277
-2948
-2928
-2860
-2108
-1399
-1923
-2024
-2812
-4954
-6724
-8650
-10605
-10927
-9854
-6997
-2819
617
2998
3868
2543
20
-2913
-5052
-5446
-4970
-3949
-2449
-1221
-549
-739
-1606
-1878
-2069
-2441
-1946
-940
668
2582
4527
6362
6977
6074
4431
2063
-842
-2467
-2751
-2553
-1461
-98
473
92
-898
-1526
-2049
-2292
-1492
-552
169
1388
2494
3090
3491
3062
1677
-332
-2262
-3756
-4879
-4873
-3923
-2861
-1545
-594
126
569
787
1098
1576
2556
3729
5157
6541
7457
8686
9760
9451
9564
8893
7449
7135
5540
3762
3019
1180
-1275
-6441
-10681
-10280
-8545
-3915
2941
7331
10638
11578
8626
5206
1422
-1567
-2288
-2936
-2891
-2442
-3028
-2778
-3194
-5091
-6554
-8322
-10319
-10698
-9983
-7700
-3780
-405
2124
3382
2462
165
-2755
-5150
-5844
-5694
-5069
-3786
-2407
-1369
-992
-972
-796
-853
-1133
-1009
-335
870
2500
4487
6451
7136
6277
4872
2387
-468
-2032
-2656
-2722
-2125
-1142
-319
-424
-687
-630
-750
-400
237
524
875
1456
1975
2212
2419
2203
983
-503
-2145
-3853
-5021
-5231
-4527
-3661
-2496
-1126
-165
847
1874
2502
2658
3199
4177
4991
5912
7190
8115
8656
9478
9429
9204
8630
7181
4885
2665
1175
-847
-4671
-8862
-9524
-8215
-4994
819
5554
9293
11343
10043
7025
3484
68
-1503
-2398
-2955
-2415
-2922
-3267
-3539
-5241
-6992
-8508
-10228
-10748
-9943
-8269
-5116
-1871
602
2185
1850
249
-2195
-4839
-6192
-6266
-5734
-4685
-3068
-1789
-1208
-1109
-1235
-1301
-1365
-1147
-71
1516
2985
4734
6592
7614
7000
5530
3409
926
-1184
-2238
-2045
-1800
-991
-92
-277
-476
-494
-629
-513
-167
206
467
860
1814
2500
2824
2890
1924
263
-1514
-3262
-4621
-5231
-5087
-4326
-3186
-1834
-674
65
788
1361
1798
2575
3943
5660
7086
8400
9023
8917
8513
8791
8598
7861
7587
6166
4896
4060
1830
-3357
-8841
-10499
-10006
-6680
-476
5200
9734
12313
11391
8214
4114
576
-1330
-3115
-3692
-3307
-3444
-3086
-3125
-4642
-6427
-8484
-11005
-12044
-11517
-9823
-6388
-2860
160
2192
2038
259
-2639
-5492
-6997
-7214
-6797
-5465
-3513
-2024
-1153
-1126
-1275
-1342
-2028
-2542
-1739
-19
1986
4545
7137
8419
8128
6505
3958
1417
-811
-1892
-1994
-1682
-521
280
278
97
-211
-278
-159
-61
387
860
1240
1852
2312
2571
2528
1750
499
-1105
-2725
-3724
-4344
-4435
-3972
-3281
-2164
-1050
-243
749
1233
1729
2864
3923
5554
6773
7670
8501
9061
9433
9102
8699
8276
7245
5376
3620
2077
812
-2943
-7636
-8431
-8204
-5403
310
4608
8470
10720
9447
7147
3749
573
-260
-1573
-2278
-1948
-2970
-3339
-3824
-5979
-7545
-8972
-10888
-11230
-10519
-8834
-5364
-2276
34
1521
1070
-578
-3099
-5790
-6935
-6771
-6252
-4789
-3201
-1958
-1141
-1811
-2259
-2225
-2987
-3032
-1904
-275
2123
4555
6520
7743
7055
5662
4017
1368
-638
-1821
-2505
-2254
-1510
-418
277
468
520
194
-221
-247
-15
468
1432
2462
3213
3554
3343
2328
948
-806
-2576
-3524
-4078
-3998
-3514
-2659
-1657
-882
15
359
755
1552
2544
4361
6040
7783
9150
9212
9669
9641
9269
9567
8478
6219
3943
1327
-940
-5511
-9659
-9333
-8363
-4738
907
4278
7599
9397
8039
6183
3453
1258
1160
389
318
832
-470
-1334
-3004
-6536
-9052
-11186
-12999
-12688
-11253
-8594
-4733
-1765
341
1416
584
-1182
-3600
-5772
-6563
-6338
-5589
-4144
-2245
-743
-601
-1928
-3067
-4124
-5256
-5052
-3390
-1031
1597
4292
6532
7347
6886
5646
3315
917
-529
-1580
-1869
-1120
164
1487
1943
1624
740
-534
-1614
-2162
-1874
-681
1291
3195
4537
5210
4813
3582
1706
-514
-2296
-3229
-3361
-2531
-1739
-798
347
654
538
260
179
572
1189
2279
4361
6913
9533
11198
11821
11411
10085
8414
5085
2104
420
-1375
-5224
-9181
-9416
-8126
-4685
252
3623
6081
7199
6078
4103
2368
1853
2983
3675
4269
4296
2392
610
-1798
-5563
-8641
-11036
-12878
-12801
-11246
-8482
-4649
-1710
34
519
-561
-2207
-4111
-5369
-5235
-4214
-3114
-2214
-1404
-1147
-2145
-3906
-5057
-5865
-6587
-6232
-4543
-2570
-505
2096
3893
4445
4092
2771
1067
-395
-702
-357
89
1091
1858
2230
2050
885
-504
-1612
-2238
-2215
-1518
-14
1979
3786
5078
5308
4735
3477
1914
496
-585
-729
-222
672
1420
1810
2099
1734
1159
727
186
405
883
1762
4027
5799
7564
9525
10129
10389
10005
8356
5596
3333
1524
-1679
-6771
-10341
-10496
-8861
-4673
161
3380
5633
5909
4078
1658
72
390
2083
3912
5598
5729
4292
2673
-403
-4099
-7029
-9634
-11242
-11503
-10345
-7509
-4037
-1359
187
202
-1221
-3242
-5127
-5699
-4602
-2640
-829
330
922
132
-1991
-4201
-5768
-6784
-7095
-6128
-4243
-1947
327
2139
2968
2228
704
-1018
-2552
-3137
-2307
-684
1030
2740
3641
3353
1830
-207
-1902
-3275
-3424
-2274
-776
1195
3098
4201
4791
4650
3752
2677
1084
421
469
947
2541
3478
3995
4101
3253
2572
1735
1388
1815
1447
2035
3490
4712
6761
8225
8686
9349
9368
8046
6057
3783
1967
-166
-5356
-9532
-10220
-9440
-5523
-1300
1096
3415
3442
1728
352
-1231
-630
1964
3898
5870
6384
4784
3185
354
-3472
-5974
-7725
-8756
-8485
-7587
-5478
-2941
-1643
-1028
-1438
-2951
-4479
-5772
-5724
-3931
-1512
646
1883
2079
652
-2079
-4579
-5999
-6314
-5816
-4099
-1718
53
1229
1639
765
-960
-2779
-4166
-4978
-4714
-2921
-1183
128
1458
2010
1693
540
-896
-2002
-2513
-2047
-988
155
1667
2974
3277
2926
2528
1984
1503
1393
1255
1862
2781
3374
3935
3620
3296
3281
3067
3240
3869
4540
5072
5487
5929
6674
6795
6852
7173
7312
7895
7992
6630
5231
3611
293
-5295
-10325
-11352
-9581
-5648
-1013
1803
2948
2212
-242
-2552
-3843
-2868
320
3551
5895
6591
5398
3534
596
-3333
-6297
-7749
-8117
-7418
-5823
-3284
-816
115
-138
-1375
-3522
-5348
-6181
-5550
-3328
-513
1586
2633
2365
450
-2137
-4326
-5348
-5166
-4064
-2059
185
1296
1813
1779
319
-1795
-3826
-5274
-6221
-5924
-4295
-2764
-1539
-626
-444
-1070
-1986
-2478
-2501
-1965
-771
307
984
1624
1923
1775
1558
1423
1480
1567
1723
1911
2135
2520
2636
2479
2229
2244
2921
4049
5475
6799
7560
7747
7701
7802
7897
7906
8323
8298
8564
9409
8737
7300
5037
2050
-1971
-8057
-11118
-10212
-7598
-2587
1312
2641
2526
64
-2852
-4790
-5558
-3266
667
4114
6447
6048
4084
1764
-2084
-5874
-7784
-8180
-7097
-5491
-3824
-1661
-497
-875
-1763
-3271
-4545
-4909
-4195
-2685
-654
1605
2291
1781
182
-2516
-4469
-5169
-4793
-3132
-1260
883
2350
1882
1495
680
-1056
-2004
-2665
-3022
-3140
-3269
-3097
-3368
-3917
-4213
-4643
-4868
-4428
-3559
-2259
-1005
90
1001
1102
1095
1140
1094
1529
1909
2236
2473
2123
1881
1729
1407
1624
1772
2062
2646
3290
4247
5272
6437
7881
9094
10299
11182
11250
11108
9781
9087
8928
7583
6821
5491
2892
-1047
-6879
-9498
-8547
-6276
-2178
184
523
50
-2378
-4161
-4412
-3763
-601
2818
4567
4676
2344
-252
-2069
-4342
-5694
-5725
-5188
-4208
-3674
-3419
-2994
-3486
-4403
-5016
-5433
-4750
-3089
-1005
1153
2513
2721
1884
83
-1809
-3242
-3777
-2841
-1507
-424
547
874
273
-846
-1181
-795
-727
-716
-415
-584
-1061
-1642
-2839
-4194
-5003
-5127
-5231
-5218
-4547
-3521
-2849
-2395
-1902
-1757
-1333
-632
65
899
1568
1875
1385
808
488
229
517
1134
1955
2616
2899
3093
3082
3442
4341
5196
6520
8160
9683
10709
11414
11206
10833
11177
11480
11525
9898
7062
3986
-600
-6099
-8033
-6756
-3566
342
1302
435
-1745
-5047
-6339
-6070
-4192
-77
3418
5523
5672
2686
-508
-2826
-5134
-6204
-6153
-4985
-3403
-2917
-3027
-3516
-4757
-6096
-6873
-6539
-4989
-2982
-973
461
945
903
22
-732
-985
-1188
-733
37
709
438
-456
-999
-1923
-2442
-1597
-314
651
868
598
-323
-1851
-2780
-3271
-3514
-3094
-2728
-2863
-3349
-4038
-4470
-4864
-4979
-4517
-3532
-2103
-690
354
966
1239
834
117
-434
-441
192
1270
2169
2477
2464
1936
1600
1987
2621
4471
6310
7595
8888
9130
9819
10085
9880
11000
12192
13486
13133
9710
6253
1441
-4805
-7146
-5883
-2238
2067
2833
1682
-1097
-5126
-6618
-6210
-4086
290
3921
6149
6254
2998
-405
-2744
-4629
-5214
-4996
-3770
-2222
-2415
-3420
-4440
-5777
-6922
-7422
-6526
-4545
-2982
-1583
-743
-935
-1242
-1819
-1868
-1299
-762
169
859
1013
512
-526
-705
-744
-841
-82
812
1185
502
-435
-1496
-3246
-3754
-3133
-2550
-1716
-1363
-1851
-3092
-4531
-5085
-5443
-5096
-3800
-2542
-1319
-519
-234
-183
-351
-587
-1005
-992
-293
366
1469
2311
2596
2565
1865
1258
1542
1990
3293
5071
6551
8206
9056
9752
10594
10207
10290
11037
10834
10408
8759
6203
2339
-3169
-4907
-2799
93
2738
2057
-314
-2558
-5358
-5806
-4279
-2016
1959
4674
5482
4476
1107
-1103
-1972
-2916
-2876
-2471
-1929
-2019
-3750
-5274
-5779
-6242
-6322
-5912
-5069
-4066
-3726
-3500
-3037
-2513
-2289
-1936
-1257
-561
118
375
324
-100
-906
-1109
-847
-809
-191
928
1702
1743
840
-210
-1456
-2880
-3073
-2624
-2319
-1886
-2010
-2846
-4019
-5001
-5255
-5044
-4334
-3436
-2549
-1764
-1178
-905
-430
-21
27
174
51
-10
305
762
1274
1630
1745
1692
1691
2188
3015
3989
4976
5668
6336
7158
8370
9399
10153
10713
10730
10111
8898
7352
3677
-1531
-3645
-1963
1249
3560
2452
-42
-2799
-5414
-5612
-4319
-2151
1162
3242
4131
3454
1207
186
215
265
387
207
-3
-1144
-3562
-5180
-5588
-5420
-4984
-4771
-4454
-4481
-5054
-5173
-4770
-3567
-2404
-1628
-897
-295
80
116
27
-154
-501
-314
161
-9
-18
455
720
780
200
-385
-1030
-2182
-2430
-2119
-1647
-1173
-1438
-2027
-3180
-4356
-5143
-5927
-5811
-5036
-3939
-2747
-2148
-1422
-506
-259
-109
-516
-680
-338
220
1030
1402
1884
2541
2861
3252
3380
3198
3519
3475
4324
5767
7188
8862
9325
9364
9145
8789
8427
6825
4228
446
-2388
-807
2212
4381
4455
1352
-1523
-3578
-4952
-3945
-2885
-1328
1094
1871
2044
1151
-291
-106
364
814
1364
1111
348
-1362
-3135
-3344
-2914
-2526
-2657
-3788
-5064
-6453
-7199
-6477
-5124
-3478
-2118
-1619
-1131
-876
-761
-435
40
810
1521
1990
1867
1076
685
843
827
871
628
-136
-1164
-2315
-2758
-2547
-2128
-1522
-1550
-2098
-2889
-3740
-4055
-4245
-4033
-3676
-3460
-3110
-2952
-2443
-1982
-1492
-1134
-948
-392
112
281
353
339
675
1540
2530
4025
4919
5366
5232
4680
4820
5628
7079
7650
7793
7739
7502
8008
7278
4554
726
-2715
-1629
1640
3553
3561
988
-1217
-1746
-2226
-1294
-575
-464
533
287
-131
-518
-1216
-327
497
603
1013
388
-769
-2082
-3434
-2924
-1527
-797
-731
-1996
-3637
-5053
-6107
-5852
-4755
-3972
-3398
-3014
-2655
-2077
-1871
-1496
-810
86
1288
2402
2623
2113
1629
1745
1997
1993
1754
392
-1209
-2441
-2816
-2141
-1344
-948
-1443
-2422
-3279
-3950
-4002
-3625
-3409
-3023
-2692
-2586
-2569
-2539
-2189
-1881
-1589
-1459
-1309
-920
-544
-253
-19
634
1543
2421
3018
3487
3948
4509
5240
5818
6587
6896
7002
6877
6692
7064
7154
5442
2045
-1768
-1888
1047
3120
3308
1086
-1180
-1501
-1590
-1153
-822
-1096
76
982
903
445
-800
-854
106
585
1410
1369
-10
-1758
-3281
-2884
-1125
-318
-553
-1914
-3606
-4570
-5061
-4706
-3814
-3385
-3237
-3241
-3358
-2798
-2447
-2184
-1522
-804
247
1233
1441
1131
1285
2322
3701
4159
3659
2263
12
-1397
-1702
-1403
-877
-812
-1535
-2551
-3099
-3157
-3040
-3093
-3272
-3218
-2751
-2041
-1606
-1571
-1473
-1417
-1396
-1060
-703
-584
-486
-484
-445
37
721
1449
2152
2593
3051
3470
4068
5128
6191
6293
6118
5997
5621
6323
6098
4265
1547
-2046
-2064
486
1643
1614
-555
-2369
-1483
-889
-29
264
-980
-369
192
265
496
-831
-836
373
873
1770
1285
-510
-1958
-3146
-2120
416
1296
822
-957
-2869
-3435
-3560
-3300
-2929
-3360
-3893
-3920
-3946
-3162
-2668
-2591
-1932
-1181
-198
926
865
362
540
1674
3713
4772
4522
3047
821
-17
153
385
377
-709
-2018
-2947
-3210
-2915
-2913
-3443
-3942
-4123
-3432
-2269
-1571
-1152
-650
-428
254
765
659
455
54
-82
925
1650
2090
2464
2014
2485
2804
3087
3754
3810
4301
4680
4936
5643
5782
5792
5140
3063
311
-1537
-506
1140
884
-816
-2963
-3720
-2850
-2133
-1371
-1551
-1804
-954
-502
-386
-906
-1423
-184
1404
2385
2479
741
-1399
-2816
-2780
-848
627
401
-717
-2241
-2783
-2599
-2327
-2287
-2472
-3095
-3176
-2564
-2282
-1913
-2271
-2443
-1850
-1076
54
638
117
-123
340
1733
3288
3602
3109
1840
957
1578
2188
2369
1682
116
-998
-1541
-1433
-1325
-2033
-3082
-4015
-4444
-3873
-3463
-3093
-2300
-1486
-611
48
436
726
923
1335
2175
2744
3325
3566
3503
3772
4156
4400
4616
4611
4641
4293
3974
4179
4015
4279
3651
1459
-933
-2284
-607
1551
1387
-289
-2422
-3214
-2273
-2033
-2290
-3151
-4005
-3002
-1975
-1761
-2063
-2825
-2080
-369
785
1331
292
-1594
-2298
-1305
1099
2915
2214
327
-1590
-2557
-2188
-1620
-1775
-2365
-3684
-4294
-3730
-3060
-1992
-1895
-2103
-1824
-1591
-637
304
451
965
1849
2974
3904
3503
2363
874
40
877
1806
2151
1471
35
-793
-952
-482
-58
-447
-1394
-2319
-2778
-2390
-2144
-1997
-1720
-1620
-1053
-788
-421
-65
503
1449
2260
3048
3549
3872
4301
5193
5895
6482
6939
6786
6344
5999
5807
5757
5600
4793
2563
-329
-3072
-3282
-1600
-842
-1618
-3740
-4767
-4167
-3395
-2871
-2856
-3356
-2807
-2128
-2224
-2808
-3941
-3733
-2231
-1228
-667
-1243
-2576
-3425
-3403
-1663
573
1137
577
-327
-969
-786
-638
-482
-569
-931
-1896
-2663
-3260
-3623
-3188
-3019
-2417
-2017
-2130
-1726
-1345
-744
513
1738
3029
3714
3455
3061
2370
2227
2696
2589
2204
1394
501
15
-394
-444
-719
-1418
-2144
-2878
-3014
-2600
-1951
-1068
-301
-139
-165
-275
-97
645
1623
2782
3488
4282
4811
4868
5637
6102
6813
7442
7669
7811
7271
7092
6742
6939
6924
5349
2642
-432
-1576
-983
-1004
-2188
-3943
-5283
-5075
-4886
-5319
-5543
-6048
-5347
-4368
-4518
-4804
-5240
-4466
-2453
-1438
-1103
-1686
-3156
-3786
-3698
-2465
-564
-252
-793
-1185
-1399
-893
-694
-823
-691
-851
-813
-1005
-1644
-2194
-2247
-2126
-1692
-1626
-2274
-2444
-2195
-1250
41
1012
1820
2079
2090
2203
2076
2263
2839
3184
3143
2678
1853
883
53
-323
-417
-609
-1092
-1789
-2604
-2816
-2619
-2203
-1639
-1217
-1284
-1087
-410
322
1394
2432
3493
4227
4754
5536
6354
7035
7781
8320
9131
9577
9406
9168
8407
8344
7860
5636
3106
723
643
1817
1187
-855
-3181
-4641
-4232
-4432
-5377
-5978
-6740
-6062
-5227
-5785
-6338
-6929
-6409
-4711
-4047
-3852
-3969
-4835
-4863
-4216
-3093
-1740
-1816
-2254
-2065
-1945
-1603
-1483
-1464
-1232
-1158
-1287
-1552
-1964
-2562
-2304
-1929
-1495
-1536
-2136
-2186
-1741
-886
204
796
925
1076
1186
1539
1946
2341
2932
3009
2708
2327
1831
1696
1486
1394
1052
205
-809
-1827
-2376
-2429
-2152
-1822
-1729
-2129
-2208
-2052
-1144
38
900
2040
2533
3259
4380
5569
6818
7794
8485
9173
9806
10384
10246
9933
9941
10235
9319
7179
4209
3296
3794
3251
1470
-1024
-2334
-2434
-2813
-3736
-4822
-5611
-5052
-4438
-5042
-6353
-7612
-7268
-5810
-5140
-5093
-5522
-6087
-6143
-5702
-4650
-3578
-3743
-4019
-3667
-2909
-2164
-2145
-2476
-2139
-2155
-1937
-2119
-2661
-3052
-3212
-2384
-1607
-1413
-2071
-2808
-2843
-2107
-888
165
708
956
1148
1519
1833
2170
2489
2928
3107
3143
2875
2290
1887
1633
1685
1603
1068
213
-699
-1276
-1359
-1414
-1344
-1660
-2151
-2090
-1841
-1059
-176
526
1397
2208
3162
4272
5078
6104
7286
8311
9723
10604
10458
10185
10257
10845
10216
8493
6124
5340
5928
5620
3914
1471
94
-63
-417
-1748
-3300
-4414
-4099
-3427
-4127
-5420
-6738
-6723
-5292
-4657
-4601
-5254
-6144
-6057
-5449
-4662
-3905
-4406
-4838
-4543
-4092
-3510
-3573
-4019
-3832
-3480
-3229
-2643
-2923
-3425
-3761
-3593
-2840
-2433
-2834
-3334
-3608
-2962
-1731
-1150
-850
-781
-836
-117
474
936
1316
1552
2277
2855
3230
3386
3230
2980
2882
2742
2352
1652
641
122
-112
-268
-373
-832
-1493
-1797
-1818
-1243
-603
-162
572
1249
2395
3605
4783
5994
6907
7804
8641
9337
10045
10506
10863
11097
9697
8071
6401
6016
6741
6111
4205
2171
760
845
747
-449
-1641
-2692
-2575
-1982
-2983
-4349
-5589
-5917
-4694
-4216
-4400
-5062
-6030
-5988
-5218
-4510
-3824
-4112
-4622
-4140
-3535
-3129
-3006
-3493
-3557
-3484
-3671
-3668
-4067
-4784
-4946
-4652
-3859
-3353
-3840
-4308
-4428
-3680
-2360
-1738
-1521
-1522
-1468
-783
-313
-163
-163
-43
479
900
1324
1673
1847
2010
2227
2425
2392
2070
1596
1542
1602
1463
1055
154
-544
-1032
-1260
-781
-371
-120
178
559
1398
2667
3699
5008
6185
7004
8153
8936
9469
10199
10713
10798
9855
8443
7264
7243
7246
6560
4848
3086
2240
1769
1021
-127
-1301
-1930
-1802
-2028
-3116
-4388
-5344
-5001
-3901
-3557
-3679
-4654
-5287
-4800
-4048
-3317
-3174
-3831
-3981
-3565
-3026
-2546
-2759
-3306
-3388
-3427
-3235
-3271
-4033
-4854
-5109
-4675
-3890
-3919
-4621
-5185
-5181
-4083
-2973
-2675
-2641
-2707
-2357
-1629
-1092
-785
-720
-649
-193
58
182
383
473
878
1395
1647
1529
1012
609
784
1221
1499
1419
887
354
130
216
499
768
983
1140
1319
1856
2721
3638
4570
5586
6465
7249
7957
8737
9583
10406
9746
8624
7402
7143
8131
8096
6836
4930
3451
3117
3041
1910
739
-424
-765
-479
-1094
-2471
-3753
-4837
-4425
-3823
-3802
-4098
-5018
-5479
-4798
-3941
-2980
-2826
-3408
-3341
-2863
-2187
-1568
-1689
-2045
-2171
-2548
-2445
-2485
-3206
-3911
-4376
-4227
-3641
-3964
-4731
-5424
-5493
-4543
-3703
-3397
-3353
-3591
-3285
-2645
-2074
-1605
-1519
-1349
-968
-702
-409
-319
-304
10
463
917
954
493
114
127
458
875
693
334
38
-37
356
769
1217
1522
1779
2259
2858
3589
4447
5254
6080
7027
7433
7688
7868
8591
9009
8338
6884
5660
6133
6999
6860
5418
3992
3393
3418
3032
2211
1172
534
364
192
-750
-1957
-3110
-3382
-3181
-3380
-3855
-4499
-5079
-5014
-4423
-3453
-2845
-3255
-3539
-3276
-2570
-2018
-1873
-1868
-1683
-1662
-1722
-1705
-1847
-2447
-2971
-3177
-2703
-2381
-2841
-3650
-4333
-4190
-3484
-2985
-2932
-3305
-3594
-3480
-3292
-2871
-2517
-2387
-2264
-2065
-1803
-1353
-1149
-959
-634
-239
133
41
-271
-343
-96
234
348
336
88
-259
-325
-126
414
1258
1805
2163
2585
3295
4183
5118
5929
6668
7187
7541
8056
8694
9039
8291
6876
5589
5798
6353
6331
5021
3665
2803
2720
2459
1869
1083
652
526
629
85
-844
-1952
-2677
-2686
-2647
-2719
-3200
-4100
-4643
-4549
-4061
-3266
-3213
-3489
-3571
-3257
-2723
-2237
-2062
-2013
-2182
-2209
-2020
-1810
-1894
-2255
-2539
-2308
-1904
-1728
-2059
-2563
-2831
-2579
-2069
-1729
-1845
-2243
-2549
-2728
-2692
-2588
-2544
-2462
-2365
-2221
-1951
-1790
-1666
-1581
-1266
-728
-422
-441
-603
-765
-592
-464
-406
-424
-524
-523
-444
-37
551
1017
1425
1858
2625
3566
4502
5285
5933
6479
6960
7396
7972
8159
7695
6654
5648
5696
6223
6292
5457
4102
3018
2509
2205
1962
1640
1296
928
541
-160
-724
-1341
-1694
-1824
-2130
-2420
-2762
-3270
-3602
-3781
-3587
-3127
-3056
-3098
-3174
-3145
-2992
-2862
-2672
-2419
-2280
-2270
-2270
-2229
-2321
-2488
-2643
-2490
-2073
-1752
-1726
-1838
-1846
-1529
-1150
-940
-962
-1164
-1263
-1243
-1164
-1188
-1337
-1588
-1855
-1976
-1923
-1769
-1695
-1710
-1561
-1184
-799
-669
-783
-900
-870
-740
-581
-479
-638
-760
-791
-601
-183
262
616
939
1485
2257
2971
3608
4262
4865
5546
6143
6719
7203
7173
6613
5673
5145
5264
5570
5588
5138
4452
3726
3109
2662
2326
2162
1898
1580
1008
399
-165
-682
-1124
-1703
-2336
-2690
-3001
-3150
-3263
-3369
-3386
-3575
-3703
-3590
-3331
-3079
-3099
-3269
-3404
-3436
-3290
-3155
-2982
-2956
-3210
-3387
-3331
-2938
-2334
-1948
-1871
-1939
-1904
-1514
-1045
-641
-522
-623
-801
-964
-1037
-1059
-1111
-1151
-1253
-1213
-1084
-973
-962
-986
-962
-867
-746
-618
-445
-308
-225
-135
-42
-22
-60
-114
-39
255
623
990
1276
1635
2131
2660
3300
3851
4448
4967
5256
5505
5762
6050
6055
5681
5272
4984
5060
5105
4961
4575
3874
3297
2926
2682
2610
2324
1841
1098
239
-469
-967
-1336
-1829
-2477
-3076
-3467
-3611
-3652
-3668
-3757
-4050
-4310
-4296
-3953
-3531
-3289
-3311
-3542
-3730
-3768
-3601
-3312
-3171
-3226
-3385
-3461
-3186
-2706
-2157
-1866
-1874
-1847
-1623
-1256
-842
-624
-559
-590
-635
-559
-482
-433
-486
-643
-664
-594
-444
-287
-219
-119
10
141
246
352
441
471
505
452
475
463
533
687
869
1133
1332
1570
1959
2400
2987
3433
3809
4144
4459
4835
5176
5473
5618
5393
4903
4400
4181
4331
4443
4341
3810
3130
2648
2359
2254
2065
1560
982
352
-222
-649
-1081
-1601
-2288
-3078
-3639
-3854
-3778
-3681
-3606
-3734
-3963
-4020
-3858
-3491
-3079
-2962
-3048
-3120
-3117
-2978
-2867
-2900
-3036
-3209
-3275
-3198
-2986
-2706
-2457
-2344
-2321
-2205
-1858
-1485
-1129
-949
-928
-916
-895
-765
-581
-474
-405
-397
-407
-296
-143
-17
101
153
219
361
440
517
578
649
697
676
719
754
872
1061
1354
1759
2070
2378
2718
3151
3645
4112
4526
4843
5115
5319
5504
5538
5456
5060
4675
4302
4097
4154
4158
4049
3590
2860
2356
1941
1726
1483
1005
458
-121
-739
-1249
-1777
-2333
-2928
-3490
-3873
-3992
-4001
-4049
-4137
-4290
-4413
-4430
-4232
-3778
-3368
-3182
-3175
-3259
-3207
-3080
-2909
-2761
-2742
-2844
-2882
-2853
-2672
-2380
-2192
-2109
-2134
-2095
-1927
-1585
-1294
-1197
-1229
-1260
-1196
-968
-722
-501
-406
-463
-439
-271
3
266
426
506
565
619
725
811
833
784
725
758
871
984
1133
1294
1446
1732
2091
2510
3029
3508
3955
4386
4755
5162
5453
5686
5803
5791
5582
5164
4716
4328
4170
4110
4034
3753
3085
2421
1892
1614
1567
1230
639
-47
-745
-1278
-1592
-1912
-2315
-2972
-3666
-4071
-4058
-3923
-3856
-3964
-4144
-4302
-4314
-4043
-3556
-3212
-3169
-3276
-3360
-3208
-2978
-2774
-2716
-2820
-2878
-2779
-2520
-2201
-2031
-1978
-2019
-2056
-1952
-1743
-1551
-1471
-1527
-1598
-1603
-1582
-1516
-1471
-1399
-1363
-1302
-1095
-813
-457
-191
-67
53
176
296
418
522
629
721
781
841
944
1051
1205
1340
1629
1968
2389
2849
3353
3889
4396
4915
5310
5664
5919
6191
6391
6396
6160
5645
5149
4781
4671
4664
4572
4231
3516
2845
2248
1883
1729
1367
807
78
-694
-1271
-1670
-2065
-2542
-3179
-3776
-4079
-4025
-3924
-3841
-3959
-4160
-4240
-4173
-3918
-3593
-3504
-3529
-3639
-3644
-3449
-3317
-3229
-3332
-3431
-3357
-3183
-2786
-2486
-2279
-2195
-2209
-2148
-1982
-1802
-1631
-1601
-1687
-1821
-1884
-1883
-1849
-1805
-1752
-1706
-1629
-1484
-1186
-875
-577
-325
-210
-71
33
136
304
466
649
775
829
928
1148
1483
1943
2394
2793
3185
3572
4029
4483
5030
5565
6039
6380
6604
6755
6799
6693
6346
5890
5540
5256
5153
5099
5005
4562
3818
3093
2450
2128
1863
1356
737
-31
-812
-1454
-1997
-2501
-3013
-3652
-4225
-4461
-4449
-4321
-4192
-4208
-4252
-4265
-4192
-3943
-3612
-3497
-3520
-3678
-3753
-3635
-3491
-3414
-3452
-3580
-3528
-3352
-3064
-2746
-2508
-2316
-2210
-2091
-1834
-1574
-1330
-1260
-1302
-1401
-1460
-1478
-1427
-1341
-1293
-1286
-1313
-1312
-1162
-908
-655
-410
-266
-205
-193
-163
-46
146
290
418
536
637
854
1210
1593
2013
2421
2903
3427
3996
4592
5168
5689
6134
6390
6578
6646
6610
6449
6078
5701
5357
5195
5094
4945
4718
4233
3640
3018
2491
2299
1988
1468
730
-71
-795
-1380
-1924
-2441
-3062
-3706
-4124
-4164
-4057
-3925
-3937
-4031
-4091
-4054
-3853
-3540
-3316
-3223
-3236
-3258
-3201
-3142
-3090
-3104
-3200
-3284
-3250
-3089
-2894
-2678
-2522
-2453
-2403
-2306
-2168
-1943
-1715
-1571
-1569
-1632
-1637
-1608
-1505
-1341
-1247
-1132
-1055
-945
-777
-586
-333
-190
-117
-165
-261
-312
-334
-251
-118
11
162
341
621
1017
1496
1973
2373
2872
3452
4114
4733
5251
5670
6023
6276
6533
6663
6692
6469
6053
5675
5447
5416
5394
5287
4966
4375
3773
3158
2752
2548
2133
1603
868
64
-687
-1275
-1800
-2283
-2921
-3538
-3935
-3984
-3906
-3793
-3869
-4016
-4130
-4141
-3962
-3620
-3415
-3339
-3349
-3379
-3291
-3193
-3104
-3064
-3070
-3066
-2958
-2790
-2571
-2350
-2212
-2116
-2039
-1998
-1905
-1785
-1687
-1635
-1623
-1664
-1717
-1679
-1599
-1414
-1242
-1106
-989
-819
-660
-476
-308
-141
-49
-76
-102
-144
-120
-77
-78
-56
-36
83
327
685
1151
1565
1961
2354
2887
3607
4261
4867
5259
5568
5877
6109
6294
6417
6161
5817
5245
4857
4849
4873
4986
4740
4164
3627
2845
2488
2230
1980
1575
837
36
-631
-1105
-1552
-1921
-2397
-2986
-3453
-3603
-3475
-3213
-3277
-3420
-3606
-3702
-3564
-3294
-3048
-2898
-3058
-3140
-3047
-2887
-2732
-2690
-2665
-2739
-2717
-2527
-2263
-2042
-1941
-1946
-1979
-1998
-1895
-1706
-1617
-1631
-1752
-1930
-2046
-2025
-1874
-1606
-1363
-1235
-1224
-1158
-1026
-759
-515
-381
-317
-345
-378
-362
-240
-60
39
110
176
341
679
1072
1560
2054
2461
2820
3239
3813
4402
4904
5253
5506
5763
6032
6251
6450
6339
6012
5596
5264
5245
5197
5122
4883
4274
3755
3081
2576
2256
1741
1147
423
-335
-961
-1499
-1941
-2337
-2797
-3238
-3551
-3578
-3567
-3514
-3529
-3629
-3720
-3752
-3657
-3427
-3250
-3176
-3242
-3236
-3229
-3172
-3046
-2963
-2855
-2774
-2626
-2406
-2143
-1950
-1817
-1764
-1757
-1735
-1685
-1598
-1513
-1513
-1589
-1675
-1794
-1825
-1760
-1591
-1386
-1266
-1204
-1087
-940
-710
-518
-371
-303
-330
-358
-357
-283
-172
-74
58
199
426
694
1005
1407
1865
2353
2832
3317
3859
4309
4759
5098
5410
5690
5875
6014
6070
5944
5671
5294
5028
4919
4840
4774
4561
4098
3632
3034
2569
2237
1746
1153
430
-285
-914
-1440
-1929
-2345
-2862
-3352
-3697
-3789
-3782
-3701
-3751
-3826
-3932
-3986
-3885
-3657
-3472
-3407
-3447
-3432
-3309
-3180
-3000
-2872
-2776
-2679
-2560
-2304
-2030
-1841
-1695
-1682
-1698
-1625
-1559
-1419
-1320
-1275
-1284
-1297
-1275
-1261
-1197
-1078
-948
-801
-682
-508
-315
-200
-131
-121
-128
-106
-115
-51
43
129
219
292
448
698
1006
1374
1780
2211
2618
3010
3405
3861
4279
4678
5011
5262
5513
5656
5759
5845
5742
5440
5139
4835
4778
4758
4669
4402
3861
3281
2661
2202
1895
1356
726
-87
-802
-1374
-1869
-2279
-2669
-3171
-3652
-3984
-4040
-4020
-4012
-4076
-4237
-4368
-4421
-4300
-4064
-3930
-3911
-3973
-3959
-3796
-3609
-3382
-3244
-3148
-3012
-2819
-2483
-2168
-1937
-1815
-1776
-1768
-1693
-1528
-1340
-1200
-1166
-1221
-1235
-1261
-1190
-1017
-819
-597
-476
-387
-209
22
236
376
438
407
392
355
423
584
668
719
721
840
1067
1378
1721
2082
2456
2819
3218
3655
4148
4582
4923
5250
5469
5642
5755
5780
5807
5694
5404
5113
4860
4744
4646
4533
4261
3758
3233
2651
2254
1975
1468
845
90
-655
-1237
-1722
-2121
-2585
-3157
-3716
-4060
-4087
-4034
-3991
-4104
-4295
-4511
-4609
-4501
-4237
-4047
-4043
-4143
-4179
-4056
-3858
-3628
-3501
-3482
-3464
-3326
-3003
-2635
-2343
-2166
-2172
-2147
-2033
-1813
-1555
-1378
-1323
-1320
-1278
-1149
-963
-776
-583
-410
-275
-117
114
396
607
731
798
798
828
808
833
916
988
1054
1146
1283
1489
1771
2049
2367
2700
3004
3388
3732
4121
4510
4801
5094
5278
5421
5487
5508
5533
5448
5209
4919
4551
4364
4232
4162
3984
3532
2990
2398
1925
1679
1309
823
112
-625
-1267
-1743
-2108
-2460
-2905
-3455
-3865
-4016
-4010
-3981
-4038
-4232
-4448
-4606
-4633
-4457
-4283
-4228
-4319
-4409
-4374
-4189
-3950
-3807
-3743
-3743
-3650
-3394
-3063
-2751
-2543
-2503
-2536
-2503
-2373
-2159
-1952
-1788
-1691
-1613
-1510
-1373
-1131
-875
-612
-367
-137
135
417
651
861
978
1037
1060
1053
1090
1181
1283
1402
1501
1673
1942
2210
2516
2813
3146
3458
3784
4139
4557
4995
5293
5563
5720
5820
5939
5925
5946
5886
5682
5373
5002
4773
4596
4425
4246
3879
3362
2746
2158
1697
1279
838
242
-430
-1068
-1655
-2124
-2536
-2926
-3352
-3771
-4028
-4157
-4217
-4311
-4529
-4732
-4916
-5035
-4982
-4835
-4783
-4812
-4900
-4910
-4793
-4584
-4379
-4251
-4181
-4082
-3875
-3575
-3241
-2966
-2840
-2797
-2697
-2546
-2309
-2067
-1910
-1811
-1711
-1579
-1445
-1247
-1039
-756
-489
-225
45
356
609
810
1011
1170
1314
1411
1464
1595
1741
1884
2058
2193
2391
2580
2794
3087
3378
3696
3990
4241
4555
4901
5213
5496
5728
5866
5942
5937
5973
5998
5969
5744
5430
5033
4760
4554
4391
4213
3762
3218
2605
2019
1631
1208
723
99
-595
-1207
-1724
-2125
-2527
-2962
-3426
-3844
-4089
-4232
-4316
-4426
-4683
-4887
-5040
-5117
-5054
-5013
-5031
-5110
-5195
-5116
-4992
-4814
-4677
-4616
-4522
-4410
-4177
-3826
-3537
-3302
-3146
-3057
-2896
-2687
-2452
-2192
-2015
-1822
-1680
-1503
-1281
-1061
-796
-548
-272
1
255
509
747
964
1170
1334
1456
1571
1706
1877
2063
2293
2496
2731
2973
3200
3467
3740
4005
4286
4530
4832
5106
5364
5560
5725
5873
5964
6044
6063
6022
6013
5828
5581
5233
4886
4653
4444
4286
4003
3504
2895
2270
1759
1333
907
417
-207
-856
-1438
-1931
-2330
-2726
-3147
-3586
-3971
-4220
-4376
-4496
-4670
-4896
-5107
-5238
-5302
-5273
-5267
-5328
-5384
-5442
-5383
-5182
-5012
-4879
-4816
-4792
-4681
-4448
-4144
-3865
-3650
-3499
-3337
-3118
-2869
-2594
-2390
-2198
-2015
-1837
-1571
-1322
-1055
-776
-542
-269
-25
222
487
694
921
1135
1309
1469
1590
1737
1913
2098
2307
2559
2786
3041
3335
3649
3940
4198
4424
4667
4956
5251
5571
5791
5925
6016
6034
6088
6132
6177
6122
5924
5613
5279
4965
4766
4595
4375
4036
3504
2943
2398
1916
1508
1012
449
-146
-750
-1244
-1680
-2129
-2601
-3074
-3533
-3866
-4090
-4239
-4413
-4672
-4895
-5087
-5195
-5246
-5282
-5332
-5400
-5474
-5482
-5377
-5222
-5076
-4970
-4942
-4899
-4744
-4520
-4228
-3957
-3757
-3610
-3473
-3274
-3021
-2750
-2497
-2258
-2034
-1830
-1560
-1245
-935
-605
-323
-48
220
477
727
984
1215
1394
1552
1687
1872
2038
2212
2393
2574
2772
3006
3276
3575
3868
4124
4336
4564
4808
5071
5333
5552
5726
5853
5926
6002
6037
6032
5990
5876
5713
5430
5129
4850
4586
4403
4132
3784
3334
2802
2309
1832
1415
989
453
-86
-685
-1230
-1692
-2133
-2548
-2985
-3438
-3852
-4150
-4343
-4529
-4735
-4951
-5147
-5294
-5405
-5434
-5442
-5461
-5474
-5517
-5455
-5336
-5195
-5055
-4981
-4910
-4802
-4653
-4409
-4137
-3892
-3671
-3484
-3285
-3063
-2807
-2564
-2297
-2036
-1798
-1528
-1223
-911
-611
-297
-41
218
467
730
1050
1321
1546
1761
1918
2058
2238
2442
2646
2861
3071
3272
3498
3761
4058
4303
4556
4748
4927
5133
5330
5574
5767
5890
5965
5929
5891
5870
5845
5790
5643
5365
5001
4618
4346
4153
3910
3615
3166
2629
2138
1667
1253
872
381
-126
-680
-1191
-1625
-2018
-2409
-2880
-3355
-3766
-4059
-4280
-4482
-4701
-4958
-5208
-5436
-5540
-5580
-5596
-5629
-5687
-5723
-5674
-5536
-5339
-5159
-5048
-4980
-4868
-4676
-4412
-4134
-3881
-3673
-3510
-3360
-3143
-2862
-2582
-2319
-2071
-1828
-1561
-1246
-887
-511
-168
97
331
589
883
1165
1473
1730
1922
2051
2160
2320
2496
2688
2884
3052
3224
3419
3638
3903
4158
4376
4543
4675
4843
5015
5203
5408
5556
5627
5590
5542
5474
5409
5367
5207
5035
4750
4434
4148
3862
3586
3241
2867
2466
2041
1611
1179
753
312
-156
-655
-1135
-1611
-2021
-2435
-2863
-3275
-3667
-3986
-4249
-4486
-4659
-4909
-5150
-5374
-5527
-5584
-5581
-5601
-5615
-5672
-5664
-5575
-5429
-5264
-5114
-4957
-4803
-4591
-4313
-4023
-3696
-3422
-3187
-2957
-2761
-2510
-2223
-1948
-1640
-1355
-1091
-793
-485
-201
97
392
701
975
1237
1532
1814
2094
2322
2470
2606
2701
2843
3025
3188
3361
3461
3598
3771
3950
4163
4369
4506
4622
4744
4896
5074
5244
5358
5377
5326
5265
5226
5208
5123
4999
4846
4623
4383
4122
3796
3464
3088
2723
2378
1993
1645
1204
737
270
-219
-658
-1131
-1603
-2068
-2513
-2909
-3305
-3655
-3970
-4279
-4589
-4834
-5070
-5289
-5461
-5654
-5782
-5802
-5820
-5817
-5836
-5865
-5818
-5734
-5558
-5367
-5142
-4912
-4701
-4430
-4153
-3829
-3525
-3224
-2938
-2677
-2386
-2094
-1775
-1446
-1165
-855
-570
-244
56
349
690
989
1284
1587
1854
2113
2334
2523
2700
2848
2994
3151
3295
3417
3529
3637
3733
3868
3993
4126
4268
4392
4531
4650
4741
4792
4836
4820
4720
4601
4459
4407
4392
4344
4270
4049
3784
3461
3213
2995
2666
2413
2045
1792
1667
1526
1309
844
285
-352
-875
-1129
-1338
-1507
-1821
-2245
-2611
-2920
-3215
-3531
-3930
-4303
-4556
-4674
-4637
-4577
-4667
-4909
-5176
-5359
-5423
-5400
-5346
-5295
-5233
-5090
-4831
-4536
-4302
-4182
-4109
-4023
-3854
-3532
-3160
-2773
-2403
-2103
-1845
-1591
-1334
-1076
-828
-562
-258
101
489
855
1209
1505
1681
1807
1935
2102
2338
2605
2891
3118
3286
3384
3470
3583
3679
3780
3887
4004
4149
4342
4561
4715
4785
4781
4683
4585
4509
4503
4539
4527
4473
4346
4217
4063
3882
3669
3421
3202
3001
2866
2707
2433
2085
1690
1304
981
688
360
-59
-528
-972
-1342
-1667
-2005
-2388
-2844
-3275
-3647
-3946
-4181
-4461
-4765
-5087
-5360
-5535
-5652
-5733
-5872
-6001
-6082
-6071
-5954
-5826
-5698
-5590
-5483
-5275
-4967
-4618
-4282
-4026
-3790
-3528
-3210
-2823
-2433
-2112
-1814
-1508
-1164
-786
-378
-36
267
556
837
1200
1545
1833
2108
2338
2569
2829
3070
3278
3437
3546
3676
3814
3948
4104
4189
4257
4272
4316
4363
4401
4417
4439
4454
4418
4413
4385
4339
4264
4156
4053
3972
3857
3741
3617
3461
3268
3064
2842
2616
2356
2120
1916
1701
1446
1130
781
393
38
-260
-515
-761
-1088
-1462
-1864
-2244
-2574
-2926
-3268
-3635
-3972
-4272
-4507
-4689
-4903
-5148
-5410
-5598
-5695
-5733
-5729
-5740
-5722
-5691
-5587
-5408
-5208
-5026
-4861
-4700
-4465
-4144
-3812
-3456
-3144
-2862
-2565
-2260
-1908
-1551
-1191
-854
-512
-125
263
662
1031
1319
1596
1872
2134
2410
2666
2917
3141
3349
3568
3719
3859
3949
4028
4137
4209
4264
4332
4356
4338
4351
4335
4311
4257
4172
4069
4005
3921
3840
3773
3670
3533
3374
3214
3043
2876
2683
2510
2327
2122
1914
1693
1418
1161
889
632
383
121
-130
-413
-644
-910
-1188
-1500
-1897
-2237
-2532
-2796
-2999
-3249
-3516
-3840
-4149
-4383
-4587
-4739
-4909
-5047
-5150
-5198
-5146
-5151
-5139
-5149
-5181
-5131
-5013
-4802
-4573
-4391
-4220
-4010
-3725
-3435
-3117
-2851
-2598
-2323
-1991
-1537
-1071
-667
-325
-49
230
539
876
1207
1514
1806
2087
2365
2662
2920
3149
3296
3425
3592
3749
3914
4044
4149
4244
4287
4317
4332
4296
4236
4133
4045
3999
3966
3902
3802
3677
3509
3337
3183
3031
2870
2664
2456
2296
2104
1929
1736
1477
1228
940
695
498
286
80
-173
-416
-656
-888
-1117
-1377
-1637
-1874
-2117
-2289
-2471
-2657
-2829
-3052
-3227
-3370
-3471
-3598
-3704
-3793
-3905
-3922
-3970
-3973
-3979
-4039
-4025
-3992
-3890
-3794
-3680
-3563
-3474
-3345
-3205
-3038
-2856
-2702
-2503
-2297
-2098
-1876
-1637
-1392
-1174
-957
-678
-438
-144
140
414
710
917
1167
1358
1573
1805
1994
2226
2371
2513
2686
2798
2961
3082
3170
3235
3265
3345
3421
3512
3550
3556
3532
3459
3436
3384
3295
3216
3106
2995
2875
2763
2655
2503
2333
2142
1956
1776
1567
1388
1188
981
782
547
318
90
-173
-450
-686
-928
-1128
-1329
-1498
-1686
-1914
-2116
-2318
-2501
-2689
-2854
-2978
-3097
-3178
-3246
-3299
-3341
-3400
-3423
-3438
-3413
-3337
-3300
-3222
-3145
-3081
-2956
-2818
-2655
-2517
-2387
-2275
-2164
-2002
-1846
-1647
-1435
-1256
-1052
-865
-653
-476
-318
-147
1
207
397
632
857
1013
1193
1340
1465
1585
1718
1826
1958
2101
2252
2396
2513
2576
2616
2687
2674
2723
2754
2776
2810
2808
2832
2823
2765
2705
2613
2546
2497
2397
2327
2236
2132
2015
1880
1738
1524
1288
1077
855
644
432
263
71
-146
-377
-624
-826
-1050
-1261
-1440
-1665
-1846
-2029
-2199
-2323
-2534
-2737
-2887
-3070
-3181
-3207
-3249
-3256
-3290
-3359
-3347
-3301
-3252
-3160
-3061
-2985
-2860
-2735
-2570
-2372
-2211
-2100
-1942
-1752
-1531
-1291
-1064
-825
-623
-421
-188
59
301
507
701
887
1109
1333
1494
1655
1778
1881
1981
2122
2282
2399
2484
2501
2547
2588
2624
2665
2685
2688
2678
2658
2633
2625
2555
2462
2357
2243
2160
2049
1947
1840
1743
1640
1531
1389
1225
1076
939
813
710
599
448
296
125
-51
-229
-406
-594
-793
-1001
-1149
-1264
-1377
-1496
-1666
-1797
-1959
-2081
-2157
-2236
-2296
-2385
-2451
-2492
-2516
-2539
-2575
-2627
-2686
-2723
-2697
-2625
-2543
-2481
-2447
-2356
-2263
-2141
-1987
-1888
-1797
-1694
-1549
-1346
-1146
-961
-816
-682
-556
-386
-180
17
187
361
552
762
969
1139
1297
1411
1534
1693
1870
2042
2185
2279
2383
2483
2562
2641
2724
2762
2790
2824
2863
2893
2874
2822
2731
2651
2604
2534
2449
2347
2207
2083
1964
1839
1709
1549
1346
1149
981
810
639
449
202
-30
-245
-474
-665
-846
-1062
-1290
-1481
-1645
-1799
-1926
-2065
-2227
-2364
-2498
-2601
-2636
-2722
-2833
-2945
-3041
-3085
-3110
-3113
-3064
-3019
-2981
-2916
-2812
-2687
-2578
-2463
-2336
-2194
-2029
-1847
-1676
-1506
-1345
-1205
-1049
-883
-748
-588
-384
-224
-60
135
305
477
638
770
924
1091
1234
1377
1520
1669
1789
1913
1995
2060
2154
2238
2314
2355
2401
2474
2549
2581
2623
2637
2632
2615
2623
2610
2581
2565
2506
2470
2423
2344
2241
2103
1968
1842
1705
1612
1501
1325
1177
999
846
670
470
281
67
-132
-316
-472
-649
-876
-1070
-1282
-1460
-1593
-1804
-1982
-2137
-2283
-2376
-2465
-2553
-2679
-2799
-2918
-2984
-2996
-3021
-3001
-3006
-3005
-2960
-2893
-2787
-2669
-2612
-2516
-2425
-2284
-2067
-1876
-1675
-1499
-1329
-1135
-938
-765
-605
-496
-345
-151
55
273
470
616
743
878
1041
1215
1382
1520
1623
1748
1874
2014
2140
2221
2278
2308
2343
2384
2451
2490
2504
2528
2534
2576
2620
2591
2551
2476
2407
2409
2382
2357
2307
2188
2061
1945
1837
1734
1590
1448
1336
1180
1057
925
761
612
423
226
73
-78
-242
-409
-616
-803
-983
-1152
-1333
-1480
-1682
-1891
-2036
-2181
-2239
-2327
-2462
-2539
-2657
-2739
-2782
-2814
-2826
-2849
-2853
-2842
-2809
-2777
-2725
-2650
-2564
-2483
-2361
-2220
-2063
-1898
-1771
-1628
-1458
-1278
-1077
-922
-768
-588
-412
-161
69
241
400
535
685
880
1091
1262
1403
1523
1658
1819
1977
2085
2160
2201
2275
2417
2536
2621
2669
2673
2689
2722
2752
2782
2756
2673
2599
2553
2520
2483
2413
2271
2140
1994
1897
1823
1698
1539
1376
1206
1055
935
767
559
369
171
2
-151
-349
-558
-743
-969
-1131
-1267
-1399
-1508
-1671
-1807
-1903
-2017
-2097
-2205
-2304
-2393
-2492
-2547
-2583
-2614
-2641
-2674
-2691
-2662
-2629
-2568
-2494
-2409
-2317
-2223
-2101
-1989
-1876
-1773
-1696
-1558
-1399
-1270
-1129
-983
-858
-719
-563
-409
-248
-119
39
195
368
507
668
835
972
1121
1234
1366
1449
1526
1611
1707
1820
1918
2002
2085
2146
2229
2303
2350
2422
2472
2517
2561
2564
2556
2548
2523
2470
2409
2323
2241
2162
2070
2000
1903
1784
1663
1531
1393
1237
1088
945
768
582
389
218
25
-138
-308
-527
-725
-932
-1089
-1221
-1352
-1502
-1644
-1794
-1953
-2046
-2121
-2228
-2316
-2403
-2474
-2490
-2490
-2516
-2522
-2534
-2527
-2444
-2339
-2245
-2127
-2046
-1965
-1838
-1680
-1533
-1413
-1324
-1215
-1056
-899
-724
-574
-470
-381
-260
-93
68
199
297
376
500
657
788
896
970
988
1022
1106
1183
1267
1346
1358
1392
1462
1526
1598
1651
1641
1662
1702
1773
1881
1935
1938
1929
1901
1907
1927
1925
1888
1829
1765
1746
1741
1682
1603
1493
1376
1284
1202
1121
1012
877
720
583
432
279
103
-102
-302
-510
-654
-765
-891
-1007
-1164
-1313
-1442
-1596
-1710
-1837
-1964
-2048
-2132
-2188
-2240
-2292
-2332
-2385
-2424
-2439
-2399
-2332
-2237
-2094
-1981
-1853
-1712
-1594
-1457
-1332
-1234
-1103
-966
-787
-583
-417
-252
-136
-36
67
184
349
491
637
799
932
1084
1209
1263
1318
1332
1381
1409
1440
1485
1519
1552
1558
1559
1607
1605
1559
1545
1530
1553
1579
1617
1622
1584
1521
1464
1421
1384
1314
1230
1165
1113
1061
1046
988
887
794
670
590
527
452
348
234
145
57
-24
-113
-244
-398
-536
-643
-729
-814
-893
-1000
-1104
-1190
-1280
-1363
-1453
-1544
-1644
-1720
-1752
-1758
-1802
-1879
-1927
-1969
-1959
-1954
-1919
-1868
-1819
-1782
-1695
-1574
-1485
-1407
-1317
-1225
-1114
-965
-824
-704
-581
-474
-339
-177
-35
116
204
292
406
543
688
807
922
989
1046
1141
1235
1322
1352
1365
1396
1440
1502
1558
1597
1569
1546
1575
1623
1647
1641
1587
1547
1533
1504
1510
1491
1393
1298
1226
1184
1152
1064
971
866
764
677
619
546
421
284
133
22
-77
-197
-312
-429
-588
-710
-829
-964
-1049
-1170
-1267
-1350
-1421
-1479
-1546
-1597
-1666
-1720
-1763
-1827
-1851
-1844
-1822
-1784
-1787
-1762
-1738
-1707
-1624
-1552
-1470
-1397
-1303
-1187
-1089
-970
-856
-735
-633
-539
-390
-235
-91
33
140
261
377
508
621
731
823
917
1039
1136
1220
1290
1340
1380
1460
1516
1554
1590
1597
1643
1700
1711
1715
1705
1662
1659
1667
1678
1679
1618
1549
1509
1468
1430
1367
1279
1187
1074
1038
1004
898
782
657
552
445
358
259
107
-47
-174
-262
-361
-479
-618
-759
-906
-1043
-1138
-1230
-1321
-1441
-1510
-1590
-1681
-1742
-1802
-1872
-1920
-1932
-1931
-1940
-1977
-1967
-1946
-1902
-1867
-1842
-1802
-1749
-1652
-1529
-1406
-1294
-1215
-1089
-951
-829
-695
-592
-476
-354
-214
-52
106
222
318
423
518
661
800
926
1030
1095
1190
1293
1386
1459
1525
1545
1567
1578
1639
1693
1721
1742
1743
1719
1700
1703
1685
1683
1648
1629
1604
1556
1506
1454
1414
1336
1257
1189
1116
1053
994
933
840
726
632
538
404
270
144
5
-109
-260
-385
-505
-652
-792
-935
-1065
-1198
-1325
-1426
-1503
-1585
-1675
-1758
-1837
-1920
-1984
-2039
-2133
-2183
-2203
-2235
-2210
-2170
-2157
-2141
-2078
-2032
-1963
-1864
-1781
-1655
-1557
-1450
-1305
-1170
-1054
-947
-817
-701
-570
-434
-272
-123
13
166
322
511
650
780
928
1038
1166
1282
1405
1520
1550
1619
1671
1748
1800
1813
1861
1876
1896
1947
1986
1999
1992
1969
1967
1923
1884
1849
1797
1724
1636
1588
1518
1421
1345
1253
1177
1086
992
914
839
754
639
517
394
276
127
12
-129
-278
-419
-581
-706
-837
-962
-1082
-1216
-1332
-1440
-1539
-1647
-1756
-1795
-1890
-1980
-2048
-2116
-2164
-2210
-2237
-2256
-2266
-2292
-2294
-2237
-2193
-2127
-2021
-1938
-1818
-1727
-1624
-1510
-1377
-1257
-1115
-952
-806
-683
-528
-374
-234
-75
69
225
394
538
681
850
974
1104
1237
1327
1419
1500
1561
1654
1723
1784
1868
1915
1953
1995
1969
1967
1977
1959
1978
1978
1956
1917
1862
1821
1779
1721
1659
1586
1496
1418
1354
1290
1201
1106
1005
916
807
709
603
493
373
250
145
40
-66
-216
-379
-525
-664
-772
-847
-977
-1085
-1197
-1313
-1408
-1508
-1609
-1684
-1809
-1899
-1950
-2010
-2043
-2108
-2152
-2178
-2208
-2200
-2190
-2177
-2155
-2123
-2033
-1937
-1841
-1757
-1680
-1614
-1526
-1398
-1234
-1096
-960
-833
-695
-531
-378
-219
-76
66
208
380
579
723
872
998
1137
1276
1388
1501
1612
1685
1767
1854
1938
2039
2075
2112
2146
2167
2197
2191
2187
2184
2149
2115
2106
2062
2006
1937
1869
1770
1719
1645
1559
1496
1392
1303
1223
1133
1019
885
769
658
551
446
321
208
62
-107
-225
-380
-524
-654
-793
-936
-1065
-1175
-1299
-1421
-1569
-1687
-1775
-1890
-1973
-2029
-2122
-2199
-2247
-2315
-2343
-2378
-2417
-2413
-2407
-2382
-2350
-2297
-2234
-2172
-2101
-2010
-1904
-1797
-1685
-1547
-1405
-1298
-1151
-996
-856
-721
-561
-387
-231
-64
104
263
405
547
706
863
1001
1127
1240
1352
1449
1563
1675
1763
1818
1856
1911
1958
2001
2036
2069
2073
2082
2091
2083
2060
2000
1932
1862
1797
1764
1720
1651
1565
1491
1420
1340
1277
1185
1099
994
892
816
723
617
490
335
175
62
-52
-175
-305
-435
-562
-680
-774
-872
-963
-1090
-1223
-1319
-1417
-1505
-1595
-1675
-1759
-1838
-1915
-1982
-2030
-2102
-2133
-2135
-2143
-2122
-2097
-2048
-1996
-1965
-1906
-1827
-1759
-1696
-1615
-1521
-1422
-1318
-1204
-1079
-952
-846
-713
-538
-397
-257
-83
78
255
422
564
710
844
965
1104
1229
1333
1437
1530
1633
1714
1794
1870
1923
1960
1999
2033
2088
2107
2106
2112
2095
2086
2060
2008
1949
1862
1789
1740
1676
1620
1520
1435
1332
1243
1162
1059
952
836
738
627
525
403
273
133
-23
-152
-251
-371
-484
-625
-753
-856
-964
-1055
-1165
-1267
-1371
-1476
-1561
-1618
-1690
-1773
-1833
-1910
-1952
-1960
-1987
-1999
-2007
-2022
-2009
-1981
-1962
-1927
-1888
-1828
-1752
-1677
-1582
-1496
-1406
-1319
-1223
-1097
-977
-853
-708
-595
-443
-298
-150
-7
135
281
403
528
647
783
917
1041
1161
1284
1393
1470
1550
1653
1739
1787
1846
1912
1955
1984
2001
2026
2035
2042
2034
2023
1995
1940
1898
1856
1810
1748
1660
1579
1496
1394
1311
1227
1102
987
905
806
699
565
432
307
185
70
-14
-113
-248
-371
-471
-597
-723
-821
-948
-1057
-1173
-1245
-1312
-1384
-1465
-1538
-1576
-1630
-1663
-1681
-1709
-1759
-1774
-1773
-1753
-1766
-1775
-1749
-1745
-1720
-1682
-1618
-1542
-1507
-1426
-1334
-1244
-1150
-1045
-940
-838
-747
-640
-528
-446
-334
-219
-108
-3
125
248
373
468
602
744
840
955
1070
1183
1271
1359
1449
1516
1554
1585
1648
1695
1719
1758
1762
1762
1758
1727
1728
1707
1664
1643
1606
1538
1496
1418
1333
1255
1162
1087
1002
897
804
700
577
488
396
273
155
45
-81
-173
-283
-381
-462
-588
-695
-807
-906
-991
-1082
-1146
-1206
-1258
-1324
-1383
-1420
-1481
-1523
-1550
-1561
-1569
-1595
-1592
-1587
-1571
-1555
-1536
-1487
-1475
-1423
-1357
-1301
-1208
-1122
-1041
-945
-852
-758
-660
-581
-502
-390
-296
-197
-74
23
125
236
323
444
548
625
741
838
927
1007
1092
1177
1226
1277
1335
1399
1437
1463
1519
1561
1575
1593
1631
1631
1609
1598
1600
1571
1540
1529
1512
1437
1361
1300
1223
1153
1101
1022
940
853
752
675
594
473
370
271
159
74
-33
-106
-221
-346
-428
-534
-635
-743
-878
-940
-1039
-1117
-1148
-1223
-1302
-1362
-1422
-1464
-1496
-1506
-1499
-1519
-1544
-1537
-1522
-1519
-1516
-1488
-1450
-1423
-1376
-1324
-1241
-1196
-1135
-1039
-974
-884
-785
-682
-592
-492
-382
-265
-170
-78
15
115
211
315
419
523
634
714
816
878
946
1043
1112
1163
1245
1315
1363
1398
1439
1463
1500
1516
1512
1549
1540
1526
1515
1502
1484
1458
1424
1374
1291
1214
1166
1110
1042
972
903
832
710
603
532
433
328
212
129
50
-47
-141
-223
-328
-453
-556
-635
-717
-801
-871
-949
-1010
-1095
-1154
-1198
-1268
-1358
-1415
-1454
-1490
-1519
-1529
-1537
-1555
-1555
-1565
-1558
-1561
-1545
-1521
-1465
-1408
-1344
-1243
-1181
-1125
-1069
-998
-941
-861
-771
-677
-567
-463
-367
-263
-185
-85
41
151
262
392
474
598
712
809
920
995
1053
1126
1197
1254
1321
1356
1381
1402
1432
1474
1500
1504
1511
1500
1496
1487
1484
1476
1406
1351
1317
1256
1208
1143
1080
1001
904
822
745
647
546
455
371
291
223
130
27
-81
-192
-263
-359
-447
-526
-612
-703
-764
-842
-908
-982
-1090
-1168
-1202
-1244
-1274
-1300
-1342
-1385
-1407
-1421
-1420
-1426
-1434
-1408
-1393
-1375
-1345
-1325
-1319
-1296
-1270
-1195
-1117
-1047
-975
-906
-832
-747
-649
-559
-464
-386
-310
-221
-113
-14
85
182
268
362
445
533
646
748
836
905
997
1101
1175
1256
1298
1343
1374
1403
1441
1474
1486
1512
1508
1473
1470
1459
1454
1429
1375
1366
1342
1282
1222
1176
1099
985
927
834
770
678
559
457
357
246
149
50
-65
-163
-248
-319
-384
-479
-582
-661
-760
-852
-900
-967
-1044
-1103
-1163
-1203
-1260
-1288
-1332
-1389
-1401
-1426
-1408
-1388
-1390
-1396
-1385
-1365
-1364
-1332
-1283
-1274
-1237
-1183
-1116
-1064
-1014
-950
-861
-771
-681
-589
-497
-411
-316
-211
-121
-39
52
131
203
289
386
486
556
626
695
767
837
915
990
1032
1085
1138
1197
1238
1266
1272
1275
1288
1288
1310
1306
1279
1281
1270
1252
1235
1205
1169
1137
1073
1041
1000
921
860
772
697
594
490
403
330
232
128
55
-18
-136
-226
-306
-416
-507
-616
-693
-780
-863
-945
-1027
-1103
-1223
-1282
-1345
-1420
-1457
-1502
-1518
-1570
-1584
-1582
-1597
-1597
-1579
-1558
-1534
-1523
-1502
-1447
-1432
-1359
-1295
-1221
-1166
-1108
-1030
-933
-862
-768
-662
-581
-493
-392
-301
-210
-103
-35
77
194
289
409
495
571
647
723
832
915
996
1073
1128
1181
1251
1302
1355
1406
1439
1473
1501
1534
1557
1553
1528
1508
1496
1468
1430
1418
1362
1300
1242
1180
1114
1044
963
875
815
722
640
558
469
370
272
189
93
-18
-131
-213
-306
-413
-509
-610
-707
-800
-879
-952
-1018
-1079
-1145
-1221
-1274
-1328
-1371
-1399
-1448
-1473
-1486
-1520
-1546
-1564
-1567
-1540
-1538
-1526
-1501
-1478
-1446
-1378
-1328
-1290
-1228
-1171
-1109
-1027
-944
-857
-784
-706
-618
-508
-400
-309
-201
-102
-13
88
207
313
414
506
581
701
801
904
1013
1067
1134
1209
1264
1353
1411
1440
1483
1507
1546
1554
1569
1561
1521
1510
1487
1471
1439
1399
1380
1303
1238
1182
1114
1051
969
875
800
720
626
536
434
339
230
127
39
-52
-155
-253
-333
-420
-528
-598
-691
-791
-842
-934
-1002
-1069
-1141
-1171
-1231
-1298
-1321
-1357
-1410
-1433
-1445
-1453
-1450
-1458
-1438
-1424
-1428
-1390
-1353
-1331
-1277
-1231
-1174
-1108
-1058
-992
-915
-839
-755
-675
-595
-521
-442
-333
-251
-179
-109
-34
69
160
246
347
420
485
565
670
766
811
881
930
959
1033
1104
1153
1183
1191
1227
1259
1258
1286
1292
1315
1302
1292
1296
1281
1247
1208
1166
1145
1090
1047
998
911
857
772
686
606
508
435
356
262
192
111
32
-75
-167
-221
-306
-402
-489
-580
-646
-711
-774
-830
-906
-1007
-1068
-1105
-1174
-1212
-1245
-1283
-1297
-1309
-1336
-1331
-1339
-1375
-1368
-1361
-1343
-1333
-1298
-1254
-1213
-1172
-1140
-1106
-1053
-982
-912
-855
-788
-709
-654
-572
-481
-404
-327
-257
-176
-95
8
103
176
256
333
402
509
582
632
696
739
796
874
962
1011
1040
1072
1107
1155
1178
1198
1212
1217
1215
1211
1218
1201
1157
1129
1096
1069
1061
1023
953
902
853
802
744
677
618
561
469
388
299
220
119
17
-40
-120
-203
-286
-372
-457
-524
-583
-648
-723
-790
-846
-901
-932
-976
-1017
-1086
-1124
-1142
-1159
-1157
-1181
-1209
-1237
-1208
-1197
-1205
-1163
-1150
-1130
-1097
-1086
-1020
-989
-944
-874
-816
-767
-712
-652
-598
-513
-440
-381
-296
-239
-174
-79
-13
67
116
171
269
337
426
513
578
636
716
774
822
883
919
958
977
1020
1074
1095
1102
1097
1101
1116
1111
1131
1098
1086
1074
1050
1039
987
952
899
856
801
749
702
631
552
496
432
380
318
240
189
117
53
-10
-78
-154
-237
-314
-358
-415
-478
-564
-640
-694
-764
-806
-840
-862
-912
-975
-996
-1001
-1023
-1049
-1069
-1072
-1091
-1097
-1086
-1083
-1085
-1075
-1054
-1032
-1003
-971
-923
-888
-825
-781
-702
-643
-590
-507
-453
-391
-313
-239
-164
-107
-38
35
107
173
234
328
400
463
554
615
690
750
793
846
899
947
995
1021
1034
1071
1083
1102
1120
1122
1105
1130
1135
1122
1127
1072
1034
1011
935
908
858
795
733
672
610
529
465
393
321
260
168
101
57
-38
-100
-155
-242
-293
-374
-440
-482
-539
-606
-656
-709
-780
-806
-841
-897
-924
-962
-987
-1002
-1015
-1016
-1031
-1024
-1035
-1027
-1003
-1007
-995
-955
-933
-906
-878
-855
-831
-788
-756
-714
-664
-622
-576
-523
-457
-409
-329
-277
-230
-160
-99
-41
35
81
137
201
236
305
388
451
505
552
585
632
671
714
766
791
807
838
852
867
869
884
909
905
907
896
882
877
835
817
803
764
724
677
642
608
539
486
416
351
300
238
186
134
76
5
-62
-103
-164
-224
-286
-362
-409
-464
-511
-546
-614
-653
-693
-701
-725
-766
-783
-792
-809
-824
-830
-830
-835
-836
-832
-827
-802
-798
-780
-742
-718
-679
-654
-622
-581
-540
-473
-411
-358
-309
-251
-198
-138
-83
-29
24
78
143
206
247
319
378
428
466
508
559
593
626
670
700
737
743
754
769
789
809
808
816
839
844
843
839
830
805
791
778
758
755
725
690
665
620
568
543
498
426
418
362
311
291
237
186
134
76
36
-1
-40
-81
-124
-188
-227
-244
-297
-349
-368
-422
-455
-457
-507
-513
-540
-592
-595
-598
-606
-621
-624
-640
-649
-625
-626
-637
-633
-628
-610
-587
-580
-555
-532
-506
-476
-436
-378
-354
-327
-301
-241
-197
-170
-112
-71
-20
54
91
150
207
255
281
336
391
448
491
514
548
573
635
676
686
705
720
730
747
764
761
751
743
740
750
767
735
711
687
650
636
606
584
545
499
452
400
367
325
249
204
160
113
77
36
-34
-95
-136
-191
-233
-279
-322
-374
-423
-452
-494
-533
-566
-572
-604
-641
-640
-654
-671
-668
-689
-668
-658
-674
-668
-650
-644
-632
-600
-596
-565
-559
-531
-499
-461
-427
-398
-378
-342
-289
-267
-206
-173
-141
-104
-58
-1
50
95
126
177
226
266
317
350
391
454
487
527
590
607
607
650
683
701
720
740
760
776
765
760
772
766
743
739
730
717
696
671
639
599
564
536
497
469
412
363
319
286
239
213
169
102
62
-4
-68
-124
-171
-218
-292
-361
-372
-427
-474
-505
-548
-604
-630
-656
-669
-688
-692
-701
-720
-714
-719
-711
-725
-721
-720
-713
-688
-670
-635
-623
-610
-577
-562
-524
-482
-463
-426
-379
-355
-294
-256
-222
-170
-145
-93
-57
-22
30
73
114
153
222
265
302
334
369
412
439
454
494
523
542
576
585
608
636
642
653
677
671
675
682
665
656
645
608
600
591
558
535
502
470
445
395
360
345
289
236
219
170
113
96
36
-1
-42
-107
-135
-171
-224
-267
-325
-386
-426
-457
-482
-514
-534
-573
-590
-604
-653
-649
-670
-690
-674
-689
-678
-664
-675
-670
-656
-645
-625
-605
-580
-553
-524
-492
-449
-415
-380
-359
-322
-262
-242
-204
-166
-129
-88
-52
2
50
99
130
176
221
267
307
338
379
406
450
472
506
546
560
595
603
625
646
642
664
660
657
672
660
659
642
630
618
616
599
577
558
536
487
459
447
397
362
314
274
250
203
143
104
30
3
-29
-79
-114
-156
-204
-241
-272
-321
-364
-398
-431
-442
-466
-503
-538
-565
-596
-613
-636
-649
-647
-663
-650
-660
-655
-648
-644
-629
-642
-611
-592
-583
-559
-529
-509
-479
-449
-421
-395
-353
-302
-266
-205
-173
-134
-89
-67
-17
28
79
145
176
225
265
308
337
364
404
442
480
513
544
577
618
639
654
651
681
694
693
704
695
706
699
686
672
671
632
611
594
563
541
502
477
451
409
363
326
268
220
177
167
117
58
6
-34
-56
-115
-168
-190
-233
-279
-302
-337
-353
-397
-440
-465
-491
-512
-544
-581
-611
-616
-624
-631
-643
-649
-665
-665
-657
-649
-640
-634
-629
-618
-585
-579
-540
-542
-533
-485
-469
-425
-392
-366
-327
-317
-279
-252
-200
-164
-138
-95
-69
-29
8
69
108
146
179
212
242
277
289
324
374
384
435
485
506
538
560
570
598
612
611
621
624
634
618
612
612
582
569
543
517
499
485
435
417
393
340
306
257
210
176
134
83
54
1
-52
-88
-144
-181
-232
-279
-320
-358
-383
-427
-448
-476
-519
-543
-553
-578
-609
-625
-644
-660
-657
-657
-658
-652
-648
-641
-636
-618
-585
-561
-546
-508
-501
-463
-433
-401
-350
-339
-298
-264
-247
-195
-144
-101
-67
-25
28
61
91
146
195
228
260
305
333
369
394
430
459
477
506
524
541
554
549
584
603
609
628
629
620
625
625
619
619
594
574
576
549
526
499
466
456
418
396
361
315
298
269
242
199
161
127
76
36
2
-40
-98
-140
-194
-253
-297
-336
-368
-392
-431
-466
-492
-518
-522
-569
-597
-616
-623
-629
-625
-641
-651
-649
-660
-651
-658
-628
-612
-590
-574
-555
-525
-518
-472
-448
-425
-377
-362
-321
-291
-256
-201
-181
-125
-92
-50
2
47
94
115
167
197
237
286
306
343
383
404
413
455
474
487
515
542
553
576
574
592
603
593
591
584
590
602
592
568
559
531
496
475
450
435
398
365
340
298
285
240
211
165
114
83
44
-11
-47
-67
-151
-186
-212
-267
-293
-313
-343
-376
-396
-433
-436
-470
-502
-525
-543
-547
-566
-585
-584
-593
-584
-591
-594
-579
-579
-569
-552
-548
-528
-489
-481
-460
-437
-422
-380
-349
-314
-287
-259
-215
-191
-156
-111
-83
-45
-36
-1
32
68
119
134
178
212
232
261
288
306
339
355
374
402
394
410
424
438
451
453
453
451
457
441
443
436
418
416
404
381
370
354
326
286
251
228
197
177
144
119
99
56
18
-11
-47
-85
-126
-148
-183
-207
-235
-252
-272
-319
-324
-364
-373
-381
-405
-422
-442
-445
-450
-457
-459
-471
-472
-477
-480
-458
-464
-446
-452
-454
-438
-421
-397
-375
-365
-356
-316
-301
-290
-246
-225
-214
-167
-133
-97
-67
-32
-8
26
67
85
128
148
182
202
243
273
281
314
339
356
370
392
416
433
432
454
455
456
462
451
470
474
469
465
449
436
442
405
413
383
368
373
337
332
314
305
281
248
232
209
173
139
132
85
45
8
-12
-54
-86
-93
-123
-154
-189
-213
-240
-267
-301
-335
-362
-375
-394
-409
-411
-431
-458
-456
-453
-470
-460
-471
-460
-438
-445
-438
-410
-412
-381
-358
-353
-320
-296
-277
-252
-217
-186
-164
-132
-103
-78
-36
-18
25
52
85
112
123
166
185
208
239
253
283
301
331
338
356
375
380
413
419
430
417
420
439
426
442
448
436
459
457
429
422
397
383
369
348
342
311
307
269
239
202
172
162
124
108
77
32
25
-21
-45
-76
-139
-155
-189
-206
-241
-267
-282
-306
-342
-364
-386
-406
-433
-445
-454
-466
-468
-472
-468
-485
-494
-488
-490
-497
-480
-446
-422
-414
-389
-363
-362
-330
-306
-265
-227
-196
-177
-140
-102
-71
-30
-5
41
67
102
135
171
203
239
256
288
336
335
363
386
411
428
453
470
473
490
509
528
528
528
529
528
520
507
487
458
446
445
424
386
375
365
311
291
283
259
241
213
195
150
130
124
74
55
34
10
-9
-33
-61
-80
-104
-132
-169
-206
-225
-255
-264
-294
-316
-321
-343
-355
-382
-384
-390
-397
-407
-425
-437
-425
-434
-425
-414
-415
-402
-401
-377
-368
-351
-332
-325
-297
-271
-260
-227
-218
-177
-143
-119
-93
-74
-32
-15
25
63
95
124
156
182
217
253
273
298
326
349
376
419
421
459
469
475
483
486
499
514
506
514
529
538
520
496
481
480
469
456
434
422
412
375
363
338
313
297
272
228
192
161
140
83
52
30
-12
-49
-84
-106
-136
-172
-199
-227
-280
-309
-320
-348
-368
-386
-394
-416
-435
-433
-432
-445
-459
-464
-450
-458
-446
-443
-430
-406
-394
-368
-339
-320
-312
-299
-268
-235
-231
-197
-161
-131
-88
-77
-34
1
25
74
100
134
165
183
226
261
295
332
336
371
400
423
448
463
486
493
519
519
539
563
545
541
545
562
541
541
532
522
497
478
475
456
437
420
394
356
341
307
288
261
212
179
143
117
68
52
17
-33
-71
-114
-143
-167
-215
-232
-255
-294
-315
-353
-378
-381
-427
-438
-447
-467
-474
-477
-480
-496
-504
-507
-513
-514
-500
-486
-483
-483
-484
-457
-431
-422
-395
-373
-358
-333
-321
-288
-252
-234
-222
-178
-147
-127
-94
-63
-35
-10
19
56
89
122
137
177
216
247
288
319
348
370
397
426
450
458
473
500
505
515
531
540
537
529
537
526
522
538
530
528
513
489
479
441
441
424
403
367
339
302
264
228
203
182
126
108
70
31
-5
-25
-59
-81
-103
-156
-171
-196
-225
-238
-269
-300
-306
-336
-359
-379
-396
-413
-442
-459
-453
-466
-471
-475
-486
-463
-485
-504
-467
-468
-455
-427
-429
-394
-360
-352
-312
-284
-269
-224
-193
-183
-135
-102
-86
-49
-28
12
59
72
110
139
181
203
240
285
312
337
350
363
380
409
421
449
449
458
484
491
493
482
483
479
469
466
460
447
439
431
419
399
378
357
328
293
272
241
218
181
141
108
61
37
16
-23
-51
-84
-119
-144
-168
-193
-234
-262
-290
-311
-340
-367
-379
-411
-405
-444
-471
-489
-504
-516
-534
-544
-543
-567
-556
-532
-556
-506
-502
-514
-496
-487
-481
-480
-454
-416
-377
-366
-320
-252
-241
-214
-190
-186
-133
-104
-72
-39
-7
18
57
78
117
126
150
183
195
214
233
264
291
314
336
358
369
389
394
424
443
472
479
490
515
511
509
505
511
489
471
467
457
451
445
427
404
403
370
353
327
287
276
249
200
193
151
120
89
36
-5
-35
-73
-114
-143
-183
-228
-254
-280
-314
-335
-374
-394
-414
-431
-464
-488
-487
-503
-505
-516
-534
-518
-524
-530
-531
-526
-514
-498
-489
-481
-470
-471
-450
-428
-403
-396
-355
-321
-315
-280
-245
-217
-190
-148
-101
-82
-49
-8
21
50
95
111
129
165
210
245
265
291
318
343
361
384
405
416
436
464
484
510
501
511
517
503
497
483
487
480
463
453
447
425
411
379
344
326
293
255
223
203
163
139
95
59
25
-18
-47
-76
-112
-139
-173
-216
-222
-255
-277
-310
-342
-377
-406
-413
-436
-457
-470
-491
-504
-505
-499
-508
-531
-521
-517
-503
-502
-499
-478
-457
-450
-432
-417
-407
-387
-373
-358
-324
-292
-253
-225
-185
-144
-116
-82
-35
-20
24
70
96
139
172
184
220
248
274
304
310
334
359
387
390
400
416
429
455
445
441
452
451
431
442
433
412
422
412
394
364
341
322
303
278
256
236
210
177
153
117
87
47
-1
-26
-54
-90
-120
-139
-192
-224
-253
-291
-304
-341
-379
-391
-414
-444
-441
-453
-473
-478
-485
-509
-507
-502
-520
-498
-501
-511
-490
-493
-494
-480
-482
-468
-460
-448
-427
-421
-389
-392
-374
-350
-315
-281
-268
-223
-190
-174
-127
-100
-73
-33
-5
43
74
100
125
157
201
210
239
265
271
292
303
332
354
359
355
366
383
397
408
411
398
412
400
395
397
372
394
389
362
354
363
335
321
306
298
276
252
237
222
199
161
137
117
85
44
29
-1
-40
-59
-77
-120
-127
-148
-156
-171
-196
-209
-230
-268
-275
-275
-286
-287
-308
-295
-311
-330
-320
-313
-323
-335
-320
-315
-315
-302
-295
-295
-294
-293
-275
-256
-243
-221
-203
-192
-156
-125
-110
-81
-65
-52
-24
1
9
31
58
70
98
126
135
158
178
185
206
231
245
250
255
275
295
317
315
328
343
318
339
329
330
334
321
317
321
320
299
296
269
228
239
215
197
174
149
139
113
92
81
70
41
16
-4
-17
-24
-53
-65
-93
-105
-122
-160
-174
-197
-214
-228
-248
-256
-264
-286
-284
-270
-282
-290
-289
-292
-287
-301
-304
-296
-308
-309
-291
-292
-291
-296
-274
-264
-267
-261
-252
-238
-218
-202
-185
-163
-161
-140
-124
-106
-84
-63
-50
-31
-9
9
55
54
70
112
118
133
172
187
223
244
215
260
277
293
317
310
337
329
354
359
373
383
367
384
372
366
356
370
368
340
316
309
300
294
280
259
249
239
211
191
169
139
128
99
87
65
45
18
0
-43
-71
-90
-134
-165
-177
-186
-224
-254
-270
-278
-296
-319
-335
-350
-376
-388
-383
-394
-411
-394
-399
-380
-375
-364
-356
-354
-325
-324
-318
-306
-280
-254
-228
-214
-179
-143
-136
-132
-106
-51
-26
-5
47
55
92
113
141
174
191
217
240
277
289
306
331
360
372
387
377
398
405
404
428
422
409
412
403
398
392
364
367
354
353
337
334
307
292
289
265
257
227
204
177
145
118
89
67
56
28
-13
-46
-76
-103
-116
-133
-174
-200
-219
-235
-252
-259
-272
-290
-301
-312
-312
-331
-322
-313
-332
-316
-307
-311
-288
-282
-282
-261
-239
-232
-232
-207
-187
-178
-158
-147
-126
-116
-97
-75
-54
-30
-17
30
43
50
94
124
139
156
179
207
214
229
261
288
291
310
312
322
346
336
342
383
365
366
389
380
386
391
372
368
368
360
368
350
319
332
299
279
269
256
260
228
211
207
164
159
142
116
110
76
44
32
3
-7
-28
-55
-74
-84
-89
-137
-150
-165
-178
-187
-218
-227
-241
-263
-281
-299
-307
-318
-333
-322
-322
-342
-344
-350
-343
-339
-343
-342
-336
-318
-326
-319
-294
-289
-271
-268
-263
-220
-221
-206
-184
-160
-144
-115
-77
-48
-40
-3
9
20
61
87
129
149
173
204
223
225
234
247
260
271
281
292
305
296
307
337
311
312
325
319
335
320
328
335
316
303
293
280
266
248
228
202
184
181
166
142
103
99
71
47
22
-6
-10
-49
-67
-87
-104
-129
-157
-176
-197
-215
-222
-238
-257
-285
-288
-300
-311
-310
-322
-322
-324
-342
-335
-335
-353
-337
-334
-320
-303
-315
-306
-289
-287
-279
-254
-247
-226
-197
-189
-170
-152
-141
-128
-83
-57
-53
-15
6
26
49
54
84
115
124
150
180
187
227
250
276
298
294
314
337
342
346
353
355
366
375
369
366
365
348
368
348
325
335
311
320
294
269
269
235
213
200
180
146
110
110
90
64
45
18
6
-16
-43
-68
-96
-129
-155
-172
-189
-212
-232
-233
-271
-285
-301
-308
-328
-341
-335
-347
-346
-350
-343
-345
-358
-354
-354
-355
-354
-357
-325
-314
-302
-283
-283
-269
-242
-225
-208
-179
-175
-143
-97
-87
-56
-28
-19
14
26
52
78
102
125
155
179
198
225
234
257
290
306
311
346
328
347
358
361
383
378
378
399
389
381
390
378
380
361
343
344
332
321
301
275
271
259
231
215
207
173
144
139
111
112
93
66
52
27
17
2
-9
-25
-29
-48
-92
-103
-98
-122
-117
-133
-147
-154
-189
-198
-207
-208
-247
-248
-244
-263
-259
-261
-270
-273
-281
-286
-282
-285
-256
-255
-248
-252
-240
-235
-241
-230
-211
-191
-164
-151
-144
-121
-103
-87
-66
-37
-25
0
17
41
61
69
84
98
125
136
153
181
184
192
200
203
201
216
226
232
226
240
234
235
236
219
230
242
228
226
221
223
213
202
200
187
187
197
192
171
160
139
119
95
67
64
55
30
18
-10
-4
-20
-43
-66
-80
-87
-98
-106
-116
-141
-153
-175
-181
-198
-210
-199
-215
-222
-231
-222
-223
-244
-207
-226
-241
-228
-225
-225
-220
-213
-198
-181
-155
-151
-147
-134
-124
-113
-105
-74
-59
-53
-25
-23
1
21
21
59
65
85
105
129
139
147
168
162
184
217
215
239
244
254
285
294
299
304
307
322
326
331
342
349
349
340
349
356
362
377
354
353
336
312
311
287
244
247
240
198
182
155
125
103
69
36
38
-8
-29
-50
-72
-89
-118
-140
-152
-164
-193
-217
-218
-238
-243
-246
-264
-270
-272
-276
-286
-286
-276
-277
-276
-273
-271
-240
-253
-246
-242
-223
-216
-217
-197
-211
-191
-192
-173
-150
-148
-99
-97
-76
-64
-41
-20
13
24
39
67
80
101
117
135
142
173
174
187
227
228
229
248
245
250
265
251
268
263
261
268
272
266
263
268
252
243
250
242
223
216
213
191
186
176
138
132
122
100
81
67
33
29
23
-11
-12
-45
-58
-63
-99
-112
-123
-117
-115
-129
-133
-170
-185
-170
-178
-175
-197
-186
-182
-193
-176
-199
-195
-192
-192
-178
-178
-174
-172
-174
-151
-145
-126
-115
-116
-95
-71
-73
-58
-41
-33
-47
-37
-13
-5
4
2
18
30
50
39
62
87
98
114
107
131
138
139
140
157
175
173
176
191
193
194
196
179
199
209
188
188
201
189
202
190
183
187
180
160
159
149
127
120
97
106
99
92
67
70
61
21
26
12
-21
-8
-36
-47
-42
-58
-74
-78
-87
-113
-137
-152
-159
-166
-173
-200
-212
-210
-222
-222
-221
-204
-219
-215
-214
-204
-193
-218
-201
-198
-191
-175
-173
-163
-149
-133
-127
-123
-110
-98
-85
-74
-59
-44
-41
-23
11
30
40
52
64
81
104
83
109
109
126
128
123
149
150
170
175
161
159
168
173
170
173
179
185
186
194
194
173
186
185
180
179
177
171
180
169
153
153
132
133
138
109
100
103
94
70
65
58
32
29
9
-13
-28
-35
-35
-38
-45
-57
-59
-72
-93
-99
-102
-104
-121
-119
-123
-118
-139
-133
-114
-138
-129
-119
-128
-110
-117
-121
-113
-119
-111
-111
-109
-87
-103
-98
-97
-91
-72
-57
-56
-52
-35
-41
-36
-23
-9
-6
9
29
48
64
60
80
94
87
114
128
132
123
136
144
145
153
155
180
170
168
180
172
169
163
151
161
158
158
155
141
141
117
110
108
101
95
92
75
67
53
33
16
-3
-4
-23
-41
-35
-79
-86
-87
-127
-112
-146
-157
-159
-180
-178
-193
-205
-210
-230
-231
-234
-239
-230
-249
-233
-249
-244
-227
-244
-214
-218
-200
-173
-191
-164
-156
-155
-142
-140
-121
-99
-95
-85
-55
-44
-49
-11
10
12
40
52
55
84
91
100
112
126
132
151
163
154
176
189
189
196
207
194
197
206
208
225
218
206
212
218
192
183
192
170
155
159
149
144
136
102
97
99
72
69
40
26
9
-8
-16
-21
-22
-30
-33
-41
-48
-68
-78
-60
-67
-77
-77
-93
-97
-105
-112
-102
-101
-103
-105
-123
-109
-121
-129
-132
-140
-142
-141
-139
-129
-131
-112
-115
-133
-110
-121
-97
-116
-129
-116
-118
-103
-96
-100
-84
-61
-55
-53
-43
-30
-22
-8
-25
-3
20
31
46
45
67
64
75
103
114
124
127
140
143
155
156
157
161
158
159
163
156
158
149
153
164
146
149
129
139
137
131
119
119
119
103
89
84
88
73
67
46
37
32
32
18
-4
-18
-30
-39
-53
-60
-56
-88
-103
-98
-110
-107
-124
-148
-154
-175
-170
-153
-163
-180
-205
-213
-208
-202
-210
-198
-203
-204
-192
-175
-158
-160
-155
-138
-123
-107
-102
-87
-82
-67
-47
-53
-14
-15
-21
26
30
36
63
70
87
96
113
123
130
117
125
147
134
151
161
168
175
176
151
172
175
178
183
177
189
186
184
191
182
177
186
177
160
160
139
124
118
115
101
88
101
88
77
56
50
48
35
16
28
14
-7
-18
-38
-54
-79
-88
-101
-95
-101
-140
-123
-144
-169
-156
-165
-171
-192
-174
-167
-163
-150
-160
-145
-143
-152
-149
-130
-119
-135
-113
-102
-101
-100
-106
-99
-76
-88
-71
-56
-52
-34
-37
-17
-8
-26
-12
11
14
37
35
66
90
94
107
117
134
141
141
158
144
132
150
146
160
147
144
158
155
162
136
140
150
121
130
137
123
144
113
104
108
83
82
69
61
64
45
30
32
24
15
-7
-22
-27
-21
-49
-62
-49
-71
-90
-93
-105
-98
-109
-111
-127
-126
-122
-140
-134
-138
-147
-145
-154
-146
-151
-157
-160
-151
-148
-165
-152
-149
-145
-128
-134
-121
-105
-107
-105
-87
-67
-73
-57
-60
-41
-16
-18
-3
16
33
22
22
53
53
65
71
84
125
111
114
127
123
120
118
129
145
159
142
147
149
144
146
158
166
155
159
148
133
129
116
101
108
93
83
86
74
65
71
60
31
35
23
26
7
-24
-2
-24
-52
-28
-48
-54
-56
-90
-75
-76
-94
-106
-111
-105
-114
-130
-132
-112
-141
-150
-160
-160
-141
-149
-151
-164
-153
-156
-166
-157
-174
-175
-165
-170
-155
-158
-166
-145
-148
-144
-125
-119
-102
-102
-103
-81
-65
-63
-68
-56
-62
-64
-47
-46
-42
-28
-42
-23
8
-1
-8
-1
17
19
22
23
27
33
31
29
42
43
33
38
32
44
40
35
50
50
38
41
23
33
57
40
25
46
38
24
11
-8
-4
-17
-28
-32
-46
-39
-47
-53
-56
-82
-75
-82
-101
-85
-115
-106
-105
-128
-134
-128
-105
-103
-125
-135
-134
-136
-132
-148
-156
-158
-156
-157
-173
-170
-175
-170
-167
-184
-164
-180
-195
-174
-178
-165
-164
-175
-154
-131
-151
-150
-118
-96
-100
-85
-75
-65
-36
-35
-6
9
1
22
36
51
70
56
80
91
104
114
111
128
139
153
129
140
151
141
147
142
151
157
137
131
157
136
105
108
98
104
61
41
60
40
17
-2
-4
-19
-56
-71
-88
-87
-103
-121
-148
-142
-164
-186
-192
-207
-195
-213
-228
-244
-225
-237
-260
-249
-241
-247
-254
-260
-241
-229
-248
-234
-229
-221
-224
-216
-186
-193
-189
-193
-179
-150
-150
-147
-125
-105
-101
-110
-107
-73
-62
-25
-18
-27
15
17
8
28
58
67
69
81
104
105
97
107
127
138
112
122
131
138
144
125
138
162
138
123
120
126
113
93
81
76
82
66
50
44
30
11
20
-7
-2
-8
-28
-28
-33
-32
-46
-62
-61
-56
-77
-77
-67
-76
-80
-94
-81
-68
-92
-105
-86
-88
-113
-115
-103
-103
-106
-111
-102
-87
-116
-103
-91
-88
-92
-123
-113
-106
-112
-97
-90
-97
-83
-83
-83
-63
-66
-44
-34
-41
-23
-28
-19
-17
-4
11
9
-1
24
44
50
61
55
72
72
61
88
88
81
69
89
90
75
74
65
75
65
59
79
72
52
50
56
27
25
24
17
20
26
28
17
20
32
27
16
9
7
26
8
12
8
12
23
-12
-4
8
-9
-9
2
-9
-10
-34
-26
-11
-45
-52
-49
-39
-59
-44
-38
-37
-50
-59
-52
-45
-58
-62
-50
-50
-52
-53
-37
-53
-44
-64
-58
-56
-63
-47
-63
-54
-59
-53
-49
-35
-47
-41
-33
-35
-21
-22
-20
4
2
16
20
30
33
33
45
37
61
60
62
69
71
68
67
68
83
86
79
83
87
85
91
105
110
111
112
94
109
109
111
115
114
105
84
98
93
96
95
98
100
71
70
94
77
39
49
53
27
12
3
2
-8
-45
-41
-30
-54
-69
-74
-62
-78
-80
-96
-102
-99
-115
-121
-126
-142
-135
-129
-145
-131
-129
-148
-157
-134
-129
-119
-119
-136
-108
-92
-116
-120
-78
-96
-104
-81
-65
-45
-57
-69
-24
-14
-27
-4
16
31
38
56
60
88
88
99
134
136
131
159
175
158
162
172
180
172
191
209
197
206
193
198
202
179
203
190
166
155
155
160
149
151
116
122
99
60
74
61
30
32
18
-5
-22
-42
-48
-66
-79
-84
-83
-110
-131
-132
-136
-167
-173
-168
-165
-178
-197
-170
-162
-166
-169
-154
-148
-151
-174
-148
-140
-139
-131
-128
-115
-115
-120
-100
-98
-120
-120
-109
-109
-123
-117
-70
9
71
82
48
29
40
62
62
17
34
27
74
174
206
248
187
158
192
216
207
199
163
148
152
134
133
120
92
62
72
83
123
156
149
151
111
72
55
33
4
10
-8
-19
-11
-9
-27
-61
-80
-84
-86
-110
-120
-90
-82
-83
-78
-69
-84
-102
-129
-120
-132
-148
-164
-150
-139
-146
-120
-135
-120
-116
-97
-78
-80
-83
-82
-77
-104
-121
-124
-143
-160
-157
-136
-131
-124
-113
-66
-46
-40
-14
-8
1
-1
10
17
20
21
9
35
38
35
59
71
82
106
126
132
154
167
168
191
198
183
179
158
145
148
133
136
117
112
106
115
116
108
114
104
116
121
101
93
81
61
63
34
29
15
7
5
-13
-13
-21
-22
-25
-25
-35
-40
-27
-43
-37
-44
-58
-47
-72
-71
-64
-79
-85
-78
-76
-93
-85
-65
-65
-49
-52
-44
-39
-43
-36
-42
-39
-51
-54
-44
-32
-40
-47
-27
-24
-11
-9
3
10
3
12
15
27
30
16
20
22
20
14
12
18
19
36
44
49
44
50
43
54
51
47
53
48
52
57
64
73
71
73
74
68
92
96
91
92
94
105
82
67
61
63
53
46
51
44
31
36
29
31
19
-6
12
-7
-15
-14
-20
-24
-48
-32
-43
-65
-70
-87
-73
-94
-108
-107
-116
-116
-128
-130
-115
-120
-133
-142
-133
-134
-143
-145
-129
