-57
-45
-18
1
-16
-22
-53
-74
-61
-72
-50
-19
-2
12
0
-33
-75
-96
-107
-97
-67
-41
-24
-17
-34
-63
-66
-71
-43
-45
-49
-38
-14
13
-8
-29
-55
-63
-43
-22
-20
-7
-8
4
4
-24
-41
-40
-22
-23
-12
22
41
69
78
77
89
86
78
87
97
65
60
45
14
0
-4
-16
-37
-36
-39
-27
6
-11
-2
13
24
65
74
78
79
75
74
94
59
33
52
60
55
56
25
10
19
-19
-14
7
3
15
48
60
46
27
36
50
52
40
33
16
-9
-40
-30
-35
-68
-64
-63
-50
-44
-54
-47
-25
-31
-22
8
15
-3
16
43
43
24
18
43
45
31
2
-11
-18
-22
-28
-42
-72
-85
-74
-55
-45
-65
-65
-24
-31
-41
-32
-42
-44
-58
-61
-73
-114
-113
-92
-80
-78
-72
-59
-52
-54
-61
-79
-76
-69
-67
-54
-38
-48
-61
-70
-105
-120
-122
-98
-66
-60
-55
-53
-58
-80
-90
-105
-134
-127
-82
-65
-36
-25
-14
3
-3
-1
15
18
9
20
29
25
4
8
-11
-11
7
2
45
66
73
80
77
56
75
99
106
114
116
116
115
105
80
75
60
76
110
130
151
117
94
109
93
73
90
103
131
149
164
183
157
142
153
166
129
95
94
95
109
114
116
116
109
112
107
118
119
117
130
141
137
104
94
93
72
60
45
44
66
56
75
67
46
12
1
7
11
8
7
6
16
11
-39
-49
-84
-94
-63
-56
-39
-46
-64
-91
-110
-133
-154
-147
-125
-102
-93
-102
-120
-156
-177
-198
-202
-190
-186
-163
-138
-135
-149
-179
-195
-208
-207
-199
-182
-139
-138
-141
-133
-168
-181
-169
-147
-121
-114
-118
-117
-142
-152
-147
-146
-123
-112
-93
-78
-77
-109
-148
-108
-92
-84
-81
-73
-78
-72
-61
-55
-58
-79
-60
-44
-65
-75
-69
-54
-49
-67
-85
-102
-106
-104
-92
-58
-37
-49
-67
-81
-97
-118
-88
-41
-6
21
3
11
-11
-67
-61
-45
-23
-6
-5
10
17
-17
-48
-46
-48
-16
21
48
43
29
22
2
-30
-54
-33
-35
2
-1
-17
-1
-37
-58
-54
-35
-25
-29
-20
-38
-46
-70
-86
-105
-119
-115
-92
-43
-18
-22
-20
-27
-55
-78
-89
-65
-37
-14
-8
0
-2
-10
-13
-24
-21
-2
16
7
17
26
42
40
6
-12
-5
-10
10
6
0
-13
-36
-56
-73
-100
-98
-73
-56
-31
-6
-15
-33
-46
-101
-136
-120
-85
-54
-60
-73
-112
-126
-120
-118
-97
-96
-89
-69
-63
-53
-40
-56
-82
-104
-89
-92
-85
-81
-65
-38
-28
-27
-21
-40
-92
-101
-114
-91
-37
-18
16
22
-14
-41
-38
-50
-72
-58
-28
10
43
51
26
18
-5
1
29
40
67
61
60
67
86
79
92
79
59
56
66
76
93
82
99
120
93
89
62
47
32
29
49
74
94
103
102
96
83
74
74
80
92
89
106
126
114
105
95
74
75
83
66
70
81
99
105
95
68
50
53
27
42
49
91
127
126
122
79
62
58
57
37
15
15
51
55
53
21
-8
1
-13
-11
25
35
43
63
39
31
39
34
27
-10
-48
-70
-57
-34
-19
-4
-16
-34
-56
-68
-53
-69
-71
-57
-43
-35
-66
-95
-94
-97
-125
-143
-177
-199
-200
-188
-158
-168
-176
-158
-141
-116
-117
-124
-134
-130
-110
-88
-103
-139
-162
-154
-133
-131
-133
-137
-119
-126
-136
-141
-149
-134
-115
-104
-93
-118
-124
-115
-130
-143
-141
-136
-128
-114
-93
-102
-98
-112
-142
-124
-116
-118
-65
-23
-9
-29
-85
-97
-115
-117
-102
-104
-100
-103
-89
-72
-84
-92
-113
-130
-148
-156
-153
-118
-72
-80
-110
-93
-78
-57
-3
18
-10
-52
-60
-29
13
26
31
25
8
27
15
-20
-68
-82
-75
-53
-31
-28
-14
-50
-78
-93
-63
-25
16
39
40
21
-1
-12
-37
-40
-37
-18
-9
-3
19
33
46
47
43
35
55
69
109
119
81
60
34
40
67
43
19
18
29
32
20
1
-31
-24
-8
28
53
58
76
74
52
40
32
34
33
5
-2
-6
6
-11
-55
-66
-61
-52
-44
-36
-45
-60
-65
-48
-36
-44
-60
-86
-94
-91
-85
-52
-58
-79
-79
-70
-68
-74
-92
-78
-29
-29
-18
-31
-49
-49
-34
-10
-11
1
10
41
60
19
-18
16
25
3
-13
-27
-20
-6
-4
-1
-13
-28
-14
-17
-18
-19
-24
13
51
64
46
33
34
48
75
80
81
52
54
92
138
109
97
78
76
89
96
69
41
42
59
81
51
53
58
58
78
94
76
77
118
166
160
104
74
55
81
93
80
107
160
192
190
171
127
85
85
83
94
89
73
73
82
50
29
36
-10
-37
-35
4
62
46
8
5
-23
-21
11
17
8
0
17
65
115
123
109
101
90
53
36
22
18
11
24
54
50
42
51
39
-16
-65
-70
-51
-40
-38
-45
-62
-64
-83
-99
-121
-139
-133
-120
-109
-74
-50
-45
-59
-117
-157
-169
-171
-165
-126
-104
-83
-64
-104
-159
-183
-171
-147
-136
-123
-111
-96
-70
-60
-101
-130
-135
-141
-140
-164
-159
-104
-97
-91
-123
-166
-171
-188
-209
-193
-182
-119
-79
-81
-90
-129
-106
-86
-90
-77
-74
-61
-34
-38
-42
-75
-94
-89
-77
-65
-56
-54
-56
-58
-53
-74
-108
-111
-96
-65
-52
-72
-81
-68
-67
-110
-149
-158
-112
-53
-64
-87
-115
-123
-74
-66
-85
-135
-144
-106
-64
-29
-51
-47
-30
-36
-35
-57
-95
-94
-83
-62
-61
-63
-68
-68
-60
-47
-50
-35
-30
-24
3
-20
-27
-28
-45
-31
-35
-26
-5
6
35
62
58
48
33
26
34
49
55
53
75
72
65
52
41
34
14
28
45
41
36
25
27
30
30
27
9
0
20
59
75
110
135
142
134
109
82
92
128
143
143
97
90
115
104
98
44
2
53
96
142
161
97
67
83
107
103
72
76
101
112
128
91
42
-18
-55
-51
-71
-71
-55
-19
1
-2
-54
-64
-67
-43
-23
-6
0
-2
28
32
42
27
-13
-1
21
45
84
84
67
49
43
57
18
-25
-23
-7
47
97
111
89
65
61
51
50
53
57
106
164
166
157
117
108
128
121
102
121
136
168
192
172
109
68
64
88
137
113
95
87
105
148
137
91
66
61
70
102
95
81
84
97
139
129
96
109
110
109
83
41
0
-13
36
58
35
3
-17
5
45
31
9
-8
-5
38
39
7
-29
-46
-28
25
46
-1
-35
-55
-48
-29
-30
-52
-68
-90
-96
-85
-95
-87
-73
-42
-33
-18
11
7
18
23
7
-19
-31
-47
-65
-95
-97
-100
-77
-63
-76
-88
-109
-95
-90
-86
-93
-78
-103
-100
-79
-85
-100
-131
-141
-129
-122
-88
-69
-89
-102
-128
-119
-144
-165
-121
-91
-92
-116
-132
-113
-121
-151
-178
-195
-131
-50
3
17
-36
-67
-59
-47
-56
-70
-53
-46
-27
-13
-42
-69
-68
-72
-32
-20
-10
19
2
-13
-38
-23
18
61
28
-10
-33
-27
-17
-24
-25
-28
-16
5
40
16
-28
-86
-101
-87
-46
5
21
-17
-83
-106
-88
-69
-76
-82
-82
-50
-1
54
56
13
-53
-64
-52
-20
15
70
82
102
92
69
87
44
25
67
90
83
130
184
177
137
68
40
56
78
113
139
148
126
120
90
49
18
34
33
41
71
52
47
58
70
91
36
16
34
25
71
87
69
51
67
110
123
98
112
136
157
153
173
188
177
162
134
97
67
67
70
44
52
51
48
32
13
-5
-2
20
2
10
14
12
21
9
-10
-33
-53
-21
16
18
38
29
17
-12
-43
-58
-68
-48
-21
0
21
47
44
55
63
52
48
59
66
62
41
25
22
32
47
55
63
57
26
11
26
36
79
135
141
161
134
139
167
191
208
182
160
165
165
181
202
180
158
106
97
83
82
101
120
113
101
112
140
161
110
36
6
21
56
66
73
41
15
7
21
25
16
-3
-33
-21
-19
-23
2
18
52
60
45
32
-8
-39
-59
-24
-13
-3
32
30
11
-9
-27
-39
-37
-34
23
62
63
32
-35
-41
-15
7
25
-25
-35
-3
19
38
35
-10
-29
-14
-11
-9
-30
-41
-40
-36
-50
-71
-58
-42
-45
-64
-94
-76
-60
-76
-98
-133
-157
-126
-88
-75
-122
-152
-116
-133
-154
-130
-113
-103
-95
-86
-75
-99
-132
-149
-147
-150
-104
-69
-76
-108
-129
-110
-125
-160
-189
-175
-115
-117
-118
-119
-126
-120
-116
-121
-122
-112
-142
-125
-107
-134
-124
-124
-151
-166
-196
-139
-74
-39
-17
-17
-62
-67
-50
-42
-16
-12
-10
25
40
30
66
48
2
9
35
72
90
65
60
42
70
86
73
86
93
100
73
20
3
21
41
75
65
33
37
41
56
46
63
79
93
115
101
99
100
84
70
99
151
192
211
180
137
125
102
103
81
78
112
157
162
137
103
53
33
32
46
58
61
91
111
118
86
19
-13
-10
16
45
42
35
27
25
47
37
-2
-57
-83
-49
1
15
41
24
-2
-30
-64
-105
-148
-135
-79
-25
-4
-63
-102
-89
-91
-82
-101
-99
-54
4
36
30
-17
-56
-51
-13
7
-2
-10
13
71
64
44
-4
-65
-37
-8
-4
1
-20
20
42
43
45
16
4
59
86
72
72
98
134
132
104
108
108
121
156
190
189
193
193
180
170
141
134
164
213
210
194
156
98
68
52
62
92
108
185
229
177
149
116
121
116
123
120
96
97
137
164
157
126
94
108
123
113
92
72
97
120
110
90
54
17
-13
11
12
1
-8
25
55
23
20
4
27
38
43
54
50
66
79
71
47
18
15
52
66
46
0
37
51
44
29
9
6
16
28
-1
-28
-68
-65
-69
-81
-109
-111
-100
-86
-79
-109
-140
-133
-120
-123
-138
-157
-162
-157
-113
-102
-83
-102
-133
-128
-120
-111
-96
-103
-95
-84
-84
-96
-102
-107
-86
-55
-8
9
-4
-4
0
-3
-17
-31
-34
-38
-40
-44
-30
-24
-12
-31
-54
-85
-89
-82
-86
-78
-85
-62
-57
-39
-38
-25
-39
-84
-97
-93
-48
-14
-25
-11
-11
-34
-49
-73
-107
-119
-121
-88
-59
-37
-24
-22
-49
-79
-91
-59
-46
-43
-30
11
38
15
-18
-21
-27
-38
-11
-23
-12
-2
41
70
58
45
20
14
40
30
19
22
16
38
64
57
67
70
49
46
19
15
26
25
27
37
48
61
78
67
39
-12
-41
-11
44
89
103
96
66
28
29
43
56
57
69
89
107
112
112
115
118
131
139
158
174
165
122
98
85
129
146
134
112
99
126
146
117
97
110
112
121
130
109
110
96
97
86
42
48
41
79
66
73
80
60
34
6
-13
2
33
29
-2
-28
-30
-16
25
45
13
-43
-68
-25
1
0
16
42
51
55
63
62
10
-33
-9
-17
18
32
33
54
31
19
-1
-17
-23
-28
-18
14
13
14
10
-3
-8
-36
-35
-3
23
35
25
32
27
34
40
25
13
41
36
22
37
32
58
69
57
59
35
34
34
15
15
28
45
67
83
77
48
9
-9
4
49
70
46
48
34
48
64
48
46
63
75
76
93
96
115
120
98
64
49
24
51
39
7
-27
-51
-46
-69
-89
-101
-95
-66
-46
-45
-58
-74
-57
-55
-87
-106
-100
-75
-59
-72
-89
-114
-99
-93
-115
-122
-119
-92
-63
-53
-81
-101
-118
-161
-198
-220
-213
-159
-127
-101
-90
-149
-167
-167
-161
-129
-75
-41
-24
2
-19
-41
-70
-117
-126
-121
-140
-105
-66
-51
-28
-17
-42
-46
-72
-79
-71
-72
-70
-36
-15
-23
-25
-81
-100
-117
-126
-88
-39
-6
18
7
-12
-45
-62
-63
-57
-21
11
40
49
8
-56
-85
-103
-90
-89
-80
-69
-35
-19
-31
-51
-78
-72
-56
-25
-48
-60
-59
-49
-31
-54
-76
-66
-47
-44
-32
-28
-47
-42
-37
-50
-44
-15
38
69
43
8
9
28
16
14
13
19
31
16
17
-8
-23
-4
6
-22
-42
-19
7
30
41
1
-57
-85
-83
-110
-113
-104
-62
-21
-10
-25
-44
-68
-109
-103
-87
-62
-30
-21
-25
-61
-124
-122
-67
-39
-25
-28
-1
-11
-37
-32
-11
11
10
33
24
26
35
19
19
10
28
22
0
-49
-64
-52
-36
-48
-81
-93
-68
-65
-80
-93
-110
-96
-96
-77
-76
-73
-50
-37
-39
-36
-44
-35
-16
-18
-16
-14
9
28
28
18
-5
-22
-3
20
33
33
5
1
2
28
46
31
-5
-38
-43
-35
8
38
38
27
38
47
63
37
6
-8
17
12
27
50
22
18
-4
-22
-32
-33
-18
-18
-49
-53
-46
-14
-5
-53
-84
-110
-99
-86
-86
-64
-60
-44
-6
-2
-18
-64
-92
-57
-26
-15
-1
-4
-35
-32
-70
-78
-94
-109
-91
-80
-76
-68
-81
-100
-103
-110
-94
-83
-88
-108
-107
-77
-72
-80
-91
-129
-147
-138
-136
-120
-124
-116
-80
-65
-98
-138
-165
-164
-167
-161
-152
-149
-120
-131
-135
-165
-175
-176
-166
-132
-135
-135
-130
-130
-114
-121
-133
-123
-126
-106
-73
-44
-37
-62
-77
-63
-45
-32
-18
-22
-50
-72
-94
-104
-102
-109
-134
-136
-125
-117
-122
-120
-126
-129
-119
-123
-112
-78
-53
-27
-16
-23
-3
20
37
21
-7
-34
-33
-45
-45
-39
-38
-52
-75
-79
-76
-70
-80
-89
-97
-119
-112
-66
-60
-80
-103
-130
-116
-145
-131
-92
-94
-92
-83
-80
-76
-97
-118
-128
-139
-157
-154
-150
-157
-157
-166
-160
-161
-155
-174
-190
-190
-181
-162
-139
-129
-136
-153
-169
-171
-124
-128
-139
-130
-113
-59
-48
-59
-55
-74
-56
-37
-63
-54
-84
-57
-38
-42
-30
-50
-67
-79
-93
-72
-47
-31
-12
2
11
-18
-31
-45
-18
-14
-13
-13
-24
-12
-7
1
-19
-53
-86
-83
-75
-50
-45
-30
-20
-11
6
7
-1
-10
-15
4
18
23
31
25
34
16
24
33
6
34
28
19
19
0
-5
8
-15
-1
9
1
12
9
-20
-51
-68
-82
-73
-52
-59
-47
-37
-49
-77
-96
-92
-107
-92
-100
-97
-71
-65
-52
-38
-66
-90
-90
-100
-90
-67
-54
-34
-48
-62
-56
-60
-54
-50
-46
-31
-29
-46
-23
-24
-32
-1
26
32
12
2
1
23
37
30
9
4
6
29
34
19
28
21
21
30
32
6
6
14
19
39
28
19
33
15
-3
-27
-39
-24
-15
-12
-23
-45
-78
-56
-53
-66
-76
-63
-36
-10
24
14
-3
-22
-27
-29
-32
-26
-27
-27
-23
-16
-19
-6
-5
-8
-22
-33
-40
-61
-81
-58
-30
-30
-10
13
11
-12
-26
-43
-61
-56
-61
-39
-19
-24
-22
-23
-22
-24
-33
-55
-40
-37
-22
0
0
5
-4
-17
-21
-43
-32
-1
10
21
14
20
30
33
36
50
62
74
102
94
83
66
68
80
96
113
95
92
49
14
16
-5
-16
-17
-37
-42
-39
-67
-83
-92
-104
-102
-86
-79
-62
-55
-65
-81
-79
-67
-59
-42
-35
-6
16
26
12
-3
-10
-6
-19
-17
-44
-58
-63
-90
-82
-93
-88
-73
-61
-45
-24
13
29
38
44
52
70
63
62
68
57
60
69
58
49
17
8
14
42
60
85
69
51
53
26
2
10
13
-17
-11
-35
-25
-21
-29
-14
-26
-17
-2
13
16
10
16
29
28
40
44
54
82
90
85
90
75
68
82
86
80
69
71
64
79
81
63
89
86
76
66
54
61
84
79
94
98
92
107
98
108
89
84
106
99
120
115
97
102
82
75
90
105
111
98
77
77
73
67
73
96
112
99
111
90
84
89
80
112
148
160
181
187
188
204
190
181
183
153
166
169
173
175
157
147
106
85
77
71
80
78
89
95
92
115
136
129
124
115
119
124
110
112
118
132
137
141
140
144
121
91
90
89
91
88
81
79
54
48
57
59
56
41
35
37
36
27
24
21
17
8
10
19
12
-4
5
-2
-13
-7
-5
-5
-3
-13
-8
-4
-23
-34
-40
-32
-33
-27
-20
-10
-25
-30
-51
-48
-48
-48
-29
-30
-21
-12
-4
24
31
37
54
46
63
51
52
59
47
53
77
85
95
102
86
95
92
92
99
98
93
64
42
41
35
69
74
81
64
57
75
72
68
65
87
98
112
117
140
133
121
131
147
138
127
125
122
128
124
117
104
97
84
88
87
79
76
84
110
121
125
124
118
116
99
87
86
89
80
88
75
49
47
45
50
8
3
5
5
3
-20
-13
-32
-25
-19
3
24
30
19
1
2
-10
-12
-17
-26
-20
-2
-5
-11
-15
-9
-25
-47
-48
-52
-57
-56
-60
-62
-54
-59
-55
-59
-74
-81
-79
-87
-99
-86
-78
-74
-64
-49
-34
-21
-29
-34
-26
-21
-20
-31
-42
-48
-58
-44
-27
-38
-37
-33
-34
-49
-58
-52
-54
-34
-43
-58
-45
-41
-41
-46
-68
-70
-55
-47
-39
-22
-14
20
48
36
56
48
54
56
39
44
64
48
61
82
83
104
87
87
106
91
99
89
82
74
92
101
96
108
98
106
98
93
91
95
103
116
152
166
191
203
223
227
223
216
208
219
193
200
220
212
219
212
201
183
163
137
127
112
115
119
139
158
172
189
168
179
190
168
168
142
141
144
143
146
122
113
101
78
79
59
56
53
27
36
33
48
39
17
3
8
17
22
27
29
34
32
40
24
29
28
14
25
18
20
26
27
20
0
1
4
11
29
18
21
19
3
12
0
5
22
9
1
8
-1
-11
10
13
26
39
60
75
80
88
90
107
113
103
119
111
109
104
93
79
64
56
51
25
30
32
29
24
16
15
21
28
36
61
65
72
81
80
76
55
56
47
16
12
9
6
28
17
17
20
3
-1
8
3
-5
5
14
38
52
51
45
38
12
24
43
48
58
61
54
72
86
78
84
76
57
64
63
57
46
50
51
48
37
21
14
10
-15
-50
-62
-91
-105
-106
-119
-120
-121
-100
-92
-92
-99
-108
-95
-97
-80
-54
-44
-44
-43
-44
-58
-73
-83
-79
-83
-78
-69
-57
-77
-91
-101
-104
-91
-99
-96
-93
-75
-60
-55
-27
-23
-14
-2
-13
0
14
8
25
13
3
8
-12
-1
-6
-17
-26
-26
-16
-24
-41
-51
-59
-56
-76
-99
-75
-95
-108
-100
-117
-120
-101
-93
-78
-73
-75
-62
-52
-40
-32
-22
-20
-34
-34
-27
-27
-30
-41
-54
-52
-55
-66
-55
-69
-84
-84
-83
-100
-98
-94
-93
-70
-78
-61
-28
-24
-7
-13
-11
-8
-18
-4
-1
6
17
12
22
28
26
36
42
43
50
56
55
69
60
54
58
42
45
43
28
29
25
10
8
5
16
13
39
44
31
32
29
51
71
65
72
80
83
79
78
80
80
76
69
61
40
35
8
1
-23
-52
-56
-65
-69
-69
-71
-62
-32
-15
-11
-3
-5
2
2
-6
8
-13
-22
-24
-21
-25
-21
-29
-20
-33
-42
-47
-69
-78
-99
-95
-87
-99
-101
-106
-130
-136
-135
-122
-125
-132
-120
-121
-113
-98
-100
-75
-48
-41
-16
-13
-6
-1
11
31
20
25
37
35
14
18
17
14
1
2
-6
-9
-4
-18
-1
9
8
26
31
19
20
18
17
7
17
23
25
24
16
30
52
33
56
61
56
81
50
44
39
6
13
2
-23
-24
-42
-57
-44
-64
-58
-56
-49
-42
-36
-2
-1
13
13
-1
2
8
6
26
23
17
48
35
36
51
50
46
41
34
29
24
2
-25
-30
-53
-78
-68
-85
-82
-73
-82
-61
-56
-57
-42
-59
-66
-62
-74
-78
-94
-105
-122
-139
-151
-164
-172
-169
-184
-189
-181
-197
-204
-200
-203
-215
-211
-219
-237
-237
-253
-261
-258
-268
-270
-265
-251
-233
-219
-222
-219
-200
-191
-176
-174
-161
-161
-148
-125
-125
-110
-107
-106
-115
-127
-139
-142
-149
-159
-161
-165
-165
-162
-132
-120
-124
-115
-112
-94
-87
-63
-47
-39
-35
-50
-26
-22
-37
-29
-29
-31
-35
-36
-54
-51
-57
-70
-66
-76
-89
-107
-119
-118
-119
-108
-106
-84
-87
-76
-80
-74
-64
-64
-46
-33
-16
-26
0
12
9
31
33
34
40
29
33
39
28
26
14
8
7
11
20
23
44
37
32
53
54
81
87
102
122
117
126
116
116
122
99
88
75
52
53
45
16
23
26
18
2
-8
-16
0
-11
-31
-52
-49
-43
-30
-27
-41
-22
-30
-29
-42
-42
-29
-52
-52
-70
-84
-73
-84
-101
-102
-103
-104
-112
-113
-91
-76
-89
-82
-86
-81
-87
-82
-78
-76
-72
-82
-61
-65
-67
-67
-50
-51
-30
-17
-8
2
-13
13
9
4
10
22
35
28
4
-5
-8
-3
-10
-19
-3
-36
-23
1
15
12
12
18
9
8
3
10
0
-11
-11
-20
-51
-68
-77
-91
-93
-97
-111
-109
-89
-86
-84
-81
-74
-75
-63
-56
-47
-42
-43
-16
0
-11
6
4
0
4
11
20
19
33
37
30
14
-9
-11
-14
-32
-46
-38
-41
-62
-62
-70
-62
-50
-45
-23
-21
-18
-10
4
17
7
26
23
27
42
34
36
41
29
30
40
26
31
38
32
24
38
25
35
50
30
28
32
28
32
34
31
37
26
18
25
23
33
42
37
29
36
44
41
46
32
18
17
-5
-15
-25
-44
-45
-49
-70
-82
-92
-86
-86
-100
-101
-105
-108
-119
-131
-128
-129
-128
-115
-104
-96
-76
-80
-79
-83
-96
-78
-75
-67
-72
-94
-99
-107
-107
-111
-116
-113
-125
-121
-119
-132
-121
-103
-106
-96
-98
-89
-67
-75
-60
-53
-53
-50
-65
-59
-54
-54
-42
-33
-36
-30
-46
-30
-9
-19
-1
8
2
2
15
20
33
40
37
54
54
57
61
57
54
58
56
59
59
53
65
62
54
41
42
22
11
16
9
7
7
25
18
7
17
18
35
31
34
45
54
76
74
77
86
110
123
140
130
130
155
160
180
175
185
192
184
186
191
207
202
185
184
179
166
165
152
142
135
110
96
103
103
95
105
90
96
95
84
89
89
83
83
78
91
108
105
92
86
81
81
88
81
99
88
94
83
67
66
60
61
50
28
13
3
5
5
2
1
0
3
-8
-4
-1
-30
-32
-37
-65
-62
-71
-65
-34
-43
-41
-25
-39
-34
-33
-35
-44
-32
-30
-31
-36
-30
-29
-30
-23
-20
-13
-10
-6
-12
-17
-9
15
29
22
30
42
25
16
2
-12
-25
-30
-25
-45
-55
-61
-57
-74
-78
-81
-77
-79
-95
-75
-56
-48
-39
-51
-48
-44
-54
-54
-68
-72
-69
-69
-63
-50
-57
-49
-44
-32
-12
-16
9
17
24
39
56
49
54
61
70
90
96
101
99
104
91
91
81
70
71
56
46
51
37
17
10
2
-4
-16
-22
-21
-11
-7
-4
8
24
37
35
37
21
33
38
31
30
31
19
18
21
25
44
32
10
13
4
-11
-33
-55
-71
-82
-83
-83
-90
-82
-102
-107
-85
-92
-67
-67
-52
-43
-50
-53
-27
-23
-26
-24
-41
-47
-58
-54
-49
-53
-67
-56
-69
-47
-45
-36
-29
-11
-4
-13
7
15
22
38
41
43
65
58
72
83
85
96
98
100
102
123
104
103
119
106
109
105
107
108
93
67
72
60
63
60
45
57
43
51
61
60
75
72
82
93
97
107
114
114
109
130
130
137
141
145
154
151
155
154
157
136
123
124
104
90
90
57
57
54
35
48
44
31
41
40
42
60
49
42
39
34
34
40
32
27
23
17
12
26
24
26
29
17
34
49
31
32
36
24
35
28
25
50
48
56
67
88
90
85
94
92
104
98
110
125
137
144
152
149
139
124
116
125
113
127
112
91
95
95
98
94
94
80
78
92
102
108
103
95
75
73
82
85
89
100
91
91
103
101
104
85
90
108
98
100
108
98
104
98
79
87
73
90
98
95
95
107
110
110
115
101
102
83
78
56
37
43
35
33
20
22
33
39
46
54
67
79
83
95
94
93
94
74
59
46
27
25
13
8
-9
-3
-4
-1
16
24
45
51
63
67
66
60
65
57
46
46
33
31
24
7
0
-4
-25
-25
-21
-26
-21
-23
-27
-36
-37
-58
-66
-36
-50
-60
-50
-59
-38
-22
-17
3
2
15
27
35
35
22
26
34
22
18
22
24
31
18
9
18
21
12
-3
-17
-3
-14
-20
-26
-36
-40
-37
-48
-49
-65
-71
-60
-58
-51
-50
-30
-26
-8
24
38
39
34
26
8
19
14
10
2
-6
-7
-7
16
34
51
58
55
66
69
78
104
95
105
86
87
90
83
64
54
60
41
41
36
42
44
47
56
76
68
58
51
62
77
64
76
71
71
81
75
100
122
117
112
118
129
134
126
109
122
107
95
99
89
96
94
83
93
88
81
77
77
67
63
58
53
48
58
46
40
44
36
61
64
53
59
52
61
56
50
63
54
60
53
63
55
51
72
67
57
70
72
69
73
69
60
72
52
72
77
58
68
60
63
76
68
68
79
73
74
72
76
68
62
61
53
58
64
63
68
68
45
39
32
31
57
64
67
59
47
48
54
52
46
36
45
58
63
60
60
49
45
46
52
67
65
74
67
76
80
60
54
35
31
35
27
19
-4
-18
-7
-4
-9
-15
-17
-17
-11
-2
11
11
4
11
15
18
16
31
29
40
29
42
65
68
64
66
70
67
77
69
75
77
82
112
125
114
102
98
101
110
120
108
105
117
131
137
138
142
128
123
119
127
125
107
78
65
60
57
69
77
61
38
28
24
35
22
23
27
34
29
21
11
29
25
2
3
-9
16
29
18
19
23
23
35
42
41
58
45
31
21
4
-4
5
-2
-4
-20
-35
-17
-31
-15
-37
-32
-14
-23
-21
-19
-17
-33
-44
-67
-55
-51
-58
-37
-12
-3
10
24
23
30
26
25
43
22
25
34
24
17
8
7
-4
-9
-4
-3
-12
2
-4
-2
0
5
-2
-7
6
5
9
-10
-14
7
10
10
3
11
22
14
6
28
27
45
44
36
39
24
9
-4
-22
-33
-31
-39
-49
-23
-28
-34
-19
-24
-15
-7
-7
8
4
1
26
26
33
30
25
7
-4
1
-6
2
-4
-5
-2
-5
-2
-18
-15
-11
-24
-23
-12
0
5
-9
-15
-12
-17
-2
10
22
10
-5
7
28
42
64
61
58
66
66
77
79
68
48
32
21
21
12
15
9
-14
-6
-30
-33
-24
-38
-34
-41
-71
-58
-42
-49
-42
-30
-15
-8
1
11
10
8
13
14
16
-5
-14
2
-4
-9
-27
-49
-53
-68
-78
-99
-112
-125
-124
-125
-119
-125
-114
-100
-95
-99
-109
-104
-94
-82
-87
-83
-98
-102
-97
-106
-86
-96
-102
-107
-109
-104
-93
-89
-93
-102
-98
-110
-112
-101
-84
-74
-76
-67
-65
-73
-60
-40
-28
-20
-19
-3
13
34
41
41
42
39
49
60
50
43
44
49
36
39
46
39
29
4
-10
-5
2
11
32
15
24
38
44
69
93
95
93
84
84
87
88
86
85
73
68
65
60
56
62
71
62
70
68
69
80
74
65
57
34
37
28
33
44
3
-12
-15
-5
2
-32
-29
-40
-67
-46
-58
-61
-69
-57
-49
-76
-65
-64
-70
-67
-97
-106
-104
-127
-130
-127
-152
-169
-191
-195
-188
-178
-179
-169
-157
-155
-145
-128
-128
-115
-128
-128
-123
-130
-131
-122
-117
-107
-102
-107
-93
-94
-90
-90
-97
-103
-106
-81
-66
-71
-52
-40
-25
-21
-34
-36
-31
-22
-9
-7
-10
-35
-22
-23
-15
-5
-13
0
0
10
5
-8
-15
-32
-33
-37
-51
-69
-84
-95
-109
-99
-105
-106
-105
-111
-99
-99
-88
-59
-47
-31
-7
-13
-24
-38
-47
-29
-27
-27
-24
-21
-25
-23
-31
-51
-32
-43
-48
-52
-40
-16
-8
-5
19
18
37
61
51
51
59
48
57
69
66
93
86
99
91
86
94
95
81
61
52
44
47
64
67
31
28
35
38
49
44
63
91
81
86
79
83
79
66
69
54
37
23
14
10
2
-11
4
0
6
19
27
23
11
-5
1
-15
-35
-48
-58
-73
-90
-91
-93
-89
-80
-77
-46
-37
-33
-27
-41
-53
-51
-36
-22
-6
0
5
20
23
2
5
10
-2
-3
-16
-21
-19
-38
-55
-42
-57
-65
-40
-47
-36
-46
-45
-39
-57
-55
-50
-50
-47
-55
-42
-50
-65
-79
-85
-70
-51
-67
-89
-85
-73
-50
-40
-37
-22
1
29
43
30
13
12
34
35
34
33
55
58
56
91
81
83
94
86
99
110
95
89
96
105
115
116
101
94
101
96
91
81
59
58
66
26
23
19
36
54
40
50
71
68
98
129
127
105
125
113
136
130
119
76
19
5
-25
-19
-26
-42
-36
-5
-13
-34
-44
-48
-75
-88
-79
-55
-57
-54
-22
-25
-46
-48
-75
-105
-100
-134
-145
-148
-148
-163
-176
-167
-173
-170
-181
-194
-201
-213
-210
-184
-153
-142
-148
-153
-177
-192
-161
-166
-159
-167
-151
-158
-151
-122
-114
-94
-136
-121
-106
-121
-126
-125
-115
-164
-200
-187
-158
-144
-164
-158
-149
-174
-141
-159
-142
-169
-195
-163
-147
-148
-143
-132
-135
-136
-105
-133
-126
-115
-114
-92
-76
-56
-13
17
13
-13
-38
-72
-75
-63
-42
-50
-50
-13
-6
-13
4
13
-21
-51
-47
-33
-55
-45
35
80
78
39
31
-9
-52
-95
-103
-156
-168
-57
-17
-38
-74
-58
-17
-29
-48
-43
-121
-105
-93
-91
-84
-64
-60
-39
-4
-31
-36
-72
-75
-53
-1
19
63
59
34
41
9
-10
-78
-99
-29
32
75
108
45
-49
-76
-77
-75
-61
-12
38
69
49
87
60
20
-18
-104
-126
-101
-6
4
-13
-97
-23
-24
-54
-27
-120
-149
-61
-96
-73
-14
-73
-54
-114
-121
-113
-133
-138
-44
-99
-26
-23
-56
-81
-74
-14
11
9
45
60
35
105
11
34
13
50
143
133
116
90
1
115
168
127
121
65
31
60
106
195
171
112
126
105
112
95
-21
3
19
-3
89
77
82
106
62
71
7
-105
-127
-129
-133
-79
-59
11
63
41
1
-65
-52
-36
-96
-130
-111
-49
38
-15
47
19
-24
-46
-90
-86
-108
-91
-29
-25
-126
-17
42
33
-28
-6
68
106
98
87
140
93
78
111
125
77
83
23
43
46
133
104
105
28
107
113
17
-75
-130
-21
29
141
149
21
52
125
-39
19
-71
1
115
149
64
-101
-216
-33
7
-73
7
-90
-30
13
-37
-152
-138
-88
165
-68
-113
-95
-142
-123
-108
-131
-111
-140
42
51
-135
-138
-197
-93
-106
19
36
77
-106
-52
-9
-131
-84
-188
-44
16
25
-3
-58
-136
22
17
154
138
2
-58
-176
-156
-142
-56
39
116
67
32
-129
-237
37
25
-63
-11
-66
38
111
44
67
43
-9
-17
-124
-215
-239
-245
-93
-88
-68
1
-141
-175
-124
-169
-211
-113
-154
-79
-179
-142
-96
31
84
123
-64
-160
-148
-335
-59
-178
-83
51
74
55
-3
-46
-24
-93
-162
69
-18
3
154
-2
9
30
-42
34
-90
51
98
-74
13
46
-165
53
49
-2
-84
-51
-72
-53
-26
-78
-114
-190
-128
-18
-48
-83
-59
-131
-130
-106
-189
-81
-205
-73
195
32
93
114
-19
-60
-1
-19
40
-31
41
214
114
156
52
-16
130
79
96
199
133
169
178
112
184
82
227
175
0
102
108
166
302
3
132
147
90
297
-38
-14
96
75
117
92
83
249
-39
-5
121
-9
168
161
32
3
-28
187
188
-5
219
122
251
353
135
304
131
103
190
159
137
124
-85
199
154
211
275
232
287
96
195
135
82
4
234
231
56
95
70
140
61
-8
5
-83
-70
-30
-37
97
96
-32
194
62
-124
-213
-303
-155
24
96
108
65
-90
-20
-171
-6
-126
-85
-62
-16
-6
-17
-8
95
220
62
95
-49
-246
-277
-55
-32
120
54
180
253
31
-51
-203
-161
52
118
-42
-65
15
193
149
187
26
17
48
56
106
102
109
142
56
55
89
-4
75
-14
117
124
263
120
-34
1
34
-29
23
181
102
59
163
158
83
-17
26
-77
68
260
93
46
-31
-151
-18
-59
53
125
-58
49
166
-165
-62
-65
-118
-95
-93
-56
-73
-92
-325
-91
-81
-28
-36
-99
-52
-182
-218
-134
-198
-123
-118
-175
-115
13
57
-49
-59
-71
-92
-63
74
-136
-91
-43
59
-6
-82
67
128
-19
3
28
-144
88
-71
68
7
-12
62
-32
-55
244
122
-28
102
-52
-76
-160
-51
15
153
137
257
16
-172
-5
-120
-155
-125
-43
110
166
90
105
-189
-279
-11
-75
-123
-28
-120
-80
98
54
-11
-258
-50
150
41
120
80
34
30
131
163
67
9
197
-64
-209
-70
-132
173
188
110
150
82
52
116
-108
-86
-90
-90
-40
-44
117
47
-59
88
18
-26
70
-101
127
-61
162
358
136
75
77
-20
-16
-132
-58
184
34
232
118
-125
34
-83
-50
44
77
228
213
331
184
158
-25
-91
-91
-107
287
67
201
167
159
153
134
102
-43
189
216
91
179
282
119
196
80
-65
177
-99
154
-30
100
168
2
66
119
150
158
304
205
79
-194
66
10
47
326
141
132
64
8
169
-28
-211
46
-4
201
123
-144
-66
-46
-31
272
55
176
188
-111
61
123
85
251
171
-18
-19
-120
160
114
112
249
4
40
124
48
-16
86
97
89
-42
75
10
-55
-37
-65
301
94
134
12
10
-137
-123
174
132
68
-13
162
158
125
14
-20
-59
77
-61
-25
24
111
-90
105
127
114
8
1
-21
-303
-169
-67
-157
-99
-100
-128
-39
-227
51
-166
-184
-20
-53
-278
-5
-150
-99
69
56
239
306
26
-87
-279
-313
-118
-173
-29
-157
-90
-59
185
78
194
130
-192
-206
-227
-325
-166
-234
-63
15
125
281
117
-91
-183
-188
-244
20
-140
9
-57
33
-254
20
-8
2
-35
-321
-160
-343
-168
-14
-158
-139
-48
17
-174
-223
-144
-265
-24
22
-54
-53
17
-147
89
-264
-291
-228
-204
64
-79
-386
-183
181
-7
190
-118
-220
-232
27
135
131
19
119
71
147
-36
-177
-199
-220
126
-78
142
197
84
-24
-35
-302
-112
-299
-149
111
-4
44
75
-185
76
-121
-149
-125
-291
-132
54
52
103
147
-117
48
-127
-117
-169
-42
-33
-233
-175
-73
46
30
163
-70
-132
-60
-94
-277
-226
128
-145
387
183
-132
-279
-112
-314
-71
-103
121
220
-79
226
-195
-271
40
102
-3
228
-22
132
20
-178
-39
-105
-279
-60
18
-35
286
179
147
-114
-83
107
-257
-241
-26
-98
141
256
153
304
-72
12
-378
-414
-110
-99
-84
250
57
59
188
62
-29
-236
-161
-175
-280
-366
33
160
259
137
223
72
-106
-295
-39
-22
-84
28
216
34
-85
-54
-198
-125
-109
221
232
6
93
-240
-513
-346
-77
1
131
-7
-26
-149
-206
203
-250
-192
191
115
242
136
-289
-148
-38
-293
-68
-408
-482
171
-121
74
35
-240
267
-90
-360
-222
-432
-11
65
28
-52
-235
-188
310
-122
-33
-183
-236
-160
-44
-186
-104
-58
155
190
-115
103
-258
-29
-36
192
-73
-52
-226
16
98
23
45
-162
-263
-291
31
5
204
143
-56
-208
-106
-97
-26
-188
87
45
-15
-32
-137
-70
-107
36
-150
78
-129
244
25
39
82
254
205
-39
-316
-562
-199
-180
141
290
194
246
-109
-322
-283
-239
-95
-131
-395
139
-41
140
100
-53
106
5
-249
-204
-218
-295
17
-59
-58
-101
70
31
-172
-249
-87
-156
-260
-148
51
82
-74
-124
-423
-146
-184
-314
-215
-146
71
167
205
-266
-460
-371
-225
-212
-22
-49
-264
-219
-335
-162
-166
-250
41
-194
15
-44
-374
-277
-296
-217
-231
111
-139
306
-176
-159
-28
-376
89
-108
-124
-532
-117
-262
198
104
303
227
-220
-312
-474
-294
-211
-49
-71
262
181
186
-249
-419
-343
-28
287
318
404
-53
-55
-382
-52
-200
-143
-23
218
-18
175
-118
-326
-199
-228
115
-3
-165
236
88
662
231
-186
-270
-198
-176
68
-2
191
713
62
228
-204
-290
-197
220
149
422
291
333
-142
-21
32
157
278
80
128
-127
145
14
155
-143
315
-123
228
63
-64
47
97
202
267
116
-47
146
-237
324
139
772
154
-277
-61
-93
47
427
329
166
204
-84
-71
-377
-30
83
265
254
-63
26
91
197
44
-332
166
-15
100
387
-112
-39
178
131
78
146
-118
-37
-380
153
365
37
322
-153
-451
-12
442
222
-206
-171
-119
-284
70
-57
-245
-142
-286
221
55
-35
153
-139
-126
114
-613
46
293
-136
126
-201
-207
149
-215
-154
54
-403
-139
123
427
-23
-280
-404
-128
-173
-73
146
-92
-361
-130
185
56
113
-72
-307
-123
-243
316
-91
41
-239
42
-242
409
-21
157
218
-279
309
-249
37
-78
-86
18
499
-33
411
-9
61
-26
-103
384
172
45
580
374
-79
-218
251
241
311
206
97
277
34
261
176
227
391
561
221
193
-324
-310
-201
253
480
701
601
520
-37
-151
-23
91
-200
401
291
457
368
-85
211
-212
74
-62
-76
-173
-128
-171
262
337
-123
-30
-66
32
36
310
-89
-94
88
160
154
-23
-95
343
144
237
-23
-379
-201
-3
-332
144
458
252
479
-43
-311
-377
-239
30
286
77
-57
-213
-150
93
66
-33
232
44
-129
-109
-89
310
-88
26
88
196
-70
52
-122
-427
-27
67
159
-249
13
13
-70
-76
-219
-400
-172
179
5
-94
-8
91
234
3
-44
-339
-183
649
211
-53
34
-155
51
411
98
-152
-78
-54
280
54
527
65
317
217
153
-39
-66
-12
293
136
252
344
-61
275
41
201
271
147
210
425
272
93
47
-64
449
140
321
324
239
431
170
13
94
82
200
314
177
541
20
398
47
-81
-24
64
540
181
83
236
-132
-9
359
116
401
74
113
223
143
134
-49
-276
574
655
395
236
-507
122
-179
46
4
-1
219
293
257
7
-225
-300
44
152
91
178
58
102
-43
-92
167
-25
614
220
206
-135
-186
39
157
293
140
50
-147
137
47
-170
183
-7
51
-23
107
-97
-149
-520
-81
251
124
220
-325
-228
-241
66
43
559
390
274
65
-481
-380
-178
89
184
170
34
225
380
145
135
-318
-174
-30
51
165
1
26
37
447
216
248
-359
-266
-10
6
276
371
285
589
-292
-209
-90
-34
131
615
157
198
-277
119
106
-478
122
6
27
262
135
-15
27
243
103
280
149
456
32
299
200
-60
201
339
390
218
349
319
78
158
169
-64
365
539
410
900
-38
55
-28
-14
256
155
313
638
135
227
478
53
-90
292
271
-60
-60
-252
344
-87
342
22
215
-74
26
132
237
-656
-302
280
-51
441
105
58
-221
-141
274
163
-154
43
-165
323
767
267
-140
99
12
162
-85
67
-155
-20
415
249
73
-269
89
246
311
-263
-31
-180
175
274
-20
108
102
76
276
109
-128
32
-293
243
17
-160
272
112
186
575
-338
141
-125
-135
-29
-190
-230
214
-103
394
337
-404
-104
-616
-9
31
316
177
396
-97
306
-42
-228
-302
-103
24
323
350
443
166
-252
-62
-59
-71
-24
214
392
307
-80
239
-216
-117
205
256
437
347
215
-40
34
-294
-6
69
126
365
67
118
326
53
-193
-351
-292
177
303
309
192
108
112
38
27
68
-247
185
93
146
-2
186
279
474
320
149
-123
-257
-18
-16
324
190
288
112
383
137
-100
-302
47
54
332
269
215
-271
-63
-141
304
13
150
170
332
106
-303
64
213
140
-124
443
34
293
-20
-61
130
-25
22
233
133
62
137
44
-44
-248
-142
293
64
-144
31
110
195
12
254
27
38
56
-49
242
27
122
-83
21
-257
-109
74
364
160
28
169
-121
-225
-94
-203
-135
88
265
199
-122
-301
-386
-304
-158
-112
-182
-25
152
51
-108
-174
-162
-138
-248
-56
-112
-71
-139
-76
144
-296
-265
-252
92
-106
38
-126
-191
-85
11
144
-74
-84
-265
71
-59
37
-196
-189
-12
-16
52
70
49
-191
35
-4
23
117
310
-126
70
-108
-9
-103
7
131
171
90
73
127
-236
65
-60
249
228
263
185
-75
43
-170
-166
206
347
155
36
198
257
3
106
156
48
223
485
309
-59
-91
-214
-3
234
242
215
384
169
51
-255
-127
183
113
351
205
-320
-178
-124
19
18
-213
-12
86
210
-105
-172
-396
-259
-167
-11
299
91
74
-33
-53
-375
-164
-139
-135
-180
-40
14
-46
18
-52
-262
-189
-184
-209
-154
-111
-185
-210
-116
154
99
-94
-112
-259
-55
-161
-208
50
180
130
103
-101
-158
-303
-178
-39
-69
-150
100
201
57
-29
-251
-69
-70
-88
-108
18
-127
-85
78
-55
21
16
23
111
36
36
104
2
-81
-159
-153
-49
-127
4
150
81
-66
-11
-188
-205
-140
-9
193
-102
-55
120
53
-127
-149
-270
-163
3
-75
-23
-92
-250
-21
-77
-29
-44
-156
-113
-50
0
-76
-105
-60
-71
-9
-13
4
-52
-49
-76
-18
-51
-118
-143
-54
28
-70
-70
-33
46
-7
49
6
-60
-52
-75
125
-100
-239
-101
-40
-61
89
160
72
163
73
85
-135
-97
-14
-24
23
-58
24
10
83
-36
86
-40
-64
-96
-24
-90
-22
156
-79
2
-70
-161
-115
37
170
127
21
-70
-94
-264
-150
-105
-287
-60
-46
18
32
-82
-251
-302
-312
-329
-245
-289
-188
-379
-236
-99
-82
-195
-433
-413
-315
-323
-244
-307
-360
-272
-329
-143
-266
-433
-380
-304
-287
-217
-171
-341
-300
-252
-193
-164
-145
-149
-44
-116
-131
-212
-158
-204
-251
-142
-53
25
15
-1
-25
-281
-195
-9
35
101
12
122
-10
-130
-55
-65
-73
-51
-68
101
43
134
98
28
64
-31
56
52
-119
-54
-108
-110
-5
-181
-156
-144
-208
-127
-71
-69
-58
-230
-319
-259
-384
-403
-449
-478
-372
-362
-272
-301
-368
-304
-291
-387
-459
-561
-511
-505
-486
-450
-428
-363
-318
-262
-263
-309
-370
-312
-359
-201
-163
-92
-70
-81
-108
-187
-176
-152
-4
38
84
97
106
174
148
169
279
385
454
518
463
473
527
450
498
505
530
647
589
567
572
522
583
717
740
762
678
626
696
704
734
712
642
682
654
552
477
368
253
230
136
29
-58
-266
-327
-431
-642
-771
-936
-1113
-1227
-1454
-1541
-1579
-1585
-1468
-1354
-1263
-1189
-1073
-1077
-1042
-1092
-1209
-1281
-1386
-1403
-1429
-1472
-1437
-1341
-1219
-1076
-1006
-939
-849
-772
-622
-571
-456
-363
-241
-150
-86
-11
110
280
418
555
705
913
1150
1385
1556
1803
2039
2195
2435
2676
2902
3182
3489
3797
4044
4156
4184
4276
4086
3948
3739
3191
2448
862
-719
-1882
-2905
-3449
-4170
-4665
-4505
-4410
-4035
-3645
-3266
-2448
-1985
-1671
-1442
-1380
-1031
-682
-499
-240
85
607
1068
1393
1600
2016
2379
2229
1866
1272
626
-261
-1393
-2469
-3403
-4237
-4749
-5057
-5091
-4791
-4438
-4082
-3701
-3276
-2728
-2035
-1611
-1162
-553
104
779
1160
1525
1889
1988
1976
1791
1357
1061
602
143
-176
-407
-405
-289
-114
141
482
940
1408
1894
2270
2775
3328
3820
4581
5299
6032
6829
7315
7811
8274
8251
7696
6089
3233
246
-2302
-4440
-5907
-7436
-8366
-8146
-7799
-7030
-5995
-4900
-3180
-1965
-1258
-557
-416
53
706
876
1330
1836
2538
3430
3765
4104
4650
4930
4535
3490
2153
713
-1016
-3002
-4674
-5890
-6830
-7402
-7541
-7144
-6239
-5240
-4214
-3269
-2489
-1588
-740
-96
471
1105
1883
2528
2934
3242
3328
3232
2734
1910
855
-326
-1444
-2444
-3010
-3317
-3374
-3192
-2829
-2229
-1681
-1196
-701
-547
-349
-178
-225
-39
250
828
1590
2317
3339
4410
5511
6648
7548
8350
9076
9274
9167
8952
8196
7419
6351
4462
1736
-2341
-6023
-8225
-9801
-10636
-11222
-10971
-9212
-7652
-6101
-4294
-2568
-263
1378
2262
2919
3030
3721
4440
4394
4397
4593
5003
4804
3689
2991
2820
2217
700
-1282
-2896
-4536
-6391
-7998
-8923
-8987
-8828
-8357
-7230
-5743
-3774
-1597
148
1557
2657
3794
4567
4721
4992
5451
5763
5533
4789
4376
3961
3211
1789
-430
-2438
-4584
-6383
-7345
-8000
-7555
-6701
-5794
-4459
-3492
-2089
-711
45
780
1152
1331
1552
1527
1788
2369
2939
3563
4071
4559
5261
5838
6153
6312
6248
6126
5719
5140
4516
4356
4310
3947
3594
2960
2205
-454
-4703
-7486
-9184
-9774
-10134
-10973
-9296
-6888
-4955
-2489
-841
1580
4384
5330
5947
5252
4517
5248
4502
3357
2561
2378
2887
1711
219
304
541
-144
-2040
-3753
-4635
-5855
-7207
-7988
-7617
-6575
-5432
-3794
-2025
100
2641
4466
5499
5601
5533
5757
5000
3836
3290
2985
2673
1738
650
478
-250
-1269
-1974
-3539
-5405
-7713
-9684
-10302
-10199
-9047
-7291
-5390
-3011
-595
1310
2668
3288
3352
3185
2310
1225
426
178
244
342
600
1176
1812
2247
2524
2650
2627
2730
2730
2526
2818
3086
3291
4022
4836
5998
7075
7669
8207
8018
4842
-550
-5004
-7914
-9009
-9912
-11111
-9419
-6436
-3535
-197
1765
4395
7338
7923
7695
5930
4188
4642
3578
1937
1393
1797
3254
2776
1341
1662
1928
536
-2326
-5043
-6559
-8194
-10116
-11019
-10151
-8241
-6024
-3337
-703
2092
4969
6547
6912
6297
5388
4762
3123
1150
346
-104
-530
-1016
-1394
-1407
-1728
-2282
-2910
-3772
-5336
-7478
-8703
-9005
-8314
-6932
-5468
-3025
-710
1001
2210
2422
2539
2487
1809
1045
394
292
719
975
1262
1816
2326
2550
2281
1683
1086
698
226
87
223
630
1749
2730
4108
6014
7840
9867
11279
11952
12426
11878
10183
5308
-2515
-8064
-11485
-13007
-13100
-13594
-10298
-5585
-2516
796
2257
4141
6542
5928
4861
3106
1351
2400
2185
1681
2757
3957
5297
3795
1093
313
-814
-3540
-7389
-10184
-11076
-11973
-12203
-10560
-7017
-3036
-138
2499
4639
6221
7621
7405
5982
4357
2663
1732
485
-681
113
950
1057
551
-294
239
11
-1738
-3175
-4976
-6666
-8161
-8967
-7872
-5994
-3597
-983
1006
2562
3652
4166
3925
2963
1935
1022
302
-396
-669
-34
634
920
792
485
371
-363
-1285
-1873
-2333
-2323
-2177
-1825
-801
689
2331
3972
5425
7024
8780
10153
11166
11871
12084
11628
10515
8802
6194
1219
-6156
-11465
-13806
-14169
-13318
-12825
-9673
-4843
-1812
1023
2611
4144
6709
6734
5963
5261
4516
6140
6232
4947
5088
4894
4120
929
-3220
-5072
-6903
-9810
-12446
-13297
-12158
-11050
-9501
-6255
-2092
1776
4182
5833
7024
7490
7739
6771
5026
3669
2380
1488
76
-1478
-1113
-1344
-2710
-3656
-4294
-3699
-4057
-5518
-5635
-5950
-6015
-5427
-4740
-2784
-837
829
2452
2901
3348
3753
3573
3018
1676
666
106
-635
-992
-1022
-788
-644
-1035
-1435
-1889
-2255
-2515
-2709
-2634
-2213
-1458
-299
1057
2606
4407
6104
7492
8684
10065
11534
12506
12821
12033
10282
8271
6232
3807
95
-6436
-13003
-15899
-16594
-15301
-13309
-10703
-5209
-718
2191
5088
6433
8544
10002
8910
8151
6689
6219
6963
5126
3636
2741
791
-2163
-6822
-9827
-10658
-12407
-14095
-14159
-12022
-8949
-6323
-2753
1745
5604
7772
8393
8598
8224
7324
6062
3867
2011
562
-704
-1926
-3534
-3884
-3766
-4965
-6149
-5759
-4880
-4249
-4313
-4465
-3475
-2903
-2493
-1280
153
1876
2892
2974
3036
2986
2850
2644
1368
-172
-1261
-2761
-3750
-3972
-3420
-2012
-1088
-422
424
690
629
427
295
596
630
535
891
1490
2813
4213
5262
6412
7412
8491
9277
9731
10262
9737
8286
6681
4913
4276
2687
-983
-6841
-12648
-14258
-14062
-12683
-10246
-7444
-2232
1303
2800
5106
6137
7780
8413
6485
5667
4030
3554
4080
2130
1288
427
-1797
-4690
-9084
-10905
-10786
-11806
-12000
-10631
-7341
-3749
-1046
2761
6652
8899
9228
8112
7022
5504
3790
2197
69
-1606
-2767
-3497
-4557
-5381
-4481
-4409
-5288
-5711
-5269
-2639
-629
3
1396
1890
2133
2239
1634
2560
2863
2468
2518
1385
1062
1079
167
-131
-833
-1543
-1632
-2391
-2546
-1781
-1226
-527
-193
78
834
1081
1048
1091
1009
1152
1141
1116
1689
2611
3654
4567
5280
6114
7296
8258
8788
9021
8206
6796
5193
3468
2432
583
-3585
-9766
-14607
-15534
-14354
-11970
-9125
-5244
-77
2983
4588
5754
6092
7046
6615
5151
4117
2809
3653
4175
2795
2257
1121
-979
-4528
-8717
-9822
-9950
-10679
-10260
-8261
-4732
-1728
588
3790
6421
7392
6995
5831
4505
3156
2171
1189
-243
-1373
-2043
-2323
-3610
-5087
-4322
-4158
-4712
-3913
-2087
1303
3339
3318
3760
2905
1492
571
-723
-810
-762
-650
486
651
795
1442
968
-105
-1425
-2859
-3556
-4087
-4057
-2347
-457
1024
2187
2482
2612
2236
1166
307
-576
-1208
-1331
-1136
-221
1181
2948
4471
5528
7167
8440
9313
9817
8722
7901
6690
4643
4049
2179
-873
-6457
-13788
-15755
-15448
-13601
-9762
-7117
-1729
2455
3369
5372
5271
5947
7233
5727
5428
4380
4599
6861
5720
4822
4098
1334
-2608
-8320
-11282
-11439
-12259
-12058
-10372
-6784
-3185
-639
2947
5880
7151
6957
5453
4080
2632
2063
2140
988
-9
-728
-1607
-2694
-4459
-4326
-4113
-4654
-3596
-1844
1189
3088
3140
3119
1267
-704
-2254
-3193
-2306
-2086
-1063
343
737
1902
1783
1177
148
-2102
-3994
-5893
-6157
-4589
-2080
831
2993
4510
4445
3045
1035
-1248
-2566
-3479
-3574
-2622
-1108
1210
3441
5457
6934
8372
9589
9805
9957
9039
7603
6653
4664
3562
2414
-365
-4843
-12131
-15650
-15449
-14030
-10131
-6984
-1617
3629
4567
5739
5439
5063
6243
5537
5988
5817
5673
8025
7593
6236
5201
2593
-1326
-7804
-12537
-13609
-14128
-13513
-11271
-7300
-3576
-1558
1220
4075
5612
5830
5272
4937
4118
4113
5076
4879
3865
2396
363
-1932
-5215
-6365
-6318
-7337
-5983
-3958
-780
2065
2154
2801
1920
-846
-2776
-4490
-4253
-2739
-1442
778
1751
1831
1960
1110
-276
-1924
-3582
-5000
-5448
-4449
-2001
911
2925
4212
4118
2333
143
-2171
-3159
-2726
-2064
-396
1466
3355
5683
7232
8692
10044
10465
10571
9667
8827
8444
7232
6050
4359
2652
-1651
-10152
-15773
-17385
-15967
-12458
-10298
-5019
808
2981
4710
3693
3172
4464
4105
5274
5273
5341
8558
8683
6734
4986
2856
-32
-6146
-11044
-11669
-11432
-11205
-9930
-6329
-2830
-1536
-504
1021
2561
3035
3427
4819
5548
6840
8667
8571
6666
3835
837
-2692
-7231
-9950
-10352
-9312
-6704
-3594
742
3108
2665
2003
48
-2156
-4457
-5797
-4404
-2580
-133
2680
4096
4344
2692
99
-2078
-4028
-5172
-5190
-4066
-2340
-414
1156
1942
2109
1203
-159
-1569
-2516
-2487
-1961
-378
1621
3091
4332
4699
5109
6046
7052
8310
9080
9452
9457
9126
8269
7242
5675
3707
-611
-9871
-16917
-18693
-17114
-12309
-8854
-4055
2152
3465
3676
2449
784
2394
2822
4827
7192
7656
10909
11850
9256
6216
2158
-1752
-7451
-12207
-12011
-9941
-7925
-6242
-3873
-1927
-2620
-3906
-4215
-3157
-1778
-239
2984
6238
9114
11911
12143
9750
5701
601
-3800
-8145
-10432
-10330
-8433
-5323
-2501
1396
2348
998
-988
-4168
-6300
-8138
-7819
-3984
-35
3345
5392
5189
4121
901
-2712
-4769
-5955
-5419
-3616
-1420
806
2440
2570
1358
-732
-2664
-3544
-3772
-2516
-433
1696
3780
4552
4515
4169
3320
2648
3048
4967
7620
10456
11945
12300
12154
10424
8346
5141
1975
-1805
-10312
-16170
-16614
-14215
-8616
-5715
-2535
1354
247
-941
-3124
-4612
-1000
2468
6977
10480
11204
13591
12723
8140
3306
-1379
-4965
-9375
-11765
-9884
-6836
-4304
-3517
-3494
-4507
-7090
-8718
-8829
-6466
-2005
2586
7267
10669
12751
13713
11605
7530
3357
-585
-3455
-5098
-6286
-6248
-4433
-3271
-1996
-1937
-4187
-5201
-6433
-6681
-5631
-5572
-3125
319
2787
4885
4203
2771
1317
-1251
-2718
-2967
-2005
-342
933
1829
1804
1038
-610
-2536
-3570
-3825
-3258
-2221
-504
1266
2070
2444
2204
1811
2010
2160
3000
4982
7409
10196
12168
12630
12234
10971
8994
6284
3295
1221
-2789
-9871
-13966
-13470
-10141
-6577
-5208
-3215
-1849
-3289
-5110
-7007
-6513
-1963
3561
8676
11262
12045
13080
11306
6772
2852
73
-2667
-5810
-7055
-5812
-4309
-4165
-5371
-7479
-10041
-11874
-11944
-9948
-5873
-232
4796
7894
9322
9867
9695
7955
5569
4032
2752
1386
174
41
164
-1088
-2428
-4323
-5982
-6804
-7616
-6805
-5873
-4841
-2685
-1713
-837
296
649
1300
799
-308
-216
-303
-324
92
575
1466
1632
769
-212
-1310
-2366
-2511
-2432
-1912
-635
-90
398
642
642
1345
1678
1642
2407
3821
5981
8534
10036
10897
10678
10260
9786
8316
6699
4965
2503
-3866
-11052
-12875
-10883
-7086
-4709
-3658
-2115
-3663
-6331
-8313
-10279
-7799
-1494
5104
9574
10465
11940
12359
8371
4435
3017
2361
306
-1695
-1474
-1007
-2092
-4139
-6998
-11451
-15232
-15690
-13849
-10676
-5664
559
4708
5447
5373
5741
5292
4164
4699
5914
6429
6987
6706
4897
1905
-868
-2668
-4476
-5934
-5786
-4684
-3668
-3338
-4414
-5878
-6683
-6506
-5212
-3702
-1457
1291
2517
2121
1095
4
-601
-511
375
1771
2816
3148
2501
889
-606
-1541
-2157
-1854
-558
644
1753
2710
2860
2362
1759
1670
2330
3592
5659
7586
8287
9382
10462
10074
8866
6744
4085
-1866
-8689
-9766
-6370
-2089
36
600
795
-2618
-7625
-11214
-13175
-10821
-4231
3267
7635
8079
8030
6650
2396
-646
447
3350
4580
4929
5934
5644
2796
-1062
-5215
-10118
-13984
-14524
-12455
-9607
-5698
-1582
-141
-1554
-2913
-2611
-1796
-692
2399
6515
8534
8831
8043
5788
3191
885
-250
-366
-823
-283
188
-814
-2190
-4077
-5653
-6554
-6983
-6025
-4172
-2256
-427
641
701
36
-905
-1556
-1169
-21
1600
3290
3994
3740
2727
1455
398
85
1049
2806
4527
5136
5032
4332
3263
2606
2237
2934
3876
5062
5556
5174
5319
5661
5580
4375
3107
-1190
-7114
-9477
-6910
-1312
1776
2318
2640
328
-4235
-8492
-10982
-9509
-4472
1980
6445
5685
3410
1570
-1895
-4954
-4535
-304
3645
5277
6264
6413
3979
11
-3112
-5735
-7907
-8444
-7116
-5219
-3993
-3021
-3429
-5640
-8009
-7927
-6271
-4080
-11
3780
6301
6847
6030
5131
3679
2498
2740
3550
3997
4234
3687
2190
55
-2331
-3797
-4637
-4955
-4448
-3614
-2779
-2195
-2648
-3386
-3598
-3222
-1899
-344
1467
2661
2881
2637
2027
1462
1192
1465
1991
2894
3843
4249
4561
4421
4013
3784
4006
4696
5370
5666
5709
5357
4548
4189
3579
1707
-123
-4018
-9235
-10682
-8387
-2923
127
-69
505
-546
-3319
-5794
-7342
-5464
-1695
3224
7789
7112
4011
1286
-1818
-3921
-3834
-460
3049
3361
2916
2437
613
-1857
-3430
-3963
-4048
-3487
-1985
-1317
-1880
-2622
-3604
-5786
-7615
-7248
-5920
-4286
-2904
-1151
297
687
947
1711
2575
3658
4867
6389
7210
6720
5266
3082
1568
821
241
-467
-1051
-1825
-3177
-4848
-5856
-6083
-5748
-4833
-3525
-2100
-812
160
808
1351
2123
3077
3941
4720
5187
5502
5259
4569
3710
3019
2708
3087
4082
5460
6668
7307
6816
5317
3983
3734
3886
2544
469
-4001
-8527
-9708
-8125
-5027
-4265
-5030
-5303
-6614
-8033
-8128
-6822
-3535
273
4493
7376
6143
3867
2176
768
880
2572
5652
6865
4827
2408
50
-2457
-4076
-4455
-3931
-3705
-3648
-3342
-4033
-5407
-6589
-7219
-7284
-6083
-4309
-2837
-1688
-1988
-2539
-2682
-2111
-425
1202
2290
2873
3495
4788
5335
5021
4280
3956
4632
5333
5349
4611
3137
898
-1724
-3569
-4365
-4746
-4844
-4868
-4516
-4003
-3498
-3142
-3004
-2304
-742
1345
3902
6524
8380
9072
8666
7364
6891
7172
7375
7800
7528
7406
6932
5900
5152
3482
2488
1191
-432
-1652
-4612
-7640
-7703
-6007
-3339
-3083
-4681
-5914
-8239
-9991
-10224
-8945
-5342
-1644
1653
3346
2060
794
544
1086
2822
5343
8095
8893
7074
5067
3213
1175
-508
-1606
-2014
-2546
-3283
-3844
-5146
-6843
-8758
-10048
-10837
-10231
-7880
-5594
-3955
-3875
-3987
-3260
-1729
664
2407
3447
3906
4110
4516
4137
3207
2689
2645
3111
3425
3353
3409
2955
2422
1542
659
155
-832
-1815
-2675
-3042
-2633
-3067
-3354
-3494
-3313
-2350
-1044
630
2274
3320
3954
5063
6570
8406
9862
10749
11141
11383
11001
10801
9769
8746
6677
4224
1639
-1090
-3921
-7422
-8660
-8661
-7992
-8421
-9453
-9924
-9953
-9995
-9183
-7961
-5870
-3364
-1757
-992
-1231
-1293
-320
451
1957
3927
5580
6053
5051
4336
4290
4157
4029
3986
3585
2753
763
-1715
-3484
-4954
-5711
-7084
-8116
-8050
-8304
-8399
-9505
-10602
-10117
-8210
-5212
-2610
-1175
-236
556
1982
3665
5112
6255
6766
6780
6651
5794
4860
3726
2730
1677
780
530
182
-384
-910
-712
-349
-348
-862
-1910
-2354
-2115
-1376
100
1060
2871
3557
3446
3350
3244
4715
6167
7248
8873
9724
10907
11331
10403
8913
6893
5171
4444
3650
2038
1436
300
-959
-3943
-7790
-10539
-12287
-12995
-12199
-11174
-9659
-8306
-7522
-6471
-6245
-5628
-3564
-1623
790
2610
3941
4722
4093
3833
4065
4122
4393
4219
3731
2840
1638
944
278
-285
-1147
-1936
-3629
-5030
-5725
-6391
-6844
-7964
-8298
-7178
-6256
-5437
-5678
-5944
-5044
-3533
-1124
412
789
1270
1835
2878
3820
4709
5791
6202
6314
5911
5042
3834
2028
568
-642
-974
-878
-778
-1067
-1951
-2398
-2372
-1726
-547
695
2061
2846
3823
4885
5455
6253
6655
7416
8236
9221
9515
9149
8325
7227
6246
5446
4285
1805
608
793
1578
931
-1208
-2834
-3857
-4795
-5662
-6230
-6329
-6518
-6994
-7511
-8283
-8961
-8405
-7445
-6119
-4156
-2024
-453
-279
283
1701
3069
4115
4782
5194
4873
3849
2873
2366
1870
1289
-333
-1851
-2980
-3813
-5207
-5817
-6299
-5566
-4774
-4633
-5020
-5849
-5715
-5062
-4258
-2786
-1638
-778
-157
-44
536
865
1039
1324
1644
2330
2619
2719
3015
2994
3263
3698
3700
3098
1774
369
-858
-1401
-1125
-574
-327
-617
-981
-1031
-75
1287
2141
3367
4370
6280
8146
8641
8868
8569
8884
9629
8598
6668
5852
3959
2521
1661
1498
2748
962
-1554
-3328
-5037
-5098
-5393
-5708
-4601
-4390
-3524
-3249
-5236
-5821
-5693
-5053
-3814
-3792
-2919
-3185
-4769
-4388
-2918
-467
1458
1673
1634
1225
750
1488
1925
2824
2874
884
466
-825
-1217
-2414
-4295
-4674
-4781
-3932
-3737
-4918
-5319
-5729
-5085
-3715
-2918
-2042
-2285
-2903
-2381
-1377
243
919
1036
1921
2205
2563
2461
1973
1670
1067
1375
1760
2048
2054
1286
707
466
1150
1656
1380
402
-212
-218
399
1503
2120
2941
3086
3429
4711
5920
7061
7212
7468
8210
8821
8287
7026
6224
4007
3645
3625
4444
4192
1337
-836
-2302
-3286
-3107
-3524
-3736
-3836
-4610
-4537
-5408
-6716
-5959
-4939
-3449
-2414
-2330
-1952
-3168
-3951
-2788
-1132
875
1510
824
-348
-1016
-886
159
310
260
535
-402
-1049
-2153
-2785
-2697
-3092
-2726
-2670
-3549
-4231
-5148
-5242
-4791
-4172
-2706
-1806
-2186
-2724
-3353
-2762
-1875
-1088
240
718
1147
977
917
1461
1896
2583
2940
2871
2482
1531
809
613
718
1497
1957
1913
1375
737
649
879
1825
2604
3759
4232
4407
4976
5283
5693
5526
5638
6845
7209
7051
4767
4003
3390
3926
5199
5478
4931
2698
434
-670
-1535
-1694
-1211
-1261
-1079
-1850
-3188
-4475
-6532
-6589
-5101
-3789
-2715
-3358
-3871
-4590
-5012
-3514
-1397
242
791
57
-963
-1368
-933
-200
574
1096
929
-95
-1455
-2252
-2750
-2553
-2329
-1523
-1087
-1740
-3214
-4943
-5277
-4505
-3065
-1903
-2007
-2918
-3951
-4137
-3297
-1991
-728
75
316
375
97
1
418
1214
1890
2542
2734
2613
2073
1649
1784
1899
2308
2421
2269
1744
922
809
1211
1926
2492
2861
3087
3774
3889
4595
4576
4821
5756
6192
7067
6659
5167
3746
2850
2067
3286
4147
4825
3874
1422
465
-202
-762
-567
-1064
-710
-737
-1752
-2542
-4323
-5575
-4976
-4115
-2953
-2942
-4001
-4629
-5793
-5358
-3289
-1398
-76
-116
-817
-1277
-1502
-1307
-238
-556
-17
273
-100
-408
-1746
-2183
-1986
-1244
-479
-840
-1820
-2966
-3685
-3451
-2849
-2314
-1626
-1996
-3045
-3657
-3545
-2681
-2436
-2364
-2082
-1707
-1248
-947
-338
450
1027
1248
1515
1854
1758
1496
1425
1673
2279
2952
3023
2609
1828
1798
1815
1925
2490
2742
3142
2956
2991
3716
4234
4471
4678
4499
5222
5439
5362
4153
3144
2549
2777
3627
3773
3224
1716
418
327
402
208
-108
-568
-112
-338
-1172
-2204
-3895
-4518
-4068
-3263
-2554
-3205
-4154
-4930
-5393
-4415
-2820
-1522
-1033
-1486
-1920
-1976
-1352
-380
398
613
422
-480
-575
-404
-774
-768
-1060
-803
-734
-1170
-1777
-2559
-2400
-1624
-1235
-1113
-1687
-2828
-3368
-3270
-2381
-1358
-1280
-1768
-2705
-2875
-2181
-1562
-706
71
356
597
642
573
1061
1187
1948
2106
2334
2688
2194
2514
2558
2781
3109
3269
3326
3508
3497
3604
3581
4091
5204
5654
5186
4569
4184
4309
3911
3484
2523
3016
4138
4314
3396
967
-249
-152
-250
-358
-867
-775
-398
-1037
-1669
-2618
-3662
-3626
-3395
-2823
-2402
-3156
-3949
-4879
-5019
-3647
-2649
-2078
-2294
-2607
-2545
-2883
-1950
-956
-46
-145
-796
-426
-233
-65
-46
-369
-281
160
97
-491
-1578
-2293
-1904
-1483
-726
-887
-1688
-2543
-3122
-2696
-1803
-1645
-2106
-2395
-2225
-1664
-1342
-1056
-934
-1059
-780
-449
-209
169
311
741
991
1523
2067
2068
2129
2382
2902
3758
3892
4040
4463
4705
5160
5029
5220
5242
5186
5446
5189
4327
4083
3441
3766
2162
1692
2743
3430
3418
1472
67
204
161
198
-225
-1163
-1139
-1466
-1971
-2711
-4076
-3971
-3653
-3698
-3349
-3498
-3873
-4664
-5129
-3850
-2349
-1929
-2248
-2931
-3185
-3337
-2848
-1733
-931
-1053
-954
-1015
-950
-641
-967
-791
-506
304
785
30
-688
-907
-465
182
71
-280
-563
-1364
-1915
-1756
-977
-725
-1493
-2099
-2127
-1791
-1442
-973
-727
-230
105
203
318
275
502
658
693
809
1138
1650
1978
1992
2441
3073
3380
4112
4539
5300
5684
5779
6565
7043
6856
5879
4784
4702
4946
3477
2726
2766
2996
2692
125
-1791
-1945
-1518
-700
-1080
-1984
-2086
-2664
-3009
-3321
-3752
-2941
-2810
-3299
-3348
-3884
-3935
-4528
-4878
-3743
-2696
-2399
-2614
-3506
-3285
-2500
-1919
-1002
-1631
-1918
-2024
-1862
-907
-877
-971
-884
-1051
-250
-122
-721
-788
-829
3
450
202
440
189
106
-11
-257
246
115
-330
-504
-608
-258
-197
-595
-720
-955
-894
-605
-428
397
641
814
791
845
1589
2237
2394
2740
2676
3202
3915
4133
4643
4570
4476
5246
5824
6232
5598
4390
4735
4983
3728
3525
3829
4952
4732
2065
576
-59
11
185
-886
-1498
-1587
-2331
-2940
-4282
-5199
-4297
-3663
-3393
-3539
-3873
-3796
-4658
-4791
-3196
-1683
-1083
-1921
-2615
-2101
-2081
-1844
-1657
-1553
-804
-941
-1039
-1072
-1373
-995
-1065
-1023
-631
-781
-916
-1348
-1510
-818
-672
-653
-498
-660
-737
-980
-771
31
299
247
5
-61
226
220
195
95
141
292
352
438
570
590
781
702
738
1252
1508
1828
1557
1620
2592
3373
4104
4269
4287
4875
5288
5525
5114
4891
4721
4985
3438
2882
3145
3811
3570
1374
-176
-408
-206
186
-426
-1179
-1560
-2310
-2751
-3148
-3731
-3435
-3397
-3620
-3637
-3948
-3622
-3965
-4370
-3602
-2582
-1976
-2358
-2915
-2858
-2647
-2627
-2147
-1226
-243
30
-517
-935
-843
-266
248
-53
-253
-241
-310
-480
-793
-734
-759
-1122
-1043
-640
-531
-853
-1388
-1199
-546
-291
-282
-492
-577
-441
-375
-97
436
720
1020
978
819
953
1231
1557
1984
2035
2374
2601
2679
3143
3686
4016
4323
4367
4692
4936
4294
4142
3975
4402
4523
3077
2784
3098
3714
3403
1829
817
790
646
527
-587
-1565
-1760
-2265
-2813
-3484
-4295
-4148
-4390
-4696
-4485
-4438
-4183
-4504
-4741
-3706
-2970
-2387
-2068
-2090
-1848
-2075
-2150
-1228
-184
506
89
-872
-1032
-835
-340
-171
-485
-396
-371
-471
-571
-653
-483
-699
-1037
-843
-509
-433
-799
-1330
-1390
-1083
-949
-856
-1091
-1381
-1599
-1820
-1460
-1012
-536
-69
-133
-382
-365
-7
669
1119
1512
1868
2087
2634
3027
3463
3825
4133
4711
4963
4670
4481
4098
4353
4207
3342
3482
3724
4028
3556
2249
1363
901
689
622
-131
-888
-1052
-1401
-1836
-2648
-3458
-3505
-3910
-4172
-4064
-3921
-3777
-4224
-4541
-3978
-3513
-3141
-2671
-2711
-2565
-2676
-2566
-1832
-1042
24
464
210
101
91
619
1108
1108
1264
1185
1029
1005
897
935
617
18
-44
43
65
-125
-504
-641
-651
-721
-658
-951
-1096
-1172
-1489
-1480
-1409
-793
-278
-326
-649
-825
-688
-146
449
709
944
943
1307
1683
2089
2656
3008
3371
3395
3276
3494
3503
3646
3470
2945
3106
3544
4005
3771
2688
1815
1484
1268
1164
529
29
-371
-1060
-1592
-2129
-2487
-2649
-3147
-3595
-3751
-3741
-3465
-3698
-3934
-3958
-3689
-3107
-2823
-2786
-3115
-3312
-3246
-2588
-1444
-657
-478
-673
-745
-415
194
787
1114
1211
1283
1388
1357
1394
1418
1345
1219
1108
1091
999
780
361
132
188
386
338
127
-338
-764
-923
-924
-653
-446
-490
-573
-896
-1094
-935
-771
-456
-114
96
351
281
302
966
1768
2630
2918
2646
2446
2389
2352
2656
2442
2046
2029
2128
2569
2260
1435
1004
746
739
744
373
247
-84
-585
-811
-1140
-1205
-1105
-1462
-1978
-2535
-2878
-2623
-2674
-2734
-2828
-3104
-2910
-2801
-2422
-2347
-2694
-2824
-2455
-1602
-678
-352
-414
-526
-544
-149
203
505
945
1095
1263
1252
1298
1736
1858
1876
1803
1749
1854
1616
1279
1179
1127
1186
1184
863
567
93
-259
-424
-524
-113
-82
-270
-595
-870
-606
-459
-347
-293
-395
-301
-194
25
452
965
1367
1661
1486
1278
1273
1367
1739
2005
1574
1112
1027
1496
1887
1550
1010
720
446
268
-107
-395
-242
-313
-618
-1248
-2020
-2221
-2280
-2430
-2530
-2619
-2425
-2326
-2781
-2865
-2456
-1724
-1177
-1181
-1340
-1553
-1809
-1713
-1125
-428
61
-14
-375
-722
-869
-583
-243
87
392
525
562
317
252
585
1041
1327
1273
1231
1111
1020
1046
1214
1400
1462
1336
1028
644
347
277
293
332
422
344
46
-287
-508
-339
-176
-143
-131
-48
130
87
-1
83
480
1052
1353
1349
1130
1053
1376
1505
1600
1275
987
1015
1273
1738
1692
1153
558
74
-194
-354
-480
-395
-403
-810
-1314
-1928
-2259
-2012
-1688
-1441
-1571
-1822
-1860
-2115
-2458
-2268
-1699
-935
-751
-1160
-1617
-2057
-2088
-1606
-819
129
583
391
32
-271
-214
292
799
1205
1269
1140
988
583
390
576
889
1011
734
431
267
122
8
-11
107
387
548
483
303
46
-13
85
173
366
422
326
221
31
157
5
-68
-92
-153
64
187
275
472
713
880
863
814
1034
1067
1048
1122
1157
981
408
120
421
1076
1485
1261
626
62
-348
-492
-405
-72
286
304
-270
-1268
-2174
-2334
-1905
-1421
-1260
-1358
-1548
-2055
-2543
-2558
-1870
-928
-361
-334
-638
-1073
-1308
-1073
-397
403
943
927
457
-203
-421
-121
288
531
636
756
579
167
-55
164
552
751
846
779
608
225
14
5
117
485
733
606
167
-250
-428
-574
-509
-265
-139
-117
-343
-575
-863
-801
-687
-462
-208
79
478
546
500
380
252
420
819
1311
1574
1477
1278
1198
1254
1406
1312
790
446
553
1273
1703
1403
848
377
76
-156
-314
-40
466
597
277
-428
-1041
-1238
-1186
-864
-640
-412
-285
-595
-1183
-1489
-1128
-475
-134
-225
-280
-418
-703
-906
-807
-330
115
267
339
374
296
148
12
90
310
539
612
409
110
-127
-316
-448
-470
-383
-247
-360
-546
-502
-452
-542
-681
-735
-575
-322
-103
-222
-573
-777
-664
-645
-536
-277
-507
-700
-669
-747
-998
-941
-871
-741
-645
-530
-380
-442
-285
109
538
966
1216
1362
1431
1533
1599
1709
1498
1129
1139
1416
1865
1893
1660
1370
1066
765
489
429
728
1077
1163
860
151
-511
-745
-588
-345
-164
-46
37
-284
-788
-971
-702
-120
228
327
297
104
-213
-477
-512
-161
175
260
152
-46
-181
-404
-564
-666
-682
-640
-431
-354
-491
-614
-631
-707
-803
-704
-713
-724
-728
-749
-743
-973
-1011
-1135
-965
-681
-604
-729
-998
-1037
-810
-569
-531
-683
-741
-889
-1187
-1234
-1207
-794
-522
-463
-541
-869
-980
-854
-733
-344
204
449
595
598
788
1045
1165
1522
1998
2294
2175
1884
1763
2087
2411
2641
2706
2535
2378
2103
1643
1326
1282
1641
1833
1598
1104
576
204
38
-44
-92
66
140
59
-186
-430
-372
-171
-81
-151
-280
-299
-233
-193
-250
-371
-487
-453
-481
-588
-768
-934
-955
-1067
-1067
-1075
-1121
-1223
-1447
-1411
-1215
-1180
-1336
-1568
-1801
-1807
-1623
-1548
-1247
-1105
-1106
-1171
-1329
-1596
-1522
-1498
-1131
-1136
-911
-935
-1248
-1152
-1582
-1767
-1678
-1382
-1290
-1342
-1170
-1108
-1499
-1607
-991
-485
-255
133
289
298
252
713
1304
1813
2297
2845
3017
2728
2683
2688
2805
2736
2962
3647
4111
4115
3827
3504
3071
2495
2100
2094
2418
2687
2775
2440
1656
825
265
111
-28
-20
286
518
278
-328
-687
-636
-619
-622
-604
-564
-611
-862
-1074
-1100
-1178
-1045
-1005
-1080
-1302
-1558
-1325
-1312
-1456
-1529
-1501
-1718
-1711
-1551
-1483
-1286
-1589
-1996
-2071
-2213
-2181
-2067
-2105
-1956
-1853
-1677
-1740
-1785
-2120
-1891
-1692
-1705
-1361
-1626
-1801
-1637
-1692
-1532
-1421
-1647
-1227
-1271
-1381
-1204
-1248
-698
-201
-174
-32
391
471
1015
1326
1525
2006
2342
2707
3021
3090
3430
3694
3652
4114
4482
4546
4370
3979
3784
3843
4063
4324
4295
4111
3876
3517
2894
2286
2039
2045
2082
1922
1592
1132
607
61
-354
-622
-677
-641
-653
-874
-1172
-1366
-1346
-1384
-1473
-1544
-1679
-1735
-1929
-2073
-1845
-1738
-1769
-1842
-2060
-2233
-2508
-2507
-2379
-2388
-2390
-2340
-2420
-2414
-2756
-3109
-2775
-2843
-2701
-2764
-2813
-2696
-2775
-2785
-2376
-2432
-2164
-2077
-2115
-1739
-1804
-1663
-1314
-1254
-1587
-899
-306
-389
-276
-158
195
120
210
1110
958
1020
1525
1760
1789
2195
2547
2815
2808
2815
3095
3210
3690
3935
4155
4584
4514
4450
4404
4299
4115
4234
4451
4580
4391
4016
3658
3071
2837
2844
2714
2485
2176
1922
1759
1326
850
502
281
79
-46
-208
-458
-720
-975
-1240
-1488
-1660
-1646
-1638
-1867
-2044
-2191
-2253
-2294
-2446
-2536
-2621
-2848
-2999
-3125
-3298
-3383
-3355
-3432
-3607
-3749
-3823
-3725
-3774
-3554
-3380
-3275
-3304
-3460
-3631
-3360
-2900
-2750
-2587
-1994
-1872
-1948
-2294
-2072
-1874
-1109
-152
-218
-205
-287
112
351
924
858
1240
1538
1881
2063
1637
1853
1961
2098
2625
2906
2706
2466
2473
2557
2595
2897
3032
3170
3176
3346
3320
2911
2968
3151
3229
3328
3290
3096
3132
2934
2891
2775
2422
2614
2690
2728
2629
2301
2019
1907
1628
1403
1198
950
996
836
591
392
-49
-320
-612
-882
-1014
-1237
-1448
-1668
-1972
-2296
-2582
-2913
-3105
-3289
-3429
-3652
-3848
-4068
-4213
-4326
-4400
-4328
-4301
-4288
-4390
-4258
-4172
-3834
-3615
-3316
-3151
-2859
-2558
-2203
-2132
-2014
-1768
-1555
-1176
-928
-857
-389
31
354
921
359
423
516
1195
1663
2218
2075
2441
2235
2250
2136
2050
2401
2761
2917
2902
2488
2133
2184
2079
1999
2259
2810
2780
2623
2211
2094
2057
2577
2454
2671
2747
2804
2772
2765
2559
2400
2423
2611
2419
2116
2639
2531
2252
2114
1936
1645
1469
1448
1259
945
884
907
720
481
111
-376
-717
-1094
-1333
-1298
-1249
-1555
-1989
-2248
-2579
-2880
-3197
-3360
-3432
-3454
-3671
-3930
-4164
-4253
-4193
-4255
-4246
-4160
-3963
-3714
-3619
-3746
-3523
-3269
-3124
-2689
-2462
-2097
-1769
-1451
-1429
-1142
-975
-749
-331
-259
312
-30
251
402
741
868
841
1047
1112
932
1182
1768
1860
1778
1820
2210
2166
2048
2010
2184
2304
2627
2675
2772
1943
1834
2329
2390
2680
2504
2866
2717
2476
2296
2332
2112
2330
2623
2835
2806
2456
2238
2041
1502
1780
1698
1454
1427
1298
1096
624
302
-65
41
-201
-148
-430
-436
-451
-908
-1128
-1229
-1324
-1259
-1132
-1138
-1276
-1333
-1321
-1501
-1731
-1899
-1954
-2114
-1898
-1752
-1578
-1649
-1821
-2027
-2234
-2390
-2420
-2304
-2194
-1993
-1822
-1650
-1724
-1772
-1847
-1817
-1800
-1674
-1501
-1158
-818
-509
-502
-599
-369
-591
-632
-611
-344
69
306
416
412
2
144
343
724
520
1153
1452
1291
1463
1024
1590
1973
2071
2277
2277
1979
2095
2126
2541
2199
2076
2895
2844
2260
2181
1909
2048
2073
2207
2217
1981
1375
1200
1173
1044
1027
743
681
49
-345
-311
-308
-673
-916
-835
-1002
-1328
-1469
-1385
-1307
-1289
-1410
-1747
-1651
-1542
-1400
-1239
-1128
-1170
-1266
-1071
-1319
-1518
-1460
-913
-731
-862
-784
-444
-556
-841
-840
-769
-622
-494
-439
-272
-543
-537
-267
-458
-489
-471
-186
-129
-182
-189
-46
57
-31
102
151
250
191
-22
-168
-37
-5
220
342
73
76
-10
-157
290
206
390
535
359
428
544
903
966
993
1195
1659
1314
1191
1477
1214
763
1476
1888
1605
1438
1292
1302
844
1066
1463
1192
930
811
157
403
416
43
495
198
-391
-353
-459
-414
-635
-990
-345
-715
-1102
-926
-1270
-1193
-1304
-1316
-877
-1117
-934
-821
-1309
-1475
-1615
-1394
-1112
-1089
-988
-582
-778
-1053
-967
-791
-820
-910
-729
-602
-258
-120
198
-136
-492
-409
-206
-9
127
567
626
792
609
572
725
976
1143
1222
1416
1440
1428
1428
1302
1173
1036
1216
1285
1308
1307
1210
974
559
218
486
712
973
1012
784
856
595
401
363
194
79
935
783
799
507
397
334
-225
-58
-154
-117
272
196
-328
-260
-737
-666
-692
-1079
-1013
-551
-675
-825
-1401
-1423
-1178
-1396
-1167
-974
-1138
-1130
-1259
-1706
-1495
-1785
-1004
-1005
-875
-794
-937
-924
-1443
-1633
-1248
-791
-361
-322
-340
-492
-728
-730
-616
-458
-157
-12
210
98
-105
40
241
260
599
746
797
545
368
393
465
774
1142
1376
1334
1576
974
1061
1201
1337
1525
1714
2067
1885
1632
1600
1452
1273
1459
1532
1295
1222
1312
1452
1135
1078
1024
920
875
599
815
868
590
726
601
287
628
225
-363
-281
-435
-229
-76
-575
-946
-1455
-1488
-1482
-1675
-1583
-1387
-1834
-1804
-1968
-2301
-2341
-2419
-2330
-1882
-1714
-1596
-1733
-2165
-2028
-2057
-1813
-1470
-1319
-1189
-944
-806
-927
-767
-684
-1061
-757
-611
-251
100
332
219
-394
-276
109
175
256
405
51
233
790
587
916
509
366
587
833
1207
1558
1094
1001
827
724
1158
1024
872
1192
1361
1744
1737
1378
1685
1125
1003
1225
1661
1994
1878
1985
1536
1329
1229
1415
1105
893
1123
1442
1387
1054
670
536
484
339
541
137
95
-143
-224
-189
-430
-711
-636
-759
-1394
-1444
-1393
-1320
-1783
-2029
-1859
-2145
-2251
-1911
-2032
-2359
-2376
-2449
-2224
-2466
-2093
-1808
-2067
-1784
-1890
-1706
-1345
-1320
-997
-788
-662
-434
-412
-387
183
-99
261
649
484
676
701
443
509
696
632
1015
903
1405
1210
1056
802
862
1318
1303
1455
1501
1744
1505
1140
1080
687
868
877
1612
1491
1259
959
1035
728
196
803
940
1200
1155
1283
1312
1292
1267
1414
968
881
1016
953
1030
660
866
1020
1358
1274
1012
147
-295
-305
-207
-75
-44
134
-56
-653
-854
-1019
-1596
-2097
-1731
-1419
-1732
-1520
-1838
-2152
-2671
-2517
-2133
-2409
-2681
-2672
-2884
-3219
-2474
-2203
-1791
-1789
-1963
-1832
-2139
-2032
-1679
-1441
-1282
-798
-603
-415
-73
-305
-355
-171
44
412
338
602
281
353
661
969
1293
1053
1247
1019
746
468
808
1187
1369
1393
1450
1687
1746
1344
1326
1263
906
1063
1420
1545
1734
1199
1374
1468
1166
1269
1096
587
551
615
1086
905
645
795
976
774
715
314
329
347
128
901
270
125
-34
346
293
-110
-272
2
-144
-463
-695
-967
-890
-892
-749
-413
-851
-855
-890
-1122
-1398
-1755
-1879
-1675
-1676
-1456
-1139
-1771
-1411
-1959
-1698
-1561
-1967
-1535
-1571
-1660
-1357
-1101
-1205
-938
-802
-907
-927
-1385
-1055
-892
-474
-242
96
-81
-319
-43
-247
-184
-253
-16
527
817
896
659
109
449
792
810
840
1165
1124
994
835
1134
758
885
1434
1530
1454
1649
1602
1730
1561
1283
902
870
892
1489
1502
1471
1405
1090
1071
312
437
45
74
295
645
528
528
497
195
13
-373
-108
-380
-439
-268
-334
-272
-77
-469
-876
-1077
-1240
-972
-731
-799
-635
-825
-906
-900
-1196
-1301
-1307
-1256
-933
-953
-1151
-743
-668
-839
-1154
-1204
-1251
-1089
-869
-337
-466
-140
-198
-438
-818
-832
-662
-464
-349
163
-96
-88
-433
-411
-524
-6
30
-37
-359
-730
-368
-248
250
292
391
543
107
-161
-401
135
55
383
651
984
844
913
894
692
476
598
1354
1284
1489
1306
1206
1013
1087
1234
1357
1225
1144
1049
886
1003
987
635
926
752
524
514
219
663
247
455
461
-103
66
85
171
21
-289
-395
-247
-183
-165
-64
-862
-352
-317
-446
-479
-858
-823
-792
-191
-417
-563
-1016
-504
-649
-819
-892
-817
-278
-597
-256
-814
-653
-721
-458
-481
-592
-639
-378
-220
-514
-210
-423
-571
-395
-677
-502
-471
-427
-473
-533
-194
-291
-501
-512
-356
-344
-46
-397
-241
-475
-169
190
43
39
-35
-220
125
257
104
373
315
686
680
606
359
356
587
329
608
461
680
383
708
563
533
307
399
405
336
150
267
340
428
571
384
386
140
0
0
270
187
500
259
224
-59
289
259
339
204
282
237
184
261
-98
159
20
241
58
-12
-34
74
-88
31
-165
-85
-249
-143
-270
-279
-189
-144
-123
-98
-150
-197
-134
-181
-90
-609
-528
-338
-569
-422
-386
-356
-386
-658
-284
-457
-657
-784
-666
-707
-563
-367
-187
-330
-511
-217
-281
-294
-512
-398
-125
-71
58
206
50
52
65
1
213
1
367
379
159
130
49
130
224
112
246
103
-81
156
-20
-174
-386
85
273
142
249
261
17
55
-334
234
-188
-56
164
160
358
366
415
348
439
53
483
175
342
126
-50
316
337
456
689
622
253
62
-141
-87
-188
120
391
309
567
421
209
96
-215
-258
-378
-94
126
378
396
280
0
64
-127
-152
-365
-237
-15
-167
-22
-140
58
-68
-60
-516
-399
-729
-397
-455
-398
-450
-303
-17
182
-313
-515
-567
-551
-251
-152
77
106
-85
-180
-206
-302
-72
-265
-31
-56
232
-46
52
-372
-129
-235
-13
49
109
65
217
226
26
208
-60
345
151
255
131
258
116
416
292
256
288
442
362
276
119
168
14
377
-29
266
-14
244
469
178
417
47
110
81
243
137
312
232
137
272
191
248
282
118
186
99
281
-17
68
70
186
128
247
260
148
126
29
-6
-100
-104
-98
-76
-4
50
103
-138
-238
-485
-546
-516
-576
-453
-436
-210
-363
-395
-567
-691
-763
-626
-280
-345
-466
-446
-587
-628
-341
-247
-123
-296
-210
-460
-313
-390
-420
-295
8
187
382
-44
9
-481
-323
-219
109
120
134
230
323
256
-90
11
-198
14
213
249
154
133
212
55
86
-75
8
268
107
469
108
323
182
178
84
258
396
263
597
515
538
509
294
377
531
348
396
426
272
365
441
435
566
262
372
137
68
162
204
-91
496
244
353
186
-103
-340
-419
-224
-70
-379
-385
-287
-621
-550
-826
-629
-709
-530
-345
-402
-502
-662
-765
-896
-701
-571
-334
-306
-285
-499
-537
-445
-363
-328
-287
-115
-192
-152
-21
-94
-186
-132
86
-30
-134
-281
-297
-66
-104
271
170
105
82
99
12
-299
-276
-200
138
101
499
193
269
161
121
132
17
143
484
563
447
572
346
316
552
698
773
784
782
747
621
606
649
496
559
842
694
869
751
658
388
500
439
324
349
275
369
-5
163
23
30
-88
-178
-338
-302
-115
-214
-236
-343
-396
-352
-480
-520
-493
-550
-624
-726
-671
-936
-741
-543
-464
-801
-749
-835
-878
-794
-789
-513
-735
-604
-539
-587
-649
-749
-745
-362
-348
-325
-499
-547
-580
-508
-190
-325
-283
-395
-83
-93
-34
115
48
104
-63
157
164
248
292
524
574
583
622
564
495
609
657
895
673
905
691
746
750
891
1007
974
1010
890
822
743
1020
1012
1120
1061
883
664
808
757
778
786
633
599
604
423
213
102
112
207
49
60
-11
-322
-429
-330
-464
-306
-412
-390
-486
-542
-499
-456
-579
-543
-509
-563
-544
-713
-610
-587
-602
-726
-764
-949
-854
-837
-692
-679
-683
-707
-818
-703
-851
-798
-731
-532
-389
-337
-474
-534
-475
-332
-203
-353
-449
-348
-270
-141
-103
-129
136
331
404
226
24
1
99
129
307
367
534
834
816
852
654
709
666
651
838
983
1118
1091
1230
1198
1167
1233
1141
1121
933
1071
1028
905
871
847
905
830
946
943
753
595
406
256
146
280
349
351
272
161
211
8
-64
-66
-156
-257
-286
-360
-292
-392
-413
-273
-192
-268
-397
-344
-476
-553
-781
-740
-611
-489
-649
-701
-862
-934
-710
-657
-965
-1081
-1115
-939
-764
-884
-666
-722
-393
-553
-424
-734
-635
-722
-488
-115
-214
61
130
139
-42
120
64
-87
-18
271
329
258
506
613
677
627
496
491
508
594
631
791
704
747
745
774
599
635
712
749
734
887
1047
792
643
396
311
307
422
423
450
547
513
451
205
57
113
122
195
187
325
387
312
138
-6
2
-99
-100
-157
-74
26
74
165
-4
-121
-184
-149
-447
-434
-456
-213
-275
-250
-282
-436
-458
-336
-281
-345
-434
-505
-645
-707
-602
-645
-582
-525
-305
-379
-353
-456
-485
-478
-493
-404
-462
-342
-344
-63
4
106
81
112
177
106
31
104
241
219
354
441
499
383
319
286
495
564
602
575
511
545
541
672
546
468
604
696
683
624
379
517
434
441
439
508
418
500
321
399
208
39
31
8
56
189
51
5
147
0
35
-213
-223
-263
-101
-116
-282
-363
-245
-176
-142
-255
-272
-363
-330
-320
-331
-412
-278
-373
-455
-351
-372
11
-326
-267
-368
-407
-404
-417
-405
-330
-286
-229
-37
-234
-278
-420
-447
-320
-227
-65
-128
-157
-128
-131
-25
4
49
106
230
112
218
148
318
417
353
399
333
357
404
405
353
402
468
528
452
493
321
336
411
582
544
323
325
445
354
326
313
232
348
280
277
201
90
161
225
160
58
-5
-4
153
-24
-92
-114
-227
-55
-146
-310
-423
-478
-409
-328
-305
-405
-703
-672
-499
-307
-346
-431
-641
-559
-486
-386
-499
-628
-542
-628
-436
-541
-515
-476
-382
-461
-466
-452
-264
-226
-261
-314
-251
-147
-36
-28
-141
-14
69
179
176
151
-26
-14
69
187
333
340
424
390
453
533
494
368
445
523
598
584
432
444
451
653
687
602
514
491
529
586
566
581
537
488
461
482
336
305
257
271
315
300
253
165
182
180
188
195
63
-27
-173
-146
-224
-67
-156
-166
-284
-320
-384
-462
-393
-448
-438
-537
-530
-729
-562
-560
-523
-420
-609
-707
-775
-675
-560
-639
-525
-391
-411
-519
-498
-588
-507
-254
-180
-116
-301
-294
-379
-333
-253
-72
42
155
196
54
14
67
151
229
247
219
330
310
347
408
423
557
531
486
544
454
470
567
514
634
543
570
643
476
516
577
517
619
581
544
590
479
537
557
488
511
316
331
264
181
277
283
171
208
149
102
114
-81
-16
-188
-269
-290
-326
-345
-416
-506
-542
-487
-555
-581
-577
-726
-662
-798
-868
-966
-922
-863
-795
-720
-676
-658
-678
-652
-732
-821
-878
-797
-682
-625
-605
-372
-258
-177
-264
-391
-423
-412
-292
-212
-270
-180
33
193
213
147
37
50
64
125
129
115
289
367
454
496
413
461
479
456
495
659
741
754
678
716
547
464
602
587
607
698
679
558
483
474
513
472
459
578
578
400
366
110
102
118
127
132
181
89
44
-155
-181
-232
-423
-373
-314
-367
-389
-337
-393
-518
-689
-691
-682
-800
-753
-674
-824
-848
-887
-828
-777
-833
-762
-845
-711
-631
-704
-775
-675
-761
-771
-677
-614
-601
-691
-486
-478
-384
-257
-288
-315
-287
-167
-214
-114
-71
-4
20
1
-14
3
162
265
377
365
376
415
329
334
428
398
593
621
628
781
687
638
684
721
740
793
830
896
861
783
833
700
741
690
654
649
635
600
559
510
531
568
470
191
18
173
66
-63
-112
-297
-510
-508
-592
-507
-544
-875
-833
-860
-935
-969
-864
-967
-1106
-1100
-1056
-1105
-1225
-1252
-1243
-1180
-1097
-1008
-974
-1073
-1131
-1126
-1094
-1004
-884
-849
-833
-826
-751
-617
-554
-454
-349
-310
-305
-243
-120
-27
47
99
216
295
399
426
396
404
444
578
650
694
717
720
741
672
661
684
715
886
886
831
657
766
735
815
945
921
931
898
1026
854
770
848
778
904
999
931
849
695
791
649
572
577
541
633
616
732
460
372
220
137
69
-74
-15
-96
36
-179
-329
-297
-540
-408
-349
-322
-533
-720
-622
-591
-548
-735
-622
-893
-958
-895
-854
-854
-1064
-980
-1036
-1064
-969
-720
-726
-981
-939
-987
-868
-928
-785
-725
-838
-933
-621
-400
-550
-334
-323
-377
-478
-211
-35
-129
-54
-37
158
66
206
332
268
277
245
568
553
607
732
759
770
655
913
701
800
800
861
1029
873
950
759
754
675
742
924
733
783
644
634
651
704
683
565
586
401
430
290
233
227
117
83
26
35
-64
-187
-189
-221
-288
-298
-310
-365
-405
-436
-478
-509
-646
-639
-685
-777
-875
-892
-901
-889
-684
-739
-748
-795
-908
-904
-954
-883
-827
-817
-875
-848
-853
-936
-846
-740
-716
-776
-758
-693
-744
-652
-592
-527
-525
-478
-357
-321
-388
-437
-322
-272
-222
-165
-92
-49
106
252
224
257
249
346
398
387
474
503
558
628
721
655
602
619
614
656
650
674
652
731
765
688
725
646
606
585
569
553
462
486
466
441
450
370
236
138
78
91
127
77
-5
-42
-105
-95
-162
-210
-219
-204
-286
-290
-300
-361
-396
-462
-463
-541
-517
-498
-536
-566
-634
-598
-590
-618
-615
-680
-763
-759
-695
-665
-655
-685
-648
-660
-700
-665
-679
-668
-715
-683
-606
-580
-558
-476
-451
-516
-461
-362
-353
-324
-215
-218
-222
-140
-35
9
84
91
136
175
205
291
297
303
397
453
521
525
500
530
529
553
645
721
720
689
674
705
724
708
734
756
705
676
651
660
592
576
537
523
515
446
440
370
282
211
196
156
127
108
71
59
-31
-69
-126
-202
-245
-257
-265
-292
-291
-314
-330
-354
-415
-396
-354
-419
-433
-420
-435
-477
-454
-467
-478
-492
-496
-468
-453
-440
-418
-374
-378
-380
-349
-339
-324
-289
-234
-164
-166
-140
-80
-102
-78
4
32
45
100
135
196
305
348
380
376
330
349
445
472
476
526
547
540
592
651
638
586
561
592
623
614
613
644
605
570
589
611
546
501
478
427
392
384
364
297
265
283
307
267
202
139
102
76
76
79
3
-77
-103
-180
-227
-225
-272
-304
-356
-393
-377
-396
-437
-461
-472
-507
-537
-514
-518
-543
-568
-638
-680
-664
-665
-631
-622
-624
-579
-540
-497
-472
-496
-556
-592
-561
-479
-422
-361
-322
-283
-233
-210
-206
-203
-175
-139
-70
-1
81
116
187
230
250
287
279
312
355
406
478
520
515
469
474
513
545
586
568
558
595
648
674
682
664
616
565
493
472
454
476
470
451
435
360
300
278
280
216
224
231
215
203
171
143
96
27
-25
-72
-96
-91
-57
-51
-49
-90
-159
-171
-206
-269
-253
-289
-271
-266
-294
-273
-315
-293
-320
-341
-370
-393
-378
-401
-385
-383
-373
-381
-431
-420
-423
-427
-412
-378
-373
-345
-326
-337
-302
-291
-298
-226
-204
-158
-116
-109
-45
-14
48
99
138
185
247
299
356
383
407
452
475
540
579
621
661
685
700
711
715
687
700
685
679
656
650
650
626
646
657
652
598
558
501
472
450
410
415
374
352
307
296
266
192
130
80
59
34
54
40
23
-12
-60
-79
-114
-133
-187
-225
-247
-262
-260
-258
-264
-308
-293
-313
-300
-290
-270
-265
-304
-304
-308
-259
-228
-217
-225
-243
-230
-213
-185
-169
-177
-188
-204
-176
-127
-103
-89
-78
-58
-35
-1
27
64
51
69
92
104
110
133
212
217
234
246
273
286
295
336
357
417
406
457
492
502
525
534
544
505
532
530
512
474
445
462
458
449
460
440
373
357
355
335
341
340
310
309
309
295
293
230
156
130
130
96
68
46
30
28
15
39
-2
-52
-116
-168
-172
-181
-196
-227
-262
-300
-277
-278
-323
-348
-380
-373
-388
-351
-317
-347
-339
-341
-329
-295
-263
-236
-207
-207
-193
-154
-99
-89
-72
-43
-27
28
45
85
115
140
174
214
228
246
261
257
277
278
286
301
313
332
364
379
409
426
425
418
387
399
390
377
336
333
313
295
267
246
230
190
186
151
137
133
112
117
109
86
32
-9
-32
-71
-62
-77
-104
-124
-154
-166
-145
-147
-165
-167
-201
-195
-196
-199
-189
-185
-192
-205
-208
-211
-214
-224
-220
-213
-228
-217
-239
-226
-186
-206
-194
-193
-196
-198
-193
-170
-161
-135
-124
-85
-72
-70
-42
4
33
35
79
94
109
138
164
201
214
207
230
266
284
328
325
347
361
370
403
415
416
421
417
414
416
438
444
410
405
402
382
355
338
313
293
286
263
254
245
218
173
157
120
95
94
64
25
-13
-20
-39
-50
-50
-78
-119
-148
-161
-178
-180
-174
-194
-196
-235
-249
-235
-240
-234
-238
-239
-245
-237
-241
-230
-201
-220
-199
-188
-218
-217
-224
-214
-177
-182
-174
-153
-171
-183
-197
-189
-167
-144
-120
-86
-77
-59
-38
-35
-33
-8
18
23
57
67
100
114
119
130
127
130
125
147
153
176
192
212
207
236
251
248
275
266
279
268
265
266
269
264
270
290
280
276
283
287
281
251
257
256
249
258
247
252
243
220
191
175
143
107
101
88
65
65
50
17
3
-9
-21
-32
-65
-74
-76
-109
-105
-97
-108
-120
-134
-138
-117
-123
-106
-113
-138
-151
-141
-135
-155
-147
-146
-129
-118
-120
-98
-82
-97
-91
-73
-85
-90
-106
-113
-91
-86
-73
-83
-88
-80
-92
-64
-59
-56
-44
-62
-38
-18
-22
-11
-13
-7
-3
-4
9
12
3
-5
-11
-3
2
-14
5
16
2
12
0
0
-8
-19
-1
7
9
1
18
10
-9
-16
-17
-19
-34
-71
-80
-67
-90
-96
-104
-120
-127
-147
-169
-179
-184
-205
-217
-253
-259
-259
-265
-277
-292
-307
-319
-319
-325
-338
-323
-339
-346
-360
-374
-364
-359
-360
-346
-356
-343
-346
-341
-301
-304
-290
-295
-296
-267
-253
-231
-211
-200
-176
-160
-141
-141
-124
-103
-107
-74
-85
-68
-36
-21
6
-1
18
33
31
59
80
85
99
111
123
148
156
135
134
140
137
154
177
173
178
183
162
191
190
184
194
181
189
184
187
187
184
193
197
173
146
145
127
124
127
106
74
52
22
19
33
16
17
11
-7
2
3
-10
-28
-54
-78
-92
-117
-108
-117
-134
-132
-157
-168
-164
-167
-160
-155
-158
-179
-182
-193
-197
-194
-205
-222
-223
-239
-234
-232
-268
-273
-300
-301
-289
-277
-265
-246
-219
-222
-208
-195
-178
-169
-180
-154
-129
-123
-105
-82
-51
-33
-36
-9
33
45
59
79
102
118
138
148
176
189
185
195
180
182
194
200
197
177
190
192
190
199
187
200
194
158
156
152
145
138
134
105
86
80
70
62
51
46
21
-7
-19
-31
-29
-60
-90
-90
-101
-107
-118
-118
-129
-135
-162
-192
-210
-213
-198
-213
-205
-184
-181
-174
-179
-176
-167
-164
-156
-126
-87
-69
-64
-55
-43
-39
-25
-37
-39
-34
-20
-4
8
10
28
23
-3
-13
1
16
7
9
14
30
31
26
33
17
15
22
32
51
48
78
64
65
80
76
86
77
78
75
87
76
69
55
38
49
37
35
22
-9
-19
-32
-34
-26
-54
-68
-85
-94
-90
-89
-103
-128
-151
-167
-176
-192
-188
-177
-178
-216
-224
-210
-213
-229
-256
-260
-272
-302
-305
-315
-317
-328
-351
-352
-358
-354
-355
-368
-368
-362
-342
-338
-331
-325
-304
-270
-249
-255
-232
-234
-258
-254
-241
-219
-200
-204
-196
-166
-166
-133
-97
-91
-66
-57
-62
-35
4
28
57
85
95
120
134
141
166
186
202
231
244
248
272
283
288
290
273
249
248
249
229
247
227
221
219
195
196
199
173
165
161
144
133
125
109
85
80
71
76
85
64
41
23
23
6
-15
-28
-39
-38
-51
-53
-60
-83
-91
-118
-151
-142
-164
-159
-160
-192
-181
-185
-193
-186
-169
-173
-169
-164
-176
-166
-177
-181
-182
-191
-197
-187
-185
-186
-184
-186
-194
-188
-198
-222
-200
-180
-169
-167
-162
-161
-169
-154
-132
-123
-112
-119
-119
-123
-138
-119
-109
-101
-105
-83
-70
-74
-40
-47
-46
-36
-55
-50
-51
-75
-44
-19
-19
-5
-11
-29
-36
-41
-50
-46
-45
-51
-52
-68
-68
-59
-53
-67
-73
-80
-82
-76
-63
-71
-85
-84
-97
-84
-66
-63
-59
-51
-44
-46
-77
-95
-93
-90
-73
-74
-61
-52
-58
-40
-26
-31
-22
-27
-50
-50
-58
-37
-7
-15
-5
0
2
36
59
65
70
69
96
88
89
109
117
118
127
124
131
142
134
161
156
134
136
133
129
138
151
145
137
143
133
122
109
97
92
59
36
25
23
10
25
27
24
0
-25
-48
-53
-62
-70
-69
-91
-91
-80
-78
-81
-91
-96
-101
-122
-119
-139
-144
-147
-156
-154
-159
-157
-155
-148
-138
-145
-133
-126
-140
-154
-150
-137
-129
-122
-115
-104
-97
-107
-101
-98
-126
-129
-109
-109
-88
-93
-84
-51
-55
-63
-48
-63
-69
-61
-51
-36
-26
-13
-28
-9
-13
-21
-1
-29
-36
-52
-53
-48
-44
-36
-25
-11
-5
-14
-29
-24
-35
-36
-44
-47
-38
-59
-61
-56
-61
-42
-28
-47
-65
-74
-76
-65
-72
-72
-73
-66
-49
-66
-63
-44
-78
-88
-86
-94
-95
-110
-101
-76
-87
-84
-69
-71
-64
-69
-57
-59
-63
-75
-62
-51
-49
-30
-22
-7
28
36
50
54
44
47
63
56
69
94
90
124
142
146
154
142
162
185
196
199
225
236
226
234
253
275
284
262
262
256
239
245
247
232
227
224
201
199
176
183
159
130
114
95
76
43
34
44
48
29
25
10
11
-10
-6
-1
-41
-39
-35
-56
-68
-76
-71
-85
-127
-151
-167
-179
-189
-195
-194
-205
-219
-213
-196
-210
-218
-208
-197
-190
-187
-203
-196
-184
-177
-168
-175
-145
-135
-112
-80
-63
-60
-62
-62
-55
-42
-42
-41
-35
6
17
29
66
72
81
89
93
87
101
98
94
124
115
129
149
150
163
163
154
138
118
113
118
111
105
105
102
109
105
102
82
51
46
46
35
31
19
4
-8
-12
-8
-5
10
-16
-37
-39
-58
-53
-45
-70
-77
-73
-96
-84
-98
-115
-118
-132
-151
-141
-137
-137
-113
-107
-98
-103
-103
-89
-82
-80
-60
-68
-68
-78
-80
-73
-72
-55
-50
-26
-14
1
27
50
68
72
60
79
83
89
102
102
128
123
110
111
123
114
124
130
134
146
146
155
169
172
180
192
188
200
190
189
210
220
245
269
275
284
287
291
280
279
247
229
219
201
201
195
195
192
177
150
145
122
110
92
79
50
38
27
15
11
-18
-14
-27
-60
-62
-65
-69
-91
-79
-74
-93
-113
-129
-120
-121
-139
-145
-167
-180
-192
-196
-162
-150
-152
-146
-153
-147
-110
-92
-74
-72
-41
-35
-27
-31
-43
-9
-13
-12
18
39
49
44
54
65
62
61
41
44
73
97
116
131
142
159
164
174
182
207
226
231
233
245
270
276
287
313
309
312
314
314
327
337
341
350
346
346
353
326
317
325
332
336
328
310
291
278
284
282
258
231
199
190
187
166
157
146
130
120
113
114
97
67
75
76
59
25
25
10
-33
-41
-55
-82
-104
-113
-106
-106
-109
-106
-103
-109
-132
-140
-153
-159
-147
-144
-135
-121
-106
-90
-72
-47
-49
-37
-6
2
27
41
65
78
79
97
113
121
126
122
123
149
172
180
179
194
207
216
212
219
232
228
247
263
269
261
258
246
225
239
251
257
243
223
226
222
187
146
140
137
97
80
66
45
48
45
44
42
28
14
4
-44
-50
-61
-71
-87
-108
-122
-124
-117
-121
-121
-122
-149
-156
-168
-182
-180
-193
-179
-190
-196
-197
-193
-202
-217
-215
-218
-254
-268
-271
-270
-272
-288
-281
-264
-257
-261
-244
-252
-241
-223
-234
-217
-190
-184
-160
-155
-152
-116
-116
-99
-91
-92
-74
-50
-20
0
25
50
71
87
108
119
143
145
153
180
199
198
237
255
253
290
299
321
340
329
324
348
328
331
324
302
294
281
257
252
250
240
237
228
200
185
159
140
144
141
129
140
116
101
107
91
78
44
5
3
-10
-28
-14
-29
-41
-31
-56
-93
-119
-133
-159
-160
-172
-168
-167
-179
-160
-159
-154
-167
-192
-190
-199
-199
-201
-201
-181
-182
-181
-177
-142
-114
-98
-116
-130
-100
-87
-90
-93
-94
-75
-72
-63
-31
-2
3
2
20
44
52
45
34
25
58
50
67
76
58
81
92
86
88
72
76
79
69
97
103
109
128
154
161
130
80
74
63
50
46
60
65
56
69
89
123
122
125
121
108
131
118
122
117
113
126
116
112
126
135
107
98
92
86
88
56
39
47
32
13
4
-13
-28
-24
-46
-61
-70
-102
-99
-110
-104
-86
-90
-79
-67
-64
-67
-60
-56
-49
-48
-52
-36
-13
-4
-11
19
35
30
39
37
18
9
19
30
48
45
65
89
106
113
129
137
134
137
122
126
130
137
162
173
182
189
196
201
187
194
190
175
174
162
135
141
154
176
174
143
122
103
88
70
64
40
10
0
1
-18
-22
-14
-23
-29
-58
-83
-96
-104
-137
-138
-154
-168
-159
-169
-170
-173
-179
-204
-242
-290
-295
-299
-299
-285
-288
-295
-314
-299
-284
-276
-285
-307
-309
-319
-341
-331
-321
-304
-288
-284
-262
-254
-235
-216
-217
-203
-200
-195
-190
-207
-179
-148
-132
-104
-96
-62
-45
-50
-40
-36
-53
-48
-39
-16
-12
-16
15
25
45
38
27
32
32
40
63
79
95
109
103
110
97
87
80
50
25
28
21
14
8
31
53
37
29
37
30
10
-1
5
-21
-44
-70
-74
-65
-72
-70
-68
-67
-84
-79
-101
-112
-101
-112
-139
-159
-138
-100
-104
-101
-101
-119
-133
-135
-145
-178
-207
-216
-193
-200
-216
-194
-187
-175
-168
-153
-137
-166
-162
-131
-121
-125
-122
-81
-81
-89
-72
-78
-53
-70
-81
-63
-72
-56
-29
-4
18
45
57
74
77
70
87
91
68
80
94
108
135
152
170
172
187
186
178
159
157
164
144
112
90
108
117
109
127
113
83
78
77
56
24
12
11
-1
-30
-23
-45
-55
-59
-80
-77
-95
-128
-126
-140
-153
-160
-160
-148
-140
-144
-134
-132
-130
-146
-168
-188
-188
-165
-161
-147
-125
-120
-190
-134
-219
-148
-35
-116
-82
-120
-131
-98
-121
-92
-80
-94
-75
-40
-12
10
23
3
22
18
49
100
90
114
154
128
153
170
163
140
114
129
115
131
150
168
171
172
196
217
202
194
188
177
192
191
199
215
195
186
183
160
151
131
113
85
52
42
28
30
37
28
20
7
-13
-39
-72
-94
-91
-97
-121
-122
-123
-134
-149
-158
-150
-156
-189
-197
-212
-215
-198
-219
-232
-241
-236
-214
-194
-187
-178
-160
-150
-160
-160
-176
-205
-178
-151
-146
-141
-135
-110
-96
-99
-98
-105
-102
-120
-98
-44
-44
-20
-14
-21
-6
9
0
-15
-15
-24
-23
-10
0
9
17
3
4
19
15
4
-17
-3
-1
-5
14
16
-10
-9
-35
-29
-23
-28
-42
-63
-84
-81
-70
-107
-116
-119
-112
-110
-96
-101
-107
-109
-110
-111
-119
-158
-184
-183
-178
-166
-186
-191
-191
-199
-194
-185
-193
-211
-216
-211
-205
-194
-157
-165
-161
-142
-156
-151
-164
-160
-146
-141
-147
-137
-109
-99
-76
-60
-71
-62
-62
-56
-35
-40
-9
5
15
22
52
88
99
130
131
133
135
145
154
145
150
157
169
196
208
203
223
206
220
232
199
200
179
176
180
150
140
125
99
93
83
86
56
27
26
-15
-15
-7
-4
15
-8
-6
-9
-41
-62
-83
-92
-101
-110
-108
-106
-95
-80
-88
-99
-110
-139
-150
-171
-199
-187
-186
-184
-196
-217
-218
-199
-192
-201
-206
-211
-205
-205
-203
-204
-212
-231
-234
-199
-150
-135
-144
-129
-113
-121
-129
-161
-162
-154
-145
-101
-66
-51
-46
-35
-38
-16
-21
-38
-37
-52
-51
-34
-21
-12
-8
0
-3
-13
-19
-12
-4
11
15
44
41
34
48
37
53
67
52
53
63
61
70
68
69
59
67
82
106
118
116
122
95
63
45
41
48
38
18
13
26
43
35
15
4
9
38
31
9
-15
-27
-24
-57
-50
-45
-64
-68
-84
-99
-86
-94
-117
-110
-114
-141
-124
-120
-120
-126
-144
-164
-166
-173
-196
-201
-211
-199
-172
-170
-152
-144
-148
-154
-163
-171
-172
-147
-140
-104
-83
-92
-88
-86
-92
-73
-59
-51
-23
-8
12
31
59
68
72
99
109
127
144
158
187
223
234
223
201
194
208
234
246
250
233
229
226
226
240
226
228
222
205
199
214
212
196
173
166
156
129
123
109
101
84
64
76
77
56
24
-14
-40
-42
-49
-60
-69
-100
-123
-117
-124
-147
-151
-161
-185
-152
-135
-125
-130
-143
-135
-149
-133
-143
-155
-157
-152
-131
-140
-123
-99
-91
-60
-45
-54
-33
-41
-22
5
-9
-1
-2
3
12
9
47
61
62
78
79
83
78
72
91
125
128
150
171
160
171
187
186
200
198
213
229
228
247
260
265
251
250
269
239
239
249
243
238
222
203
199
191
217
223
207
208
187
204
182
139
143
133
112
94
86
82
87
90
82
57
37
18
17
10
-9
-4
-18
-31
-18
-18
-5
-29
-76
-88
-99
-95
-96
-103
-96
-86
-75
-82
-84
-104
-119
-128
-142
-94
-60
-54
-48
-43
-57
-51
-57
-61
-70
-86
-77
-87
-88
-91
-83
-57
-50
-22
14
18
35
51
80
96
61
46
56
56
59
60
93
111
134
167
169
166
159
145
145
134
141
163
154
171
174
155
141
142
139
144
146
123
127
138
143
144
139
129
120
119
104
101
100
74
66
50
45
53
42
25
39
31
-1
-10
-16
-14
-24
-53
-56
-60
-68
-59
-42
-46
-47
-56
-73
-77
-93
-111
-120
-125
-127
-112
-109
-110
-109
-95
-94
-107
-103
-97
-88
-89
-99
-89
-84
-97
-93
-79
-69
-68
-36
-30
-38
-49
-48
-37
-51
-62
-40
-19
-2
18
27
35
31
33
43
63
97
125
135
175
210
215
221
201
189
172
154
147
148
159
166
180
155
156
154
157
172
165
184
184
163
133
107
86
91
53
42
66
67
73
87
78
61
32
-8
-29
-56
-53
-43
-41
-48
-56
-60
-60
-70
-92
-102
-112
-98
-87
-68
-68
-60
-50
-60
-58
-76
-113
-128
-132
-121
-88
-88
-99
-80
-72
-67
-49
-51
-35
-27
-29
-25
-14
-22
-30
-16
-8
6
33
46
52
61
56
69
71
71
68
82
107
119
124
131
164
175
184
180
165
181
183
194
211
210
210
222
233
242
250
257
243
212
197
214
233
229
211
213
234
227
222
213
188
157
131
129
136
120
106
101
101
95
73
59
40
27
33
23
10
16
14
-15
-41
-43
-46
-27
-30
-44
-39
-28
-24
-30
-66
-89
-97
-104
-102
-100
-74
-49
-44
-19
-1
-18
-23
-34
-29
-25
-30
-24
-10
4
23
44
43
34
7
22
43
84
97
120
124
112
132
119
123
92
77
74
80
105
120
118
116
98
95
97
75
89
107
116
99
77
80
71
52
33
25
33
39
51
65
44
37
38
9
-12
-14
-5
0
-29
-26
3
3
2
-3
-32
-61
-67
-80
-56
-67
-76
-70
-77
-80
-63
-56
-77
-73
-78
-81
-59
-57
-66
-65
-68
-61
-31
-22
-18
-18
-47
-51
-32
2
11
9
30
58
70
70
77
77
61
55
74
78
87
77
64
73
61
71
92
84
82
98
116
107
64
52
35
20
10
-20
-20
-26
-8
35
46
42
41
13
-10
9
26
31
20
10
42
63
37
41
48
25
21
35
62
92
68
49
59
45
52
53
47
48
31
41
41
30
41
53
51
48
57
67
53
19
36
66
61
33
40
54
44
42
68
85
69
49
55
53
46
52
28
28
21
40
30
22
23
-1
9
18
50
68
34
25
48
31
34
-4
-22
3
-11
10
31
12
8
-2
-6
12
4
5
29
28
28
60
62
57
24
-14
-17
-25
-28
-8
2
0
7
30
27
10
-4
-17
-13
1
10
26
14
2
1
1
12
18
8
25
30
37
57
45
31
1
-29
-37
-28
-17
-1
23
38
48
40
31
45
28
30
35
47
73
69
79
80
75
58
36
58
58
62
77
70
76
66
64
71
46
24
40
25
-1
-16
-17
0
4
15
36
62
63
57
71
56
73
77
48
57
46
48
57
44
21
2
6
16
11
24
16
-8
-24
-44
-53
-84
-109
-98
-76
-66
-41
-28
-63
-74
-86
-92
-89
-121
-135
-132
-117
-80
-66
-49
-59
-92
-91
-98
-88
-92
-96
-88
-103
-106
-97
-102
-114
-114
-124
-102
-94
-85
-62
-69
-92
-72
-70
-91
-76
-89
-71
-66
-75
-74
-67
-82
-83
-67
-52
-31
-18
9
23
28
25
-2
-16
-34
-39
-47
-62
-75
-81
-80
-71
-67
-86
-106
-117
-117
-88
-85
-101
-97
-103
-83
-70
-87
-67
-72
-96
-80
-82
-74
-74
-95
-99
-107
-92
-72
-66
-62
-90
-94
-106
-127
-114
-102
-93
-73
-64
-61
-45
-59
-52
-29
-17
-15
-25
-34
-33
-32
-10
-3
9
7
5
36
27
17
-5
-24
-48
-42
-46
-52
-43
-54
-46
-33
-8
7
-9
-7
-3
-16
-32
-51
-41
-48
-59
-34
-14
-5
18
14
10
16
-1
9
11
29
28
19
20
23
15
10
2
-3
6
0
12
21
9
15
31
5
8
-25
-53
-59
-67
-60
-69
-65
-66
-66
-65
-67
-75
-86
-71
-53
-48
-61
-61
-68
-100
-113
-95
-78
-88
-62
-45
-24
-29
-64
-62
-54
-73
-88
-90
-87
-77
-56
-58
-76
-80
-88
-93
-88
-100
-97
-81
-73
-60
-49
-52
-59
-54
-61
-53
-50
-54
-49
-51
-36
-7
-17
-11
-12
-7
-5
-4
18
27
5
5
38
52
64
81
98
95
75
78
83
70
45
47
52
39
40
26
32
28
-9
13
23
19
25
24
25
21
11
4
-11
-26
-23
3
23
27
33
24
26
25
17
37
45
34
57
72
87
75
30
4
-25
-46
-46
-55
-36
-8
4
12
0
-14
-30
-31
-20
-8
5
10
21
13
1
5
-7
-19
-20
8
30
78
97
86
84
40
15
-22
-42
-43
-46
-25
-2
-1
15
-13
-53
-73
-84
-73
-83
-79
-100
-97
-95
-120
-123
-145
-152
-136
-122
-110
-97
-75
-66
-79
-86
-104
-101
-107
-117
-103
-94
-88
-94
-106
-105
-104
-114
-89
-81
-80
-73
-74
-74
-80
-81
-92
-80
-96
-84
-72
-78
-64
-53
-57
-47
-56
-71
-50
-41
-34
-26
-31
-30
-48
-38
-39
-28
-32
-40
-36
-47
-44
-58
-58
-87
-102
-85
-75
-42
-38
-47
-50
-69
-73
-80
-80
-90
-82
-84
-71
-64
-70
-74
-85
-86
-88
-70
-66
-47
-45
-39
-48
-68
-84
-93
-77
-66
-39
-21
-14
-30
-47
-66
-96
-103
-104
-91
-48
2
31
23
0
-14
-15
-28
-25
-16
-11
9
16
32
35
25
-14
-36
-24
-8
28
52
39
42
39
37
71
59
34
6
-7
-2
12
10
1
-10
-10
-11
10
31
18
6
9
18
28
38
26
12
13
6
39
59
53
70
62
46
32
3
-5
-15
-22
0
18
17
12
8
20
24
13
16
17
7
2
-6
-15
-3
-30
-42
-17
16
23
39
36
28
38
29
31
37
22
11
13
16
28
-5
-30
-36
-62
-48
-30
-12
-6
-10
0
5
9
2
-2
-4
-1
7
27
25
36
28
26
22
13
30
37
36
25
42
67
60
44
42
35
49
53
56
79
91
75
70
82
66
69
76
60
63
51
62
59
58
62
52
47
24
20
56
59
56
49
39
20
9
18
3
-4
-8
-36
-19
-13
-19
-13
-19
-28
-29
-17
0
9
-2
-15
0
-25
-50
-35
-55
-60
-64
-85
-57
-25
-20
-8
-23
-27
-24
-42
-46
-56
-59
-72
-81
-90
-88
-96
-89
-104
-134
-151
-160
-144
-171
-161
-162
-156
-139
-148
-164
-161
-198
-228
-236
-238
-206
-209
-208
-215
-224
-216
-232
-235
-232
-258
-251
-259
-276
-254
-272
-284
-283
-281
-269
-281
-285
-288
-300
-313
-323
-315
-300
-317
-301
-314
-311
-274
-251
-232
-225
-229
-239
-232
-230
-241
-256
-265
-247
-227
-231
-213
-195
-187
-182
-172
-138
-134
-140
-132
-143
-148
-149
-142
-137
-128
-126
-119
-124
-143
-156
-149
-151
-170
-160
-132
-131
-138
-133
-133
-133
-153
-156
-136
-146
-136
-131
-136
-141
-138
-136
-138
-140
-149
-148
-151
-139
-149
-162
-193
-207
-191
-171
-146
-109
-89
-93
-88
-99
-112
-136
-155
-176
-162
-155
-122
-73
-23
-7
-21
-23
-49
-57
-75
-61
-19
-9
7
34
28
7
2
-23
-46
-36
-18
13
30
-5
-10
-5
-16
-2
-7
-7
9
-12
-26
-24
-31
-43
-59
-69
-48
-17
-7
-21
-31
-22
-21
-24
-48
-22
-8
-18
-15
-12
-19
-32
-57
-86
-94
-103
-96
-83
-62
-57
-49
-61
-65
-72
-103
-129
-152
-139
-138
-146
-133
-132
-114
-88
-87
-83
-55
-68
-75
-52
-39
-14
2
8
11
-5
-5
-4
-3
-23
-42
-53
-64
-55
-44
-28
-20
-5
-15
-39
-53
-68
-64
-33
-32
-27
-14
2
5
-24
-35
-51
-43
-36
-16
4
30
24
26
43
36
44
53
40
49
33
9
14
5
11
16
28
46
72
89
102
97
82
52
15
3
14
30
57
84
92
125
142
124
105
84
69
67
66
94
117
144
144
111
95
70
52
50
45
40
52
75
133
167
145
120
97
67
38
29
38
50
68
66
70
92
94
106
85
65
68
71
25
28
0
-18
-23
-69
-48
-58
-43
-39
-39
-27
-9
-8
-4
22
30
49
48
46
11
-14
-61
-102
-93
-82
-79
-74
-51
-60
-58
-53
-50
-63
-93
-97
-81
-88
-52
-28
-31
-34
-54
-56
-62
-56
-71
-69
-62
-74
-75
-70
-84
-93
-102
-98
-105
-106
-95
-80
-89
-91
-70
-73
-56
-73
-110
-130
-149
-169
-141
-103
-78
-48
-48
-27
-1
0
2
-17
-52
-80
-72
-55
-16
27
21
29
36
35
6
-7
-36
-56
-48
-38
-30
-57
-81
-99
-110
-101
-84
-37
17
28
30
45
43
34
30
14
8
-13
-23
-1
1
24
45
53
54
53
55
72
103
104
97
92
85
89
92
112
100
99
99
101
122
115
134
136
107
113
114
122
147
130
128
123
136
187
180
171
123
76
64
44
73
95
117
159
196
238
230
155
70
-14
-87
-101
-55
9
59
127
170
202
201
162
132
57
0
-1
18
46
53
61
37
-10
-39
-46
-9
3
43
82
127
160
155
101
26
-38
-81
-76
-76
-69
-50
-40
-63
-67
-67
-43
21
28
47
49
34
-2
-23
-11
6
25
36
58
84
66
14
-29
-79
-102
-104
-95
-73
-31
-17
2
15
34
53
61
54
55
49
19
31
12
-33
-41
-41
-13
30
69
84
83
83
85
91
86
89
118
144
159
189
170
135
101
36
4
7
10
40
68
87
95
93
76
48
18
18
28
52
91
144
205
198
161
127
84
47
38
25
-19
-54
-48
5
60
87
128
154
151
135
117
97
87
47
36
44
25
34
42
35
13
34
24
-2
0
-5
7
45
48
47
58
39
21
3
13
34
46
45
24
-14
-76
-95
-72
-68
-37
22
41
53
34
-5
-15
4
28
57
73
70
50
11
-14
-55
-121
-163
-152
-126
-69
-28
4
41
64
61
27
-18
-63
-69
-74
-42
-14
-11
-2
-25
-32
-26
-15
-18
-17
-26
-28
-31
-40
-21
5
54
79
89
84
55
29
-20
-73
-107
-130
-122
-101
-90
-77
-55
-44
-32
-37
-65
-72
-73
-60
-37
-22
-40
-61
-79
-83
-83
-60
-43
-17
2
-26
-44
-67
-90
-69
-68
-18
32
60
88
54
11
-4
-41
-56
-39
-3
58
119
137
130
120
92
71
63
66
78
134
161
176
164
98
52
29
31
35
51
92
111
133
105
90
114
116
129
146
156
134
122
103
65
56
57
63
91
109
124
130
95
80
69
62
91
76
80
107
95
98
126
141
153
147
107
77
56
41
45
64
52
44
45
65
102
133
165
174
149
110
94
75
49
56
78
111
137
156
140
117
87
47
27
21
31
32
39
59
82
83
95
81
57
54
60
60
33
5
-19
-40
-55
-68
-79
-82
-98
-75
-68
-59
-37
-36
-17
0
14
-4
-5
-47
-64
-82
-110
-112
-95
-61
-32
-12
-31
-40
-51
-98
-112
-106
-95
-54
-14
-13
-19
-37
-81
-104
-105
-62
-6
20
53
67
59
16
-26
-19
2
27
45
56
81
98
70
36
23
11
15
37
60
74
75
67
47
33
18
13
42
64
72
80
98
103
93
77
52
56
66
63
92
128
128
132
113
84
74
55
67
94
104
138
168
167
159
156
161
162
166
166
152
144
139
132
116
88
98
118
138
151
126
94
98
99
119
117
114
143
152
147
148
135
94
73
40
28
39
53
65
83
115
134
131
118
87
83
59
68
89
80
84
101
96
118
122
96
69
39
18
9
22
15
40
67
76
86
98
128
134
134
109
91
73
87
114
118
142
155
168
188
139
112
117
106
90
67
59
82
102
135
158
168
203
200
197
176
134
97
65
71
110
157
199
205
220
214
205
201
179
157
155
162
188
177
173
175
172
172
154
157
162
151
169
167
173
161
143
164
145
153
131
123
155
163
169
145
125
112
123
154
187
219
216
185
152
118
98
105
128
135
142
149
161
185
184
180
194
193
164
145
136
118
113
115
129
147
163
181
168
168
170
186
204
159
149
143
126
126
129
127
127
144
143
142
163
168
165
175
178
209
210
209
217
195
221
224
208
234
235
240
240
214
197
186
193
198
177
178
178
194
203
176
180
174
148
113
119
131
150
164
162
200
208
189
171
150
117
63
57
56
63
83
61
77
97
105
117
129
99
71
29
1
12
-18
-30
-10
22
55
67
73
85
87
70
53
41
18
16
20
30
46
41
33
55
69
71
75
57
56
21
-8
8
17
49
68
66
64
63
71
76
78
56
58
63
73
81
83
67
55
52
39
56
46
32
44
50
50
52
70
72
53
46
46
60
67
59
64
69
73
59
36
40
45
34
20
36
69
81
76
68
50
33
29
16
10
9
0
10
35
34
42
37
49
73
62
44
28
20
36
62
67
94
83
83
71
44
44
33
18
25
25
19
12
-5
-20
-2
2
0
0
-13
-17
-23
-40
-44
-41
-29
-46
-42
-21
-26
-7
-5
5
-3
-32
-57
-81
-93
-102
-83
-53
-12
10
-6
-20
-35
-57
-50
-48
-56
-58
-42
-10
-13
-2
9
0
1
-21
-8
-5
-25
-2
-20
-2
-8
-52
-29
-6
-12
19
28
60
64
36
22
0
-23
-57
-53
-27
-16
9
17
26
32
26
53
56
50
37
18
21
25
16
43
31
36
57
77
96
78
58
28
-2
-23
-35
-15
-7
-24
-12
1
18
4
-15
-34
-31
-40
-34
-32
-33
-29
-22
4
26
53
50
58
55
59
51
55
55
64
78
69
62
40
25
-9
-28
-21
-8
17
36
57
76
78
82
83
77
75
75
103
109
104
122
129
131
141
158
171
174
162
159
135
121
105
68
38
38
69
92
113
118
125
106
93
95
73
73
60
67
74
85
93
77
63
53
44
42
46
31
52
63
64
77
57
36
17
9
-1
8
8
4
-2
-11
-14
-40
-52
-65
-76
-72
-56
-56
-44
-46
-46
-52
-77
-91
-93
-85
-77
-48
-55
-65
-74
-108
-105
-101
-111
-93
-81
-88
-90
-81
-97
-114
-129
-126
-93
-74
-44
-7
3
-13
-9
-21
-21
-38
-59
-57
-54
-44
-40
-50
-30
-21
-4
37
48
34
24
16
16
6
5
27
28
42
50
46
51
14
-12
1
8
13
17
12
38
61
57
58
60
50
38
36
25
32
57
40
35
42
40
56
59
42
22
25
19
39
38
11
6
-17
-24
-26
-44
-40
-34
-40
-48
-62
-65
-83
-97
-82
-85
-82
-72
-64
-31
-22
-54
-59
-96
-110
-106
-110
-77
-42
-27
-29
-23
-38
-53
-66
-79
-69
-58
-48
-24
-39
-32
-19
-9
0
-13
-21
-20
-15
-39
-40
-9
4
-4
1
3
5
-10
-27
-20
-8
11
32
42
44
24
-5
-8
-21
-2
4
3
-9
-9
11
10
18
4
7
-3
21
42
34
51
35
23
24
22
-3
21
2
1
23
18
34
6
-4
-7
-17
-29
-35
-41
-43
-48
-63
-73
-68
-78
-80
-91
-92
-95
-103
-95
-91
-77
-65
-64
-41
-54
-59
-60
-75
-81
-66
-70
-60
-28
-47
-32
-27
-33
-5
-3
1
4
16
35
33
45
62
88
86
80
96
101
94
102
104
120
154
159
165
164
155
144
139
133
128
129
116
113
121
154
168
162
139
144
132
127
126
122
122
136
119
114
121
112
119
114
103
98
90
57
38
61
69
64
79
92
83
63
38
16
14
2
-1
14
32
35
42
35
32
46
46
37
39
32
18
36
51
60
71
60
57
50
51
65
71
53
53
29
0
11
-14
-9
0
13
40
27
16
18
-5
-1
9
8
37
56
64
67
58
37
33
20
29
42
48
36
35
35
26
37
18
16
4
-4
-5
-8
-8
-24
-34
-27
-28
-14
3
-3
-9
-2
-5
-2
2
-17
-37
-45
-55
-42
-26
-6
1
15
-2
-21
-16
-13
-22
-20
-20
-9
-2
-13
-34
-71
-81
-74
-57
-36
-23
11
18
8
11
-7
-6
-6
-9
3
-2
16
23
29
47
53
69
70
65
73
61
48
34
33
24
23
29
18
9
5
29
40
32
26
19
10
12
14
7
11
15
29
43
44
35
37
20
19
29
24
32
29
16
28
12
3
1
-16
-16
-56
-76
-79
-67
-53
-33
-4
7
-23
-39
-33
-52
-30
-10
-20
0
9
1
6
16
10
28
49
38
36
48
17
11
19
-8
14
22
32
44
37
22
53
48
52
67
52
59
66
74
71
40
19
12
10
27
38
61
72
58
68
78
49
54
68
56
52
20
-7
-4
-4
-11
7
26
12
23
48
47
68
67
48
40
25
30
49
39
7
15
11
2
23
21
25
50
28
25
45
18
20
28
17
40
47
50
49
24
12
10
5
3
-17
-14
-14
-24
-17
-6
-14
-25
-4
-13
-8
3
19
18
-4
-9
-11
-12
-6
-22
-16
-20
-56
-49
-43
-46
-63
-73
-45
-28
-28
-11
-7
-7
-10
-22
-18
0
-19
-40
-50
-58
-39
-28
-26
-19
-21
-27
-2
2
5
13
-14
-54
-68
-64
-52
-42
-30
-32
-37
-27
-19
-9
-16
-19
-19
-15
-9
-15
-15
1
1
-8
2
12
33
56
46
63
63
48
52
50
52
47
65
61
47
42
29
23
27
23
35
44
31
43
54
45
38
33
35
24
10
3
5
8
18
34
27
25
11
7
-4
-22
-32
-33
-57
-79
-73
-88
-94
-100
-124
-108
-102
-82
-82
-101
-110
-139
-163
-170
-151
-153
-156
-165
-169
-147
-152
-136
-119
-131
-141
-140
-125
-102
-95
-104
-109
-119
-125
-122
-124
-115
-111
-106
-82
-86
-88
-85
-87
-81
-93
-80
-88
-89
-102
-109
-104
-113
-92
-82
-76
-83
-90
-86
-72
-77
-89
-98
-114
-134
-121
-99
-67
-54
-72
-79
-92
-88
-71
-54
-39
-43
-58
-48
-47
-73
-91
-117
-124
-126
-130
-108
-78
-63
-76
-78
-70
-81
-77
-84
-92
-87
-72
-78
-80
-70
-95
-93
-95
-87
-53
-33
-21
-1
-13
-21
-23
-29
-11
-12
-21
-21
-14
-6
-7
9
8
-6
6
11
27
35
21
10
-14
-36
-30
-29
-29
-20
-12
12
19
18
50
47
48
45
35
33
23
21
49
55
42
64
66
75
75
48
52
50
33
37
42
40
33
29
0
-13
-33
-27
-23
-23
-24
-29
-20
-17
-3
4
8
18
22
24
22
5
-2
-22
-23
-23
-8
5
7
19
8
-7
-16
-25
-35
-54
-43
-30
-32
-20
-35
-23
-17
-35
-46
-47
-70
-75
-85
-94
-64
-73
-91
-89
-89
-88
-91
-84
-85
-67
-70
-86
-59
-50
-38
-42
-43
-28
-33
-29
-28
-25
-30
-43
-32
-5
-2
14
-1
-8
-20
-68
-84
-90
-103
-96
-70
-72
-70
-63
-55
-58
-57
-44
-53
-45
-36
-37
-24
-29
-26
-9
-12
-23
-26
-30
-35
-28
-27
-39
-24
-35
-30
-31
-48
-39
-32
-19
-14
-5
-11
-15
-25
-37
-19
-10
-3
9
-4
-20
-20
-37
-41
-46
-44
-36
-36
-39
-51
-61
-72
-70
-60
-67
-69
-54
-63
-67
-54
-46
-38
-28
-23
-12
-8
-8
-1
8
13
-6
-13
-13
-12
-4
-3
-17
-20
-36
-57
-53
-33
-27
-25
-31
-28
-24
-30
-25
-22
-44
-52
-66
-63
-50
-62
-46
-54
-81
-71
-68
-63
-53
-49
-47
-43
-48
-52
-61
-81
-111
-111
-92
-94
-87
-81
-87
-72
-92
-84
-72
-105
-101
-94
-120
-124
-131
-117
-109
-113
-95
-87
-86
-94
-101
-101
-111
-99
-95
-86
-72
-88
-81
-108
-115
-105
-106
-87
-92
-100
-84
-80
-72
-79
-87
-74
-94
-84
-90
-91
-78
-78
-78
-82
-73
-72
-66
-68
-58
-59
-89
-107
-116
-111
-110
-94
-90
-106
-95
-76
-58
-29
-28
-17
8
10
23
27
12
34
35
39
40
27
59
63
62
93
92
101
108
109
140
170
194
190
208
211
216
210
190
209
220
203
195
184
174
166
138
377
468
423
371
297
205
98
41
-6
-47
-4
121
118
112
114
94
85
66
15
3
-9
-28
-36
-67
-64
-47
-49
-17
-16
-48
-47
-46
16
27
3
1
-2
7
-6
-19
-27
-69
-76
-66
-78
-52
-23
-9
13
-8
-44
-69
-70
-31
-3
19
23
22
12
30
28
25
15
-13
-35
-38
-52
-39
-22
-35
-35
-54
-77
-104
-124
-127
-121
-119
-98
-103
-85
-75
-81
-96
-125
-129
-117
-109
-76
-51
-50
-72
-70
-44
-35
-16
-12
12
33
61
45
31
15
20
23
2
2
-20
-6
-1
4
14
20
35
67
51
38
35
6
4
-18
-46
-31
-28
-17
7
4
-19
-42
-45
-38
-45
-65
-75
-76
-62
-52
-55
-50
-57
-70
-76
-51
-34
-48
-52
-38
-49
-61
-53
-56
-68
-58
-39
-8
27
29
26
2
-7
-20
-15
9
19
14
1
-18
-21
-24
-19
-7
-6
0
8
-4
-3
-16
-15
-21
-38
-41
-48
-33
-14
-11
-19
-21
-48
-33
-20
-41
-34
-23
-23
-21
-19
-5
-3
-23
-29
-17
-13
-19
-27
-25
-16
-21
-16
-5
-13
-29
-10
14
34
28
9
-8
-38
-65
-98
-87
-65
-80
-79
-79
-82
-75
-62
-40
-29
-14
-26
-11
3
-8
-6
-27
-32
-24
-33
-45
-41
-58
-68
-55
-67
-64
-45
-28
-22
-13
0
15
41
46
46
38
39
35
23
41
41
36
49
74
60
70
83
76
67
53
47
63
62
30
23
-1
2
13
13
32
42
36
39
59
64
62
83
88
100
120
126
135
136
123
113
115
109
110
97
92
91
96
99
99
104
82
74
73
67
68
60
64
52
57
44
30
33
25
20
17
16
11
10
-10
4
9
-5
-5
-10
3
9
28
32
46
67
59
58
65
65
59
39
36
43
25
20
17
-1
6
35
37
68
72
72
71
77
75
60
55
46
32
40
34
26
27
21
25
29
29
39
47
56
62
45
37
21
-1
-11
-9
-23
-24
-10
-10
0
-5
-25
-19
-20
-34
-16
-22
-35
-36
-30
-24
-22
1
9
21
25
21
28
21
15
12
14
3
13
16
7
5
-6
-1
20
37
48
31
30
21
19
25
16
3
2
8
0
1
6
35
43
35
29
26
20
18
27
29
41
47
39
23
17
3
-2
8
6
21
38
30
39
34
39
65
69
93
114
113
114
103
82
92
87
59
46
42
38
52
45
38
36
30
15
21
18
11
-1
-23
-6
3
18
23
18
10
-23
-25
-26
-16
3
3
12
16
25
34
39
45
85
81
95
113
82
90
100
96
112
113
118
138
115
103
108
106
131
137
140
136
139
151
141
153
146
127
113
99
90
77
77
69
59
62
51
45
55
50
62
59
47
53
25
-3
4
-15
-18
0
16
29
32
23
13
8
26
33
56
77
70
69
69
67
72
82
96
102
106
92
101
83
62
73
87
100
114
113
115
94
77
64
60
74
73
71
71
73
50
46
56
46
21
10
16
32
35
22
17
18
20
36
67
84
109
113
103
99
78
52
60
60
59
44
45
73
70
75
75
79
61
67
74
88
104
109
111
93
87
77
78
79
76
88
76
36
24
12
-12
0
-20
4
14
-11
-3
-34
-53
-33
-32
-15
0
-31
-22
-25
-33
-4
12
24
22
38
41
23
28
35
45
61
42
47
41
32
45
21
24
33
36
47
47
50
62
51
40
54
61
73
92
89
96
87
79
71
61
51
53
66
74
58
39
47
43
47
41
18
15
16
21
9
2
2
-15
-3
-17
-24
-19
-26
-10
-21
-21
-5
4
18
25
28
29
25
34
23
18
13
13
11
23
16
5
-4
-14
-21
-39
-49
-69
-60
-46
-46
-51
-72
-93
-94
-96
-94
-76
-88
-100
-87
-90
-83
-62
-74
-91
-102
-125
-129
-110
-103
-90
-86
-98
-71
-78
-82
-81
-78
-92
-80
-53
-58
-45
-78
-106
-110
-100
-83
-84
-82
-76
-75
-80
-70
-61
-93
-116
-126
-123
-107
-82
-74
-64
-59
-74
-69
-86
-84
-57
-52
-48
-50
-76
-103
-125
-135
-131
-114
-100
-111
-115
-109
-111
-88
-89
-74
-82
-87
-71
-72
-60
-60
-61
-50
-55
-53
-41
-19
0
5
15
5
0
-3
10
25
59
62
50
48
64
62
31
25
16
19
35
