7
18
22
9
7
20
24
12
7
0
-15
-13
-19
-27
-28
-33
-29
-38
-33
-35
-40
-51
-53
-43
-38
-31
-34
-24
-6
-16
-6
9
3
17
19
10
13
20
24
24
18
40
40
25
35
41
46
62
68
73
78
65
75
68
76
73
80
81
83
88
84
73
58
56
35
30
25
33
32
36
21
5
11
8
4
-16
-20
-20
-35
-42
-42
-42
-53
-48
-50
-58
-67
-85
-77
-89
-107
-103
-103
-107
-109
-117
-129
-144
-162
-167
-176
-175
-166
-156
-149
-130
-120
-123
-118
-110
-91
-76
-76
-58
-42
-41
-34
-29
-14
-20
-18
-7
4
6
9
22
25
28
27
23
33
40
54
70
65
52
31
22
19
26
20
22
29
38
36
30
25
18
-1
-5
6
18
17
12
20
14
5
4
11
8
-1
-3
-1
-10
-17
-13
8
-1
-7
-2
-9
0
4
15
9
7
10
18
-7
-9
-1
-7
-5
5
11
32
34
48
59
64
62
75
78
92
99
94
83
74
68
78
91
85
92
81
93
79
79
87
79
85
81
69
76
75
80
73
67
77
77
98
85
75
66
53
63
63
64
69
61
52
53
38
27
21
19
11
-2
16
29
39
53
43
31
18
8
14
30
24
26
23
9
0
-6
0
-12
-19
2
14
22
20
15
17
7
-5
-10
-9
0
-5
-8
7
-2
-15
-12
-13
-8
-4
-18
-30
-40
-36
-46
-50
-47
-51
-20
-17
-17
-14
-30
-38
-41
-49
-30
-24
-31
-31
-35
-32
-27
-11
-9
-16
-27
-35
-38
-35
-28
-21
-26
-23
-22
5
21
25
40
36
45
30
37
46
46
44
40
53
58
57
52
69
83
81
67
62
47
24
20
10
20
29
5
6
3
3
3
6
7
2
5
1
14
23
26
39
34
34
45
49
64
67
53
53
56
65
69
67
81
80
81
79
90
89
86
80
84
90
80
79
84
74
72
70
63
57
63
68
74
76
76
69
55
46
22
40
52
46
40
26
19
8
-15
-12
1
4
8
0
6
-2
-14
-12
-12
-9
1
-4
-12
-20
-23
-19
-19
-34
-38
-21
-12
-8
-8
-9
-18
-34
-40
-31
-22
-30
-52
-58
-58
-64
-57
-48
-49
-37
-38
-41
-38
-41
-39
-32
-15
-12
-7
-8
-27
-26
-28
-20
-36
-41
-27
3
5
22
32
37
46
39
54
52
61
50
51
57
42
31
37
27
38
46
66
78
90
87
68
75
64
68
71
69
55
46
44
41
35
47
56
62
55
43
42
52
48
52
49
42
62
69
65
45
39
26
36
45
34
43
50
48
35
42
56
62
48
47
48
47
60
53
54
35
29
26
28
31
36
53
62
73
81
73
72
75
67
47
38
42
33
27
42
34
33
27
17
25
25
33
26
28
25
26
33
32
18
6
4
2
1
0
-7
-11
-14
-32
-39
-34
-14
-16
-27
-23
-18
-28
-32
-40
-41
-44
-45
-48
-32
-13
-11
-2
-1
0
1
14
20
34
41
57
63
62
67
62
62
74
80
61
62
71
74
59
52
55
59
61
70
70
80
68
78
86
86
85
85
94
91
83
67
53
46
41
24
21
14
-10
-13
0
-10
-25
-25
-10
5
8
0
9
4
-7
-11
-18
-10
-21
-22
-19
-15
-19
-36
-32
-36
-30
-21
-5
12
21
19
5
8
4
8
8
16
21
23
26
30
35
28
18
24
30
29
34
51
61
66
66
72
73
69
66
77
63
50
56
47
42
31
20
26
23
22
1
-10
-20
-44
-32
-53
-69
-76
-98
-92
-90
-85
-84
-74
-72
-75
-82
-70
-73
-79
-71
-61
-43
-53
-46
-33
-35
-44
-30
-17
-7
9
8
10
9
-3
-12
-13
-2
-6
2
18
17
30
23
25
30
32
54
73
81
83
77
73
74
74
82
81
85
78
73
64
56
65
77
77
86
81
77
72
69
67
53
49
29
21
19
15
0
-16
-36
-40
-32
-42
-38
-28
-46
-44
-42
-53
-52
-47
-60
-73
-64
-54
-51
-53
-56
-69
-64
-56
-51
-34
-23
-16
-15
3
12
-3
-14
-11
-26
-53
-37
-33
-30
-27
-27
-24
-26
-35
-25
-10
-26
-33
-15
7
-9
-15
-22
-23
-19
-37
-37
-40
-46
-59
-76
-78
-88
-97
-105
-106
-123
-128
-131
-123
-121
-113
-98
-82
-85
-83
-77
-74
-71
-76
-60
-67
-69
-75
-73
-75
-75
-70
-66
-54
-39
-19
-24
-17
-8
-14
-21
-23
-18
-16
-17
-40
-29
-16
-22
-30
-21
-16
-28
-32
-35
-30
-31
-35
-24
-19
-47
-63
-63
-68
-64
-75
-64
-64
-72
-70
-56
-38
-47
-49
-51
-54
-43
-48
-43
-42
-47
-50
-53
-43
-44
-39
-47
-46
-46
-60
-39
-36
-49
-48
-64
-67
-71
-65
-66
-71
-84
-75
-72
-71
-74
-79
-74
-80
-76
-70
-55
-61
-47
-28
-27
-34
-32
-25
-38
-47
-40
-52
-64
-77
-70
-62
-71
-76
-77
-74
-79
-76
-72
-74
-81
-86
-104
-104
-107
-115
-112
-92
-104
-112
-98
-106
-113
-101
-98
-89
-98
-105
-96
-107
-112
-107
-101
-93
-79
-65
-57
-58
-76
-80
-55
-52
-43
-28
-17
-15
-25
-29
-25
-22
-28
-30
-41
-24
-17
-6
2
1
9
-3
-4
1
5
12
16
20
29
23
2
-6
-19
-26
-28
-20
-18
-27
-31
-38
-40
-39
-49
-52
-55
-58
-65
-67
-59
-58
-62
-70
-83
-67
-55
-70
-69
-58
-52
-58
-59
-68
-76
-98
-110
-111
-110
-99
-93
-71
-57
-57
-47
-42
-34
-18
-6
-20
-34
-49
-68
-61
-49
-32
-30
-58
-52
-41
-29
-20
-19
-5
-6
2
16
16
11
7
-8
-6
0
22
27
4
-10
-25
-36
-32
-42
-45
-47
-45
-58
-51
-45
-34
-30
-42
-37
-30
-24
-30
-38
-46
-40
-46
-32
-26
-29
-17
-26
-37
-24
-14
-12
-13
-12
-4
-11
-23
-39
-34
-17
-21
-18
-10
-11
-9
-1
7
10
1
-4
-8
5
15
25
25
13
7
-7
10
7
4
1
1
2
10
41
39
38
25
10
-7
-5
-9
-17
-27
-50
-44
-38
-25
-43
-65
-57
-56
-54
-41
-17
-5
-21
-49
-55
-39
-37
-25
-15
-14
-11
-29
-10
-5
1
8
17
31
27
49
59
50
50
56
53
40
27
33
28
25
21
32
45
53
60
66
77
81
77
72
86
74
67
77
72
55
45
54
67
49
41
42
40
31
26
28
37
24
1
0
-1
-9
-20
-24
-30
-36
-43
-25
-9
-11
-34
-43
-42
-45
-28
-28
-39
-52
-62
-52
-41
-31
-32
-43
-36
-32
-25
-17
-16
-19
-36
-23
-9
18
32
27
22
6
11
24
27
18
12
24
32
28
38
39
30
8
14
34
48
53
39
21
-2
-1
-1
9
0
2
3
-3
-7
-23
-18
-16
-31
-34
-37
-42
-45
-51
-51
-52
-41
-27
-13
-7
-18
-22
-31
-35
-42
-23
0
9
28
20
14
6
2
10
31
35
49
57
60
64
62
71
65
55
70
83
83
71
65
78
63
58
79
72
61
44
45
55
70
69
47
37
15
9
30
46
35
9
-5
-7
-13
-9
-7
-25
-35
-47
-34
-21
-16
-20
-28
-31
-16
-10
13
4
-7
-5
8
15
-1
6
-3
-13
-18
-20
-14
-3
-2
-11
-17
-21
-37
-34
-29
-17
-3
-8
-7
-8
-8
-27
-34
-39
-51
-55
-45
-19
-9
-8
0
-22
-19
-19
-23
-26
-33
-51
-62
-52
-60
-46
-46
-60
-43
-15
3
2
-2
-9
-16
-16
-19
-27
-27
-30
-37
-28
-14
-11
-1
3
19
24
29
37
41
40
34
33
33
21
23
9
-15
-15
-23
-14
-6
4
2
13
22
27
38
62
46
43
32
30
22
7
-3
-20
-29
-27
-30
-34
1
-7
-6
-17
-22
-9
-16
-5
-14
-12
-25
-34
-33
-27
-39
-54
-73
-72
-52
-53
-28
-27
-36
-30
-17
4
9
22
16
10
6
6
8
14
-14
-21
-18
-8
1
7
-7
-25
-11
-2
13
23
14
-13
-25
-11
3
8
26
11
-1
-10
-7
5
20
15
-16
-30
-21
-15
-22
-26
-53
-83
-106
-101
-77
-76
-84
-106
-116
-110
-103
-80
-64
-66
-76
-73
-71
-49
-35
-41
-58
-75
-94
-101
-88
-79
-63
-67
-63
-69
-60
-37
4
14
0
5
1
3
25
28
31
19
-2
-29
-6
24
25
9
-2
-12
1
36
74
97
79
66
49
69
86
95
81
49
29
17
35
76
83
62
38
40
73
85
94
81
49
27
32
47
61
60
26
5
-7
5
-2
6
-6
-15
-40
-45
-48
-53
-73
-83
-77
-61
-70
-66
-72
-99
-109
-127
-111
-102
-107
-111
-120
-126
-120
-103
-89
-100
-110
-122
-117
-122
-140
-144
-147
-163
-159
-112
-94
-93
-99
-96
-82
-62
-41
-15
-6
-15
-11
4
9
10
13
4
-9
-9
-3
12
11
0
4
-2
16
41
55
68
51
28
13
9
20
10
4
-26
-55
-65
-67
-54
-46
-48
-53
-54
-47
-46
-33
-29
-48
-62
-74
-76
-54
-55
-72
-97
-110
-101
-109
-109
-109
-102
-93
-95
-81
-62
-64
-97
-98
-89
-79
-73
-68
-64
-77
-77
-47
-16
6
18
13
14
11
9
23
25
2
-24
-23
3
3
10
-6
-15
-25
-17
-10
-2
6
-6
-10
-7
7
12
-13
-12
-28
-51
-50
-63
-68
-89
-87
-93
-83
-60
-51
-35
-38
-44
-24
-6
6
15
29
29
19
16
3
-4
-9
4
8
24
27
17
11
-7
-17
1
25
32
15
15
31
29
37
47
26
10
-1
-9
-2
10
4
5
4
-10
-7
-1
-12
-16
-38
-59
-47
-39
-31
-20
-23
-30
-30
-21
-22
-23
-11
-19
-27
-22
-21
-17
-20
-40
-52
-58
-35
-20
-13
-11
-35
-51
-52
-14
-17
-25
-25
-25
-17
-6
18
22
16
-2
1
21
17
18
14
-3
-11
-27
-27
-15
-5
-21
-32
-24
-11
-3
4
5
1
-4
-5
12
20
17
5
11
7
8
12
17
8
5
5
12
20
22
30
18
17
16
16
-2
4
16
19
3
-1
-1
-11
-12
-24
-15
-26
-26
-27
-28
-29
-28
-19
-29
-14
-14
-27
-22
-26
-18
-13
-3
0
-14
-12
-24
-8
-13
-14
-7
-16
-8
-11
2
4
-3
-9
-10
-9
-8
13
14
21
4
0
-6
-8
-8
-4
-12
-39
-58
-57
-58
-63
-62
-52
-46
-49
-41
-28
-26
-33
-40
-37
-48
-41
-43
-47
-55
-75
-77
-58
-60
-55
-61
-46
-42
-51
-28
-24
4
4
-1
22
15
10
30
33
45
30
33
51
58
61
48
54
43
41
42
51
42
38
37
59
47
41
46
44
37
28
46
63
35
20
12
13
-1
-20
-17
-35
-38
-33
-35
-46
-58
-59
-48
-42
-29
-34
-49
-69
-78
-66
-63
-35
-47
-43
-48
-44
-32
-24
-14
-29
-28
-28
5
12
18
12
9
-10
-5
15
15
7
-4
-11
-13
-10
5
35
17
-4
-10
6
-4
15
17
16
-7
-24
-25
-12
-16
-37
-49
-45
-60
-68
-52
-41
-49
-81
-90
-84
-75
-61
-60
-60
-72
-79
-72
-66
-66
-68
-79
-67
-77
-96
-88
-83
-72
-92
-78
-73
-53
-36
-16
-8
-26
-61
-50
-39
-47
-42
-29
-31
-47
-27
-4
9
-6
-15
-22
-35
-46
-39
-24
-29
-48
-53
-47
-52
-52
-64
-70
-76
-97
-97
-89
-79
-98
-113
-101
-114
-114
-119
-105
-107
-119
-118
-129
-119
-145
-164
-170
-195
-209
-202
-186
-188
-196
-206
-226
-230
-229
-223
-229
-226
-232
-224
-241
-240
-219
-223
-224
-233
-250
-256
-247
-248
-246
-258
-294
-289
-281
-282
-258
-262
-260
-236
-242
-246
-235
-236
-250
-268
-245
-231
-210
-180
-161
-166
-183
-189
-165
-163
-162
-173
-172
-184
-189
-173
-161
-163
-193
-184
-165
-161
-146
-130
-120
-129
-131
-138
-136
-136
-150
-166
-190
-195
-202
-201
-201
-199
-202
-206
-215
-219
-213
-191
-196
-214
-221
-221
-223
-206
-199
-217
-247
-257
-255
-228
-224
-218
-209
-212
-226
-212
-207
-207
-198
-226
-228
-216
-202
-188
-188
-166
-178
-184
-187
-185
-170
-168
-163
-172
-168
-160
-155
-140
-144
-145
-151
-158
-170
-159
-149
-161
-164
-185
-189
-193
-198
-188
-189
-208
-227
-225
-234
-243
-249
-259
-271
-291
-284
-286
-275
-268
-250
-231
-231
-220
-202
-192
-181
-194
-178
-176
-182
-173
-182
-173
-157
-154
-150
-148
-120
-111
-105
-86
-78
-58
-43
-45
-48
-23
-25
-21
-20
-44
-47
-57
-43
-41
-37
-27
-39
-40
-30
-30
-42
-31
-37
-43
-30
-22
-24
-15
-46
-70
-81
-76
-63
-77
-64
-103
-109
-129
-125
-120
-139
-145
-166
-161
-143
-152
-157
-149
-156
-161
-139
-115
-97
-89
-89
-91
-90
-98
-101
-101
-95
-103
-110
-132
-103
-90
-97
-97
-97
-88
-100
-80
-71
-67
-63
-71
-55
-59
-55
-57
-65
-80
-99
-102
-98
-96
-105
-103
-99
-99
-87
-88
-84
-84
-86
-72
-56
-46
-32
-52
-46
-52
-57
-34
-29
-19
-25
-21
9
23
33
32
47
43
55
56
76
86
89
96
106
138
132
124
126
129
126
132
136
151
119
106
99
70
74
62
40
23
12
3
-7
-9
-11
-31
-60
-95
-104
-112
-118
-124
-148
-170
-198
-207
-204
-208
-218
-245
-261
-278
-297
-299
-303
-318
-326
-335
-326
-332
-313
-305
-306
-302
-308
-288
-278
-256
-232
-216
-199
-174
-153
-116
-102
-78
-66
-56
-22
2
30
65
98
112
138
159
196
223
252
282
316
338
367
398
436
460
461
474
488
500
509
509
528
532
536
539
563
567
564
554
551
567
558
560
563
545
499
474
468
435
399
361
321
307
262
241
231
202
168
135
109
88
53
15
-18
-44
-69
-105
-120
-131
-166
-200
-229
-270
-306
-326
-363
-390
-444
-489
-515
-540
-588
-627
-663
-713
-753
-789
-796
-817
-830
-840
-835
-843
-842
-822
-791
-756
-740
-692
-621
-579
-534
-488
-439
-385
-346
-295
-255
-212
-171
-122
-72
-22
32
92
155
203
265
329
373
432
483
524
597
655
710
780
838
900
963
1021
1072
1123
1159
1227
1302
1348
1381
1416
1436
1440
1439
1452
1437
1402
1337
1271
1202
1127
1054
961
850
711
574
448
345
211
63
-125
-277
-438
-569
-669
-791
-925
-1059
-1202
-1289
-1330
-1358
-1404
-1460
-1483
-1481
-1427
-1348
-1280
-1224
-1179
-1113
-1020
-896
-764
-650
-536
-462
-364
-231
-113
-5
52
101
159
219
288
349
390
407
396
391
381
390
363
336
270
211
175
145
125
101
75
48
52
71
92
132
170
196
217
237
274
296
304
314
336
339
359
428
518
584
657
729
824
929
1033
1166
1258
1359
1425
1487
1571
1657
1733
1790
1828
1839
1826
1834
1835
1802
1716
1583
1442
1307
1193
1047
875
664
447
228
11
-184
-387
-580
-795
-1001
-1161
-1284
-1394
-1528
-1627
-1734
-1814
-1861
-1857
-1823
-1800
-1769
-1725
-1661
-1582
-1474
-1363
-1242
-1152
-1024
-867
-727
-573
-423
-273
-134
-35
56
168
277
364
415
453
486
513
523
545
551
529
496
494
478
454
427
392
341
280
237
228
218
187
166
145
107
86
63
51
38
-15
-46
-37
-24
-18
15
72
127
183
250
342
442
535
654
793
914
1043
1167
1302
1411
1502
1609
1733
1832
1917
2022
2104
2158
2192
2210
2195
2141
2050
1941
1820
1683
1523
1360
1185
969
746
520
279
40
-175
-393
-612
-810
-982
-1132
-1308
-1476
-1613
-1731
-1839
-1907
-1957
-1990
-2025
-2027
-2005
-1950
-1881
-1825
-1737
-1640
-1526
-1382
-1205
-1046
-894
-739
-595
-423
-279
-139
10
108
194
264
353
422
458
482
475
460
466
492
491
477
438
401
358
337
303
292
268
208
177
157
176
172
139
110
71
53
32
33
41
24
13
20
64
140
203
275
332
379
460
582
725
870
980
1121
1255
1401
1529
1666
1782
1868
1960
2056
2176
2261
2319
2338
2331
2273
2197
2087
1984
1831
1668
1473
1276
1048
797
522
254
-32
-307
-559
-823
-1037
-1241
-1435
-1653
-1858
-2060
-2221
-2337
-2447
-2534
-2592
-2627
-2663
-2653
-2605
-2532
-2439
-2339
-2203
-2041
-1833
-1631
-1414
-1179
-988
-774
-569
-371
-197
-59
97
211
321
420
524
605
629
635
651
685
701
711
729
737
738
739
775
786
793
779
765
760
741
727
695
648
590
524
466
431
402
385
352
304
287
284
303
323
341
365
370
407
459
553
648
748
849
942
1079
1217
1329
1454
1563
1665
1759
1852
1958
2026
2076
2082
2067
1985
1863
1750
1624
1482
1303
1099
866
620
372
105
-175
-484
-749
-1018
-1257
-1445
-1629
-1801
-1986
-2206
-2357
-2468
-2555
-2642
-2729
-2759
-2784
-2762
-2718
-2621
-2511
-2411
-2298
-2137
-1942
-1699
-1464
-1214
-976
-756
-501
-262
-47
116
243
362
461
587
691
776
811
786
779
781
784
787
775
765
740
718
725
723
723
680
641
593
566
545
509
472
401
337
282
244
230
202
168
125
60
36
16
16
9
-5
-9
5
56
146
244
352
456
564
690
850
1045
1216
1389
1543
1701
1859
2006
2159
2260
2353
2390
2419
2400
2326
2243
2107
1960
1779
1542
1307
1017
714
411
120
-150
-427
-707
-1009
-1262
-1492
-1705
-1918
-2136
-2353
-2545
-2680
-2800
-2898
-2973
-3052
-3078
-3085
-3027
-2918
-2802
-2660
-2509
-2330
-2072
-1775
-1470
-1190
-916
-651
-425
-192
29
238
398
496
593
679
757
821
846
842
818
810
817
828
846
838
820
818
828
845
860
837
771
709
662
600
543
448
351
245
162
118
97
43
-9
-86
-145
-180
-212
-235
-302
-343
-382
-385
-342
-279
-205
-124
-36
93
219
396
603
794
996
1177
1388
1621
1818
1979
2122
2240
2321
2420
2477
2508
2453
2339
2234
2105
1966
1790
1558
1248
924
603
331
53
-238
-551
-875
-1192
-1440
-1657
-1863
-2089
-2362
-2573
-2710
-2773
-2836
-2906
-2984
-3058
-3084
-3011
-2859
-2713
-2580
-2450
-2276
-2040
-1732
-1374
-1083
-842
-638
-400
-142
121
340
488
578
642
722
843
968
1022
1028
987
949
932
977
1009
984
897
799
766
749
750
738
702
615
528
475
463
408
324
193
69
-52
-134
-127
-174
-236
-370
-499
-569
-660
-693
-737
-799
-836
-882
-835
-756
-666
-582
-498
-351
-166
49
298
510
723
900
1099
1344
1599
1839
2029
2167
2287
2398
2525
2679
2742
2731
2626
2516
2405
2282
2131
1868
1557
1238
903
626
337
46
-307
-709
-1099
-1393
-1638
-1867
-2121
-2400
-2653
-2861
-2969
-3018
-3067
-3146
-3218
-3205
-3130
-3008
-2830
-2652
-2497
-2333
-2106
-1752
-1400
-1082
-786
-538
-284
-60
220
492
658
733
773
828
914
982
1073
1107
1039
971
943
964
947
899
857
763
660
626
626
667
612
509
427
338
293
228
184
95
-84
-205
-289
-318
-361
-479
-548
-695
-806
-868
-894
-910
-1011
-1065
-1070
-1033
-939
-818
-665
-527
-394
-194
71
353
648
891
1161
1415
1658
1958
2223
2480
2658
2818
2999
3117
3260
3361
3396
3339
3192
3054
2939
2757
2484
2117
1751
1370
956
598
248
-140
-581
-1037
-1400
-1703
-2009
-2255
-2527
-2766
-3048
-3206
-3249
-3327
-3424
-3523
-3538
-3495
-3459
-3294
-3031
-2822
-2636
-2406
-2029
-1604
-1248
-854
-484
-161
85
338
653
866
961
1045
1095
1136
1120
1151
1211
1114
988
898
898
861
752
708
665
527
398
335
392
362
274
253
211
165
54
-15
-36
-177
-356
-458
-507
-533
-610
-622
-677
-821
-935
-982
-964
-1044
-1139
-1136
-1119
-1084
-977
-798
-611
-469
-304
-4
296
586
883
1246
1573
1824
2100
2412
2713
2912
3085
3275
3425
3538
3656
3756
3817
3709
3561
3381
3201
2934
2596
2179
1704
1225
734
270
-158
-618
-1099
-1573
-2004
-2346
-2661
-2931
-3195
-3422
-3646
-3774
-3780
-3775
-3830
-3866
-3863
-3785
-3680
-3471
-3146
-2856
-2617
-2341
-1921
-1380
-931
-500
-50
320
621
906
1244
1490
1536
1552
1561
1542
1476
1402
1374
1210
992
860
793
732
579
456
385
217
71
6
36
52
-50
-45
1
-8
-62
-138
-153
-292
-502
-590
-631
-685
-783
-824
-834
-955
-1032
-1032
-1037
-1071
-1166
-1148
-1031
-967
-808
-582
-315
-90
118
494
874
1226
1549
1941
2362
2646
2947
3278
3582
3798
3940
4119
4247
4276
4279
4308
4215
3958
3594
3271
2884
2350
1751
1204
612
-43
-711
-1239
-1712
-2254
-2747
-3159
-3446
-3723
-3965
-4120
-4208
-4374
-4476
-4438
-4312
-4261
-4197
-4006
-3744
-3554
-3315
-2930
-2485
-2132
-1761
-1237
-643
-132
324
827
1296
1599
1861
2127
2329
2338
2262
2223
2106
1852
1613
1425
1237
906
648
526
355
85
-139
-250
-373
-603
-756
-768
-829
-914
-948
-813
-688
-662
-546
-422
-350
-368
-414
-414
-601
-830
-961
-991
-1001
-1078
-1066
-983
-1000
-945
-869
-710
-577
-487
-197
149
472
750
1111
1565
1918
2269
2749
3212
3591
3888
4194
4587
4782
5017
5206
5256
5192
4987
4927
4684
4206
3632
3001
2356
1484
642
-11
-783
-1590
-2449
-3008
-3438
-3923
-4288
-4550
-4706
-4889
-4987
-4811
-4691
-4678
-4637
-4462
-4230
-4116
-3905
-3452
-3107
-2884
-2576
-2013
-1377
-944
-451
198
736
1182
1613
2174
2543
2546
2609
2657
2664
2407
2120
1964
1555
1048
683
494
317
-92
-278
-342
-471
-654
-712
-582
-697
-951
-1021
-995
-1039
-1184
-1173
-1030
-996
-987
-716
-369
-199
-130
27
158
41
-154
-274
-481
-842
-1230
-1312
-1297
-1397
-1413
-1238
-969
-757
-489
-9
505
953
1489
2094
2691
3050
3520
4064
4520
4850
5192
5655
6005
6216
6348
6439
6312
6060
5786
5300
4542
3511
2511
1438
163
-1041
-2165
-3146
-4286
-5291
-5840
-6262
-6559
-6712
-6593
-6316
-6129
-5704
-5108
-4604
-4292
-3949
-3416
-3007
-2767
-2402
-1918
-1625
-1464
-1067
-378
242
670
1233
1843
2284
2585
2973
3371
3309
3011
2734
2450
1922
1112
548
5
-604
-1201
-1530
-1618
-1761
-1805
-1602
-1293
-1047
-796
-287
79
191
254
410
530
308
78
69
39
-130
-305
-248
-190
-249
-218
-113
-30
-222
-378
-407
-610
-846
-1014
-1119
-1286
-1589
-1558
-1304
-1093
-894
-552
93
753
1438
2350
3271
4135
4824
5585
6364
6919
7369
7755
7998
7989
7811
7591
7256
6634
5649
4469
2956
1445
-53
-1544
-3024
-4597
-5907
-6988
-7865
-8440
-8786
-8764
-8663
-8347
-7709
-6948
-6004
-5049
-4123
-3315
-2642
-1878
-1094
-556
-172
136
467
744
1006
1388
1749
1924
1950
1952
2007
1964
1801
1518
990
287
-450
-1023
-1532
-2118
-2726
-3126
-3301
-3319
-2972
-2426
-1636
-972
-252
622
1488
2358
2959
3322
3465
3241
3129
2818
2372
1811
987
442
-197
-712
-998
-1325
-1495
-1936
-2170
-2163
-2278
-2181
-2324
-2307
-2227
-2234
-1826
-1522
-1082
-593
-170
583
1157
1977
2924
3695
4532
5200
6084
7000
7664
8373
8806
9246
9379
9340
9254
8732
7871
6720
5115
3260
810
-1397
-3247
-5041
-6903
-8557
-9485
-9900
-10101
-9838
-9012
-7852
-6698
-5443
-3771
-2319
-1123
-98
700
1127
1118
1239
1568
1318
752
304
326
266
-85
-178
-42
-278
-936
-1515
-1731
-2243
-3109
-4041
-4820
-5658
-6355
-6471
-6104
-5810
-5261
-4039
-2334
-671
993
2981
4847
5992
6727
7500
8054
7762
6881
5846
4604
3058
1488
338
-933
-2295
-3370
-3861
-4060
-4302
-4148
-3691
-3389
-3260
-2946
-2149
-1566
-1240
-839
-319
195
567
1135
1833
2265
2601
2957
3445
3809
4097
4596
4883
5009
5086
5460
5830
5981
5970
6166
6182
6102
5865
5652
5079
4274
3241
1861
-83
-2260
-3752
-4863
-6028
-7391
-7998
-7840
-7310
-6741
-5631
-4084
-2566
-1296
191
1488
2472
2914
3202
3013
2235
1359
934
326
-837
-2073
-2634
-2937
-3528
-4165
-4317
-4394
-5021
-5804
-6164
-6293
-6587
-6900
-6915
-6714
-6321
-5275
-3582
-1910
-359
1485
3639
5373
6593
7548
8235
8136
7153
6253
5227
3865
2056
354
-1189
-2577
-3659
-4168
-4367
-4487
-4489
-3816
-3177
-2475
-1564
-537
383
911
1453
2199
2874
3167
3371
3481
3424
3180
2994
2753
2459
2010
1593
1309
1032
942
1143
1336
1599
1859
2394
3001
3658
4271
4977
5682
6197
6607
6821
6512
6136
5177
3493
1042
-1517
-3298
-4541
-6058
-7662
-8266
-8052
-7350
-6476
-5259
-3492
-1832
-484
1017
2206
3015
3508
3704
3139
2125
1254
1028
480
-898
-2150
-2529
-2807
-3586
-4460
-4800
-5180
-6280
-7509
-7937
-7926
-7960
-7840
-7374
-6547
-5277
-3247
-819
1192
2705
4467
6194
6963
6610
6309
5994
4862
2998
1245
230
-774
-1876
-2907
-3436
-3700
-3706
-3036
-2366
-2062
-1531
-923
-162
266
884
1923
2863
3029
3093
3639
4188
4266
4014
3548
3067
2341
1628
1136
707
207
-78
-267
-270
133
854
1605
2055
2463
3317
4405
5316
6047
6915
7655
8157
8067
7657
6935
6057
4297
1493
-2139
-5207
-6950
-8128
-9651
-10812
-10565
-9032
-7081
-5227
-2832
-100
2091
3699
5114
5954
6468
6316
5659
4205
2523
1424
1109
13
-1839
-3180
-3568
-4187
-5514
-6856
-7262
-7937
-9345
-10424
-10253
-9274
-8177
-6892
-5146
-2961
-441
2356
4807
6153
6858
7396
6689
5070
3334
2187
918
-1372
-3815
-4771
-4680
-4667
-4629
-4501
-4071
-3173
-2282
-1347
-539
-88
667
1291
1586
2346
3800
4814
5064
4656
4590
4899
4739
3897
2893
1715
810
53
-481
-732
-524
-414
-445
-440
126
1366
2325
2607
2923
3665
4721
5975
7064
7968
8628
9014
8797
8237
7028
5630
3133
-912
-5986
-9533
-11246
-12056
-13088
-13318
-11601
-8457
-5309
-2091
1443
4450
6382
7481
8006
8045
7497
6399
5119
3009
1057
224
147
-817
-2343
-3627
-4087
-5032
-6781
-8212
-8894
-9738
-10777
-11089
-9748
-7239
-4517
-1843
823
3363
5710
7707
8316
7612
6045
4146
1676
-1098
-3312
-4409
-5181
-6298
-6953
-6234
-4705
-3454
-2911
-2527
-1950
-1610
-1345
-974
-364
270
1112
1904
2941
4286
5704
6604
6427
5504
4696
3980
3027
1736
547
-182
-494
-763
-654
-88
565
857
752
678
1162
1895
2617
3311
4108
5252
6757
8136
9639
10626
10903
10424
8978
6528
4141
662
-4294
-9964
-14438
-16075
-15565
-15128
-13611
-9998
-5587
-1262
2069
4957
7610
8610
7949
7025
5485
4239
3345
2358
1161
470
303
977
542
-1000
-2443
-3529
-5475
-8110
-10324
-11042
-10954
-10834
-9681
-6709
-2679
1293
4644
7027
8617
9118
8495
6744
3950
630
-2353
-4993
-7017
-7857
-7337
-6126
-5329
-4854
-3777
-2376
-1862
-2365
-3059
-3055
-2762
-2621
-2168
-715
1081
2642
3732
4717
5673
6160
5712
4539
3086
2015
1411
914
442
509
994
1534
1690
1545
1582
1635
1034
179
-157
454
1749
3297
5040
7060
9190
10910
11989
12463
12220
11219
9035
5755
1740
-1676
-4803
-8992
-13708
-16450
-15870
-13289
-11018
-8661
-4867
-651
2224
3858
4846
5687
5766
4717
3772
2978
2619
3024
3257
2506
1733
1197
846
-803
-3879
-6359
-7517
-8985
-10532
-11036
-9353
-6666
-4423
-2119
1330
4798
7201
8105
7756
6833
5112
2971
747
-1743
-3834
-5352
-6418
-6672
-6300
-5274
-4134
-4241
-4773
-4433
-3784
-3477
-3895
-3934
-2771
-1516
-791
-92
925
1973
2341
1792
1416
1652
1761
1699
1270
1150
1916
2804
3146
3039
2736
2575
2177
1005
-2
-156
-20
256
610
2033
4564
7209
9279
10949
12221
13089
13004
11774
10422
8615
5997
2410
-1482
-3746
-6049
-9894
-13483
-14941
-13326
-10312
-8421
-6347
-2794
474
3241
4230
4229
5152
5400
4821
3942
2397
2131
2524
1289
-422
-2001
-3038
-3399
-5666
-8500
-9349
-9173
-8799
-8659
-7876
-4830
-1534
462
2606
5037
7454
8881
8154
6716
5114
3377
1450
-1073
-3112
-3986
-4269
-4715
-5434
-5581
-4906
-4740
-5554
-5988
-5443
-4182
-3223
-2779
-1991
-932
2
159
-182
-290
69
-189
-893
-1145
-526
904
1828
1946
2217
2802
3271
2903
1856
893
466
-352
-1370
-1548
-532
1130
2305
3580
5550
8320
10962
12650
13319
12925
12251
10829
9091
7459
5675
3401
355
-2200
-4685
-8277
-12163
-13830
-12840
-10281
-7669
-5318
-1381
2572
5407
6927
6925
6658
6132
4585
2681
760
-787
-1150
-2280
-3946
-4853
-5648
-6053
-7141
-9210
-9830
-9149
-8561
-7716
-6374
-3680
-247
1804
3862
6163
7718
8448
7709
5926
4172
2272
686
-771
-2672
-3654
-3562
-3686
-4202
-4918
-5008
-4760
-5365
-5766
-5108
-3917
-2819
-2167
-1862
-952
-73
-263
-821
-1162
-1006
-830
-1177
-984
-103
900
1763
2056
2013
2319
2276
1487
210
-978
-1341
-1482
-1851
-1462
-70
1924
3756
5449
7574
9820
11414
12364
12429
11654
11180
10526
8998
7425
5739
3157
777
-1608
-5696
-10205
-13587
-14096
-11414
-8189
-4756
-275
4005
7634
9683
9580
9067
7352
4761
2505
-471
-2424
-2711
-3440
-4087
-4716
-5598
-5689
-6535
-8218
-9300
-9883
-9139
-8081
-7214
-4491
-1100
1428
3548
4804
5952
6683
5592
4163
2589
683
-249
-938
-1537
-1527
-1704
-1646
-1802
-3028
-3807
-4174
-5062
-5549
-5622
-4956
-3375
-2284
-1565
-1233
-1200
-917
-1134
-1612
-1196
-616
-323
120
704
1729
2691
2621
2127
1302
322
-684
-2048
-2887
-2702
-2089
-1264
-280
1025
3269
5039
6026
7152
7866
8747
9727
10075
10543
10823
10375
9759
8728
6544
3618
482
-3629
-9397
-14842
-16715
-14544
-9978
-5190
-408
5249
10364
12877
12827
11289
8804
5603
2134
-760
-2697
-3350
-2979
-3141
-3972
-4772
-5526
-6327
-7874
-10150
-11187
-10021
-7895
-5893
-3356
358
3681
4865
4803
4714
4221
2537
83
-1735
-2391
-2035
-1194
-512
320
1235
1436
839
-707
-2505
-3622
-4751
-5934
-6185
-5120
-3310
-2085
-1701
-1803
-2262
-2738
-3113
-3207
-2403
-743
857
2180
3523
4723
5131
4467
2964
673
-1628
-3093
-3970
-4223
-3440
-1858
243
1879
2787
4205
5395
5913
5977
6149
7598
9260
10076
10641
11023
11247
10782
9200
6044
1847
-1901
-6977
-13892
-18292
-18953
-15620
-9300
-3734
2053
8194
12278
14440
13600
11071
8921
5608
2564
854
-631
-493
-300
-1656
-3201
-5650
-8338
-10437
-12838
-14130
-13589
-10895
-6189
-2027
1880
6109
8052
7636
5869
3365
1177
-1485
-3777
-4728
-4829
-2995
-526
945
1985
2076
1431
424
-1638
-3502
-4093
-4063
-3904
-3515
-2104
-352
-102
-1507
-3543
-5052
-5742
-5758
-4922
-2924
26
2591
3989
5129
5811
5135
3253
708
-1719
-3406
-4102
-3776
-2858
-1503
337
1697
2608
3421
4151
4979
5548
6093
7442
9403
11461
12789
12881
12987
12404
10711
7048
1523
-3353
-8845
-15951
-20750
-20990
-16420
-9033
-3464
1446
7009
10558
11521
9900
7643
6711
5535
4526
4369
4194
4947
5104
2677
-1099
-5702
-9984
-13368
-16772
-18249
-16455
-12015
-6046
-1123
3031
7238
8735
7322
4811
2102
110
-1604
-3050
-3141
-2301
-993
686
1650
1380
378
-1338
-2813
-3480
-4060
-3465
-1635
-313
533
999
733
-422
-2970
-5619
-7044
-7117
-5558
-3184
-432
2727
4771
5273
4571
3224
1932
218
-1913
-3210
-3381
-2267
-439
646
1267
1896
1699
1058
663
1216
2959
4865
6681
9108
11289
13700
15721
15695
14708
12759
8447
3173
-1918
-7850
-14324
-18985
-19102
-15060
-9125
-3407
920
4328
6735
6257
4215
2696
2424
2656
3518
5236
7061
7747
7646
5719
1402
-3881
-8701
-12635
-15063
-15662
-14024
-10378
-5920
-2166
243
1813
2156
720
-1221
-2127
-2114
-1371
20
1411
2280
2430
2350
1638
-397
-2636
-4244
-4913
-4314
-3169
-1444
833
2426
2775
1816
-257
-2730
-5355
-7069
-7212
-6145
-3705
-182
3168
5368
5985
5489
3999
1740
-250
-1462
-1892
-1539
-668
697
2273
3034
2659
1584
403
-589
-970
-500
1366
3833
6216
8559
10680
12324
13873
14336
13108
10288
5945
1780
-2438
-7708
-12672
-14601
-12899
-8305
-3861
-771
1601
3318
3457
1947
223
-162
795
2199
3865
5409
6448
6529
5254
2102
-2277
-6392
-9143
-10517
-10435
-8589
-5407
-2211
-139
405
-206
-1608
-3880
-5972
-6502
-5676
-4064
-2094
192
2046
2313
1388
334
-1138
-3042
-4635
-4876
-3229
-1029
718
1987
2963
3161
1696
-1288
-4134
-6092
-7084
-6815
-5290
-2823
18
2391
3814
4046
3334
2407
1572
809
479
1128
2347
3581
4528
4847
4372
3595
2751
1654
952
927
1271
2059
3235
4574
6229
7584
8903
10045
10848
10500
7950
3966
834
-2912
-8157
-11846
-11789
-7840
-2538
806
2155
3139
3094
1741
-1036
-2899
-2063
-123
1586
3422
4799
5421
4797
2037
-2304
-6603
-8952
-9365
-9287
-7730
-3744
736
3457
3755
2630
1204
-1273
-4581
-6417
-5806
-3493
-1302
-230
517
610
-275
-2043
-4230
-6154
-7103
-7034
-5679
-3257
-174
2436
3703
3468
2094
104
-2317
-4459
-5889
-6252
-5271
-3462
-1440
546
1720
1702
743
-373
-1078
-1330
-785
758
2610
3990
5101
6171
6795
6713
6092
5495
5216
4993
5274
5956
6762
7541
8427
8780
8566
8012
7441
6131
3293
-207
-3208
-6406
-10255
-12005
-9890
-4635
1042
4696
6094
6413
5320
2856
-29
-1710
-1245
497
2667
4151
3879
2371
243
-2916
-7403
-11798
-13398
-12221
-10317
-7553
-3028
2271
5507
5308
3347
1080
-1163
-2952
-3462
-2271
-223
1755
3018
2411
-34
-2438
-4076
-5617
-7191
-8023
-6847
-4376
-2055
-475
265
490
92
-1077
-2448
-3605
-4180
-3996
-3313
-2238
-1253
-566
63
115
-912
-2269
-2763
-2201
-1540
-1130
-223
1090
1948
2001
2278
3067
3907
4670
5677
6928
8214
9599
10894
11978
12630
13067
12619
11777
11381
10791
8473
3542
-2065
-6882
-12078
-16710
-17187
-12644
-5547
325
3807
5866
6722
5940
4209
2964
3411
5256
7626
9471
9770
8142
4473
-739
-6708
-12818
-17099
-18290
-17095
-14097
-9485
-3950
568
1786
708
-545
-1712
-2872
-2866
-341
3904
6787
7643
6838
3815
-630
-4847
-7708
-9130
-9563
-8241
-5389
-2565
-631
294
429
-500
-2179
-3638
-4200
-3881
-3332
-2474
-1133
89
674
318
-548
-1455
-2425
-2864
-2572
-1792
-577
316
574
448
24
-76
527
1227
2058
2954
4017
5365
6693
8164
9617
11263
12923
14729
16045
16802
16554
14342
9762
3934
-2681
-9671
-14785
-15674
-11807
-6310
-2300
-83
996
637
-1198
-3130
-2695
493
5297
10440
14478
16245
14944
11001
5674
-641
-6938
-11425
-13532
-13994
-13286
-10644
-6409
-3524
-3872
-6106
-8033
-8723
-8489
-6413
-1510
3965
7529
8892
8219
5442
1220
-2815
-5194
-6306
-6602
-5456
-3405
-1990
-2220
-3112
-3704
-4440
-5634
-6452
-5906
-4378
-2863
-1500
-562
-2
-225
-1190
-1887
-2272
-2229
-1193
293
1490
1970
1776
1015
-292
-1530
-1866
-1169
1
1472
3081
4379
4842
4646
4766
5473
6314
7773
10109
12732
14984
16225
15467
12383
7642
1723
-4416
-8764
-9699
-6691
-2158
893
1828
1494
-141
-3114
-5942
-6349
-3324
2205
7764
11860
13641
12456
8949
4601
235
-3246
-4968
-5080
-5000
-5303
-4756
-3158
-2358
-3828
-6933
-9330
-9956
-9580
-7553
-2786
2767
6278
6829
5274
2350
-1496
-5028
-6811
-6254
-4376
-2136
-132
627
-497
-2871
-4717
-5559
-5997
-5856
-5401
-4615
-3603
-2795
-1803
-1023
-1352
-2592
-3713
-4275
-4171
-3020
-1170
659
1687
1761
1255
223
-835
-1040
-59
1913
3782
5170
6157
6176
5020
3926
3854
4739
6025
7123
8549
10166
10487
8984
6405
3069
-724
-3872
-4962
-3320
-338
1711
2428
2534
1930
121
-2392
-3920
-3237
-350
3793
8021
10635
10557
7773
3505
-484
-3190
-4043
-3305
-2414
-2129
-1980
-1643
-1610
-2413
-3985
-5489
-6117
-5916
-4645
-2010
1030
3206
4061
4000
3410
2032
-199
-2813
-4980
-5963
-5544
-4123
-2509
-1642
-2204
-3581
-4831
-5381
-4610
-3142
-1889
-1053
-762
-745
-829
-1180
-1782
-2362
-3036
-3647
-3801
-3648
-3449
-3562
-3925
-4032
-4088
-4056
-3780
-3364
-2642
-1576
-236
1384
3022
4325
5339
5805
5910
6047
6288
6744
7277
7635
7716
7679
7240
6441
5262
4101
3595
3500
3585
3503
3060
2515
2217
2281
2682
3347
3568
3526
3376
3143
2951
2284
1196
49
-1043
-1839
-2232
-2755
-3722
-5013
-6287
-6831
-6623
-6044
-5161
-4249
-3655
-3057
-2002
-381
1408
2530
2800
2702
2568
2542
2279
1614
429
-1315
-3155
-4613
-5378
-5596
-5599
-5763
-5995
-5950
-5442
-4425
-3481
-2874
-2205
-1416
-459
571
1514
1983
1656
798
-193
-965
-1422
-1731
-2016
-2215
-2394
-2694
-2908
-2963
-2845
-2283
-1314
-26
1510
2928
4167
5188
6007
6834
7572
8151
8192
7652
6931
6055
5181
4709
4368
3658
2544
983
-429
-848
-1010
-1041
-1062
-1504
-1756
-1520
-868
119
655
461
-123
-535
-246
643
1488
1619
754
-444
-1156
-1495
-1693
-1904
-2485
-3156
-3536
-3235
-2106
-1009
-649
-834
-983
-711
93
1338
2459
2878
2529
1818
1361
1294
1015
119
-1133
-2327
-3246
-3699
-3710
-3738
-3975
-4478
-4807
-4455
-3493
-2317
-1346
-751
-551
-315
127
437
649
422
-355
-1217
-1835
-1974
-1925
-1978
-2189
-2289
-2024
-1286
66
1729
3265
4326
5008
5514
6033
6485
6786
6853
6639
6059
5348
5115
5142
4944
4162
2664
932
-502
-1349
-1469
-1015
-1033
-1679
-2257
-2418
-2021
-1753
-2189
-3085
-4018
-4513
-4112
-2684
-1111
-375
-470
-738
-659
-249
-3
-182
-624
-1231
-1655
-1253
-286
399
315
-356
-1016
-1170
-692
44
582
791
704
624
1123
1969
2332
2070
1161
-33
-955
-1292
-1414
-1644
-2076
-2853
-3262
-3149
-2745
-2065
-1529
-1442
-1584
-1438
-1155
-777
-363
-426
-772
-1186
-1589
-1801
-1903
-1958
-2083
-2088
-1688
-954
167
1367
2453
3445
4372
5249
6138
6964
7292
6929
6194
5285
4640
4806
5201
5326
5009
3887
2368
1025
63
-713
-1295
-2061
-2722
-2699
-2197
-1547
-1424
-2242
-3775
-5358
-6215
-6184
-5341
-4300
-3785
-3465
-2777
-1724
-734
-347
-700
-1424
-1827
-1608
-643
615
1345
1256
522
-268
-618
-401
106
344
349
497
925
1759
2636
2945
2647
2055
1354
882
951
1008
708
107
-735
-1339
-1565
-1580
-1520
-1550
-1669
-1663
-1237
-669
-229
110
119
-103
-377
-513
-613
-856
-1145
-1462
-1446
-1040
-506
248
1181
2094
3147
4355
5581
6546
7000
6724
5893
4766
3487
2712
2629
2774
2730
2292
1539
546
-404
-1223
-1764
-2252
-2931
-3239
-2706
-1641
-716
-542
-1167
-2354
-3576
-4409
-4568
-4222
-4039
-4132
-4067
-3493
-2477
-1510
-934
-946
-1428
-1693
-1131
161
1484
2202
2162
1641
956
336
200
312
115
-189
-293
-44
605
1150
1163
886
410
-244
-549
-303
22
252
257
36
-131
-301
-599
-874
-1118
-1530
-1864
-1788
-1515
-1155
-852
-868
-979
-977
-808
-478
-71
260
384
414
403
568
952
1548
2383
3301
4400
5757
7169
8192
8391
7745
6601
5280
4177
3702
3514
3139
2470
1494
475
-318
-1132
-1933
-2671
-3650
-4308
-4103
-3128
-1902
-1252
-1468
-2110
-2654
-2908
-2661
-2117
-1981
-2317
-2637
-2488
-1929
-1434
-1251
-1420
-1871
-2339
-2282
-1453
-430
325
552
556
546
345
221
155
-142
-571
-1002
-1257
-972
-478
-352
-447
-728
-1278
-1613
-1550
-1375
-1246
-1348
-1618
-1649
-1439
-1260
-1095
-1046
-1201
-1309
-1199
-987
-640
-317
-325
-536
-569
-290
175
713
1172
1451
1782
2071
2356
2803
3122
3383
3864
4695
5785
7131
8237
8599
8434
7827
6891
6018
5604
5203
4659
3958
2810
1600
504
-736
-2013
-3057
-4198
-5104
-5230
-4961
-4398
-3926
-4032
-4487
-4735
-4692
-4425
-3850
-3484
-3555
-3548
-3221
-2636
-1960
-1471
-1342
-1306
-1295
-1230
-764
-148
136
-9
-229
-285
-274
-37
219
179
40
-93
-212
-74
105
-75
-373
-577
-867
-1071
-961
-845
-749
-674
-841
-1036
-1084
-1301
-1574
-1599
-1623
-1568
-1255
-1146
-1160
-1048
-962
-929
-891
-835
-676
-142
521
1154
1849
2312
2444
2542
2807
3219
3912
4798
5591
6382
7176
7584
7720
7609
6966
6275
6094
5982
5752
5360
4333
3032
1864
660
-371
-1164
-2266
-3331
-3732
-3710
-3486
-3314
-3678
-4397
-4809
-4737
-4084
-2969
-2212
-2156
-2230
-2142
-1900
-1592
-1522
-1836
-2184
-2340
-2139
-1317
-408
-39
-256
-723
-1026
-1038
-743
-303
-117
-348
-700
-986
-1012
-866
-1082
-1647
-2126
-2470
-2630
-2476
-2174
-1948
-1856
-1967
-2168
-2074
-1922
-1819
-1603
-1460
-1403
-1261
-1171
-1317
-1426
-1453
-1614
-1611
-1463
-1241
-678
-9
575
1271
1878
2255
2783
3430
4154
5053
5942
6654
7334
7874
7994
7861
7461
6756
6054
5848
6012
6152
6111
5346
4034
2730
1454
362
-490
-1703
-3098
-3837
-4067
-3978
-3711
-3912
-4549
-5094
-5343
-5011
-3958
-2918
-2591
-2554
-2382
-2020
-1415
-915
-872
-1006
-1191
-1304
-917
-191
201
14
-537
-1174
-1431
-1133
-584
-155
14
-81
-332
-300
-32
19
-187
-588
-1169
-1626
-1905
-2126
-2234
-2410
-2727
-2975
-2981
-2877
-2681
-2346
-2113
-1799
-1386
-1179
-1102
-1134
-1298
-1481
-1619
-1665
-1574
-1279
-885
-390
242
770
1198
1615
2105
2816
3729
4590
5498
6451
7200
7652
7798
7708
7473
6970
6429
6358
6289
6030
5463
4364
3281
2157
1029
228
-441
-1452
-2350
-2783
-2994
-3109
-3563
-4323
-4928
-5241
-5183
-4550
-3497
-2828
-2635
-2449
-2069
-1487
-1022
-948
-1058
-1232
-1459
-1392
-919
-479
-524
-997
-1543
-1938
-1898
-1388
-741
-317
-156
-198
-198
90
231
85
-168
-566
-967
-1154
-1124
-1182
-1335
-1676
-2167
-2382
-2521
-2725
-2739
-2658
-2563
-2211
-1760
-1454
-1199
-1106
-1251
-1361
-1438
-1539
-1443
-1183
-818
-253
404
961
1516
2126
2726
3475
4397
5283
6080
6703
7006
7036
6881
6663
6286
6104
6297
6314
6263
5939
4970
3965
3057
2006
1300
656
-412
-1159
-1602
-1990
-2188
-2627
-3498
-4250
-4566
-4516
-3948
-3059
-2610
-2450
-2201
-1864
-1352
-765
-588
-666
-710
-811
-595
12
396
268
-288
-1098
-1812
-2148
-2127
-1894
-1659
-1550
-1484
-1227
-742
-341
-317
-524
-908
-1341
-1505
-1423
-1258
-1153
-1345
-1807
-2194
-2394
-2627
-2734
-2744
-2795
-2572
-2194
-1811
-1370
-1120
-1173
-1392
-1516
-1571
-1482
-1178
-819
-234
396
981
1760
2613
3367
4126
4904
5694
6434
6881
7060
6924
6528
6034
5461
5252
5390
5356
5143
4637
3695
2886
2188
1427
988
411
-406
-836
-1139
-1336
-1424
-1848
-2664
-3405
-3868
-3956
-3558
-3119
-2956
-2805
-2573
-2239
-1673
-1169
-1010
-983
-1022
-962
-570
-36
268
210
-221
-817
-1294
-1506
-1519
-1473
-1421
-1518
-1603
-1465
-1223
-922
-926
-1286
-1784
-2230
-2434
-2322
-1929
-1596
-1412
-1547
-1810
-1915
-2088
-2214
-2297
-2427
-2363
-2113
-1678
-1156
-827
-783
-1018
-1282
-1476
-1507
-1316
-1030
-657
-242
274
1060
1951
2894
3771
4587
5433
6177
6819
7184
7147
6932
6450
5890
5766
5789
5567
5267
4532
3483
2733
1869
1132
692
-121
-824
-1150
-1432
-1629
-1829
-2277
-2815
-3074
-3171
-2956
-2417
-2185
-2253
-2198
-1987
-1703
-1357
-1224
-1314
-1379
-1479
-1381
-865
-416
-162
-170
-428
-652
-805
-846
-765
-732
-791
-960
-964
-757
-452
-156
-165
-470
-1097
-1792
-2335
-2693
-2846
-2970
-3047
-3214
-3307
-3256
-3217
-3117
-3185
-3279
-3191
-2974
-2436
-1805
-1317
-1045
-1054
-1100
-1070
-934
-747
-633
-426
-215
173
900
1759
2763
3685
4565
5465
6278
6986
7340
7405
7253
6960
6819
6926
6930
6612
6108
5096
4021
3214
2298
1630
955
-40
-719
-1089
-1388
-1594
-1936
-2607
-3238
-3612
-3727
-3347
-2836
-2678
-2542
-2379
-2129
-1687
-1260
-1010
-962
-1032
-1171
-1071
-776
-628
-636
-891
-1241
-1486
-1600
-1451
-1168
-990
-978
-1085
-1005
-772
-386
-25
227
293
-35
-500
-966
-1351
-1681
-2132
-2579
-3036
-3301
-3532
-3752
-3805
-3981
-4044
-4004
-3814
-3295
-2725
-2177
-1716
-1307
-874
-478
1
328
556
784
914
1308
1864
2549
3285
3867
4454
4935
5486
5952
6018
6027
5792
5457
5625
5945
6078
6064
5439
4365
3698
3008
2342
1981
1060
37
-658
-1231
-1380
-1418
-1889
-2672
-3216
-3503
-3362
-2703
-2290
-2183
-2129
-2128
-1822
-1125
-530
-168
11
-59
-41
247
508
568
364
-181
-742
-1090
-1215
-1107
-1002
-994
-1206
-1447
-1546
-1620
-1559
-1549
-1499
-1475
-1530
-1531
-1520
-1514
-1696
-1975
-2372
-2752
-3007
-3317
-3421
-3552
-3787
-3961
-4202
-4185
-3964
-3652
-3303
-2951
-2495
-2062
-1496
-777
-117
579
1073
1398
1858
2422
3084
3776
4471
4989
5293
5654
5710
5641
5539
5135
4926
5125
5150
5055
4960
4206
3461
3081
2411
2179
1894
1050
508
88
-255
-334
-529
-1204
-1852
-2210
-2424
-2058
-1614
-1577
-1604
-1708
-1706
-1301
-723
-355
-136
-24
42
441
922
1177
1242
860
210
-285
-596
-676
-652
-688
-759
-937
-1083
-1158
-1190
-1294
-1526
-1795
-2116
-2337
-2474
-2448
-2314
-2334
-2501
-2856
-3124
-3286
-3377
-3375
-3473
-3529
-3737
-3949
-3864
-3645
-3329
-3078
-2894
-2637
-2325
-1823
-1197
-572
10
408
823
1332
2026
2834
3608
4346
4778
5086
5383
5409
5339
5245
4826
4667
4975
5083
5279
5295
4463
3681
3103
2284
1981
1610
797
334
-82
-488
-501
-558
-1112
-1667
-2054
-2357
-1994
-1493
-1333
-1131
-1056
-1061
-782
-377
-187
-66
-125
-232
-21
312
594
789
641
245
-149
-474
-491
-395
-379
-402
-501
-539
-526
-436
-393
-469
-740
-1266
-1690
-2054
-2301
-2367
-2452
-2607
-2874
-3151
-3520
-3743
-3810
-3964
-3973
-4056
-4154
-4079
-3947
-3669
-3322
-2988
-2656
-2269
-1787
-1272
-610
1
425
847
1260
1847
2591
3333
4097
4671
4976
5099
4953
4798
4630
4267
4163
4287
4207
4128
3842
3123
2697
2280
1724
1512
977
284
-59
-333
-424
-386
-615
-1173
-1558
-1821
-1848
-1371
-1033
-947
-890
-813
-540
40
587
846
1016
1028
1029
1346
1658
1833
1816
1411
926
608
410
316
265
135
-123
-368
-505
-523
-361
-284
-360
-504
-834
-1250
-1646
-1915
-2061
-2162
-2407
-2768
-3073
-3396
-3596
-3682
-3742
-3825
-4031
-4229
-4281
-4216
-4074
-3938
-3779
-3643
-3384
-2880
-2222
-1429
-751
-242
231
744
1426
2257
3112
3801
4276
4645
4951
5058
4929
4729
4291
3874
3796
3734
3689
3596
2913
2219
1887
1356
1103
910
268
-192
-444
-655
-546
-445
-895
-1309
-1500
-1611
-1303
-895
-762
-719
-723
-700
-325
279
593
750
863
870
1094
1407
1646
1745
1549
1149
815
667
631
665
688
616
430
203
72
57
75
28
-205
-581
-1035
-1491
-1771
-1853
-1874
-1960
-2225
-2565
-2891
-3190
-3304
-3408
-3541
-3678
-3864
-3867
-3759
-3590
-3352
-3262
-3253
-3170
-2953
-2537
-1973
-1416
-922
-432
90
707
1506
2335
3109
3787
4313
4790
5151
5185
5064
4867
4442
4264
4184
3831
3595
2974
2100
1726
1227
733
540
-34
-564
-718
-901
-903
-763
-1112
-1658
-1816
-1844
-1581
-1024
-722
-589
-521
-509
-294
209
578
654
756
816
1005
1398
1735
1972
1889
1511
1106
842
773
837
952
1009
912
700
608
568
611
692
496
191
-173
-724
-1105
-1287
-1437
-1536
-1806
-2207
-2549
-2857
-3045
-3172
-3273
-3475
-3711
-3795
-3826
-3683
-3487
-3467
-3517
-3545
-3421
-3036
-2435
-1844
-1350
-908
-531
-12
724
1490
2213
2849
3298
3727
4279
4552
4590
4608
4208
3885
3940
3825
3785
3691
2945
2277
1868
1157
801
602
-17
-321
-514
-822
-761
-761
-1204
-1499
-1535
-1583
-1281
-811
-582
-324
-110
-75
186
538
623
669
774
879
1123
1381
1585
1664
1494
1219
906
636
508
418
389
466
434
352
307
229
205
225
66
-166
-497
-977
-1327
-1471
-1517
-1600
-1794
-2126
-2497
-2709
-2831
-2899
-2966
-3205
-3400
-3488
-3440
-3244
-3002
-2921
-3011
-3002
-2847
-2482
-1889
-1354
-857
-381
53
620
1341
2077
2716
3245
3727
4169
4744
5107
4991
4814
4397
3902
3942
3955
3769
3605
2790
1833
1317
647
205
26
-520
-895
-1013
-1178
-1108
-951
-1304
-1731
-1806
-1871
-1614
-1104
-813
-511
-263
-257
-106
215
279
240
265
279
429
684
928
1147
1149
1007
864
710
638
613
617
709
680
530
473
323
235
274
70
-239
-609
-1160
-1545
-1679
-1704
-1753
-1855
-2113
-2491
-2654
-2786
-2886
-2943
-3201
-3419
-3464
-3422
-3203
-2902
-2816
-2868
-2833
-2708
-2304
-1729
-1206
-680
-219
228
787
1478
2142
2736
3276
3720
4190
4731
4983
4847
4613
4191
3787
3894
4013
3913
3844
3064
2102
1618
821
218
-93
-822
-1357
-1547
-1754
-1666
-1446
-1773
-2134
-2154
-2166
-1820
-1205
-828
-531
-310
-313
-127
280
414
402
420
353
445
649
880
1142
1183
1084
930
801
833
851
909
1009
974
823
717
581
470
468
231
-154
-548
-1153
-1626
-1831
-1959
-2000
-2098
-2330
-2627
-2769
-2829
-2856
-2813
-2995
-3218
-3254
-3259
-3107
-2822
-2719
-2782
-2786
-2677
-2341
-1724
-1102
-518
-18
362
821
1398
2100
2757
3302
3853
4327
4762
5099
5018
4761
4505
4035
3840
3969
3850
3688
3427
2666
2112
1654
860
407
-35
-655
-900
-1054
-1265
-1231
-1400
-1885
-2005
-1959
-1940
-1600
-1214
-940
-577
-352
-226
157
389
290
311
292
276
411
546
779
949
901
807
654
526
482
417
523
612
462
340
239
128
106
-9
-407
-798
-1281
-1783
-1944
-1972
-1991
-2068
-2293
-2595
-2795
-2823
-2883
-2863
-2899
-3065
-3014
-2927
-2739
-2457
-2410
-2494
-2583
-2517
-2156
-1590
-967
-345
173
544
991
1545
2151
2804
3273
3700
4222
4668
5181
5400
5105
4807
4267
3782
3868
3933
3833
3702
3033
2253
1831
1076
509
194
-493
-932
-1075
-1224
-1084
-919
-1282
-1635
-1687
-1855
-1714
-1305
-1114
-850
-651
-645
-349
45
135
175
189
68
92
237
491
820
928
834
624
384
283
219
286
451
368
180
-5
-166
-215
-232
-500
-952
-1414
-1974
-2271
-2261
-2248
-2274
-2479
-2852
-3125
-3153
-3108
-3108
-3053
-3160
-3169
-2961
-2756
-2416
-2237
-2355
-2533
-2538
-2250
-1726
-1087
-508
1
401
744
1230
1808
2414
2927
3347
3861
4390
4904
5346
5415
5089
4670
4180
3843
3940
3922
3697
3495
2815
2154
1783
1063
559
152
-513
-862
-974
-1101
-1020
-933
-1294
-1493
-1478
-1624
-1425
-1171
-1031
-734
-534
-462
-203
54
34
59
65
-3
126
235
397
688
746
655
552
382
238
173
135
201
227
63
-101
-262
-439
-599
-954
-1379
-1765
-2229
-2535
-2650
-2647
-2689
-2871
-3061
-3277
-3340
-3369
-3398
-3262
-3211
-3101
-2902
-2716
-2458
-2331
-2345
-2357
-2233
-1912
-1452
-937
-414
119
591
1027
1507
1970
2426
2894
3376
3948
4580
5071
5398
5561
5312
4911
4615
4170
3993
3949
3558
3289
2895
2193
1768
1249
567
191
-293
-800
-888
-948
-1022
-950
-1161
-1520
-1616
-1697
-1676
-1378
-1171
-1030
-837
-737
-537
-200
-31
-7
40
3
37
177
366
591
597
393
173
-62
-213
-250
-284
-250
-270
-411
-500
-508
-562
-689
-956
-1389
-1737
-2116
-2433
-2510
-2522
-2602
-2765
-2923
-3057
-3086
-3027
-2985
-2815
-2663
-2549
-2314
-2072
-1790
-1552
-1435
-1347
-1228
-968
-672
-256
248
693
1153
1521
1890
2284
2628
3008
3426
3930
4427
4811
5115
5214
5052
4683
4162
3645
3345
3160
2885
2706
2361
1763
1341
838
352
120
-349
-729
-835
-930
-913
-811
-921
-1179
-1287
-1447
-1404
-1046
-865
-722
-571
-522
-321
-29
139
228
264
153
175
380
535
714
676
344
15
-355
-646
-689
-722
-769
-792
-984
-1122
-1123
-1234
-1329
-1454
-1788
-2079
-2345
-2596
-2619
-2610
-2708
-2876
-3061
-3216
-3219
-3109
-3000
-2782
-2618
-2550
-2334
-2031
-1719
-1412
-1253
-1130
-965
-757
-413
54
537
970
1324
1609
1915
2263
2643
3046
3465
3832
4206
4581
4853
5091
5090
4727
4251
3638
3130
2952
2798
2585
2291
1679
1029
598
225
19
-160
-533
-795
-902
-960
-873
-791
-982
-1269
-1493
-1585
-1310
-985
-840
-711
-651
-603
-407
-155
55
136
56
-23
51
176
284
310
132
-136
-452
-714
-817
-866
-925
-1006
-1166
-1298
-1383
-1498
-1590
-1688
-1878
-2069
-2281
-2490
-2571
-2590
-2598
-2620
-2675
-2725
-2765
-2750
-2635
-2434
-2215
-2065
-1847
-1599
-1370
-1103
-857
-617
-433
-286
-22
365
833
1305
1699
1970
2197
2431
2663
3034
3411
3754
4058
4287
4497
4640
4676
4558
4256
3768
3225
2804
2579
2454
2295
1967
1433
868
417
74
-82
-228
-459
-615
-777
-821
-750
-747
-871
-1070
-1257
-1289
-1114
-916
-750
-641
-619
-564
-417
-240
-107
-89
-160
-250
-259
-181
-144
-139
-227
-482
-734
-884
-996
-1029
-1122
-1323
-1471
-1585
-1691
-1735
-1774
-1948
-2112
-2235
-2409
-2446
-2420
-2454
-2443
-2450
-2482
-2462
-2417
-2340
-2171
-2009
-1866
-1642
-1424
-1242
-987
-785
-588
-393
-277
-73
244
631
1074
1465
1763
2011
2209
2481
2802
3154
3459
3670
3834
3979
4090
4153
4135
3951
3604
3185
2771
2472
2346
2251
2092
1796
1336
917
592
368
274
187
9
-177
-324
-368
-336
-344
-425
-550
-662
-707
-612
-466
-322
-232
-238
-220
-198
-214
-236
-292
-401
-492
-538
-539
-508
-556
-732
-929
-1123
-1288
-1375
-1462
-1566
-1667
-1776
-1889
-1959
-2050
-2218
-2371
-2485
-2538
-2483
-2439
-2437
-2412
-2398
-2341
-2192
-2053
-1943
-1854
-1785
-1652
-1414
-1190
-987
-806
-687
-550
-361
-119
163
468
723
982
1260
1529
1801
2081
2349
2619
2888
3129
3322
3477
3638
3721
3802
3824
3703
3569
3392
3151
2978
2801
2540
2354
2130
1823
1578
1306
990
813
663
459
359
230
15
-77
-159
-305
-367
-467
-615
-580
-570
-575
-495
-565
-668
-736
-867
-963
-997
-1151
-1269
-1313
-1374
-1397
-1412
-1495
-1592
-1709
-1836
-1874
-1887
-1943
-1991
-2058
-2191
-2251
-2323
-2416
-2418
-2462
-2479
-2393
-2332
-2265
-2228
-2210
-2158
-2036
-1886
-1748
-1583
-1442
-1336
-1158
-965
-762
-545
-406
-292
-158
49
278
560
820
1028
1224
1406
1645
1889
2137
2344
2521
2712
2886
3029
3144
3207
3251
3234
3232
3233
3214
3168
3061
2952
2832
2701
2533
2321
2106
1863
1617
1415
1243
1092
938
769
561
384
217
51
-82
-208
-317
-365
-407
-471
-601
-837
-1075
-1230
-1312
-1325
-1350
-1459
-1629
-1814
-1920
-1915
-1912
-1939
-2024
-2118
-2134
-2099
-2009
-1947
-1981
-2090
-2190
-2208
-2150
-2070
-2037
-2070
-2072
-2052
-1934
-1788
-1689
-1647
-1642
-1610
-1476
-1272
-1093
-968
-917
-861
-735
-546
-344
-122
52
210
424
683
945
1195
1357
1502
1660
1811
2005
2191
2356
2469
2573
2695
2787
2829
2846
2791
2731
2708
2655
2630
2614
2540
2484
2429
2352
2267
2123
1942
1769
1623
1498
1384
1276
1140
972
818
635
441
280
105
-38
-133
-188
-232
-319
-444
-643
-851
-1040
-1211
-1354
-1475
-1602
-1745
-1869
-1956
-2030
-2095
-2156
-2226
-2307
-2366
-2378
-2348
-2285
-2242
-2189
-2163
-2188
-2193
-2181
-2139
-2066
-1977
-1891
-1796
-1688
-1599
-1490
-1375
-1286
-1187
-1085
-954
-788
-630
-449
-308
-188
-64
51
215
413
631
852
1047
1237
1412
1552
1667
1754
1861
1985
2085
2191
2277
2331
2379
2399
2398
2370
2308
2241
2187
2177
2192
2180
2163
2124
2056
2016
1941
1870
1854
1803
1756
1720
1648
1523
1415
1324
1202
1102
965
786
663
531
400
297
156
-27
-236
-466
-686
-835
-1022
-1228
-1435
-1662
-1849
-1966
-2065
-2160
-2278
-2429
-2557
-2625
-2638
-2619
-2574
-2585
-2620
-2620
-2592
-2527
-2450
-2406
-2372
-2335
-2272
-2166
-2047
-1950
-1846
-1761
-1685
-1585
-1449
-1286
-1121
-960
-806
-643
-482
-321
-157
17
186
372
564
752
949
1146
1297
1428
1548
1636
1732
1847
1973
2079
2149
2181
2206
2214
2219
2236
2236
2228
2209
2179
2162
2170
2146
2094
2049
1977
1942
1906
1885
1888
1855
1804
1725
1618
1475
1355
1195
1059
965
834
742
625
448
293
115
-106
-311
-510
-708
-881
-1063
-1262
-1456
-1673
-1897
-2059
-2175
-2280
-2358
-2469
-2537
-2572
-2593
-2567
-2537
-2525
-2549
-2546
-2508
-2427
-2302
-2204
-2113
-2026
-1974
-1897
-1804
-1706
-1599
-1549
-1486
-1371
-1203
-1018
-837
-675
-542
-418
-267
-69
156
354
506
655
806
958
1132
1308
1443
1564
1656
1743
1849
1949
2032
2094
2125
2143
2161
2154
2157
2154
2152
2133
2108
2114
2102
2085
2075
2044
2031
2007
1963
1952
1950
1936
1924
1866
1782
1716
1613
1513
1421
1273
1109
922
735
576
402
204
-18
-263
-498
-712
-928
-1145
-1378
-1602
-1810
-1995
-2159
-2325
-2495
-2656
-2778
-2852
-2888
-2886
-2881
-2883
-2891
-2888
-2846
-2767
-2667
-2587
-2508
-2428
-2338
-2216
-2082
-1948
-1826
-1720
-1623
-1515
-1342
-1165
-988
-848
-721
-574
-417
-219
1
194
369
525
680
879
1066
1229
1364
1477
1576
1675
1759
1843
1907
1947
2001
2054
2106
2133
2116
2096
2077
2067
2080
2098
2095
2063
2029
1985
1979
1971
1928
1892
1819
1770
1724
1688
1657
1607
1552
1489
1433
1384
1313
1171
996
809
608
435
261
76
-121
-361
-611
-843
-1070
-1291
-1516
-1713
-1914
-2071
-2208
-2347
-2470
-2599
-2676
-2730
-2754
-2740
-2732
-2729
-2714
-2684
-2631
-2564
-2512
-2448
-2398
-2352
-2283
-2190
-2069
-1940
-1817
-1706
-1583
-1462
-1357
-1227
-1086
-949
-778
-601
-444
-277
-102
74
253
425
588
739
842
953
1089
1230
1356
1468
1536
1573
1624
1658
1724
1799
1800
1821
1831
1821
1833
1851
1840
1820
1824
1800
1825
1863
1891
1875
1825
1776
1716
1689
1639
1564
1512
1423
1331
1298
1240
1195
1124
1006
859
717
583
462
331
153
-45
-271
-510
-750
-957
-1173
-1400
-1608
-1805
-1968
-2087
-2210
-2323
-2411
-2503
-2556
-2575
-2579
-2563
-2510
-2501
-2458
-2421
-2397
-2360
-2333
-2276
-2201
-2131
-2044
-1944
-1852
-1775
-1692
-1590
-1486
-1351
-1232
-1110
-962
-819
-638
-463
-301
-121
51
225
379
544
662
774
903
1008
1151
1280
1380
1478
1540
1598
1651
1702
1744
1769
1814
1839
1869
1913
1949
1993
2007
2029
2055
2076
2117
2159
2193
2188
2156
2123
2079
2014
1948
1889
1792
1688
1594
1474
1347
1203
1037
894
757
581
441
293
81
-114
-309
-512
-681
-890
-1123
-1291
-1482
-1660
-1796
-1953
-2120
-2266
-2395
-2469
-2473
-2495
-2518
-2510
-2521
-2493
-2433
-2402
-2364
-2311
-2277
-2218
-2125
-2046
-1955
-1874
-1815
-1720
-1592
-1475
-1353
-1226
-1113
-1002
-873
-736
-610
-455
-313
-165
6
162
319
461
584
707
845
960
1089
1183
1262
1360
1439
1528
1610
1655
1673
1686
1701
1722
1772
1817
1808
1823
1818
1825
1872
1892
1910
1926
1896
1856
1873
1860
1819
1787
1708
1623
1560
1454
1382
1309
1217
1108
972
820
668
513
324
174
12
-168
-332
-508
-646
-771
-908
-1023
-1163
-1315
-1476
-1604
-1712
-1783
-1844
-1923
-1989
-2057
-2106
-2136
-2136
-2117
-2099
-2082
-2044
-1979
-1931
-1865
-1795
-1734
-1670
-1599
-1542
-1462
-1363
-1277
-1177
-1085
-1009
-900
-774
-630
-488
-345
-196
-58
71
190
317
459
574
696
796
898
989
1069
1152
1211
1273
1350
1412
1457
1497
1527
1556
1571
1587
1576
1573
1565
1556
1581
1598
1603
1591
1561
1537
1517
1519
1519
1506
1464
1396
1353
1283
1222
1164
1048
944
822
653
528
384
228
83
-88
-242
-368
-485
-608
-720
-837
-947
-1060
-1182
-1272
-1371
-1466
-1556
-1615
-1670
-1738
-1790
-1855
-1888
-1893
-1901
-1895
-1845
-1837
-1812
-1755
-1701
-1635
-1577
-1526
-1468
-1400
-1321
-1240
-1166
-1120
-1066
-992
-881
-740
-587
-440
-300
-170
-46
86
216
350
473
586
696
803
901
973
1021
1050
1083
1128
1198
1274
1319
1369
1394
1405
1445
1446
1452
1440
1398
1376
1376
1404
1409
1401
1336
1243
1209
1149
1126
1133
1134
1119
1078
1041
998
953
872
769
650
503
371
271
185
108
-12
-150
-269
-361
-441
-494
-555
-645
-742
-834
-911
-962
-1024
-1102
-1166
-1244
-1323
-1373
-1397
-1416
-1438
-1468
-1483
-1469
-1455
-1451
-1436
-1424
-1372
-1318
-1256
-1188
-1144
-1115
-1087
-1037
-993
-944
-870
-788
-699
-568
-425
-281
-139
-35
77
191
320
478
634
750
800
882
951
1009
1078
1128
1175
1239
1290
1350
1397
1425
1446
1444
1441
1428
1421
1395
1382
1349
1328
1337
1307
1277
1256
1182
1120
1069
1002
954
901
823
767
735
669
599
517
364
232
112
9
-50
-130
-230
-328
-428
-493
-563
-614
-700
-802
-866
-934
-947
-979
-1024
-1101
-1178
-1248
-1312
-1321
-1345
-1368
-1385
-1379
-1344
-1299
-1263
-1273
-1263
-1263
-1257
-1186
-1107
-1026
-959
-921
-878
-832
-780
-738
-679
-580
-482
-338
-209
-100
38
146
275
416
547
675
778
861
939
1032
1097
1139
1170
1187
1223
1281
1331
1386
1380
1361
1342
1330
1359
1346
1291
1229
1129
1073
1054
1045
1046
993
929
867
831
815
774
712
622
561
518
494
458
383
273
157
80
2
-47
-98
-195
-277
-359
-390
-403
-446
-505
-561
-630
-689
-704
-692
-708
-765
-842
-900
-921
-940
-948
-991
-1047
-1076
-1089
-1061
-1035
-1015
-995
-996
-992
-984
-941
-879
-840
-796
-769
-735
-682
-626
-536
-458
-359
-275
-172
-74
24
127
229
360
469
577
684
773
871
965
1044
1107
1161
1189
1229
1247
1276
1293
1299
1284
1252
1243
1226
1219
1196
1160
1113
1063
998
950
896
864
816
760
715
662
581
510
472
405
360
312
238
151
58
-13
-50
-117
-193
-261
-357
-442
-486
-516
-542
-578
-625
-669
-711
-720
-724
-741
-773
-808
-842
-860
-856
-856
-856
-863
-881
-906
-911
-905
-901
-880
-852
-798
-755
-710
-672
-651
-608
-571
-511
-443
-399
-344
-278
-209
-144
-56
16
80
166
262
379
497
615
725
802
891
977
1067
1152
1196
1240
1273
1318
1368
1407
1424
1406
1389
1380
1350
1335
1287
1217
1173
1128
1088
1032
959
871
795
717
645
568
497
429
352
264
184
142
81
9
-53
-123
-179
-228
-288
-360
-435
-491
-541
-585
-639
-696
-746
-776
-803
-814
-810
-834
-836
-843
-870
-867
-879
-880
-889
-899
-897
-892
-877
-884
-866
-888
-901
-903
-894
-849
-813
-775
-724
-689
-636
-563
-521
-481
-439
-399
-368
-312
-244
-160
-76
1
86
175
258
373
487
608
711
807
889
955
1030
1110
1178
1209
1226
1245
1256
1263
1275
1265
1252
1215
1167
1136
1102
1068
1027
966
886
799
715
640
564
484
366
276
190
99
27
-22
-90
-165
-214
-266
-299
-359
-408
-469
-532
-595
-632
-665
-700
-732
-777
-807
-837
-865
-871
-865
-876
-875
-882
-890
-894
-894
-877
-882
-884
-860
-869
-861
-849
-835
-842
-841
-824
-806
-782
-763
-711
-671
-628
-592
-542
-483
-441
-398
-351
-281
-199
-122
-39
60
156
246
328
407
506
610
687
784
885
978
1071
1145
1205
1261
1286
1309
1322
1337
1365
1362
1363
1349
1321
1291
1242
1193
1150
1104
1033
959
887
803
716
616
521
430
322
208
119
46
-25
-99
-169
-225
-284
-342
-408
-443
-500
-543
-566
-620
-669
-740
-791
-835
-891
-931
-970
-989
-998
-1004
-1005
-1016
-1012
-995
-998
-969
-936
-925
-938
-950
-946
-952
-930
-913
-889
-844
-807
-780
-732
-669
-616
-557
-513
-469
-408
-356
-300
-242
-175
-115
-42
19
85
162
242
339
406
500
595
689
796
896
983
1050
1106
1153
1204
1253
1283
1310
1330
1336
1336
1328
1312
1296
1258
1198
1130
1085
1035
961
874
788
702
601
504
415
312
201
77
-43
-137
-226
-312
-403
-485
-557
-620
-666
-703
-749
-804
-847
-870
-909
-952
-985
-1014
-1038
-1072
-1099
-1101
-1105
-1110
-1108
-1107
-1089
-1073
-1070
-1047
-1036
-1035
-1036
-1040
-1035
-1005
-979
-950
-922
-916
-883
-845
-785
-727
-674
-616
-563
-511
-463
-399
-333
-284
-218
-130
-56
18
92
173
265
337
420
506
601
692
781
873
972
1046
1098
1156
1200
1242
1275
1277
1265
1261
1251
1237
1211
1186
1136
1079
1020
967
901
834
745
639
535
421
322
220
118
-11
-133
-259
-348
-425
-518
-598
-688
-750
-793
-840
-876
-919
-976
-1022
-1064
-1083
-1108
-1137
-1182
-1210
-1224
-1235
-1259
-1266
-1260
-1260
-1252
-1228
-1195
-1161
-1136
-1112
-1069
-1036
-991
-946
-907
-875
-831
-796
-753
-701
-651
-593
-530
-460
-403
-340
-294
-223
-172
-112
-43
22
86
143
215
281
360
414
486
562
647
726
805
883
962
1033
1077
1123
1185
1244
1262
1288
1313
1326
1331
1312
1306
1294
1246
1200
1127
1061
996
931
851
776
687
577
481
372
271
165
39
-83
-198
-300
-388
-471
-549
-628
-705
-788
-820
-853
-884
-916
-963
-998
-1044
-1075
-1092
-1094
-1112
-1132
-1150
-1164
-1152
-1153
-1167
-1160
-1148
-1122
-1094
-1062
-1022
-981
-943
-903
-846
-799
-758
-734
-698
-655
-603
-547
-517
-480
-436
-374
-312
-237
-175
-125
-83
-25
61
149
232
295
357
427
497
577
654
727
794
850
910
990
1085
1135
1173
1210
1221
1255
1269
1299
1312
1306
1306
1292
1283
1250
1195
1125
1049
976
913
829
756
670
570
467
363
280
177
55
-72
-161
-245
-318
-395
-486
-564
-644
-718
-764
-818
-859
-895
-928
-958
-992
-1012
-1023
-1068
-1085
-1099
-1131
-1140
-1147
-1140
-1127
-1120
-1106
-1107
-1085
-1064
-1051
-1009
-964
-937
-903
-870
-826
-777
-738
-702
-646
-578
-511
-436
-381
-312
-268
-222
-153
-87
-13
58
120
185
256
322
403
472
532
595
651
702
784
850
904
966
1025
1074
1127
1184
1229
1260
1275
1294
1314
1320
1312
1280
1239
1203
1149
1103
1063
994
924
844
745
657
583
499
398
297
205
112
13
-89
-191
-290
-373
-472
-559
-630
-701
-765
-831
-879
-925
-948
-991
-1026
-1051
-1105
-1153
-1190
-1202
-1209
-1223
-1221
-1209
-1206
-1189
-1178
-1166
-1149
-1134
-1104
-1066
-1023
-998
-957
-913
-863
-808
-755
-702
-649
-591
-540
-485
-425
-361
-296
-222
-155
-58
34
119
194
284
382
462
526
619
716
791
873
934
1007
1071
1136
1206
1248
1282
1318
1345
1373
1407
1415
1413
1418
1413
1386
1368
1346
1301
1258
1199
1142
1072
1005
924
827
734
631
526
431
336
225
114
-1
-89
-155
-259
-353
-449
-545
-642
-735
-813
-881
-942
-998
-1049
-1093
-1136
-1176
-1207
-1253
-1291
-1336
-1377
-1393
-1410
-1434
-1441
-1435
-1435
-1418
-1404
-1388
-1351
-1308
-1269
-1217
-1153
-1081
-1034
-969
-899
-849
-770
-699
-625
-536
-465
-384
-309
-221
-118
-32
51
147
242
338
426
514
596
691
790
852
929
984
1034
1081
1135
1187
1235
1260
1271
1303
1306
1312
1311
1315
1301
1276
1257
1235
1212
1170
1102
1039
969
884
819
749
695
617
515
420
327
246
160
51
-58
-152
-249
-344
-440
-512
-585
-666
-725
-788
-837
-879
-938
-974
-1006
-1044
-1074
-1108
-1144
-1175
-1191
-1221
-1252
-1264
-1272
-1276
-1264
-1236
-1236
-1227
-1206
-1185
-1141
-1096
-1059
-1013
-968
-912
-847
-778
-719
-653
-582
-512
-440
-340
-257
-181
-102
-34
51
138
226
323
402
482
570
645
722
800
873
935
997
1070
1137
1203
1265
1312
1349
1380
1407
1421
1444
1444
1437
1416
1404
1396
1379
1340
1293
1248
1174
1104
1032
947
872
780
688
617
546
450
348
263
179
89
-12
-111
-192
-293
-393
-465
-537
-621
-710
-776
-835
-889
-944
-985
-1033
-1092
-1150
-1195
-1243
-1292
-1317
-1344
-1354
-1360
-1357
-1359
-1361
-1366
-1358
-1339
-1309
-1267
-1241
-1225
-1197
-1153
-1098
-1044
-993
-927
-862
-809
-750
-678
-607
-525
-455
-369
-279
-187
-104
-20
65
154
242
320
428
500
576
645
714
805
864
919
1006
1070
1141
1202
1231
1286
1315
1339
1353
1379
1393
1376
1363
1338
1310
1278
1235
1200
1155
1083
1020
962
908
840
761
684
611
531
433
354
280
195
91
5
-77
-165
-254
-357
-438
-503
-577
-648
-721
-800
-866
-941
-1013
-1056
-1100
-1150
-1180
-1221
-1235
-1258
-1301
-1317
-1323
-1320
-1331
-1334
-1313
-1273
-1236
-1206
-1165
-1130
-1094
-1049
-1007
-958
-894
-832
-771
-700
-633
-576
-500
-413
-332
-259
-189
-83
-10
76
161
248
349
436
504
569
654
713
780
865
929
989
1049
1108
1168
1196
1240
1277
1312
1338
1349
1367
1380
1378
1348
1325
1295
1244
1190
1145
1088
1036
978
906
831
769
693
601
515
441
356
265
193
111
22
-66
-161
-228
-311
-410
-496
-576
-652
-752
-821
-900
-962
-1027
-1105
-1170
-1227
-1273
-1326
-1362
-1390
-1397
-1410
-1432
-1438
-1431
-1432
-1416
-1379
-1339
-1304
-1273
-1228
-1181
-1132
-1082
-1026
-974
-911
-847
-764
-674
-588
-513
-422
-320
-223
-136
-41
50
147
249
341
441
532
618
700
780
873
948
1035
1119
1176
1230
1277
1322
1353
1388
1404
1417
1446
1451
1443
1460
1460
1454
1420
1377
1342
1297
1234
1180
1135
1088
1034
962
907
837
743
659
567
489
408
325
244
156
71
-18
-102
-172
-226
-286
-358
-417
-474
-538
-609
-682
-732
-773
-828
-881
-911
-944
-988
-1019
-1035
-1034
-1041
-1052
-1049
-1035
-1035
-1030
-1018
-985
-941
-904
-869
-828
-775
-759
-723
-682
-643
-586
-533
-460
-397
-344
-283
-219
-147
-76
-4
71
142
211
293
352
424
491
552
618
688
763
818
880
933
978
1024
1060
1118
1168
1177
1178
1172
1171
1178
1165
1146
1141
1140
1114
1075
1046
1020
985
938
891
861
830
769
695
649
580
504
433
353
298
232
156
81
-4
-59
-124
-198
-277
-350
-414
-487
-540
-579
-637
-704
-765
-810
-851
-881
-913
-954
-984
-1009
-1020
-1015
-1020
-1033
-1033
-1035
-1019
-1007
-983
-961
-931
-877
-841
-806
-756
-709
-664
-599
-553
-504
-460
-406
-334
-269
-209
-132
-49
25
107
192
277
332
402
480
539
610
678
753
839
888
952
1015
1056
1111
1146
1177
1204
1234
1247
1249
1256
1244
1248
1235
1237
1219
1182
1154
1125
1086
1042
1000
957
912
859
800
732
672
613
550
470
398
330
271
206
130
53
-20
-92
-163
-243
-293
-335
-404
-460
-533
-570
-618
-682
-731
-765
-800
-842
-870
-887
-913
-934
-945
-942
-919
-924
-910
-877
-870
-851
-823
-778
-735
-709
-677
-624
-555
-508
-460
-405
-345
-286
-236
-175
-100
-33
22
94
173
226
292
350
405
470
532
581
648
720
774
818
856
885
922
948
974
993
1006
1026
1047
1060
1051
1053
1062
1067
1056
1037
1017
987
966
919
884
854
806
757
693
650
612
569
529
488
424
359
294
248
173
95
46
-13
-65
-124
-181
-243
-306
-367
-412
-461
-518
-564
-615
-671
-692
-718
-740
-748
-785
-794
-805
-816
-812
-803
-789
-772
-762
-732
-700
-670
-651
-624
-597
-576
-556
-508
-455
-423
-383
-340
-284
-251
-210
-146
-81
-24
31
107
184
258
322
384
451
501
565
596
647
682
711
734
765
800
825
852
874
882
891
907
906
907
902
890
876
864
851
807
776
752
717
696
658
623
592
540
489
432
387
362
318
268
222
168
113
71
12
-21
-56
-126
-184
-231
-273
-326
-378
-419
-457
-505
-544
-564
-583
-601
-636
-635
-645
-660
-666
-671
-667
-654
-651
-633
-631
-602
-575
-554
-520
-515
-477
-435
-395
-350
-322
-279
-234
-190
-141
-91
-36
26
82
140
194
230
278
329
388
439
490
536
587
621
655
703
736
765
794
813
833
868
876
889
901
908
917
903
895
893
892
874
861
841
810
790
763
738
722
691
655
616
564
535
491
435
378
334
300
236
196
139
80
24
-42
-60
-88
-143
-186
-218
-249
-315
-361
-398
-405
-415
-448
-474
-487
-490
-518
-541
-546
-555
-566
-568
-557
-549
-546
-541
-517
-496
-481
-470
-430
-395
-376
-337
-308
-266
-233
-220
-177
-128
-91
-36
-12
28
67
106
144
204
271
299
322
360
403
434
453
485
542
575
598
617
653
659
661
660
671
697
691
694
711
707
703
693
707
714
687
658
635
619
597
548
499
470
444
420
384
359
325
276
221
175
132
82
22
-23
-67
-108
-154
-215
-239
-281
-329
-373
-409
-424
-451
-474
-479
-479
-506
-519
-537
-558
-586
-609
-607
-597
-582
-577
-573
-569
-570
-544
-509
-485
-477
-471
-439
-400
-367
-330
-289
-230
-188
-150
-117
-83
-30
-7
14
54
110
175
211
248
294
350
382
414
465
495
513
527
555
601
642
656
674
704
722
704
685
696
724
714
693
696
701
691
668
666
653
627
575
543
531
505
462
423
404
363
310
256
227
196
128
82
37
-3
-59
-110
-139
-176
-210
-277
-320
-363
-400
-435
-471
-478
-499
-537
-564
-574
-580
-589
-605
-614
-623
-638
-653
-662
-649
-629
-630
-598
-552
-540
-525
-524
-487
-451
-442
-419
-383
-345
-316
-296
-267
-220
-182
-166
-134
-84
-26
24
60
120
165
199
219
255
312
363
382
405
428
429
448
474
499
506
501
479
474
502
503
513
537
548
566
578
586
595
564
535
522
517
498
486
458
432
413
374
344
317
292
254
215
181
139
106
80
43
14
-40
-89
-130
-179
-214
-272
-298
-323
-356
-393
-424
-444
-455
-485
-488
-475
-481
-503
-523
-510
-515
-523
-541
-520
-486
-489
-476
-451
-425
-416
-412
-370
-324
-294
-273
-246
-194
-158
-131
-96
-50
21
73
107
147
188
222
247
280
325
352
378
402
432
473
485
497
525
544
552
539
556
582
595
605
614
635
642
625
622
617
606
564
538
529
511
488
463
463
445
413
372
343
312
259
234
208
171
125
74
37
-13
-48
-76
-105
-134
-168
-188
-221
-267
-274
-291
-323
-365
-391
-412
-427
-450
-460
-470
-488
-502
-503
-522
-529
-538
-562
-537
-533
-503
-480
-470
-452
-448
-444
-417
-384
-363
-342
-302
-263
-218
-171
-146
-108
-83
-66
-38
3
44
84
120
160
208
232
251
273
306
313
313
332
358
357
359
369
381
397
396
395
390
388
385
377
353
353
359
371
381
389
395
371
356
335
340
326
289
274
273
250
220
205
183
157
108
67
31
2
-30
-69
-95
-118
-148
-189
-229
-268
-307
-336
-367
-387
-406
-437
-481
-496
-514
-539
-536
-558
-567
-564
-572
-572
-545
-542
-527
-501
-481
-465
-460
-446
-425
-399
-383
-379
-352
-331
-309
-291
-294
-269
-265
-262
-232
-211
-181
-153
-112
-74
-62
-26
8
33
47
67
98
126
138
160
193
201
205
217
236
236
252
267
264
282
291
287
279
280
279
290
291
290
300
276
261
259
252
240
223
185
160
139
128
105
59
43
12
-14
-29
-52
-81
-121
-163
-200
-245
-273
-301
-342
-371
-412
-444
-470
-495
-541
-570
-583
-597
-611
-601
-580
-586
-581
-567
-565
-549
-543
-536
-520
-517
-506
-467
-443
-415
-393
-384
-360
-338
-315
-259
-228
-192
-161
-132
-79
-48
10
35
62
92
93
104
111
106
113
122
132
152
143
149
158
152
167
183
203
212
202
212
216
219
227
220
224
206
199
184
165
165
166
166
159
156
140
113
78
62
58
44
40
29
0
-6
-23
-39
-53
-61
-70
-91
-102
-133
-150
-177
-206
-225
-248
-271
-303
-315
-327
-346
-367
-366
-381
-386
-394
-410
-402
-387
-382
-381
-373
-349
-326
-319
-303
-285
-265
-246
-215
-200
-173
-158
-143
-99
-64
-54
-26
10
39
53
62
64
78
94
92
101
108
105
99
101
102
112
118
126
108
95
108
95
84
97
103
115
113
109
110
109
98
98
97
86
73
64
74
63
60
35
34
28
-2
-17
-21
-33
-48
-60
-76
-85
-97
-140
-175
-186
-217
-243
-264
-275
-288
-310
-332
-342
-338
-365
-397
-422
-436
-443
-465
-482
-478
-475
-485
-484
-480
-475
-477
-476
-455
-441
-420
-391
-358
-343
-332
-310
-285
-251
-219
-189
-197
-183
-160
-113
-94
-82
-54
-31
4
34
50
71
87
95
120
140
156
158
155
158
169
173
179
191
200
179
155
150
152
150
141
131
118
97
72
49
32
10
-37
-54
-70
-86
-105
-111
-122
-144
-166
-181
-193
-233
-261
-250
-264
-300
-308
-332
-334
-355
-384
-406
-424
-434
-459
-455
-454
-454
-462
-478
-487
-495
-499
-500
-500
-515
-493
-505
-507
-486
-484
-464
-460
-449
-430
-410
-405
-357
-309
-277
-256
-239
-212
-179
-161
-156
-137
-114
-74
-53
-37
-6
17
20
13
25
59
84
85
113
126
136
135
134
154
171
153
121
131
110
96
106
114
130
119
113
130
137
129
107
113
117
99
97
101
100
95
77
59
66
67
28
8
-3
-28
-54
-84
-94
-115
-139
-182
-192
-196
-227
-252
-271
-303
-333
-342
-345
-340
-359
-374
-391
-399
-406
-429
-433
-425
-435
-454
-469
-481
-484
-482
-485
-487
-487
-468
-457
-447
-418
-384
-360
-328
-302
-278
-246
-227
-206
-194
-185
-163
-142
-117
-89
-65
-43
-9
35
54
77
105
139
158
155
159
174
176
175
172
184
179
162
156
145
132
99
82
93
83
45
31
37
14
-16
-35
-35
-23
-44
-68
-86
-75
-96
-137
-147
-147
-166
-193
-211
-216
-225
-254
-270
-280
-287
-299
-318
-345
-342
-348
-370
-388
-398
-399
-424
-450
-456
-464
-491
-491
-493
-493
-492
-511
-506
-509
-507
-507
-497
-496
-485
-450
-434
-404
-368
-329
-270
-234
-214
-185
-156
-120
-103
-98
-66
-32
-6
20
53
113
149
165
197
223
238
242
269
285
298
294
280
283
295
284
275
278
289
287
275
274
284
296
279
269
261
252
234
202
192
194
185
160
152
146
117
80
44
21
-14
-51
-83
-72
-85
-104
-124
-145
-164
-211
-237
-244
-248
-270
-294
-306
-306
-313
-324
-326
-340
-350
-386
-402
-419
-441
-467
-486
-476
-495
-499
-500
-482
-462
-451
-442
-431
-408
-401
-390
-364
-338
-295
-272
-244
-215
-209
-192
-187
-158
-108
-52
-17
22
61
99
141
171
203
228
249
266
294
327
336
336
348
364
387
397
413
436
440
427
425
442
444
430
432
436
427
410
391
385
360
345
329
318
305
282
267
247
246
232
216
198
175
140
109
77
63
40
14
-4
-31
-40
-67
-105
-133
-151
-174
-213
-229
-246
-270
-288
-319
-329
-344
-366
-369
-367
-373
-404
-414
-417
-403
-403
-417
-392
-351
-326
-325
-300
-258
-245
-239
-224
-180
-146
-141
-106
-64
-27
-11
18
68
90
130
170
213
239
268
297
330
367
391
408
427
445
447
464
469
469
476
489
500
490
494
496
473
453
441
421
385
342
310
293
283
257
248
233
217
217
188
189
173
138
119
84
61
36
0
-13
-41
-60
-88
-114
-142
-165
-176
-210
-227
-250
-277
-287
-314
-337
-341
-362
-379
-395
-406
-419
-447
-438
-441
-433
-429
-429
-406
-394
-400
-388
-370
-355
-334
-311
-285
-254
-228
-214
-167
-156
-146
-108
-75
-48
-10
19
37
46
78
112
152
178
198
235
255
269
297
331
358
363
382
406
426
427
417
427
433
426
430
453
446
440
442
440
439
441
443
446
426
395
382
364
356
341
332
331
309
276
266
256
236
202
178
165
135
123
113
111
95
76
55
51
34
5
-7
-14
-44
-79
-78
-89
-120
-150
-162
-186
-205
-212
-217
-203
-211
-215
-216
-227
-210
-216
-202
-192
-199
-184
-182
-169
-161
-144
-112
-91
-57
-38
-10
22
46
87
114
127
154
183
196
200
220
243
261
282
311
337
343
361
372
391
403
403
415
428
446
437
422
428
442
412
394
383
376
371
347
350
349
338
328
313
283
259
245
224
211
207
202
195
171
142
137
119
84
75
65
39
21
22
16
-10
-44
-72
-90
-124
-148
-182
-207
-214
-226
-223
-226
-228
-255
-269
-275
-289
-295
-302
-301
-292
-294
-305
-301
-277
-269
-267
-261
-231
-203
-194
-177
-138
-119
-97
-86
-67
-12
5
16
51
76
91
90
111
154
177
191
211
248
287
307
352
381
397
400
417
440
449
456
462
475
474
488
489
498
502
495
504
501
500
492
480
461
434
400
377
378
352
331
330
308
278
251
236
219
180
153
133
110
93
80
75
65
32
29
26
11
-7
-40
-38
-44
-83
-94
-108
-109
-124
-148
-126
-138
-152
-163
-163
-146
-169
-175
-167
-151
-140
-126
-111
-87
-85
-79
-70
-58
-46
-44
-32
-28
-14
-2
41
57
89
113
133
166
170
189
217
220
220
239
263
269
275
312
353
360
368
386
406
413
411
402
406
400
380
375
377
368
364
366
361
363
349
339
331
321
316
304
278
277
269
249
217
210
186
150
143
125
117
84
59
48
31
32
15
-11
-20
-33
-59
-64
-81
-95
-120
-140
-157
-163
-166
-195
-210
-206
-185
-184
-186
-179
-177
-179
-174
-153
-131
-117
-123
-92
-67
-67
-67
-48
-27
-11
23
52
97
122
137
156
187
203
206
221
249
264
295
300
339
363
374
412
417
447
451
446
461
463
480
494
492
499
492
482
478
453
452
448
441
413
397
411
414
392
370
374
361
335
307
307
282
254
223
221
213
186
176
174
166
138
129
105
95
74
36
19
12
10
1
-32
-48
-66
-87
-103
-110
-124
-149
-165
-178
-188
-216
-229
-246
-247
-255
-271
-273
-253
-269
-274
-244
-255
-245
-249
-236
-230
-227
-206
-179
-163
-134
-109
-101
-68
-53
-34
-15
2
26
52
70
117
135
168
198
206
226
248
274
291
298
310
322
328
326
326
351
360
373
380
392
386
382
393
392
371
362
360
355
335
304
303
289
270
238
232
230
201
181
181
176
148
101
70
51
28
-7
-24
-38
-41
-65
-77
-68
-84
-108
-115
-117
-125
-142
-157
-170
-172
-177
-186
-186
-188
-191
-192
-190
-172
-157
-145
-141
-149
-150
-148
-146
-156
-124
-95
-88
-67
-46
-12
3
3
29
45
60
67
97
128
153
160
174
224
247
264
275
313
336
332
353
356
373
381
386
403
412
398
401
399
381
366
369
381
386
393
383
380
378
356
332
317
300
272
255
267
268
253
226
208
207
188
167
153
147
147
104
62
48
31
10
-13
-26
-40
-60
-98
-120
-130
-141
-156
-163
-158
-156
-167
-185
-189
-180
-191
-196
-202
-195
-195
-201
-211
-196
-201
-229
-215
-202
-183
-180
-188
-164
-144
-150
-141
-115
-74
-32
-33
-12
16
48
45
56
96
119
144
150
192
219
242
278
288
316
330
346
379
381
404
422
426
432
444
456
463
466
476
466
449
449
451
461
449
447
460
447
420
367
329
328
308
307
326
332
331
315
307
303
281
228
195
177
145
113
85
73
73
47
6
-12
-23
-63
-112
-137
-161
-182
-206
-216
-200
-207
-231
-254
-256
-264
-281
-285
-294
-296
-295
-303
-292
-276
-279
-277
-257
-228
-205
-202
-194
-194
-186
-181
-183
-167
-157
-149
-136
-115
-70
-37
-17
18
39
64
85
106
132
161
178
175
181
205
221
217
241
272
288
282
283
310
317
319
305
307
327
304
291
288
292
269
233
231
232
219
197
194
197
176
151
135
120
108
84
78
69
45
26
-7
-27
-59
-92
-114
-143
-162
-174
-194
-204
-214
-223
-222
-222
-229
-242
-246
-265
-272
-272
-275
-277
-287
-277
-264
-268
-267
-249
-232
-239
-235
-230
-215
-239
-247
-206
-192
-206
-191
-178
-153
-131
-130
-103
-84
-75
-58
-23
16
38
57
90
119
129
139
144
155
153
164
184
199
204
206
228
237
255
259
268
280
273
283
278
270
262
258
237
232
236
242
257
245
228
227
223
208
202
198
192
165
172
169
168
144
115
104
78
55
36
7
-7
-30
-45
-59
-74
-86
-108
-118
-134
-163
-178
-180
-195
-220
-228
-222
-236
-240
-230
-227
-231
-238
-250
-260
-273
-274
-254
-256
-262
-251
-239
-238
-223
-210
-196
-186
-194
-208
-195
-189
-183
-163
-152
-142
-142
-126
-109
-97
-73
-56
-26
0
21
36
45
77
85
105
118
129
148
161
176
186
207
222
227
238
236
233
238
233
226
229
218
210
186
165
150
128
127
142
124
114
99
72
61
34
26
2
-18
-29
-44
-52
-73
-83
-109
-129
-148
-156
-150
-174
-192
-194
-197
-206
-223
-237
-230
-247
-247
-242
-239
-238
-259
-249
-243
-242
-250
-253
-242
-228
-239
-232
-206
-210
-206
-191
-170
-172
-173
-157
-133
-119
-117
-101
-72
-67
-56
-41
-36
-32
-25
-11
5
5
15
32
42
53
42
61
96
98
108
136
140
146
131
142
161
146
129
139
149
134
136
139
146
121
126
139
140
118
103
103
84
83
84
91
85
65
42
26
31
7
6
4
-15
-35
-58
-56
-61
-93
-118
-124
-122
-129
-151
-148
-154
-183
-187
-198
-202
-220
-240
-241
-249
-273
-285
-289
-309
-308
-311
-306
-320
-332
-332
-330
-330
-339
-323
-305
-298
-300
-290
-279
-263
-262
-250
-233
-235
-211
-194
-174
-145
-136
-121
-96
-67
-57
-37
-20
-22
-31
-25
1
14
10
30
53
44
51
60
73
69
47
50
50
49
45
32
32
35
23
17
5
-17
-30
-39
-41
-32
-45
-61
-69
-87
-87
-83
-92
-112
-138
-145
-152
-168
-149
-156
-161
-172
-184
-182
-198
-203
-205
-199
-194
-219
-221
-210
-202
-195
-198
-187
-188
-196
-197
-182
-177
-175
-179
-164
-173
-191
-185
-181
-167
-158
-140
-135
-119
-121
-119
-100
-92
-94
-99
-88
-72
-61
-70
-59
-47
-40
-28
-1
15
19
26
35
58
67
70
80
92
99
89
103
116
109
108
115
109
95
82
84
83
78
74
67
67
50
33
14
-13
-24
-47
-51
-61
-86
-93
-90
-109
-142
-153
-159
-174
-190
-201
-189
-186
-203
-208
-209
-215
-240
-252
-260
-274
-293
-295
-281
-274
-270
-269
-274
-266
-272
-274
-254
-260
-270
-261
-252
-256
-272
-281
-267
-259
-265
-256
-226
-209
-212
-211
-202
-187
-184
-183
-155
-135
-131
-129
-122
-125
-119
-98
-86
-62
-52
-66
-54
-45
-42
-41
-40
-36
-34
-37
-38
-35
-33
-35
-29
-23
-23
-29
-19
-18
-23
-10
-9
-28
-42
-42
-31
-42
-39
-39
-50
-57
-74
-68
-62
-75
-103
-105
-110
-134
-139
-145
-152
-150
-176
-184
-200
-209
-212
-233
-236
-237
-245
-251
-242
-234
-236
-236
-236
-234
-236
-252
-245
-244
-240
-250
-241
-231
-236
-249
-259
-256
-253
-264
-273
-259
-265
-248
-246
-234
-227
-244
-228
-218
-207
-197
-191
-180
-168
-159
-139
-122
-117
-104
-81
-62
-63
-52
-42
-19
-17
-8
5
9
18
16
23
30
29
27
18
26
8
6
8
-3
-8
-16
-8
-7
-15
-27
-24
-31
-52
-49
-39
-48
-51
-68
-68
-70
-91
-103
-118
-132
-146
-162
-168
-161
-162
-161
-158
-157
-167
-180
-174
-160
-178
-173
-170
-178
-171
-173
-181
-197
-196
-197
-190
-183
-189
-175
-166
-172
-169
-173
-161
-170
-186
-168
-155
-147
-142
-129
-108
-102
-111
-93
-71
-70
-69
-57
-49
-45
-44
-43
-22
-12
-1
17
28
31
42
60
76
68
63
44
59
78
90
103
107
106
111
113
117
127
131
132
124
127
108
108
101
102
105
101
75
77
65
40
33
6
10
8
-9
-26
-29
-42
-51
-63
-73
-85
-116
-134
-148
-176
-182
-195
-202
-212
-220
-224
-235
-240
-257
-270
-281
-295
-304
-307
-310
-330
-343
-349
-331
-332
-329
-319
-301
-286
-299
-276
-263
-258
-256
-249
-233
-229
-231
-215
-180
-174
-164
-142
-120
-103
-90
-68
-38
-23
-22
-3
13
23
27
48
59
51
65
77
83
108
107
125
143
147
158
159
161
163
151
142
150
148
141
133
125
105
96
80
75
45
24
30
29
23
4
4
-10
-40
-53
-54
-60
-73
-102
-95
-100
-117
-110
-113
-113
-126
-128
-120
-119
-124
-126
-115
-120
-126
-147
-156
-147
-139
-132
-122
-133
-137
-125
-121
-106
-96
-85
-75
-72
-65
-69
-66
-61
-51
-28
-35
-48
-57
-57
-73
-75
-76
-68
-48
-51
-43
-31
-28
-20
-12
-4
17
22
21
31
39
48
58
76
86
84
85
98
88
81
96
94
107
107
96
103
106
99
96
92
84
73
65
60
46
49
54
44
39
43
49
56
44
36
30
6
-18
-33
-35
-32
-40
-44
-47
-57
-62
-68
-71
-91
-123
-112
-103
-113
-117
-123
-118
-116
-108
-107
-123
-123
-141
-133
-137
-161
-171
-170
-177
-180
-184
-185
-187
-189
-187
-186
-160
-151
-143
-124
-112
-85
-88
-80
-61
-44
-25
-27
-14
10
41
47
66
86
114
124
120
145
169
184
186
199
212
204
185
183
193
203
200
220
232
207
175
160
153
154
125
104
95
100
88
63
50
33
29
7
11
23
23
23
11
3
-8
-12
-14
-17
-7
-11
-21
-28
-9
-1
14
34
55
67
55
46
37
37
45
37
44
43
42
49
36
43
53
35
40
55
52
47
44
47
41
30
19
22
32
25
25
20
2
-6
-25
-18
-6
-2
-11
-8
9
0
3
-7
-11
-20
-36
-33
-22
-11
-16
-27
-22
0
-7
-10
-4
10
26
20
32
48
46
25
32
47
58
57
51
55
47
49
45
42
38
29
6
2
10
11
13
5
-2
4
-3
-19
-17
-22
-22
-42
-29
-9
9
-1
-8
4
-4
-21
-37
-25
-26
-17
-26
-11
9
5
-8
-19
-22
-23
-30
-38
-20
-21
-26
-21
-6
-8
-27
-28
-20
-11
-11
-14
-21
-16
-21
-15
-11
-4
3
-1
13
17
21
17
30
47
59
77
91
115
128
143
150
164
191
191
207
203
216
213
200
195
181
190
189
187
196
193
196
189
189
192
180
173
162
148
145
124
113
94
80
72
74
70
54
52
40
46
45
30
30
32
44
69
77
62
48
45
35
41
24
-1
-9
-12
12
17
10
0
8
0
-2
-6
-7
-23
-36
-27
-20
-6
-17
-27
-24
-23
-9
-20
-40
-43
-45
-10
11
27
34
37
33
49
61
57
59
78
83
87
107
120
132
126
139
167
183
181
184
188
202
200
191
185
187
180
183
182
183
197
197
201
202
208
200
194
185
177
168
162
157
168
173
170
167
149
138
134
136
123
113
96
98
101
117
115
111
123
126
135
140
135
142
145
149
156
166
174
162
151
168
172
179
192
191
187
173
156
147
147
152
156
159
165
159
152
135
112
104
107
112
120
136
128
117
104
107
110
100
106
108
115
116
116
124
150
152
145
156
148
160
154
153
156
155
168
166
180
190
188
162
146
137
128
133
119
116
118
105
92
59
41
13
-13
-8
-27
-40
-45
-57
-49
-57
-66
-66
-79
-90
-109
-109
-111
-116
-105
-98
-100
-113
-122
-122
-121
-124
-125
-123
-114
-109
-101
-96
-120
-116
-111
-102
-100
-111
-89
-75
-58
-35
-25
-22
-17
-1
14
26
46
60
80
91
87
87
77
85
93
101
122
129
123
146
165
161
149
142
153
167
168
182
205
210
217
225
239
244
249
245
272
280
273
278
271
270
272
264
272
270
253
230
223
216
193
177
178
171
174
160
157
158
141
125
106
120
119
93
90
91
85
87
76
80
96
94
94
101
91
71
67
65
61
70
78
95
111
106
108
124
125
124
138
142
144
159
154
155
156
158
166
146
131
137
144
158
149
145
156
130
123
97
88
86
70
59
53
45
31
41
51
56
54
38
62
75
89
91
99
117
111
114
136
143
145
143
140
145
127
125
126
128
106
112
111
113
116
105
109
101
105
104
103
115
119
106
123
115
106
91
71
72
63
59
54
48
28
9
6
-8
-30
-48
-57
-53
-52
-60
-43
-47
-48
-50
-57
-50
-62
-73
-93
-88
-92
-89
-82
-71
-65
-74
-71
-69
-74
-92
-79
-70
-56
-47
-20
-21
-30
-38
-24
-2
-30
-47
-31
-21
-5
14
29
53
69
83
102
129
140
125
133
153
165
169
168
187
187
187
196
208
199
179
179
191
204
220
209
219
221
224
209
193
171
146
151
148
137
134
120
111
100
65
48
24
6
-1
-16
-30
-45
-44
-41
-54
-49
-47
-37
-44
-33
-33
-39
-39
-31
-31
-27
-16
-33
-21
-7
-4
-1
5
4
5
8
19
22
5
-1
-10
-9
-24
-24
-6
-14
-11
-4
-6
12
5
11
22
22
20
18
26
20
13
27
29
17
12
13
20
25
41
43
53
62
68
77
106
113
125
119
128
130
135
151
165
181
176
175
169
174
177
183
203
199
178
192
197
191
170
138
139
142
122
112
112
98
67
59
67
57
39
31
26
27
4
8
7
-17
-43
-45
-42
-50
-70
-83
-78
-88
-76
-88
-86
-79
-77
-72
-66
-65
-82
-100
-107
-93
-86
-77
-74
-79
-82
-76
-68
-65
-64
-53
-32
-27
-36
-45
-34
-23
-23
2
8
1
25
20
20
29
28
49
72
86
93
103
117
138
158
164
168
168
169
185
176
171
193
190
189
192
195
178
165
156
151
147
133
125
122
120
100
95
83
96
71
42
17
-16
-12
-13
-22
-23
-17
-18
-15
-32
-41
-54
-63
-74
-81
-64
-55
-65
-65
-73
-69
-85
-106
-111
-110
-86
-81
-78
-64
-69
-67
-49
-50
-54
-65
-77
-69
-81
-92
-75
-66
-52
-50
-44
-43
-55
-57
-46
-44
-55
-55
-52
-52
-61
-44
-35
-25
6
4
22
22
3
-11
-23
-14
-8
1
18
34
29
33
34
52
45
30
30
35
55
48
36
28
18
17
30
41
50
55
42
35
24
23
36
18
14
0
1
10
4
18
23
22
14
22
19
11
-4
-19
-24
-20
-5
2
9
5
5
12
8
13
14
17
26
17
20
41
34
20
36
35
28
25
15
11
1
1
-10
-11
-14
-27
-30
-32
-46
-61
-57
-73
-80
-76
-73
-79
-70
-72
-63
-46
-44
-32
-20
-14
-12
-16
5
23
34
49
42
29
42
50
50
41
30
25
21
28
30
35
33
