-24
-19
-10
-8
-15
1
-1
-6
-15
-36
-34
-48
-55
-44
-24
-17
-22
-42
-55
-55
-79
-67
-59
-41
-32
-26
-36
-47
-30
-52
-78
-73
-90
-69
-80
-79
-64
-67
-64
-75
-78
-94
-93
-55
-49
-42
-32
-32
-24
-31
-48
-60
-57
-63
-65
-71
-67
-70
-69
-75
-56
-67
-66
-61
-81
-67
-71
-33
-3
8
30
28
42
35
32
49
62
63
70
87
107
97
77
60
40
2
-19
-24
-31
-54
-75
-69
-69
-101
-106
-107
-120
-96
-79
-54
-36
-50
-51
-59
-58
-69
-82
-85
-84
-58
-76
-94
-89
-70
-70
-40
-33
-29
-26
-46
-55
-63
-64
-67
-60
-62
-57
-51
-49
-38
-17
-33
-40
-23
-28
-21
-40
-54
-40
-38
-38
-22
-9
1
22
8
15
34
28
50
59
53
53
94
99
84
82
57
53
43
22
39
12
-18
-25
-49
-52
-68
-69
-84
-87
-100
-99
-79
-80
-70
-65
-50
-57
-68
-58
-50
-41
-29
-39
-41
-26
-27
-19
-33
-63
-60
-46
-63
-55
-47
-57
-49
-55
-78
-69
-83
-79
-77
-75
-36
-4
18
14
20
50
82
112
149
173
174
190
184
177
176
165
164
139
140
142
113
91
66
44
26
31
37
21
5
-12
-7
-12
-10
1
-5
-5
-9
-20
-28
-44
-34
-30
-18
-40
-53
-63
-71
-67
-79
-69
-46
-30
-40
-44
-30
-5
-5
-43
-53
-51
-47
-33
-32
-3
16
8
10
16
28
28
23
50
74
79
91
90
91
87
96
127
141
147
152
138
124
118
107
78
60
24
24
25
-17
-54
-78
-81
-100
-112
-139
-127
-119
-120
-131
-148
-136
-122
-103
-66
-24
-9
36
32
38
62
63
86
84
94
105
83
80
78
51
45
22
12
9
-21
-18
-18
-16
-16
-17
-7
-8
-8
7
22
36
40
28
38
37
52
50
32
47
43
32
44
24
25
25
-5
-14
-28
-48
-45
-62
-65
-38
-65
-43
-31
-46
-40
-36
-10
18
16
8
18
32
28
35
34
39
62
90
97
98
80
75
80
94
97
76
93
62
48
60
53
54
46
26
12
11
33
40
59
77
76
73
68
86
120
147
163
195
201
204
222
219
233
227
221
239
227
211
181
163
148
127
123
105
96
91
74
77
59
51
48
58
76
83
74
55
61
78
68
83
103
108
142
163
169
208
227
228
215
215
218
206
190
165
148
110
87
55
45
19
14
38
40
37
46
35
18
42
67
78
85
98
100
110
123
117
148
158
136
160
159
150
171
149
137
138
116
107
119
86
57
42
-11
-28
-31
-47
-46
-65
-76
-81
-74
-72
-79
-62
-68
-73
-64
-63
-41
-9
14
61
82
90
111
124
131
128
115
122
127
133
142
124
91
66
61
52
53
76
75
81
81
43
50
43
28
45
25
55
81
64
41
28
52
58
62
79
72
77
65
81
96
102
104
128
141
154
152
143
153
126
127
120
105
121
133
134
119
114
106
137
160
163
169
151
152
147
156
159
151
132
138
137
111
99
85
84
59
55
62
79
67
50
49
39
32
42
71
93
124
141
146
144
155
179
203
230
239
238
247
254
241
227
243
256
266
255
246
245
255
249
228
195
172
182
174
175
166
148
125
96
56
33
12
22
0
5
11
-18
-32
-27
-33
-17
10
27
57
56
43
25
26
14
15
24
-1
-34
-41
-57
-66
-65
-111
-111
-92
-89
-79
-93
-102
-113
-108
-94
-62
-72
-39
3
-3
40
40
51
94
130
154
164
185
215
241
234
222
215
215
206
208
239
230
191
161
144
142
104
93
92
77
54
17
1
-16
-44
-49
-65
-51
-40
-35
-28
-23
-5
6
13
13
-13
12
34
40
57
74
94
95
90
90
89
108
143
148
156
184
179
177
178
153
134
140
144
143
151
144
127
115
118
120
107
135
123
152
159
141
170
152
150
126
120
124
98
90
56
43
-10
-42
-40
-36
-24
-24
-36
-39
-22
-59
-55
-54
-58
-46
-16
12
2
-10
-24
-15
-6
-17
-38
-13
-16
-42
-67
-87
-81
-91
-104
-98
-90
-82
-50
-55
-48
-26
-55
-32
-14
-1
16
26
23
41
32
12
59
81
80
86
76
109
103
108
131
124
137
103
87
106
78
69
86
69
57
23
10
0
-34
-49
-58
-51
-49
-63
-54
-75
-90
-88
-87
-75
-39
4
18
38
32
21
31
38
47
77
97
113
110
86
73
89
71
39
20
-13
-15
-22
-28
-29
-50
-87
-70
-67
-61
-29
-18
0
29
27
45
79
73
121
158
188
213
213
225
203
203
192
192
208
213
207
151
126
105
89
81
77
52
43
43
16
4
-47
-59
-73
-92
-83
-109
-121
-131
-147
-155
-165
-171
-168
-150
-130
-107
-77
-73
-63
-63
-68
-67
-44
-20
-41
-30
-40
-57
-49
-78
-66
-30
-52
-40
-26
-11
26
24
18
26
43
39
26
17
25
31
40
32
18
3
8
2
-5
-19
-45
-65
-45
-50
-67
-80
-71
-84
-96
-114
-114
-105
-114
-106
-123
-125
-126
-116
-116
-108
-122
-122
-134
-157
-146
-159
-131
-127
-146
-119
-123
-143
-138
-116
-93
-98
-114
-134
-107
-78
-76
-77
-73
-75
-51
-42
-33
-20
18
57
81
87
86
104
134
126
139
150
153
159
158
171
127
99
89
76
71
52
13
-19
-51
-60
-72
-76
-94
-102
-95
-111
-110
-109
-130
-107
-107
-118
-125
-114
-86
-99
-99
-91
-87
-62
-48
-21
-24
-28
-38
-31
-34
-23
-24
-40
-28
-51
-67
-80
-74
-68
-86
-72
-69
-65
-60
-57
-50
-20
17
33
26
16
10
17
13
25
8
12
32
28
25
2
-1
-7
-30
-58
-69
-67
-61
-90
-90
-87
-92
-83
-109
-121
-112
-98
-98
-100
-109
-125
-138
-169
-180
-163
-145
-150
-165
-154
-165
-147
-137
-136
-117
-107
-108
-107
-95
-105
-113
-136
-124
-129
-125
-127
-126
-150
-174
-147
-144
-126
-128
-106
-110
-102
-95
-109
-86
-59
-37
-36
-38
-53
-44
-28
-9
-19
-25
-22
-19
-18
-49
-55
-45
-42
-67
-81
-78
-61
-54
-50
-44
-80
-91
-83
-97
-83
-77
-79
-98
-117
-126
-147
-154
-162
-157
-141
-125
-105
-77
-95
-98
-89
-99
-79
-72
-72
-86
-93
-83
-67
-81
-74
-45
-27
19
25
29
62
88
85
81
76
81
93
72
58
39
29
26
30
17
4
13
8
2
-17
-45
-66
-57
-61
-61
-64
-86
-83
-78
-76
-87
-98
-114
-115
-108
-94
-93
-85
-101
-147
-145
-169
-168
-200
-188
-241
-212
-240
-223
-257
-212
-276
-147
544
-247
-741
-576
-430
-186
126
64
114
-171
-26
89
-332
-322
-100
101
198
20
52
225
136
77
203
251
23
-93
-84
-28
-22
30
158
169
43
-139
-180
-141
-137
-164
-221
-217
-285
-265
-139
-156
-235
-241
-267
-275
-217
-174
-161
-190
-177
-111
-97
-67
-64
-58
-60
-102
-135
-138
-137
-133
-126
-129
-114
-148
-154
-168
-148
-129
-160
-166
-136
-128
-120
-94
-86
-67
-45
-46
-23
-49
-46
-8
-1
-1
-14
-6
29
61
67
54
66
67
67
98
113
91
99
94
88
99
82
87
66
9
-37
-55
-51
-60
-74
-88
-103
-117
-118
-109
-87
-76
-91
-109
-96
-68
-41
-29
-47
-56
-66
-89
-106
-100
-83
-100
-144
-138
-127
-115
-90
-70
-61
-30
-22
-6
2
18
64
77
89
117
73
61
54
19
10
-12
-33
-57
-46
-56
-85
-75
-69
-54
-30
-29
5
47
50
57
64
56
42
43
31
53
47
-4
-28
-48
-73
-80
-107
-130
-136
-138
-167
-182
-145
-115
-137
-165
-169
-198
-199
-170
-186
-208
-245
-266
-262
-247
-207
-173
-145
-150
-152
-95
-30
-9
64
94
101
118
124
196
229
211
222
231
229
228
201
152
133
103
62
23
3
2
34
56
46
33
-10
15
118
139
129
146
129
103
94
80
42
9
-23
-36
-51
-85
-84
-106
-91
-54
-64
-71
-67
-53
-59
-70
-87
-85
-90
-109
-150
-153
-136
-173
-197
-208
-210
-164
-137
-133
-119
-90
-54
-4
47
75
140
152
126
157
180
207
225
227
200
179
124
88
61
8
-20
-44
-85
-119
-111
-110
-88
-69
-63
-44
-40
-31
-33
-44
-24
-34
-57
-78
-99
-112
-140
-146
-163
-169
-178
-186
-169
-161
-162
-132
-110
-100
-93
-90
-66
-62
-69
-82
-86
-72
-75
-88
-113
-99
-101
-101
-108
-95
-84
-81
-46
-40
0
17
34
81
91
124
135
122
136
131
156
155
119
84
81
48
7
-6
-32
-43
-65
-58
-56
-59
-59
-39
-18
-18
-29
7
37
21
7
-3
-36
-59
-78
-85
-96
-131
-129
-133
-118
-145
-141
-121
-103
-111
-134
-100
-108
-69
-86
-98
-74
-45
-16
-21
4
-3
1
20
18
25
43
50
80
111
116
125
149
152
153
171
182
195
200
184
194
188
175
165
137
120
108
91
68
54
36
23
31
20
37
37
37
38
51
57
42
5
-11
-11
-36
-42
-63
-76
-95
-149
-179
-199
-209
-207
-219
-193
-179
-160
-178
-171
-161
-138
-93
-95
-45
-26
9
39
56
76
77
65
58
114
119
123
144
152
136
146
174
172
188
202
210
194
145
127
144
132
93
69
41
28
28
-6
-22
-14
-30
-9
-14
-29
4
27
59
73
73
92
91
64
40
27
26
18
12
10
1
-19
-40
-52
-69
-83
-109
-130
-110
-84
-109
-116
-117
-103
-107
-124
-112
-97
-57
-35
-24
-10
-9
-12
-6
16
39
69
72
76
104
123
173
206
210
241
263
265
283
271
264
235
189
142
130
99
71
65
16
14
-8
-54
-67
-72
-75
-84
-92
-78
-40
-47
-54
-80
-107
-111
-118
-98
-100
-91
-90
-90
-111
-91
-69
-61
-44
-60
-42
-45
-38
-35
-23
-6
-18
-12
-2
13
27
13
18
28
24
26
42
79
85
88
86
99
106
124
137
133
142
173
221
218
200
185
161
140
128
98
89
72
60
57
40
65
63
62
75
80
66
80
76
73
86
56
42
39
11
1
2
-26
-37
-42
-42
-45
-36
-25
-37
-38
-42
-28
-11
-31
-15
-18
7
36
24
21
24
16
16
27
39
64
90
100
88
101
81
83
116
123
141
149
129
139
166
146
150
161
156
153
131
124
117
88
80
64
36
18
28
40
42
64
69
94
104
98
92
84
82
79
68
64
51
47
16
-32
-32
-46
-80
-81
-80
-76
-89
-110
-99
-90
-98
-129
-121
-88
-52
-27
-35
-11
17
9
6
28
40
55
60
84
109
126
135
144
131
114
129
117
121
133
137
152
161
162
180
224
222
188
181
159
157
154
110
96
89
66
65
61
68
65
55
59
79
101
109
121
105
89
75
39
33
58
45
28
-1
-18
2
3
14
2
2
24
16
-5
-12
-1
8
38
68
95
129
145
119
125
143
196
223
213
226
242
279
247
250
241
229
221
176
172
172
140
128
96
81
101
56
36
18
-17
-26
-71
-78
-97
-107
-116
-155
-139
-119
-102
-79
-61
-58
-38
-31
-21
15
14
29
41
37
46
45
38
46
29
4
10
-8
-20
-7
7
19
39
43
52
60
74
78
106
128
163
197
216
251
267
285
298
302
301
307
311
292
255
259
230
199
194
178
176
168
144
130
110
78
82
70
66
72
42
25
19
-6
-12
-34
-39
-51
-57
-35
-39
-37
-28
-35
-25
-26
-32
-46
-51
-46
-28
-7
-19
-11
-12
-38
-51
-49
-46
-17
-9
-1
1
-17
-18
8
35
46
64
62
88
130
146
152
165
170
175
183
198
213
220
202
178
164
142
151
146
133
132
93
91
86
77
92
57
77
78
60
52
47
43
43
32
4
-15
-36
-41
-52
-55
-75
-86
-90
-106
-118
-135
-147
-158
-171
-169
-142
-138
-131
-115
-105
-88
-119
-103
-107
-85
-71
-59
-36
-17
13
22
58
81
80
98
135
169
188
226
273
294
320
341
360
351
357
341
324
317
278
274
252
254
240
214
215
180
170
136
113
123
122
110
94
101
100
108
71
49
54
34
51
28
25
14
-3
8
2
0
5
-10
-25
2
5
5
-14
-25
-50
-42
-30
-37
-22
-11
2
14
52
84
107
110
122
136
147
178
175
196
211
214
246
259
281
295
282
299
270
242
235
232
213
195
169
147
112
76
39
-3
-28
-81
-65
-59
-51
-23
-35
-24
8
-10
-21
-9
-32
-37
-45
-75
-80
-80
-93
-106
-105
-123
-144
-142
-149
-141
-136
-145
-126
-108
-103
-80
-85
-86
-42
-46
-20
20
21
58
61
69
87
87
80
76
94
89
88
88
83
95
104
113
123
123
106
105
98
93
85
73
47
30
32
1
-15
-41
-59
-65
-60
-63
-45
-8
-1
11
28
43
74
76
82
92
84
53
33
33
21
10
-28
-65
-101
-119
-137
-121
-113
-125
-126
-150
-152
-130
-108
-60
-41
-48
-49
-58
-31
14
6
-3
-7
-16
-6
-14
-9
-20
-12
-4
-43
-33
-20
-6
9
17
23
30
34
39
49
68
57
51
26
-23
-24
-55
-79
-91
-140
-117
-93
-102
-79
-62
-46
-46
-55
-36
-4
10
-3
-10
-14
-38
-56
-76
-126
-119
-131
-164
-177
-190
-186
-182
-190
-187
-138
-122
-116
-106
-100
-65
-41
-24
-7
23
53
42
54
61
52
59
42
13
8
17
13
31
36
37
39
4
9
32
48
66
62
67
54
61
29
-3
-15
-40
-45
-60
-101
-123
-129
-133
-151
-134
-129
-119
-98
-115
-93
-82
-95
-102
-126
-122
-143
-163
-176
-181
-188
-197
-187
-158
-134
-113
-99
-83
-39
-37
-1
37
61
103
122
134
170
196
211
223
205
211
203
175
179
174
153
144
113
104
86
45
8
-11
-11
-45
-56
-78
-66
-76
-96
-89
-103
-106
-118
-146
-148
-159
-153
-173
-168
-150
-164
-160
-164
-155
-151
-147
-150
-158
-135
-160
-159
-163
-171
-173
-179
-183
-172
-159
-153
-133
-122
-87
-67
-41
6
37
47
60
75
63
64
58
67
97
117
103
102
87
68
67
8
-12
-15
-21
-4
-16
-40
-49
-70
-116
-125
-125
-129
-116
-104
-93
-72
-85
-76
-74
-92
-94
-118
-114
-83
-69
-75
-96
-99
-102
-128
-141
-146
-155
-157
-180
-198
-232
-246
-229
-242
-238
-245
-234
-231
-225
-202
-186
-171
-159
-101
-78
-48
-32
-24
-15
-16
-12
-16
-21
-14
-24
-7
32
57
66
62
65
62
37
26
20
12
11
-6
-12
-13
-63
-105
-139
-150
-141
-158
-154
-118
-76
-65
-70
-88
-98
-94
-92
-83
-63
-73
-67
-70
-105
-113
-151
-194
-240
-274
-272
-282
-302
-304
-318
-309
-292
-291
-258
-254
-228
-199
-181
-127
-113
-98
-77
-73
-38
-15
11
5
-34
-40
-74
-72
-49
-37
-25
-20
-16
-13
-12
-4
-16
-36
-47
-56
-22
5
1
-14
-255
-416
-374
-346
-254
-148
-188
-100
92
154
84
-177
-328
-256
-129
-64
-166
-195
-41
34
-14
-141
-285
-306
-306
-370
-462
-469
-375
-274
-241
-302
-371
-331
-281
-297
-336
-362
-318
-226
-155
-82
-63
-7
48
61
67
25
3
2
-8
-13
-1
33
83
84
65
25
-22
-50
-92
-116
-80
-10
42
80
82
97
95
82
45
-23
-26
-11
34
65
48
53
78
78
80
52
35
25
-34
-47
-55
-78
-69
-102
-123
-129
-175
-192
-218
-257
-294
-304
-254
-231
-248
-202
-157
-145
-109
-79
-49
-23
0
8
11
27
36
29
37
41
59
62
77
68
33
8
-44
-94
-115
-127
-157
-146
-130
-124
-125
-157
-166
-135
-184
-204
-190
-179
-149
-106
-97
-97
-79
-90
-120
-135
-116
-118
-145
-179
-184
-143
-155
-181
-182
-231
-242
-294
-327
-322
-318
-326
-289
-265
-248
-235
-292
-267
-266
-264
-223
-217
-198
-142
-151
-120
-75
-26
22
-1
-43
-86
-85
-104
-142
-145
-130
-86
-58
-48
-98
-164
-230
-293
-319
-328
-280
-221
-170
-126
-123
-129
-151
-204
-220
-197
-161
-95
-34
-5
35
14
-29
-60
-131
-167
-206
-207
-207
-232
-195
-224
-278
-275
-316
-389
-390
-364
-356
-336
-256
-299
-334
-279
-282
-299
-236
-208
-184
-146
-111
-66
-50
-29
-22
-1
14
46
5
-14
8
8
32
39
5
-49
-60
-87
-103
-58
-138
-167
-201
-232
-192
-204
-198
-184
-144
-110
-174
-198
-181
-160
-122
-95
-52
-46
-30
-3
-48
-72
-3
-33
-119
-129
-131
-176
-152
-187
-231
-282
-304
-311
-346
-336
-314
-331
-300
-278
-330
-253
-302
-256
-173
-207
-202
-139
-61
-22
-24
2
62
15
107
93
41
141
155
89
93
100
104
61
26
18
8
12
-17
-37
-66
-122
-57
-55
-134
-101
-76
-103
-62
-33
-84
-97
-29
-30
20
10
-6
40
115
85
-63
37
-73
-107
-28
-125
-89
-150
-218
-196
-233
-214
-298
-241
-213
-191
-202
-111
-194
-103
-80
-68
-58
-126
72
83
112
87
53
168
220
156
171
151
104
171
87
97
47
32
55
10
53
12
-91
34
2
-185
-59
-22
-78
-71
20
9
-11
27
74
49
30
125
161
91
205
209
66
237
157
28
229
100
41
82
-11
72
-85
-103
-32
-151
-188
-147
-212
-209
-299
-174
-236
-161
-106
-217
-11
-149
14
-85
-11
19
18
184
80
136
220
137
186
180
-84
319
-18
-22
249
-94
43
153
-80
-21
26
-180
15
-55
-114
115
-108
-20
133
-83
4
151
-18
-1
228
-58
213
180
46
279
78
51
305
31
-65
260
-239
-64
84
-313
-83
-137
-244
-153
-307
-148
-264
-410
-16
-370
-342
35
-281
-157
158
-207
7
136
-38
140
32
84
270
112
97
395
-28
163
261
-95
136
-8
20
28
-72
175
-35
-102
181
-115
7
15
24
3
9
223
33
-50
325
126
-8
280
151
131
168
183
142
73
136
67
-19
94
34
-299
199
-217
-325
-35
-226
-360
-288
-6
-410
-274
-98
-195
-523
95
-222
-420
50
84
-453
242
182
-371
376
234
-153
321
318
90
58
396
259
-294
360
327
-363
80
452
-259
-289
332
-25
-484
365
61
-450
163
137
-271
79
189
-28
63
186
329
-159
442
329
-137
709
233
45
624
348
24
426
428
-86
160
243
274
-621
606
17
-666
473
-234
-317
178
-325
77
-52
-201
398
-428
209
298
-267
387
364
-163
815
-132
378
483
52
500
306
232
431
173
21
717
-254
246
342
139
-62
328
206
-126
-44
450
-199
70
409
-12
273
73
133
417
70
375
184
226
490
41
498
134
234
517
236
153
332
267
247
62
431
-237
73
210
-328
20
-64
-171
173
-279
-295
498
-716
121
55
31
-171
367
115
135
111
336
349
-147
755
-33
472
126
203
301
220
105
539
-125
226
312
-176
167
136
-55
257
-116
261
295
-35
-75
524
-56
-264
1016
-367
47
751
-21
116
438
234
355
184
261
757
-436
574
530
-567
875
-139
-65
514
-335
-26
380
-612
199
266
-558
353
-421
291
-239
-23
295
-37
80
255
270
36
518
356
19
488
757
-199
824
566
-136
593
314
380
125
381
295
136
87
686
-188
-132
621
-389
535
55
-57
258
338
-382
500
-171
231
166
-117
376
93
1
335
-42
182
249
140
323
48
251
34
107
70
115
-438
400
-313
-186
-98
-141
-376
-146
-252
-359
-80
-485
107
-316
-45
-131
31
-57
74
-125
385
-179
372
327
-52
611
111
598
-331
831
-169
157
229
214
-114
405
85
-355
765
-710
276
31
-134
-419
795
-831
498
113
-563
554
-373
177
-71
-72
-189
602
-820
853
-102
-218
763
-388
-2
703
-528
-9
878
-908
542
21
-83
-52
-328
95
-418
-325
540
-857
167
237
-899
573
-424
-701
1110
-976
719
90
-57
462
503
-462
737
-133
518
254
333
920
-385
712
363
-120
239
295
142
193
203
332
229
71
178
585
-340
266
343
-251
389
118
38
477
-41
296
275
11
191
66
101
5
633
-138
244
-92
117
103
39
-344
671
-577
-93
407
-446
-443
494
-672
68
74
-545
259
-402
3
-166
259
-452
520
-315
-163
493
-139
-607
1555
-921
392
809
-805
992
-474
43
946
-633
316
492
-298
34
334
-562
197
199
-659
1087
-673
405
-111
53
-173
317
-296
220
138
-158
311
45
215
-566
984
-902
897
-175
-229
1122
-1110
463
399
-891
858
-166
-382
1026
-1171
785
-264
-749
752
-700
32
647
-984
1141
-490
-203
755
-607
311
58
-156
663
-377
186
674
-909
992
-164
-549
946
-571
183
766
-509
651
-112
306
134
111
-392
663
-429
255
626
-700
822
-599
689
-424
212
-144
478
-453
123
766
-853
726
289
290
-807
1539
-1055
316
242
-478
749
-515
252
719
-675
358
-80
-202
60
-286
361
-136
72
20
716
-870
1092
-797
703
-639
462
482
-777
1213
-374
167
483
-139
-134
533
-318
123
570
-852
1067
-667
438
225
-694
510
94
-457
526
-46
-632
1080
-1152
888
-457
607
-533
456
-608
443
-442
41
524
-1036
889
-421
310
-504
340
-552
409
-320
-418
467
-955
313
-317
-550
796
-1196
81
68
-880
-181
-107
-177
-149
-18
-580
1159
-1464
550
228
-244
-212
630
-86
6
444
-424
1365
-1261
604
908
-819
303
699
-1058
1267
-374
-268
1148
-1051
810
102
-248
224
-180
407
-44
-90
694
-570
570
127
-341
1078
-1013
1231
-528
257
301
404
-1097
1883
-1202
301
1065
-1184
878
42
-380
273
331
-1368
1644
-1601
522
189
-994
981
-553
-485
261
-412
141
-109
-22
301
-462
647
132
-449
1179
-668
576
422
-387
571
148
285
-13
884
-87
646
-450
739
-225
-61
41
493
-569
459
1003
-1554
1390
-270
-396
618
-213
-10
130
-312
925
-759
520
249
-162
127
216
-306
198
130
-818
1817
-1812
1364
-340
25
-465
876
-1099
718
-306
-707
1553
-1950
772
310
-1326
822
351
-1572
1432
-1206
-100
655
-1157
40
990
-2206
2441
-1352
-136
1389
-1225
576
491
-818
414
776
-1857
2820
-2349
1527
-449
110
-455
436
-655
250
0
-663
1336
-1766
1614
-1244
539
-281
421
-547
62
250
-460
698
-843
1109
-1197
1435
-1382
1318
-826
-354
1086
-1208
952
-753
191
-176
403
-981
1051
-896
-277
1104
-1740
1630
-1178
156
521
-372
-242
963
-1008
595
142
-771
859
-186
-565
1290
-729
183
962
-1077
943
-302
339
-212
672
-723
1183
-850
1024
-315
-68
588
-836
1060
-1110
1288
-1095
754
328
-345
199
415
-275
-6
599
-132
-433
731
-323
310
-463
809
-233
-110
348
-74
-673
316
224
-1243
728
-446
-283
34
-372
-153
45
-885
930
-1241
36
643
-1073
637
-67
-278
243
-109
-211
241
-328
196
-17
67
11
47
304
-188
-50
694
-766
493
242
-716
200
114
-153
43
175
-6
311
-1089
995
-566
-906
1313
-856
415
-142
327
-433
726
-1101
1018
-461
93
-129
564
-71
-460
1055
-830
529
-418
148
163
-434
-248
733
-1419
730
-17
-1445
1343
-1251
-176
1298
-1902
1107
-111
-1441
1928
-1698
948
326
-750
1064
-564
292
493
-738
600
-22
44
130
645
-461
707
-418
822
-1058
1010
-336
-400
1028
-740
585
-29
18
-380
817
-1193
1065
-1035
880
-333
-175
137
187
-739
943
-683
346
356
-900
1388
-1378
878
197
-770
791
46
-323
869
-825
-20
590
-1245
1350
-957
364
96
-487
114
-339
-301
503
-1163
767
-250
-661
1051
-1387
935
-27
-947
1114
-223
-910
1411
-910
41
796
-362
405
-197
-175
1256
-1134
162
601
-672
27
638
-975
516
326
-797
1347
-1612
1060
-1454
1322
-1738
1243
-723
435
-259
-207
555
-1490
1392
-1369
576
41
-414
695
-668
655
-584
562
-1070
921
-910
-121
666
-1428
887
-597
-203
101
-684
232
-735
386
-701
151
-650
407
-284
-425
377
-453
363
-465
466
-424
351
333
-966
1619
-1785
1529
-464
94
133
743
-628
665
-636
440
-288
-503
1468
-1774
1687
-523
-676
1204
-1550
843
-115
-591
440
469
-1097
1337
-831
-112
728
-662
250
329
-422
557
-372
159
-32
-423
311
-777
272
-365
738
-796
533
-434
-145
-35
35
-66
-391
476
-659
236
81
-342
250
-388
789
-1295
1686
-1510
562
141
-349
297
562
-817
907
-189
-1104
1167
-1661
1443
-627
-146
403
-24
-525
969
-1429
885
-682
264
352
-699
78
194
-429
255
-160
-753
1368
-2087
1979
-1859
905
-237
-344
218
315
-332
25
460
-975
994
-1309
873
-1203
638
-932
708
-530
-432
905
-1329
286
82
-729
113
322
-263
32
878
-748
1032
-558
257
528
-991
1307
-771
249
461
-651
571
-30
-406
330
-260
-606
908
-1241
777
-20
-797
773
-545
58
170
-504
481
-73
-233
857
-1032
1454
-1420
1305
-1065
1029
-711
656
-373
-67
445
-491
880
-1315
2151
-2395
2178
-1334
669
-392
183
-209
142
-631
402
-17
-1004
872
-1256
811
-566
-457
956
-1175
-143
732
-1010
200
217
96
-50
315
-413
1095
-821
577
324
-669
1613
-1339
1633
-701
247
-501
725
-712
514
-188
-458
1497
-2534
1870
-946
-289
519
-170
-36
-26
658
-142
-294
712
-836
971
-811
1291
-1363
1226
-405
-218
993
-1795
2700
-2922
2164
-1006
-63
649
-748
108
-27
288
-1309
2210
-2212
1246
-172
-978
1352
-775
-65
629
-970
753
-282
150
-509
1529
-1822
2348
-1069
-100
716
-144
-55
854
-1000
1454
-978
983
-163
280
-198
507
-236
341
177
-828
1044
-996
408
210
-734
199
-125
-886
732
-1051
401
-640
803
-824
978
-1826
2265
-1694
394
1114
-2404
2238
-1460
802
-616
36
-496
245
-478
78
-701
398
-393
-170
6
-120
-625
658
-302
-92
772
-1299
1660
-2103
1391
-533
-623
1296
-869
742
-462
1137
-2133
2917
-2978
2068
-381
-1122
2328
-2527
2485
-1431
213
575
-841
-194
444
-740
413
-389
829
265
-749
767
-42
-1453
1938
-2053
1517
-506
-899
1652
-2236
1509
-843
-315
371
-936
152
414
-977
226
975
-1540
1180
212
-1294
1236
-1282
297
225
-744
905
-736
413
-729
429
-842
311
-330
54
148
-335
587
-554
614
-45
-208
1110
-1686
1369
-553
-395
794
-282
-69
930
-345
-126
842
-1349
1431
-720
600
229
423
-851
1177
-686
-174
855
-1439
1735
-894
841
-567
1029
-1351
1721
-1138
952
110
-211
507
-125
-425
151
362
-861
828
-728
1126
-1655
1087
-1411
224
-97
-348
219
247
-405
617
-397
-577
1141
-1044
897
5
-548
1035
-505
-78
1009
-1729
1715
-1332
968
-162
-209
406
74
-440
1464
-1254
940
6
-809
2152
-2468
2061
-883
-371
398
214
-1561
2776
-2683
2230
-1618
495
-133
64
-608
529
-517
-22
1135
-1474
1119
-1284
516
-208
150
-334
144
-325
-670
1157
-1352
980
-929
792
-565
-223
255
-853
87
-51
274
-826
1046
-1692
1962
-1259
539
-177
-185
600
-573
965
139
-148
603
1153
-1145
1489
-940
230
897
-1342
1788
-855
-116
1300
-1515
1238
-525
-209
735
-140
-623
1511
-1898
1977
-767
194
651
-720
422
32
-209
-112
678
-1378
1492
-799
520
86
290
48
-473
381
71
-572
809
80
-90
1126
-834
1458
-1510
720
-145
-177
-225
1336
-1009
634
434
-1600
2407
-2726
1719
-387
-1099
1815
-1590
468
114
-632
217
372
-1344
1628
-1340
601
-94
-659
731
-351
383
-46
-390
440
221
-1375
1860
-2022
1933
-983
489
83
-718
343
-339
20
382
-12
-290
1016
-1198
877
-937
557
-272
74
646
-32
-725
1105
-1878
1204
-1137
83
121
-479
261
-544
459
-92
-276
14
199
-1004
249
-191
-307
165
230
-724
1113
-1564
1194
-1437
524
-629
375
-556
1130
-1092
514
705
-2128
2229
-1480
269
485
-597
620
-297
-177
878
-1495
1513
-566
-217
1009
-978
578
-207
741
-1029
1727
-1234
622
-434
123
-225
42
-265
625
-713
-92
689
-1091
769
204
-879
1252
-280
-549
1792
-1877
1053
-247
-155
242
106
-280
381
-416
-508
990
-1187
740
-654
742
-1203
2393
-2400
2558
-2799
2463
-1515
1226
-393
271
580
-1077
2227
-2483
2858
-2647
2576
-1911
1190
278
-1302
2041
-1786
1791
-1170
792
-848
674
-1196
1239
-1029
164
817
-1698
1864
-1650
66
1080
-1890
1701
-1021
206
286
-459
-2
610
-1605
2137
-2112
641
563
-1895
1489
-1257
336
283
-508
442
661
-1699
2402
-1498
364
1018
-1344
1696
-928
368
281
75
-497
1114
-720
283
680
-1040
946
-821
782
-626
1246
-1031
1057
-86
-88
362
-1119
977
-1011
1000
-452
667
-1116
1159
-1199
266
-226
-641
643
-590
1024
-151
-648
1200
-1320
677
114
-933
872
-419
242
255
-978
562
143
-309
495
47
-1032
1418
-408
-347
1716
-2442
2544
-1547
874
-336
-102
-719
1661
-1654
1664
-432
-876
1064
-1344
1032
-364
-80
1214
-752
894
1134
-2138
3460
-3057
2510
-1024
706
317
-236
496
62
262
-493
1036
-1349
1040
288
-667
1318
-996
1456
-1232
980
-963
745
-531
310
985
-1976
2992
-3160
2726
-2150
1446
-682
591
-377
628
-682
585
-487
-21
3
-247
777
-1692
2160
-2833
2259
-1892
961
-748
339
-684
464
-676
-580
1443
-2382
2202
-1773
586
-291
-339
-311
578
-1391
965
-1037
1080
-1420
1838
-2254
1923
-1024
132
1246
-2074
2792
-2571
2491
-1950
1716
-1491
911
-565
-289
743
-1558
1222
-1319
1244
-1321
792
-1061
272
436
-1262
1610
-1428
817
-435
-656
237
-801
-183
679
-1601
1361
-950
27
296
-565
70
232
-1219
1607
-1269
-130
1641
-2680
2902
-1676
619
-368
-192
-466
940
-1382
1755
-858
388
499
-635
-114
301
-250
361
647
-417
920
-910
1105
-1216
929
-617
684
-594
892
-857
470
101
-657
1711
-1657
2113
-1675
1181
-1212
1285
-967
1463
-1408
994
-146
-1186
1496
-1923
1532
-845
603
137
120
-316
451
-699
1004
-686
621
-329
-205
336
-356
-173
43
-182
-687
1519
-2187
1622
-1701
1519
-874
474
-176
602
-518
841
-585
530
-398
37
582
-820
1411
-1856
2026
-1922
1438
-1405
1023
-1009
873
-365
-71
1213
-1552
1636
-1179
51
-12
-654
849
-430
252
-145
-403
646
-990
868
-547
431
-817
1171
-455
-7
475
-995
1444
-1609
1907
-1926
1846
-1985
1161
-217
-1104
1773
-2495
2560
-1792
508
280
-330
-224
814
-1721
1803
-1469
439
498
-1043
-37
-41
-703
561
-748
413
248
-724
764
382
-891
1286
-1704
2160
-1642
739
959
-2106
2603
-1836
1375
-1161
1569
-2185
2780
-2977
2477
-1122
172
1221
-1522
1702
-1211
502
672
-1255
1317
-950
924
-575
570
-435
-166
184
-264
540
-1170
1359
-1250
906
-31
64
-464
1004
-1479
1844
-1585
1324
-638
582
-903
1469
-1412
1114
-262
-245
1765
-1756
2135
-1739
1788
-1555
1700
-378
186
290
425
-939
1527
-1934
2327
-2216
1926
-789
135
319
-614
979
-1183
1428
-1801
1868
-1813
1875
-1364
1122
-912
174
138
-1174
459
-390
-277
22
-31
-451
408
-504
-565
597
-475
-527
1145
-1999
1902
-1500
333
491
-1645
1151
-1044
178
221
-428
39
589
-1064
840
-888
162
60
-684
1311
-1282
1069
-501
294
-298
139
-337
-129
544
-780
1424
-2456
2434
-2201
1698
-1422
1254
-866
554
261
-496
417
-491
287
61
33
296
-323
239
-337
428
-623
470
180
-672
845
-408
-672
1157
-1593
1631
-1062
582
-214
-195
-136
6
6
-603
1923
-2576
2780
-2083
1064
-249
-106
539
-413
590
-310
434
-1333
1741
-2012
1618
-830
107
-70
-221
-177
-297
493
-794
924
-459
794
-1092
1064
-416
-259
913
-789
1377
-1247
1150
-324
-670
919
-1058
827
-1394
1878
-1987
1533
-786
-51
593
-831
1157
-491
725
-424
1007
-1378
1392
-1138
511
847
-1750
2094
-1334
-15
854
-1347
1137
-927
1076
-898
947
-1230
1360
-1344
839
170
-1101
1479
-1354
590
-536
404
-927
945
-822
906
-466
-285
569
-678
-167
652
-1369
1860
-2017
1744
-382
-597
1213
-1309
740
-412
60
156
405
-738
1773
-1837
1721
-998
-413
1183
-1614
1270
-256
-962
1959
-2621
1815
-757
-927
1235
-1137
2
462
-820
680
-123
-382
1150
-1347
402
220
-1133
1475
-1363
1201
-787
-52
628
-1299
1101
-1398
1052
-731
685
-684
600
-768
-200
853
-1434
1424
-1048
335
125
-493
-60
146
-695
1009
-732
288
651
-750
1158
-881
646
-244
-408
325
366
-467
669
67
-371
585
-1000
544
-1
-1209
1915
-1398
1213
-1086
1957
-2508
3084
-2846
2332
-1131
294
530
-680
1167
-1338
919
-970
531
-116
-607
436
-83
-761
1649
-2010
1287
-496
-619
984
-414
-333
1437
-1215
787
-707
-263
229
-404
-43
273
-551
633
-564
123
-232
-45
-109
-365
592
-454
-65
177
30
-628
1236
-1774
1473
-1175
621
475
-700
870
-478
468
-646
289
-926
1609
-2143
2475
-2105
706
491
-1393
1153
-1024
516
-533
371
-62
-178
-150
633
-954
816
133
-452
540
-204
-87
-299
241
-151
1
-232
-337
16
-556
575
-1275
474
-129
-719
521
-567
-114
119
-83
-146
-92
-116
557
-1203
1672
-1047
677
-799
374
-1442
1810
-1713
1406
-442
45
1546
-2717
1813
-1413
-266
782
12
693
-766
1090
-1482
-78
885
-2157
2019
-1745
1651
-635
419
-556
-41
-231
-342
662
-1453
1646
-1580
601
-86
-296
440
-1219
1411
-2031
2004
-1571
545
-2
-1156
1492
-2668
2574
-2158
1460
-650
-18
653
-1217
1325
-975
-276
890
-460
764
847
-695
773
-366
-362
1484
-1421
1097
240
-1010
1817
-1311
521
428
-748
691
-464
419
719
-1260
853
-528
166
581
-70
-115
136
-399
-217
837
-1668
1921
-1554
1495
-1702
1105
-1104
381
-1351
1116
-375
331
-128
306
-647
-564
1298
-1688
1239
-710
298
34
-179
-650
321
-1132
1309
-795
-67
1450
-2242
2709
-1825
840
374
-1060
1379
-1182
-100
1065
-1090
827
-562
-301
890
-1368
1104
-957
121
337
145
-258
-417
201
-68
-88
412
-430
1
701
-1368
1585
-1693
526
493
-1489
1672
-1490
960
-617
-71
-803
1089
-2008
1329
-151
-937
1303
-1936
1242
-884
-434
270
245
-1128
1512
-1548
421
106
-628
1257
-389
-378
1592
-1658
595
-421
-456
990
-855
1125
-911
-122
209
-735
-423
419
-204
907
-1141
1272
-1233
-922
936
-872
833
-912
713
-417
-149
-124
394
-981
476
-220
-491
1417
-1998
2254
-1506
588
-153
-718
895
-781
341
-45
147
187
964
-1502
1565
-1139
-208
586
-507
408
-99
90
195
-334
-1035
991
-1674
1079
-611
162
-25
88
-616
262
-692
-331
531
-1465
1629
-1070
-92
364
-1230
857
-1009
405
183
-1152
1094
-335
98
-596
398
-867
778
-1172
719
-65
-307
793
-758
834
-1532
1598
-1825
1292
-542
370
-348
-483
292
-1114
1002
-916
1248
-1906
1993
-1036
227
-1036
365
-230
-917
1423
-1621
841
-1249
396
-324
-143
-1111
1054
-1659
1119
149
-1201
931
-1069
-5
-57
-133
-391
421
-678
566
-657
-241
707
-497
542
-384
457
-246
-580
-122
-366
-1524
890
-255
-358
660
-215
-54
475
-18
754
-197
-588
1623
-1046
875
166
-149
19
422
-1156
1208
-918
505
883
-415
1059
-865
252
-111
-578
369
633
-769
817
-1087
844
-1034
-301
-274
-144
-18
652
117
-321
-87
142
-444
-68
-285
-163
116
-90
675
-1119
477
-1398
-311
61
-69
-65
-99
175
-480
128
-704
328
-957
787
-179
153
918
25
316
-393
735
-328
942
395
22
788
258
-84
709
-179
273
277
-421
436
128
-599
865
-930
-237
602
-848
970
-596
-110
174
173
-52
-118
312
-690
282
-174
-39
1
139
-726
688
-443
-271
183
-657
-159
576
-628
827
-802
-225
203
-143
-317
44
-107
66
413
-657
1120
-1208
20
334
-1008
1261
-1008
668
-39
121
104
-142
-208
-128
-385
428
554
-438
984
11
-167
172
-99
492
-12
734
724
-74
576
46
-293
1073
-676
439
330
-174
695
-752
428
-809
-391
286
-97
-505
886
-414
-493
483
-284
52
-374
418
-631
360
590
-219
233
-476
435
-407
120
28
-417
4
386
-445
-132
658
-627
567
-31
38
-92
161
148
519
-186
320
445
-901
1164
-203
-36
457
122
253
863
449
355
628
-774
1307
-177
8
1009
-486
335
539
-414
566
-236
-312
853
-745
707
675
-532
436
492
-497
653
-201
40
676
-429
-4
-468
-474
-220
-567
-644
-252
-826
111
-572
-410
-420
-786
-32
-513
-261
-54
-256
38
-265
-82
159
-301
182
387
-63
326
88
597
177
160
600
-18
180
728
126
520
389
228
225
-191
648
-53
405
505
457
543
635
573
651
-13
682
382
281
913
58
581
569
31
171
40
-56
382
102
344
113
291
23
64
-241
-194
-29
-87
296
-208
-118
-412
-860
-596
-797
-474
-521
-971
-704
-1055
-990
-1288
-1222
-1557
-1063
-1264
-1062
-938
-851
-826
-1110
-672
-627
-681
-524
-472
-303
-394
-76
15
101
255
580
428
649
612
639
728
365
844
987
898
1128
1355
712
1199
874
1096
1474
1234
2043
1839
2414
2534
2303
2193
2552
2676
3213
3847
3889
3952
3787
3249
3566
2875
2228
2000
1828
1662
1284
390
614
-231
-1273
-1686
-2701
-2138
-3150
-3602
-3612
-4250
-4053
-4748
-4884
-4823
-5289
-4953
-5316
-5054
-4068
-3787
-3213
-3393
-3259
-2743
-2448
-1974
-1247
-860
-169
-435
-70
-369
-429
-205
-665
598
354
279
-161
-1088
-1014
-1551
-1006
-81
256
729
-118
-420
-273
-321
493
719
1761
2404
2477
2937
2595
3300
3941
4622
6001
7098
8103
8287
8837
8436
7424
6656
5921
6682
6326
5010
4202
3418
3720
2372
-239
-1187
-2293
-2784
-3766
-4881
-4159
-4897
-6107
-7038
-7883
-7313
-7906
-8227
-7183
-6712
-5884
-5420
-5017
-4391
-3689
-3159
-2145
-877
483
1472
1690
1897
1953
2934
2821
2901
3380
3406
2219
1341
1363
1405
653
-562
-1823
-2984
-3039
-3780
-3594
-3013
-2998
-3772
-4721
-4588
-4636
-4917
-4423
-3789
-2435
-1101
-888
-841
-1008
-922
-255
955
3089
4786
5605
5888
5759
6764
7404
7654
9099
9701
11408
11534
12573
12511
10716
8880
5592
5473
4067
3954
4287
4479
4317
1460
-2913
-5090
-6874
-7453
-7363
-7320
-5394
-5853
-7617
-9200
-11373
-11243
-10908
-9379
-6363
-4581
-3435
-3890
-4547
-3997
-2986
-887
1216
3153
4997
5086
4508
3843
3519
3847
3677
3801
5228
5557
4136
1533
-1436
-2908
-2950
-2844
-1436
-927
-2219
-4700
-7826
-9017
-9392
-8355
-6474
-4889
-3959
-4080
-5485
-5994
-6261
-4886
-2461
236
2843
3497
2588
1558
892
2021
3970
6135
8134
8448
7920
6935
6125
6923
7564
9256
10962
11815
12208
10598
8998
7717
6877
6290
4418
1388
1767
2557
3671
1933
-1962
-4524
-5934
-7177
-7590
-7787
-6434
-5662
-6626
-7126
-8186
-9225
-9939
-9875
-7592
-5074
-3151
-2238
-3438
-3783
-3434
-2082
450
2529
4481
4991
4001
3434
3746
4595
4446
3825
4020
4071
3051
1694
195
-1033
-2159
-3092
-2281
-1322
-1967
-4728
-7300
-7482
-6334
-4691
-3868
-3355
-3561
-4172
-4750
-4431
-3423
-1952
-769
288
1384
1837
1649
704
838
1721
3001
4343
4866
4825
3769
2946
2746
3381
5197
5678
5518
5466
5290
5818
6754
7178
7961
8349
8753
7915
6437
4571
32
-1053
1155
4407
6058
3213
-1150
-4247
-6864
-7703
-7905
-5987
-3012
-3805
-5197
-7338
-9948
-10815
-11610
-9571
-5960
-3166
-1417
-3152
-4826
-5341
-4879
-2020
1181
4001
5743
4776
2880
2080
2582
3650
4001
4989
6110
5792
4283
2128
459
-111
-466
318
2024
2826
716
-4252
-5997
-5134
-2838
-620
-672
-1099
-2170
-3816
-4802
-5084
-3237
-1409
-600
540
496
-416
-2139
-3503
-2660
-868
1635
2728
2024
823
-1062
-1852
-683
1225
3738
4216
4199
3862
4054
5325
5630
6741
7891
9625
9884
8218
5180
324
-1222
1224
5226
7989
6053
1431
-3187
-6960
-8172
-8227
-5749
-2411
-2202
-3518
-6671
-10060
-11694
-12200
-9648
-5497
-1947
-8
-1680
-4052
-5480
-4687
-1464
2490
6165
8096
7131
4996
3417
3645
4882
6157
7666
9042
8401
6265
3139
742
-241
16
1318
2565
3076
-606
-5680
-8354
-7863
-4834
-2444
-2197
-3408
-5291
-7046
-8475
-8422
-6105
-3812
-2333
-1662
-2233
-3192
-4816
-5573
-4370
-1419
1643
2366
1545
-156
-1603
-1747
-445
2520
5343
5787
5432
4325
4978
6418
7949
8983
10621
11349
10636
9193
5801
635
366
3723
8419
9972
5726
422
-4633
-7435
-7852
-7377
-3388
-825
-2309
-4496
-8792
-11425
-11858
-11025
-6848
-3377
-431
-106
-3287
-5362
-5746
-2991
1314
4727
7499
8071
5441
2532
1802
3874
6249
7145
8196
8363
6342
2878
-135
-1332
-813
-64
1197
998
-823
-4653
-8606
-9748
-8509
-5884
-3782
-3816
-5561
-8276
-9926
-9200
-7436
-4245
-2337
-1622
-2116
-3180
-3612
-3483
-2352
-96
2299
3817
3623
2078
804
436
1589
3840
6075
7458
6930
5458
4587
5230
7968
9146
10587
10365
10511
10105
8705
5433
-510
-432
3863
9095
9409
4339
-1591
-5134
-7470
-7904
-6843
-3106
-600
-2833
-5915
-9441
-11681
-11713
-10774
-7230
-3221
-1104
-1310
-4918
-7311
-6589
-3310
1290
4530
6630
6597
3227
483
769
4177
6800
7268
7465
7180
4830
1643
-682
-616
960
1561
2236
1811
-349
-5295
-8857
-8830
-5341
-1380
-573
-2540
-5894
-7944
-8709
-7790
-4428
-1305
405
-251
-2113
-3635
-3935
-3313
-1743
599
3255
3827
1874
-300
-1193
-144
1837
4133
6256
6259
4808
3319
3164
6049
8481
9817
9856
10106
9789
9159
5973
-512
-1276
2496
8959
10543
5916
-17
-4281
-7066
-7639
-7500
-3416
430
-1091
-4221
-9010
-12172
-12182
-11245
-7275
-3416
-916
-862
-5515
-8730
-8116
-4176
952
4060
6144
6358
2735
-732
-455
3364
7254
7788
7762
7307
4774
2072
-429
-141
1969
2650
3458
2276
34
-3383
-7534
-8386
-6163
-2869
-29
-1301
-4702
-8245
-9907
-8224
-5595
-2355
-188
-677
-1988
-3698
-4052
-3145
-1909
217
1963
2802
2462
407
-804
-639
844
3144
4464
5333
4289
2887
2746
3973
6914
9003
9186
9013
8176
8885
8712
8409
4374
-21
1186
5481
9328
7909
2115
-2788
-5413
-6153
-5638
-4615
-1811
-1489
-4589
-7777
-11242
-11832
-10798
-9111
-5960
-4326
-3286
-4978
-8300
-9100
-6312
-1494
2383
3830
4095
2905
10
-838
1838
6371
8914
7734
6604
5300
3734
2499
1841
3104
4406
4370
3487
600
-2124
-3641
-3838
-2049
-937
-722
-1790
-4470
-6636
-7887
-7107
-4089
-2354
-1359
-2329
-4446
-5567
-5607
-3460
-1459
-344
161
-399
-794
-1267
-1100
136
1352
2180
2361
2245
2364
2648
3645
5216
6622
7115
7054
7214
8469
9450
10134
9207
8109
3189
49
1403
5815
9423
6648
999
-3521
-5646
-5853
-5715
-4666
-1624
-1732
-4638
-8480
-11616
-11345
-9986
-7750
-5184
-4155
-3828
-6231
-9299
-9043
-5306
-463
2043
2293
2265
1291
-723
-507
3003
7548
8960
7041
5664
5004
4411
3595
3672
5376
6469
5509
2735
174
-1202
-1451
-881
-74
736
-186
-2515
-5354
-7195
-6336
-4088
-1762
-1374
-2372
-4132
-5749
-6067
-4298
-2280
-712
-756
-1696
-2267
-2569
-1945
-1154
-301
738
504
137
22
589
1916
3195
4573
5028
4847
4121
4339
5857
8628
10582
10679
8052
6040
2027
-422
1507
5796
10062
7964
2152
-2730
-4911
-4518
-3973
-3356
-340
-114
-2883
-6889
-10659
-10444
-8591
-6238
-3847
-3548
-3942
-6614
-9477
-8889
-4952
207
2510
1779
831
-367
-1797
-829
2894
7670
8923
6634
4629
3531
3076
3281
4749
6772
6924
4979
1893
114
-169
688
1355
1552
832
-970
-2827
-4088
-4206
-3496
-2580
-2410
-3102
-4075
-4756
-5277
-5488
-4740
-3482
-2701
-2859
-3373
-3376
-3071
-2622
-2278
-1983
-1807
-1680
-1808
-923
393
1188
1311
1170
1454
2217
2882
4031
4792
5291
5815
6741
8919
9332
8164
6131
4605
2025
2899
5016
8836
9389
5507
1014
-2099
-2665
-1798
-1033
931
1993
-524
-4063
-8062
-9336
-7660
-5334
-2865
-3059
-4948
-7056
-9392
-9697
-6829
-2221
1162
397
-1837
-2753
-2761
-1606
1060
4899
7026
5328
2803
2072
2660
4046
4853
5535
5534
4068
2130
1574
1911
2771
3215
3474
2897
944
-617
-1623
-1498
-1084
-1115
-1850
-3004
-4340
-5606
-6032
-5567
-4410
-3737
-3851
-4802
-5901
-5768
-4919
-3722
-2915
-2291
-2558
-3198
-3601
-3146
-1693
-520
-26
303
460
731
888
1645
2781
4081
4534
4692
4528
5371
6550
7677
7826
7090
6646
4916
3011
2690
4405
7331
8201
5452
2187
126
-428
-48
371
2123
2710
780
-2159
-4990
-5248
-3948
-2773
-2225
-2680
-3798
-4947
-6281
-6211
-3922
-1206
-152
-1459
-2728
-2443
-2216
-1417
391
2461
2903
890
-733
-420
782
2048
2730
3019
2252
292
-731
-600
1105
2710
2958
2287
932
-718
-1785
-1653
-647
140
118
-424
-2203
-3534
-3753
-3476
-2781
-2286
-1984
-1985
-2704
-2868
-2706
-1730
-795
-426
-338
-491
-1707
-2997
-3848
-3368
-2310
-1874
-971
-1137
-1281
-1491
-1395
-856
-102
-114
1314
2575
2568
2803
3289
4605
4415
4906
5901
5086
5274
6211
5568
5212
5779
7326
7646
6434
5738
4801
3965
4105
3364
3592
3965
3167
1466
-632
-1427
-1665
-2201
-2416
-2206
-2538
-3390
-4981
-5718
-5272
-4563
-3596
-3270
-3362
-3502
-4185
-4432
-3833
-2483
-684
-473
-688
-715
-937
-632
-159
381
856
556
295
-15
62
330
126
-199
-246
-488
-694
-976
-829
-483
-720
-914
-1179
-1203
-1327
-1377
-1514
-1472
-1756
-1234
-1626
-1885
-3760
-5657
-4775
-2603
-476
-52
-530
-1109
-1251
-956
-280
-1039
-966
483
2040
3262
3270
2487
1136
712
1668
2551
3368
3588
3488
3067
2912
2664
2205
2246
3065
3195
3096
2829
2493
1892
1461
2029
2919
3603
3511
2961
1970
1177
985
1315
2179
2888
2876
1872
565
79
489
1005
1310
1381
1044
416
-311
-755
-698
-220
304
298
50
-475
-1204
-1804
-1934
-1405
-1349
-1821
-2646
-3531
-4333
-4559
-4313
-4580
-5688
-5059
-5893
-7028
-6376
-5413
-5201
-4652
-3698
-3544
-4570
-3765
-2399
-2836
-2505
-1431
-231
270
619
397
-13
452
1513
2090
2692
2771
2692
2567
2463
2844
2801
2318
1984
2113
2410
2337
1847
1553
861
405
603
727
699
675
578
294
400
607
974
932
783
786
963
1449
2043
2706
2857
2845
2583
2650
2831
3208
3660
4198
4231
3992
3640
3599
3729
4007
4080
3914
3638
2985
2189
1532
1251
1197
1019
644
8
-981
-1985
-2793
-3102
-3068
-3228
-3691
-4422
-5347
-6246
-6631
-6233
-5479
-5194
-5337
-5793
-6112
-6382
-6164
-5287
-4242
-3532
-3409
-3707
-3900
-3707
-3168
-2293
-1267
-543
-387
-489
-395
-235
61
868
1504
1819
1754
1358
604
106
1582
3245
3822
3386
2034
748
-226
29
1139
1908
2612
2944
2100
796
-200
-225
351
1085
2456
3126
2690
1696
747
541
1067
1989
2843
3250
2737
1862
1345
1556
2108
2580
2942
2803
2422
2130
2212
2356
2326
2299
2155
1915
1737
1524
1143
750
605
572
501
377
60
-297
-505
-814
-1016
-1088
-1286
-1637
-1832
-2022
-2101
-2309
-2684
-3149
-3287
-3063
-3028
-2888
-2751
-2849
-3056
-3140
-2941
-2557
-2158
-1999
-1830
-1696
-1635
-1571
-1447
-1111
-815
-440
-246
-264
-448
-654
-717
-584
-293
72
302
195
-96
-386
-471
-401
-206
25
235
26
-212
-367
-257
-200
-186
-48
-64
-130
-169
2
137
249
409
819
1196
1316
1292
1553
1861
2052
2302
2469
2662
2817
2843
2898
3083
3209
3141
2917
2859
2747
2429
2058
1695
1564
1481
1131
655
116
-412
-843
-1153
-1300
-1668
-1993
-2399
-2771
-2966
-2890
-2874
-2882
-2974
-3118
-2946
-2701
-2469
-2303
-2193
-2064
-1792
-1479
-1228
-1047
-936
-644
-276
132
558
823
933
957
972
1323
1689
1819
1728
1537
1464
1356
1358
1488
1504
1163
742
351
110
54
-21
-28
-246
-722
-1156
-1460
-1538
-1616
-1701
-1842
-1914
-2043
-2239
-2284
-2194
-2061
-1913
-1798
-1663
-1442
-1070
-579
-90
305
714
1045
1332
1753
2192
2640
2962
3120
3200
3284
3453
3522
3349
3041
2879
2685
2524
2371
2129
1683
1042
527
229
25
-225
-503
-880
-1228
-1593
-1856
-2061
-2135
-2210
-2413
-2393
-2264
-2163
-2162
-2238
-2136
-1940
-1597
-1308
-1141
-1032
-1127
-1174
-1145
-896
-604
-402
-397
-409
-392
-485
-445
-332
-71
87
13
-44
-112
106
266
258
151
25
-66
-203
-243
-215
-191
-224
-265
-328
-314
-357
-532
-634
-646
-500
-438
-448
-446
-504
-577
-629
-435
-198
-80
-41
-57
-22
261
790
1192
1482
1545
1462
1489
1764
2250
2599
2685
2543
2269
2017
1901
1955
2118
2277
2116
1621
1071
783
533
441
481
533
387
-105
-650
-992
-1103
-1164
-992
-916
-983
-1313
-1805
-2038
-1956
-1534
-1219
-1125
-1228
-1387
-1603
-1648
-1322
-1015
-883
-822
-943
-1098
-1272
-1170
-1005
-790
-565
-513
-472
-476
-596
-678
-710
-476
-165
-58
-93
-199
-365
-550
-548
-381
-210
-153
-251
-339
-296
-113
-23
-50
-3
238
434
547
674
721
791
839
972
1165
1352
1526
1687
1733
1751
1724
1754
1936
2172
2421
2396
2269
1998
1675
1457
1354
1448
1498
1302
890
327
-212
-512
-588
-501
-483
-640
-1005
-1514
-1930
-2148
-2243
-2058
-1938
-1988
-2190
-2441
-2594
-2698
-2603
-2271
-1850
-1510
-1419
-1465
-1383
-1203
-974
-653
-308
-58
28
29
-7
72
304
428
553
584
534
514
411
356
352
431
515
534
498
293
-38
-310
-401
-391
-420
-495
-616
-772
-821
-907
-983
-1030
-970
-753
-562
-394
-300
-287
-258
-175
98
441
692
850
948
1054
1208
1375
1558
1686
1836
1983
1991
2066
2168
2181
2092
1960
1997
2039
2014
1803
1560
1306
1116
920
808
744
533
297
34
-117
-245
-356
-534
-713
-925
-1100
-1279
-1493
-1636
-1724
-1780
-1926
-2024
-2081
-2150
-2216
-2269
-2186
-2151
-2165
-2204
-2141
-2120
-2075
-2032
-1862
-1646
-1429
-1194
-1029
-890
-819
-741
-499
-172
169
442
541
465
415
631
858
1119
1201
1087
969
759
757
854
949
943
829
728
586
441
314
196
176
223
248
204
157
29
-147
-255
-226
-164
-110
-117
-49
-3
-37
-95
-20
122
285
508
741
931
942
901
959
1096
1397
1627
1783
1755
1663
1639
1645
1742
1777
1786
1685
1654
1491
1213
910
584
348
201
68
-161
-424
-827
-1254
-1617
-1827
-1979
-2147
-2352
-2622
-2790
-2934
-2994
-2960
-2863
-2779
-2706
-2625
-2534
-2419
-2314
-2196
-1918
-1605
-1237
-1015
-879
-757
-572
-272
76
443
697
822
819
795
882
1077
1193
1246
1246
1266
1241
1195
1101
1050
1010
1037
1066
1060
967
721
617
736
824
886
828
769
694
512
528
665
681
573
444
421
548
653
756
746
662
556
588
696
839
868
769
696
596
671
768
818
818
798
779
656
542
539
616
663
656
628
495
246
32
-83
-64
-62
-167
-350
-556
-733
-908
-990
-982
-1024
-1169
-1252
-1245
-1237
-1286
-1350
-1463
-1576
-1617
-1596
-1507
-1460
-1542
-1598
-1662
-1675
-1661
-1645
-1566
-1507
-1464
-1504
-1500
-1449
-1322
-1217
-1075
-907
-733
-642
-605
-520
-349
-144
14
105
235
410
559
676
791
930
1068
1187
1323
1448
1577
1618
1621
1627
1689
1748
1738
1618
1543
1527
1577
1637
1616
1590
1526
1410
1289
1280
1234
1187
1131
1078
1001
882
741
574
496
438
461
436
366
146
-85
-220
-194
-88
-81
-159
-347
-550
-689
-626
-543
-469
-475
-532
-547
-570
-499
-549
-618
-648
-684
-637
-708
-762
-778
-854
-951
-1002
-983
-937
-981
-1010
-1015
-1071
-1137
-1249
-1186
-1115
-1121
-1192
-1214
-1225
-1181
-1133
-1116
-981
-913
-902
-944
-920
-848
-726
-558
-392
-268
-202
-188
-44
132
282
392
493
625
780
928
1018
1043
1044
1149
1269
1464
1608
1654
1618
1497
1511
1632
1784
1824
1721
1580
1455
1400
1370
1344
1294
1196
1026
915
819
695
572
419
336
267
170
74
-4
-81
-129
-164
-224
-296
-407
-513
-504
-479
-470
-524
-617
-678
-655
-549
-473
-510
-481
-459
-428
-396
-352
-310
-322
-340
-331
-290
-302
-363
-446
-541
-640
-667
-647
-655
-659
-758
-886
-931
-933
-884
-872
-845
-866
-857
-796
-718
-682
-638
-590
-486
-364
-289
-192
-114
33
196
381
515
614
668
697
780
942
1097
1215
1258
1281
1280
1249
1315
1404
1446
1408
1346
1346
1389
1411
1383
1322
1237
1152
1068
1031
948
813
629
472
243
19
-185
-410
-548
-652
-733
-855
-1070
-1280
-1413
-1468
-1447
-1351
-1335
-1346
-1347
-1350
-1320
-1190
-1009
-893
-747
-613
-497
-383
-311
-215
-109
-6
83
205
310
390
407
406
421
497
569
599
560
530
494
475
441
367
311
227
143
56
75
57
-28
-114
-185
-214
-232
-266
-304
-303
-298
-331
-362
-283
-200
-151
-93
-26
14
47
147
314
526
658
764
803
899
981
1020
1106
1174
1160
1093
1025
1031
1085
1010
853
690
566
396
200
57
-86
-247
-451
-605
-766
-915
-1159
-1383
-1526
-1654
-1783
-1901
-1989
-2017
-2079
-2167
-2149
-2038
-1916
-1791
-1645
-1434
-1180
-1031
-944
-775
-501
-221
16
223
379
522
593
682
848
1009
1089
1139
1123
1086
1087
1044
1038
1067
1057
1012
941
840
749
635
474
385
359
369
329
221
90
-35
-134
-192
-164
-87
-14
11
3
13
60
87
132
205
233
282
323
357
383
412
374
318
308
267
241
186
174
175
112
13
-62
-94
-163
-202
-207
-228
-273
-411
-482
-548
-605
-639
-696
-711
-674
-694
-706
-705
-736
-739
-756
-701
-610
-594
-572
-580
-544
-489
-418
-350
-352
-319
-285
-194
-68
53
146
158
174
214
290
405
462
529
526
503
496
495
473
474
486
470
470
391
301
174
81
76
130
193
168
82
-8
-103
-144
-156
-72
42
69
74
11
-18
25
95
170
214
292
342
315
272
309
331
416
485
458
372
289
191
104
89
91
99
-22
-144
-248
-308
-325
-327
-295
-326
-387
-503
-622
-661
-636
-618
-602
-591
-631
-676
-712
-692
-651
-622
-584
-561
-523
-516
-502
-467
-431
-367
-294
-204
-144
-118
-138
-99
-21
30
111
153
201
251
253
299
243
217
178
164
116
57
-96
-273
-575
-874
-1040
-1068
-1070
-736
-324
-224
544
502
1118
970
584
564
104
-79
-154
-437
191
460
928
1125
1158
932
962
1185
1736
3945
1879
-278
-3288
-2988
-4830
1340
544
4798
5421
5797
3833
-2767
-3135
-11360
-2276
-4663
4007
5852
5568
5853
413
-2406
-5266
-5128
-4338
1751
1655
5742
4116
110
-972
-5164
-5246
-4133
-2948
-68
-341
1952
-490
-960
-1085
-2241
-437
-766
-839
-2468
-1810
-2172
-586
-369
908
872
796
-105
-189
-2735
-814
-1509
-214
1517
573
793
-371
-444
-2152
-51
-1845
910
96
756
1029
-422
165
-992
-933
-187
44
626
1276
1166
984
761
430
-15
168
639
1483
817
1911
877
1561
1036
681
590
278
477
1579
1893
2376
2689
1334
1392
581
469
1099
1074
1819
2529
1362
907
207
-1352
-559
-1126
-398
671
311
1294
346
-1010
-751
-2362
-1893
-1069
-1469
-466
-453
-927
-547
-1247
-1075
-1014
-449
-714
-220
-915
-1210
-1425
-1926
-699
-1285
-71
-698
-733
-1742
-778
-1652
-1113
-549
-719
651
-82
329
-508
-267
-120
-44
-205
287
106
416
508
730
1155
677
935
527
740
699
1155
822
1079
93
951
-233
348
798
667
2045
976
735
226
-929
-1154
-482
-208
887
2553
2948
2982
2844
1096
1108
-766
-151
1232
984
2785
2814
1989
1369
965
-860
-596
-1365
-331
611
712
2024
476
362
378
-1949
-1522
-1512
-1606
-897
63
395
-1501
-123
-2136
-1810
-2516
-1546
-1703
-1619
-905
430
-812
-2086
-49
-3120
-1266
-2660
-955
-752
53
641
1790
-1026
-2234
-1545
-3515
279
9
855
2476
-331
50
-927
-1896
-1409
-2020
128
2659
572
1309
777
-2471
-960
-1021
-1200
54
1181
1738
806
1517
-604
-717
-179
73
382
1949
3218
1685
1808
808
478
-1623
838
-294
2359
2770
1655
4492
1752
-788
771
-1062
521
1828
1975
3791
1020
693
2702
-11
-2064
648
598
1359
1422
1007
1248
-1188
926
-98
395
-1747
1589
315
-231
772
-1894
146
275
-1494
-354
277
-2636
2475
-115
-1022
274
-2669
-628
-489
-926
458
57
-1379
2209
-2730
-308
-1235
-3292
349
-775
-477
-1133
-1709
-962
691
-4705
448
-3575
-172
-842
1031
-811
-1876
707
-1477
-1868
326
-1429
-973
1789
-276
1872
-675
-1060
91
-610
1174
1316
-421
768
-287
-675
955
-1674
-81
1131
537
660
2386
-700
878
-556
536
2245
-1962
5028
-229
536
3569
-449
-454
3079
-1807
1459
2491
-692
2733
-481
1759
538
-1258
2107
3
-2371
3948
-1163
-170
842
394
-1492
904
979
-1330
1268
-1444
1317
-2130
764
-1337
811
-1753
2239
-782
-1327
1305
-1630
-728
-1378
-550
-1681
477
132
-1537
-570
-859
-1598
194
-3591
137
-3557
659
-379
-1437
1541
-2216
625
-3119
512
-3103
-698
476
-601
761
1618
-1008
-1485
2601
-5644
3708
-1339
-234
3651
-876
2608
-127
559
-1191
2139
-454
1571
2995
985
2744
729
1839
151
578
1102
1609
1603
913
3218
-1144
2702
-308
217
1129
942
15
2391
-1515
1060
398
-2584
3185
-1804
-965
2424
-2347
458
448
-2367
2002
-1687
858
66
-1166
642
-159
-110
433
-374
-297
-579
1832
-853
-1272
2875
-2462
1008
596
-1873
710
-758
-592
1502
-2433
109
27
-3379
1812
-1918
-1076
1117
-3263
421
-2588
-2091
393
-2183
-1444
1452
-1547
-1340
351
-2089
138
-2123
1013
92
-1214
1080
-193
1704
-2285
3049
-1294
1719
410
880
1406
686
2580
-695
3761
-1186
2511
74
3234
-633
2232
2262
463
821
2384
-488
113
2628
-1255
3436
-1951
3812
-1457
627
42
-579
278
407
-674
2647
-938
-1720
1836
-996
-1483
-207
1290
-1376
64
2175
-1537
-628
2115
-4085
5185
-5749
4908
-1773
-1533
1882
-1960
-505
-756
977
-3036
3142
-1866
-231
-806
1222
-3629
1793
52
-3594
3851
-2725
-2209
3370
-6168
2652
-2053
-2307
3598
-5517
1674
1526
-6199
2784
629
-7393
6251
-3045
-2368
5458
-7699
4945
710
-4641
4927
-2266
115
1030
676
-1735
3656
-2422
4389
-639
-764
3573
-1727
844
2429
-352
381
4481
-2518
4257
-1399
-1005
5241
-6352
4965
1755
-4071
5398
-1305
1296
1948
-2028
3036
-793
-2245
4809
-3534
1496
2615
-4526
5163
-2160
-759
4075
-2881
-132
-1215
2180
-2294
804
2
1478
-3109
2592
-952
-1280
-829
-43
1142
-5069
4240
-897
-2756
1591
279
-3066
2910
-3038
1835
-1746
-1107
2736
-4540
2131
872
-3062
1608
-380
-2645
1682
-2931
1765
-1801
-962
2465
-3467
721
1658
-4903
4017
-3604
2157
563
-3975
4294
-2267
-860
2998
-1910
-686
3806
-4884
4410
-282
-1541
4164
-707
417
1733
-684
1479
-32
54
3593
-1187
1446
2003
-608
1097
-355
1110
990
85
2463
1134
-814
2502
-1274
1088
1254
-433
959
877
1293
-1097
2231
-1174
353
1204
-1073
1392
-1521
729
547
-1855
1222
1130
-3828
4203
-2833
-1410
2444
-4567
4172
-3352
437
1921
-3136
-734
2434
-4264
1776
710
-2959
3588
-2872
1150
-968
-672
-836
655
-1048
-18
482
-1295
58
-1862
1309
-1460
-765
2231
-2988
1457
-337
-2220
2767
-3138
155
3697
-4967
3425
171
-4800
5613
-4824
2453
1916
-3834
4536
-749
-1393
4007
-3538
2266
3461
-3960
4488
682
-1334
3340
211
661
1033
1020
1341
-206
2279
-779
1586
1966
-677
2416
142
107
1064
-595
1256
1064
-1711
1819
1116
-1787
1939
-1637
1950
-2223
-179
1427
-2432
-362
-476
1477
-3731
720
1305
-2911
-256
707
-2311
811
-2179
553
634
-3646
2654
-2797
-872
793
-1372
-438
703
-2024
1108
-1443
-836
1697
-4601
3595
-3366
337
743
-2620
1626
-1340
-1912
2720
-1906
-204
568
-1254
2254
-3325
950
2016
-3991
3156
134
-1626
1343
-519
512
-249
-1428
2475
288
-1019
3732
-1361
875
1421
-346
1705
576
1789
434
1123
1934
39
1489
2322
-760
1713
1680
570
581
2348
161
1755
-138
1498
205
354
190
-390
2014
-2297
1097
-984
1799
-2385
1150
-779
-1273
309
-1898
175
-1220
-1609
794
-723
-2898
1812
-3074
-645
-486
-1281
-1129
1202
-3855
1771
-1567
-2417
2193
-2665
-1265
2239
-3291
1143
-130
-3614
3814
-4524
706
2358
-3076
1724
323
-2239
2798
-3519
2149
116
-2851
2882
-107
-916
356
-460
-597
613
-1297
2144
-837
540
-431
1538
-539
-970
3431
-2917
3410
-147
-83
2890
-592
914
1347
490
1420
1856
-414
3405
-1241
2191
1424
543
1705
2202
-105
1658
2456
-1380
2365
1467
-1492
2307
503
-227
-351
1247
182
-683
855
290
-597
-754
2172
-3142
1171
-1671
-209
-83
-2213
693
-1171
-1695
-34
50
-1721
-637
-590
-711
-432
-3535
2874
-4046
-880
407
-1480
-105
-1829
30
392
-3804
1218
695
-4266
2398
-1095
-2197
2324
-3223
1388
-16
-3738
4173
-2950
-72
2374
-3867
2705
633
-3564
4715
-3246
-167
2273
-1251
1434
371
-439
2933
-1780
449
3749
-3808
3118
1975
-1431
3354
-239
1816
1281
-61
2704
326
1431
2030
490
993
2358
-883
2609
637
549
2764
-2319
3352
-242
-1331
3759
-2267
155
2208
-457
-871
3241
-4200
2715
-1384
-58
645
-2835
1440
-154
-2538
2327
-1178
-2842
2420
-3955
1786
-2911
1520
-490
-1953
880
-738
-1051
619
-345
-2531
1642
-1807
251
-590
-774
-521
-1262
139
-278
-1838
465
-1813
-787
-444
462
-3362
1700
-2069
123
-1481
-146
-511
-2182
319
189
-1248
-1236
1740
-1870
116
-1036
1550
-1815
1275
-733
1984
-979
1364
-778
2175
-1460
1265
2055
-568
1288
3
2944
-1111
2022
129
1938
-544
2410
264
770
590
1128
784
923
-251
2375
-1002
-48
2339
-1929
1397
417
155
286
-772
1502
-54
-1454
1900
-432
-1402
1166
-1050
295
404
-1849
2287
-1592
-277
191
-900
-90
-834
-814
1352
-271
-1534
3195
-3500
275
225
-2679
2310
-1889
-193
999
-1583
463
-1156
-1491
-75
-1751
-543
653
-3109
1405
-1774
-502
-1384
-1918
1074
-3131
1207
-434
-2666
1726
-1962
-1857
2732
-3225
1244
-868
-232
2006
-2667
938
900
-2111
1721
1632
-1560
2033
-579
1220
182
-601
2574
492
-1185
3424
846
-926
2555
-805
774
606
54
1885
-1026
669
3118
-1893
1731
374
-213
719
-439
1368
-1371
1337
375
-960
1775
-1323
-41
1099
-2514
2464
-797
-703
816
-621
429
469
-1491
1200
-826
-504
462
393
-2537
1693
-733
-1532
1450
-1357
-1051
-630
488
-2029
564
-1936
757
-1931
-437
699
-3066
1066
-1876
356
-1897
314
-1718
-375
659
-1877
641
-405
-757
-763
1321
-1091
-372
1297
-944
478
569
-386
126
177
-530
2052
-647
1666
89
414
1060
268
95
2091
-216
426
2831
-1476
2928
-1811
2753
-226
-536
2581
-903
1401
-449
1655
-403
-190
2344
-1151
-288
2761
-1398
660
1026
-1362
1956
-1575
2362
-50
-1131
1809
12
-1780
2233
-1095
-633
1285
-2820
2847
-2468
644
-927
-1006
99
127
-2252
1134
-1058
-2727
2835
-3282
483
-38
-1973
196
-1057
-1123
-182
-2053
585
-747
-725
-436
-792
-1155
-388
-1444
54
-1448
540
-793
507
-941
-1295
1239
-1995
214
-745
1203
-1278
514
976
-953
-96
839
-370
416
698
-602
1583
-667
872
732
-1145
1585
162
-260
1912
-138
93
681
-405
1500
-1179
1668
458
-1449
3565
-2957
2301
34
-1204
1216
704
-896
2377
-1845
1361
893
-2836
3666
-1739
-259
1422
-1371
652
353
-1067
1436
-568
-268
376
-435
90
-570
103
-910
1149
-866
-141
-10
-224
-437
-821
303
-1372
629
-1952
968
-597
-1600
1490
-2867
1380
-2559
-838
1109
-2547
-537
267
-1034
-505
-974
-490
-386
-2426
469
-316
-1281
-149
-253
-450
332
-979
554
-2061
898
-1798
1397
403
-2081
3268
-2452
1414
-491
-968
738
11
79
1122
-136
546
671
163
77
29
-318
-66
2017
-1032
59
2233
-2180
1736
614
-1748
1052
-754
351
1520
-1513
1694
687
-1961
2467
-673
-1338
2230
-1328
889
651
-2
431
-1059
471
848
-1387
1246
834
-1702
1382
-1227
1138
-1878
137
2401
-3468
1819
136
-3025
2398
-1862
-94
1131
-1693
195
440
-1008
-460
-1101
-478
463
-2070
1199
-1034
-1609
482
-297
-2126
643
-581
-1555
447
-456
-642
-303
-797
441
-629
-1126
1595
-2891
795
544
-1369
259
482
-1271
557
-337
-656
717
-1817
2766
-2290
1345
366
-344
1166
-492
-268
606
616
-1113
1612
732
-523
670
1530
-1957
2319
-1259
1371
-369
717
944
-277
-242
840
397
-593
1303
-109
-735
1481
639
-1534
2135
-1153
94
995
-820
580
112
-1647
2850
-2119
-436
2250
-2000
-30
1833
-1771
-197
1398
-1930
91
431
-1869
1300
-1332
-697
1219
-2351
1140
-1353
-1293
1804
-3591
1670
-176
-1799
941
-641
-434
-435
-632
465
46
-2967
3538
-2995
190
1380
-2057
558
-54
-1401
2526
-3748
2175
133
-1753
2547
-901
-540
1636
-898
-805
2850
-2586
2800
-587
1101
-291
-178
400
405
96
1893
-1902
2092
-84
-451
1683
-1572
2517
-2659
1763
931
-803
-423
2316
-3865
1593
532
-1842
2284
-1743
1582
-964
-157
-18
-318
-1187
1693
-1681
1359
-779
169
-100
-924
-978
1049
-1473
163
-510
-179
-985
-242
-13
-1051
485
-1742
1281
-3041
1515
-1477
-736
100
-714
63
-493
435
-2087
2398
-3368
1840
-1185
-106
714
-1211
1595
-197
-1020
663
-353
-884
1610
-119
-1113
2543
-1585
-308
2271
-2857
2947
-465
-376
1998
-1140
-141
2126
-2854
1930
1234
-2823
3805
-1010
-1042
3116
-2797
367
2624
-2976
3737
-1863
870
1564
-1715
719
1676
-2872
1984
463
-1890
3123
-2924
1756
-1116
-301
615
-905
-257
870
-859
-179
728
-1172
706
-659
-37
353
-1000
-473
1122
-2087
1318
-835
-189
452
-2485
2642
-1538
-1447
1495
-1249
-1108
1672
-2811
1757
-1422
-1028
2050
-2150
312
560
-1561
-375
455
-1278
683
-240
126
-38
-316
1036
-1551
1371
-1522
118
1671
-2092
3895
-3057
1866
241
-1548
1464
-530
703
9
1054
-1017
2637
-3845
3741
-1256
-1311
3045
-2815
3302
-2082
1599
28
-638
699
602
-907
1838
-717
-249
1926
-1744
1243
771
-1503
1789
-782
-544
1787
-1082
1054
-463
997
-1066
2307
-2967
2352
-244
-1573
3532
-1870
1232
347
-1010
654
-131
-1156
2046
-1579
848
446
-656
396
-704
-476
-69
-431
-505
1226
-1505
1116
-585
-615
-410
71
-740
-317
-1085
884
-987
-538
1203
-2001
747
-619
-1848
1664
-1895
371
1883
-2742
2522
-1277
-285
1249
-2491
1398
193
-1085
2163
-96
-699
2074
-1767
362
1308
-1794
2025
-251
-125
1702
-1342
766
963
-1624
768
141
-448
879
40
309
481
-1429
1554
-1417
-24
893
-563
1258
-783
973
-249
-367
984
-921
876
-185
596
34
-252
1353
-1952
1493
-37
-1602
2384
-1032
-996
2596
-1280
-276
2305
-2990
2239
-949
-1007
2406
-2316
766
1419
-2219
740
1131
-2977
1562
-1105
-1503
1924
-2360
1021
307
-2243
2157
-1882
-722
1343
-3161
1183
474
-2495
2938
-956
-1582
3657
-4392
1124
1599
-3849
3474
-597
-953
2992
-2129
945
602
-2458
1699
-208
-810
1835
377
-861
2333
-1792
1041
-702
-182
31
-544
1910
-1350
1455
421
-890
684
-421
-1272
1305
-1107
1507
445
-265
297
939
-2061
1646
-740
128
710
-573
1131
-477
1121
-1615
1468
-537
-740
1996
-1514
58
2092
-2246
1979
-111
-1296
1040
-34
-1797
2122
-1705
-24
1865
-3315
2645
-1859
-843
1145
-1795
389
569
-869
108
-382
-755
101
-1381
735
-306
-78
-224
-490
-76
-59
-744
734
-1131
866
239
-914
972
-916
431
318
-131
152
556
-389
141
864
-995
1010
338
50
900
-538
1247
-424
-338
1820
-451
-1148
3300
-2065
1543
1244
-2164
2862
-1655
131
1213
-1551
1178
216
-1262
2841
-1985
-169
1904
-3013
1035
979
-2458
2132
-265
-334
1031
-418
-183
730
-1125
1040
-239
-806
2501
-1785
1267
141
-310
-1027
1864
-2733
1357
878
-2153
2050
-890
517
-714
323
-400
-171
-397
42
7
-863
1228
-985
44
434
-957
-313
819
-1057
-926
1930
-1916
1007
595
-1095
1367
-1523
713
-91
-795
745
820
-2191
2573
-604
-1423
3006
-1920
550
524
-776
1372
-579
39
2259
-2398
1830
261
-1204
1717
-386
63
679
-782
891
-331
-752
1792
-1121
1272
1320
-1549
1186
89
-1908
2154
-1235
597
710
-226
1878
-1397
127
1256
-2590
897
1866
-2813
2949
-89
-2005
2724
-2183
472
672
-1724
773
315
-1249
1053
-114
-851
1119
-636
513
-66
-610
328
-536
-879
1932
-1589
409
527
-747
-189
42
-942
111
-882
-21
880
-959
771
736
-1163
1170
-1256
216
919
-1142
1064
-704
1174
-219
963
-1476
-209
-65
59
-1005
992
-53
-1133
2812
-1742
507
25
-394
-945
352
-191
-409
795
-81
473
-906
527
-185
-1146
587
222
-440
871
-952
1074
143
-422
421
320
-1060
820
522
-586
863
-251
872
-156
597
-218
481
43
-209
1100
-820
618
-464
-151
80
572
-86
372
379
-601
338
-746
-29
187
-158
-358
1406
-556
-616
990
-941
-576
1114
-991
52
305
-587
1132
-671
288
365
511
-465
656
-1205
325
696
-1242
1214
485
-402
770
-483
37
-537
292
-220
281
591
98
482
355
-172
-555
1867
-1581
678
680
-908
1011
-1031
791
102
-891
511
667
-1674
909
150
-1583
2448
-1271
303
1107
-855
292
249
-51
-260
624
238
-310
-34
823
-205
-32
219
304
-395
-403
1367
-1408
507
995
-616
516
411
-670
603
-615
-217
484
372
352
-419
1367
-182
-654
-191
1234
-1429
-287
1493
-797
-512
1567
-119
-845
-683
-109
666
-1352
-465
538
-822
-499
1302
-50
99
-36
-960
790
29
-1645
1492
-626
-365
1933
-1212
1509
-118
-1708
1158
109
-1548
1487
188
-240
621
415
341
1040
523
-1
643
-233
305
1279
-802
1386
469
-230
1959
-318
1045
507
252
248
-103
-137
829
-33
567
1173
134
-235
-136
426
-1378
-361
577
502
-46
547
1249
-239
-781
1061
300
-1250
1488
960
-472
-142
846
352
-884
160
495
-890
476
763
-879
669
495
-296
926
-422
232
-176
-277
412
35
874
428
-424
183
-48
-815
616
-392
-144
534
587
21
-49
300
-839
-619
66
-628
-390
867
-101
-433
516
-269
-365
-273
181
-899
-136
669
-535
496
-35
344
-49
-237
539
-496
-221
989
8
-330
801
-434
-285
879
-305
-251
880
273
-414
361
355
-634
98
677
293
-212
272
983
-16
328
348
-753
-212
744
-372
95
524
-897
-157
395
-565
-335
-140
-606
-234
-572
406
-30
-793
-242
139
-227
-52
-479
-181
-563
-769
352
-618
-262
-600
199
-221
-1049
-31
9
-766
-278
-460
-407
-152
-299
522
-394
388
-166
-698
174
-22
-550
-42
349
-4
58
-283
559
-209
154
520
380
-430
393
366
37
695
48
554
55
275
406
79
-25
466
-15
17
644
429
422
171
451
130
-116
686
533
65
374
591
502
-479
401
226
-612
318
413
13
382
704
-216
137
159
73
-208
-126
33
127
132
273
146
-474
-442
-188
-327
-298
-22
125
-204
-207
3
85
-404
-605
58
-520
-348
-214
183
-536
-653
-55
-161
-218
-313
-330
-433
-699
-286
-109
-410
-313
89
-180
-437
-39
-112
-498
-451
-157
-303
-250
240
40
-174
268
-63
136
46
-292
255
114
-26
605
75
75
554
248
227
22
776
-70
-71
151
361
15
156
581
42
-85
483
691
-96
39
77
-174
12
135
126
481
239
289
411
185
-246
-191
-62
-123
-565
293
447
-82
105
318
261
-520
167
-259
-663
-267
199
-100
-35
715
221
-466
98
-195
-600
-115
-216
-76
172
5
156
134
-365
184
97
-253
177
-287
-203
-267
-49
-206
76
182
-149
198
-268
129
-69
-182
26
-107
-115
-114
-121
-187
-311
-335
240
-217
-222
-10
-302
-88
-363
187
57
-167
79
64
259
440
426
91
-139
-288
-107
-14
-171
545
237
230
384
270
154
196
31
-219
31
67
388
397
65
279
311
-364
-297
-238
-314
-202
166
110
-51
131
48
-126
-444
-745
-174
-397
-297
77
-306
-320
-272
-238
-42
-175
-273
-38
-381
-523
-183
-171
-380
-373
-301
-334
11
185
-453
-74
-394
-537
-183
-274
-222
270
143
442
288
133
456
-290
-247
-40
-225
-63
256
-17
-21
79
316
223
194
117
-350
64
221
-218
104
308
-10
111
-54
259
-10
-441
-461
-576
-464
-265
123
241
-156
186
209
269
80
-252
204
-15
-186
-142
399
26
-13
78
-126
-237
-485
-352
-608
-660
-533
-21
-69
-145
218
118
8
-200
-133
-4
-418
-88
-2
53
167
356
489
199
141
-42
-73
-33
-35
77
256
222
221
245
47
-207
-99
-472
-358
-34
-232
-43
54
-86
-47
39
-161
-16
-68
146
290
310
443
348
464
474
390
308
102
395
199
232
410
300
525
436
416
351
456
373
359
569
596
485
431
568
486
563
600
502
484
394
365
483
299
155
153
42
155
184
173
321
263
215
289
-35
41
-6
-371
-73
-79
-32
157
83
-35
-170
-358
-336
-35
-253
-336
-162
-151
-204
-118
13
-97
-124
-95
-152
-223
-250
-123
-1
-285
-166
-67
-167
-279
-230
-262
-270
-209
-271
-326
-500
-555
-462
-347
-154
-368
-261
-253
-435
-175
-137
-224
-239
-157
-137
-111
-230
-189
-69
-176
-254
256
222
194
372
244
118
174
221
258
248
223
509
370
431
636
355
375
201
214
165
-39
310
298
213
359
317
359
211
284
187
52
-58
-50
-55
-44
71
-42
-41
-219
-178
-158
-379
-278
-276
-364
-301
-331
-318
-341
-389
-351
-414
-305
-307
-360
-161
-295
-368
-228
-119
-207
-140
-253
-108
-154
-126
68
-87
-106
-96
-164
-187
-71
-113
-54
-33
-106
-92
51
36
-197
-125
-137
-165
63
114
77
-14
128
-1
77
169
-152
43
-134
-155
238
-192
-52
40
-270
-15
-79
-106
-24
-149
-216
55
-172
-147
-28
-291
-112
-13
-36
75
102
20
44
144
52
126
180
88
170
237
194
375
273
71
133
151
45
228
29
-101
80
-69
112
187
33
-9
36
12
-53
-29
-232
-241
-275
-254
-179
-310
-407
-508
-579
-536
-592
-453
-565
-719
-612
-611
-563
-539
-596
-474
-595
-395
-292
-364
-183
-205
-334
-246
-23
-148
94
24
59
-82
6
76
-13
190
86
205
119
204
264
111
144
-25
34
172
77
225
271
264
337
266
422
241
344
381
172
328
296
255
358
194
26
168
7
-173
106
-43
-56
-38
-124
71
-75
24
31
70
-53
106
191
39
163
53
99
105
-35
135
-12
-112
28
-42
-83
-46
-153
-202
-189
-159
-100
-172
-211
-268
-242
-225
-155
-283
-275
-404
-449
-352
-305
-250
-281
-132
-255
-279
-182
-169
-314
-297
-300
-370
-156
-178
-252
-183
-272
-229
-182
-214
-89
-122
-165
-145
-212
-105
-83
-127
76
-190
-64
40
-14
42
138
148
156
281
270
315
269
262
236
340
172
241
190
143
243
177
244
182
140
72
80
77
68
135
210
135
130
159
94
61
61
-42
35
-37
-58
13
11
-92
-20
-98
-73
-87
-127
-15
-77
-100
-39
-169
-253
-91
-314
-198
-183
-305
-166
-159
-218
-212
-234
-290
-179
-194
-138
-54
-185
-149
16
-69
-66
-114
-106
-164
-127
-13
-109
13
-221
-192
-192
-273
-94
-290
-180
-125
-257
-65
-96
-35
-21
-49
-83
3
98
97
27
-60
-26
-189
8
-35
-104
50
-18
-42
9
26
-21
12
75
42
107
161
214
87
69
126
-54
53
106
91
70
230
45
161
236
32
116
90
55
110
146
74
55
-53
-48
-94
-122
-150
-184
-187
-184
-278
-171
-218
-375
-187
-303
-251
-177
-315
-333
-337
-396
-273
-284
-312
-321
-389
-316
-376
-300
-386
-369
-312
-361
-335
-238
-197
-208
-151
-217
-188
-100
-143
-141
-113
-50
-51
48
121
19
-34
21
-40
-23
16
-55
-104
-33
-104
-27
-34
-43
5
-52
63
20
47
106
34
98
52
69
58
91
69
70
245
150
252
240
158
191
211
156
179
122
75
140
91
76
131
53
141
132
152
188
247
279
219
333
210
195
212
123
186
63
137
188
33
124
58
29
19
-10
-120
-117
-64
-137
-58
-62
-92
-161
-141
-201
-213
-176
-209
-261
-176
-200
-197
-217
-221
-272
-244
-160
-200
-137
-150
-128
-141
-76
-143
-155
-163
-243
-155
-206
-30
-114
-70
18
-95
4
-48
-19
62
78
65
122
153
78
157
118
70
77
25
108
134
67
48
-2
87
22
42
72
6
90
125
99
206
172
108
108
102
12
-7
-47
-130
-49
-110
-11
-26
-82
34
-22
21
116
80
72
132
129
102
108
146
108
49
97
-61
-54
24
-24
68
48
-40
46
74
104
4
12
-65
-42
-101
-93
-74
-153
-107
-95
-81
-72
-89
-113
-104
50
-35
-18
109
1
79
71
99
74
81
103
11
85
54
77
94
124
131
83
203
233
239
372
260
266
346
249
278
331
227
180
259
216
295
285
301
201
247
327
194
305
271
194
101
109
81
25
-8
-78
-150
-150
-79
-85
-34
38
-127
-106
-53
-121
-79
-106
-136
-136
-170
-147
-106
-137
-177
-170
-230
-191
-199
-168
-153
-140
-91
-37
-45
-91
21
-66
-78
-27
-68
-30
-30
-87
-26
-63
-46
-29
-46
-12
-14
-48
39
135
111
107
140
138
158
152
147
103
114
161
134
151
113
38
77
8
116
171
114
144
131
109
113
166
129
142
71
61
116
113
152
173
97
108
112
155
163
148
176
94
266
214
281
264
180
219
153
155
108
121
45
55
40
16
39
-14
-3
-29
-33
4
-34
3
-29
-133
-61
-60
-77
-90
-143
-190
-139
-208
-174
-141
-152
-65
-66
18
50
35
-53
-76
-79
-49
-30
-16
24
-7
12
96
40
107
33
17
140
37
137
164
97
87
109
113
56
77
55
92
35
49
73
-30
79
12
-1
90
12
46
44
86
53
64
54
60
33
-25
51
19
-12
-57
-18
4
-36
-7
50
17
58
89
91
135
141
97
92
65
49
75
43
128
129
77
145
161
114
155
94
39
102
50
95
87
95
104
23
57
4
-15
-31
-49
-89
-138
-80
-134
-137
-106
-85
-80
-117
-49
-91
-97
-96
-92
-113
-62
-61
-102
-78
-107
-101
-95
-63
-116
-66
-13
-19
22
56
64
74
169
170
165
223
184
192
247
242
260
280
322
294
308
280
250
303
246
254
234
246
240
214
292
230
192
207
184
110
101
82
61
88
56
65
59
53
36
22
-13
-33
-7
-2
2
24
-4
-7
32
-39
39
6
-18
-58
-35
-46
-88
-79
-89
14
-110
58
-19
-66
81
-34
0
50
41
72
99
99
33
83
101
-12
22
-48
-94
7
-47
-133
-49
-116
-116
-74
-117
-58
-116
-69
3
-30
-92
-95
-103
-119
-140
-184
-143
-187
-150
-116
-168
-147
-172
-101
-93
-107
-69
-105
-13
-49
3
33
-19
-66
-54
-17
-25
66
110
124
156
188
178
215
177
187
224
224
254
272
304
304
244
186
170
160
138
143
133
93
166
142
133
106
125
93
94
86
34
147
75
96
141
81
89
65
16
42
61
70
114
82
71
48
67
12
4
-57
-40
-64
-47
32
0
10
20
31
16
0
43
40
76
83
72
84
57
30
21
56
45
106
89
90
136
105
80
100
44
110
164
133
173
170
154
178
193
162
158
91
129
147
104
132
137
96
138
68
44
119
39
112
115
59
109
71
80
122
95
56
11
62
27
33
34
45
49
17
97
7
36
39
28
61
104
57
61
64
8
-3
-9
10
-53
-66
-54
-122
-100
-67
-65
-33
-121
-51
-89
-139
-62
-55
-51
18
-13
-54
-37
-100
-78
-109
-106
-171
-127
-177
-132
-82
-96
-33
-76
-54
-24
-34
-41
0
-33
-12
-57
-20
-17
-9
28
35
31
74
65
85
148
99
123
153
117
77
63
68
93
94
162
162
165
211
162
133
130
189
197
226
244
213
217
246
242
253
244
194
226
218
213
231
161
132
117
104
107
58
25
18
37
96
75
48
70
73
41
10
-10
-37
-25
1
13
-23
-91
-81
-82
-76
-100
-125
-98
-126
-100
-75
-143
-142
-136
-163
-147
-122
-137
-90
-65
-110
-106
-141
-182
-178
-180
-153
-156
-124
-75
-109
-91
-102
-125
-96
-125
-112
-88
-81
-13
24
5
-4
7
-17
30
57
88
120
181
209
244
202
181
171
150
127
132
104
108
163
141
162
154
147
149
154
109
100
79
96
95
41
47
42
12
17
23
-6
-30
-18
11
-14
5
-25
-15
-3
17
62
25
13
-1
-34
8
42
-2
2
7
-4
8
27
-43
-38
-55
-90
-93
-54
-38
20
38
2
5
-4
-23
-91
-72
-152
-139
-100
-100
-62
-57
-64
-84
-110
-56
-36
-43
12
-1
-13
-14
-22
-35
-8
-27
15
14
22
26
16
28
9
-37
-35
-37
-15
32
13
46
7
7
27
21
-25
-3
-28
-22
33
7
11
-5
-50
-50
-89
-89
-21
-20
-2
-7
-9
-8
12
-37
-30
-69
-90
-68
-107
-72
-36
-39
-25
-7
-7
26
34
63
4
-43
-20
-40
-9
-10
-32
-58
-71
-54
-21
-33
-5
16
-9
-7
-43
-23
11
12
-2
-12
-52
-73
-83
-78
-114
-119
-90
-18
34
11
23
23
-24
-58
-94
-79
-33
-83
-32
-39
-64
-90
-117
-144
-169
-184
-176
-191
-152
-106
-127
-98
-128
-102
-62
-54
-56
-57
-101
-91
-108
-80
-50
-81
-76
-50
-17
-27
-27
-30
-10
-26
-62
-85
-88
-127
-147
-121
-119
-139
-144
-114
-126
-144
-103
-101
-76
-26
-46
-55
-43
-72
-93
-99
-99
-127
-138
-92
-108
-76
-61
-93
-103
-107
-140
-136
-161
-178
-102
-138
-49
-22
-37
-13
-7
23
50
83
72
60
89
80
71
83
43
61
50
67
70
47
43
10
16
13
24
27
59
80
44
57
58
19
38
50
51
114
143
127
103
82
-5
19
3
-21
-5
-53
-40
-63
-82
-67
-86
-116
-93
-105
-124
-127
-160
-126
-110
-123
-91
-107
-72
-67
-48
-29
-60
-53
-65
-71
-80
-94
-78
-64
-71
-56
-83
-78
-75
-92
-94
-125
-118
-100
-80
-78
-76
-39
-36
-12
18
16
32
19
26
62
53
59
60
18
-26
-30
-32
-32
-49
-47
-87
-76
-48
-27
-29
-64
-65
-51
-57
-75
-43
-25
-37
-25
-21
-27
-4
-66
-46
-51
-54
-46
-48
-56
-72
-59
-107
-107
-88
-91
-138
-131
-137
-140
-141
-145
-118
-117
-113
-121
-108
-34
-44
-28
-37
-60
-9
-11
35
7
5
2
-18
-27
-68
-61
-60
-76
-85
-80
-47
-16
-13
5
-10
-28
17
8
-4
-14
-62
-30
-10
-11
5
16
32
54
26
35
54
49
78
81
75
93
95
67
111
79
83
120
85
96
108
123
155
138
114
131
129
139
133
83
90
85
76
117
86
87
46
12
18
-26
-31
-53
-59
-70
-86
-59
-27
-41
-76
-84
-90
-81
-83
-113
-122
-162
-147
-128
-133
-123
-129
-139
-154
-140
-162
-157
-154
-155
-135
-108
-103
-169
-164
-189
-195
-144
-161
-158
-157
-163
-158
-163
-155
-164
-168
-141
-111
-77
-62
-61
-69
-60
-37
-45
-19
-40
-72
-62
-68
-39
9
-17
-50
-45
-81
-36
-39
-48
-53
-63
-36
-10
-10
-28
-34
-68
-46
-12
-47
-21
-25
-36
-49
-67
-59
-54
-72
-61
-19
11
25
23
47
61
46
72
54
22
10
4
-4
36
39
47
89
62
93
120
112
112
133
132
135
115
103
81
41
24
19
36
17
21
14
6
15
-11
-3
16
-30
-36
-30
-23
-23
-29
-21
-13
30
53
71
72
48
64
98
95
93
102
90
95
107
105
112
90
78
104
126
127
101
100
78
89
130
100
121
104
92
94
77
57
68
65
36
55
23
2
5
-22
23
25
18
42
19
24
30
-18
1
-25
-62
-46
-62
-26
-4
-18
13
23
22
41
36
36
62
65
76
116
105
100
90
36
23
-17
-62
-99
-107
-99
-97
-46
-51
-80
-75
-118
-111
-80
-76
-75
-41
-33
-31
-53
-87
-90
-92
-95
-113
-84
-61
-86
-99
-97
-86
-70
-93
-85
-85
-72
-78
-68
-64
-100
-97
-121
-100
-74
-72
-50
-17
2
-5
-5
-10
0
-16
-1
41
60
103
102
81
82
65
47
58
109
120
126
121
138
125
96
86
60
72
116
121
150
175
130
119
81
38
40
26
51
65
28
25
51
44
36
22
19
31
39
43
56
60
45
18
8
11
-1
-15
-41
-23
5
-6
6
-14
-50
-48
-53
-52
-32
-15
-12
-2
-30
-54
-59
-67
-67
-60
-30
-22
5
5
-30
-23
-65
-78
-61
-109
-88
-83
-113
-107
-139
-163
-172
-187
-174
-138
-134
-101
-103
-104
-69
-81
-67
-23
-20
-12
1
-21
-27
-33
-55
-104
-109
-108
-116
-104
-106
-91
-86
-60
-49
-59
-70
-71
-57
-31
-5
4
5
-15
-37
-41
-51
-58
-54
-42
-41
-40
-29
-40
-39
-32
-46
-24
17
33
30
20
9
2
10
16
-27
-8
-1
-8
7
-2
5
4
-26
-27
19
33
83
72
89
98
67
74
57
50
22
4
10
46
66
66
70
63
47
58
60
54
71
77
88
102
111
88
43
7
3
-20
-31
-43
-45
-30
-71
-71
-77
-99
-69
-72
-59
-21
-5
-17
-3
9
25
-1
-2
-20
-6
8
-4
22
7
-2
-34
-33
-11
16
12
10
33
25
3
-4
-11
-6
-7
-37
-36
-20
-10
6
9
19
25
9
-26
-28
-50
-70
-62
-59
-46
-79
-93
-110
-112
-94
-86
-73
-53
-36
-34
-12
-22
-18
-2
6
22
33
37
58
92
92
101
64
63
48
38
74
66
73
86
57
62
79
99
90
83
62
74
91
77
59
0
2
-11
-11
-8
-20
-15
-26
-17
2
-32
-58
-79
-59
-6
-13
7
-11
-34
-31
-89
-100
-94
-102
-71
-45
-9
2
-11
-38
-46
-25
-28
-37
-34
-45
-34
-17
-20
-22
-52
-74
-91
-103
-86
-82
-60
-30
-48
-66
-25
-8
34
59
58
76
76
99
81
52
-5
-36
-28
-34
-46
-21
-18
-50
-21
-26
-24
-5
-6
0
23
53
50
66
50
27
5
-34
-15
14
15
45
44
40
39
12
21
40
38
56
69
77
69
41
28
18
-15
-36
-26
-21
4
25
24
29
34
50
48
82
118
89
93
77
58
18
-11
-26
-42
-84
-94
-101
-118
-127
-136
-139
-160
-157
-123
-109
-129
-109
-117
-109
-120
-146
-151
-159
-175
-184
-158
-160
-152
-136
-125
-119
-130
-145
-150
-139
-125
-101
-81
-91
-82
-69
-63
-56
-79
-107
-109
-90
-82
-71
-67
-66
-59
-49
-45
-34
-38
-16
-6
12
35
27
24
-1
6
36
37
37
49
47
67
115
131
151
161
170
167
140
135
115
113
112
88
94
79
79
75
57
59
71
65
74
65
58
68
49
61
64
70
72
65
66
62
49
40
44
48
60
66
76
99
100
100
135
103
72
66
61
73
88
66
49
63
36
17
6
-7
-16
15
32
56
70
64
67
40
9
-30
-50
-66
-68
-79
-75
-73
-77
-71
-89
-107
-109
-81
-54
-19
27
60
74
84
74
83
91
85
96
60
34
0
6
10
-19
-6
18
19
29
29
35
47
56
54
45
66
97
110
131
143
128
101
62
36
29
30
34
49
47
46
55
60
62
59
36
26
22
21
49
39
42
18
-9
-18
-38
-41
-65
-39
-1
-5
-20
-6
-33
-43
-45
-57
-61
-57
-72
-103
-93
-89
-83
-72
-57
-43
-27
-14
25
50
52
51
48
63
70
68
70
69
54
62
36
16
21
0
-3
26
16
12
9
-3
6
1
4
10
26
18
6
17
19
33
19
6
7
-7
3
28
51
77
81
93
82
68
79
83
82
76
71
60
52
48
65
59
30
30
16
35
64
44
34
21
34
37
54
50
55
54
24
28
0
-30
-42
-71
-91
-94
-82
-68
-76
-90
-83
-76
-71
-75
-64
-67
-67
-48
-55
-54
-46
-40
-58
-64
-57
-63
-41
-26
-7
23
17
40
27
18
19
-3
-7
-21
-8
-18
0
2
-10
-32
-37
-30
-19
-20
-33
-22
-13
-2
13
14
35
41
30
29
43
36
38
46
34
35
40
70
86
97
130
118
135
159
177
167
176
185
179
178
163
147
140
119
105
96
85
92
97
105
127
142
147
145
153
161
169
177
181
176
171
174
164
172
162
135
105
106
103
95
83
63
75
106
111
109
104
88
82
72
42
34
5
-26
-25
-33
-34
-37
-43
-45
-35
-31
-16
-18
-25
-22
10
9
12
10
-5
4
0
-14
-22
-12
-14
-14
-20
-35
-29
-30
-19
-1
1
6
-3
-2
-2
-10
-5
-1
9
29
56
60
54
58
64
61
59
60
82
110
130
112
107
93
74
80
90
81
89
94
104
115
83
88
92
89
117
125
157
177
169
173
153
126
128
125
96
67
49
39
37
14
-15
-38
-58
-60
-56
-50
-38
-29
-7
0
-3
-19
-30
-35
-30
-6
9
11
-16
-22
-21
-50
-55
-60
-66
-53
-60
-35
-9
-11
-9
-15
-36
-60
-74
-70
-76
-77
-68
-54
-44
-52
-55
-32
-14
13
39
55
73
59
50
28
21
20
9
19
35
21
23
6
9
1
2
43
41
51
66
67
59
24
-10
-43
-63
-69
-69
-34
-20
-24
-20
-39
-46
-48
-32
-32
-22
-37
-25
-4
-10
-26
-41
-44
-62
-58
-67
-55
-20
-39
-40
-10
-12
2
17
15
75
92
78
64
26
13
-15
-24
-23
-11
-13
9
9
-5
-14
-50
-52
-71
-73
-49
-27
-11
-29
-20
-29
-75
-104
-145
-138
-113
-91
-61
-54
-57
-63
-76
-83
-80
-69
-33
-33
-12
19
29
48
41
30
38
48
63
63
72
62
55
30
24
34
33
36
35
46
57
51
45
49
42
38
27
17
19
26
2
-26
-37
-67
-68
-51
-37
-19
-9
-3
-5
-14
-28
-32
-45
-55
-40
-22
-25
12
25
46
40
21
23
30
27
33
38
23
33
-3
-4
30
24
43
62
83
107
122
113
110
89
74
71
63
97
104
94
99
96
76
68
64
44
43
30
23
31
47
62
59
49
35
32
50
59
64
57
33
19
25
36
39
42
18
21
23
38
65
69
99
98
115
131
158
172
168
161
144
139
129
108
108
122
127
144
157
156
164
155
150
139
117
138
138
132
138
138
118
110
99
84
94
81
78
41
39
36
30
29
21
29
-9
-8
1
-19
3
-26
-32
-8
-9
24
29
8
-4
0
-22
-22
-21
-28
-26
-49
-51
-44
-40
-30
-40
-52
-46
-29
-17
1
15
9
3
-4
-8
-8
5
12
4
-2
-28
-13
-15
-34
-62
-72
-93
-77
-41
-58
-52
-59
-68
-57
-50
-39
-3
7
-10
5
4
-16
-3
-16
-1
30
0
6
25
34
37
8
-5
-4
-18
-12
9
18
4
-32
-67
-87
-105
-145
-148
-142
-109
-69
-61
-27
-25
-23
-25
-42
-26
-47
-40
-11
-7
1
2
-8
-14
-26
-27
18
32
47
37
30
47
36
13
9
21
16
-12
-7
-19
-25
-36
-76
-70
-70
-60
-44
-32
-22
-50
-84
-92
-107
-124
-125
-107
-70
-68
-76
-79
-102
-128
-175
-209
-197
-180
-155
-151
-137
-104
-118
-149
-156
-145
-153
-162
-157
-133
-133
-163
-155
-156
-137
-135
-141
-150
-134
-152
-162
-146
-168
-189
-216
-242
-250
-237
-254
-251
-254
-266
-271
-244
-217
-214
-177
-160
-138
-93
-124
-163
-167
-191
-178
-149
-164
-181
-165
-237
-215
-193
-224
-231
-225
-229
-192
-197
-204
-189
-206
-238
-238
-220
-225
-234
-230
-188
-179
-171
-172
-164
-153
-149
-125
-84
-65
-59
-62
-69
-56
-51
-80
-94
-110
-111
-124
-126
-136
-157
-168
-181
-163
-139
-118
-112
-125
-103
-85
-85
-103
-115
-101
-73
-58
-55
-42
-43
-48
-84
-105
-124
-147
-136
-141
-150
-133
-137
-95
-74
-87
-90
-91
-77
-56
-45
-40
-17
-18
-38
-62
-56
-59
-48
-58
-70
-67
-69
-69
-59
-56
-64
-87
-94
-100
-111
-101
-112
-133
-119
-106
-94
-98
-100
-103
-112
-137
-152
-158
-172
-174
-181
-182
-186
-170
-170
-151
-152
-184
-185
-192
-205
-182
-148
-139
-142
-144
-146
-147
-156
-174
-189
-200
-201
-207
-198
-183
-192
-196
-200
-199
-166
-153
-143
-136
-150
-156
-145
-133
-140
-130
-143
-165
-163
-162
-163
-177
-179
-167
-159
-137
-123
-109
-92
-89
-98
-130
-126
-118
-130
-131
-115
-103
-116
-127
-142
-144
-139
-157
-164
-151
-145
-120
-116
-102
-87
-89
-82
-104
-113
-102
-103
-109
-113
-128
-115
-110
-102
-82
-87
-93
-75
-94
-85
-58
-59
-41
-37
-36
-20
-16
-43
-63
-99
-139
-136
-133
-119
-105
-79
-72
-99
-94
-78
-74
-75
-68
-44
-32
-41
-15
-25
-33
-70
-84
-58
-65
-53
-45
-33
-2
-8
-20
-39
-46
-16
-26
-16
12
-8
-4
-7
-23
-13
-28
-45
-27
-45
-43
-60
-94
-88
-104
-116
-114
-130
-122
-102
-101
-107
-127
-134
-133
-144
-148
-126
-86
-107
-105
-88
-101
-94
-104
-93
-100
-105
-99
-105
-87
-79
-101
-116
-115
-106
-87
-72
-85
-104
-94
-100
-84
-84
-82
-87
-103
-90
-72
-69
-70
-75
-87
-98
-86
-88
-65
-42
-46
-18
-3
-9
-1
2
13
34
46
34
48
34
32
28
-10
-35
-49
-33
-40
-32
-6
-21
-7
2
-9
12
16
5
25
46
64
94
79
69
68
43
31
32
18
11
2
-9
22
45
37
40
39
64
50
30
39
18
15
-5
-4
12
14
45
50
54
17
-12
-16
-20
-25
-32
-9
7
10
4
-3
-8
-16
-4
1
6
5
3
14
10
7
21
5
9
40
18
36
48
45
35
66
71
90
89
64
73
71
97
102
109
82
101
116
102
103
112
104
110
119
117
129
127
125
126
121
89
55
42
10
2
4
-26
-6
-3
18
30
14
30
35
36
42
53
43
45
49
47
48
44
44
46
38
40
60
61
62
66
58
50
21
-10
-36
-44
-45
-49
-26
-30
-60
-59
-70
-54
-49
-46
-35
-45
-26
3
15
5
-2
-7
10
11
23
28
22
-3
-34
-30
-34
-43
-54
-52
-50
-61
-61
-51
-56
-63
-70
-70
-61
-39
-38
-41
-31
-15
-6
-20
-29
-26
-50
-39
-10
-7
-18
-29
-8
16
16
13
2
17
28
26
34
46
31
12
-4
-11
-9
-19
0
-2
2
15
13
1
1
14
23
31
44
38
35
3
8
35
25
55
56
89
99
84
86
67
82
75
52
70
73
69
89
78
92
81
27
54
92
111
111
109
86
80
78
71
63
72
62
67
83
77
90
87
70
59
58
25
14
16
7
14
-20
-41
-36
-53
-57
-63
-67
-66
-76
-87
-80
-86
-92
-105
-112
-134
-135
-130
-137
-131
-126
-86
-60
-43
-25
-22
-32
-10
-11
12
39
35
26
8
-10
2
17
21
34
33
49
63
75
67
89
90
98
125
114
135
138
139
129
115
106
97
93
98
102
107
115
113
139
124
110
114
108
112
112
82
56
36
30
28
27
21
-1
6
-2
-7
37
45
70
95
104
118
110
105
101
91
81
83
75
69
62
59
37
29
39
28
40
60
59
65
68
78
94
99
127
140
123
110
109
96
112
120
116
122
94
85
69
56
41
44
23
13
3
-16
1
4
-19
-12
-14
-46
-50
-55
-31
-30
-43
-17
-27
1
-2
0
4
-14
-19
-24
-26
3
26
18
32
18
21
11
-10
-17
-17
-21
-38
-16
-26
-15
-12
-13
-20
-30
-49
-50
-71
-92
-80
-74
-59
-58
-21
-15
-19
-15
-3
3
-34
-44
-39
-31
-22
-30
-23
-18
-35
-60
-55
-55
-60
-44
-35
11
40
38
58
51
76
85
79
90
77
62
44
39
74
93
78
68
52
70
60
41
61
72
69
67
81
129
137
126
116
93
97
102
113
130
122
88
71
76
83
77
80
73
70
64
35
62
84
89
75
68
63
58
74
65
48
54
32
14
36
31
32
6
-1
15
-15
-23
-19
-24
-33
-53
-45
-24
-29
-18
-17
-20
6
-9
2
7
0
3
-7
9
9
-12
-11
6
17
17
20
25
28
42
20
27
40
24
36
49
23
31
39
40
49
40
46
78
94
113
114
115
133
128
119
140
147
159
173
161
163
133
121
123
121
128
129
113
118
121
123
113
122
128
107
108
106
119
125
134
126
130
152
146
149
157
163
159
167
171
177
190
205
214
207
219
221
226
239
237
232
243
256
265
273
255
257
281
278
309
316
314
322
320
293
306
318
325
313
313
277
269
256
233
247
222
225
248
269
249
276
260
240
212
214
222
203
226
230
228
215
239
249
236
227
202
209
214
221
222
214
201
218
219
226
220
191
173
173
181
178
177
177
164
163
197
207
232
234
215
233
220
221
225
213
237
252
243
244
239
225
204
184
190
189
190
203
220
227
232
213
190
172
145
122
104
119
129
130
128
107
107
71
61
68
57
79
77
77
86
106
114
100
107
121
110
115
128
124
123
124
113
98
106
123
146
160
157
153
153
144
131
122
110
128
138
131
136
143
100
96
95
79
84
88
121
149
161
153
164
166
154
152
155
161
164
183
191
198
183
166
161
166
169
163
170
158
167
169
151
148
142
125
118
128
125
113
108
106
94
89
90
94
73
76
64
66
81
61
64
61
27
27
2
-1
13
2
-7
-14
-24
-33
-46
-28
-15
16
45
62
90
88
96
106
107
106
118
116
117
148
160
158
156
156
157
153
161
146
124
108
123
114
97
84
79
77
79
78
82
78
56
58
55
69
92
95
101
101
103
110
120
130
111
113
126
119
130
142
127
122
93
71
77
55
41
42
56
86
92
78
81
70
46
24
21
18
39
40
89
99
103
119
93
122
108
107
114
117
134
112
106
96
78
75
72
46
35
42
12
24
20
9
17
26
28
30
41
38
38
31
16
33
28
42
62
75
87
85
81
101
134
140
130
149
140
158
176
165
206
186
198
218
180
169
171
137
145
134
137
158
140
165
163
140
154
143
141
156
152
164
176
180
177
158
155
152
154
149
157
144
140
139
129
125
107
121
105
103
84
90
82
70
71
59
57
65
70
67
66
61
59
43
62
51
54
63
69
89
91
93
100
104
93
77
73
73
68
44
46
32
24
39
43
45
63
65
46
68
77
66
82
61
70
71
51
41
39
62
82
114
110
112
128
120
116
127
131
130
102
83
98
70
49
29
-5
-13
-19
-43
-48
-87
-78
-58
-37
-26
-24
9
13
40
29
28
14
-1
5
0
15
10
26
47
50
43
8
-1
1
-7
0
-6
3
-21
-21
-24
-28
-12
-34
-37
-44
-45
-49
-43
-22
7
23
33
24
19
38
53
72
74
65
48
29
11
22
27
20
-19
-45
-49
-40
-43
-48
-28
-44
-44
-36
-82
-77
-64
-77
-54
-48
-61
-51
-53
-52
-32
-30
-19
-6
8
19
35
36
45
29
7
-17
-30
-51
-47
-57
-78
-85
-89
-67
-72
-58
-48
-51
-67
-57
-65
-62
-47
-37
1
-16
-24
-24
-32
-51
-64
-42
-29
-15
-17
1
24
38
42
39
19
1
-5
-19
-14
-15
-24
-23
-44
-78
-85
-100
-105
-82
-81
-51
-52
-42
-25
-23
-3
14
23
12
4
1
-11
23
-3
-16
-28
-40
-3
7
13
30
19
-3
-13
-15
-32
-53
-29
-22
-5
5
0
-13
-30
-18
-1
-2
13
18
12
27
43
63
54
42
36
35
34
44
50
48
46
36
25
10
1
3
23
41
49
56
59
38
41
24
-1
28
31
32
42
19
25
23
29
40
46
64
63
84
73
81
66
50
40
17
4
-6
-6
28
35
30
24
8
-6
-16
-33
-26
-27
-29
-23
-13
1
7
12
5
16
17
-7
-13
-20
-37
-25
-48
-41
-26
