-224
-264
-299
-301
-266
-255
-258
-256
-246
-237
-247
-235
-224
-238
-262
-276
-259
-266
-305
-320
-318
-311
-314
-306
-291
-250
-246
-224
-188
-181
-183
-185
-165
-147
-155
-172
-162
-142
-160
-180
-175
-165
-142
-128
-109
-93
-65
-44
-23
28
31
11
24
37
42
26
6
17
14
5
-4
9
39
54
53
76
83
83
98
118
121
102
95
98
98
89
52
46
26
8
-18
-26
-34
-41
-38
-33
-22
-30
-30
-47
-36
-51
-78
-105
-122
-145
-181
-221
-239
-249
-247
-249
-237
-225
-220
-215
-208
-181
-198
-211
-205
-184
-184
-201
-201
-216
-232
-244
-253
-250
-263
-262
-221
-201
-181
-163
-136
-110
-85
-94
-95
-88
-77
-64
-102
-107
-116
-110
-90
-75
-58
-34
-5
20
45
41
37
63
93
106
105
96
102
93
93
71
60
49
34
53
58
62
77
94
117
133
138
130
133
162
159
126
94
73
51
50
39
24
6
-8
13
34
27
7
4
10
23
2
-9
4
7
11
-8
-31
-53
-60
-68
-72
-89
-104
-86
-51
-19
-28
-32
-44
-39
-17
-19
-30
-42
-51
-67
-76
-73
-98
-115
-117
-111
-109
-108
-88
-80
-70
-81
-106
-93
-98
-90
-91
-114
-140
-160
-141
-165
-179
-208
-224
-194
-176
-153
-157
-132
-116
-101
-94
-97
-84
-101
-98
-94
-106
-117
-119
-99
-90
-104
-89
-53
-14
9
23
15
25
46
65
93
90
82
86
98
104
88
59
62
74
89
100
113
139
171
195
205
218
212
241
252
240
232
209
194
178
170
157
137
126
157
190
198
196
190
192
174
177
170
170
140
120
125
95
61
17
-6
-32
-57
-69
-76
-56
-31
-27
-16
-22
-27
-10
0
0
-2
-24
-44
-49
-88
-136
-167
-151
-140
-147
-155
-142
-128
-126
-114
-103
-106
-127
-119
-96
-87
-107
-121
-120
-119
-133
-162
-159
-168
-167
-160
-135
-99
-65
-46
-19
5
2
-6
9
10
-2
-23
-37
-21
2
21
-9
4
35
54
63
81
94
88
103
130
150
134
115
123
156
147
118
97
85
76
87
99
105
95
112
143
163
176
159
146
162
173
155
118
106
86
76
52
34
39
60
75
66
81
87
93
97
93
73
48
53
76
73
55
13
-11
-17
-31
-50
-74
-79
-90
-74
-36
-6
12
24
24
29
17
5
17
-11
-33
-56
-66
-66
-95
-98
-101
-85
-94
-85
-55
-48
-47
-55
-39
-17
-7
-14
-24
-42
-44
-45
-79
-101
-99
-113
-116
-120
-111
-103
-83
-40
-26
-33
-45
-15
-2
5
2
-16
-29
-37
-32
-15
-21
-25
-13
5
51
76
91
86
101
113
116
126
149
148
154
133
102
112
98
85
89
80
66
64
106
133
148
143
151
166
168
166
150
118
88
66
59
36
7
3
4
10
11
15
22
26
25
18
15
6
11
14
12
-22
-50
-55
-81
-108
-122
-141
-149
-159
-139
-120
-115
-103
-97
-89
-80
-86
-89
-96
-113
-113
-126
-155
-155
-160
-147
-153
-145
-120
-100
-78
-79
-50
-35
-27
-10
-1
6
-5
10
21
4
-14
-23
-46
-39
-27
-37
-14
-9
38
64
96
112
110
142
138
148
136
130
121
102
108
107
115
120
137
173
180
182
191
201
218
230
231
228
231
220
229
207
156
142
103
92
95
80
81
92
88
119
115
130
139
139
152
141
135
131
87
63
45
-4
-30
-37
-36
-39
-43
-61
-45
-44
-41
-36
-67
-73
-71
-68
-71
-89
-108
-120
-139
-163
-192
-218
-225
-222
-224
-214
-196
-173
-154
-141
-134
-126
-131
-127
-134
-129
-138
-141
-146
-151
-138
-158
-137
-114
-91
-43
-36
-14
-9
-1
19
21
34
31
56
58
58
58
25
23
31
27
27
31
48
80
115
141
162
161
171
175
176
188
171
175
178
167
154
145
144
169
181
184
188
203
222
233
236
236
237
228
234
243
221
192
161
147
134
109
105
84
90
107
122
123
118
141
137
172
158
139
154
120
130
104
69
45
41
51
52
68
81
93
91
77
80
64
31
43
50
56
47
50
51
30
-7
-48
-78
-104
-120
-113
-91
-60
-10
23
47
39
42
35
29
31
9
27
20
16
25
13
-3
-16
-16
-7
10
24
48
51
64
105
117
120
112
118
104
96
88
57
78
65
77
92
60
88
86
116
125
141
171
179
227
210
200
172
146
143
122
109
99
100
109
112
126
130
144
145
136
148
125
138
155
153
141
122
82
71
55
24
17
-6
-16
-3
24
29
52
47
73
94
89
100
95
113
92
76
67
30
23
6
9
-4
-15
5
19
46
66
39
49
50
67
69
72
71
74
64
27
28
-11
-37
-58
-61
-59
-42
-10
6
56
51
50
63
78
113
92
91
65
32
43
13
7
-7
-17
-4
-2
24
57
71
76
96
109
92
121
159
169
179
144
120
98
81
75
72
79
60
96
132
158
171
183
192
199
205
212
223
213
186
159
144
128
109
105
107
117
133
143
180
198
201
175
170
151
167
185
166
176
134
108
93
72
43
29
7
13
33
38
59
76
74
63
62
43
67
49
9
31
0
-38
-48
-72
-69
-103
-91
-68
-54
-39
-58
-23
-30
-41
-43
-62
-43
-37
-31
-53
-46
-62
-114
-103
-139
-111
-118
-99
-59
-27
-6
11
47
48
61
75
76
74
48
31
52
34
15
4
41
53
68
87
98
119
127
132
153
157
170
187
198
197
188
154
131
120
97
78
65
103
119
149
166
144
186
174
187
190
184
189
151
168
148
121
93
45
59
28
41
52
63
82
88
99
81
92
89
93
79
59
47
46
59
34
16
-29
-69
-60
-72
-49
-55
-42
-37
-33
-13
-4
5
-14
-13
-23
-49
-61
-51
-83
-105
-147
-175
-141
-109
-65
-56
-37
-38
-16
1
-3
2
11
7
27
23
31
17
-3
-37
-66
-70
-89
-47
-24
29
30
44
82
98
104
94
109
75
66
58
55
43
11
27
12
17
39
51
71
75
63
72
77
74
109
119
110
90
65
57
74
26
-6
-24
-39
-10
16
43
80
86
84
100
118
117
129
124
124
103
64
65
36
11
-12
-49
-40
-25
3
17
34
20
-1
-1
4
-1
-25
-6
-12
-15
-25
-28
-60
-86
-115
-151
-145
-150
-117
-111
-64
-77
-95
-71
-62
-31
-46
-88
-91
-93
-99
-95
-83
-120
-137
-132
-145
-91
-95
-77
-29
-24
-18
-10
8
0
23
11
-8
-9
-30
-3
-35
-52
-87
-93
-81
-50
-8
-15
15
39
67
115
118
113
106
89
79
53
48
39
33
35
45
46
60
83
74
101
72
80
113
163
197
201
172
146
136
105
69
46
11
34
74
81
101
114
105
114
123
109
131
135
147
138
136
121
96
69
26
-2
-51
-59
-23
1
19
26
3
11
-11
-32
-56
-78
-83
-84
-67
-81
-79
-132
-173
-215
-254
-269
-284
-248
-227
-179
-176
-155
-136
-132
-134
-156
-169
-178
-173
-141
-151
-165
-173
-181
-179
-185
-161
-172
-126
-101
-63
-33
-35
2
-8
12
15
25
34
33
35
-2
-8
-24
-36
-15
-16
-5
22
71
116
136
155
153
168
169
168
170
144
134
119
125
122
110
130
133
163
171
199
217
226
267
275
274
250
259
271
255
232
193
175
158
153
146
115
113
102
113
147
150
165
167
170
168
162
122
87
93
57
35
-7
-9
4
-12
-20
-38
-38
-35
-23
-1
-11
-26
-54
-30
6
-7
-22
-56
-72
-103
-132
-184
-211
-212
-193
-170
-131
-94
-91
-45
-58
-82
-95
-84
-63
-61
-59
-91
-126
-114
-121
-105
-104
-137
-121
-83
-69
-53
-43
-27
-5
-7
-11
-5
-42
-60
-24
-53
-59
-83
-73
-78
-85
-94
-117
-94
-62
10
48
45
48
53
56
51
42
18
5
19
4
45
40
25
50
39
54
48
62
78
94
103
83
123
115
145
145
95
38
6
-3
-5
23
-3
14
36
75
104
95
79
62
50
43
67
88
73
97
78
31
19
-7
-6
8
7
-30
6
57
71
90
28
-3
-35
-36
9
23
25
16
-1
12
-6
-66
-121
-117
-90
-77
-46
-27
-14
8
23
-27
-13
-21
-25
-15
-25
-31
-50
-64
-33
-25
-41
-50
-26
-1
11
31
23
30
12
51
59
21
15
41
64
66
29
1
-34
-26
-36
-53
-5
44
93
116
155
170
157
162
187
176
144
109
151
155
143
162
105
89
121
160
151
161
191
201
229
219
281
265
223
261
237
215
201
135
98
134
42
24
83
70
74
58
92
86
60
86
128
57
-13
60
3
-71
-61
-119
-176
-181
-144
-140
-117
-164
-148
-96
-138
-142
-119
-96
-140
-90
-104
-143
-140
-202
-192
-255
-325
-295
-277
-312
-305
-256
-260
-242
-186
-170
-210
-253
-184
-161
-200
-198
-196
-209
-265
-259
-193
-253
-304
-175
-100
-197
-97
-63
-108
-74
16
-6
-42
71
81
34
51
66
-54
8
20
-33
52
31
73
248
139
67
363
147
84
442
233
44
385
266
95
373
236
153
283
230
137
310
214
199
418
270
302
461
252
280
492
199
146
376
220
155
223
225
142
60
165
239
79
15
189
190
82
163
232
135
-22
126
88
-132
-55
-84
-113
-133
-132
-59
-127
-230
-64
-77
-272
-62
-83
-243
-115
-111
-255
-249
-240
-342
-373
-399
-411
-404
-443
-491
-439
-488
-552
-399
-405
-578
-445
-390
-567
-470
-394
-567
-572
-429
-551
-589
-401
-469
-569
-343
-345
-413
-367
-338
-120
-414
-256
65
-348
-36
-64
9
-136
-183
156
-207
-132
63
195
-241
157
430
13
-14
475
346
-57
424
493
154
290
584
124
307
389
226
356
392
416
473
314
493
662
247
379
671
423
212
669
550
210
431
501
260
192
341
229
214
283
322
293
251
295
334
253
241
324
301
271
319
295
253
266
283
312
294
377
414
375
311
196
91
-45
-16
5
-40
-54
-42
-148
-304
-355
-550
-775
-851
-947
-989
-986
-1003
-982
-1034
-1115
-1180
-1236
-1279
-1224
-1221
-1178
-1123
-1011
-1001
-903
-914
-899
-997
-1009
-671
-768
-606
-480
-345
-584
-77
-459
-274
-98
-378
65
-42
10
279
306
52
427
207
283
562
493
622
849
716
810
1139
950
796
1141
967
774
1139
994
979
914
1075
1051
877
909
1006
872
818
1010
1027
899
839
990
922
772
850
945
658
760
911
628
698
834
682
606
726
587
438
501
518
417
318
304
199
22
-87
-142
-224
-400
-451
-474
-658
-751
-758
-900
-1052
-1113
-1235
-1344
-1335
-1369
-1464
-1458
-1537
-1606
-1664
-1700
-1677
-1783
-1766
-1640
-1567
-1454
-1335
-1202
-1132
-1058
-982
-941
-875
-731
-706
-605
-444
-523
-568
-435
-423
-721
-583
-305
-653
-608
102
-366
-485
43
-166
-573
15
99
-259
210
208
266
253
-61
460
208
-104
397
468
212
473
661
535
435
722
700
620
695
1034
801
664
1072
1032
707
843
1319
945
813
1267
1290
969
1178
1466
1149
1256
1451
1414
1417
1396
1366
1415
1240
1244
1336
1082
1034
1289
1059
796
951
804
485
554
591
269
277
251
-43
-131
-211
-450
-795
-844
-946
-1275
-1425
-1385
-1449
-1695
-1780
-1742
-1935
-2081
-2066
-2060
-2017
-2052
-1961
-1824
-1720
-1649
-1584
-1468
-1294
-1189
-1097
-1013
-853
-814
-845
-645
-501
-522
-348
-236
-367
-185
-332
-203
-266
-371
-258
-298
-389
64
-159
-509
251
-353
-439
5
-114
-70
154
-192
186
105
-380
208
45
-313
-68
399
-425
385
-120
185
199
-345
308
61
301
0
840
57
236
562
293
693
265
826
368
583
914
804
850
894
968
992
1156
1248
1438
1339
1081
1742
1517
1218
1981
1606
1442
1717
1521
1310
1493
1447
1346
1418
1278
1312
1122
1036
950
733
571
582
325
228
117
-122
-290
-551
-755
-965
-1210
-1338
-1299
-1547
-1647
-1681
-1813
-1952
-2037
-2008
-2066
-2116
-2047
-1888
-1857
-1740
-1579
-1504
-1397
-1212
-1184
-1052
-902
-833
-824
-670
-640
-317
-264
-308
-2
-395
-278
-273
-198
-359
-106
-133
-152
301
-128
80
343
-275
113
312
-56
536
355
213
528
188
2
223
273
-108
181
293
-93
268
103
0
167
-400
90
7
13
28
257
-252
94
103
-256
186
-96
241
3
460
441
91
611
441
399
610
705
595
999
852
958
1275
694
1153
1330
806
1213
1414
1023
1157
1478
1087
1117
1248
1139
1167
1173
1166
1050
1012
865
804
756
580
454
455
253
40
8
-251
-366
-427
-708
-841
-832
-994
-1170
-1136
-1245
-1378
-1499
-1484
-1432
-1513
-1525
-1403
-1366
-1318
-1121
-1093
-985
-830
-780
-762
-619
-672
-710
-571
-475
-492
-398
-369
-237
-483
-313
-530
-286
-402
-594
-38
-618
-201
-338
-140
82
-360
5
176
-465
-90
354
-418
-436
745
-860
-9
504
-922
407
-210
-519
203
-135
-429
483
71
-672
836
-186
-520
782
-143
-7
280
386
215
314
352
404
240
538
514
437
921
325
887
950
430
1036
1065
570
1234
934
959
1251
840
1209
1301
1015
1125
1544
1050
1363
1445
1234
1396
1249
1311
1300
1073
1125
1042
801
916
768
566
495
471
229
134
-27
-137
-359
-529
-564
-820
-898
-943
-1101
-1264
-1245
-1416
-1501
-1482
-1432
-1416
-1410
-1224
-1180
-1019
-1024
-870
-857
-877
-865
-739
-403
-1182
-545
-822
-901
-949
-526
-992
-880
-349
-1114
-285
-674
-607
-754
-381
-871
-303
-488
-536
-125
-353
-462
-498
-17
-660
-344
-493
192
-640
-293
-7
-143
-222
-551
-14
291
-602
-411
1172
-609
-197
589
-244
99
-232
298
575
17
252
909
535
185
974
520
802
690
702
1338
817
1037
1077
1208
919
1062
1183
1122
1102
1292
1382
1083
1640
1549
1195
1859
1673
1271
1879
1600
1480
1799
1392
1493
1763
1224
1285
1547
914
1009
1254
720
771
828
467
357
276
153
-232
-309
-382
-681
-836
-830
-1084
-1251
-1263
-1481
-1521
-1535
-1511
-1392
-1406
-1246
-1172
-1155
-1123
-977
-1196
-1139
-962
-1099
-1021
-1186
-1314
-1258
-1022
-1690
-754
-1109
-1045
-961
-628
-1020
-844
-680
-1140
-605
-889
-728
-650
-308
-1000
-310
-812
-914
-701
-523
-707
-825
-11
-780
-264
-391
-220
-505
-392
-216
-337
-20
-417
35
-108
-500
43
-274
15
-199
22
778
-489
895
649
-90
967
490
881
692
884
1134
1020
742
1556
1188
589
1991
1159
1182
1995
1312
1625
1840
1564
2301
1790
1687
2492
1856
1699
2540
2053
1711
2297
1919
1839
1686
1934
1804
1327
1591
1500
1033
1172
1253
728
727
585
250
105
-52
-278
-479
-825
-807
-1061
-1392
-1237
-1391
-1606
-1584
-1578
-1639
-1566
-1528
-1350
-1358
-1399
-1340
-1371
-1322
-1349
-1208
-1352
-1125
-1550
-950
-1225
-1471
-777
-1016
-1184
-681
-928
-762
-473
-988
-783
-17
-1337
-990
562
-1347
-817
-42
-1004
-835
-839
-593
-341
-1053
-517
-233
-590
-1233
-25
-248
-1480
24
-633
-1098
-371
-321
-1118
-476
-494
-822
-621
-390
-3
-799
-241
58
-119
-177
86
751
-218
463
1087
-20
957
885
726
920
966
1289
965
1299
1456
1691
1316
1554
2375
1364
1841
2470
1643
1946
2147
2194
1935
2107
2518
1944
1955
2420
1963
1717
2220
1822
1654
1839
1379
1432
1328
900
1088
836
380
453
256
-228
-216
-286
-741
-756
-733
-1022
-1187
-1086
-1159
-1465
-1314
-1299
-1532
-1414
-1324
-1401
-1433
-1407
-1364
-1316
-1341
-1270
-1163
-1329
-1310
-1013
-1237
-1000
-761
-740
-950
-604
-609
-1206
-406
-1339
-562
-1110
-1491
-295
-1212
-1073
-617
-1171
-1238
-921
-1224
-889
-549
-1226
-519
-581
-1053
-957
-589
-989
-1286
-76
-1286
-644
3
-1208
-126
-441
-796
-249
-197
-315
-199
524
140
-18
1051
93
521
755
399
862
998
667
1238
1521
804
1801
1442
1396
1636
1688
1709
1865
2013
1885
1867
2061
2213
1511
2253
2307
1274
2395
2237
1705
2366
1985
2153
2166
1620
1959
2138
1286
1566
1919
1008
1146
1097
794
579
501
394
92
-2
-37
-324
-426
-368
-645
-848
-795
-956
-1203
-1101
-1239
-1449
-1355
-1514
-1491
-1550
-1470
-1593
-1460
-1553
-1345
-1344
-1455
-1403
-1145
-1356
-1674
-848
-1461
-1214
-1367
-1191
-1154
-1591
-1159
-1294
-1149
-1733
-1128
-1011
-1920
-837
-1561
-1299
-679
-1634
-1173
-685
-1445
-1246
-346
-1586
-960
-424
-1550
-419
-546
-996
-146
-328
-600
340
-542
-734
994
-608
220
741
-352
640
212
748
814
-68
753
1306
576
812
1910
224
1342
1556
805
1948
1386
1308
1713
1949
1173
1846
1739
1645
1647
1682
1847
1655
2123
1618
2028
1933
1646
2012
2010
1768
1761
2363
1692
1514
2231
1243
1196
1656
873
894
978
544
626
744
252
325
295
-69
6
-57
-341
-434
-554
-738
-706
-848
-969
-1057
-1240
-1319
-1485
-1410
-1300
-1552
-1403
-1209
-1399
-1474
-1045
-1405
-1436
-1002
-1637
-1084
-1492
-1404
-1100
-1934
-1073
-1166
-2183
-820
-1680
-1730
-914
-1606
-1340
-1283
-1380
-1972
-584
-1788
-2019
-345
-2197
-1206
-860
-1803
-900
-1079
-1311
-658
-1003
-648
-643
-941
315
-873
-277
-6
-40
-461
299
-378
322
517
-642
1458
288
61
763
1310
267
300
1693
967
699
1697
1409
1054
1611
1627
1419
1691
1377
1774
1955
1152
2272
1740
1612
1964
1836
1905
1877
1858
2022
2171
1252
2481
1979
1123
2572
1680
1049
2272
1535
1062
1926
1143
831
1326
756
615
1133
444
428
791
164
108
432
-134
-354
-46
-423
-678
-472
-516
-924
-788
-850
-1084
-1088
-1128
-1140
-1144
-1341
-1105
-1061
-1377
-1069
-1066
-1542
-1109
-1324
-1698
-1049
-1674
-1464
-1119
-1642
-1729
-893
-1543
-1886
-663
-1871
-1460
-1344
-1704
-1498
-1473
-1581
-1891
-1213
-2188
-873
-2042
-1223
-1447
-1474
-1669
-903
-809
-1639
-453
-1365
-209
-1173
-884
261
-1037
-632
-122
-138
-1138
280
312
-409
417
190
-127
519
986
120
326
1732
-487
1523
1732
208
1713
1173
700
1395
2123
608
2053
2137
756
2131
1999
1405
1839
2256
1877
1598
2187
2001
1927
1897
1605
2162
1293
1747
1588
1805
1433
1175
1815
1201
1370
1196
1118
844
880
764
433
734
582
90
228
277
12
-487
-4
8
-819
-369
-246
-734
-752
-510
-907
-902
-872
-946
-1136
-830
-1081
-1072
-920
-1266
-1115
-1185
-1395
-1261
-911
-1468
-1253
-813
-1494
-1738
-516
-1611
-1843
-482
-1536
-1793
-989
-1590
-1854
-1269
-1692
-1792
-1129
-1989
-1860
-728
-2142
-1793
-627
-2233
-1440
-468
-2344
-641
-1375
-1547
-329
-1859
72
-978
-1120
89
-1338
-368
-363
-1110
389
-273
-903
1172
-173
-373
1093
320
-591
994
700
256
1451
408
1253
1290
540
1849
1471
760
2377
1751
1094
2481
1717
1457
2475
1449
1869
2124
1602
2333
2046
1542
2338
1793
1295
2344
1775
1567
1811
1832
1831
1607
1911
1589
1045
1346
1043
746
1173
732
512
914
338
341
378
-108
129
-34
-260
-121
-256
-520
-223
-588
-794
-655
-1017
-1030
-880
-1202
-1254
-850
-1193
-1289
-639
-1349
-1428
-677
-1565
-1358
-736
-1765
-1202
-1032
-2102
-1273
-1382
-2178
-1146
-951
-2485
-1137
-1006
-2604
-1243
-1550
-2238
-1086
-1694
-2538
161
-2401
-1802
-277
-2517
-1357
-1107
-1650
-1223
-170
-2108
-252
-793
-1259
-713
-471
-474
-1028
491
-747
-106
312
-662
33
228
-217
-187
1153
257
21
1549
-59
562
1279
554
1073
1556
1210
1233
2293
1158
1912
1688
1767
2172
1486
2484
2035
2123
2439
1976
1744
2546
2023
1895
2657
2061
2254
2338
1998
2008
1938
1758
1597
1885
1814
1158
1809
1604
731
1179
1238
218
720
1109
154
642
748
-37
150
90
-380
-323
-468
-741
-586
-767
-960
-769
-1272
-1374
-1131
-1463
-1345
-1357
-1313
-1364
-1401
-1487
-1621
-1652
-1714
-1697
-2295
-1679
-1720
-2217
-1902
-1579
-2339
-2199
-1603
-2269
-2191
-1753
-2124
-2239
-1727
-1850
-2222
-1914
-2111
-1918
-2005
-1763
-1727
-1404
-1796
-1880
-116
-2548
-972
-199
-2131
93
-804
-1304
-124
-135
-1496
179
351
-1698
821
434
-1262
1015
376
-1325
1701
297
-644
2216
440
159
2464
500
922
2318
617
1346
2374
1282
1305
2499
1725
1948
1507
2721
2310
1490
3272
2027
1826
3082
1951
2012
3203
1933
2342
2796
1978
2174
2177
1977
2191
2170
1824
2008
2024
1451
1336
1562
1260
916
1362
1223
550
843
645
-19
333
120
-527
-313
-365
-828
-518
-682
-1146
-1019
-1258
-1384
-1362
-1197
-1606
-1541
-1751
-2003
-1655
-1901
-1993
-2049
-1990
-2147
-2162
-2005
-2013
-2615
-2106
-2092
-2683
-1655
-2128
-2617
-1965
-2009
-2709
-1870
-1447
-2505
-1811
-1820
-2127
-2026
-1661
-1627
-1730
-1918
-492
-1396
-1453
-434
-1471
-545
-240
-1590
86
-335
-1392
270
-802
-407
-237
-293
240
-177
281
169
66
670
417
-342
1674
220
965
1558
329
1729
1367
987
1937
1548
1017
1950
1952
2680
1619
2265
3023
1713
2120
3146
1951
1861
3752
1822
2326
3435
1956
2354
2676
2196
2494
2465
2116
2868
2329
1729
2415
1778
1258
1715
1643
1160
1315
1566
622
434
760
213
-171
-164
-112
-641
-522
-415
-705
-1081
-1300
-1250
-1731
-1607
-1508
-1656
-1697
-1634
-1899
-2068
-2028
-2190
-1953
-2216
-1972
-1780
-2125
-2192
-2225
-2387
-2212
-2548
-2326
-1671
-2390
-1984
-1687
-2510
-2016
-2078
-2630
-1831
-1811
-2576
-1840
-1729
-2651
-1868
-1882
-3098
-1205
-1774
-2848
42
-1260
-1829
437
-1147
-1154
-14
-1051
-522
475
-823
292
800
-1139
583
998
-454
499
890
754
1014
1302
1333
962
1150
1254
1456
1641
1574
1762
2142
1394
2070
2203
1127
2339
2938
1617
2896
3643
2024
2586
3294
2166
2614
2927
2608
3214
2696
2600
3153
2279
2098
2790
2158
1831
2436
2230
1435
1601
1720
710
608
884
392
177
209
-78
-467
-843
-945
-1135
-1485
-1461
-1342
-1859
-1931
-1660
-2226
-2455
-2145
-2542
-2557
-2157
-2361
-2318
-2391
-2372
-2263
-2171
-2360
-2483
-2070
-2152
-2096
-1426
-1938
-1773
-1872
-2199
-1632
-1745
-1728
-1730
-1656
-1856
-1778
-1419
-1427
-1895
-1469
-1316
-1166
-1171
-974
-457
-1530
-1160
-565
-1119
-624
-750
-141
-566
-902
398
-802
93
-524
67
68
-581
930
439
-8
441
1278
-49
856
969
818
1182
1210
1579
1467
1043
846
2034
1684
2470
2222
2336
3067
2295
2739
2959
2667
3064
3089
3308
4132
2971
3124
3803
2960
3103
3533
3251
3354
3392
3018
2687
2265
2277
2151
1837
1741
1777
1211
928
560
-42
-279
-709
-711
-906
-1051
-1196
-1674
-2073
-2148
-2468
-2632
-2482
-2350
-2220
-2471
-2572
-2533
-2716
-2815
-2477
-2456
-2199
-2102
-2013
-1950
-2055
-1954
-2350
-1808
-1673
-1610
-851
-1542
-1756
-1397
-1826
-2131
-998
-1797
-1502
-839
-1606
-1335
-1319
-1637
-908
-1210
-1240
-612
-850
-644
82
-779
-988
398
-1230
-319
155
-422
-236
-401
15
-68
-47
-454
490
-83
646
96
1025
839
704
1624
665
1325
1060
1381
2030
1890
1480
2460
1780
1785
2596
3260
2429
3073
3665
2835
3570
3607
3596
3614
3730
3153
3553
3100
2972
3224
2586
2395
2795
2309
1633
2128
1384
821
967
757
193
477
100
-765
-1183
-1204
-1779
-2097
-1830
-2125
-2431
-2592
-2744
-2840
-2786
-2876
-2633
-2568
-2501
-2358
-2446
-2413
-2154
-2358
-2278
-1888
-1626
-1497
-1212
-1306
-1392
-1189
-1418
-1072
-647
-628
-669
-243
-740
-646
-844
-619
-798
-777
-359
-351
-827
-1382
-114
-899
-442
-604
234
-961
-98
-12
-132
141
-1172
575
29
-166
411
293
-244
883
-517
1191
1301
506
716
1200
837
592
2261
1742
1664
1806
2383
910
2233
2273
2311
3012
2357
2451
2780
2416
2491
3495
2651
2779
2919
2295
2076
2661
1469
1394
1927
1544
1153
878
819
-55
-480
-686
-805
-1008
-868
-1401
-1924
-2202
-2423
-2848
-2908
-2574
-2773
-2869
-2944
-2806
-2934
-2958
-2877
-2699
-2536
-2021
-1939
-1779
-1497
-1620
-1794
-1430
-748
-513
-87
103
84
43
-15
17
482
700
796
785
728
751
445
366
337
639
811
316
573
770
143
583
197
765
652
-209
1359
964
-408
743
783
-809
1005
990
262
825
511
780
881
663
951
1606
481
1469
2521
593
1872
2296
653
2250
2343
1801
2414
2380
2797
2498
2059
2577
2801
2477
2950
2966
1778
1558
1707
1108
1112
1547
1294
328
-360
-345
-1230
-1692
-1060
-1563
-2107
-2330
-2848
-3376
-3499
-3674
-4169
-4539
-4240
-4158
-4527
-4581
-4560
-5022
-5048
-4435
-3955
-3401
-3399
-3497
-3289
-3108
-2726
-2120
-1640
-1113
-937
-770
-588
-189
362
464
712
972
1250
1309
1671
2044
1909
1836
1981
2013
2367
2542
2221
2307
2479
1842
1942
2422
1784
2395
2372
1654
1859
1906
1564
1981
1816
1745
2070
944
1903
2454
1489
1881
2354
1848
1737
2624
2834
2447
2048
3478
2934
1884
3939
3351
2555
3479
3415
3036
3256
3522
3597
2715
1650
2332
1711
1085
2032
1616
673
353
-320
-1339
-1569
-1380
-1607
-2440
-2527
-2956
-4299
-4869
-4598
-4938
-5512
-5546
-5763
-5992
-6488
-6549
-6748
-6946
-6533
-6270
-6160
-5796
-5691
-5992
-5632
-5016
-4499
-4127
-3821
-3385
-3059
-2783
-2242
-1775
-1444
-968
-567
-446
-82
381
863
1101
1432
1767
1807
1921
2185
2554
2763
3090
3101
2953
3290
3206
3068
3447
3561
3500
3156
3436
3615
3316
3269
3400
3647
3635
3918
3993
3594
3522
3636
3521
3947
4242
4039
4028
4056
4035
4348
4413
4210
4174
4125
4226
4290
4513
4720
3915
2706
2581
2956
2802
2506
2449
1888
993
417
120
-252
-425
-768
-1419
-1992
-2342
-2923
-3690
-4159
-4265
-4768
-5245
-5264
-5568
-5911
-6572
-6918
-6850
-6767
-6424
-6300
-6522
-6827
-7099
-6939
-6216
-5552
-5277
-5530
-5729
-5473
-4875
-4264
-3556
-3246
-3395
-3217
-3056
-2637
-1668
-1095
-1288
-1402
-697
-484
-240
192
348
485
492
1046
1749
1792
1751
1870
1788
1886
2362
2903
2684
2396
2299
2632
2856
3473
4234
3887
3672
3836
4461
4850
4973
5641
5689
5402
6036
6397
6493
6771
7053
6791
6817
7078
7042
7334
7112
6374
5586
5501
5638
5590
5101
4471
4071
3022
2123
1868
1875
1145
123
-553
-1156
-1767
-2349
-3107
-3579
-3958
-4745
-5235
-5156
-5452
-6129
-6798
-7063
-6873
-6856
-6657
-6746
-6795
-6977
-7072
-6748
-5922
-5426
-5584
-5563
-5443
-4966
-4464
-4006
-3641
-3602
-3629
-3329
-2938
-2370
-1950
-1731
-1773
-1896
-1462
-1173
-1090
-822
-633
-590
-443
-271
-60
-67
-109
85
216
413
790
511
360
519
852
1569
1604
1911
2195
2107
2231
2586
3260
3613
4033
4331
4816
5008
4874
5272
5627
6259
6192
6106
6395
7032
6988
6005
5362
5686
5707
6391
6296
5671
5113
3816
3141
3079
3604
3136
2172
964
402
-4
-775
-1235
-1398
-1836
-2727
-3354
-3602
-3916
-4522
-5117
-5503
-4963
-4748
-5017
-5463
-5817
-5971
-5996
-5586
-4597
-4073
-4416
-4999
-5023
-4353
-3548
-2889
-2643
-2604
-2822
-2827
-2540
-2023
-1345
-1017
-1217
-1499
-1077
-800
-977
-799
-422
-205
-249
-174
-218
-295
-498
-513
-112
222
280
118
-410
-647
-397
77
604
1006
1127
621
381
549
1573
2508
2771
2889
2807
3087
3854
4158
4315
4356
4542
4830
5306
5954
6310
4323
3762
4569
5483
6548
5490
4935
3597
2902
2990
3559
3425
2749
1508
123
67
59
-522
-1491
-2373
-2697
-2826
-3374
-3425
-4285
-5049
-5672
-5429
-4696
-4520
-5127
-6010
-6535
-6249
-5169
-4973
-4478
-4697
-5078
-5106
-4563
-3543
-2701
-2492
-2631
-2600
-2257
-1591
-1232
-1029
-802
-267
-283
-270
18
355
147
233
818
1136
1227
968
875
786
1015
1503
1675
1421
1207
958
722
727
1277
1528
1354
1136
1132
1540
1601
1850
2107
2308
2285
3049
3255
3520
3673
3611
4147
4274
4757
4512
4653
4580
4198
3961
4313
4810
4468
4098
3790
3803
3184
2584
2575
2453
1650
1256
639
173
-223
-1220
-1764
-2079
-2395
-2887
-3614
-3954
-4206
-4827
-5091
-5222
-5075
-5195
-5591
-5780
-5859
-5891
-5870
-5729
-5484
-5018
-5168
-5234
-5094
-4683
-4144
-3790
-3664
-3508
-3224
-2705
-2401
-2269
-1840
-1544
-1295
-1173
-781
-471
-602
-634
-264
244
387
423
472
676
937
859
1091
1246
1363
1424
1339
1458
1693
1864
1870
2000
2151
2587
2824
3052
3256
3423
3658
4295
4814
5343
5768
5178
5529
5877
6515
6598
6164
6654
6123
5411
5792
6021
5812
5518
4830
4920
4526
3689
3253
2898
2172
2103
1360
508
180
-971
-1821
-2358
-2691
-2765
-3364
-4167
-4700
-5327
-5614
-5631
-5589
-5453
-5740
-6259
-6418
-6555
-6283
-5915
-6108
-5595
-5430
-5712
-5782
-5920
-5187
-4322
-3938
-3988
-4198
-3964
-3496
-3108
-2642
-2235
-2189
-2402
-2397
-1845
-1447
-1710
-1757
-1387
-1162
-957
-950
-988
-1014
-800
-476
-263
-175
-101
-253
-350
32
457
840
914
978
1265
1547
2043
2245
2731
3378
3831
4396
5075
5391
5357
6107
6388
7019
7367
7458
7904
6676
6561
7071
7698
7985
7322
6876
6359
5963
5374
5372
5109
4345
3785
2745
2520
1888
532
-205
-910
-1091
-1525
-2474
-3182
-4068
-4774
-5011
-4988
-4915
-5005
-5679
-6261
-6376
-6351
-5907
-5656
-5587
-5422
-5903
-5634
-5701
-5325
-4615
-4377
-3957
-3995
-3905
-3688
-3374
-2962
-2335
-1859
-1848
-1900
-2016
-1775
-1435
-1267
-927
-887
-953
-1066
-1266
-1185
-1029
-853
-769
-795
-898
-1153
-1225
-1124
-936
-528
-254
-245
-340
-117
-60
339
870
1505
1893
2109
2612
2906
3373
3680
4653
5123
5184
5161
5965
5616
5378
5496
6022
6938
6693
6473
5698
5395
5039
5093
5187
4947
4389
3348
2604
2414
2113
1494
577
50
-287
-899
-1334
-2123
-2668
-3166
-3368
-3403
-3412
-3856
-4535
-4959
-5076
-4682
-4333
-4420
-4388
-4662
-4578
-4599
-4654
-3928
-3624
-3089
-3222
-3304
-3137
-2964
-2469
-2150
-1643
-1380
-1480
-1660
-1408
-987
-803
-556
-467
-304
-376
-681
-649
-520
-319
-100
-175
-429
-515
-530
-590
-496
-328
-282
-11
82
391
325
406
643
1006
1881
2339
2813
2545
3014
3163
3801
4471
4854
4937
4935
4835
4601
4935
5297
6217
6013
5512
5028
4892
4668
4606
4315
3917
3560
2871
2450
1975
1349
614
-90
-471
-567
-1138
-1735
-2665
-3307
-3395
-3473
-3546
-3647
-4096
-4700
-5053
-5295
-5011
-4810
-4810
-4706
-4862
-4853
-4854
-4908
-4451
-3947
-3749
-3435
-3607
-3476
-3166
-2746
-2293
-2022
-1770
-1594
-1667
-1605
-1075
-777
-522
-474
-363
-187
-244
-235
-85
28
248
293
304
233
125
-21
16
360
660
841
645
833
979
1292
1784
2035
2508
2975
3299
3602
3878
4084
4699
4991
5243
5271
5844
5190
5133
5035
5386
6360
6259
5979
5154
4718
4611
4648
4533
4202
3593
2761
2174
1859
1341
752
-222
-610
-876
-1387
-1869
-2757
-3122
-3426
-3473
-3463
-3479
-3887
-4429
-4766
-4744
-4504
-4359
-4400
-4552
-4600
-4548
-4407
-4482
-4534
-4214
-3853
-3634
-3476
-3526
-3579
-3278
-2887
-2557
-2365
-2429
-2631
-2609
-2273
-1864
-1833
-2029
-2076
-1972
-1837
-1794
-1655
-1599
-1574
-1425
-1350
-1366
-1199
-1234
-1155
-970
-620
-286
-76
173
327
676
983
1661
2231
2799
3364
3810
4359
4474
4978
5731
5945
6193
6398
6268
6248
6395
6940
7530
7409
6844
6422
6021
6055
6202
5823
5402
4807
4195
3715
3130
2582
1917
1168
738
318
-331
-1001
-1747
-2241
-2331
-2439
-2601
-2885
-3496
-3764
-3897
-3915
-3786
-3796
-4005
-3852
-4151
-4118
-3974
-4108
-3827
-3726
-3549
-3621
-3692
-3687
-3351
-2985
-2709
-2685
-2827
-2837
-2786
-2637
-2363
-2270
-2206
-2438
-2522
-2408
-2544
-2421
-2404
-2221
-2315
-2424
-2446
-2461
-2355
-2333
-2057
-1859
-1781
-1561
-1433
-1221
-980
-621
-18
169
757
1290
1627
2353
2547
3144
3608
4036
4606
4569
4352
4724
5188
5798
6363
6342
6137
5762
5404
5633
5893
5477
5267
4813
4404
4157
3540
3032
2531
2032
1876
1422
689
139
-602
-902
-815
-890
-1034
-1421
-2133
-2237
-2348
-2273
-1931
-1976
-2056
-2189
-2188
-2097
-1936
-2051
-1947
-1883
-1636
-1375
-1547
-1674
-1780
-1553
-1052
-909
-1102
-1500
-1777
-1614
-1300
-1049
-1031
-1473
-1971
-1986
-2016
-1973
-2040
-2309
-2395
-2579
-2706
-2817
-3115
-3122
-2906
-2770
-2513
-2502
-2598
-2461
-2180
-1694
-919
-988
-418
-132
317
1031
1259
1814
2200
2448
2747
3279
2991
3335
3312
3798
4812
4944
4749
4331
3749
3927
4264
4042
3960
3368
2793
2481
1933
1489
1278
613
418
88
-435
-768
-1444
-1744
-1734
-1760
-1610
-1712
-2266
-2432
-2554
-2509
-2093
-1810
-1745
-1692
-1907
-1701
-1376
-1329
-962
-929
-607
-313
-397
-309
-296
31
387
508
470
329
23
-6
167
435
592
328
-149
-281
-458
-457
-464
-648
-696
-1084
-1217
-1569
-1708
-1637
-1595
-1523
-1681
-1571
-1681
-1499
-1283
-1125
-715
-349
38
371
730
1263
1314
1818
2255
2705
2904
2827
2999
3099
2967
3659
4425
4571
4117
3499
3415
3612
3683
3442
3177
2469
2039
1746
1244
853
131
-496
-809
-1225
-1522
-2061
-2786
-3166
-3239
-3124
-3103
-3261
-3717
-3882
-3885
-3649
-3266
-3008
-2942
-2894
-2960
-2600
-2355
-2180
-2002
-1942
-1353
-1017
-754
-742
-635
-245
89
326
562
675
410
328
604
912
1028
763
531
326
143
269
181
-51
-174
-281
-252
-663
-737
-824
-877
-821
-664
-385
-322
-472
-451
-361
21
672
1163
1636
1737
1950
2101
2699
2768
3210
3304
3489
3687
3514
4074
4461
4521
4210
4068
4046
4002
3689
3326
3005
2570
2232
2041
1417
800
143
-562
-827
-1221
-1537
-2094
-2737
-3041
-3343
-3504
-3525
-3666
-3885
-3966
-3997
-3977
-3677
-3453
-3111
-3130
-2976
-2525
-2301
-2379
-2124
-1824
-1281
-880
-765
-577
-564
-192
125
226
444
675
574
471
658
876
810
542
524
569
313
119
-98
-413
-565
-555
-682
-1007
-1003
-1316
-1499
-1650
-1282
-852
-905
-835
-857
-906
-486
126
490
1058
1196
1504
1688
1937
2099
2455
2556
2730
3340
3077
3726
3888
3878
3930
3746
3834
4026
3738
3400
3037
2525
2441
2239
1730
1250
473
-242
-343
-848
-1014
-1398
-2017
-2323
-2596
-2755
-2727
-2987
-3223
-3241
-3417
-3299
-3160
-3100
-2787
-2747
-2856
-2282
-2013
-1746
-1592
-1658
-1011
-822
-392
-5
-18
324
418
534
749
1046
1058
984
1013
1157
1255
948
941
923
562
558
374
188
-95
-408
-508
-932
-969
-932
-1059
-1281
-1411
-1139
-1204
-1086
-937
-855
-447
-91
509
776
881
1191
1387
1630
1706
2299
2011
2061
1954
2328
3183
3236
3156
2596
2431
2595
2751
2569
2377
1910
1450
1207
980
638
141
-816
-1253
-1476
-1712
-1953
-2623
-3048
-3318
-3425
-3336
-3276
-3536
-3741
-4004
-3942
-3629
-3143
-3066
-2917
-2909
-2954
-2375
-2234
-1940
-1681
-1328
-950
-640
-339
119
459
612
935
1211
1575
1705
1661
1800
2014
2189
2279
2148
2118
1948
1573
1560
1569
1502
1334
995
779
502
523
346
283
488
484
516
312
269
172
537
1022
1496
1830
1789
1372
1727
1503
2161
2641
2124
2007
1622
2237
2777
2971
2426
2000
1644
1629
1841
1541
1221
696
40
105
-49
-427
-915
-1913
-2242
-2418
-2522
-2645
-3040
-3671
-3876
-3963
-3826
-3574
-3722
-4029
-4288
-4409
-3957
-3478
-3239
-3388
-3231
-2883
-2522
-2438
-2330
-1953
-1766
-1184
-881
-768
-526
-378
-110
77
416
774
533
494
802
1138
1173
1166
1241
1137
1039
1007
1072
946
795
815
437
407
577
456
375
191
614
933
985
1237
1106
1309
1831
2455
3062
3274
3292
2994
3183
3045
3982
3639
3240
2846
3135
3846
3993
3618
2857
2505
2199
2371
2192
1989
1339
425
-191
-206
-459
-682
-1644
-2459
-2816
-3077
-3035
-3169
-3420
-3738
-3932
-4021
-3565
-3234
-3197
-3394
-3670
-3553
-2865
-2568
-1931
-2030
-1970
-1790
-1827
-1361
-790
-565
-450
-380
-250
273
580
647
558
428
568
682
567
807
715
361
96
79
263
215
-123
-218
-629
-837
-475
-649
-673
-851
-1118
-1127
-966
-515
-132
-251
-353
-56
246
1045
1768
2092
2474
2467
2701
2726
2654
3298
3484
2933
2556
2904
3481
3830
3274
2490
2136
1649
1646
1601
1166
811
-85
-891
-1007
-1145
-1363
-2084
-2884
-3165
-3370
-3552
-3524
-3692
-3879
-3837
-3951
-3529
-2941
-2749
-2735
-2977
-2574
-1694
-964
-726
-296
-133
-146
347
655
1401
1720
1924
2006
1743
2232
2700
2577
2450
2548
2555
2150
1914
2136
2221
1750
1399
1235
860
653
542
109
-320
-481
-764
-997
-1199
-1056
-1251
-1536
-1530
-1143
-596
-802
-383
-597
-73
507
1203
1947
1930
2300
1869
1668
2150
2838
2145
1606
1412
2185
2694
2473
1843
1330
460
95
114
-193
-101
-927
-2098
-2961
-3212
-3307
-3581
-4345
-4639
-5168
-5623
-5548
-5327
-5197
-5100
-5247
-4964
-4226
-3868
-3389
-3352
-2985
-2399
-1514
-816
71
611
510
658
1014
1948
3040
3544
3832
3639
3802
4260
4480
4744
4918
4828
4347
3805
3875
4116
3895
3428
2938
2508
2102
1953
1743
1347
846
407
-187
-285
-67
-10
-463
-798
-779
-586
-283
-36
251
37
461
860
1888
2237
2883
2605
1953
2289
2352
1965
1778
1565
2160
2331
1667
1419
477
-254
-716
-1047
-1602
-1437
-2126
-3016
-3880
-4722
-4936
-5422
-5784
-5706
-6230
-6819
-6992
-7285
-6827
-6545
-6286
-5844
-5297
-4989
-4445
-4588
-3955
-2988
-2177
-920
-268
247
340
430
968
1919
2725
3702
3978
3813
4014
4202
4293
4612
4930
5077
4688
4147
4174
3965
3758
3504
3264
2972
2686
2285
1805
1358
960
848
468
297
626
420
64
72
-114
436
441
991
1418
1451
2047
2099
2892
3319
3914
4049
3840
3709
3607
2647
2094
2118
2790
3072
2735
1998
851
-98
-1132
-1466
-1924
-1984
-2490
-3395
-4512
-5349
-6209
-6805
-7129
-7168
-7163
-7511
-7783
-7962
-7944
-7790
-7185
-6477
-5316
-4669
-4196
-4208
-4019
-2975
-1968
-784
90
1113
1217
1351
1678
2160
3056
3819
4571
4800
4871
5093
4903
4632
4827
4965
4794
4369
4376
4069
3399
2773
2421
2107
1944
1959
1663
1060
627
229
-70
-43
411
772
406
332
311
516
709
1207
1678
1855
2576
2980
3563
4227
4408
4653
4441
4615
4902
3942
2898
2278
2232
2640
2470
2069
1077
-335
-1751
-2885
-3629
-3813
-4051
-4926
-5789
-6692
-7611
-8327
-8930
-9120
-9149
-9388
-9261
-9071
-8801
-8564
-8449
-7929
-6878
-5705
-4539
-3802
-3022
-2274
-1804
-1131
360
1417
2349
2962
3133
3490
3821
4456
5027
5323
5796
5964
5642
5555
5455
5219
4697
4477
4472
4334
3903
3535
2825
2091
1664
1419
1340
1383
1340
931
329
-20
364
414
913
1294
1556
1751
1690
1860
2467
2805
3577
4214
4879
5452
5881
6024
5887
5668
5674
5546
4409
3577
2689
2632
2510
2072
1392
420
-1231
-2583
-3901
-4864
-5232
-6087
-6825
-7652
-8398
-9242
-9940
-10741
-10948
-11179
-11188
-10792
-10232
-9645
-9247
-9050
-8358
-7370
-6258
-4874
-3868
-2818
-2181
-1490
-883
129
1267
1818
2785
2991
3383
3876
4177
4425
4437
4651
4976
4984
5005
5020
4691
3811
3149
2888
2853
2834
2697
2475
1815
1263
861
726
948
1296
1345
1215
1449
1559
1873
2073
2529
2913
3251
3716
4183
4534
5137
5335
6024
6651
7452
8200
7968
7929
7222
7244
5897
4936
4233
3669
4171
3735
2847
1661
178
-1435
-2865
-4083
-4529
-4915
-5574
-6590
-7404
-8346
-9128
-10205
-10823
-10997
-11033
-10874
-10525
-9926
-9497
-9384
-9284
-8478
-7508
-6329
-5275
-4340
-3295
-2592
-1822
-1047
-370
188
692
1139
1903
2552
3073
3290
3370
3400
3424
3585
3774
3987
3877
3545
2980
2442
2129
2087
2040
1849
1475
1093
820
609
598
745
1108
1328
1660
1760
2058
2364
2676
2756
2966
3138
3182
3826
4105
4025
4322
4841
4766
5359
6016
5353
5170
5165
5404
5250
4432
3534
3772
3754
3393
3298
2289
1828
1662
802
-315
-1156
-1931
-2339
-3002
-3657
-4288
-4738
-5236
-5985
-7000
-7656
-7876
-7902
-7551
-7303
-7126
-6987
-6663
-6252
-5917
-5650
-4920
-4112
-3311
-2708
-2468
-2030
-1668
-1270
-981
-624
-62
774
1244
1484
1787
2012
2102
2378
2710
3065
3234
3210
3053
2861
2609
2429
2564
2571
2611
2305
1781
1669
1456
1191
934
704
376
-173
-311
-430
-700
-1027
-1410
-1533
-1615
-1291
-1025
-947
-928
-682
-109
374
772
945
1271
1846
2486
2975
3299
3629
3761
3860
3920
3883
3837
3812
3847
3788
3625
3342
2850
2338
1735
1109
569
118
-255
-631
-1036
-1576
-2019
-2478
-2851
-3197
-3582
-3857
-4009
-3951
-3815
-3763
-3717
-3687
-3602
-3469
-3401
-3273
-3121
-2726
-2245
-1797
-1373
-1078
-834
-710
-692
-618
-449
-178
85
299
428
333
204
-37
-153
-144
-280
-385
-536
-563
-450
-554
-904
-1124
-1027
-960
-922
-917
-1030
-888
-605
-490
-386
-435
-450
-72
501
935
1143
1304
1501
1958
2447
2798
3071
3350
3669
3998
4280
4392
4608
4962
5217
5302
5331
5266
5124
4852
4237
3574
3069
2685
2596
2435
2125
1531
806
104
-534
-1300
-2089
-2701
-3055
-3090
-3045
-3097
-3208
-3494
-4015
-4676
-5198
-5410
-5324
-4995
-4540
-4012
-3476
-3129
-2958
-2904
-2861
-2660
-2234
-1603
-923
-391
-176
-12
-56
-197
-498
-968
-1422
-1529
-1241
-767
-115
-170
-65
-370
-659
-564
-825
-1176
-1529
-1008
-604
166
27
-536
-543
-905
-573
-567
-161
117
-9
699
970
1304
1961
2053
2295
1801
1916
2064
1988
2199
2460
2906
3425
3543
3130
3264
3071
2698
2678
2710
3218
3906
4204
4452
4359
3814
3483
3247
2413
1530
1360
1505
2113
2541
2613
2291
1840
1300
489
-257
-896
-1221
-1061
-775
-712
-862
-1192
-1700
-2486
-3337
-4029
-4372
-4307
-3926
-3290
-2786
-2479
-2542
-2797
-3113
-3477
-3789
-3814
-3417
-2678
-1969
-1705
-1746
-2074
-2475
-2840
-3123
-3257
-3354
-3379
-2952
-2372
-1622
-1505
-2088
-2336
-2912
-3035
-2761
-2607
-2164
-1218
-481
8
534
534
340
-122
-473
40
852
1530
2513
3039
2718
2866
3274
2856
2378
1758
2461
3557
3938
4026
3422
3978
3751
3526
3897
3764
3202
3333
4607
5255
5360
5046
5492
5938
5641
5083
4516
3137
2314
2362
2547
2767
2817
2526
2192
1689
538
-506
-1614
-2455
-3113
-3324
-2929
-2595
-2650
-3042
-3670
-4689
-5546
-6028
-6172
-5963
-5473
-4719
-3874
-3346
-3123
-3210
-3368
-3420
-3515
-3353
-2912
-2158
-1349
-814
-702
-929
-1464
-2054
-2279
-2257
-2115
-1984
-1837
-1535
-1234
-1133
-1237
-1567
-1970
-2346
-2433
-2193
-1771
-1367
-996
-638
-476
-307
-106
35
-109
-348
-285
339
1319
2210
2880
3085
3087
3243
3179
2714
2689
2954
3500
4185
4911
5670
6014
6402
6560
6441
5683
5564
5905
6589
7300
7237
6510
5210
4015
2793
1592
751
343
322
416
461
-56
-1066
-2339
-3634
-4851
-5696
-5888
-5505
-4846
-4269
-4006
-4139
-4273
-4366
-4458
-4380
-4244
-3793
-3016
-1793
-406
602
1190
1321
1141
768
389
-64
-443
-613
-594
-423
-335
-418
-778
-1344
-2178
-3053
-3782
-4280
-4399
-4334
-4047
-3795
-3665
-3624
-3710
-3775
-3981
-4135
-4182
-3974
-3315
-2442
-1486
-565
141
747
1286
1671
1962
2258
2722
3318
3926
4490
5065
5750
6297
6737
7122
7340
7623
8026
8442
8683
8423
7975
7447
6712
5688
3833
2309
1147
1157
1503
1654
1313
252
-706
-2038
-3116
-4410
-5476
-5865
-5550
-4500
-3764
-3404
-3362
-3385
-3411
-3667
-3760
-3607
-3029
-2014
-996
134
1030
1816
2314
2380
2070
1224
454
-306
-622
-991
-1246
-1261
-1326
-1253
-1684
-2346
-3382
-4401
-5284
-5894
-6080
-6023
-5698
-5317
-4921
-4690
-4759
-4876
-4865
-4685
-4431
-4081
-3313
-2299
-957
247
1294
2109
2578
3063
3378
3819
4116
4631
5278
6152
6963
7603
8123
8639
9104
9584
9948
10001
9730
8716
8282
6986
6177
4006
2300
1278
964
1635
1077
829
-542
-1426
-2518
-3610
-4657
-6014
-6475
-6438
-5484
-4713
-4303
-3861
-3597
-3277
-3321
-3615
-3533
-3391
-2653
-1790
-642
511
1503
2308
2620
2343
1583
690
41
-574
-1277
-1941
-2379
-2340
-2310
-2193
-2510
-3106
-3968
-4915
-5412
-5832
-5745
-5657
-5112
-4507
-4055
-3668
-3434
-3019
-2845
-2684
-2597
-2173
-1523
-746
177
1120
2017
2751
3448
4016
4433
4415
4412
4506
4835
5305
5769
6356
6876
7441
7959
8390
8577
8159
7314
6520
5199
3978
1522
-96
-1166
-1179
-292
-413
-273
-1238
-1691
-2399
-3302
-4376
-5782
-6265
-6118
-5033
-4154
-3333
-2441
-1569
-628
-296
-259
-325
-402
-101
334
1157
2032
2963
3843
4379
4373
3845
3166
2399
1443
95
-1289
-2366
-2955
-3222
-3221
-3156
-3178
-3396
-3764
-4054
-4571
-4976
-5373
-5513
-5462
-5353
-4963
-4385
-3586
-2955
-2466
-2108
-1722
-1293
-935
-642
-292
109
722
1526
2301
3079
3425
3696
3870
3924
4109
4251
4651
5133
5426
6069
6425
6778
6582
6339
5564
4430
2573
428
-800
-1783
-1472
-1776
-1702
-1901
-2100
-2097
-2582
-3048
-4079
-4730
-5040
-4694
-4231
-3677
-2943
-2044
-893
-32
690
1370
1783
2081
2135
2264
2451
2798
3153
3525
3742
3744
3690
3419
2960
1955
685
-582
-1709
-2668
-3435
-3876
-4089
-4122
-4053
-3870
-3644
-3459
-3376
-3323
-3339
-3531
-3681
-3548
-3130
-2583
-2030
-1431
-732
71
785
1379
1863
2196
2381
2537
2750
3039
3348
3676
3986
4267
4488
4719
5043
5241
5450
5463
5331
4999
4203
3587
2536
1401
-371
-2191
-3160
-3885
-3682
-4011
-4053
-4358
-4598
-4638
-5105
-5540
-6358
-6681
-6718
-6261
-5672
-4898
-3763
-2518
-1286
-426
331
1081
1740
2282
2539
2828
3171
3613
4006
4339
4460
4484
4515
4322
3865
2797
1658
540
-402
-1364
-2266
-2889
-3241
-3190
-3116
-2828
-2706
-2569
-2392
-2301
-2224
-2465
-2537
-2485
-2162
-1684
-1173
-428
327
1137
1791
2345
2859
3259
3567
3790
3929
4019
4176
4359
4653
4790
4944
5029
5204
5431
5603
5680
5556
4956
4069
3145
1601
143
-2176
-3566
-4626
-5110
-5190
-5698
-5565
-5805
-5659
-5819
-6160
-6641
-7290
-7545
-7466
-7150
-6742
-5982
-4828
-3505
-2288
-1227
-95
1063
2019
2508
2775
2921
3025
3221
3275
3346
3214
3278
3426
3442
3172
2584
1885
1033
44
-1136
-2087
-2735
-3135
-3323
-3322
-2941
-2472
-1948
-1526
-1216
-1046
-1036
-1007
-990
-944
-869
-540
79
762
1398
2090
2966
3790
4360
4636
4657
4727
4631
4580
4521
4400
4482
4573
5037
5401
5676
6036
5928
5808
4993
4153
2983
1227
-905
-3020
-4364
-5136
-5428
-5863
-5835
-5876
-5713
-5625
-5750
-5946
-6548
-6920
-7173
-7231
-7265
-6978
-6219
-5137
-4109
-3099
-1812
-425
815
1610
2094
2470
2651
2678
2488
2274
2005
1820
1773
1632
1457
1185
1058
893
462
-234
-1037
-1601
-2094
-2547
-2784
-2651
-2219
-1686
-1103
-464
74
522
886
1119
1194
1092
1167
1435
1767
2030
2363
2928
3499
4019
4477
4843
5122
5293
5311
5400
5300
5048
4896
4773
4964
5165
5359
5474
5273
4902
4466
3584
2203
95
-1750
-3146
-4069
-4880
-5697
-5955
-6027
-5756
-5674
-5589
-5578
-5697
-5835
-5979
-6212
-6431
-6457
-6174
-5613
-5122
-4340
-3250
-1958
-766
135
885
1603
1934
1940
1579
1047
492
-201
-652
-1095
-1443
-1613
-1688
-1688
-1726
-1889
-1922
-2088
-2385
-2725
-2891
-2634
-2278
-1809
-1234
-516
233
863
1437
1998
2439
2839
3105
3319
3526
3730
4075
4466
4783
5070
5472
5899
6238
6367
6411
6482
6378
6207
5881
5790
5688
5756
5740
5549
5199
4656
4030
3049
1516
-189
-1463
-2537
-3111
-4125
-4643
-4910
-5012
-4893
-5165
-5254
-5386
-5529
-5523
-5463
-5463
-5253
-5081
-4682
-4297
-3957
-3304
-2573
-1890
-1324
-891
-218
208
377
276
-18
-296
-863
-1402
-2156
-2766
-3353
-3773
-3979
-4258
-4359
-4299
-4105
-3810
-3725
-3573
-3118
-2713
-2153
-1725
-1209
-521
23
679
1417
2149
2825
3325
3790
4229
4516
4772
5034
5260
5427
5547
5677
5865
5937
6025
6149
6179
6036
5839
5676
5660
5598
5439
5343
5028
4655
4099
3167
1923
263
-1084
-2183
-2842
-3587
-4176
-4308
-4295
-3925
-3840
-3610
-3501
-3548
-3642
-3781
-3860
-3907
-3870
-3664
-3219
-2718
-2000
-1120
-378
279
647
1035
1217
1075
612
121
-306
-930
-1479
-2318
-2749
-3322
-3772
-4122
-4585
-4762
-5079
-5168
-5147
-5130
-4964
-4667
-4199
-3625
-2997
-2238
-1469
-799
-221
380
1064
1611
1984
2386
2836
3347
3757
4099
4425
4709
4978
5139
5205
5193
5166
5199
5219
5118
5102
5111
5233
5346
5269
5210
4882
4415
3829
2773
1554
-71
-1284
-2355
-3050
-3652
-4134
-4024
-3897
-3361
-3067
-2639
-2295
-2096
-1977
-2002
-2081
-2197
-2223
-2231
-2039
-1779
-1192
-290
587
1455
2150
2712
3125
2971
2563
1860
900
-121
-1270
-2308
-3089
-3839
-4340
-4807
-5143
-5186
-5262
-5169
-5186
-5274
-5277
-5141
-4851
-4403
-3899
-3276
-2581
-2000
-1294
-551
248
927
1390
1921
2396
2932
3393
3809
4240
4580
4995
5256
5472
5553
5583
5573
5403
5263
5061
5178
5155
5344
5344
5376
5337
4826
4310
3117
1871
103
-1233
-2480
-3333
-3988
-4505
-4313
-4207
-3647
-3303
-2861
-2410
-2246
-1955
-1862
-1815
-1840
-1931
-1856
-1717
-1435
-948
-191
569
1411
2119
2794
3251
3295
3074
2470
1598
368
-805
-2114
-3063
-4118
-4895
-5376
-5813
-5738
-5710
-5471
-5321
-5264
-5152
-4997
-4808
-4545
-4266
-3909
-3433
-2933
-2234
-1437
-519
338
1015
1711
2364
3011
3547
3975
4424
4770
5160
5455
5754
5918
6045
6154
6071
5982
5840
5824
5739
5806
5721
5815
5588
5181
4448
3235
1853
70
-1285
-2762
-3680
-4615
-5070
-5094
-4946
-4297
-3782
-3060
-2528
-2147
-1788
-1575
-1514
-1513
-1633
-1647
-1500
-1196
-604
140
928
1807
2586
3363
3851
3874
3644
3077
2235
1232
-24
-1216
-2315
-3372
-4094
-4776
-5166
-5375
-5437
-5326
-5252
-5099
-4848
-4650
-4449
-4242
-4023
-3702
-3415
-3061
-2540
-1952
-1203
-475
223
966
1611
2252
2740
3093
3431
3750
4037
4279
4431
4609
4781
5004
5126
5155
5246
5296
5345
5435
5348
5334
5046
4578
3721
2539
1098
-425
-1724
-3044
-3922
-4931
-5287
-5436
-5281
-4761
-4384
-3681
-3141
-2577
-2076
-1800
-1617
-1548
-1607
-1561
-1480
-1208
-697
-54
774
1764
2737
3760
4487
4933
4975
4490
3825
2739
1627
344
-978
-2105
-3065
-3642
-3937
-4021
-3927
-3729
-3496
-3216
-2983
-2746
-2583
-2490
-2386
-2363
-2292
-2135
-1872
-1480
-1005
-473
93
757
1448
2102
2566
2922
3196
3385
3487
3522
3541
3508
3549
3564
3626
3742
3878
4102
4269
4421
4441
4397
4234
3662
2820
1698
306
-1144
-2520
-3737
-4560
-5387
-5646
-5622
-5382
-4860
-4495
-3797
-3281
-2801
-2324
-2156
-1984
-2013
-2151
-2183
-2206
-2003
-1563
-970
-169
720
1690
2684
3406
3932
4053
3821
3243
2393
1327
213
-967
-2070
-2899
-3539
-3683
-3696
-3402
-3003
-2551
-1963
-1493
-1026
-695
-448
-313
-286
-296
-291
-164
59
394
794
1233
1831
2436
3019
3487
3839
4114
4257
4289
4234
4026
3847
3612
3409
3288
3181
3289
3469
3720
3992
4123
4223
4030
3387
2430
1209
-328
-1724
-3145
-4278
-5195
-6026
-6171
-6213
-5778
-5268
-4773
-3983
-3471
-2874
-2483
-2326
-2161
-2332
-2492
-2619
-2710
-2533
-2242
-1742
-1075
-278
682
1590
2313
2774
2891
2620
2108
1278
319
-702
-1802
-2669
-3518
-3922
-4070
-3998
-3605
-3208
-2512
-1809
-1101
-402
123
578
830
1055
1183
1270
1383
1509
1795
2144
2597
3168
3747
4272
4666
4991
5242
5388
5416
5255
4960
4586
4150
3771
3394
3149
3014
2956
3114
3329
3583
3692
3562
3013
2224
1022
-534
-2042
-3605
-4779
-5788
-6518
-6774
-6796
-6277
-5698
-4987
-4180
-3522
-2806
-2386
-2134
-2067
-2200
-2397
-2687
-2928
-3007
-2851
-2512
-1956
-1209
-354
557
1278
1796
2033
2004
1619
947
74
-1005
-2054
-3070
-3832
-4351
-4540
-4421
-4110
-3566
-2894
-2005
-1094
-191
597
1213
1689
1993
2269
2433
2559
2668
2828
3071
3384
3840
4322
4853
5251
5591
5828
5880
5873
5689
5463
5110
4701
4333
3910
3601
3313
3058
2984
2884
2983
2887
2680
2155
1500
573
-843
-2035
-3430
-4421
-5477
-6301
-6642
-6775
-6419
-6011
-5250
-4485
-3663
-2807
-2245
-1825
-1723
-1733
-1895
-2224
-2452
-2645
-2620
-2484
-2128
-1527
-808
1
662
1156
1332
1307
916
315
-523
-1526
-2544
-3619
-4414
-5026
-5242
-5212
-4923
-4322
-3589
-2631
-1677
-690
210
869
1421
1798
2111
2298
2459
2632
2748
2953
3255
3700
4179
4715
5249
5729
6090
6280
6374
6249
6010
5576
5113
4647
4131
3812
3501
3323
3250
3216
3362
3353
3185
2666
2040
1353
55
-1135
-2415
-3340
-4170
-5034
-5433
-5641
-5309
-4967
-4314
-3620
-2915
-2063
-1500
-992
-761
-628
-665
-918
-1146
-1403
-1475
-1444
-1308
-983
-590
-46
422
796
954
938
630
45
-705
-1682
-2664
-3788
-4781
-5553
-6027
-6199
-6174
-5753
-5151
-4302
-3369
-2352
-1311
-495
196
727
1117
1301
1454
1647
1842
2051
2383
2873
3379
3915
4474
5040
5477
5775
5974
6051
5945
5690
5299
4884
4430
4038
3779
3511
3449
3359
3528
3664
3550
3169
2645
2131
1010
-151
-1340
-2243
-3005
-3800
-4206
-4407
-4161
-3810
-3207
-2529
-1833
-980
-360
162
456
624
579
357
119
-153
-281
-385
-319
-152
95
474
798
1117
1221
1216
952
421
-273
-1114
-2003
-3092
-4116
-5006
-5607
-6056
-6265
-6105
-5683
-5001
-4188
-3211
-2201
-1306
-556
75
561
868
1087
1246
1349
1453
1651
1982
2387
2852
3415
3984
4475
4852
5117
5227
5193
5038
4759
4400
3954
3590
3266
2999
2814
2744
2718
2845
2869
2635
2263
1854
1232
162
-871
-1764
-2382
-3066
-3646
-3941
-3907
-3582
-3106
-2412
-1720
-892
-125
438
844
1113
1279
1188
925
644
411
305
256
326
491
772
1112
1403
1603
1650
1569
1283
674
-81
-871
-1809
-2843
-3865
-4596
-5179
-5521
-5590
-5353
-4854
-4236
-3398
-2479
-1549
-764
-61
467
806
1034
1172
1273
1247
1294
1409
1606
1887
2241
2717
3156
3581
3929
4180
4299
4221
4022
3662
3224
2793
2390
2079
1771
1640
1622
1692
1847
1787
1541
1196
935
350
-506
-1363
-2051
-2519
-3086
-3514
-3696
-3512
-3154
-2670
-2125
-1532
-806
-173
351
715
992
1160
1132
1023
891
756
702
662
688
751
861
1018
1157
1207
1181
1025
744
218
-388
-1011
-1812
-2666
-3515
-4156
-4655
-4947
-4997
-4800
-4393
-3863
-3130
-2325
-1545
-839
-210
290
585
818
971
1070
1118
1153
1254
1331
1495
1706
1998
2288
2548
2834
3037
3174
3163
3037
2829
2517
2240
1961
1649
1415
1332
1281
1344
1416
1261
1050
808
484
-114
-830
-1536
-2022
-2473
-2921
-3180
-3238
-3078
-2791
-2361
-1865
-1260
-648
-138
239
524
714
790
785
694
609
534
473
499
578
675
776
849
843
769
630
419
79
-354
-865
-1413
-2008
-2641
-3183
-3599
-3914
-4138
-4124
-3940
-3591
-3088
-2444
-1742
-1065
-413
178
630
894
1091
1230
1284
1299
1329
1353
1339
1341
1408
1490
1605
1738
1842
1862
1855
1838
1711
1526
1341
1177
1005
856
760
746
754
788
781
581
299
42
-334
-827
-1426
-2018
-2462
-2795
-3024
-3083
-2967
-2739
-2413
-2047
-1616
-1145
-663
-285
-8
214
313
358
272
167
65
-4
41
135
302
478
662
770
845
860
799
614
226
-251
-730
-1225
-1719
-2198
-2537
-2757
-2871
-2839
-2648
-2283
-1852
-1331
-733
-106
469
981
1371
1622
1748
1837
1914
1902
1868
1815
1758
1681
1661
1701
1718
1724
1702
1628
1561
1492
1377
1195
988
774
558
399
239
187
213
212
248
241
80
-145
-373
-702
-1153
-1760
-2318
-2746
-3053
-3211
-3272
-3220
-3084
-2797
-2405
-1970
-1541
-1152
-867
-679
-553
-453
-433
-486
-577
-683
-710
-678
-580
-458
-309
-169
-84
-30
-74
-101
-242
-568
-895
-1208
-1528
-1886
-2149
-2350
-2466
-2472
-2283
-1967
-1563
-1053
-517
36
567
1142
1640
2047
2358
2589
2704
2732
2796
2793
2749
2688
2619
2538
2459
2413
2325
2214
2021
1770
1528
1284
1035
835
646
417
274
214
228
280
327
364
373
201
-76
-366
-817
-1270
-1791
-2265
-2723
-3088
-3253
-3292
-3180
-3010
-2717
-2387
-2002
-1577
-1245
-1037
-871
-765
-730
-780
-895
-982
-1097
-1165
-1203
-1179
-1063
-899
-741
-627
-545
-480
-482
-643
-874
-1152
-1459
-1804
-2114
-2333
-2468
-2516
-2503
-2343
-2029
-1603
-1097
-552
-7
539
1085
1577
2004
2361
2609
2759
2790
2794
2783
2744
2644
2498
2387
2254
2148
2082
2037
1953
1801
1637
1466
1280
1073
921
719
555
492
446
438
463
499
539
514
307
-3
-444
-835
-1186
-1568
-1941
-2293
-2441
-2460
-2401
-2291
-2132
-1888
-1626
-1326
-1073
-921
-822
-809
-877
-983
-1088
-1155
-1264
-1365
-1447
-1436
-1339
-1220
-1125
-1094
-1088
-1135
-1221
-1355
-1533
-1761
-2009
-2291
-2496
-2628
-2716
-2724
-2684
-2529
-2266
-1862
-1341
-810
-252
282
751
1186
1569
1896
2083
2192
2212
2169
2136
2081
2033
1967
1899
1839
1799
1757
1725
1698
1612
1486
1373
1244
1104
1016
935
849
810
860
967
1047
1175
1322
1396
1316
1113
779
396
50
-310
-719
-1100
-1345
-1442
-1475
-1496
-1480
-1469
-1405
-1306
-1229
-1167
-1141
-1158
-1271
-1411
-1548
-1633
-1706
-1822
-1903
-1924
-1886
-1847
-1785
-1744
-1766
-1797
-1834
-1866
-1909
-1976
-2119
-2278
-2406
-2491
-2493
-2471
-2390
-2264
-2042
-1775
-1494
-1094
-660
-225
202
641
1058
1379
1624
1777
1825
1771
1692
1605
1511
1430
1319
1188
1071
982
942
975
999
997
986
1000
1024
1047
1074
1142
1267
1381
1528
1698
1871
2025
2125
2152
2028
1793
1507
1189
893
612
296
29
-193
-346
-433
-525
-591
-682
-750
-839
-939
-1061
-1225
-1390
-1566
-1723
-1854
-1950
-2020
-2052
-2075
-2087
-2063
-2012
-1965
-1916
-1899
-1923
-1918
-1886
-1866
-1878
-1934
-1961
-1934
-1910
-1834
-1711
-1566
-1432
-1280
-1083
-852
-560
-257
21
296
567
817
1015
1147
1213
1188
1055
871
660
434
228
37
-149
-296
-356
-311
-224
-114
21
197
378
576
819
1057
1270
1496
1697
1891
2078
2239
2357
2410
2442
2409
2299
2163
2028
1858
1686
1514
1342
1184
1021
871
699
481
252
10
-255
-503
-754
-1021
-1283
-1515
-1677
-1787
-1800
-1786
-1764
-1711
-1660
-1602
-1538
-1481
-1460
-1494
-1560
-1599
-1624
-1660
-1660
-1608
-1527
-1374
-1189
-961
-748
-563
-386
-216
-20
173
348
478
569
630
656
657
642
598
494
318
91
-98
-253
-411
-547
-666
-734
-757
-733
-673
-640
-578
-449
-292
-116
102
354
592
843
1124
1410
1676
1931
2166
2332
2410
2417
2363
2274
2170
2065
1915
1753
1603
1444
1288
1104
893
662
452
277
104
-112
-343
-558
-763
-938
-1074
-1199
-1302
-1357
-1392
-1414
-1393
-1355
-1300
-1250
-1220
-1183
-1162
-1092
-1024
-939
-841
-716
-575
-456
-308
-150
13
155
275
429
580
685
749
777
764
702
624
533
417
297
146
-22
-181
-370
-568
-751
-923
-1095
-1248
-1352
-1435
-1478
-1461
-1373
-1216
-1021
-764
-461
-165
123
422
739
1033
1325
1577
1758
1917
2036
2138
2168
2134
2043
1904
1750
1571
1368
1179
1031
869
692
520
315
98
-130
-355
-581
-824
-1022
-1207
-1385
-1514
-1626
-1688
-1707
-1687
-1657
-1586
-1483
-1349
-1178
-1001
-803
-606
-413
-258
-87
115
328
540
745
947
1149
1323
1494
1663
1803
1867
1874
1839
1765
1662
1531
1355
1103
811
500
206
-37
-252
-444
-630
-773
-885
-1007
-1101
-1155
-1187
-1208
-1155
-1065
-927
-753
-528
-257
8
320
617
893
1152
1399
1618
1810
1961
2122
2223
2254
2220
2134
2017
1849
1632
1376
1103
841
558
258
-42
-335
-599
-864
-1102
-1299
-1448
-1565
-1654
-1747
-1797
-1816
-1821
-1789
-1735
-1643
-1555
-1453
-1307
-1098
-873
-625
-351
-74
236
537
819
1080
1295
1497
1707
1891
2060
2185
2254
2269
2209
2105
1942
1730
1481
1208
928
640
367
102
-146
-386
-618
-837
-1026
-1188
-1313
-1401
-1455
-1470
-1463
-1448
-1375
-1231
-1030
-789
-532
-224
113
451
784
1089
1379
1615
1820
1977
2074
2121
2160
2180
2157
2087
1951
1783
1543
1280
1027
769
491
188
-116
-433
-712
-963
-1186
-1379
-1556
-1696
-1793
-1845
-1823
-1752
-1679
-1582
-1459
-1328
-1192
-1026
-815
-601
-408
-216
-11
205
434
694
952
1193
1442
1667
1863
2004
2104
2176
2160
2108
1992
1792
1553
1276
986
681
397
149
-65
-309
-540
-731
-914
-1054
-1160
-1260
-1344
-1364
-1307
-1215
-1119
-1022
-892
-709
-525
-301
-64
199
486
777
1098
1426
1728
2002
2237
2385
2476
2483
2432
2341
2181
2016
1820
1592
1370
1091
769
458
138
-177
-472
-727
-971
-1228
-1481
-1689
-1870
-2022
-2101
-2137
-2151
-2116
-2039
-1943
-1810
-1624
-1384
-1116
-855
-621
-406
-224
-51
156
371
585
784
979
1142
1294
1428
1541
1626
1661
1655
1606
1506
1366
1180
976
759
532
304
55
-196
-426
-647
-823
-932
-962
-945
-923
-871
-804
-692
-539
-368
-176
1
168
342
507
670
819
978
1159
1329
1501
1677
1862
2018
2161
2250
2305
2296
2222
2082
1859
1589
1273
963
646
331
24
-304
-629
-935
-1219
-1479
-1762
-1977
-2136
-2215
-2271
-2279
-2261
-2230
-2157
-2074
-1936
-1807
-1619
-1403
-1164
-893
-622
-344
-75
181
397
597
799
994
1142
1250
1358
1447
1476
1496
1429
1300
1149
984
829
662
481
287
92
-77
-253
-396
-526
-617
-682
-717
-689
-624
-519
-389
-211
-24
134
255
390
544
741
962
1192
1426
1654
1848
1994
2123
2233
2326
2424
2510
2547
2545
2496
2398
2236
2040
1821
1571
1293
1012
705
413
136
-134
-380
-638
-865
-1096
-1309
-1457
-1556
-1625
-1669
-1669
-1649
-1589
-1476
-1342
-1187
-1000
-768
-539
-332
-133
75
244
389
497
572
611
637
661
661
664
627
586
518
428
314
205
83
-54
-195
-356
-507
-677
-864
-1030
-1169
-1268
-1333
-1353
-1334
-1264
-1130
-972
-784
-552
-267
67
380
657
901
1111
1303
1448
1584
1701
1802
1868
1951
2038
2106
2158
2196
2200
2168
2113
2020
1895
1728
1499
1266
1035
816
572
289
38
-212
-451
-673
-862
-1030
-1167
-1253
-1302
-1319
-1304
-1256
-1196
-1112
-1002
-861
-732
-588
-433
-306
-181
-63
66
186
308
416
501
560
578
567
541
495
448
374
282
186
49
-89
-232
-374
-506
-639
-794
-969
-1126
-1256
-1360
-1426
-1449
-1399
-1294
-1137
-929
-713
-437
-130
182
469
724
954
1147
1311
1464
1610
1732
1848
1911
1948
1971
1999
2040
2057
2049
2030
1989
1899
1770
1605
1394
1167
926
676
432
184
-58
-264
-453
-617
-782
-901
-979
-1033
-1053
-1040
-986
-940
-885
-826
-747
-662
-585
-500
-412
-317
-215
-81
54
167
260
321
355
382
410
444
487
479
415
308
203
76
-63
-228
-405
-569
-721
-845
-990
-1150
-1308
-1440
-1528
-1547
-1516
-1451
-1347
-1221
-1044
-831
-581
-324
-80
177
396
592
790
949
1087
1221
1358
1489
1607
1729
1829
1918
2023
2103
2125
2110
2035
1918
1757
1560
1359
1149
943
725
496
275
93
-71
-227
-365
-482
-560
-605
-635
-661
-677
-649
-632
-611
-582
-510
-417
-308
-213
-127
-45
63
174
289
457
624
763
855
899
905
902
844
745
606
438
271
107
-38
-152
-276
-422
-631
-856
-1051
-1240
-1383
-1485
-1551
-1620
-1714
-1769
-1786
-1737
-1628
-1470
-1315
-1147
-949
-739
-510
-243
-13
206
410
582
748
895
1004
1092
1162
1235
1303
1349
1370
1360
1322
1249
1185
1081
967
881
755
606
461
301
148
-10
-187
-324
-422
-493
-520
-535
-549
-523
-507
-479
-415
-330
-233
-150
-70
-8
99
259
404
542
665
757
815
862
907
948
990
976
910
823
732
624
501
393
270
133
-13
-167
-360
-585
-802
-1008
-1207
-1419
-1628
-1806
-1947
-2031
-2044
-1985
-1874
-1723
-1545
-1342
-1234
-1105
-965
-802
-606
-420
-202
-32
182
369
542
766
856
937
987
1050
1183
1262
1330
1307
1244
1157
1006
875
717
608
515
413
297
111
-26
-135
-160
-154
-176
-184
-255
-268
-235
-170
-66
-21
29
85
144
184
199
232
334
505
658
770
814
798
797
788
775
726
626
515
427
330
216
92
-29
-145
-281
-433
-595
-716
-858
-1044
-1184
-1330
-1472
-1590
-1681
-1688
-1642
-1550
-1464
-1402
-1282
-1134
-951
-706
-482
-284
-132
-34
82
218
387
560
731
867
937
946
964
1011
1061
1151
1217
1231
1228
1175
1147
1124
1076
995
829
651
529
429
334
254
185
134
115
114
119
135
125
83
58
60
89
92
56
49
80
167
256
350
464
573
706
799
869
876
871
841
786
688
547
414
309
224
121
-13
-162
-301
-455
-584
-681
-782
-892
-1038
-1180
-1275
-1319
-1334
-1352
-1402
-1428
-1386
-1301
-1173
-1036
-908
-778
-623
-468
-267
-15
213
386
512
574
571
551
560
600
657
690
701
651
585
593
606
647
640
561
458
395
335
293
273
206
110
-9
-50
-50
-56
-81
-104
-89
-100
-86
-97
-93
-69
-37
12
59
103
165
227
276
335
396
458
507
529
526
529
507
477
444
388
284
152
53
-50
-141
-248
-382
-495
-629
-742
-827
-923
-1052
-1182
-1294
-1385
-1444
-1469
-1421
-1366
-1302
-1212
-1131
-1025
-903
-761
-619
-479
-357
-242
-99
53
148
220
267
289
299
312
305
289
273
267
290
284
239
158
91
33
-14
-34
-56
-80
-109
-155
-182
-204
-245
-243
-214
-162
-121
-119
-135
-144
-91
-26
37
74
67
58
60
136
235
309
344
355
372
350
331
321
305
274
248
176
84
-32
-146
-216
-271
-325
-407
-562
-751
-912
-1036
-1132
-1206
-1216
-1216
-1252
-1264
-1287
-1275
-1218
-1168
-1113
-1096
-1111
-1072
-969
-816
-680
-578
-468
-393
-335
-280
-229
-190
-166
-142
-127
-108
-62
-1
45
71
92
116
125
125
116
106
112
98
56
36
50
78
120
157
194
228
248
253
275
319
385
457
464
443
392
347
360
414
455
486
503
481
468
470
510
542
527
449
343
260
209
184
145
71
-55
-221
-400
-523
-564
-581
-600
-622
-681
-765
-838
-910
-952
-952
-940
-924
-943
-975
-1001
-968
-884
-772
-651
-576
-530
-525
-498
-369
-218
-102
-28
1
-5
-28
-9
42
38
49
41
19
-17
-108
-149
-153
-115
-73
-67
-79
-103
-98
-88
-87
-87
-109
-147
-152
-135
-149
-179
-190
-186
-184
-195
-200
-203
-176
-127
-77
5
66
114
151
167
180
186
175
151
151
119
60
13
-73
-129
-191
-211
-216
-235
-257
-319
-376
-379
-345
-346
-382
-456
-549
-641
-727
-779
-811
-815
-782
-751
-701
-669
-637
-575
-483
-383
-287
-182
-101
-32
5
-10
-22
-33
-44
-41
-74
-134
-215
-268
-271
-208
-114
-31
-3
-41
-117
-201
-224
-184
-100
-14
5
-50
-147
-223
-235
-165
-9
110
162
154
121
121
141
206
240
258
280
265
265
252
257
295
323
328
308
299
255
193
144
101
92
64
-11
-96
-217
-339
-430
-473
-482
-512
-566
-624
-721
-811
-863
-898
-873
-843
-800
-760
-756
-754
-787
-792
-755
-687
-580
-497
-457
-422
-460
-451
-387
-299
-199
-168
-186
-231
-249
-236
-193
-136
-129
-171
-211
-242
-237
-214
-195
-150
-144
-164
-189
-207
-186
-138
-57
16
79
131
156
155
192
283
382
432
435
406
375
357
338
348
362
346
361
369
382
433
459
471
415
318
211
144
135
113
50
-25
-135
-270
-409
-519
-560
-589
-626
-660
-679
-672
-651
-624
-626
-626
-597
-561
-497
-438
-431
-474
-534
-533
-494
-415
-336
-300
-253
-199
-137
-100
-81
-92
-110
-100
-81
-84
-114
-147
-193
-219
-218
-215
-207
-200
-231
-243
-207
-154
-51
57
168
214
260
286
263
269
302
347
344
324
267
260
310
380
449
503
519
507
502
481
452
418
394
385
329
235
88
-56
-121
-143
-156
-203
-279
-374
-511
-628
-697
-717
-722
-732
-747
-778
-804
-831
-849
-809
-788
-825
-876
-915
-917
-905
-892
-864
-817
-780
-759
-698
-578
-432
-342
-322
-331
-376
-391
-366
-362
-359
-364
-375
-360
-342
-349
-358
-338
-301
-242
-165
-90
-25
55
118
172
235
262
267
238
205
182
198
226
258
301
356
400
417
453
480
513
524
530
523
494
467
422
354
297
262
204
157
119
90
53
4
-22
-61
-110
-136
-147
-149
-194
-266
-334
-390
-397
-415
-455
-478
-515
-589
-672
-723
-697
-624
-558
-533
-533
-572
-623
-636
-603
-562
-538
-540
-551
-562
-561
-555
-495
-432
-427
-491
-583
-642
-655
-620
-584
-559
-534
-514
-528
-517
-475
-404
-334
-306
-270
-221
-233
-236
-206
-154
-99
-42
21
50
73
101
156
235
330
387
411
407
358
316
307
301
298
333
367
343
298
282
275
316
377
429
455
455
403
335
279
213
140
86
56
38
52
40
10
8
8
12
48
79
70
31
-27
-79
-119
-122
-126
-143
-189
-241
-300
-377
-395
-384
-361
-327
-297
-322
-370
-410
-389
-326
-299
-299
-315
-323
-332
-339
-349
-345
-325
-308
-300
-283
-279
-241
-103
33
164
234
246
246
250
275
298
334
357
339
336
344
369
398
400
393
400
390
379
362
346
310
260
220
192
200
186
198
150
102
34
-30
-91
-147
-178
-184
-161
-154
-156
-172
-173
-171
-142
-144
-179
-194
-192
-226
-279
-307
-331
-377
-412
-449
-479
-483
-460
-419
-416
-417
-428
-422
-421
-387
-342
-349
-394
-448
-447
-423
-387
-339
-335
-376
-406
-390
-319
-199
-92
-40
-41
-72
-52
0
64
111
145
140
126
170
201
225
289
359
443
493
499
522
520
507
491
442
398
386
383
337
250
161
64
8
-15
7
41
70
65
53
62
45
15
-14
-38
-70
-99
-165
-202
-225
-241
-261
-263
-250
-288
-310
-293
-249
-170
-95
-42
-52
-80
-127
-184
-192
-168
-160
-154
-168
-188
-168
-185
-185
-197
-214
-216
-218
-214
-210
-201
-222
-253
-240
-202
-192
-149
-113
-117
-136
-127
-99
-73
-42
-51
-38
-17
16
66
127
193
248
305
335
347
348
330
329
345
318
315
302
270
253
227
231
231
247
266
313
339
384
427
391
362
326
282
253
230
195
132
90
100
95
87
116
142
159
180
197
200
171
102
57
43
33
-20
-85
-125
-182
-221
-241
-232
-203
-170
-98
-18
30
54
68
72
28
-13
-20
-47
-58
-71
-108
-117
-100
-39
43
130
185
216
257
282
310
338
335
343
323
310
313
340
391
369
368
368
382
403
416
454
480
488
480
453
449
432
415
429
418
408
410
388
353
335
335
324
279
245
219
184
159
112
64
26
7
-12
-8
44
89
83
34
-16
-46
-64
-77
-40
-7
-29
-89
-148
-180
-168
-135
-121
-99
-62
-38
-12
56
132
157
178
200
202
190
176
177
182
195
218
256
309
361
416
468
549
660
729
776
798
821
794
747
720
653
577
540
549
583
643
690
710
704
678
668
673
666
609
514
424
374
326
302
296
253
220
197
192
185
149
166
182
189
166
122
90
64
60
52
42
-20
-61
-101
-146
-137
-129
-112
-99
-95
-75
-72
-82
-95
-99
-125
-163
-199
-266
-323
-332
-319
-267
-201
-130
-106
-130
-92
-36
-2
51
94
135
227
293
343
374
385
411
456
500
554
596
610
659
690
700
717
702
685
678
680
683
695
695
674
679
673
641
576
486
437
389
333
294
218
141
69
-15
-70
-103
-136
-162
-161
-135
-137
-123
-96
-65
-90
-146
-189
-224
-226
-213
-204
-178
-156
-182
-204
-174
-94
-42
-24
-26
-26
-35
-34
-34
-48
-119
-193
-216
-185
-123
-72
-43
-24
-8
21
101
173
246
292
309
333
347
360
348
354
391
432
462
500
563
640
745
787
819
834
822
773
757
741
679
624
572
533
516
523
503
473
465
464
443
396
344
347
366
361
351
330
300
278
264
247
214
145
43
7
7
29
43
21
50
63
56
38
41
62
54
32
-23
-68
-92
-96
-60
-20
12
24
8
-16
-76
-126
-156
-170
-160
-157
-190
-209
-178
-144
-85
-54
-15
39
58
63
84
95
66
18
-26
7
43
83
176
273
395
520
643
721
763
773
760
749
737
690
670
679
677
664
652
648
645
662
695
744
770
778
765
678
612
572
523
442
348
299
245
198
181
175
157
151
110
56
36
-5
-33
-62
-100
-140
-196
-248
-248
-245
-224
-181
-171
-213
-262
-305
-333
-314
-284
-272
-280
-303
-357
-421
-448
-413
-369
-357
-358
-376
-401
-381
-334
-249
-171
-86
-40
-38
25
77
138
186
232
265
265
287
342
402
467
530
555
574
586
604
630
663
704
708
689
650
608
607
611
636
626
597
557
507
476
439
403
372
328
275
227
195
192
176
161
152
119
99
122
165
169
171
157
131
69
-15
-77
-121
-165
-183
-211
-217
-212
-198
-136
-40
34
41
27
6
-31
-60
-59
-86
-130
-194
-266
-311
-339
-344
-288
-196
-110
-21
72
100
82
63
30
5
16
42
28
61
102
130
172
212
235
289
393
481
510
539
589
621
639
626
597
568
534
482
459
462
455
445
429
411
403
363
334
339
380
404
416
407
372
340
324
303
280
260
256
279
306
321
302
271
234
210
196
218
226
224
245
245
247
246
228
212
192
145
69
11
-26
-6
2
-10
-24
-78
-139
-158
-121
-51
18
39
4
-79
-108
-101
-57
39
83
70
36
32
62
68
108
145
173
183
182
233
300
372
446
490
476
427
382
377
383
372
345
277
212
157
160
193
284
369
377
380
327
251
200
179
161
105
32
-22
-47
-50
-33
-23
-3
8
22
70
117
171
198
205
206
171
124
77
31
-1
-27
-55
-92
-101
-75
-55
-50
-3
39
49
10
-52
-109
-184
-221
-252
-295
-362
-417
-437
-424
-389
-346
-299
-269
-243
-238
-230
-186
-109
-45
-7
21
62
82
79
88
107
156
205
197
172
143
131
145
157
210
241
255
256
241
245
272
293
284
251
226
174
114
82
48
53
53
36
10
-45
-92
-99
-69
-50
-63
-101
-150
-191
-198
-190
-210
-242
-269
-334
-404
-455
-493
-489
-473
-464
-470
-492
-510
-485
-434
-410
-400
-417
-432
-437
-463
-493
-520
-547
-572
-609
-618
-588
-545
-522
-494
-429
-387
-361
-361
-315
-257
-233
-222
-210
-206
-201
-174
-143
-113
-95
-48
6
60
102
176
239
291
313
292
261
223
234
228
233
209
173
135
95
79
76
93
90
68
22
-8
-18
-39
-38
-34
-53
-67
-102
-143
-157
-156
-177
-206
-239
-275
-282
-287
-291
-280
-279
-250
-230
-245
-258
-286
-309
-331
-362
-397
-406
-403
-405
-424
-446
-460
-511
-533
-546
-527
-483
-447
-410
-396
-377
-349
-343
-352
-340
-340
-330
-320
-273
-245
-220
-211
-212
-204
-216
-179
-125
-41
24
37
19
26
51
57
51
57
40
-1
-20
-18
21
45
59
76
110
130
140
163
210
231
217
192
134
82
29
-4
-31
-46
-56
-83
-84
-51
-30
-41
-41
-1
19
-12
-39
-105
-191
-264
-292
-315
-370
-419
-460
-483
-500
-499
-479
-469
-483
-508
-500
-480
-469
-466
-481
-474
-477
-485
-485
-496
-518
-513
-482
-453
-415
-382
-349
-309
-300
-273
-222
-169
-147
-141
-131
-117
-62
-11
35
66
69
64
39
42
99
159
172
162
131
72
15
11
30
65
70
47
16
-31
-83
-133
-142
-133
-165
-213
-241
-257
-259
-282
-275
-283
-301
-264
-234
-194
-169
-198
-242
-280
-311
-341
-357
-343
-336
-383
-461
-518
-533
-502
-453
-420
-392
-394
-389
-376
-391
-391
-392
-408
-449
-507
-548
-616
-639
-583
-531
-504
-478
-470
-441
-361
-274
-212
-168
-138
-177
-231
-287
-295
-296
-272
-244
-203
-177
-139
-73
-30
29
36
28
25
14
-4
-24
-29
-20
-40
-67
-91
-100
-102
-102
-104
-111
-116
-85
-65
-51
-48
-70
-93
-111
-127
-137
-137
-139
-149
-133
-152
-187
-208
-224
-231
-230
-235
-231
-242
-263
-248
-232
-205
-189
-176
-208
-259
-294
-316
-345
-388
-411
-407
-402
-384
-363
-378
-384
-364
-361
-355
-320
-287
-273
-272
-247
-249
-251
-259
-270
-247
-215
-172
-144
-106
-89
-65
-29
7
61
127
183
189
190
202
214
220
214
202
166
104
74
70
94
119
160
167
175
182
164
171
159
154
149
140
110
61
-3
-74
-116
-133
-161
-182
-221
-267
-293
-277
-247
-215
-214
-223
-226
-261
-250
-281
-330
-381
-448
-473
-481
-461
-447
-438
-428
-426
-398
-370
-375
-376
-381
-370
-359
-363
-372
-371
-373
-387
-384
-347
-319
-315
-336
-373
-390
-374
-302
-229
-178
-155
-173
-185
-134
-57
48
94
109
70
-5
-26
-5
54
94
104
80
59
65
85
123
171
182
166
130
56
-1
-29
-33
-42
-76
-103
-143
-230
-253
-230
-204
-191
-200
-234
-272
-267
-249
-237
-252
-275
-285
-303
-296
-295
-340
-401
-445
-463
-497
-502
-464
-441
-445
-444
-451
-486
-497
-475
-441
-413
-408
-426
-476
-526
-535
-522
-514
-499
-458
-444
-401
-339
-291
-242
-212
-207
-236
-251
-249
-237
-185
-116
-76
-94
-114
-115
-107
-57
-8
37
108
180
212
203
211
203
207
226
222
235
239
255
244
229
213
193
197
219
246
241
231
229
211
181
162
138
108
90
20
-29
-54
-102
-141
-191
-217
-237
-249
-254
-244
-205
-182
-182
-192
-208
-226
-270
-273
-254
-271
-298
-332
-339
-329
-332
-340
-344
-357
-341
-332
-327
-297
-270
-245
-270
-264
-244
-221
-171
-165
-178
-192
-223
-242
-236
-229
-224
-231
-219
-162
-89
-58
-33
-25
-8
18
40
59
58
51
38
33
17
17
29
33
61
89
108
133
168
201
222
253
243
224
192
192
188
177
176
138
111
66
45
36
21
25
61
91
120
95
55
22
-17
-10
-7
-32
-79
-131
-175
-187
-202
-196
-143
-134
-137
-175
-196
-208
-216
-198
-174
-116
-107
-100
-114
-105
-95
-118
-120
-116
-92
-2
93
139
192
178
141
153
188
257
321
355
370
357
344
330
316
338
364
380
391
400
422
430
453
513
516
507
491
472
468
451
468
475
428
393
391
392
398
365
335
319
309
315
315
293
227
174
144
113
92
63
24
-3
-43
-90
-139
-162
-231
-319
-363
-356
-354
-334
-311
-323
-337
-357
-349
-341
-345
-346
-331
-321
-356
-380
-375
-350
-323
-315
-290
-244
-219
-169
-96
-13
75
81
71
86
105
121
122
129
123
120
156
168
177
177
173
216
244
265
284
268
292
352
369
363
331
270
209
176
173
187
194
171
117
74
72
86
127
171
169
151
123
84
47
18
-1
-44
-130
-194
-206
-164
-128
-116
-137
-175
-198
-216
-223
-194
-149
-129
-171
-206
-225
-225
-213
-188
-149
-145
-151
-147
-117
-94
-42
-23
-21
-17
-43
-68
-63
-34
-13
49
109
133
112
76
74
105
110
149
156
137
136
142
157
189
233
281
314
288
262
272
307
317
314
310
304
277
242
241
258
288
304
332
361
365
384
403
444
438
405
385
350
321
287
271
281
270
246
232
198
171
167
154
177
176
174
168
142
112
117
139
104
42
15
28
19
18
-5
-3
-30
-76
-92
-78
-43
-6
17
27
15
-25
-49
-93
-114
-137
-159
-166
-179
-169
-138
-116
-123
-123
-105
-62
-23
-8
-2
-36
-49
-21
12
32
4
-36
-75
-83
-37
-13
-4
-5
2
69
153
202
221
220
241
265
278
294
292
291
295
296
299
316
320
309
308
313
307
290
278
274
290
298
301
276
248
176
122
102
80
62
14
-28
-111
-171
-182
-156
-120
-123
-114
-87
-80
-84
-47
1
-5
-62
-102
-132
-150
-144
-121
-99
-138
-184
-190
-167
-149
-130
-105
-91
-81
-44
20
65
77
46
33
30
8
15
30
32
38
30
76
67
78
122
139
147
142
169
144
152
105
169
164
130
124
82
109
112
145
164
124
147
155
206
218
212
214
160
149
81
84
73
43
-10
-46
-68
-82
-93
-85
-60
-62
-81
-102
-103
-91
-45
-22
-20
-68
-101
-99
-93
-80
-58
-49
-48
-45
-51
-4
28
45
68
117
152
172
224
247
236
227
211
199
192
199
200
182
177
204
248
249
231
234
224
192
209
244
274
276
215
175
130
112
123
139
145
139
117
125
131
142
175
173
210
203
210
229
235
267
272
256
216
167
150
110
69
89
113
136
139
134
156
127
131
154
168
176
174
204
167
100
60
36
49
61
74
69
71
51
69
131
148
149
154
179
186
187
210
222
225
212
170
137
101
94
117
179
207
188
183
170
179
173
198
225
218
208
216
209
225
239
267
315
314
329
340
350
355
382
390
365
349
332
335
342
340
333
381
357
348
369
366
405
397
405
420
405
400
389
404
419
411
403
400
372
342
328
329
315
267
221
157
113
72
60
61
39
-4
-18
-11
-13
-12
7
5
-35
-66
-78
-98
-118
-128
-128
-136
-152
-176
-171
-103
-65
-41
29
53
49
13
12
70
88
86
105
133
134
160
165
190
213
210
229
245
281
354
444
476
506
533
552
530
515
533
536
544
493
470
425
384
356
373
430
468
501
491
490
479
485
480
462
423
356
287
217
116
32
5
11
45
35
-4
-51
-77
-71
-59
-30
-30
-55
-104
-171
-215
-215
-231
-248
-259
-282
-295
-308
-320
-315
-279
-255
-239
-219
-205
-194
-179
-147
-106
-66
-52
-63
-78
-77
-61
-40
-32
-30
-7
4
26
70
87
95
88
84
108
132
170
195
216
210
210
226
219
219
241
274
285
284
291
325
345
372
373
353
302
251
250
247
238
226
194
160
146
121
111
119
96
74
55
38
-4
-16
-24
6
16
-30
-51
-98
-119
-129
-152
-126
-144
-183
-177
-170
-137
-121
-83
-70
-72
-39
-8
17
6
5
1
-10
-17
-31
-38
-52
-45
-58
-55
-28
21
60
95
96
78
74
59
85
119
137
113
95
76
67
82
100
109
106
88
114
185
218
266
303
312
315
312
315
305
291
278
272
242
226
231
246
290
313
295
259
219
205
212
238
253
253
232
216
198
165
162
190
181
144
108
70
35
37
32
29
74
61
65
67
81
96
91
94
98
82
87
64
32
1
-55
-82
-120
-136
-140
-100
-82
-82
-65
-56
-52
-49
-50
-51
-84
-128
-140
-100
-103
-138
-152
-162
-151
-92
-45
-21
-23
-30
-31
-1
49
87
113
69
34
33
67
116
140
141
129
115
125
125
110
105
115
129
167
149
133
144
118
126
112
64
12
-37
-65
-79
-49
-23
-16
-14
-22
7
24
31
27
26
24
15
-64
-129
-163
-172
-172
-163
-145
-167
-185
-187
-135
-78
-66
-55
-61
-98
-139
-141
-95
-71
-86
-76
-71
-62
-45
-14
36
22
51
47
56
87
96
142
162
183
181
175
176
188
232
271
276
266
227
192
175
171
149
156
162
176
183
189
183
181
201
221
253
240
213
152
127
125
154
149
108
58
-7
-8
20
64
84
56
27
-2
-10
-40
-77
-89
-102
-94
-116
-128
-140
-160
-179
-183
-175
-177
-176
-153
-99
-42
6
3
-2
-2
9
47
55
42
0
-21
-26
-22
-17
34
67
59
79
98
129
152
141
147
146
96
55
5
8
16
13
58
42
17
-12
-6
49
74
65
47
10
-5
25
82
104
61
43
61
65
71
63
73
125
172
185
200
207
185
168
163
152
167
173
164
160
132
114
73
39
18
7
0
4
-9
-30
-43
20
70
86
66
40
48
34
73
89
54
17
-13
30
47
5
-11
-44
-67
-39
20
64
49
46
37
18
48
51
12
-27
-59
-88
-83
-115
-178
-180
-179
-169
-153
-145
-143
-145
-121
-106
-122
-88
-69
-68
-40
-13
-1
15
0
-25
7
23
14
47
97
132
179
196
222
250
248
224
247
260
226
191
138
101
66
79
106
111
98
82
87
80
90
123
143
100
62
62
22
-7
-21
-26
-50
-67
-89
-102
-91
-79
-74
-44
-52
-102
-138
-150
-151
-171
-195
-199
-205
-222
-236
-242
-267
-307
-325
-333
-335
-337
-313
-292
-275
-268
-240
-215
-203
-176
-152
-165
-201
-183
-156
-144
-119
-79
-69
-76
-73
-79
-50
-19
-32
-26
-4
-27
-30
-15
4
9
-10
-55
-87
-92
-116
-128
-132
-146
-163
-178
-197
-201
-214
-223
-226
-216
-208
-215
-250
-280
-329
-339
-323
-333
-349
-369
-349
-353
-360
-345
-344
-362
-360
-324
-279
-319
-362
-360
-361
-345
-322
-278
-288
-328
-340
-337
-330
-303
-266
-247
-229
-210
-199
-164
-129
-120
-123
-156
-199
-211
-199
-197
-183
-147
-104
-85
-104
-135
-153
-169
-144
-97
-90
-83
-87
-105
-99
-104
-94
-101
-93
-91
-135
-157
-178
-175
-144
-152
-160
-172
-169
-154
-130
-103
-98
-79
-54
-36
-37
-54
-88
-73
-72
-87
-71
-50
-46
-58
-43
11
55
87
132
157
144
92
70
36
10
14
10
12
-24
-69
-75
-10
4
7
2
-9
-9
-2
39
55
31
-17
-31
-20
-17
-42
-40
-70
-132
-163
-151
-146
-161
-133
-95
-56
-66
-106
-99
-96
-111
-114
-112
-118
-137
-146
-154
-181
-177
-146
-91
-57
-42
-35
-43
-22
-18
27
43
-3
-31
-61
-104
-116
-114
-99
-103
-153
-182
-179
-174
-189
-162
-137
-158
-160
-139
-137
-145
-157
-182
-192
-228
-261
-272
-255
-258
-256
-214
-189
-163
-150
-148
-145
-153
-136
-123
-144
-172
-195
-197
-176
-162
-160
-159
-182
-178
-157
-129
-121
-77
-28
-40
-64
-79
-51
-21
-9
17
-14
-76
-110
-124
-83
-49
-41
-9
6
-12
-55
-20
19
36
87
130
150
129
82
103
139
112
76
51
12
-28
-22
-18
-26
-28
6
27
22
-8
-39
-66
-75
-75
-114
-109
-127
-157
-153
-183
-195
-210
-214
-210
-206
-196
-195
-199
-186
-172
-191
-189
-188
-189
-195
-236
-262
-280
-294
-295
-300
-302
-340
-389
-394
-382
-331
-286
-224
-175
-172
-193
-240
-286
-292
-263
-251
-247
-250
-286
-273
-248
-234
-194
-198
-210
-207
-193
-162
-115
-91
-65
-25
4
-16
-22
-29
-44
-35
-16
-10
8
40
11
-12
-13
-8
6
10
0
-6
27
3
-8
7
-18
-53
-71
-60
-65
-64
-31
-31
-60
-76
-83
-37
8
7
-16
13
-24
-59
-63
-50
-42
-81
-69
-64
-102
-122
-135
-107
-84
-99
-97
-146
-184
-178
-154
-112
-135
-156
-161
-163
-164
-176
-187
-200
-203
-198
-190
-191
-201
-209
-192
-183
-177
-172
-168
-148
-139
-124
-140
-186
-235
-226
-207
-235
-229
-212
-220
-241
-214
-166
-126
-102
-91
-99
-100
-118
-136
-132
-140
-140
-164
-149
-133
-165
-162
-121
-94
-65
-46
-43
-64
-81
-66
-60
-33
6
-4
17
27
-5
-8
-3
33
71
84
84
71
44
16
9
51
58
42
21
-21
-38
-33
-2
-10
-48
-90
-104
-103
-113
-141
-146
-156
-167
-161
-181
-197
-217
-200
-151
-93
-66
-86
-124
-145
-135
-126
-128
-143
-159
-154
-149
-111
-43
-4
-22
-48
-55
-61
-63
-57
-30
-12
-10
7
-5
10
39
58
88
92
91
55
41
80
134
129
76
34
29
37
63
140
156
136
117
104
61
34
36
31
42
69
64
30
52
66
82
74
43
25
-53
-93
-96
-75
-95
-131
-144
-143
-128
-85
-32
-37
-17
-17
-14
-17
-2
56
89
79
24
10
4
-20
-2
21
55
84
71
87
86
100
103
135
170
148
137
71
49
66
38
28
20
2
-9
-2
21
7
-22
-43
-52
-26
-14
13
0
-23
-11
-20
-21
-58
-88
-124
-170
-194
-200
-217
-242
-250
-186
-136
-98
-83
-96
-83
-69
-42
-28
-59
-69
-101
-115
-73
-94
-101
-97
-78
-45
-32
3
36
38
39
41
59
38
11
61
77
45
25
27
4
-34
-16
-2
11
58
62
78
67
60
70
75
96
72
56
17
-6
21
8
-2
5
27
62
76
102
121
102
97
83
96
117
112
115
109
93
70
43
64
69
97
120
94
106
96
95
114
134
138
111
89
108
136
145
152
166
141
110
123
117
95
128
150
149
153
161
176
196
209
234
226
187
144
112
104
90
89
83
62
48
28
26
26
40
47
56
86
84
76
70
74
105
117
87
81
78
44
29
28
42
38
37
37
54
73
119
153
176
204
209
231
238
230
210
201
195
173
150
153
156
156
170
203
240
249
234
222
205
210
224
239
223
212
173
174
180
157
141
114
73
32
20
5
32
30
39
33
8
43
49
22
2
-31
-41
-61
-72
-95
-118
-134
-177
-178
-165
-147
-135
-125
-120
-122
-124
-123
-105
-100
-80
-73
-85
-98
-121
-143
-139
-110
-131
-148
-158
-143
-100
-72
-43
-68
-96
-83
-76
-66
-49
-38
-32
-27
-33
-35
-50
-36
0
32
84
103
123
135
168
192
200
214
189
199
209
189
181
177
182
194
196
206
217
227
236
274
305
318
308
315
296
293
307
305
309
266
218
191
197
217
215
200
203
188
177
194
182
171
148
163
159
145
123
100
115
90
76
87
79
47
64
89
87
63
55
67
84
77
66
57
37
29
24
26
22
-7
-41
-31
-24
-1
12
19
17
6
18
40
52
52
61
86
82
42
28
7
-3
-16
-25
-29
-71
-76
-59
-55
-52
-37
-19
-10
1
-6
5
12
18
2
-13
-30
-29
-48
-56
-44
-65
-69
-58
-31
-8
19
57
73
60
40
46
36
19
19
-5
-16
-32
-59
-75
-81
-87
-73
-85
-123
-129
-103
-57
-36
-17
-9
-23
-37
-45
-61
-103
-129
-113
-111
-129
-129
-118
-94
-72
-37
-12
-40
-67
-34
6
34
40
50
58
36
20
33
41
25
10
16
85
99
94
111
122
121
99
81
77
96
114
160
187
176
168
159
187
220
225
220
227
207
224
278
298
308
281
284
304
309
314
262
245
277
293
282
247
216
153
114
127
126
91
62
46
65
95
109
102
93
90
81
77
80
61
52
34
16
32
51
37
37
33
37
51
65
85
37
15
19
29
5
-17
-5
-14
1
0
34
56
63
83
90
102
112
145
134
146
147
124
122
92
49
12
16
22
33
28
36
65
76
70
55
49
34
31
34
95
96
68
46
29
6
7
8
-9
-33
-98
-116
-121
-149
-126
-96
-119
-138
-137
-133
-136
-136
-122
-86
-69
-89
-106
-112
-132
-130
-102
-73
-58
-59
-65
-46
-22
4
48
68
61
59
65
59
48
71
125
143
138
130
129
115
112
156
192
203
180
168
175
174
194
192
166
151
150
162
169
164
146
153
165
162
165
162
159
176
194
206
230
238
223
204
177
147
121
89
56
66
57
50
41
3
-41
-66
-13
9
10
2
-20
-10
-13
-27
-28
-33
-90
-147
-142
-135
-123
-104
-92
-73
-65
-86
-89
-74
-90
-99
-73
-59
-75
-56
-59
-60
-56
-89
-101
-108
-124
-122
-127
-121
-112
-83
-68
-69
-16
-3
4
16
4
-9
-22
-18
-15
-38
-39
-70
-48
8
47
93
136
150
137
136
135
129
103
76
84
83
40
21
15
37
73
78
75
81
52
46
84
125
122
111
110
75
33
-9
-45
-71
-73
-72
-86
-91
-109
-129
-127
-84
-68
-78
-95
-143
-155
-153
-162
-163
-209
-260
-281
-260
-246
-245
-251
-274
-234
-208
-164
-149
-178
-189
-174
-140
-137
-116
-97
-104
-69
-79
-113
-124
-113
-64
-24
-9
3
-16
-10
13
49
102
77
61
69
61
99
110
92
52
21
1
-7
34
59
58
77
71
45
30
12
-2
4
13
14
5
-11
-10
-6
-41
-68
-82
-114
-119
-126
-119
-132
-159
-147
-155
-133
-115
-145
-132
-133
-175
-194
-179
-176
-197
-201
-193
-207
-184
-159
-146
-123
-119
-97
-105
-123
-127
-147
-155
-150
-135
-131
-151
-168
-171
-164
-148
-140
-154
-155
-148
-135
-105
-82
-87
-82
-23
-20
-45
-46
-56
-72
-88
-99
-95
-84
-72
-81
-73
-80
-80
-46
-29
-10
6
14
36
54
46
56
49
10
-22
-43
-54
-67
-59
-29
8
17
4
-2
-5
-8
5
16
17
14
0
-17
-21
-26
-51
-88
-88
-89
-96
-88
-94
-103
-120
-86
-80
-96
-109
-123
-132
-138
-130
-126
-122
-128
-127
-121
-126
-157
-180
-180
-180
-190
-205
-182
-144
-133
-126
-108
-113
-156
-147
-142
-144
-150
-133
-125
-107
-100
-108
-82
-92
-93
-72
-70
-73
-71
-41
-1
-8
-19
-43
-58
-110
-108
-66
-56
-63
-110
-119
-118
-133
-134
-117
-88
-95
-91
-82
-98
-124
-133
-138
-136
-155
-197
-219
-230
-208
-200
-187
-162
-195
-215
-194
-182
-181
-180
-179
-168
-191
-217
-199
-190
-194
-229
-237
-244
-247
-261
-247
-198
-213
-209
-185
-181
-183
-178
-166
-182
-223
-242
-234
-230
-234
-225
-209
-227
-238
-217
-209
-210
-194
-170
-132
-102
-85
-83
-80
-81
-85
-73
-55
-43
-56
-77
-96
-125
-136
-104
-61
-12
35
46
26
14
41
64
94
91
50
6
-46
-55
-56
-44
-45
-55
-81
-88
-63
-59
-33
-8
1
-11
-22
-29
-58
-87
-96
-85
-102
-117
-123
-135
-159
-150
-116
-123
-132
-125
-104
-95
-72
-52
-28
-34
-64
-65
-72
-75
-82
-81
-69
-78
-92
-51
-39
-40
-22
-14
4
15
19
11
-11
-12
1
-10
-65
-90
-78
-57
-32
-25
9
21
0
21
49
66
59
54
44
26
18
29
52
54
60
18
5
-14
-19
19
34
14
4
1
15
22
51
65
46
27
-4
-41
-89
-118
-128
-122
-113
-116
-114
-92
-97
-92
-96
-94
-98
-112
-117
-123
-153
-183
-173
-160
-184
-195
-194
-203
-204
-186
-177
-152
-152
-162
-175
-182
-190
-178
-133
-117
-124
-131
-154
-170
-150
-141
-119
-110
-130
-159
-183
-164
-124
-68
-49
-54
-64
-83
-95
-65
-30
-2
8
-11
-37
-62
-53
-45
-31
-9
-19
-16
-15
-43
-38
-35
-6
8
24
30
30
72
90
85
77
48
31
10
4
13
38
55
38
52
79
90
96
94
107
91
78
60
36
8
-10
5
5
-7
-36
-39
-51
-41
-11
13
27
40
43
16
24
14
5
16
-6
-22
-8
-2
-3
-12
-23
-12
5
7
17
27
28
9
22
55
55
40
16
9
9
-21
-20
5
-10
-32
-31
-19
-14
15
63
69
69
65
45
39
26
23
10
-14
-46
-37
-46
-70
-53
-46
-50
-51
-2
44
63
62
29
13
5
-47
-57
-56
-94
-140
-138
-113
-126
-120
-92
-77
-77
-97
-80
-69
-78
-105
-71
-11
6
12
8
-14
-27
-43
-58
-38
-46
-70
-57
-38
-58
-33
4
14
18
25
29
35
63
74
49
28
12
19
39
22
32
48
47
53
63
76
101
103
91
86
85
68
69
75
61
50
56
61
32
25
10
-14
-30
-29
7
40
34
43
74
65
53
46
39
23
44
63
39
23
15
-9
18
33
39
53
48
38
40
66
76
106
111
93
88
99
91
89
95
76
68
55
37
56
87
80
109
119
124
145
160
176
186
219
210
205
203
182
195
221
214
214
218
228
249
268
297
300
315
317
316
340
345
324
315
322
320
325
310
323
321
306
308
315
292
243
229
252
270
270
271
245
200
172
165
160
147
143
131
118
86
49
58
79
88
120
132
145
132
116
128
134
134
109
90
37
4
9
11
2
12
18
-9
-9
23
45
62
71
76
94
71
70
86
90
85
83
74
64
57
78
104
114
122
110
146
166
160
181
208
208
190
187
188
202
198
183
168
138
145
174
178
170
172
179
212
231
222
196
193
195
196
211
205
183
145
117
123
136
133
126
110
88
97
123
173
192
186
174
151
133
119
95
92
113
105
84
50
37
27
53
73
108
139
133
132
114
126
123
80
66
56
35
17
23
18
22
34
48
73
88
96
120
108
78
93
118
131
126
113
101
92
113
134
150
188
180
148
162
202
230
243
258
271
253
254
257
276
284
268
269
262
234
210
219
212
202
195
175
165
173
183
202
214
191
165
163
131
120
138
140
119
103
93
81
61
42
20
1
-11
-5
27
21
16
27
43
36
39
35
5
-18
-53
-59
-89
-82
-89
-100
-99
-105
-93
-92
-103
-107
-78
-64
-66
-50
-15
18
51
35
8
14
11
19
48
44
50
46
52
82
106
145
141
142
155
132
126
133
127
130
137
130
137
144
127
127
140
133
153
185
200
210
211
208
208
194
187
179
151
142
136
130
113
103
113
113
118
132
140
144
171
195
199
197
194
181
146
119
124
135
131
148
175
175
160
178
181
185
204
207
211
199
191
185
186
205
208
194
173
149
131
117
109
107
121
127
118
128
139
188
213
205
206
179
172
174
161
143
108
81
67
60
70
69
70
86
86
87
98
109
129
148
153
162
165
159
132
109
111
112
113
113
103
94
64
58
74
111
123
120
130
138
129
102
103
99
86
58
65
73
54
52
67
58
63
74
73
89
82
84
91
90
104
105
114
91
87
86
98
100
109
99
80
92
98
108
123
139
131
163
188
182
192
196
192
164
167
182
189
182
171
189
168
138
138
142
141
149
170
187
201
212
218
199
186
172
172
172
165
154
158
167
150
133
124
122
112
114
108
106
109
106
109
65
39
14
0
-24
-62
-54
-68
-101
-89
-75
-64
-57
-37
-1
13
2
-14
-37
-53
-74
-71
-60
-68
-73
-82
-70
-36
-20
-10
7
20
42
58
69
85
81
85
64
68
51
29
39
34
38
23
14
36
35
32
23
22
-3
-2
20
21
7
-9
-2
-20
-21
-24
-30
-42
-56
-67
-47
-32
-42
-39
-35
-28
-27
-7
-4
-2
2
2
1
-3
3
-9
-32
-44
-53
-51
-45
-31
-10
-7
-14
5
25
31
28
29
8
-19
-11
-5
13
-19
-41
-39
-40
-30
-9
-11
-6
30
46
37
15
0
-20
-32
-48
-73
-110
-142
-134
-124
-98
-90
-71
-46
-34
-51
-56
-42
-37
-18
0
9
-7
-33
-60
-49
-44
-47
-43
-42
-58
-63
-29
-8
13
22
25
58
81
96
103
112
77
60
52
25
0
-16
-14
-16
-7
-23
-13
-1
-2
0
6
-1
-2
7
7
10
6
-12
-39
-59
-68
-96
-126
-146
-131
-132
-131
-105
-95
-93
-106
-112
-98
-88
-92
-111
-146
-154
-170
-185
-187
-185
-184
-196
-195
-185
-175
-178
-163
-147
-137
-112
-100
-82
-64
-57
-69
-94
-131
-140
-133
-112
-114
-147
-165
-159
-156
-142
-109
-90
-91
-103
-117
-114
-125
-148
-132
-130
-147
-161
-165
-164
-157
-140
-110
-97
-117
-126
-106
-94
-99
-108
-109
-97
-103
-84
-91
-94
-111
-115
-105
-104
-113
-124
-94
-69
-52
-31
-24
-15
-25
-31
-42
-73
-75
-91
-74
-52
-59
-72
-93
-88
-81
-91
-105
-99
-104
-105
-89
-67
-67
-68
-83
-95
-103
-115
-119
-140
-141
-126
-108
-80
-72
-69
-66
-47
-37
-39
-30
-17
-9
-27
-29
-39
-54
-85
-93
-88
-69
-68
-79
-67
-74
-90
-70
-54
-37
-39
