-106
-118
-139
-139
-134
-143
-134
-119
-113
-146
-172
-147
-136
-156
-160
-155
-154
-142
-129
-129
-134
-136
-144
-138
-160
-181
-151
-161
-159
-134
-140
-134
-120
-138
-125
-130
-141
-108
-120
-130
-133
-121
-112
-103
-93
-109
-95
-101
-88
-63
-71
-78
-94
-82
-79
-78
-68
-77
-73
-77
-62
-45
-62
-45
-56
-84
-77
-70
-45
-47
-51
-27
-6
-1
0
-7
3
-12
-10
5
3
12
25
17
28
24
37
18
9
23
14
13
14
27
21
8
-16
-2
19
19
1
-24
-29
-19
-9
-14
-16
8
5
-20
-28
-37
-36
-23
-24
-15
14
-18
-32
-26
-22
-14
-31
-26
-19
-10
-29
-40
-22
-38
-35
-67
-67
-64
-71
-86
-86
-92
-75
-64
-71
-58
-52
-63
-75
-77
-72
-55
-71
-75
-61
-58
-70
-65
-46
-24
-34
-17
-10
0
4
-24
-28
-28
-26
-34
-42
-41
-43
-49
-58
-42
-32
-29
-63
-72
-77
-72
-73
-91
-88
-94
-109
-134
-105
-83
-80
-65
-64
-39
-31
-39
-22
-24
-45
-30
-60
-59
-46
-67
-65
-76
-61
-62
-74
-84
-100
-101
-111
-120
-108
-103
-123
-116
-105
-94
-74
-106
-122
-125
-120
-116
-99
-103
-109
-121
-129
-117
-107
-108
-118
-126
-136
-139
-115
-113
-130
-124
-138
-146
-141
-153
-146
-116
-138
-138
-136
-147
-132
-138
-120
-87
-104
-94
-84
-95
-92
-84
-75
-71
-79
-92
-90
-95
-81
-73
-75
-65
-71
-54
-55
-70
-36
-33
-44
-41
-53
-36
-25
-33
-33
-19
-28
-36
-31
-23
-7
-9
-1
9
0
-23
-31
-57
-50
-46
-62
-50
-59
-59
-44
-49
-57
-59
-82
-93
-91
-96
-92
-93
-122
-132
-126
-137
-120
-115
-119
-125
-172
-187
-167
-175
-188
-171
-161
-160
-153
-171
-158
-156
-162
-149
-145
-119
-110
-129
-98
-97
-114
-117
-115
-98
-88
-89
-103
-103
-121
-130
-138
-140
-133
-116
-101
-117
-116
-104
-96
-84
-74
-59
-53
-66
-91
-83
-64
-68
-63
-52
-57
-66
-54
-54
-37
-21
-40
-39
-30
-32
-48
-46
-41
-34
-46
-65
-64
-59
-69
-73
-59
-59
-74
-94
-99
-81
-65
-65
-59
-57
-66
-87
-82
-61
-41
-33
-48
-29
-24
-29
-27
-39
-37
-17
-34
-49
-45
-34
-40
-52
-70
-78
-87
-104
-105
-109
-107
-108
-130
-118
-110
-124
-113
-103
-92
-80
-84
-94
-99
-88
-65
-82
-86
-70
-59
-51
-52
-38
-37
-40
-38
-31
-23
2
12
33
36
55
65
47
55
70
65
53
45
42
36
29
30
44
57
35
24
18
14
30
23
20
33
19
6
4
-7
-8
11
11
9
10
1
-16
-20
-5
8
6
0
5
12
2
-7
-13
-11
-22
-31
-14
-5
-11
-17
-30
-11
-17
-27
-18
-32
-37
-22
-27
-27
-26
-34
-37
-42
-55
-56
-78
-90
-87
-96
-87
-89
-94
-101
-114
-97
-78
-70
-57
-61
-71
-69
-63
-51
-60
-72
-80
-78
-84
-85
-74
-67
-63
-63
-65
-69
-46
-46
-33
-30
-31
-40
-38
-21
-30
-9
-15
-29
-26
-34
-17
-17
7
22
26
15
8
9
-7
-22
-19
-3
-18
-12
-12
-17
-8
-10
-5
-6
-10
-17
-14
-23
-33
-41
-44
-41
-34
-30
-15
-23
-36
-45
-51
-36
-45
-24
-17
-13
-14
-18
-38
-39
-31
-26
-12
-14
-19
-24
-36
-51
-44
-24
-4
-6
3
-1
-3
-8
-14
-3
-18
-6
-14
-33
-22
-33
-36
-42
-42
-34
-23
-20
-11
-1
0
-11
-11
-24
-22
-10
0
-4
-38
-64
-70
-75
-64
-47
-55
-30
-26
-37
-19
-16
13
20
0
1
13
27
21
6
0
0
3
-2
-4
1
2
4
-5
-5
-16
-16
-10
-12
-3
7
-5
-13
-8
-8
-6
-8
-5
18
16
20
5
2
7
-9
-14
6
26
2
11
24
8
17
13
13
19
7
7
-1
-24
-40
-45
-71
-65
-48
-53
-49
-67
-55
-40
-68
-53
-52
-44
-43
-62
-52
-35
-36
-19
0
11
20
9
16
47
35
37
47
26
51
62
49
64
81
88
100
75
63
78
86
67
65
65
65
52
67
96
99
110
80
78
85
68
69
79
76
99
105
87
112
123
110
99
96
103
109
95
93
110
106
100
98
92
82
102
90
91
88
45
65
57
44
43
45
39
26
19
17
22
26
32
59
52
36
42
31
36
30
31
37
23
7
8
28
59
53
52
54
45
47
38
46
66
55
47
43
41
52
51
63
69
70
74
66
64
85
67
74
67
48
52
43
45
63
63
69
75
47
37
46
50
55
44
41
35
29
37
32
40
23
32
21
14
19
36
28
33
36
11
11
-10
-16
-17
-29
-40
-15
-17
-26
9
22
39
43
30
28
9
-10
7
13
16
20
14
18
0
18
23
26
19
10
4
-2
5
18
20
14
9
11
11
15
40
38
28
14
26
21
20
34
43
56
42
29
51
72
69
81
97
99
99
90
95
121
124
115
119
133
136
140
125
131
149
145
130
117
125
127
113
121
111
107
81
55
64
63
61
52
33
24
38
14
12
9
4
-1
-12
-27
-20
-22
-50
-56
-61
-52
-85
-99
-103
-90
-83
-107
-87
-90
-99
-101
-95
-94
-84
-95
-85
-79
-94
-56
-57
-69
-65
-49
-40
-32
-24
-18
-7
-17
-22
-3
22
11
22
19
19
6
6
36
47
37
52
79
78
58
51
34
34
48
48
52
35
35
34
30
31
24
33
18
3
1
21
10
-10
-8
-22
-26
-37
-20
-11
-8
-7
-7
-6
7
27
30
41
35
56
62
37
64
81
66
67
78
94
87
75
73
69
60
44
37
47
47
49
74
47
57
55
40
32
27
31
31
24
11
19
20
13
21
37
34
25
14
34
33
47
65
67
71
69
69
75
80
75
78
72
67
67
77
71
96
115
116
108
99
103
114
120
114
128
132
106
94
108
105
101
116
120
123
130
135
135
126
110
93
89
76
71
97
98
94
111
104
104
103
88
96
71
61
83
66
63
74
71
85
79
77
73
67
69
50
64
63
45
41
18
9
20
18
-3
-41
-33
-25
-33
-25
-21
-22
-34
-59
-54
-62
-65
-50
-31
-38
-62
-84
-86
-63
-74
-69
-79
-75
-77
-81
-82
-80
-80
-68
-70
-77
-64
-62
-74
-70
-37
-45
-23
-43
-33
19
16
30
47
34
45
52
64
109
105
115
126
129
136
151
153
157
160
161
169
162
163
163
164
171
167
171
164
157
167
175
185
176
162
139
128
134
124
141
150
133
127
124
130
141
134
138
115
98
94
87
93
81
90
82
73
78
86
83
77
76
57
64
55
58
63
43
40
38
45
42
44
56
72
73
81
77
84
99
97
127
124
119
127
110
123
135
143
148
132
135
127
114
108
105
97
73
43
26
18
17
2
-4
-15
-4
-3
-20
-18
-15
-12
-33
-29
-32
-17
-28
-37
-4
11
25
21
19
34
25
25
43
44
50
43
27
41
47
43
44
46
51
65
60
65
76
79
67
63
65
63
70
55
55
68
61
41
50
68
83
95
81
82
84
67
57
58
69
60
48
32
13
19
13
20
28
42
34
32
43
58
55
38
21
19
11
18
32
28
38
36
19
21
25
28
45
43
49
47
53
56
50
44
47
57
69
77
80
74
74
109
110
123
140
128
134
122
106
120
110
98
100
87
76
91
87
79
56
47
41
33
44
51
47
39
33
42
44
44
62
62
76
68
78
83
93
107
92
106
106
90
109
95
83
103
100
98
95
75
77
94
80
91
99
66
41
55
54
46
35
20
35
40
31
31
22
17
24
39
17
10
7
-3
4
17
24
27
17
22
31
16
3
-2
-8
-27
-36
-43
-41
-66
-74
-84
-85
-89
-95
-95
-102
-96
-110
-123
-126
-108
-114
-119
-122
-133
-125
-128
-141
-132
-122
-132
-130
-124
-100
-97
-98
-84
-66
-61
-74
-68
-51
-47
-52
-44
-30
-31
-42
-51
-57
-37
-50
-32
-26
-20
-21
-17
-6
-4
27
13
0
13
24
46
60
53
72
68
50
58
68
73
56
55
58
44
39
34
37
31
0
1
1
-19
-10
-15
-22
-15
-30
-47
-25
-41
-37
-23
-38
-28
-22
-17
-19
-21
-14
7
3
-7
11
22
36
57
50
48
62
41
43
56
59
75
73
50
44
51
45
37
41
32
43
46
44
51
42
12
-4
-10
-20
10
0
-3
15
2
1
11
8
-6
1
-12
-21
-12
-28
-43
-42
-40
-48
-36
-54
-72
-65
-76
-77
-77
-98
-115
-117
-119
-119
-114
-123
-132
-138
-134
-134
-137
-129
-140
-117
-110
-125
-110
-111
-124
-98
-94
-77
-63
-88
-70
-58
-42
-39
-16
-13
-23
-5
-6
3
8
-3
6
0
8
1
-12
1
-15
-19
-19
-37
-19
2
-6
15
15
24
38
29
32
23
13
2
0
18
10
22
39
41
27
27
21
14
6
7
10
4
-1
-14
-25
-33
-20
-1
1
-30
-26
-11
-18
-12
-15
-14
5
7
16
21
21
23
40
34
33
40
38
48
50
54
45
49
58
66
62
65
86
95
104
86
93
94
74
84
74
72
68
41
38
37
25
5
-3
-7
-11
-17
-4
-3
-8
-17
-42
-42
-59
-58
-42
-54
-50
-83
-98
-77
-90
-83
-79
-90
-74
-92
-99
-73
-66
-61
-48
-34
-42
-43
-45
-55
-50
-46
-29
-20
-15
-17
-7
6
12
3
-16
-24
-39
-48
-47
-45
-51
-56
-79
-88
-67
-69
-71
-85
-72
-62
-70
-87
-96
-86
-109
-127
-132
-133
-137
-137
-126
-120
-120
-121
-111
-98
-89
-88
-72
-45
-49
-46
-41
-39
-22
-7
5
-1
-5
7
19
35
30
22
30
14
26
32
35
48
48
36
33
40
64
72
71
78
69
76
61
47
64
50
56
73
47
49
57
25
31
28
19
17
-2
-19
-1
27
21
18
8
-8
-21
-31
-50
-34
-43
-68
-65
-95
-87
-97
-96
-110
-113
-108
-111
-115
-107
-109
-109
-129
-128
-123
-141
-140
-123
-119
-125
-126
-116
-104
-113
-104
-77
-81
-65
-45
-48
-49
-49
-41
-30
-25
-35
-46
-31
-39
-20
6
-22
-21
-27
-24
-24
-11
-3
1
-16
-15
-10
-4
-7
-6
8
-25
-14
-9
-14
-16
-10
-15
-5
-15
-18
-19
-21
-20
-39
-17
-27
-58
-56
-37
-49
-45
-45
-49
-47
-70
-69
-64
-76
-92
-92
-111
-122
-104
-109
-106
-94
-93
-100
-95
-100
-102
-90
-103
-103
-84
-82
-98
-73
-63
-62
-67
-67
-42
-51
-63
-50
-51
-48
-63
-67
-67
-75
-66
-54
-47
-60
-69
-66
-71
-84
-61
-56
-73
-63
-76
-71
-63
-59
-44
-40
-38
-35
-30
-33
-37
-28
-9
-16
-31
-19
-22
-43
-51
-43
-25
-35
-50
-52
-65
-60
-60
-70
-71
-76
-81
-78
-96
-87
-65
-95
-88
-81
-86
-88
-90
-83
-64
-89
-81
-49
-53
-44
-60
-48
-43
-71
-47
-58
-57
-70
-91
-80
-102
-103
-94
-110
-122
-112
-115
-121
-140
-145
-130
-146
-155
-142
-164
-168
-151
-150
-134
-144
-137
-122
-110
-122
-118
-106
-113
-108
-104
-103
-102
-99
-97
-72
-83
-72
-62
-57
-62
-64
-37
-41
-52
-46
-28
-27
-31
-34
-22
-28
-46
-45
-54
-66
-57
-37
-37
-39
-41
-38
-40
-25
-28
-29
-24
-22
-6
-13
-24
-16
-18
-26
-24
-17
-13
-15
-29
-23
-7
-9
-1
17
12
-4
22
33
26
20
8
26
33
25
41
58
39
59
61
57
64
48
55
41
36
24
26
36
22
30
28
23
16
5
-2
-4
-5
-21
-29
-34
-39
-44
-65
-75
-65
-71
-96
-87
-91
-98
-109
-140
-122
-150
-163
-147
-165
-158
-164
-162
-169
-201
-183
-180
-187
-168
-177
-170
-146
-134
-132
-109
-116
-124
-98
-88
-93
-80
-69
-72
-68
-71
-51
-33
-47
-45
-22
-29
-13
-5
4
14
25
39
41
42
28
43
54
47
56
82
84
84
98
102
110
97
94
106
92
64
85
84
73
58
56
52
33
24
17
-5
-25
-39
-47
-68
-80
-84
-104
-89
-95
-92
-102
-114
-104
-96
-81
-104
-88
-68
-68
-61
-56
-51
-58
-35
-21
-31
-25
-27
-16
3
-1
14
32
33
52
52
58
72
62
69
61
50
50
39
43
62
74
86
71
58
66
51
41
35
50
61
57
60
75
75
59
55
39
39
50
50
59
40
29
34
41
43
36
24
19
13
19
40
18
-4
-6
-14
3
-3
-16
3
-7
-20
-6
-13
5
6
4
5
-3
-3
-1
13
6
14
9
7
-8
-11
-26
-40
-34
-37
-17
-12
-15
-17
-10
-14
-17
-13
-44
-62
-54
-45
-45
-61
-55
-61
-68
-71
-84
-80
-83
-95
-86
-92
-85
-62
-69
-44
-51
-59
-49
-46
-34
-1
10
9
23
0
-8
3
-11
7
34
25
21
11
10
38
51
29
42
30
31
57
75
83
66
56
87
101
113
103
114
138
161
170
162
171
170
197
197
193
187
173
175
189
165
175
182
170
139
141
107
73
83
110
113
99
62
56
46
35
32
-35
-43
-4
-11
-25
-39
-76
-67
-62
-55
-63
-104
-91
-42
-51
-63
-91
-93
-91
-93
-68
-83
-86
-69
-71
-55
-35
-57
-44
-27
-23
14
10
8
48
40
52
59
43
58
91
105
90
91
94
84
66
89
88
86
90
82
62
48
27
48
60
20
43
43
46
54
30
27
50
40
69
33
17
-6
-21
-10
-21
-11
13
0
-6
18
-31
-3
-9
-24
-27
-43
-38
-33
-42
-26
-28
-18
12
7
-5
28
22
1
26
-13
30
40
31
53
20
11
34
20
10
9
-26
12
24
51
58
27
63
73
56
72
22
5
29
13
17
25
49
69
47
20
32
-14
28
60
18
14
-17
4
22
-5
9
-14
6
60
41
26
9
-19
-4
35
0
32
23
39
31
42
65
34
32
5
30
27
7
10
13
37
74
86
77
58
36
22
9
5
-1
-29
19
2
-8
44
10
-11
-28
-37
-7
-1
-7
28
45
35
39
6
18
0
-20
3
14
-27
31
24
29
31
3
-4
-6
12
-37
-22
-39
0
12
0
-39
-63
-77
-18
-15
-18
-4
1
20
36
4
-17
-13
-31
23
34
10
98
92
70
143
73
105
102
47
62
80
45
120
79
132
119
71
194
86
148
150
137
93
27
205
168
168
180
159
50
105
175
70
82
49
111
85
53
112
30
57
101
81
86
42
55
-3
46
-1
18
-38
20
-22
-36
42
-34
82
30
125
90
-33
-205
-45
-98
-77
-4
28
60
109
159
117
49
-3
51
-87
120
24
111
169
207
123
132
155
110
122
98
166
150
228
232
170
158
152
63
30
58
78
32
19
47
237
-17
232
77
115
84
-66
101
-89
-24
48
128
39
202
87
86
-3
-25
-69
-33
56
22
58
26
47
79
94
45
27
-14
16
11
52
8
28
-23
65
37
59
10
-15
-61
16
95
41
95
110
45
-13
167
15
22
34
130
-69
48
34
83
11
-90
96
-5
26
26
-56
-104
70
-78
80
13
-15
40
-23
-8
-21
-102
-15
-27
-41
-77
-116
-2
-22
43
85
-43
-65
-96
-63
41
-41
-128
136
6
87
57
4
18
35
54
99
153
-69
208
-45
153
179
224
148
316
87
199
157
-124
286
27
31
216
12
114
191
95
187
12
42
238
-15
-9
145
-36
205
135
114
87
138
80
-113
10
47
145
49
149
118
-73
1
1
96
-50
122
-25
80
-111
-86
56
-181
31
-44
15
122
-73
-26
55
-77
-8
12
0
26
-157
-140
-10
-269
6
87
-144
10
-74
-113
-17
-231
26
-157
-132
77
2
164
-82
48
-127
-192
18
-106
-97
104
-39
-14
72
-83
121
-7
-1
142
61
107
118
-76
47
-24
78
216
126
72
74
28
182
196
75
174
23
47
54
-35
38
49
12
172
55
138
121
37
161
-2
72
33
68
43
-13
93
183
193
108
61
-66
-120
-122
39
18
203
161
126
73
6
-156
-78
-43
52
94
27
181
55
-38
-6
-22
-149
14
38
144
49
-5
67
71
132
64
137
106
27
-13
125
-42
-40
-24
78
-29
48
93
57
-1
-96
-66
-200
-67
-29
60
-71
6
24
58
105
87
6
28
-19
59
58
-28
-23
65
147
8
56
-64
-23
-60
13
78
-30
6
63
101
-30
-59
-34
32
94
3
-21
73
19
175
189
173
-35
35
-24
78
52
96
156
50
144
3
-26
-118
-165
-38
16
15
-69
-71
85
27
-20
-4
20
-163
123
55
47
50
23
133
147
-42
-72
-94
16
264
95
81
-134
-213
-25
66
-12
88
34
185
121
5
98
-119
3
20
52
8
43
-35
74
-27
2
51
-14
1
-75
-157
-92
-9
15
97
-38
-21
-182
-65
-42
-85
-157
-115
-91
1
-4
-24
38
-182
-34
-106
-71
-56
-113
-122
113
-39
15
-91
-74
-76
66
-83
-33
-183
-149
-30
-147
-163
-167
-36
173
327
-76
43
-129
131
153
89
96
-32
62
124
43
-213
-146
-39
212
229
164
-37
-42
-85
-12
-67
-161
-55
-58
80
42
-143
-127
-87
-154
-3
-49
-157
-79
10
145
-76
-160
-67
53
3
103
23
-28
45
7
95
39
-87
51
42
99
191
25
13
150
118
252
74
-50
-37
-48
86
181
-121
-20
-4
-73
-102
23
-82
55
4
47
84
-72
-147
-61
-118
-7
45
-30
123
-57
-36
-195
-83
-193
-79
37
-16
-130
-123
-4
-117
-44
-234
-191
-79
99
52
-105
-242
-78
-99
-22
-62
9
-88
-73
199
72
52
-164
81
54
124
12
-14
-28
27
-54
-7
-77
-153
146
-59
107
-81
66
-83
35
-138
-72
142
-151
83
-161
0
-17
74
57
-126
-74
-93
38
-117
-101
71
146
204
-214
-139
-117
-34
-153
-144
55
24
149
165
154
-162
-175
-275
7
-106
-84
59
-76
152
84
318
47
-85
-66
-5
-54
7
-58
-70
33
-66
170
65
34
116
-34
-174
90
-18
-72
174
106
155
50
-101
-132
-121
62
131
198
210
111
202
-104
-38
-216
82
162
124
60
2
-45
-80
191
23
18
-179
-51
35
-5
-115
-41
-95
-11
135
-42
-185
-194
-138
159
58
-82
-98
-15
-104
-134
-171
-242
89
-15
47
3
-82
19
-122
48
-43
-209
69
59
62
-98
-99
66
-24
-116
-48
-47
132
151
-71
197
-22
-174
130
-126
150
-45
19
-124
82
-173
14
-267
-164
22
-193
76
-122
-95
-93
-210
-146
-98
-205
-93
-38
-12
-301
-156
-237
-25
-215
-54
-160
-223
-154
-225
-81
-351
-133
-313
-30
-37
4
-113
-126
-196
-150
-110
-40
-115
-32
-116
-44
-3
-192
78
-98
-39
-128
-128
-232
132
-118
158
14
-142
-43
-201
-271
-152
-69
-72
241
-211
-77
-154
-127
-31
-126
71
-9
-46
-119
-149
-252
-84
-26
36
-8
40
-122
-192
-45
-74
108
6
149
-34
89
-189
21
62
-157
196
-109
106
-47
-83
25
45
-196
84
-168
-176
-141
-137
-135
-227
-83
-16
14
-68
-2
-171
-29
-156
110
-237
-77
23
-43
58
88
-82
81
53
-82
-102
-252
31
136
89
-24
-55
-93
0
-6
-71
-248
-26
-94
156
111
-82
-35
-123
-195
-68
-102
-39
136
-129
98
4
-137
-24
-152
-2
-148
34
-92
80
-294
-87
-86
-164
-158
-127
-62
-121
-211
-290
-157
-180
-35
-124
-346
-275
-202
-95
61
-92
-134
-277
-21
-162
-250
-217
-238
-76
45
59
-18
-167
-115
-199
-47
-177
229
-45
51
42
-109
-145
-193
-24
32
24
-13
56
81
24
-48
-73
-97
143
-33
59
-27
101
100
-12
-81
-2
35
102
-78
-53
-96
78
100
105
19
-282
-83
52
-34
-150
129
-12
107
69
53
31
-127
-4
10
-52
142
-107
-113
-69
64
-38
-165
76
-25
-84
-165
41
-289
-135
-82
10
-125
-246
62
-264
34
-14
-1
-28
-123
-221
-14
-337
-128
-143
-278
67
-21
-124
32
-281
-176
-176
-447
-65
-214
-26
-19
-176
-84
-32
-78
-73
-301
-207
127
-126
-10
-14
-240
-36
-87
11
-49
-184
-122
-169
-165
-123
-89
-4
-113
-94
-3
-175
-174
-59
-164
86
-266
24
-24
-149
-95
-161
-185
7
-172
-64
-36
-208
-162
-109
-185
-195
-233
-138
12
-121
-99
-246
-333
-234
-207
-45
-143
-185
-143
-14
24
-170
-114
-252
-252
-54
-143
7
-159
-82
-80
38
36
112
-85
-136
-134
-220
154
-179
-28
80
82
10
50
-103
-89
-111
-61
69
121
-43
129
99
-214
-78
-158
63
-16
-9
-112
-165
21
-170
198
75
-165
-196
-170
94
-31
-142
-116
94
-46
194
-14
-111
-228
-133
-20
254
46
-5
-4
-113
35
27
-97
133
-46
77
70
-95
189
-18
-111
-61
68
-190
10
-27
109
-18
16
140
65
21
39
-63
-105
-95
9
-52
142
146
87
151
-57
187
-32
45
-62
-27
-73
229
5
69
-18
22
96
127
20
-146
-177
-83
112
-19
97
-57
-18
-33
-212
-148
-115
-46
89
113
32
-12
-136
4
-285
70
77
18
-2
-105
-233
-5
19
-88
-11
-224
23
41
-268
-50
-253
-69
109
-85
-102
-126
69
-125
37
-296
-40
-56
179
-93
-111
-212
33
95
69
3
-112
-3
9
180
-34
42
-321
142
60
90
27
17
25
190
45
-33
85
70
256
35
253
94
-32
147
426
-58
141
-130
300
189
165
298
107
120
173
299
34
129
-71
381
-15
450
-49
111
-55
-119
196
209
243
216
196
121
-42
-125
148
35
173
169
89
114
11
-5
91
-185
97
125
55
128
-25
-15
-31
6
33
162
-10
171
-55
-57
10
-33
103
122
-83
85
-192
99
57
-218
-6
-68
61
83
99
94
-48
-100
183
-56
-25
-12
106
267
241
-167
136
-210
-35
181
-47
261
35
150
157
-129
-47
55
-65
212
193
165
3
5
-54
-157
-166
68
-1
221
-162
67
68
-90
32
62
46
-30
22
-45
123
-265
124
25
-117
121
208
-49
108
-138
-9
-73
-156
9
-254
-30
11
14
-21
-105
-173
-115
46
-31
-58
180
-55
113
50
6
-95
127
69
98
-117
51
68
-107
373
-79
-67
168
-36
370
-61
88
138
181
-29
315
-90
131
38
97
280
180
283
73
138
-2
105
-31
307
152
473
67
357
-89
202
-224
194
-82
207
210
298
323
-33
157
-108
68
-125
410
-47
268
85
155
-62
182
71
51
3
146
41
160
130
288
-32
54
-23
-12
328
-27
147
-168
175
48
301
24
89
-62
130
89
194
186
-220
221
-67
181
-36
107
94
174
95
178
-199
104
131
-48
201
133
240
247
268
-8
46
-287
141
-12
101
3
42
229
371
44
-22
170
59
111
86
76
67
-227
397
262
312
190
77
-27
-124
159
215
45
146
218
86
225
-34
107
-210
189
57
333
85
209
41
175
74
155
167
18
149
-18
265
-235
107
20
288
-46
361
-61
118
6
152
-147
62
-47
297
270
97
132
-178
414
50
296
5
75
-33
210
421
257
245
34
214
195
52
140
-57
84
61
281
302
240
-23
-178
30
244
214
-79
290
60
156
233
14
301
-103
170
303
-87
-51
228
46
331
-123
-25
408
-36
289
-46
46
-107
201
-212
390
-29
54
252
139
159
-175
-125
22
-6
58
319
-17
179
-329
183
-18
36
-62
-43
51
211
-177
-20
-35
-161
64
170
-98
125
-65
132
299
-82
-140
246
-90
316
-13
-182
146
-38
104
76
45
284
177
34
-190
-21
-159
221
124
-60
-85
-51
307
-351
393
-154
240
12
91
17
27
-60
-169
-135
86
635
219
200
-120
-65
81
332
26
118
-281
382
272
450
113
-31
-243
249
158
221
331
-6
53
127
436
-132
90
98
481
-64
601
-123
106
-88
331
-188
138
134
174
408
129
86
-134
98
88
168
-209
258
-151
96
126
-74
58
115
70
-35
59
-88
-89
99
228
103
235
108
112
24
-111
-190
-223
341
177
160
298
301
180
160
-137
-94
-197
9
214
-12
241
172
9
136
-103
-411
139
76
327
69
353
-98
132
-156
-32
-218
104
457
325
156
291
-237
-276
-179
370
171
255
244
295
-79
-45
277
69
284
55
313
-169
271
-64
673
54
125
228
-121
155
81
-193
148
350
260
274
-313
-134
-319
-64
231
78
-15
209
-120
23
14
-269
277
-333
383
-162
-204
-81
305
122
400
-36
-190
-151
-592
-103
-14
-120
338
-106
76
-242
-299
-135
-98
248
-132
-32
269
-473
88
-243
187
66
63
90
-10
48
-68
171
-210
435
-121
414
-87
-146
-400
98
191
232
-60
-189
457
-99
262
-31
-104
43
123
129
1
-3
147
245
229
32
-157
25
-64
424
-162
21
-100
233
-242
-253
-126
101
425
227
371
-154
-71
-107
11
95
74
-84
284
355
94
57
-398
-65
-84
284
-95
123
5
244
-125
258
-94
-229
24
-100
142
-239
346
-17
2
-43
50
-147
272
-114
239
-79
-38
31
-4
-189
307
-92
116
374
-119
204
-75
-139
-147
75
-216
210
-310
16
245
-155
86
-125
-200
-290
102
88
-94
-77
-270
158
-394
198
64
24
-412
-169
-277
-142
195
-23
226
-276
-138
-198
-64
-274
-381
-57
-189
340
-19
134
-60
-267
-173
-155
-87
-316
203
-56
248
11
-110
-75
18
-124
13
-39
-78
400
118
200
182
-186
11
-69
-242
42
264
179
-51
144
-225
116
-143
105
-102
227
170
-50
-57
-203
117
143
115
-405
65
98
186
-88
-53
-197
-66
45
383
-289
-118
-39
-93
-110
-508
-359
-91
20
159
229
-245
283
-281
-94
-133
-170
-368
-124
195
119
81
-320
149
-177
32
-148
-183
-185
70
21
-242
-208
-228
134
39
-872
-1037
-840
-670
-28
416
434
307
161
413
258
-165
-180
-357
57
569
759
553
2
-35
-33
458
304
88
-10
64
121
11
-44
-244
177
107
287
53
34
-52
-242
-28
-150
-121
-111
91
99
337
-28
-15
-134
-69
-12
-14
-3
-77
-125
-27
-264
-326
-103
-284
-190
-319
-392
-405
-144
-210
-9
-220
-113
-409
-418
-234
-297
-248
-140
-42
36
-134
-126
-245
-390
-128
-19
-7
-78
-181
-240
-172
-213
-34
-229
-249
-8
-63
86
-95
-98
6
42
74
86
-81
-47
50
40
263
63
190
268
264
162
41
111
91
140
108
135
-128
22
128
117
261
178
277
241
286
246
174
124
125
119
131
230
65
168
82
52
85
53
-5
-87
-160
-271
-244
-330
-332
-430
-434
-441
-450
-460
-483
-556
-538
-553
-524
-417
-394
-397
-460
-438
-418
-374
-410
-319
-238
-274
-375
-313
-319
-344
-215
-120
-31
-98
84
167
249
234
220
271
296
310
311
305
275
298
283
373
472
491
622
689
768
806
872
932
984
968
919
807
673
753
684
734
693
640
748
752
660
548
467
299
211
50
-49
-112
-161
-112
-183
-137
-166
-265
-401
-638
-853
-1071
-1338
-1553
-1711
-1893
-1910
-1929
-1915
-1854
-1834
-1644
-1489
-1261
-1160
-1044
-971
-985
-888
-913
-926
-939
-938
-915
-787
-721
-564
-446
-428
-227
-226
-149
29
62
239
484
723
1029
1322
1641
1967
2209
2576
2918
3119
3344
3563
3755
4054
4155
4351
4477
4538
4511
4400
4223
3957
3543
2718
1865
639
-1225
-3107
-4801
-6052
-6548
-7149
-7187
-6478
-5773
-4394
-3155
-1944
-259
935
1908
2595
2656
2857
2840
2490
2233
1672
1385
1230
674
233
43
-171
-478
-1599
-2964
-4137
-5512
-6611
-7458
-8016
-7877
-7360
-6464
-5193
-3722
-2036
-323
989
2069
2780
3070
3171
2884
2505
2146
1674
1250
784
386
155
-4
-255
-297
-288
-297
-242
-25
484
1188
2116
3019
3968
4960
6077
7262
8427
9528
10714
11098
11215
11056
8978
5063
309
-3893
-6798
-9532
-12021
-13218
-13036
-11871
-10388
-8586
-5966
-2821
-157
1829
3211
3928
4541
5021
4943
4623
4219
4098
4154
3417
2736
2992
3238
2744
1373
-259
-1574
-3658
-6342
-8360
-9677
-10598
-11301
-11453
-10183
-7878
-5278
-2433
224
2683
4813
6292
7112
7360
7109
6613
5630
3983
2513
1059
-327
-1154
-2444
-3531
-4119
-5485
-6709
-7494
-7929
-7418
-6831
-5850
-4005
-2240
-131
1985
3226
4557
5231
5170
4894
4003
3370
3015
2497
2430
2889
3680
4806
5680
6471
7343
8017
8425
8514
8705
8044
6675
5323
2951
587
-3576
-8162
-10049
-11901
-12127
-11182
-10888
-7542
-4663
-2736
690
1999
4142
6315
5668
6181
5302
3784
4216
2793
1879
1843
964
1250
312
-1151
-920
-1354
-2382
-3731
-5378
-6305
-7563
-8962
-9176
-8505
-7419
-6265
-4559
-2338
128
2567
4331
5887
6655
6504
6399
5310
4087
3348
2260
1676
871
-472
-906
-1690
-2711
-3330
-4517
-5694
-6448
-7405
-7677
-6998
-6149
-4643
-2928
-1117
1137
2500
3550
4509
4069
3519
2642
1325
617
101
183
861
1519
2882
4470
5391
6256
7046
7010
6884
6796
6355
6146
5981
5669
5954
5681
4805
2784
-2701
-6653
-8799
-11651
-12126
-13203
-13065
-9610
-8251
-5238
-1798
118
4796
7083
7518
9246
8024
7665
7455
4637
3863
2300
600
-42
-2509
-3596
-3105
-3679
-4197
-5161
-6002
-6224
-7444
-8162
-7402
-6077
-4706
-3065
-700
1978
4994
7429
8979
10306
10017
9054
7773
5384
3265
952
-1379
-2829
-4602
-5772
-5515
-5303
-4563
-4603
-6045
-6043
-6400
-6555
-5245
-4992
-3539
-1712
-587
1547
2157
2747
3629
2591
1651
267
-1591
-2271
-3150
-3179
-2304
-1458
402
1873
3067
4704
5409
5617
5546
4592
3696
2934
2571
3338
4244
5324
6877
8654
9996
10088
5526
-1859
-6390
-11032
-14304
-15480
-17476
-14437
-10109
-7250
-1035
3052
8012
14156
14271
14953
14383
10470
9344
5494
1615
623
-2298
-2982
-3335
-5040
-3304
-2192
-2766
-2948
-4570
-5707
-6752
-8808
-8990
-7473
-5857
-3651
-661
2778
6740
9976
11233
11620
10573
7568
4581
720
-3001
-5248
-8223
-9693
-9434
-9429
-7121
-4500
-3024
-1142
-1745
-2466
-2836
-4828
-4591
-4616
-4849
-3092
-2486
-1297
-30
57
880
458
-488
-669
-1688
-1656
-981
-512
958
2507
3887
5081
5676
5798
5698
4598
3386
2441
1338
1254
1799
3327
5695
7729
10219
12398
14389
15392
13073
5085
-4376
-9867
-15167
-17930
-18179
-18206
-12534
-6930
-2164
5036
8658
13491
17257
14200
12872
9334
4353
2969
-1378
-3591
-3528
-5015
-3798
-3831
-4535
-2430
-2809
-4680
-6140
-8431
-9239
-9769
-10000
-7438
-3810
-483
3306
7080
9902
11898
11778
9391
6517
2126
-2830
-6069
-8960
-10104
-9554
-8655
-5870
-2813
-241
2745
4700
5050
3894
990
-2353
-4343
-5682
-6392
-5677
-4678
-3145
-1355
-492
216
120
-264
-379
-1642
-1891
-989
-273
1030
2518
4359
5976
6248
6343
5769
3779
2279
663
-1732
-2333
-2124
-1281
1280
3319
6644
9805
11290
13713
14600
14531
12907
7075
-3245
-12664
-16952
-20639
-20567
-17770
-14484
-6068
254
5281
11705
12528
14526
14699
8752
7061
3042
-1030
-643
-3449
-2829
-837
-1677
5
-823
-2874
-2558
-5279
-7762
-8363
-9310
-8080
-6315
-4189
282
4148
6614
8676
9315
8251
6178
2788
-1253
-4346
-7342
-9113
-8362
-6881
-3921
-437
731
3416
5746
5083
5532
2842
-754
-2669
-6482
-7213
-7528
-8343
-5472
-4506
-3829
-1956
-2754
-2443
-2642
-3454
-2251
-2142
-997
1129
2227
4405
6010
6805
7500
6533
5036
3294
1072
-794
-2135
-3019
-3158
-2412
-803
2047
5131
8112
11454
13513
14502
14996
14434
12345
8647
1148
-9902
-15399
-17967
-19259
-15349
-12841
-6777
1312
4084
8943
10595
9041
11051
6763
2999
2517
-1630
-776
-319
-1386
1742
1655
1288
1273
-2423
-3904
-5226
-8208
-8749
-8497
-7442
-4958
-2870
-36
3775
5873
6113
5974
4376
1526
-692
-3446
-5557
-5980
-6876
-5795
-2989
-777
2737
4663
5235
7066
5973
3537
1244
-2537
-4361
-5932
-7527
-6967
-7086
-6172
-4427
-4290
-3854
-3397
-3590
-3577
-3308
-2187
-179
1676
3559
5216
6065
6342
6099
4983
3120
1174
-807
-2444
-3753
-4485
-4146
-3592
-2319
669
3745
6999
10450
12853
14652
15540
15139
14384
12962
9268
2805
-8270
-15458
-17313
-19448
-16139
-12784
-8503
-341
2962
6117
9008
7588
9324
7695
3719
4270
1877
1898
3709
2706
4402
4416
2296
905
-3257
-6310
-7786
-10550
-11396
-10355
-8477
-5541
-2777
170
3363
5144
4872
3903
2282
-436
-2406
-4311
-5635
-5349
-5692
-4020
-867
1337
4692
6285
6764
7888
5810
2490
-290
-4026
-5916
-7210
-8845
-8521
-8445
-7802
-6469
-6431
-5759
-4752
-4010
-2345
-581
2093
5201
6919
8398
8706
7731
6593
4463
2507
971
-760
-1323
-1848
-2061
-1708
-1726
-649
936
3122
6198
8966
11725
13974
14720
14896
14646
13510
10222
4922
-5631
-14850
-17309
-20175
-17112
-12444
-9074
-138
3648
5528
9544
7479
8804
8669
3647
4163
1579
494
3329
1730
2994
3082
-626
-2220
-6643
-10213
-10399
-11989
-11853
-9640
-7038
-2909
898
3776
6679
7634
5525
2992
297
-2967
-4784
-6573
-7718
-6414
-6371
-5314
-967
785
4281
7199
6698
8082
5393
2445
1065
-3245
-4164
-5475
-8162
-7371
-8741
-8709
-7600
-8198
-5912
-4571
-2748
710
2278
4828
7238
7718
7711
6523
4962
3270
1257
475
352
463
659
965
1389
1059
1283
2021
2761
4477
6785
9036
11691
13925
14525
14119
13208
10426
5554
-5022
-15850
-19080
-21745
-18855
-12993
-8861
748
6046
7125
10108
7793
7975
8548
3911
3879
1982
802
3841
2925
3436
3226
-1076
-4364
-9967
-14214
-13744
-13160
-11521
-8255
-4305
-40
3394
6115
8479
8837
5937
1920
-1717
-5188
-6375
-6354
-6169
-4497
-4443
-3939
-1436
-75
2420
4273
4335
5654
4913
3176
2900
905
-454
-1713
-4841
-6356
-8503
-10042
-9248
-9547
-8027
-5233
-3103
167
2943
5412
7523
7307
6313
4907
3140
2289
1476
1470
2224
2719
3481
3657
3404
3410
2887
3018
4153
5503
7202
8904
10764
12154
11829
11443
9623
5613
-1475
-12947
-17847
-19706
-19060
-12424
-8254
-218
7179
6943
8556
6396
3916
6075
3236
3982
4698
2639
6004
5574
4075
4418
-477
-5057
-11160
-17543
-17096
-14924
-11508
-6011
-1137
3359
5232
4992
5595
5254
2744
-329
-2986
-4843
-5475
-4473
-2210
-742
-163
-1787
-2791
-2741
-3128
-1335
431
2741
4759
4602
5307
4948
3373
2643
-682
-3856
-6409
-9144
-9039
-8512
-6932
-4197
-2140
36
1192
2045
3005
2761
2178
1976
1692
1710
2666
3822
5539
6556
6329
6165
5205
4981
5120
5137
6534
7594
8111
8387
8591
9194
8678
7248
4123
-2365
-11644
-17924
-18798
-16728
-10286
-4469
1059
7561
7782
6175
4636
1079
1655
1630
2509
5844
5599
8200
9714
6600
4250
-1444
-8021
-13431
-19804
-20195
-15940
-10815
-4392
825
5282
7301
5445
3575
2191
56
-1902
-2403
-1861
-897
943
1814
1778
819
-1713
-4282
-6261
-6602
-5973
-3607
997
3462
4703
5139
3213
941
-1862
-4051
-5544
-6570
-5092
-3761
-2668
-825
-518
-367
-915
-2279
-2597
-2457
-969
776
2291
4094
4345
4153
4221
3880
3533
2989
2591
3050
4370
6807
9782
12185
13969
13625
11275
9824
7645
4855
2899
-1787
-10788
-17763
-19580
-18267
-11773
-5202
148
6232
6838
4357
1686
-939
1718
3443
5413
10730
10622
11230
12159
8241
5751
726
-6231
-11086
-16984
-17937
-14597
-10778
-5585
-2890
-1634
-1036
-3332
-4361
-2672
-969
889
2954
4661
5691
5635
4441
1351
-2194
-5528
-9315
-9053
-6739
-4208
656
3984
5891
5456
2054
-418
-4858
-8349
-8171
-8935
-6556
-2940
-249
3882
4782
3848
2031
-1585
-2962
-3509
-2363
1369
3590
5253
5681
4629
3447
1616
943
1049
1008
2502
4705
6661
9347
10747
11280
12172
10828
10408
10693
8847
7540
3116
-6948
-14277
-17735
-18224
-12905
-9247
-5118
145
106
-169
-1791
-3377
1632
4847
8041
13941
13746
14306
13965
8287
4949
93
-5421
-8345
-12722
-12657
-9306
-7805
-5411
-5264
-7320
-9105
-12252
-13238
-9805
-5510
-1007
4153
7572
9417
9728
7262
4190
715
-2780
-4918
-5918
-4092
-1206
802
2620
2263
348
-1554
-3475
-5178
-6127
-5380
-5055
-4924
-3345
-2237
-1412
-508
-5
125
15
514
1456
3117
5412
6564
6715
5897
3973
2273
905
992
1886
2659
4517
4844
4695
5218
4621
5099
5756
5804
7223
7628
6912
5672
-2095
-9506
-10788
-11519
-7092
-2757
-2515
556
-1353
-6190
-7792
-11065
-7210
182
4434
12627
15613
15249
16709
11260
6340
3466
-1607
-3142
-5265
-6247
-2559
-2399
-3547
-4870
-9924
-13908
-16969
-18114
-13268
-7417
-1551
4458
6895
7524
6135
2730
823
19
3
1636
3886
5511
5593
4427
2343
-935
-4290
-6645
-7681
-7304
-5567
-3820
-3706
-4257
-5218
-6415
-6560
-5509
-3255
-718
1271
2660
3352
3762
3977
3910
3956
4124
4282
5035
5678
5783
6344
5894
4686
4408
3189
3110
3918
4702
6767
6443
6206
5330
1241
-4468
-12956
-16237
-12417
-7722
-518
3669
5131
5510
-1349
-7661
-11319
-12188
-4900
2204
8465
13816
13041
12475
9132
2150
-48
-447
447
2245
2307
5235
6851
3304
-822
-6467
-12175
-16024
-18361
-15357
-10116
-5460
-683
561
218
-720
-2718
-2380
-675
2548
6964
9647
10318
7938
4519
1423
-2350
-4065
-3523
-2274
-856
-168
-350
-2375
-5903
-9320
-12214
-13081
-11592
-8308
-3989
-127
2418
3296
3033
2493
2214
3162
5280
7425
9281
10669
10406
9080
7598
5237
4140
4514
4755
6614
7315
7004
7094
3936
-1858
-10882
-17985
-16377
-11682
-5964
-384
1794
3086
-722
-8585
-13103
-13745
-7540
2504
10143
15099
15054
11448
7067
1390
-1383
600
3518
5787
6647
6775
6486
2983
-2573
-6989
-10378
-12630
-12689
-9674
-4799
-889
955
-391
-4012
-7545
-10080
-9539
-5909
-624
5081
8566
9686
8120
5174
3730
2194
1204
1965
2904
3778
3097
1052
-1274
-4413
-7221
-9225
-10000
-8844
-7000
-5685
-5171
-5105
-5174
-4879
-3729
-1889
934
4033
6506
8724
10431
11139
11859
11577
10678
10497
10105
9881
9679
7516
5750
2885
-3475
-9928
-15013
-14852
-9902
-6496
-4165
-3069
-4333
-6214
-10085
-12749
-11282
-7195
129
7615
11117
11734
9323
5090
1442
-702
1147
5892
8839
10039
9926
7715
4097
-950
-4681
-6022
-7374
-7644
-7074
-6644
-7108
-8585
-9548
-10187
-9192
-7195
-4713
-917
2050
4476
5995
5416
4381
3010
2718
3463
3991
5181
5837
4649
2351
147
-910
-1127
-575
-295
-621
-1961
-4214
-6203
-7787
-7810
-6972
-6202
-4752
-3522
-2242
-1088
-15
1852
3958
6868
9685
11214
12337
13749
14143
14379
12712
10637
7304
1690
-2926
-6682
-6989
-4838
-4600
-5493
-7624
-10961
-12932
-15261
-15539
-12411
-7764
-1941
2415
3440
3525
1594
-146
592
2870
7576
11578
12672
11953
9023
5316
2545
92
-524
-141
82
95
-1388
-4059
-7230
-10625
-12739
-12552
-11069
-9100
-7259
-5754
-4280
-3450
-3033
-2380
-1081
1791
4520
6628
8385
9066
8885
7689
5906
4577
3531
2872
2631
1981
1307
81
-1603
-3285
-4692
-5020
-5413
-4976
-3223
-2237
-906
-673
-857
-765
-180
1704
3717
6187
8314
9770
10453
11211
10356
9640
6821
3445
2251
422
1340
1669
487
-1158
-5708
-9682
-12474
-15407
-14988
-13375
-10786
-6075
-4039
-3046
-2742
-5084
-4693
-3289
-397
4338
6654
8556
8975
6844
5762
5211
4636
5387
4902
4466
4006
1018
-1560
-5067
-8055
-8150
-7990
-6535
-5426
-6128
-6689
-7723
-8241
-7112
-5909
-3480
-974
546
2329
2914
3248
3761
3926
4956
5944
7039
7648
7226
6517
4970
3429
1898
1064
433
-325
-384
-637
-870
-1158
-1747
-2337
-2250
-1960
-763
346
1621
2849
3157
4521
5493
6348
6690
6914
6218
3903
2921
975
1224
2555
2804
2454
98
-2615
-4619
-6930
-8092
-8155
-7950
-6130
-5802
-6969
-7905
-10120
-10456
-9197
-6610
-2198
885
2847
3881
4105
4712
5696
6519
8173
8510
7808
7067
4920
2394
-345
-2847
-3890
-4451
-4834
-4126
-4554
-5571
-6985
-8917
-9183
-8125
-5844
-2752
-508
1357
2253
2395
2797
2408
2245
2672
3180
4067
4461
4732
4870
3937
3248
2828
2547
2550
2140
1708
1186
767
492
-112
-983
-1406
-1607
-781
756
1983
4004
4667
5510
5635
5341
5345
5159
4358
1730
-167
-1862
-437
1270
1961
558
-2523
-5096
-6831
-7789
-7356
-5995
-3907
-1605
-1212
-2679
-4758
-7298
-7759
-7012
-4383
-892
636
585
-1150
-2677
-2779
-1851
-24
2720
4904
6539
7350
6886
5585
3634
1733
267
-377
-533
-500
-1225
-2823
-5149
-7193
-7431
-6504
-5255
-3860
-3150
-2417
-1289
-393
192
-10
-130
418
1624
3520
5458
6629
6656
5617
4182
2746
1622
844
-126
-191
426
1176
1963
1702
1316
877
177
759
1699
2511
3418
3195
3053
3617
3601
5402
6013
6266
4332
994
-1005
-339
2277
3858
2806
-248
-3456
-6583
-8648
-10034
-9515
-6756
-3594
-1496
-1918
-4580
-7593
-9520
-9001
-6010
-1845
1107
1897
220
-1125
-931
366
2391
3984
5236
5389
4703
3669
2823
1698
688
260
856
2029
1441
843
-630
-1834
-2409
-3061
-2758
-2826
-2874
-2909
-3464
-2892
-1746
-737
70
-542
-875
-391
492
1978
2542
3039
3078
2121
1566
907
977
1460
1825
2731
3146
2997
2324
1221
269
-221
282
1365
2460
3034
3152
2807
3268
4501
5222
7054
6678
5548
3220
-1225
-3504
-3300
178
3320
3199
1041
-1464
-4114
-5742
-7330
-7616
-5628
-3877
-2326
-2768
-5698
-8312
-10068
-9205
-6238
-3157
-716
-635
-2748
-3776
-3048
-768
1983
3681
5316
5651
4926
4639
4508
4549
4014
3337
3793
2960
1764
386
-1551
-2120
-2392
-2191
-1415
-1666
-2031
-2971
-3526
-2428
-1272
120
89
-1402
-1809
-1429
178
1490
2154
3155
3050
2717
2598
2199
2242
1913
1516
1580
1441
1104
270
-694
-672
177
1118
2408
2937
3022
2519
2503
3642
4871
6000
6288
7225
6813
6740
3182
-847
-2809
-1552
1769
2947
842
-2058
-4466
-6153
-7245
-8035
-6867
-4787
-3503
-2930
-4414
-6565
-8191
-8531
-6571
-4108
-1930
-1411
-2902
-4742
-4693
-2646
363
2450
3378
3706
2856
2199
2453
3649
4604
4008
3564
3013
2038
1220
173
-101
60
668
1314
1037
31
-1851
-3610
-3908
-2625
-961
-64
-580
-1487
-1659
-780
155
285
436
729
936
1048
1347
1630
1618
1589
1753
1876
2120
1649
1059
702
1038
1771
2420
2981
2494
1663
1263
2075
3896
5294
6259
6050
6317
5893
5710
3899
300
-1269
431
4080
4922
1978
-1816
-4177
-5347
-5759
-6106
-5670
-4818
-4867
-5000
-6197
-8172
-9000
-8791
-6897
-4783
-3102
-2362
-3767
-5915
-5497
-2747
699
2705
3380
3528
2819
1614
2067
3301
4151
4360
3454
3776
2426
846
310
266
1006
1631
1126
425
-1018
-2001
-1928
-1434
479
1572
1346
216
-1770
-2213
-1544
-780
97
470
1111
970
209
-45
40
157
531
917
1342
1225
307
-124
157
1263
2370
2869
2865
2833
2854
3460
4509
5572
6563
7060
6720
5904
5110
4197
4346
2586
188
-596
774
2869
2042
-907
-2991
-4118
-4012
-3937
-4941
-5080
-5077
-4886
-4363
-5637
-7562
-8600
-8481
-6672
-5136
-4096
-4053
-5896
-6847
-5246
-2176
516
1293
1266
1293
736
783
1681
2825
3453
3200
3255
3043
2407
2233
1523
1341
1462
1012
1098
887
550
-26
-420
-65
237
237
-300
-1563
-2075
-1202
15
599
333
32
-511
-989
-847
21
680
1107
841
338
458
443
601
782
1125
1883
2361
2787
3001
3114
3693
4209
5063
6095
6465
6381
5946
5927
6782
7038
6589
3455
-142
-296
1732
3452
2265
-627
-2646
-3816
-4320
-5104
-5943
-5463
-4640
-3978
-3989
-5671
-7563
-7968
-6891
-5101
-3859
-3528
-4462
-6472
-6907
-4870
-2394
-1051
-1157
-1443
-1439
-1726
-1132
485
1638
2690
2007
1934
2616
1819
1378
690
987
2463
3291
3695
2660
869
266
-15
374
1163
689
112
-705
-1208
-701
-756
-860
-1222
-1380
-759
-389
-62
98
-64
233
564
1210
2067
2178
2385
2332
2464
3116
3379
3668
4055
4269
4540
5133
5531
5816
6091
5915
6371
6067
5262
3197
601
916
3493
5208
4573
1494
-952
-2013
-2999
-4491
-5812
-5959
-4804
-4273
-4849
-6557
-8778
-9373
-8436
-6598
-4987
-4893
-6154
-7802
-8219
-6073
-3121
-1506
-1323
-1930
-2438
-2636
-2894
-1828
-288
533
828
854
1913
1962
807
398
968
2807
4295
4028
2856
1469
1202
1911
2640
3048
2407
936
241
335
836
1113
719
194
-56
104
347
56
-254
-544
-447
41
553
1115
1366
1602
2297
3173
4163
4941
5175
4931
5133
5475
5858
5863
5775
6017
6537
6242
4571
2415
1203
2618
3660
3258
847
-1252
-1967
-1783
-2058
-2560
-3132
-3146
-3369
-4466
-6053
-7331
-8006
-7518
-6567
-5487
-5043
-5993
-7632
-8495
-7488
-5357
-3629
-3051
-3070
-3361
-3443
-3392
-3046
-2408
-1937
-1362
-427
612
992
212
-369
171
1446
2846
3130
2609
2203
1867
2016
2346
2782
2810
2295
1517
1334
1675
1780
1884
1606
1158
918
523
235
549
819
1685
2027
2313
2674
1987
1776
1667
1866
3330
4101
4284
4419
4364
5196
6227
6549
6501
4769
4138
3653
2886
3678
3587
3360
2291
444
-559
-1540
-2201
-2027
-2338
-2559
-3356
-4910
-5786
-6722
-7795
-7366
-6794
-5986
-6032
-6825
-6884
-7080
-6596
-5205
-4023
-3349
-3528
-3952
-3377
-3026
-2559
-1511
-814
58
-40
-484
-562
-847
-109
632
864
1123
514
155
-6
-240
538
1534
2498
3146
2736
2411
2026
1675
1998
2416
2711
2848
2663
2394
2183
1986
2088
1970
2458
2755
2423
2242
2209
2615
3084
3545
4184
4806
4993
5521
4751
4082
3514
4304
4919
4246
3831
3439
3638
2753
900
-255
-369
-148
-132
-1107
-2114
-3487
-4921
-5586
-5789
-5879
-5437
-5616
-6071
-7112
-7637
-7054
-6652
-6276
-5358
-4419
-3932
-4098
-4387
-4064
-3409
-2826
-2244
-1721
-1101
-776
-556
115
333
360
490
641
647
311
352
758
1270
1994
2138
1741
1322
1048
907
1062
1055
1022
826
826
1304
1624
2002
1873
1585
2021
2693
3449
4042
3369
2984
2971
3143
3804
4195
4534
4606
4453
4500
3897
3135
2218
2244
3295
2779
2605
1799
1897
1966
1028
214
207
325
602
-259
-1364
-1944
-2551
-2802
-3162
-4017
-4084
-4537
-5390
-6404
-7272
-6713
-6182
-5958
-5535
-5136
-5050
-5583
-6216
-5325
-3672
-2422
-1675
-1484
-1099
-847
-722
124
724
1468
1785
1354
1396
1315
1305
1617
1937
2472
2562
1725
967
439
642
1296
1674
1922
1803
1505
1460
1554
2193
2636
2408
2503
2362
2481
2689
2188
2286
2146
2646
3544
3729
3955
3623
3643
3668
4060
4200
3497
2147
2246
2715
2591
2515
1572
1418
735
-464
-1427
-1974
-1513
-1015
-1846
-2571
-3454
-3983
-3930
-4080
-4149
-3797
-3843
-3946
-4827
-5531
-5289
-5443
-5438
-5371
-5048
-4526
-4993
-5225
-4800
-4024
-3243
-3150
-2807
-2123
-1839
-1532
-1043
-339
619
1023
1437
1929
2191
2634
2715
2961
3294
3217
2989
2622
2748
3070
3120
3079
2809
2583
2480
2436
2398
2280
2260
1892
1636
1400
1710
1978
2296
2219
2215
2436
2677
3094
3209
3392
3749
3787
4315
4098
3186
1818
1634
2038
1598
1298
738
1060
581
-674
-1954
-2500
-2078
-1657
-2142
-2757
-3355
-3861
-4239
-4788
-5140
-4752
-4374
-4476
-5274
-5808
-5447
-5396
-5144
-4705
-3887
-3312
-3881
-4220
-3889
-3217
-2700
-2602
-2415
-1998
-2143
-2168
-1709
-1066
-292
-4
396
1113
1217
1475
1652
2049
2922
3221
3423
3610
3889
4333
4210
4033
4107
4027
4101
3994
3793
3553
3341
3079
2862
3003
3433
3536
3222
2931
2606
2582
2770
2772
3000
3338
3349
3155
2508
2264
1802
1102
963
1770
1518
1373
566
295
129
-818
-1674
-2114
-2024
-1661
-2362
-3392
-4266
-5098
-5507
-5456
-5286
-5042
-5055
-5354
-5812
-6364
-5901
-5251
-4659
-4375
-4194
-3837
-3841
-4090
-3914
-3475
-3233
-3028
-2930
-2596
-2418
-2402
-1667
-653
123
293
-278
-320
-238
-34
603
1215
1754
2025
2013
2095
2266
2644
3233
3620
4019
4386
4676
4787
4614
4671
4729
5084
5249
4853
4609
4368
4192
3897
3708
3751
3602
3420
3261
3501
3283
3424
3442
3247
3552
2693
1640
932
1351
988
570
-7
139
12
-1095
-2478
-3354
-3225
-2589
-2619
-3066
-3900
-4528
-5021
-5355
-5786
-5887
-5633
-5460
-5526
-5959
-5662
-5440
-5207
-5182
-4414
-3448
-2968
-3061
-3147
-2721
-2158
-1514
-934
-649
-855
-1318
-1296
-951
-615
-614
-939
-1057
-900
-534
-56
251
196
468
797
1196
1602
1862
2168
2253
2278
2647
3139
3438
3644
3686
3924
4306
4374
4054
3843
3973
4232
4594
4878
5107
5055
4692
4267
4127
4073
3937
3858
3528
3647
3316
2525
1637
1603
1660
1252
957
672
892
346
-815
-1925
-2516
-2304
-2176
-2628
-3240
-3884
-4828
-5728
-6246
-6282
-5714
-5681
-5850
-6229
-6302
-5908
-5771
-5678
-5087
-4118
-3393
-3284
-3403
-3054
-2812
-2417
-1874
-1303
-692
-722
-1004
-830
-506
142
376
308
375
256
201
198
179
656
944
801
410
-21
21
178
350
802
1334
1603
1599
1506
1752
2287
2803
3192
3415
3686
3776
3681
3488
3662
3968
4208
4406
4326
4260
3992
3923
4022
4144
4432
4182
3556
2930
2911
2638
2155
1990
1858
1834
907
-182
-943
-1332
-1266
-1421
-1808
-1939
-2302
-3202
-4261
-5186
-5442
-5105
-5061
-5003
-5406
-5688
-5893
-6639
-6571
-5845
-4575
-3825
-4005
-4007
-3517
-3033
-2475
-1949
-1177
-376
-417
-622
-619
-410
213
281
474
630
421
178
-217
-176
410
946
1289
1265
894
664
482
538
933
1317
1568
1409
1038
876
885
1122
1112
1019
1154
1369
1769
1986
2156
2326
2427
2590
2914
3288
3815
3943
3995
4143
4194
4226
3720
3033
2905
2897
2631
2549
2509
2970
2671
1710
726
-38
-258
-214
-665
-742
-1068
-1584
-2417
-3640
-4369
-4398
-4272
-4137
-4554
-4849
-5059
-5556
-5633
-5243
-4380
-3714
-3721
-3959
-3779
-3405
-2833
-2387
-1802
-1061
-801
-818
-935
-904
-508
-17
508
859
871
696
333
111
415
908
1161
1078
690
538
278
263
480
630
825
720
650
541
592
705
943
1024
1232
1294
1225
1163
1005
979
1282
1444
1692
1794
1920
2165
2204
2650
3089
3473
3420
3183
3044
3406
3263
3183
3193
3481
3671
2931
1596
314
-180
177
542
325
-352
-1233
-1979
-2494
-2846
-2702
-2253
-2163
-2739
-3734
-4473
-4640
-4677
-4506
-4116
-3762
-3590
-3898
-4141
-3900
-3491
-2910
-2239
-1583
-1151
-1241
-1511
-1438
-1023
-156
586
889
786
414
318
246
331
759
1255
1380
1077
617
431
483
578
881
1106
1044
865
480
329
345
467
666
560
578
700
735
544
649
900
1314
1651
1720
1786
1733
1960
2221
2526
2924
3100
2780
2215
2198
2323
2167
2241
2449
3000
2920
2235
1188
495
491
933
1070
831
348
-388
-1389
-2338
-2840
-2655
-2423
-2474
-3111
-4057
-4466
-4506
-4022
-3371
-2832
-2445
-2622
-3006
-3145
-3265
-3037
-2544
-1876
-1247
-1312
-1708
-1915
-1935
-1349
-640
-66
368
236
133
103
235
817
1270
1640
1846
1623
1424
1222
1168
1224
1177
1121
988
634
511
499
561
565
412
582
535
678
841
780
981
1061
1326
1398
1491
1670
1746
1684
1881
2280
2679
2997
2840
2450
2200
2067
1837
1818
1938
2624
2666
1896
662
-353
-323
108
424
384
-187
-935
-1803
-2689
-3095
-2837
-2165
-1816
-2478
-3432
-3964
-4215
-4137
-4089
-3564
-2991
-2951
-3338
-3897
-3892
-3304
-2573
-1737
-1075
-651
-523
-855
-1048
-726
-31
562
612
327
235
168
150
170
398
956
1241
1270
1215
1205
1425
1542
1669
1826
1923
1946
1771
1414
1153
1048
919
985
998
1048
1014
717
500
456
739
1112
1553
1892
2006
2043
1874
2033
2315
2813
2943
2678
2412
2240
1837
1418
1275
1721
2426
2392
1663
549
-189
-388
-400
-502
-538
-639
-1024
-1997
-3343
-4044
-3956
-3390
-3127
-3498
-3866
-4180
-4427
-4788
-4647
-3945
-3162
-2774
-2866
-2994
-3031
-2827
-2539
-2118
-1383
-630
-331
-591
-826
-686
-146
482
928
1215
1424
1676
1581
1465
1666
1979
2096
1961
1819
1804
1745
1547
1381
1329
1472
1732
1816
1672
1509
1344
1268
1267
1482
1727
1688
1364
924
761
687
783
1013
1407
1714
1874
1920
1803
1746
2094
2545
2629
2709
2783
2536
1884
1263
1333
1968
2353
2034
887
-141
-591
-930
-1327
-1478
-1361
-1126
-1637
-2833
-3950
-4529
-4507
-4392
-4420
-4324
-4256
-4462
-5072
-5667
-5453
-4593
-3739
-3282
-3128
-2932
-2823
-2889
-2694
-2033
-910
46
338
272
253
356
663
970
1362
2007
2331
2224
1850
1530
1732
2084
2258
2258
2212
2338
2269
1944
1845
2029
2257
2172
1820
1441
1176
1173
1109
1067
1230
1190
1118
971
727
708
1000
1150
1330
1442
1750
2001
1964
2137
2337
2534
2820
2938
2721
2494
2461
2209
1679
1316
1604
2053
1936
1238
341
-282
-745
-1313
-1818
-2135
-2083
-2098
-2524
-3508
-4411
-4954
-5196
-5239
-5055
-4499
-3998
-4113
-4733
-5213
-4981
-4208
-3447
-2767
-2384
-2179
-2300
-2493
-2260
-1531
-560
288
681
774
816
869
1000
1230
1823
2466
2811
2717
2301
1819
1717
1829
2066
2140
2065
1914
1548
1201
1026
1119
1214
1370
1388
1480
1440
1276
1111
1006
882
1031
1330
1378
1416
1399
1282
1157
1121
1319
1762
1997
2211
2262
2047
2152
2351
2474
2616
2721
2795
2809
2487
1781
1076
699
998
1312
1256
926
138
-742
-1670
-2497
-2864
-2862
-2625
-2558
-3077
-3904
-4781
-5317
-5342
-5035
-4423
-3743
-3396
-3490
-3847
-4044
-3803
-3264
-2518
-1809
-1332
-1217
-1384
-1349
-1070
-546
24
475
644
572
512
581
705
965
1330
1582
1607
1432
1316
1216
1276
1382
1404
1359
1409
1375
1338
1248
1002
1037
1093
1114
1051
909
983
1073
1179
1302
1241
1265
1416
1615
1792
1632
1794
1798
1562
1790
1934
1927
1913
1786
1630
1439
1256
1638
1692
1781
1987
1858
1681
1433
1304
1113
667
247
278
440
510
323
-220
-816
-1461
-1996
-2336
-2566
-2585
-2473
-2582
-3017
-3400
-3575
-3530
-3561
-3526
-3165
-2666
-2245
-2176
-2263
-2286
-2148
-1963
-1697
-1472
-1223
-896
-638
-568
-532
-457
-329
-288
-109
66
117
139
102
129
201
377
452
389
562
750
885
1086
1210
1363
1319
1456
1494
1914
1916
1882
1522
1336
1316
1360
1577
1565
1573
1524
1363
1037
1022
1327
1473
1683
1653
1289
1085
956
1029
808
835
958
976
873
704
302
175
260
609
1057
1199
1204
1066
942
852
617
343
255
189
382
576
520
252
-30
-367
-876
-1371
-1698
-1754
-1612
-1500
-1493
-1666
-1956
-2219
-2446
-2592
-2545
-2294
-2008
-1873
-1908
-1888
-1903
-1968
-1996
-1992
-1859
-1655
-1396
-1081
-841
-712
-603
-547
-314
-155
90
412
515
669
703
732
696
803
1158
1496
1491
1398
1313
1067
1299
1200
1549
1569
1523
1412
1096
962
717
745
566
640
960
802
489
93
-33
-185
-148
52
11
-165
130
310
7
115
149
247
-107
40
37
35
337
615
542
499
698
890
965
1156
1406
1617
1669
1648
1511
1179
880
638
665
682
696
515
313
-28
-368
-651
-879
-1117
-1161
-1030
-1000
-1053
-1273
-1536
-1630
-1651
-1635
-1530
-1373
-1230
-1171
-1074
-899
-722
-506
-406
-465
-481
-376
-94
67
369
705
824
884
815
643
459
349
505
553
417
521
439
-61
-282
-328
-598
-555
-529
-373
-415
-369
-431
-607
-932
-875
-805
-685
-224
-226
-392
-327
-364
-396
-277
-539
-200
59
174
90
-225
-320
-431
-143
100
209
108
216
245
-31
82
37
233
543
805
968
972
1001
973
1052
1209
1396
1383
1405
1435
1362
1421
1336
1342
1233
1172
1078
1062
1178
1263
1294
1193
1136
1043
890
821
842
886
893
788
702
607
507
361
263
129
49
-76
-153
-290
-339
-425
-570
-782
-952
-1015
-1018
-976
-1191
-1517
-1805
-1865
-2093
-1758
-1908
-1960
-1900
-2174
-2034
-2326
-2381
-2378
-2044
-1761
-1355
-1515
-1365
-1229
-1365
-1017
-1006
-621
-245
-220
-44
-125
-408
-96
-93
-334
-303
-371
-115
-61
-458
47
-162
-82
136
-95
-82
84
237
515
588
625
1183
1195
1170
1241
1011
1260
1396
1440
1827
1879
2193
2340
2378
2451
2590
2544
2690
2777
2993
3283
3287
3241
3232
3278
3158
2859
2450
2253
2138
1938
1778
1689
1497
1254
890
314
-318
-784
-1020
-1139
-1405
-1608
-1822
-2141
-2371
-2705
-2965
-3158
-3230
-3273
-3279
-3258
-3294
-3311
-3277
-3243
-3107
-3033
-2887
-2790
-2613
-2500
-2391
-2328
-2261
-2039
-1939
-1945
-1995
-2120
-1644
-1711
-1507
-1068
-1075
-757
-859
-699
-641
-646
-533
-209
-46
173
523
457
689
717
492
890
845
1058
1182
1302
1639
1446
1559
2077
2076
1925
2288
2063
2192
2282
2570
2837
2484
2790
2962
2623
2762
2831
2724
2560
2813
2753
2722
2455
2207
2202
1945
2124
2074
2043
1718
1392
1057
902
610
326
531
511
261
-90
-528
-886
-1210
-1319
-1376
-1404
-1421
-1445
-1600
-1921
-2061
-2215
-2113
-2182
-2289
-2309
-2410
-2527
-2556
-2594
-2733
-2932
-2917
-2989
-3068
-3063
-2894
-2808
-2707
-2611
-2344
-2349
-2406
-2131
-2197
-1769
-1514
-1402
-1059
-831
-729
-355
-628
-369
-6
0
328
548
711
973
1298
1326
1439
1244
1680
1690
1861
1936
2198
2185
2263
2142
2138
2245
2187
2237
2171
2552
1981
2065
1921
2180
2009
1999
1724
1548
1457
1410
1522
993
1023
995
930
722
564
340
390
266
251
87
108
42
-123
-312
-308
-395
-308
-291
-306
-413
-619
-697
-883
-849
-840
-827
-746
-661
-662
-645
-796
-976
-1156
-1301
-1198
-1007
-922
-919
-1084
-1247
-1327
-1468
-1537
-1499
-1238
-1108
-1077
-1042
-1019
-969
-889
-775
-608
-537
-479
-316
-373
-285
-115
149
8
-46
-24
49
265
245
375
229
146
241
368
167
408
516
298
511
278
444
442
484
499
515
391
673
585
457
687
739
894
1175
922
590
562
492
531
446
681
758
724
338
371
5
-5
56
225
358
321
305
18
6
-367
-162
-303
-151
-264
-200
-325
-379
-504
-533
-379
-677
-634
-684
-496
-454
-173
-206
-104
-122
-201
-306
-470
-437
-138
-80
37
218
139
256
92
250
363
487
642
944
950
859
675
614
624
629
773
763
668
490
492
462
285
170
74
-95
-226
-210
-297
-484
-749
-735
-823
-932
-994
-1035
-1001
-1109
-1084
-1172
-1257
-1164
-922
-683
-532
-696
-642
-556
-722
-719
-583
-327
-79
173
95
-47
-543
-459
-112
37
204
343
591
522
605
574
439
317
149
427
483
672
446
349
88
158
244
226
107
-125
52
-185
-287
-146
-106
-144
-55
200
-1
-31
-18
-33
139
90
362
356
380
454
483
213
415
415
510
863
633
619
612
675
579
791
862
839
758
644
623
541
405
383
392
481
440
376
170
122
53
14
170
120
8
-30
-2
-344
-293
-433
-279
-367
-517
-519
-747
-824
-990
-860
-824
-787
-803
-832
-795
-929
-858
-760
-641
-490
-585
-539
-837
-683
-712
-582
-626
-516
-102
-38
-129
-372
-402
-604
-275
-309
-56
-349
-512
-215
-163
-106
-244
-144
-560
-373
-39
-108
-45
-283
-66
98
170
419
324
390
516
404
288
347
308
373
348
404
510
432
509
436
106
134
80
300
341
485
591
530
351
310
258
106
209
268
335
325
397
339
232
140
77
378
260
227
313
133
335
81
91
332
104
252
296
264
220
233
-78
209
53
275
548
267
457
55
283
302
145
116
255
85
146
-102
-300
-350
-556
-214
-417
-590
-494
-667
-730
-699
-982
-971
-1114
-1156
-877
-959
-929
-834
-1042
-763
-677
-1002
-847
-767
-696
-488
-548
-425
-222
-407
-6
-72
-176
3
200
236
279
238
344
280
246
310
360
369
541
714
530
510
193
141
442
543
605
699
324
261
106
209
35
-159
191
148
58
105
90
-76
-153
-104
27
-42
172
304
81
100
210
294
318
508
419
483
143
223
461
400
567
366
424
507
395
432
401
55
54
31
-53
-246
-407
-502
-542
-510
-398
-501
-603
-720
-930
-868
-1058
-920
-807
-673
-619
-612
-928
-891
-1127
-1130
-893
-986
-695
-450
-302
-341
-324
-571
-662
-451
-226
-201
1
-37
258
144
240
232
-95
-60
13
230
337
369
359
414
430
312
263
345
320
281
471
498
296
364
396
331
295
112
218
125
326
339
149
134
77
115
100
161
167
311
254
276
236
-44
-38
-49
98
119
89
345
103
93
-17
279
218
48
76
79
152
118
411
144
163
141
223
316
-112
-290
-90
-134
-4
329
102
60
117
-75
-143
-377
-469
-311
-306
-205
-316
-408
-406
-677
-810
-877
-860
-1158
-764
-743
-598
-965
-1128
-1171
-1049
-830
-729
-838
-1144
-819
-771
-887
-906
-921
-830
-480
-420
-364
-663
-479
-367
-262
-138
75
104
288
316
241
125
185
480
506
621
558
637
726
801
797
619
574
678
611
887
784
855
647
564
642
789
655
516
373
567
562
558
474
297
435
442
649
385
571
651
720
461
547
328
215
525
510
657
599
653
576
443
379
198
54
150
501
513
359
121
-291
-301
-429
-425
-519
-580
-528
-672
-674
-1158
-1011
-1296
-1150
-1266
-977
-1224
-1216
-1410
-1399
-1347
-1451
-1402
-1282
-1080
-1470
-1365
-1383
-1230
-1151
-950
-929
-1030
-990
-738
-735
-893
-754
-632
-252
-221
-230
-278
-271
12
31
216
557
363
467
458
573
527
625
823
966
1043
1090
1340
860
966
1045
1141
1297
1424
1307
1116
1428
1314
1613
1216
1261
1030
1142
1090
1163
1154
883
1076
915
856
479
500
337
546
377
406
0
-30
-141
-116
-398
-365
-123
-369
-472
-522
-815
-917
-807
-774
-793
-908
-684
-570
-829
-1020
-812
-1057
-884
-1058
-757
-748
-750
-745
-759
-775
-916
-719
-807
-571
-695
-415
-644
-826
-736
-903
-720
-655
-485
-437
-572
-303
-737
-634
-666
-441
-503
-334
-250
111
-60
-16
131
-286
-11
108
354
480
579
510
718
555
722
815
978
1017
1011
1132
1031
1060
1289
1064
1268
1481
1588
1296
983
920
920
997
1219
1090
974
860
668
645
167
287
141
154
75
31
-288
-136
-329
-670
-390
-516
-257
-303
-483
-371
-700
-604
-457
-555
-562
-609
-393
-392
-483
-331
-495
-442
-381
-380
-259
-344
-472
-256
-384
-191
220
-257
-258
-184
-243
27
169
-260
-142
-343
-169
-124
-362
-126
-54
-177
170
9
-55
-166
-241
-285
-190
-124
63
67
-1
419
125
9
-100
158
125
269
159
308
190
560
378
89
308
174
386
159
230
314
26
136
378
33
185
-1
66
96
-61
-194
-40
-333
-285
-381
-517
-319
-482
-183
-305
-231
-381
-310
-517
-331
-681
-173
-72
-14
399
106
253
278
134
178
177
312
718
515
801
729
545
816
583
709
662
765
564
885
730
783
615
593
644
336
643
429
535
587
182
374
149
276
115
182
253
16
66
29
140
-305
-14
-201
-60
-188
-63
-86
-120
-451
-285
-71
-308
-119
-295
-285
-322
-479
-206
-280
-360
-387
-150
-428
-148
-316
-479
-498
-809
-517
-356
-645
-480
-310
-603
-365
-855
-850
-778
-634
-548
-576
-694
-496
-404
-551
-182
-555
-551
-413
-169
-173
-49
-103
-93
-144
217
195
259
665
522
729
673
706
536
444
627
642
777
1198
1100
1185
1159
695
871
711
921
952
824
880
964
863
1080
813
631
507
454
336
540
505
479
586
206
329
214
276
116
82
36
62
103
252
-48
-419
-215
-97
-178
-89
-357
-316
-484
-315
-190
-391
-480
-394
-620
-742
-462
-735
-534
-505
-740
-605
-617
-619
-843
-1095
-1031
-535
-563
-473
-353
-570
-431
-551
-627
-497
-387
-403
-395
-337
-278
-164
-49
-321
-117
127
377
249
42
114
149
24
628
685
618
642
907
461
512
730
493
629
656
1144
607
984
839
974
755
909
657
485
612
667
950
847
905
541
809
548
419
327
149
328
350
528
611
492
221
355
226
-63
198
-147
311
85
191
155
78
-167
-298
-2
-217
57
-328
-249
-388
-430
-238
-438
-553
-620
-510
-815
-739
-1107
-722
-447
-549
-479
-1029
-810
-900
-869
-628
-706
-705
-327
21
-212
-478
-672
-762
-332
-308
82
-38
-106
143
176
212
77
-51
240
280
500
520
573
503
352
439
262
242
630
630
502
705
206
366
492
533
614
543
596
462
377
635
521
351
692
758
422
481
624
375
561
545
543
545
579
686
599
271
252
126
407
457
370
349
182
342
269
263
-8
115
-105
-2
-136
-168
-50
-157
-26
-295
-238
-359
-353
-580
-486
-664
-893
-549
-562
-541
-571
-513
-429
-883
-700
-723
-879
-671
-427
-653
-413
-617
-431
-467
-600
-411
-723
-507
-395
-474
-686
-183
-353
-176
-19
-197
-239
-323
-76
116
151
228
231
-126
293
335
197
487
364
280
575
388
723
391
404
411
440
436
443
476
451
542
625
938
659
245
114
273
414
508
529
370
361
366
451
485
151
199
369
305
322
318
323
210
276
260
248
275
235
357
34
-12
-162
58
23
15
96
-138
56
-371
-129
-189
-292
-331
-193
-443
-262
-480
-559
-430
-870
-313
-482
-460
-484
-586
-814
-773
-739
-784
-774
-803
-321
-419
-525
-606
-784
-463
-472
-302
-393
-449
-327
-154
-268
-358
-224
-183
18
206
385
-57
-96
177
265
264
200
360
380
442
566
553
296
275
344
255
390
308
358
615
520
676
608
315
353
221
167
260
450
490
752
774
704
322
353
304
459
449
470
627
544
599
606
392
512
768
439
621
282
219
86
40
172
355
340
186
189
-168
-206
-166
-144
-132
-250
-256
-140
-387
-415
-471
-657
-618
-585
-464
-362
-583
-911
-839
-737
-633
-512
-619
-754
-733
-525
-537
-903
-924
-669
-568
-470
-223
-362
-470
-469
-489
-330
-335
-217
-216
-348
-194
-332
-269
-68
-58
-108
-113
-123
-106
26
183
34
-290
-152
72
149
43
-31
99
359
465
379
182
189
399
238
457
443
626
857
777
718
647
719
790
622
847
925
882
803
878
760
609
719
829
825
612
679
513
587
363
395
469
261
90
297
-76
-115
25
-17
250
-12
-169
-393
-533
-340
-234
-695
-506
-451
-295
-340
-424
-1029
-977
-724
-529
-410
-550
-652
-705
-610
-700
-559
-625
-515
-555
-408
-430
-482
-476
-427
-381
-313
-445
-463
-729
-478
-496
-420
-439
-53
-139
-302
-472
-666
-506
-360
-180
-89
61
68
231
10
-123
-117
-121
212
341
282
620
660
626
647
348
522
529
402
640
403
549
548
696
731
872
585
578
300
332
487
198
342
437
592
560
452
232
140
165
389
502
230
81
-16
-21
-254
-269
-46
102
231
125
48
-67
-293
-468
-575
-787
-446
-108
-205
-239
-221
-360
-443
-506
-520
-561
-452
-448
-481
-647
-551
-639
-1221
-903
-622
-563
-219
-47
-363
-449
-693
-875
-1040
-976
-494
-272
-35
308
220
266
5
-364
-303
-117
5
135
19
123
160
243
406
322
389
237
130
-36
214
439
356
412
285
218
327
436
403
327
401
498
398
445
287
176
361
472
354
232
77
-77
-242
-16
92
98
77
-151
-252
-227
-265
-300
-358
-417
-292
-456
-318
-376
-388
-270
16
-169
-219
-444
-482
-456
-415
-131
-21
105
-110
-293
-305
-183
-87
35
-34
-109
-152
-39
-73
-267
36
209
69
-104
-63
-102
-53
173
262
200
145
259
-38
-116
-82
93
180
383
433
416
222
177
164
96
201
204
70
26
184
242
259
216
402
353
338
236
183
-14
120
234
161
150
-11
148
197
187
-41
-134
-406
-243
69
-27
-44
-216
-280
-417
-552
-464
-664
-615
-407
-249
-204
-303
-377
-607
-683
-595
-550
-678
-515
-418
-376
-260
-194
-148
-312
-378
-375
-486
-466
-132
56
96
264
170
-10
-199
-168
-166
-71
104
215
308
267
307
203
185
121
-45
-12
191
263
262
362
200
272
234
211
94
108
209
304
310
268
218
179
195
86
153
198
302
417
534
457
268
207
97
-64
-134
5
199
247
427
325
113
32
-42
-189
-328
-265
-230
-124
-10
47
-131
-184
-132
-120
-130
-101
-85
-272
-363
-375
-304
-299
-237
-175
-133
-67
-1
-118
-222
-342
-268
-271
-356
-283
-253
-121
54
101
144
172
-52
-16
-158
-287
-299
-125
154
273
289
309
252
174
245
133
34
4
124
145
221
94
108
228
295
344
286
114
2
-81
-73
-5
-62
-4
163
221
182
152
4
-106
-89
32
-5
-73
-143
-168
-100
-97
8
116
154
99
22
-65
-141
-219
-199
-65
34
116
164
187
286
199
112
1
-181
-170
-92
103
203
237
314
354
213
46
-93
-195
-138
-84
23
158
181
169
98
51
-60
-183
-171
-101
-93
38
71
211
230
139
122
-22
-241
-235
-40
-52
79
89
223
209
158
97
-133
-242
-134
-96
-50
-103
-30
37
120
181
78
-32
-237
-317
-282
-259
-200
-21
48
193
161
92
-24
-214
-306
-301
-204
-86
-128
-68
63
131
211
178
181
105
13
-21
-14
-17
52
177
345
398
446
412
278
195
152
168
249
252
283
267
243
290
266
261
293
262
242
204
123
51
2
-118
-124
62
95
96
53
-21
-123
-243
-333
-361
-356
-291
-191
-147
-128
-177
-232
-302
-410
-455
-466
-420
-367
-386
-322
-302
-326
-352
-419
-462
-510
-534
-475
-454
-388
-398
-404
-390
-434
-443
-362
-409
-403
-345
-283
-267
-263
-212
-192
-185
-100
1
17
38
53
47
49
102
147
233
289
359
431
442
390
364
423
444
440
525
547
595
551
577
542
411
449
482
509
535
544
503
435
347
356
390
364
319
264
168
91
28
68
95
111
156
218
-3
-232
-342
-444
-534
-504
-361
-329
-361
-380
-377
-503
-551
-564
-648
-699
-720
-739
-735
-758
-706
-620
-583
-439
-473
-634
-723
-843
-817
-796
-673
-482
-378
-295
-210
-257
-336
-339
-340
-335
-263
-169
-204
-180
-69
75
162
258
332
314
251
206
163
128
205
353
521
561
646
663
614
544
500
481
534
569
603
651
673
741
789
788
736
631
554
531
483
483
512
521
537
590
590
528
433
263
132
119
135
121
133
131
131
114
29
-130
-283
-449
-496
-552
-540
-488
-479
-436
-422
-484
-609
-723
-847
-939
-984
-945
-862
-745
-721
-758
-801
-866
-919
-914
-947
-932
-925
-882
-796
-759
-744
-697
-570
-457
-365
-336
-378
-403
-437
-416
-386
-326
-151
8
97
223
250
255
283
212
186
183
224
313
365
464
574
662
774
797
740
652
582
508
474
540
653
758
898
954
956
952
874
798
678
559
499
510
530
549
574
624
618
602
521
359
251
150
123
128
65
49
0
9
14
16
-24
-137
-182
-242
-320
-444
-559
-602
-563
-494
-445
-472
-522
-516
-587
-670
-724
-762
-784
-727
-641
-577
-561
-581
-555
-588
-674
-698
-692
-655
-589
-449
-381
-379
-345
-346
-469
-554
-534
-508
-416
-270
-107
-9
23
14
-34
-74
-85
-17
33
128
277
397
440
443
455
438
419
396
390
443
517
573
613
632
671
738
741
734
619
550
515
467
494
547
574
605
643
623
538
396
244
99
53
90
158
217
235
271
214
97
-44
-222
-343
-414
-390
-348
-317
-218
-170
-159
-189
-332
-462
-567
-641
-658
-633
-552
-437
-340
-247
-228
-222
-223
-308
-405
-474
-496
-476
-371
-236
-128
-67
-19
-10
-110
-151
-181
-203
-162
-106
-34
-8
44
87
69
29
11
20
52
99
160
216
278
331
361
348
319
296
308
338
389
417
408
449
405
395
415
434
438
415
373
385
363
330
373
373
375
361
342
275
165
113
96
86
107
164
172
118
-10
-136
-235
-273
-231
-201
-165
-133
-124
-128
-219
-349
-427
-503
-478
-404
-353
-329
-334
-324
-293
-276
-260
-298
-321
-321
-304
-281
-245
-225
-184
-134
-105
-108
-200
-226
-255
-249
-178
-107
-17
61
125
93
63
64
53
63
73
69
114
161
178
175
167
112
124
123
117
97
93
125
162
224
235
182
130
74
53
61
27
59
62
75
94
123
113
73
57
40
17
-38
-112
-151
-133
-113
-70
2
60
41
-57
-149
-200
-234
-236
-185
-113
-70
-12
0
-44
-98
-128
-116
-119
-124
-113
-46
-4
12
27
24
41
50
45
41
19
-15
-7
12
25
73
90
111
110
87
60
34
-8
-2
34
69
78
84
79
75
70
71
81
62
26
19
5
-15
-8
18
40
89
124
106
79
35
-4
-62
-71
-60
-21
50
86
107
76
40
18
-37
-86
-107
-93
-61
-37
18
17
21
-21
-66
-64
-109
-118
-97
-93
-92
-95
-98
-104
-121
-126
-110
-110
-116
-113
-141
-149
-139
-118
-88
-100
-56
-15
0
2
-8
18
44
68
69
78
76
98
95
109
128
138
153
150
145
102
62
53
87
150
182
190
187
179
148
146
76
-237
-363
-140
-118
-173
-49
26
-117
-161
93
148
-126
-374
-225
-191
-302
-122
-19
-150
-352
-384
-347
-393
-381
-384
-394
-500
-421
-248
-229
-245
-290
-330
-353
-256
-130
-104
-79
-70
-28
16
24
30
36
48
88
171
237
279
292
248
255
288
259
221
215
179
202
249
233
174
117
119
163
211
240
275
256
202
214
217
184
211
209
204
236
282
299
315
265
192
141
83
78
66
55
84
107
110
158
183
150
92
59
10
-29
-69
-80
-57
-57
-42
-51
-75
-114
-141
-181
-198
-202
-220
-212
-218
-231
-228
-242
-259
-254
-272
-296
-307
-322
-324
-314
-296
-270
-218
-159
-127
-92
-85
-63
-37
-67
-84
-74
-63
-52
-16
1
48
57
56
97
119
120
109
125
159
179
226
252
282
267
262
263
258
253
248
275
294
306
313
310
314
302
304
350
345
324
307
251
230
213
185
158
123
97
70
42
3
-21
-55
-79
-101
-141
-158
-169
-195
-206
-198
-195
-203
-218
-222
-225
-258
-257
-276
-304
-282
-288
-300
-293
-282
-278
-270
-234
-188
-170
-187
-177
-158
-172
-194
-195
-174
-167
-123
-101
-96
-53
-55
-40
-27
-1
36
48
58
66
87
118
124
124
137
141
130
132
151
179
173
169
208
211
214
220
226
238
221
218
213
189
172
126
110
123
116
135
110
87
104
88
88
61
47
40
7
-35
-21
-26
-17
-31
-51
-40
-83
-116
-136
-155
-160
-181
-208
-169
-175
-176
-159
-168
-168
-160
-153
-177
-207
-239
-241
-235
-252
-249
-226
-201
-189
-151
-129
-131
-134
-121
-74
-50
-36
-8
0
30
54
68
87
117
110
114
109
121
137
148
169
211
231
247
260
272
290
273
277
285
274
259
247
241
239
246
247
222
236
221
202
192
196
189
184
144
123
126
107
102
72
36
1
-21
-47
-48
-63
-108
-124
-147
-158
-167
-186
-197
-184
-215
-244
-247
-271
-287
-292
-289
-276
-276
-284
-289
-298
-294
-277
-261
-262
-247
-246
-247
-227
-217
-193
-159
-142
-136
-120
-118
-110
-101
-92
-72
-33
-2
7
28
26
49
117
130
151
165
160
174
178
189
202
217
234
241
270
288
318
295
273
293
298
295
293
303
308
313
313
288
275
267
253
235
208
208
199
174
164
157
144
109
91
74
68
52
9
-2
-15
-35
-54
-78
-99
-111
-138
-156
-162
-188
-188
-221
-228
-205
-225
-245
-258
-248
-270
-272
-286
-303
-326
-336
-335
-341
-349
-345
-382
-382
-351
-349
-334
-316
-294
-288
-259
-241
-208
-196
-198
-168
-162
-135
-97
-62
-24
22
43
81
99
112
151
179
195
198
203
204
208
204
212
206
220
247
252
284
298
293
291
271
250
231
198
194
179
155
150
142
156
147
131
123
115
102
69
56
62
69
69
67
53
53
41
60
66
46
28
8
-10
-24
-11
-24
-37
-27
-26
-55
-62
-78
-107
-115
-144
-170
-165
-191
-188
-209
-211
-216
-202
-213
-198
-182
-190
-182
-188
-187
-172
-160
-159
-159
-149
-143
-119
-90
-68
-57
-38
-6
6
29
32
42
54
67
93
106
115
137
153
160
181
185
191
184
168
203
186
178
192
166
162
142
130
111
98
107
108
105
97
83
67
46
7
-33
-52
-82
-110
-127
-140
-150
-174
-181
-183
-193
-196
-203
-192
-182
-183
-201
-206
-214
-233
-247
-241
-242
-219
-218
-217
-199
-196
-177
-175
-167
-165
-157
-143
-150
-129
-106
-85
-72
-66
-68
-49
-42
-31
-3
12
24
25
20
32
10
19
40
56
76
75
66
75
81
78
90
104
113
124
126
129
151
160
184
189
187
178
162
154
151
143
133
141
144
133
141
144
126
107
76
66
67
54
27
26
12
12
14
-20
-5
-34
-56
-46
-66
-75
-78
-95
-91
-88
-97
-93
-91
-106
-123
-117
-135
-141
-135
-162
-173
-194
-210
-199
-182
-178
-167
-169
-167
-157
-154
-154
-154
-149
-148
-139
-130
-133
-120
-116
-116
-109
-101
-71
-58
-58
-42
-32
-31
0
4
1
27
40
63
73
90
111
132
160
155
158
165
147
135
138
126
124
123
129
131
126
108
97
84
34
26
18
10
15
-4
0
-4
-3
-11
-3
-19
-39
-50
-55
-62
-72
-59
-45
-34
-46
-39
-66
-69
-70
-82
-103
-91
-70
-67
-54
-51
-71
-68
-53
-54
-29
-35
-43
-39
-34
-41
-30
-26
-37
-33
-31
-24
1
15
10
37
20
12
27
35
48
47
38
34
32
24
26
36
34
43
50
48
47
38
34
39
30
34
39
56
44
26
38
37
31
20
13
17
18
32
28
31
33
8
-4
-20
-26
-30
-47
-54
-77
-104
-112
-139
-144
-132
-162
-191
-162
-168
-172
-176
-189
-152
-159
-153
-143
-151
-147
-164
-183
-183
-183
-195
-176
-159
-153
-136
-134
-97
-79
-60
-48
-32
-1
14
36
68
61
74
85
74
103
95
98
92
68
84
115
108
127
122
113
126
105
118
121
116
116
123
119
115
119
119
111
121
121
120
131
108
96
68
47
32
24
18
1
-11
-19
-29
-21
-31
-48
-45
-59
-53
-63
-90
-101
-116
-141
-154
-150
-146
-140
-143
-153
-149
-163
-179
-179
-170
-129
-112
-124
-109
-110
-99
-92
-87
-75
-61
-49
-30
-9
16
21
28
57
68
85
90
100
107
120
111
130
95
104
123
116
132
118
155
153
163
159
165
166
179
185
191
208
192
190
188
180
163
174
170
188
180
173
163
178
177
153
159
147
151
151
136
118
99
69
35
24
19
21
12
-7
-8
-31
-47
-53
-62
-84
-101
-92
-88
-98
-103
-94
-102
-105
-108
-111
-124
-129
-116
-103
-86
-80
-62
-56
-65
-73
-55
-52
-62
-46
-63
-52
-31
-49
-31
-17
-38
-30
-25
-12
17
12
13
22
30
30
44
61
67
66
62
60
96
95
94
118
100
116
130
121
125
121
111
110
100
106
113
130
118
113
128
106
122
125
138
143
125
114
104
102
103
94
78
81
73
63
37
29
32
8
8
0
-22
-13
-18
-25
-3
1
2
5
1
18
23
15
19
5
-4
1
6
13
34
37
35
54
76
71
76
86
91
118
113
109
110
109
107
115
106
91
92
94
96
110
118
125
119
99
104
94
92
90
93
96
85
81
93
102
89
92
88
103
91
91
89
70
72
63
39
47
27
10
12
-15
-6
-4
4
-5
-19
-34
-43
-55
-70
-88
-108
-102
-106
-119
-126
-143
-144
-132
-145
-132
-132
-133
-115
-112
-113
-97
-97
-88
-79
-81
-71
-71
-51
-61
-30
1
18
33
35
65
58
56
75
77
68
67
69
71
68
49
53
70
71
71
79
82
78
64
65
75
83
87
100
114
136
122
111
140
137
142
140
146
149
136
133
130
135
114
108
92
86
81
69
79
78
75
70
61
50
64
25
4
15
-4
1
-9
-27
-26
-42
-26
-20
-36
-38
-65
-66
-51
-52
-64
-80
-91
-85
-103
-96
-120
-127
-101
-81
-74
-56
-54
-66
-62
-94
-73
-63
-52
-38
-32
-6
7
5
27
51
59
81
85
105
122
113
126
129
130
143
131
135
155
150
163
152
152
158
160
163
174
152
153
142
118
112
91
107
99
104
127
133
133
148
128
139
132
113
146
138
139
136
131
122
123
90
82
69
58
58
40
44
17
-2
-22
-47
-70
-83
-107
-100
-99
-116
-113
-124
-139
-139
-147
-160
-169
-182
-189
-192
-192
-176
-170
-170
-170
-147
-132
-117
-100
-84
-72
-52
-27
-17
1
11
27
36
58
73
113
116
127
143
164
174
199
211
215
234
236
247
254
246
241
243
240
258
248
251
257
251
242
230
222
219
220
194
187
186
169
171
168
152
156
148
133
119
111
86
55
38
5
-5
-5
-30
-54
-79
-118
-133
-147
-164
-175
-188
-205
-210
-254
-268
-276
-294
-283
-300
-300
-278
-276
-270
-257
-239
-226
-216
-194
-175
-177
-176
-171
-143
-103
-120
-111
-89
-72
-53
-47
-42
-33
-30
-29
-10
29
38
23
23
17
27
47
64
86
111
92
111
124
164
175
161
193
185
202
187
193
211
192
191
201
208
222
203
188
187
180
159
143
145
135
119
86
57
39
1
-19
-32
-44
-50
-75
-94
-97
-111
-135
-142
-153
-171
-205
-211
-192
-203
-199
-222
-220
-228
-255
-240
-238
-239
-220
-231
-240
-219
-228
-234
-214
-199
-178
-163
-169
-147
-125
-124
-108
-91
-91
-72
-62
-24
7
20
38
56
96
111
137
163
176
196
205
226
258
257
264
283
289
311
305
317
331
334
315
310
315
333
343
333
306
291
282
264
258
252
226
205
197
168
164
140
111
103
79
56
24
3
-9
-17
-28
-34
-45
-47
-45
-59
-65
-70
-79
-82
-88
-101
-121
-137
-140
-152
-162
-181
-210
-192
-216
-224
-222
-247
-246
-259
-256
-245
-245
-259
-251
-254
-252
-250
-237
-222
-198
-180
-181
-138
-116
-104
-72
-77
-55
-18
-20
0
2
10
23
51
79
88
85
74
82
93
81
72
74
68
58
66
93
97
111
105
110
136
136
145
144
143
150
141
135
154
164
157
157
145
137
128
110
83
94
79
51
56
45
32
33
13
4
-9
-33
-34
-37
-51
-68
-84
-107
-108
-102
-116
-117
-113
-144
-155
-163
-169
-147
-136
-133
-127
-121
-137
-126
-112
-127
-96
-102
-105
-86
-84
-100
-96
-108
-100
-89
-90
-71
-52
-50
-45
-27
-18
-3
-6
4
5
12
1
-3
2
-4
-3
1
14
16
15
11
10
22
20
15
15
8
-9
-11
-7
-15
-1
-10
-16
17
15
25
36
31
29
27
33
49
52
28
32
28
23
33
32
53
43
24
26
25
39
46
37
35
24
32
22
11
9
-10
-10
-19
-33
-33
-24
-61
-65
-72
-67
-63
-74
-69
-36
-37
-43
-26
-15
15
11
4
22
28
26
13
9
17
13
-14
4
27
41
44
46
60
60
54
59
77
82
50
36
55
46
52
26
31
40
27
27
17
20
33
16
14
31
34
45
19
30
40
33
45
22
20
33
31
7
12
24
22
11
3
-4
-17
-39
-65
-31
-17
-14
1
5
8
18
10
9
10
-4
-17
-26
-17
-27
-23
-21
-12
8
-3
-15
-9
-12
4
-8
-27
0
7
29
32
27
49
56
30
36
55
55
59
52
43
43
34
25
40
53
37
35
29
33
51
48
35
44
32
34
29
19
30
15
-20
-16
-6
-18
-23
-26
-30
-27
-2
-5
14
27
28
36
36
35
27
33
14
7
-3
-23
-20
-30
-44
-40
-60
-69
-58
-71
-61
-78
-71
-71
-74
-80
-71
-94
-101
-110
-112
-110
-112
-104
-118
-92
-93
-108
-80
-77
-63
-41
-46
-35
-5
9
12
13
16
7
15
3
1
-13
-23
-34
-42
-44
-65
-54
-68
-77
-67
-67
-60
-49
-57
-48
-49
-65
-64
-77
-80
-87
-105
-97
-98
-106
-103
-101
-91
-100
-96
-94
-89
-105
-123
-115
-119
-121
-143
-148
-157
-159
-162
-156
-165
-156
-159
-157
-139
-138
-131
-120
-123
-118
-118
-115
-91
-91
-72
-68
-46
-25
-22
-8
-16
-8
-9
-7
-3
6
14
17
27
31
38
62
80
68
91
111
116
117
112
112
126
135
143
160
164
166
160
163
178
165
142
161
162
160
166
148
155
148
136
126
120
111
102
84
65
57
41
24
-6
-31
-42
-43
-70
-83
-82
-112
-119
-139
-128
-116
-125
-128
-118
-131
-121
-131
-149
-128
-153
-184
-179
-187
-177
-167
-166
-166
-165
-170
-157
-134
-139
-137
-144
-135
-129
-124
-132
-131
-106
-104
-101
-107
-84
-56
-49
-44
-42
-18
-15
5
1
17
19
30
54
63
83
78
99
112
125
124
126
157
178
177
172
172
176
162
163
179
176
162
144
145
154
134
119
130
110
89
70
53
66
43
21
3
-10
-8
-21
-33
-41
-51
-61
-44
-38
-39
-44
-52
-46
-49
-58
-79
-83
-90
-98
-100
-111
-122
-108
-126
-137
-153
-163
-154
-164
-151
-151
-140
-129
-138
-152
-124
-121
-111
-82
-85
-80
-76
-86
-67
-37
-47
-30
-1
-8
10
5
23
44
21
8
22
35
33
28
27
38
38
15
24
41
50
46
48
55
57
52
58
58
55
42
50
48
60
64
46
52
42
24
3
-14
-3
-3
-18
-38
-35
-42
-79
-92
-125
-141
-146
-161
-145
-133
-152
-156
-148
-150
-139
-140
-137
-129
-128
-134
-119
-104
-91
-61
-66
-60
-34
-38
-36
-53
-56
-50
-69
-47
-47
-36
-15
-37
-23
-5
-2
22
50
67
64
70
82
113
129
110
112
124
118
125
145
146
152
135
127
140
141
136
122
129
115
115
102
109
120
98
70
65
83
74
78
52
41
34
17
22
13
20
4
1
-2
-16
-33
-44
-51
-57
-71
-91
-112
-132
-148
-161
-180
-203
-198
-193
-206
-220
-208
-208
-187
-179
-172
-147
-154
-154
-117
-111
-108
-107
-99
-48
-48
-68
-51
-40
-35
-51
-43
-12
-8
-10
-8
11
31
19
32
58
79
79
59
95
129
92
105
134
144
150
136
165
208
203
185
205
228
242
244
245
272
270
241
241
259
257
215
198
200
178
157
146
140
150
120
94
106
99
100
94
76
60
44
39
45
44
41
11
18
15
1
2
12
26
-1
-13
-3
4
-3
-25
-15
-14
-29
-50
-44
-39
-42
-69
-61
-46
-57
-69
-56
-51
-55
-47
-40
-18
-31
-33
-22
-12
-12
5
11
17
17
12
15
15
12
-2
25
25
26
39
32
71
77
68
78
66
81
86
82
108
109
110
110
106
108
98
92
93
93
101
76
79
90
77
67
69
68
64
40
51
48
50
62
30
29
25
14
16
9
7
4
-11
-7
-21
-28
-27
-31
-36
-36
-30
-47
-34
-34
-48
-41
-45
-53
-53
-64
-77
-86
-98
-100
-104
-80
-80
-56
-38
-26
-16
-2
0
31
42
28
49
32
21
29
45
54
40
26
27
52
50
37
49
35
25
35
17
28
26
-1
-1
3
21
30
24
10
8
6
14
8
10
8
2
10
10
29
39
34
41
53
45
38
41
52
46
23
8
18
22
2
-2
-2
-7
-12
-34
-16
-4
5
13
15
40
25
18
47
66
55
58
51
61
71
38
53
64
54
46
50
49
65
50
50
77
82
72
61
83
89
87
88
98
125
115
127
152
170
172
158
161
151
131
112
113
125
130
115
113
120
119
114
104
109
92
66
47
52
24
8
5
-3
-8
-14
-29
-12
3
-12
5
28
51
33
34
41
41
33
29
45
53
39
34
40
50
48
49
48
49
37
17
41
37
24
9
29
36
33
34
77
108
79
79
93
112
117
97
108
139
134
118
138
157
167
156
152
172
187
153
141
158
145
140
141
152
167
144
116
135
142
122
114
112
108
79
50
51
50
56
50
45
54
39
29
34
32
-3
-8
-19
-31
-38
-55
-62
-56
-70
-70
-54
-77
-63
-60
-53
-54
-67
-62
-54
-47
-63
-68
-62
-60
-67
-73
-82
-69
-72
-73
-63
-28
-22
-8
7
10
21
30
34
42
57
63
84
97
120
130
122
120
133
135
128
119
100
95
107
109
117
108
87
98
93
85
86
104
134
127
121
121
110
106
99
86
95
98
77
84
84
85
97
93
90
98
107
104
107
97
75
63
53
46
28
35
25
6
11
-16
-3
1
-31
-28
-44
-38
-17
-45
-59
-60
-85
-100
-100
-92
-83
-80
-81
-78
-78
-87
-94
-68
-52
-62
-48
-36
-43
-41
-51
-58
-52
-41
-36
-14
-11
-21
-17
-6
3
-3
-12
-4
2
1
1
15
14
25
35
51
63
65
83
92
106
94
83
99
100
102
105
106
121
119
115
143
145
136
142
128
133
127
110
117
97
90
84
76
89
65
57
53
54
52
18
14
16
-19
-31
-45
-72
-66
-99
-107
-107
-125
-131
-127
-117
-131
-132
-139
-135
-121
-136
-137
-125
-155
-138
-137
-142
-124
-116
-121
-130
-130
-121
-107
-98
-108
-96
-90
-76
-76
-76
-57
-49
-43
-37
-8
-18
-5
-6
-3
-3
-5
9
19
48
53
60
68
75
87
94
93
102
87
74
77
78
85
76
66
73
56
64
75
83
72
62
58
49
66
59
54
39
26
25
23
23
11
-16
-23
-24
-49
-43
-32
-20
-24
-31
-53
-55
-73
-115
-107
-118
-125
-124
-120
-105
-128
-154
-154
-153
-172
-175
-174
-192
-202
-173
-184
-176
-183
-183
-146
-154
-153
-140
-139
-141
-138
-139
-125
-136
-128
-129
-117
-83
-90
-83
-56
-67
-75
-63
-44
-42
-36
-44
-51
-37
-44
-35
-23
1
5
10
32
34
44
68
57
62
59
18
45
56
27
44
47
45
45
44
71
78
64
42
56
61
37
34
43
39
35
24
27
28
12
0
4
1
-11
-19
-24
-7
-35
-39
-30
-24
-20
-56
-64
-44
-54
-80
-63
-50
-59
-81
-84
-68
-70
-63
-59
-39
-24
-44
-27
-14
9
-1
-13
16
19
11
10
18
24
10
5
12
17
16
11
14
16
3
19
27
12
0
-5
1
2
-2
-7
-3
-5
-22
-30
-23
-46
-36
-45
-51
-41
-80
-80
-85
-113
-122
-131
-143
-156
-167
-156
-154
-155
-169
-172
-169
-178
-185
-209
-196
-189
-188
-194
-166
-158
-164
-161
-155
-124
-135
-139
-140
-118
-122
-119
-115
-83
-88
-100
-84
-77
-72
-86
-98
-91
-66
-79
-64
-46
-53
-70
-74
-64
-38
-28
-30
6
25
13
14
33
14
21
7
9
22
29
19
15
24
0
2
-8
-8
-13
-33
-28
-11
-20
-24
-19
-16
-22
-48
-39
-28
-28
-48
-38
-42
-74
-95
-91
-85
-102
-123
-115
-103
-107
-121
-124
-116
-112
-127
-132
-120
-125
-137
-161
-166
-170
-193
-178
-162
-151
-136
-151
-128
-110
-120
-111
-75
-71
-77
-60
-43
-20
-43
-49
-37
-28
-19
-41
-35
-29
-42
-38
-34
-32
-41
-63
-39
-37
-49
-56
-32
-45
-48
-75
-81
-56
-52
-42
-47
-21
-12
-18
-7
10
19
2
-17
-15
-5
-34
-57
-54
-56
-67
-101
-100
-99
-97
-92
-93
-74
-70
-94
-73
-79
-93
-84
-109
-81
-73
-105
-98
-94
-92
-99
-81
-79
-86
-86
-99
-76
-81
-72
-69
-57
-48
-68
-51
-34
-44
-43
-58
-66
-56
-63
-71
-63
-44
-38
-46
-30
-22
-11
-34
-24
-12
-9
-15
2
21
31
22
19
20
27
25
3
3
7
7
18
25
19
16
-10
-19
1
16
-2
4
15
26
40
71
62
81
97
88
77
80
58
47
55
34
21
33
19
36
39
-6
-2
25
15
-4
-2
-6
-19
-37
-45
-43
-38
-69
-87
-72
-51
-59
-35
-35
-12
-13
-27
-1
-4
-25
-25
-16
-14
-21
-36
-24
-5
-10
-10
-6
9
-2
-19
-13
-18
-39
-43
-32
-51
-57
-64
-51
-14
-32
-48
-28
-19
-24
-22
-38
-48
-60
-80
-65
-69
-72
-75
-84
-58
-51
-68
-39
-27
-22
-22
-40
-35
-31
-45
-64
-45
-43
-38
-42
-49
-40
-47
-58
-53
-32
-47
-59
-52
-43
-58
-75
-81
-87
-83
-80
-75
-71
-58
-76
-71
-58
-88
-104
-125
-124
-116
-130
-134
-123
-105
-107
-99
-91
-78
-79
-75
-91
-90
-82
-87
-80
-88
-79
-78
-78
-75
-63
-57
-54
-43
-39
-30
5
2
22
37
39
61
59
49
55
49
67
63
60
89
93
83
71
65
51
51
52
42
33
41
39
21
46
31
28
48
38
12
17
22
5
13
4
9
-1
-12
13
17
29
29
37
26
12
0
-8
-16
-31
-42
-49
-45
-79
-52
-44
-76
-68
-66
-43
-21
-42
-45
-51
-78
-102
-109
-86
-78
-89
-85
-78
-78
-73
-72
-64
-62
-60
-40
-57
-71
-71
-74
-81
-90
-97
-86
-73
-58
-75
-62
-43
-59
-43
-60
-47
-40
-47
-34
-29
-5
-15
-42
-47
-71
-61
-32
-45
-23
-39
-42
-10
-14
8
23
36
22
0
20
20
10
-8
-36
-41
-36
-26
-36
-41
-36
-60
-52
-51
-37
-30
-41
-37
-39
-48
-33
-42
-45
-55
-76
-66
-73
-74
-77
-83
-57
-63
-34
-42
-10
20
10
49
45
69
51
35
17
-10
14
-4
17
16
12
6
47
68
74
82
95
103
114
107
126
154
130
101
105
100
108
115
73
103
112
95
127
151
148
144
118
102
109
95
68
77
41
17
1
1
-9
-6
-5
-30
7
-5
-1
10
17
7
-19
-53
-31
-39
-100
-88
-125
-110
-133
-143
-105
-117
-106
-118
-101
-118
-122
-142
-150
-147
-153
-176
-162
-143
-135
-149
-141
-145
-161
-154
-119
-97
-108
-118
-103
-86
-102
-110
-111
-109
-124
-125
-114
-119
-105
-111
-85
-70
-86
-90
-90
-90
-89
-72
-69
-41
-30
-12
-17
9
10
3
6
2
-12
18
59
38
45
31
37
36
31
41
27
21
-8
4
40
44
60
37
35
17
7
-24
-5
-4
3
17
26
20
37
51
47
60
35
34
63
76
74
63
59
56
42
50
37
44
38
0
2
-24
-38
-24
-19
-30
-36
-39
-50
-59
-55
-50
-28
-30
-36
-25
-28
-39
-47
-57
-71
-68
-80
-93
-95
-92
-112
-82
-89
-73
-49
-78
-81
-54
-52
-46
-34
-31
-54
-35
-46
-30
-9
-28
-4
4
-2
15
4
22
30
18
12
13
3
27
8
-1
22
18
21
50
25
19
28
-8
28
50
28
44
60
75
58
68
48
76
70
71
78
68
71
27
41
17
25
-14
-3
12
-27
-6
-31
-16
-28
-57
-68
-37
-35
-42
-54
-47
-41
-57
-46
-43
-33
-65
-80
-79
-84
-79
-72
-59
-63
-59
-60
-58
-24
-35
-21
3
5
13
13
8
5
8
-7
21
22
25
16
-7
-13
-42
29
40
36
51
66
67
53
67
54
64
65
61
42
93
102
73
91
75
73
95
77
69
86
92
105
111
129
164
148
143
151
157
149
138
148
137
124
116
135
127
103
74
85
116
97
98
114
128
103
103
103
106
89
55
65
61
72
47
66
70
89
65
68
112
90
87
60
60
57
37
38
42
50
31
2
27
23
-10
7
-10
-16
-10
-12
-31
1
-24
-28
10
-19
4
4
10
21
31
11
26
26
16
32
40
50
34
36
19
22
15
-13
8
-7
-21
-10
-12
-23
-65
-75
-44
-40
-27
-23
-20
8
-12
18
41
33
49
32
53
75
69
53
45
44
14
17
24
55
55
32
44
63
50
64
55
61
67
51
67
87
96
93
90
145
140
136
166
181
194
191
198
214
231
228
232
221
240
214
201
208
205
203
175
182
181
164
163
194
168
151
149
126
151
136
145
140
142
132
136
150
161
147
124
131
126
135
131
117
126
104
60
76
87
50
46
40
79
76
50
64
79
57
40
50
62
67
30
29
50
40
41
37
47
55
22
44
61
59
49
31
41
38
21
16
49
31
23
2
43
49
35
48
70
95
75
83
85
100
78
56
69
79
51
40
56
63
38
1
40
80
68
41
44
86
73
38
44
53
54
20
23
34
18
3
8
33
26
-7
0
9
21
-7
-18
13
-4
-26
-28
-32
-38
-60
-106
-81
-33
-63
-79
-68
-51
-55
-71
-47
-14
-12
-39
-5
26
25
22
40
81
98
71
74
92
103
76
63
92
60
43
44
75
96
58
79
112
103
107
94
130
160
132
148
139
154
151
135
145
150
143
139
146
166
169
139
130
143
114
99
100
89
93
76
64
65
50
29
31
29
13
-1
13
27
26
29
35
65
46
44
79
112
99
57
64
87
91
74
70
96
77
33
22
21
12
-24
-13
5
-2
-8
-3
13
26
6
3
41
62
76
88
109
125
98
95
122
113
100
85
105
90
65
70
70
86
69
31
48
59
45
35
34
42
34
34
33
64
47
44
50
81
73
55
75
81
99
88
85
135
131
79
87
86
62
56
41
67
75
44
12
23
13
-24
-31
-26
-21
-12
1
18
51
47
38
50
51
66
72
82
87
97
81
87
81
64
47
36
34
27
17
22
22
20
16
-2
20
17
1
14
20
26
29
46
50
55
48
53
67
84
67
59
80
50
42
17
12
23
6
20
25
25
6
16
29
14
26
7
7
0
-11
-23
-11
-33
-31
-19
-44
-20
-27
-20
-5
5
10
24
19
25
33
34
51
37
23
18
13
26
31
45
62
82
88
89
100
88
106
110
124
135
164
168
177
169
152
150
107
88
110
100
124
92
87
82
56
55
35
35
43
18
34
32
25
29
14
19
14
25
46
36
34
25
21
3
-16
-24
-14
-37
-48
-42
-60
-72
-80
-85
-94
-87
-92
-86
-82
-76
-71
-77
-68
-72
-58
-51
-57
-51
-48
-40
-38
-36
-46
-35
-44
-56
-50
-57
-52
-40
-40
-46
-50
-55
-46
-55
-70
-58
-70
-73
-62
-75
-79
-89
-78
-86
-71
-46
-48
-42
-35
-49
-53
-13
-2
-14
-12
-4
-7
-27
-50
-62
-61
-73
-100
-87
-63
-78
-82
-70
-56
-50
-63
-44
10
11
2
-3
16
8
-10
-5
2
3
0
-10
-3
-11
-34
-30
-22
-12
-19
-23
-20
-11
-18
-35
-10
20
2
13
25
23
29
3
20
36
35
40
49
87
82
82
78
54
69
61
46
62
35
34
39
24
18
-10
-31
-47
-77
-89
-84
-79
-81
-95
-89
-106
-88
-56
-54
-43
-58
-62
-29
18
9
-35
-38
0
22
-37
-104
-90
-40
-40
-81
-125
-139
-116
-99
-74
-108
-155
-144
-85
-15
-52
-77
-67
-22
18
1
-5
2
-20
-11
5
-12
-27
-66
-47
-1
-45
-82
-78
-57
-18
-33
-46
-24
-34
-38
-24
-39
-65
-98
-82
-45
-39
-46
-41
-18
-1
3
15
20
8
6
-15
15
9
-24
-12
-10
-23
-45
-76
-51
-43
-43
-55
-61
-60
-73
-81
-79
-60
-59
-36
-25
-8
12
11
11
26
20
18
23
24
4
0
-12
-6
-5
-32
-21
-25
-27
-25
-23
-20
-30
-35
-35
-3
0
-4
8
32
54
47
50
60
74
74
59
85
78
69
55
59
45
34
3
-24
-4
-47
-39
-25
-47
-53
-48
-55
-58
-66
-86
-73
-59
-56
-55
-46
-43
-43
-40
-39
-25
-24
-35
-15
-13
-26
-33
-46
-38
-44
-74
-72
-54
-70
-98
-110
-109
-108
-140
-148
-133
-143
-164
-174
-167
-156
-166
-169
-141
-139
-133
-135
-124
-109
-125
-128
-107
-105
-97
-104
-103
-104
-121
-126
-117
-88
-97
-104
-106
-94
-99
-110
-98
-79
-61
-63
-49
-50
-60
-72
-58
-42
-50
-71
-57
-51
-71
-78
-77
-59
-93
-119
-114
-100
-119
-141
-132
-106
-122
-147
-140
-131
-124
-135
-130
-100
-102
-121
-102
-75
-82
-70
-69
-62
-70
-94
-103
-80
-54
-63
-69
-68
-39
-43
-35
4
21
25
0
23
45
35
20
18
27
30
4
-11
-11
-22
-29
-23
-8
10
-31
-24
2
-11
-39
-44
-20
-31
-37
-44
-27
-25
-43
-30
-43
-38
-58
-63
-56
-72
-88
-102
-109
-108
-119
-142
-136
-136
-166
-179
-159
-178
-185
-193
-195
-161
-169
-183
-177
-166
-174
-171
-151
-144
-127
-136
-121
-103
-95
-105
-108
-73
-94
-116
-101
-100
-104
-102
-111
-91
-93
-129
-121
-123
-137
-167
-177
-169
-160
-169
-177
-138
-109
-130
-145
-124
-116
-138
-156
-148
-160
-168
-178
-162
-142
-157
-175
-174
-165
-174
-185
-178
-168
-163
-182
-183
-158
-172
-187
-182
-178
-163
-176
-175
-147
-132
-135
-123
-108
-83
-89
-98
-91
-92
-110
-132
-129
-128
-110
-128
-115
-88
-99
-98
-81
-74
-67
-64
-66
-37
-51
-59
-40
-23
-29
-41
-28
-6
12
3
15
26
46
38
22
54
35
-1
-24
-19
-24
-44
-57
-58
-34
-64
-88
-68
-86
-85
-78
-81
-63
-77
-91
-81
-87
-93
-84
-66
-53
-33
-21
-18
-20
-26
-58
-57
-49
-66
-76
-101
-92
-86
-114
-120
-97
-113
-106
-95
-101
-76
-83
-89
-80
-72
-66
-52
-34
-42
-41
-32
-32
-24
-37
-39
-37
-50
-73
-96
-97
-100
-118
-126
-115
-122
-102
-105
-115
-113
-105
-111
-104
-105
-119
-94
-85
-91
-81
-73
-67
-58
-73
-60
-49
-39
-26
-9
23
2
-25
-28
-28
-20
-24
-32
-31
-45
-51
-47
-47
-39
-49
-44
-37
-30
-21
-12
4
19
47
26
56
81
71
102
92
77
73
34
31
45
38
40
49
39
27
31
12
13
9
-24
-10
-6
-14
19
34
60
67
63
73
79
110
91
84
101
80
85
81
52
49
5
-16
-15
-13
-11
-8
1
15
15
6
10
3
4
8
25
28
37
43
39
39
39
44
50
70
68
77
92
84
102
95
80
80
87
82
73
68
73
66
67
47
57
70
42
49
36
23
36
32
29
36
46
55
82
92
71
89
87
80
85
48
34
38
17
13
6
-9
-11
-24
-24
-14
-7
3
2
13
5
16
23
24
27
22
37
49
55
78
55
39
45
24
25
11
5
10
0
-17
-21
-25
-40
-52
-65
-72
-63
-68
-59
-52
-44
-28
-42
-18
-21
-49
-39
-33
-13
-12
-4
-1
25
18
9
24
13
29
39
26
32
43
37
38
44
46
43
50
