-15
-3
10
6
3
8
22
17
19
43
27
29
26
3
17
11
14
19
17
2
5
1
-5
9
0
-1
17
17
20
27
10
23
30
20
0
17
3
7
15
-12
-3
4
-2
-14
-8
10
13
10
-4
-1
8
10
22
27
24
10
4
17
-1
-3
0
-20
-18
-16
-15
-9
5
4
4
15
-3
7
24
8
14
25
20
27
37
23
39
40
39
48
52
57
60
30
28
32
17
23
0
6
9
0
-1
3
-3
-14
-25
-33
-35
-40
-38
-33
-40
-68
-71
-97
-115
-110
-111
-107
-116
-117
-123
-130
-134
-140
-134
-148
-157
-144
-145
-125
-108
-133
-109
-85
-102
-89
-89
-87
-58
-69
-56
-40
-36
-38
-33
-22
-6
-3
2
10
8
12
9
25
18
23
21
20
26
29
49
40
45
53
57
56
71
85
87
88
81
86
81
90
103
91
92
97
93
92
79
80
84
75
72
87
86
67
71
86
79
77
67
73
75
64
66
69
67
69
53
57
62
58
66
52
65
46
45
57
42
37
54
29
16
27
19
23
36
8
17
17
7
15
10
3
5
9
9
29
25
9
22
33
20
13
-2
8
8
7
12
-22
-19
-34
-45
-32
-49
-30
-47
-67
-53
-63
-72
-68
-68
-67
-58
-61
-67
-57
-53
-58
-71
-56
-64
-63
-48
-48
-41
-17
-27
-35
-11
-17
-29
-37
-23
-23
-13
-18
-6
4
-22
-15
-31
-40
-19
-39
-33
-24
-38
-18
-22
-16
-13
-3
-19
-18
-3
-16
-10
-19
-3
13
20
29
45
45
43
49
43
37
34
44
29
30
39
49
53
47
46
46
54
43
52
68
64
63
71
70
71
76
89
95
97
92
101
109
122
121
90
108
124
103
126
108
105
146
128
129
152
146
152
159
142
141
136
133
137
127
116
127
120
117
130
108
107
109
90
92
78
78
84
80
86
73
74
63
62
76
53
72
69
58
76
64
65
65
56
61
73
63
58
66
64
45
49
35
15
40
29
31
24
14
15
3
14
4
12
7
-9
-5
-25
-21
-33
-39
-41
-70
-61
-63
-54
-54
-66
-79
-59
-69
-65
-78
-90
-63
-71
-69
-68
-67
-69
-74
-68
-62
-68
-68
-82
-79
-64
-81
-57
-74
-85
-55
-88
-63
-67
-77
-68
-78
-62
-63
-62
-61
-45
-52
-61
-56
-55
-65
-64
-54
-57
-45
-39
-26
-8
-6
1
-13
-12
-14
-19
6
10
-3
23
24
14
15
18
3
9
11
2
14
16
5
-6
-3
2
-7
-12
-8
-11
-6
-18
-6
-6
-23
-20
-22
-33
-24
-23
-39
-35
-31
-24
-22
-8
-34
-32
-27
-61
-45
-22
-19
-6
10
7
24
18
22
35
40
33
43
65
47
61
74
61
76
87
81
86
93
86
68
64
47
46
70
45
24
54
45
27
22
21
14
31
28
-5
15
6
-25
0
-7
-17
14
-1
-32
-20
-25
-38
-34
-59
-61
-58
-80
-82
-88
-101
-108
-91
-96
-87
-75
-97
-95
-102
-93
-88
-98
-98
-108
-114
-103
-130
-130
-102
-120
-130
-116
-118
-133
-132
-108
-123
-102
-119
-124
-107
-135
-137
-136
-122
-143
-128
-117
-98
-104
-98
-82
-88
-86
-76
-70
-69
-37
-52
-22
-21
-28
-24
-17
-27
-16
2
2
15
1
17
25
-6
-18
9
19
8
23
15
-2
12
22
24
33
25
27
24
21
24
24
25
9
10
25
41
28
20
13
8
6
6
9
7
-4
4
20
20
25
13
14
6
4
6
18
19
14
4
14
14
-2
35
20
5
16
15
2
13
5
10
25
1
6
27
19
25
39
26
42
42
31
36
33
28
58
56
49
59
50
47
44
40
47
36
7
6
13
-10
-20
-5
-26
-34
-49
-72
-49
-51
-57
-44
-53
-75
-80
-65
-84
-91
-79
-84
-105
-95
-101
-111
-115
-127
-116
-105
-116
-118
-103
-110
-126
-128
-142
-153
-138
-130
-124
-108
-121
-119
-113
-132
-140
-116
-110
-110
-109
-124
-123
-121
-113
-112
-118
-122
-111
-90
-94
-81
-80
-95
-79
-84
-89
-72
-66
-67
-47
-33
-65
-42
-22
-28
-20
-7
-8
-10
-13
-11
0
0
-26
-13
0
-18
-8
-18
-15
-8
-4
0
6
19
14
5
-2
16
33
28
4
-9
2
21
24
-14
-19
-17
-33
-34
-25
-30
-37
-34
-55
-50
-45
-68
-44
-44
-56
-52
-59
-72
-70
-61
-50
-45
-67
-73
-60
-69
-72
-48
-48
-44
-48
-57
-59
-59
-69
-80
-76
-85
-82
-83
-83
-85
-84
-94
-93
-95
-91
-86
-62
-81
-82
-43
-63
-66
-62
-86
-79
-76
-88
-83
-96
-91
-94
-96
-82
-89
-85
-75
-113
-106
-102
-127
-139
-126
-109
-128
-129
-131
-132
-119
-157
-144
-146
-161
-143
-163
-141
-140
-142
-132
-139
-133
-130
-116
-134
-137
-122
-126
-118
-122
-114
-101
-105
-108
-77
-82
-84
-76
-64
-61
-74
-68
-60
-51
-54
-51
-13
-20
-26
-20
-17
6
-2
8
10
11
15
25
36
25
28
47
33
38
44
47
44
32
46
50
62
75
61
77
64
62
60
54
47
45
55
51
51
42
47
61
63
67
74
68
72
69
59
60
71
69
74
68
65
97
102
113
128
135
146
147
146
166
169
196
190
188
201
181
195
196
193
198
190
205
213
193
201
203
199
195
185
181
168
178
164
166
162
139
127
131
136
110
129
128
99
103
89
84
85
77
77
62
34
36
41
7
13
15
6
4
-1
5
12
-21
-29
-7
-7
-23
-40
-22
-19
-50
-58
-31
-49
-74
-64
-63
-61
-67
-67
-71
-56
-56
-60
-48
-63
-72
-69
-69
-84
-89
-69
-88
-72
-59
-60
-62
-82
-75
-74
-92
-89
-77
-69
-70
-66
-61
-60
-61
-58
-54
-66
-70
-47
-38
-51
-44
-35
-37
-33
-14
-3
-2
8
17
17
29
12
30
35
7
26
22
29
43
42
46
46
51
63
85
70
60
71
82
70
69
92
112
137
121
132
145
123
130
129
120
116
122
119
116
118
122
92
101
103
91
87
96
94
90
79
71
102
98
82
107
106
91
99
106
120
118
124
100
105
96
91
91
88
95
80
84
90
76
81
95
73
76
67
58
58
32
45
50
53
45
50
50
31
34
34
27
7
7
-10
-11
-22
-28
-27
-35
-24
-36
-35
-58
-64
-62
-77
-87
-100
-81
-78
-88
-97
-91
-93
-105
-98
-104
-100
-98
-113
-100
-111
-111
-108
-122
-114
-110
-104
-105
-115
-117
-114
-107
-86
-102
-101
-86
-106
-101
-96
-96
-99
-94
-106
-88
-99
-124
-96
-105
-110
-97
-92
-80
-84
-79
-91
-83
-72
-83
-84
-71
-83
-83
-56
-67
-63
-71
-49
-22
-34
-26
-3
8
24
15
20
51
46
37
37
49
49
48
63
45
45
63
50
60
69
54
67
62
75
79
68
74
75
77
83
73
77
84
81
71
69
82
72
67
68
53
43
71
46
40
42
24
48
43
33
26
28
34
40
39
27
47
37
38
41
34
40
47
67
56
44
39
41
38
42
50
37
36
56
57
44
51
60
62
42
41
71
63
56
67
60
58
60
44
55
48
45
52
50
54
41
27
22
17
13
11
-2
-7
-11
-11
-8
-29
-10
-5
-25
-28
-33
-41
-43
-43
-65
-54
-50
-81
-66
-72
-97
-83
-101
-104
-79
-75
-81
-80
-74
-85
-98
-94
-85
-93
-70
-73
-74
-56
-67
-80
-62
-37
-49
-37
-26
-33
-23
-46
-54
-45
-40
-58
-57
-55
-66
-69
-69
-65
-58
-60
-71
-59
-62
-67
-70
-66
-72
-65
-64
-76
-68
-79
-62
-62
-52
-64
-54
-54
-46
-28
-30
-17
-34
-38
-30
-23
-26
-30
-28
-42
-29
-27
-20
0
-3
8
23
0
14
42
29
35
27
30
34
42
53
34
39
54
64
45
41
42
41
53
45
38
40
47
33
23
28
35
23
17
25
4
11
22
13
9
26
30
16
23
17
16
28
39
41
55
62
63
81
82
77
68
82
73
63
73
59
78
69
57
68
64
54
66
54
26
26
27
27
22
14
15
13
-2
-18
-21
-19
-40
-54
-52
-65
-70
-80
-95
-91
-97
-86
-72
-84
-105
-106
-90
-86
-118
-100
-109
-102
-83
-74
-72
-62
-55
-76
-63
-76
-66
-54
-66
-70
-67
-51
-78
-82
-66
-68
-61
-79
-77
-92
-107
-109
-102
-84
-92
-80
-85
-85
-72
-67
-86
-89
-77
-87
-74
-57
-69
-36
-65
-56
-22
-47
-31
-48
-31
-19
-19
-1
9
-1
11
23
19
29
29
45
38
37
52
65
72
69
81
94
74
57
54
62
51
43
61
64
64
62
74
67
59
89
91
79
83
94
99
74
80
89
78
88
84
89
92
95
101
97
110
113
103
100
108
97
100
97
100
79
73
85
69
84
79
40
49
48
52
55
45
39
32
43
19
20
40
30
25
16
9
18
14
-7
-19
-9
-29
-27
-19
-38
-22
-27
-32
-44
-64
-63
-61
-74
-89
-94
-102
-124
-141
-136
-133
-130
-142
-156
-137
-139
-132
-137
-151
-153
-160
-134
-117
-126
-134
-129
-130
-137
-137
-125
-123
-124
-113
-111
-131
-137
-121
-128
-124
-120
-118
-117
-108
-93
-99
-85
-100
-103
-74
-89
-82
-69
-73
-68
-67
-71
-59
-56
-74
-59
-64
-88
-71
-57
-82
-96
-76
-83
-86
-70
-71
-69
-62
-72
-78
-62
-47
-64
-62
-65
-81
-77
-63
-66
-61
-40
-34
-30
-26
-39
-17
-17
-30
21
22
22
49
39
31
48
37
28
37
40
49
37
61
56
65
72
62
86
82
74
63
72
84
73
52
57
47
40
41
36
42
33
18
16
19
17
11
17
0
-12
13
18
24
48
66
45
59
54
56
70
66
79
67
61
85
72
78
97
75
80
86
73
59
81
75
64
72
49
41
62
47
36
37
0
12
-10
-12
11
-11
17
-8
-6
-10
-22
-43
-42
-28
-53
-49
-58
-64
-74
-61
-68
-87
-59
-62
-68
-67
-69
-74
-66
-58
-66
-68
-70
-76
-56
-35
-50
-37
-35
-47
-20
-29
-32
-2
-18
-12
3
5
11
24
35
51
49
50
64
57
52
63
63
61
75
69
83
76
73
63
41
51
58
67
52
44
53
41
45
51
43
61
51
53
66
49
61
67
55
47
50
51
66
62
62
68
57
70
73
75
76
78
86
78
98
105
108
119
111
104
122
95
116
137
117
128
124
133
150
148
141
143
118
126
118
103
102
102
112
99
89
91
93
81
83
63
53
41
32
42
49
37
40
36
21
28
29
28
39
21
22
36
18
23
17
17
6
16
17
14
11
20
20
9
17
27
-10
22
28
15
43
28
19
28
12
-5
9
13
21
6
18
4
-2
10
-5
3
3
-14
-22
-21
-19
-21
-27
-26
-22
-20
-23
-27
-30
-48
-34
-48
-72
-53
-66
-80
-60
-78
-74
-54
-77
-64
-61
-74
-66
-50
-47
-53
-58
-65
-59
-48
-41
-36
-19
-29
-25
-15
-25
-15
-8
-14
-5
6
13
39
29
27
62
67
62
73
75
88
96
103
122
130
137
139
149
135
118
130
129
120
119
126
119
117
124
143
148
129
130
146
135
119
129
130
148
137
142
172
163
137
134
138
136
115
119
131
111
120
141
143
119
103
100
106
115
114
99
116
108
111
108
95
97
89
89
97
85
68
79
78
83
88
73
82
81
54
41
29
29
36
25
-3
0
-6
-25
-15
-14
-9
-3
-19
-12
-1
-4
4
-2
6
10
7
24
-6
6
-9
-2
21
-7
-1
-13
-12
-13
-24
-17
-38
-20
-13
-27
-22
-22
-16
-25
-46
-51
-49
-58
-49
-30
-43
-35
-19
-28
-25
-25
-37
-16
-22
-39
-21
-13
-28
-27
-25
-12
-14
-32
-30
-22
-28
-24
-15
-13
-6
-11
10
11
-6
11
0
4
-4
2
28
20
29
35
41
57
56
58
71
76
77
95
104
92
60
79
93
86
93
94
108
108
118
114
133
139
140
149
145
139
136
139
155
153
149
163
144
145
136
132
152
150
160
163
164
163
165
160
143
139
148
157
149
161
160
168
162
138
133
148
135
149
132
128
130
108
114
96
94
89
71
56
59
67
54
53
63
43
30
32
20
46
39
26
10
6
-8
-5
-10
-29
13
5
6
16
1
2
-10
-21
-3
-12
-12
-16
-33
-27
-42
-59
-62
-50
-58
-68
-49
-54
-52
-43
-57
-54
-58
-62
-69
-78
-60
-72
-89
-79
-87
-79
-83
-102
-84
-81
-89
-90
-65
-65
-59
-51
-68
-48
-51
-60
-48
-40
-35
-41
-23
-30
-34
6
-9
-27
-1
9
25
28
33
45
56
42
44
57
38
40
62
69
74
90
88
94
90
84
88
95
82
78
98
82
74
88
94
97
83
82
77
77
77
70
85
70
93
105
93
105
100
108
119
117
120
129
118
122
109
124
126
97
122
132
102
99
95
95
101
107
124
119
126
127
129
115
132
117
123
126
122
117
101
114
89
89
80
73
88
68
60
54
51
53
27
29
13
8
2
1
-1
-3
-8
-14
2
-11
-30
-8
5
3
1
-5
30
35
11
11
25
19
3
-7
4
-8
-17
-11
2
-6
-20
-4
-18
-23
-46
-38
-16
-23
-40
-17
-26
-37
-41
-68
-42
-58
-82
-62
-58
-64
-74
-70
-87
-84
-64
-66
-62
-68
-66
-54
-69
-77
-58
-70
-64
-67
-52
-31
-44
-24
-18
-17
-13
-39
-27
-23
-36
-19
1
-4
-9
-13
-2
8
3
11
20
18
31
38
49
53
63
71
67
82
62
90
89
84
109
100
101
116
121
117
116
106
118
107
97
107
92
104
96
105
94
105
93
92
87
85
74
58
72
58
58
69
52
66
63
40
50
56
45
50
57
62
76
61
55
70
42
55
75
75
67
52
59
42
38
35
55
51
41
45
55
42
21
20
14
0
-9
-7
-11
-19
-18
-34
-33
-25
-39
-32
-22
-50
-55
-21
-52
-62
-41
-63
-45
-47
-78
-64
-59
-58
-37
-38
-46
-45
-58
-63
-79
-58
-69
-51
-59
-63
-45
-48
-37
-48
-52
-44
-29
-44
-32
-24
-41
-34
-22
-22
-21
-25
-34
-21
-31
-22
-18
-20
-2
-20
-35
-35
-39
-42
-38
-41
-26
-19
-26
-37
-16
-8
-24
-4
-5
-13
-4
-21
-11
13
11
12
20
7
16
19
15
28
32
37
27
47
55
58
61
63
76
72
70
67
56
62
60
68
75
63
66
70
70
67
58
56
71
49
52
51
59
58
48
60
72
58
42
51
62
61
59
63
64
57
47
53
45
45
47
62
70
65
64
87
77
65
63
76
86
57
69
73
61
58
54
62
36
47
50
49
53
46
45
53
47
43
51
43
40
43
30
35
44
37
36
18
2
11
20
-14
-4
1
-20
-37
-42
-30
-32
-33
-37
-36
-42
-50
-45
-53
-70
-72
-60
-62
-74
-68
-76
-79
-88
-105
-96
-98
-101
-103
-98
-100
-111
-96
-104
-116
-100
-109
-103
-99
-125
-102
-78
-92
-84
-78
-104
-104
-73
-84
-81
-84
-73
-69
-83
-63
-73
-71
-63
-77
-71
-70
-83
-56
-77
-87
-88
-90
-68
-72
-55
-67
-64
-69
-71
-56
-59
-91
-81
-71
-84
-54
-42
-48
-26
-22
-21
-16
-14
3
-13
-7
-12
-9
-21
-15
-1
5
1
4
17
24
29
31
39
26
36
39
40
50
61
59
50
39
31
38
24
22
7
9
8
6
-6
-10
-5
-14
-19
-42
-32
-28
-43
-48
-48
-49
-65
-80
-63
-74
-78
-93
-83
-66
-73
-65
-59
-58
-57
-65
-53
-55
-59
-58
-68
-51
-48
-63
-53
-71
-81
-71
-79
-83
-77
-93
-103
-104
-114
-123
-123
-138
-143
-127
-143
-137
-137
-124
-129
-130
-122
-123
-118
-129
-133
-129
-109
-120
-131
-136
-133
-122
-145
-160
-153
-160
-143
-165
-170
-148
-168
-145
-135
-146
-130
-123
-119
-100
-122
-120
-118
-124
-127
-126
-114
-133
-115
-111
-107
-97
-94
-74
-74
-75
-79
-81
-88
-102
-108
-102
-88
-88
-93
-85
-69
-80
-77
-62
-74
-73
-73
-87
-83
-73
-90
-78
-60
-74
-66
-62
-81
-72
-62
-76
-61
-90
-95
-86
-100
-89
-91
-99
-93
-98
-99
-80
-92
-91
-76
-84
-88
-83
-84
-68
-68
-65
-45
-40
-49
-50
-51
-50
-42
-25
-27
-28
-28
-49
-59
-67
-64
-66
-64
-74
-73
-74
-85
-78
-78
-81
-87
-94
-99
-89
-86
-92
-91
-88
-87
-95
-75
-108
-94
-101
-108
-75
-89
-95
-80
-80
-101
-86
-106
-120
-116
-123
-129
-125
-128
-142
-133
-137
-152
-144
-140
-155
-147
-160
-165
-148
-151
-157
-153
-163
-192
-181
-183
-192
-194
-197
-200
-206
-201
-211
-216
-215
-210
-205
-195
-185
-193
-181
-187
-189
-181
-193
-192
-189
-176
-151
-154
-175
-166
-159
-165
-164
-152
-161
-162
-159
-156
-161
-168
-161
-164
-163
-146
-142
-144
-139
-132
-139
-132
-121
-128
-138
-120
-129
-113
-95
-109
-92
-102
-109
-83
-82
-97
-75
-72
-74
-70
-86
-83
-68
-82
-82
-70
-64
-66
-70
-73
-85
-106
-111
-114
-117
-104
-101
-107
-106
-110
-105
-99
-111
-103
-98
-84
-101
-102
-102
-116
-112
-121
-107
-122
-117
-102
-128
-132
-135
-137
-128
-142
-155
-159
-175
-179
-178
-172
-172
-158
-166
-184
-153
-166
-183
-175
-163
-170
-160
-157
-159
-137
-143
-144
-140
-152
-159
-164
-153
-163
-153
-153
-151
-129
-121
-123
-127
-100
-85
-100
-88
-101
-97
-93
-95
-94
-85
-90
-103
-74
-89
-83
-84
-81
-83
-83
-92
-94
-98
-95
-105
-107
-93
-105
-92
-99
-97
-108
-105
-98
-90
-77
-74
-83
-87
-94
-92
-86
-80
-74
-90
-116
-90
-105
-125
-88
-97
-84
-77
-82
-85
-77
-98
-98
-99
-124
-121
-120
-98
-87
-92
-89
-90
-108
-93
-85
-82
-80
-93
-81
-64
-72
-64
-62
-77
-67
-55
-63
-62
-49
-45
-44
-51
-37
-44
-47
-49
-49
-53
-52
-44
-39
-49
-53
-46
-60
-51
-44
-51
-30
-28
-42
-23
-26
-1
21
18
15
15
17
10
20
26
30
23
25
26
27
33
20
24
16
2
3
4
22
14
11
2
-7
-12
-26
-18
-18
-9
-4
-8
-12
-8
-5
1
14
1
12
8
8
-1
1
6
-3
4
0
-5
-8
-4
-4
-4
-26
-13
-19
-33
-44
-44
-23
-41
-55
-43
-56
-44
-41
-47
-56
-58
-56
-59
-54
-59
-42
-56
-72
-52
-53
-49
-40
-61
-50
-46
-61
-41
-30
-27
-19
-5
3
11
11
19
21
17
19
18
21
20
11
8
-2
-11
12
-10
12
20
9
1
7
2
9
13
-2
9
9
10
7
23
26
24
23
38
27
17
38
42
60
49
45
63
52
55
68
67
71
73
77
79
87
78
95
91
93
101
99
93
85
87
88
80
92
105
99
103
90
98
101
87
90
89
94
89
81
91
84
68
91
88
77
78
56
71
62
52
68
67
60
59
70
51
64
63
54
67
57
50
59
65
53
61
64
55
66
63
71
57
84
73
65
71
37
64
71
49
54
71
61
60
70
65
69
66
74
97
86
81
87
90
76
83
89
75
78
67
63
71
59
47
75
64
45
49
58
65
54
57
72
72
65
47
53
54
54
73
59
80
70
54
60
45
46
56
61
40
51
58
58
55
71
58
38
49
43
39
43
46
57
68
46
61
68
72
91
86
74
78
84
79
68
58
60
68
57
47
70
64
61
52
76
93
103
108
101
114
116
104
103
116
107
109
116
107
116
114
121
132
135
127
126
138
140
167
158
147
154
158
152
148
158
164
180
174
173
172
161
155
160
169
160
149
148
155
145
142
137
134
110
119
117
109
105
88
109
107
101
93
104
103
107
113
121
114
104
117
120
108
108
127
134
127
124
127
118
135
147
148
147
133
152
151
141
142
146
138
134
150
139
146
153
128
162
143
132
135
129
121
119
115
122
120
90
144
123
108
139
127
121
123
118
104
116
94
113
129
95
118
106
99
118
91
96
122
107
102
110
110
104
104
110
119
104
82
83
78
50
67
59
56
49
49
60
53
31
27
45
29
33
24
29
35
42
35
29
13
-1
17
4
9
1
1
3
20
23
32
9
5
30
6
6
25
27
20
42
31
54
75
65
71
90
95
101
116
130
136
134
131
129
132
139
134
138
120
137
155
141
153
148
154
141
145
132
157
147
118
136
119
130
126
113
116
96
85
86
76
74
70
49
51
62
53
44
56
54
55
37
38
44
32
45
40
47
61
47
50
49
33
55
46
61
68
55
54
53
67
59
54
49
51
55
65
75
65
73
83
75
81
90
79
86
82
71
103
95
104
98
83
102
85
85
87
71
59
77
86
74
81
62
80
74
51
65
67
78
69
78
77
55
51
46
49
57
50
64
69
53
41
50
48
38
44
56
42
48
58
31
32
25
19
3
-23
-23
-8
-8
-21
-18
-17
-19
-29
-35
-24
-37
-46
-34
-42
-40
-24
-30
-21
-13
-23
-8
3
-14
-2
18
3
13
29
35
25
28
22
27
29
31
48
48
42
46
56
44
48
69
65
69
82
71
75
94
90
89
81
88
78
66
71
61
65
65
60
53
45
20
34
37
28
28
3
14
21
11
6
1
3
14
31
18
12
16
4
27
36
21
24
34
23
38
54
43
53
55
39
54
67
53
69
82
75
87
95
71
66
66
65
79
71
57
62
54
51
65
66
64
55
43
43
49
54
32
35
39
31
21
32
22
-6
14
16
5
12
-8
-23
-3
-26
-34
-24
-35
-45
-44
-40
-30
-11
-29
-41
-26
-28
-28
-36
-64
-64
-71
-82
-74
-83
-86
-82
-89
-93
-86
-94
-89
-80
-87
-75
-78
-91
-70
-57
-65
-58
-75
-74
-68
-83
-74
-62
-63
-65
-70
-68
-57
-69
-49
-57
-63
-23
-19
-20
-4
-16
6
3
-4
5
-11
10
6
3
4
-1
-14
-12
-11
-14
-16
-18
-18
-7
-9
-11
0
4
2
1
-3
-5
-22
-21
-7
-8
-12
-12
-7
-23
-27
-15
-14
-29
-3
-7
-20
11
7
17
28
5
10
17
7
11
14
21
23
16
16
16
15
10
33
48
41
44
62
57
65
67
61
71
80
84
79
101
93
97
86
80
68
42
68
60
59
55
60
74
59
48
66
59
60
72
62
49
13
15
11
3
3
-23
-48
-42
-53
-48
-70
-71
-59
-71
-86
-70
-92
-110
-100
-131
-111
-116
-145
-125
-124
-125
-127
-140
-140
-157
-167
-160
-145
-159
-169
-165
-167
-164
-176
-186
-158
-177
-170
-151
-180
-151
-150
-143
-148
-138
-151
-142
-155
-143
-190
-155
-180
-138
-182
-197
-259
-233
-275
-218
-470
-1470
-1970
-2232
-700
72
10
-1215
-2345
-2349
-1299
-1004
-1326
-2675
-3322
-1764
-1308
-272
-1575
-2501
-1827
-992
-35
-202
-1105
-734
272
1894
2771
1810
1247
1417
2853
3943
5377
5053
4827
5338
5801
6865
6749
5789
5348
4508
976
1994
2340
3852
3929
-211
-1136
-2576
-2949
-1506
-3219
-4693
-3297
-4327
-3393
-4286
-7207
-5277
-5147
-2770
-858
-3380
-3101
-3691
-3023
487
1862
2246
2219
539
1969
2892
2682
4511
3585
3726
3663
2185
2299
1164
877
1720
793
460
-282
-2318
-2546
-2889
-2157
-1123
-2105
-2399
-3574
-4209
-3710
-3308
-2352
-1872
-3237
-1747
-2095
-1116
-68
-1871
-488
-492
376
1065
-145
416
742
120
1909
633
-481
49
-861
427
190
-540
-618
-2104
-1252
-706
-829
-465
-1301
-1116
-143
402
1093
947
1342
2158
2653
3758
3988
4607
5333
5394
5739
5565
5440
5300
1790
2237
3481
4480
5023
1102
-819
-1588
-2209
-482
-1621
-3873
-3222
-4519
-4108
-4290
-6866
-5626
-5527
-4484
-2398
-4256
-4323
-4263
-4133
-725
884
1006
1311
-402
863
2478
2659
4443
3770
3319
3481
2498
2998
2729
2003
2469
1370
874
325
-1567
-2133
-2594
-2712
-2367
-3057
-3610
-4581
-5570
-4682
-3902
-2958
-3164
-3473
-3394
-3064
-1962
-1375
-1103
-613
-182
619
785
519
744
1197
2237
2910
2592
2417
1822
1926
2576
3149
3338
3067
2967
3034
3691
4110
4101
3652
4101
4509
5140
5293
3778
2822
529
-1229
1533
2597
3716
1702
-1901
-1973
-2333
-2246
-1035
-3124
-3025
-1862
-3388
-2873
-5525
-6544
-3894
-3169
-1030
-1483
-4305
-4166
-3714
-1670
1969
1762
1206
671
-686
1636
2337
2748
3862
2509
2516
2104
1138
1484
737
646
1347
542
20
-1097
-2733
-2440
-2105
-1146
-992
-2471
-3231
-4903
-4836
-3413
-2463
-1944
-3027
-3276
-2920
-2479
-1545
-1328
-1180
-187
-128
65
-468
-1036
-202
214
1255
1164
-17
-484
-1037
-432
630
932
900
341
320
866
1612
2621
3613
3431
4261
4289
4916
6015
5700
6077
6283
5593
5731
2792
467
2987
3652
5874
3543
-722
-1441
-2752
-2052
-553
-2996
-3094
-3175
-5114
-4303
-6601
-7080
-4763
-4922
-2796
-3023
-5189
-4549
-4452
-2307
1404
1589
1571
1021
-161
2312
3217
4083
5502
4158
3903
3184
2193
2987
2752
2376
2513
900
195
-511
-1965
-1910
-2257
-2023
-1901
-3535
-3979
-5948
-6817
-4682
-4122
-3368
-4185
-5288
-4395
-3665
-2357
-1600
-2589
-1602
-1087
-858
-185
-1100
-894
112
602
861
29
-267
-218
-39
1217
1724
1704
1427
1416
2311
3788
4628
5178
5031
5416
6319
6243
7595
7317
7232
6909
5494
1747
1310
3230
5738
6196
1991
-39
-1736
-2123
-1225
-2097
-3349
-2506
-3072
-3570
-5319
-8423
-7096
-5641
-3873
-2187
-4463
-5617
-5808
-4926
-1300
1047
1308
1479
259
825
2499
2624
4391
4858
4798
5026
3343
2724
2258
1604
2523
2753
1974
1036
-1324
-2684
-2725
-2541
-1261
-1844
-3496
-4379
-6033
-7873
-5411
-4577
-2900
-3443
-5883
-4595
-5174
-2422
-1245
-2200
-1256
-743
-806
-150
-1492
-1201
201
599
2419
357
-772
-670
-989
1623
2060
2003
1348
167
1648
1927
3946
4769
5298
5360
5578
5834
6373
7241
7554
8787
7625
5958
390
584
4008
6670
7188
2299
-503
-1639
-2165
-1440
-2388
-3902
-2236
-2279
-3470
-5643
-9939
-8332
-5773
-3655
-1385
-4473
-6584
-7016
-6181
-1419
1711
1557
1622
-211
251
2372
2357
4663
5471
5364
5662
3624
2736
2542
2005
3331
3917
2982
1902
-1074
-2821
-2662
-2284
-841
-1024
-3254
-4327
-7517
-7672
-5446
-4092
-2625
-4423
-5147
-4777
-4491
-2802
-2162
-2479
-759
-515
-518
-957
-2671
-1353
-345
1205
1624
-577
-1453
-2042
-1029
699
1397
1126
708
305
725
1969
2817
4402
5311
5556
5820
5406
5978
6965
7971
9477
9532
6912
1353
279
4032
8099
8849
4305
681
-710
-1193
-655
-1416
-3300
-1661
-1208
-2240
-4776
-9745
-9226
-6564
-3763
-1330
-3939
-7105
-8487
-7919
-3266
1162
1569
1197
-818
-1366
824
1595
3846
5403
5241
5312
3570
2003
2008
1929
3395
4538
3445
2012
-912
-3363
-2962
-2613
-685
-652
-3138
-4885
-8716
-8229
-6252
-4041
-3022
-4931
-5076
-5065
-4864
-3648
-2928
-2047
-184
71
174
-1194
-2412
-572
570
2857
2476
703
-119
-954
404
1615
2423
2405
1759
1000
1553
1576
2819
4112
4938
6032
5248
5058
4595
5412
6955
8476
8532
5664
-552
-754
2935
6842
7420
2460
18
-1248
-1877
-1174
-2571
-3604
-1261
-978
-1544
-4652
-9644
-8446
-5823
-2663
-143
-3305
-5993
-7475
-6870
-1897
1774
2178
2124
-202
-398
1299
1666
4368
5721
5689
5870
3640
2246
2170
1872
3617
4575
3485
2261
-1244
-3419
-3421
-3101
-577
-1417
-2493
-6219
-8730
-8121
-7033
-3410
-3913
-4679
-4823
-5345
-5190
-4611
-3971
-1478
-708
-404
-168
-3160
-2512
-1662
-107
2092
828
413
-1149
-1403
10
1096
2084
2734
1935
1442
2332
2463
4645
5035
6535
6822
6270
7425
7176
7408
8677
9075
10009
5147
-566
2315
4985
9063
6961
1040
-221
-1575
-1958
-396
-3904
-3793
-1542
-3045
-2679
-7666
-11217
-7718
-6506
-3124
-2184
-6344
-7437
-8331
-6745
-479
830
851
1131
-1506
782
1613
1927
5269
5420
5958
5932
3213
2654
2555
2123
4608
4303
3214
1832
-2209
-3153
-3292
-2290
-930
-1506
-4485
-6294
-8329
-8287
-5457
-4773
-4145
-4560
-4772
-4713
-5319
-4726
-2302
-1440
-271
406
-1374
-1764
-1746
-616
1349
1416
1324
210
-658
-213
509
1061
1978
2045
1885
1752
1819
3023
4057
5429
5661
5897
6353
7104
8063
8556
8812
9701
9281
3180
750
2942
7713
10847
5668
1490
-423
-1373
78
-282
-3249
-1760
-1976
-2302
-3158
-9389
-9517
-7553
-5583
-2232
-4311
-7334
-8689
-9533
-5674
-546
-246
272
-1418
-2445
455
517
2509
4593
4440
5432
4449
2625
2841
2137
2928
4803
3978
3460
922
-2185
-2937
-2861
-1635
-307
-2342
-5042
-6324
-8661
-7377
-5444
-4620
-3880
-5117
-5040
-5241
-5964
-4072
-2153
-1816
-259
-976
-1775
-1920
-2232
-383
702
1473
1148
-392
-829
-191
660
1735
2351
2087
1773
1651
2424
3825
5234
6421
5776
6309
6604
7386
8387
9252
9639
9883
7091
1080
1903
4584
9811
9352
3505
922
-375
-792
188
-1751
-3214
-431
-1764
-1920
-5487
-10881
-8491
-6524
-3601
-1957
-5685
-8306
-8928
-8419
-3137
302
-500
200
-2192
-1584
665
410
3373
4669
4607
5295
3386
1980
2467
1854
3688
5010
3564
2626
-715
-3202
-2868
-2735
-557
-426
-4405
-5255
-7939
-7955
-5558
-5343
-3638
-4623
-5178
-4308
-5525
-4894
-2651
-2266
40
-251
-1319
-1238
-2535
-742
665
1456
1835
-56
-772
-440
516
1614
2128
1882
1870
1443
2492
3696
4513
6060
5274
6323
6099
7714
8796
9438
9624
8778
7784
1399
2374
4983
9707
10023
4350
759
77
-32
425
-56
-3360
-354
-1080
-2073
-4116
-10238
-8325
-5698
-3609
-2342
-5461
-8876
-8843
-8188
-4204
294
-1794
-1156
-2899
-2835
440
-60
2095
3700
3405
4080
2919
1313
2298
2074
3064
4751
3130
2431
-248
-2661
-2296
-1539
-377
-316
-4054
-5469
-6614
-7062
-4764
-4537
-3991
-4913
-5330
-4676
-4625
-4630
-3036
-2202
-1275
-893
-1914
-2120
-2341
-1210
305
1000
721
-965
-1477
-670
919
2088
2276
1578
1387
1824
3404
5171
5796
6804
5710
6798
7243
8839
10187
10815
10548
9760
5556
224
3347
6631
11877
8848
2268
-537
-1731
-593
917
-1438
-2973
-935
-2791
-2834
-7034
-11048
-6928
-5023
-2392
-2850
-7519
-9212
-8698
-6601
-653
1239
-1236
-1407
-3795
-1066
1900
1721
4326
4143
3522
3866
2014
1849
3219
2650
4044
3748
1641
912
-2222
-2938
-2103
-1614
-902
-3402
-6615
-7382
-7697
-6551
-5002
-5131
-5720
-6752
-6377
-5274
-4908
-3548
-2404
-1783
-1637
-1750
-1821
-1720
-783
544
1431
1456
261
-937
-782
447
2018
2631
2314
1144
737
1597
3694
5501
6724
6355
5478
5877
6543
8587
10313
11527
10505
8377
883
196
5033
9604
12784
5743
894
-438
-1556
634
952
-2371
-174
-389
-2341
-3453
-10424
-9357
-4630
-3221
-547
-4760
-9685
-9858
-9318
-4242
1743
-269
-1839
-3933
-5302
-381
568
2310
4470
2687
2687
1854
141
1835
2649
3027
4988
2975
1367
-436
-3546
-1852
-325
585
822
-5512
-7328
-7456
-6954
-3259
-3743
-4883
-5954
-7333
-5667
-4799
-5377
-2326
-2211
-1681
-1300
-3524
-2564
-2194
-629
1660
1458
748
-1114
-1916
-347
1563
2657
3185
1770
1013
1359
2703
5438
7001
7534
6938
6446
6886
8217
9015
11309
11662
11222
5784
-868
1939
6694
12069
10119
2736
-625
-1529
-1452
797
-1388
-2350
284
-2054
-2738
-7512
-11385
-6799
-3888
-1636
-1895
-6995
-9709
-9258
-7413
-232
2101
-534
-1494
-4647
-2331
669
1292
4357
4512
3208
2730
660
607
2701
2419
3680
3793
1824
902
-2626
-3822
-1858
-742
496
-1820
-7108
-7299
-8541
-6480
-3667
-4698
-4825
-7279
-7491
-5544
-5443
-4370
-2424
-3011
-1867
-2585
-3320
-2374
-2268
47
1164
791
32
-1668
-1051
566
2141
2920
2388
1589
1402
2095
4693
6329
7622
7411
6758
7411
8337
9181
10747
11531
11000
9209
1286
1816
5445
9855
11713
5093
470
-692
-1632
82
64
-3260
-492
-944
-3032
-4725
-11153
-8744
-4252
-2833
-1252
-5348
-9205
-8672
-7691
-2941
2441
4
-916
-2771
-3312
1184
1429
3177
4927
3586
3223
1994
347
2210
3038
2684
3776
1613
936
-792
-3531
-2530
-1387
-501
-1783
-5693
-7337
-7268
-6596
-5033
-5054
-5642
-6630
-7003
-6019
-5298
-4426
-3269
-2778
-2596
-2841
-2750
-2337
-1826
-549
558
771
-57
-1360
-985
420
1874
2620
1741
1404
1202
1542
3734
5687
6490
7431
6152
6990
7405
8538
9955
10913
10540
10115
4181
512
4408
7685
12136
7641
1384
-339
-942
-183
1244
-2052
-2068
-359
-2647
-2881
-8097
-10317
-5364
-3588
-1684
-3394
-8281
-8953
-7726
-5186
949
1011
-1486
-1970
-3901
-26
2290
2291
4471
3574
2812
2789
1130
1860
3595
2675
3353
2122
640
559
-2073
-2311
-1085
-1523
-1418
-3912
-6722
-6281
-6606
-5756
-4854
-5624
-6238
-7248
-7434
-5288
-4749
-4037
-3004
-3920
-3974
-3278
-2747
-1763
-1387
-664
195
-471
-833
-906
-219
1252
2298
2175
2063
1469
1822
3252
5572
7082
7908
7454
6809
7325
7544
9900
11374
12354
11313
6975
145
2227
7025
11568
10692
2744
-436
-720
-409
984
-990
-3461
-804
-1351
-2648
-5661
-11346
-8044
-3702
-1980
-1581
-6758
-9840
-8649
-6380
-807
2497
-812
-1923
-3378
-1924
2605
2633
4067
4639
3019
3110
2126
1454
3504
3585
3227
3399
1025
696
-1036
-3051
-1346
-999
-614
-2660
-6275
-7344
-6465
-5951
-4948
-5309
-6625
-6844
-7641
-6034
-5275
-4961
-3737
-3333
-3606
-3549
-3308
-2864
-1611
-945
229
242
-781
-914
-641
759
2086
2531
2371
1856
2318
2708
4731
6394
7359
8046
7090
7109
7610
8686
10390
12126
11218
10130
3504
185
5221
8984
12149
7085
406
-274
-80
307
1208
-2453
-2422
-112
-2371
-3279
-8278
-10543
-4967
-2726
-1840
-3877
-9182
-9668
-7338
-4497
1166
694
-2669
-2826
-4027
-201
2626
2438
4260
3423
1997
2146
1050
1839
4172
3206
3336
2177
142
190
-1903
-1811
-292
-346
-1954
-3970
-6865
-5540
-4751
-5511
-4562
-6040
-5893
-6179
-6510
-5535
-4918
-4741
-3005
-3480
-4559
-3644
-3671
-2024
-1257
-1191
-574
-1365
-1294
-547
426
1098
1755
1175
1648
2507
2809
4678
5354
6000
6785
6625
8076
8605
8867
9690
10607
11537
10888
8675
2110
2672
7111
11268
11572
3788
-947
-561
932
2290
1435
-3213
-2080
-1823
-3137
-3537
-8808
-7985
-4084
-3248
-3027
-6517
-10034
-8375
-5763
-2803
1128
-1904
-3582
-3346
-2946
1905
2794
2884
3831
2291
1762
2295
1980
3804
4853
2890
3000
1035
637
636
-835
-543
231
-1464
-3666
-4634
-6600
-3419
-4420
-5493
-5963
-7140
-6309
-6189
-6512
-5383
-4971
-5555
-3689
-5356
-5326
-3836
-3559
-1548
-2319
-2319
-2002
-2159
-977
241
689
1071
1405
654
2154
2639
4060
5197
5849
6729
6419
6805
7224
8904
9794
11120
10913
10690
9490
7854
3406
3599
8143
10630
10799
3381
-902
-250
1192
2555
1474
-2557
-2237
-1768
-3549
-3976
-8073
-7343
-3273
-3804
-4302
-7782
-10252
-7719
-5245
-2924
-474
-3274
-4869
-3652
-2773
1528
2150
1542
2659
1564
1458
2190
2011
3688
4478
2908
2704
1585
908
1412
65
332
744
-1992
-1866
-3872
-3871
-2463
-4191
-4690
-5333
-5643
-4873
-5478
-5666
-4129
-5505
-4711
-4419
-5526
-4206
-4214
-2953
-2519
-3404
-2965
-2593
-2025
-726
-327
-407
398
70
1072
1985
2700
4096
4102
5452
5374
6268
7035
7819
8680
8334
9888
10925
12027
10982
9202
5623
3310
7011
10211
11952
6663
1006
196
2347
3327
2011
-1177
-2671
-328
-1410
-2715
-6567
-8773
-5237
-3342
-3525
-6730
-9881
-9661
-6919
-4954
-3041
-2978
-5544
-4624
-4089
-1519
176
-403
961
1432
1427
1372
1233
1578
3020
3219
3158
2973
1623
1104
594
366
789
-77
-833
-1142
-2328
-2487
-3379
-4484
-4442
-3771
-3690
-4470
-5496
-5466
-5371
-5499
-4921
-4747
-4729
-4544
-4389
-4266
-4326
-3888
-3052
-1988
-1606
-1351
-1481
-1001
43
1085
2030
2600
3352
3656
4395
5118
6229
6885
8108
8059
8591
9221
10238
11024
10744
10371
9303
6330
4331
7514
9943
10661
5753
1018
1250
3205
3601
2105
-1023
-1587
13
-1163
-3132
-6145
-7376
-4236
-3509
-5065
-7520
-9504
-8537
-6728
-5721
-4497
-4635
-6156
-5145
-4533
-3158
-2112
-2016
-320
472
-65
-466
-539
204
2446
2836
2770
1909
428
687
1243
313
438
703
1012
970
-1791
-2857
-3036
-2319
-1306
-1625
-3242
-3753
-4389
-4158
-4134
-4766
-3877
-3764
-3946
-4624
-5335
-4882
-4175
-3262
-2393
-2225
-2655
-2687
-2211
-809
786
1430
2133
2363
2943
3532
4463
5830
7050
7485
7438
7760
8971
11013
11306
11026
9530
8828
6413
6082
8626
10387
10186
5644
2332
2236
3846
3637
2602
77
-357
227
-1812
-3626
-5804
-5523
-3084
-3481
-6098
-8627
-9491
-8126
-6069
-6147
-5425
-6360
-7393
-6358
-5855
-4019
-3290
-2814
-1929
-1660
-2120
-1935
-1115
32
1784
1625
1010
421
-72
321
956
1306
926
1070
495
19
-889
-1164
-1078
-1077
-1321
-1645
-2043
-2942
-2594
-3168
-3478
-3614
-3500
-3277
-3662
-4004
-4179
-3816
-3410
-2633
-2349
-2206
-2185
-2217
-757
160
1450
2137
2194
3163
3958
4771
5809
6487
7583
8565
8954
9133
9954
10300
10487
8362
5723
7688
9779
11266
8408
4772
3603
4979
4551
3212
1595
610
2084
449
-1923
-4181
-5530
-3541
-2461
-3672
-5974
-8010
-8675
-7198
-6475
-5477
-4801
-6639
-6655
-7021
-6032
-4217
-3562
-2481
-2059
-2792
-3191
-2747
-1719
368
776
196
-547
-1667
-1533
118
1155
1681
1205
90
-627
-986
-649
-244
-342
-715
-707
-1535
-2421
-2681
-2533
-1671
-1579
-2159
-3091
-3683
-3458
-2614
-1677
-1488
-1536
-1991
-1758
-1211
-525
395
1438
2412
2391
3041
3249
4844
6213
7234
8015
8212
8472
8702
7506
4793
7061
9630
12128
9973
5321
3913
5610
6761
6172
4239
2041
2873
1848
-220
-1863
-3570
-2128
-1051
-2894
-5524
-7489
-7846
-6099
-5222
-5280
-4795
-6818
-7463
-6798
-5827
-3971
-3395
-3164
-2590
-3383
-4052
-2817
-1194
550
828
-834
-1441
-1750
-1530
242
1088
1032
134
-979
-1026
-548
-5
161
-315
-999
-906
-1222
-2058
-2306
-1991
-1323
-1617
-2469
-3289
-3188
-2733
-2102
-1932
-1938
-1775
-1870
-1543
-838
560
1538
2007
2010
2286
3478
4662
5396
6381
6692
7496
5409
2994
5261
9008
11101
9025
4899
4203
6835
6686
6168
4358
3516
5255
4103
1293
-798
-2546
-732
952
-1386
-4092
-6300
-7162
-5496
-5507
-5230
-4473
-6661
-7249
-6889
-6244
-4463
-4320
-3916
-2629
-3354
-4026
-3060
-2072
294
989
-122
207
-460
-380
1124
1903
2479
2084
835
671
342
452
1028
181
-306
-518
-1361
-1796
-2349
-1919
-1193
-1668
-2466
-3223
-3428
-2756
-2070
-2176
-2387
-2510
-2174
-1653
-906
-416
896
1543
1757
2130
2931
3904
4953
5172
5721
5023
2028
3209
6418
9202
8431
4457
2893
5102
5829
5541
4504
3266
4437
4364
1950
410
-1636
-776
1196
4
-2522
-4835
-5949
-4708
-4103
-4554
-3714
-5140
-6421
-6251
-6098
-4734
-4136
-3833
-2732
-3071
-4230
-3546
-2360
-629
312
-529
-287
-160
-243
190
1197
2312
2974
2509
2115
1623
1674
2554
2739
2392
1809
1460
1132
594
131
-277
-863
-1108
-923
-1619
-2554
-3282
-3406
-3081
-3016
-2551
-2041
-1960
-2056
-2032
-1386
-273
947
1663
2362
2741
2949
3151
3962
2867
1047
2887
5920
8204
6060
1594
1265
4201
5798
5725
3045
1240
2598
2935
1948
431
-1874
-839
349
-772
-2696
-4715
-5121
-3724
-3714
-3966
-3617
-5135
-5660
-5232
-4480
-3147
-3466
-3432
-2546
-2821
-3296
-2630
-1608
-5
43
-1223
-965
-339
523
591
411
1187
1772
2211
2316
1604
1483
2129
2505
2617
2374
2233
2297
1985
2058
1788
1142
1154
1587
1587
763
-9
-501
-641
-462
-139
152
-189
-628
-1123
-781
-267
286
1092
1180
1335
1590
1657
2208
350
-2107
146
3902
5933
3650
-1117
-1501
1613
2999
3187
1196
-441
760
484
-662
-1507
-3135
-2084
-601
-1945
-3735
-5668
-6421
-4491
-4167
-3923
-3238
-5121
-6109
-5666
-4644
-2221
-1843
-2404
-1944
-2718
-2768
-1211
-230
1199
1256
-172
352
639
1068
1694
1747
2635
3017
2639
2638
1888
1562
2685
3263
3215
2364
1492
1820
1935
2168
2088
1429
1315
1497
1158
849
681
587
581
403
903
1268
1151
1140
821
1370
1925
2425
2896
2811
2539
2788
2875
3142
1897
-1390
-939
2374
4912
3909
-919
-3008
-633
1289
1295
-264
-2268
-1518
-1273
-2597
-3103
-4686
-4428
-2940
-3408
-4667
-6509
-7852
-6695
-5589
-5061
-3873
-5140
-6585
-6555
-5670
-3115
-2072
-2245
-1932
-2337
-2854
-1805
-354
1432
2130
830
853
1255
1494
1981
2367
3450
4154
3596
3196
2745
2432
3439
4186
4133
3423
2237
2187
2329
2428
2607
2160
1611
1470
960
685
816
656
487
399
778
1261
995
551
714
1636
2406
2743
2751
3024
3223
3642
4085
4385
3412
323
-229
2952
6117
5645
1261
-2006
-729
1348
1287
163
-1775
-2152
-2084
-3484
-4154
-5576
-6333
-5295
-4952
-6068
-7837
-9828
-9400
-7683
-7021
-5757
-6436
-8069
-8159
-7301
-5027
-3354
-3386
-3161
-2740
-3169
-2238
-736
837
2072
1151
866
1648
1996
2414
2947
3726
4561
4382
4111
4127
3642
3983
4562
4668
4396
3543
3287
3345
3017
2751
2450
2214
2316
1871
1201
971
631
524
601
1052
1641
1251
596
514
1285
2375
2926
2843
3124
3390
3850
4383
4539
4052
1572
943
3649
6798
6882
3085
-96
990
3192
3316
2219
283
-336
-459
-1579
-1999
-3429
-5145
-5174
-4970
-5567
-7292
-9721
-10189
-9079
-8485
-7524
-7876
-9506
-10222
-9881
-7710
-5690
-5349
-5263
-5277
-5654
-4821
-3064
-1065
84
-886
-1167
-143
909
1481
1879
2816
3914
4086
3899
3978
3768
4104
4732
5109
4973
4318
3961
3889
3752
3476
3356
3333
3173
2554
1735
1389
1331
1445
1493
1677
1673
1274
857
970
1647
2241
2576
2625
2646
2819
3129
3956
4480
4516
2617
447
1290
4577
7213
5750
1666
-190
1605
3438
3706
2232
717
553
-114
-612
-1257
-2844
-3493
-3120
-2973
-4020
-6567
-8631
-7944
-6759
-5852
-5841
-7615
-9229
-9919
-8827
-6342
-5195
-5516
-6204
-6931
-7026
-5755
-3958
-2206
-2294
-3430
-3231
-2258
-1459
-1059
-294
1086
1862
1506
1293
1574
2196
3082
3545
3844
3709
3372
3384
3588
3679
3824
3920
3905
3511
2915
2795
2844
2908
2909
3046
3281
2971
2457
2303
2746
3523
3828
3705
3698
3864
3921
4314
4934
5320
4627
1995
609
2633
6015
7201
4392
582
-45
1882
3355
3360
1741
453
-34
-742
-888
-1655
-2936
-3244
-2807
-2837
-4262
-6863
-7920
-6708
-5460
-4590
-5115
-6901
-8306
-8658
-6797
-4218
-3524
-4482
-5700
-6670
-6199
-4543
-2737
-1649
-2756
-4032
-3863
-3202
-2418
-1613
-706
67
-348
-1139
-663
190
977
1354
1315
1540
1409
1112
1438
1728
2001
2358
2258
2133
1883
1554
1927
2416
2605
2846
2683
2419
2394
2448
3089
3891
3993
3843
3846
4166
4866
5427
6049
6345
5906
4418
2521
2613
5201
8081
8074
4685
1323
1312
3425
5004
4708
2930
1382
200
-394
-352
-746
-1682
-2315
-2596
-3216
-4845
-6857
-7142
-6012
-5019
-4717
-5707
-7291
-8597
-8435
-6138
-3782
-3549
-4939
-6588
-7005
-5789
-3928
-2062
-1594
-2919
-4004
-3897
-2776
-1535
-861
-287
44
-368
-832
-502
279
1072
1283
1155
1025
836
844
946
1056
1383
1763
1722
1279
672
564
1049
1559
1952
1844
1400
1217
1320
1738
2285
2552
2530
2598
2929
3333
3667
4169
4886
5440
5244
4326
3170
2659
4151
6722
8114
6709
3487
1856
3204
5432
6101
4859
2975
1999
1482
1145
1104
646
-143
-970
-1809
-2780
-3993
-4997
-4867
-4263
-4093
-4477
-5723
-6984
-7391
-6600
-4822
-3774
-4537
-6005
-6877
-6606
-5349
-4043
-3111
-3148
-4141
-4915
-4599
-3400
-2134
-1286
-990
-1059
-1439
-1398
-649
317
894
782
695
750
633
516
826
1601
1981
1794
1158
862
915
999
1361
1773
1889
1501
829
608
1176
1610
1710
1689
1937
1928
1789
1755
2096
2981
3992
4506
3875
2950
2545
2565
2693
3754
5198
5963
4945
3130
2580
3352
4426
4945
4675
3787
2668
1617
1348
1948
2058
1212
137
-622
-1213
-2010
-2619
-2450
-2165
-2439
-3078
-3789
-4230
-4337
-4220
-3766
-3449
-3796
-4545
-4996
-4903
-4485
-3975
-3532
-3390
-3698
-4036
-4045
-3650
-2967
-2282
-1626
-1325
-1684
-2081
-1892
-1056
-29
216
-227
-574
-422
251
915
1033
788
577
535
841
1218
1396
1170
735
679
1125
1416
1199
724
614
1134
1185
1015
1130
1153
1130
1129
1114
1791
2109
2359
2737
2537
1911
1909
2437
2856
2570
2110
2790
3693
3834
3323
2817
2468
2625
3130
3567
3325
2354
1740
1840
2014
1636
1063
818
608
324
-309
-767
-867
-942
-905
-930
-1194
-1744
-2367
-2731
-2555
-2326
-2262
-2305
-2530
-2838
-3290
-3497
-3051
-2275
-1684
-1795
-2541
-3181
-3363
-2853
-1804
-1114
-1226
-1931
-2595
-2595
-2160
-1602
-962
-636
-766
-1232
-1568
-1356
-762
-172
82
-213
-635
-867
-799
-492
-209
63
186
30
-338
-624
-656
-298
237
629
582
141
-101
-64
373
1037
1405
1219
862
684
964
1567
1917
2111
2078
2026
2145
2201
2325
2449
2581
3000
3485
3612
3446
3148
3045
3358
3727
3931
3842
3441
3123
3048
3078
2999
2720
2280
1891
1522
1185
1083
931
626
170
-303
-534
-627
-724
-780
-937
-1368
-2014
-2541
-2661
-2523
-2470
-2563
-2825
-3242
-3752
-4097
-3932
-3477
-3225
-3287
-3629
-3907
-3958
-3729
-3190
-2642
-2412
-2600
-2897
-2964
-2628
-2014
-1381
-991
-1055
-1443
-1706
-1503
-879
-330
-60
-87
-326
-547
-584
-273
225
509
370
58
-229
-238
-109
127
388
566
566
323
213
318
636
1110
1468
1579
1512
1428
1586
2010
2484
2908
3111
3019
2875
2975
3432
4011
4323
4351
4244
4116
4126
4327
4518
4532
4266
3847
3541
3308
3098
3026
2884
2504
1783
960
486
359
186
-143
-547
-1121
-1833
-2452
-2709
-2626
-2592
-2881
-3333
-3667
-3894
-3991
-3960
-3727
-3455
-3502
-3784
-4053
-3978
-3590
-3171
-2891
-2829
-2943
-3009
-2904
-2518
-2055
-1756
-1690
-1753
-1803
-1705
-1407
-1116
-896
-849
-986
-1118
-1190
-1132
-916
-830
-806
-756
-802
-807
-894
-911
-649
-299
-38
92
-36
-70
107
429
941
1327
1498
1503
1483
1601
2065
2598
2940
2960
2750
2718
2989
3450
3760
3900
3953
3922
3791
3721
3832
4178
4454
4333
3907
3480
3286
3285
3395
3481
3276
2756
2018
1522
1473
1536
1401
936
394
-121
-533
-910
-1169
-1227
-1449
-1763
-2148
-2457
-2597
-2708
-2699
-2642
-2622
-2700
-2968
-3158
-3082
-2893
-2708
-2645
-2713
-2660
-2634
-2627
-2543
-2462
-2313
-2168
-2258
-2356
-2489
-2562
-2469
-2383
-2215
-2163
-2321
-2578
-2534
-2213
-1804
-1610
-1644
-1642
-1577
-1425
-1172
-849
-581
-491
-507
-400
-80
237
497
629
704
820
911
1104
1339
1523
1626
1724
1840
1867
1896
2051
2332
2590
2635
2492
2334
2371
2579
2870
2984
2891
2702
2475
2425
2493
2619
2718
2712
2590
2362
2167
2042
2127
2313
2331
2136
1772
1438
1350
1406
1445
1384
1151
751
441
277
232
229
6
-302
-559
-782
-891
-1078
-1349
-1519
-1654
-1798
-1973
-2216
-2418
-2526
-2628
-2659
-2642
-2657
-2752
-2887
-2939
-2803
-2617
-2571
-2573
-2617
-2664
-2593
-2424
-2202
-2053
-2191
-2335
-2219
-1955
-1728
-1729
-1818
-1746
-1647
-1560
-1456
-1378
-1238
-1160
-1008
-914
-882
-816
-637
-314
-29
122
136
263
500
810
1081
1270
1403
1470
1569
1785
2150
2429
2611
2755
2938
3115
3199
3330
3552
3806
3901
3855
3745
3778
3809
3797
3813
3731
3564
3258
2973
2803
2650
2418
2070
1708
1328
982
738
456
180
-190
-580
-878
-1181
-1442
-1687
-1958
-2172
-2358
-2543
-2745
-2980
-3109
-3047
-2926
-2858
-2869
-2972
-3033
-2994
-2794
-2487
-2348
-2357
-2432
-2438
-2235
-2087
-1978
-1831
-1745
-1659
-1622
-1628
-1567
-1495
-1414
-1313
-1246
-1258
-1357
-1497
-1436
-1261
-1132
-1085
-1119
-1078
-1000
-956
-862
-667
-522
-468
-369
-170
76
213
351
646
1065
1410
1605
1769
2008
2312
2658
2983
3284
3514
3624
3731
3889
4064
4167
4270
4371
4438
4343
4055
3855
3769
3798
3693
3321
2887
2430
2056
1800
1564
1246
776
180
-362
-709
-941
-1183
-1542
-1982
-2376
-2669
-2899
-3045
-3111
-3223
-3408
-3550
-3634
-3637
-3634
-3594
-3431
-3242
-3088
-3074
-3076
-2910
-2679
-2412
-2222
-2113
-1996
-1902
-1759
-1525
-1244
-1070
-1003
-972
-858
-671
-504
-394
-282
-110
-9
18
32
91
159
213
333
491
581
539
464
566
764
920
1048
1134
1169
1207
1254
1394
1654
1855
1922
1958
1997
2021
2128
2295
2539
2687
2592
2391
2321
2466
2605
2632
2524
2340
2144
2020
1966
2006
1926
1618
1220
906
740
626
428
160
-130
-446
-743
-1011
-1138
-1229
-1435
-1678
-1970
-2200
-2314
-2450
-2517
-2556
-2642
-2722
-2833
-2927
-2906
-2848
-2724
-2600
-2565
-2603
-2606
-2480
-2260
-2009
-1861
-1817
-1835
-1805
-1597
-1293
-1022
-819
-743
-708
-661
-562
-304
-8
222
315
327
380
535
724
952
1135
1251
1354
1397
1430
1519
1697
1881
1980
1945
1933
1968
2004
2010
2022
2081
2205
2189
1989
1907
1922
2005
2053
2013
1940
1789
1632
1597
1687
1785
1675
1378
1125
1050
1091
1045
936
792
597
427
248
131
86
-26
-256
-516
-751
-951
-1108
-1239
-1362
-1508
-1706
-1986
-2196
-2293
-2314
-2323
-2424
-2562
-2732
-2848
-2862
-2793
-2646
-2567
-2633
-2729
-2716
-2533
-2250
-2026
-1955
-1865
-1699
-1580
-1399
-1193
-958
-739
-588
-420
-218
11
255
436
603
752
861
1018
1256
1430
1524
1562
1548
1612
1678
1775
1856
1822
1727
1656
1670
1742
1702
1560
1519
1519
1497
1401
1316
1306
1299
1223
1162
1159
1181
1106
993
969
1016
1045
975
906
895
869
801
748
804
857
828
710
550
476
441
455
437
331
118
-115
-306
-446
-510
-621
-756
-1011
-1284
-1488
-1589
-1616
-1668
-1777
-1995
-2243
-2387
-2404
-2307
-2256
-2331
-2447
-2480
-2472
-2404
-2250
-2066
-1921
-1894
-1888
-1746
-1494
-1194
-940
-759
-646
-583
-450
-193
150
436
578
659
693
724
848
1035
1293
1426
1374
1261
1211
1231
1315
1411
1518
1504
1368
1179
1116
1192
1254
1332
1319
1246
1067
916
951
1133
1275
1252
1127
1047
1033
1072
1159
1290
1423
1399
1320
1213
1209
1301
1416
1489
1478
1370
1205
1090
1050
1106
1082
955
728
450
260
113
52
-20
-222
-509
-829
-1121
-1290
-1336
-1383
-1532
-1811
-2076
-2299
-2421
-2477
-2486
-2435
-2551
-2760
-2841
-2804
-2645
-2481
-2408
-2281
-2204
-2219
-2114
-1882
-1577
-1312
-1187
-1089
-964
-850
-696
-477
-190
56
141
173
217
232
355
552
787
936
872
739
684
800
1012
1165
1187
1122
945
883
976
1126
1285
1286
1205
1129
1109
1152
1273
1382
1422
1425
1371
1354
1401
1477
1599
1703
1737
1705
1644
1644
1705
1793
1879
1839
1734
1655
1574
1527
1513
1531
1475
1336
1125
920
803
721
600
448
264
6
-295
-566
-770
-836
-934
-1178
-1455
-1700
-1815
-1892
-1980
-1996
-2060
-2186
-2336
-2446
-2357
-2226
-2167
-2163
-2167
-2166
-2137
-2089
-1984
-1747
-1617
-1578
-1547
-1506
-1419
-1313
-1140
-953
-826
-824
-825
-692
-516
-374
-300
-249
-213
-180
-116
16
173
239
258
309
395
500
608
705
826
911
955
1051
1145
1204
1332
1481
1624
1683
1700
1737
1822
1931
2036
2106
2090
2080
2032
2045
2090
2133
2163
2094
1912
1779
1739
1707
1646
1551
1449
1308
1099
882
750
688
603
391
132
-67
-258
-376
-484
-604
-727
-905
-1090
-1234
-1298
-1349
-1407
-1468
-1551
-1659
-1732
-1753
-1787
-1797
-1821
-1821
-1786
-1783
-1762
-1747
-1714
-1617
-1553
-1537
-1509
-1509
-1427
-1378
-1354
-1355
-1357
-1323
-1277
-1183
-1135
-1117
-1156
-1144
-1071
-960
-795
-716
-696
-713
-686
-551
-376
-234
-108
-29
33
156
317
521
739
888
1013
1128
1294
1442
1615
1810
1981
2149
2210
2259
2320
2432
2573
2691
2715
2638
2559
2537
2534
2495
2410
2294
2172
1996
1807
1650
1527
1411
1234
1020
831
691
525
382
242
101
-48
-228
-377
-486
-602
-688
-746
-841
-937
-1041
-1120
-1160
-1183
-1222
-1246
-1250
-1273
-1299
-1372
-1423
-1367
-1306
-1316
-1389
-1502
-1532
-1498
-1441
-1399
-1437
-1503
-1569
-1614
-1613
-1552
-1516
-1505
-1512
-1532
-1502
-1473
-1425
-1349
-1277
-1209
-1139
-1077
-993
-872
-733
-603
-470
-330
-198
-69
37
200
409
598
723
802
944
1130
1282
1401
1527
1635
1694
1738
1808
1888
1950
1953
1912
1892
1850
1810
1807
1760
1690
1611
1491
1456
1420
1349
1258
1125
1031
966
904
836
768
694
606
497
403
353
332
270
175
103
39
-18
-95
-173
-215
-261
-333
-435
-585
-707
-785
-847
-905
-1004
-1131
-1251
-1363
-1442
-1481
-1497
-1548
-1666
-1731
-1771
-1781
-1770
-1743
-1765
-1821
-1835
-1832
-1733
-1653
-1578
-1506
-1461
-1361
-1224
-1109
-969
-807
-659
-523
-408
-288
-131
42
211
377
532
667
775
902
1015
1132
1254
1372
1441
1470
1440
1461
1525
1605
1658
1629
1575
1524
1484
1520
1567
1577
1523
1401
1301
1265
1276
1306
1306
1214
1110
1012
975
982
1000
948
871
810
720
642
580
503
465
403
272
115
-47
-170
-268
-334
-436
-578
-768
-975
-1130
-1214
-1248
-1329
-1466
-1650
-1777
-1867
-1845
-1812
-1850
-1915
-1999
-2046
-2031
-1941
-1841
-1766
-1718
-1687
-1648
-1568
-1441
-1263
-1099
-943
-848
-758
-651
-528
-352
-148
13
122
200
240
333
477
605
737
804
803
786
818
891
962
1035
1063
1059
1035
988
1000
1093
1164
1183
1134
1049
1017
1040
1111
1165
1177
1122
1065
1059
1080
1120
1158
1182
1130
1098
1045
1021
1060
1052
1007
920
808
711
621
552
514
431
278
90
-90
-229
-329
-415
-498
-651
-855
-1045
-1196
-1263
-1280
-1354
-1471
-1600
-1695
-1771
-1788
-1780
-1734
-1675
-1679
-1684
-1688
-1612
-1512
-1383
-1282
-1177
-1074
-1022
-975
-875
-709
-519
-419
-370
-320
-281
-215
-122
20
154
207
197
192
211
266
355
411
476
491
426
392
438
547
655
654
620
605
580
631
673
692
736
734
699
705
713
739
801
815
780
752
709
708
715
722
732
677
591
496
439
409
374
322
207
61
-65
-188
-279
-342
-442
-562
-726
-890
-976
-1065
-1157
-1229
-1345
-1446
-1503
-1575
-1612
-1617
-1610
-1619
-1647
-1635
-1607
-1568
-1522
-1448
-1359
-1277
-1199
-1120
-1036
-947
-837
-722
-606
-524
-448
-373
-306
-226
-126
-37
7
31
68
95
135
201
257
318
321
302
329
386
448
471
463
464
494
511
542
572
593
628
636
631
647
676
705
768
786
782
772
764
779
816
822
774
741
716
683
645
600
565
518
410
304
231
167
107
54
-59
-181
-281
-379
-447
-517
-616
-707
-778
-846
-912
-992
-1047
-1065
-1084
-1135
-1171
-1199
-1192
-1180
-1163
-1142
-1125
-1106
-1073
-1041
-980
-920
-873
-836
-785
-721
-644
-576
-522
-470
-403
-358
-319
-238
-196
-130
-103
-62
-14
19
68
115
163
212
247
269
303
331
388
440
468
523
555
554
588
602
644
728
775
791
815
786
802
851
881
915
928
905
877
858
840
831
815
804
722
641
572
500
482
445
355
255
140
27
-50
-120
-198
-286
-407
-500
-591
-658
-701
-725
-783
-891
-966
-1027
-1018
-1003
-1047
-1085
-1106
-1126
-1142
-1143
-1118
-1088
-1068
-1071
-1067
-1056
-1021
-991
-955
-922
-896
-902
-884
-856
-814
-747
-710
-662
-649
-636
-591
-525
-417
-346
-300
-274
-230
-149
-59
34
133
205
257
314
383
462
536
624
718
800
850
884
941
999
1059
1121
1139
1171
1189
1190
1194
1200
1234
1225
1201
1157
1138
1118
1072
1028
975
939
913
844
749
685
584
534
465
396
301
200
122
61
19
-57
-154
-249
-318
-361
-403
-500
-546
-597
-674
-760
-811
-844
-858
-911
-1009
-1064
-1123
-1155
-1184
-1191
-1219
-1268
-1308
-1353
-1371
-1343
-1350
-1341
-1346
-1356
-1350
-1346
-1270
-1170
-1099
-1086
-1063
-995
-900
-797
-695
-586
-485
-410
-320
-233
-107
20
125
234
322
425
512
590
711
799
878
958
1003
1049
1094
1123
1179
1231
1252
1259
1258
1245
1244
1242
1229
1210
1198
1201
1157
1107
1060
1028
1015
984
940
892
833
789
789
771
712
646
578
525
479
435
395
350
277
175
89
50
-4
-72
-163
-230
-296
-373
-473
-561
-604
-668
-719
-823
-925
-990
-1048
-1100
-1160
-1207
-1270
-1337
-1373
-1377
-1369
-1368
-1371
-1376
-1368
-1326
-1313
-1262
-1202
-1150
-1062
-1025
-966
-864
-792
-688
-576
-464
-363
-290
-204
-112
-14
80
183
270
342
388
431
499
574
645
703
735
763
813
812
857
902
954
968
972
940
935
983
1027
1071
1070
1058
1032
1035
1080
1127
1131
1120
1110
1100
1097
1108
1104
1110
1078
1044
1014
985
947
895
864
828
783
705
611
529
459
382
295
202
104
7
-114
-234
-317
-420
-518
-611
-727
-824
-917
-1007
-1047
-1084
-1153
-1203
-1277
-1281
-1281
-1288
-1288
-1297
-1304
-1260
-1230
-1194
-1130
-1070
-1012
-949
-861
-802
-720
-630
-540
-444
-372
-297
-244
-151
-63
1
85
140
193
241
295
359
422
500
549
540
562
597
663
727
749
766
780
781
813
864
919
952
958
982
994
1033
1072
1109
1131
1164
1174
1176
1156
1168
1191
1222
1238
1196
1143
1125
1115
1089
1063
1014
950
874
805
730
646
566
499
418
329
219
100
18
-49
-129
-207
-291
-398
-477
-552
-622
-675
-728
-792
-842
-888
-925
-931
-946
-974
-990
-994
-1008
-1021
-997
-982
-962
-915
-918
-894
-862
-847
-817
-748
-722
-676
-641
-619
-580
-503
-419
-364
-331
-295
-231
-137
-63
-2
54
106
179
242
327
412
499
541
601
680
729
810
897
931
1014
1045
1077
1149
1174
1233
1282
1315
1316
1325
1331
1351
1383
1395
1359
1336
1312
1293
1298
1231
1196
1125
1070
1038
983
912
820
715
627
536
448
402
325
237
134
25
-43
-100
-164
-229
-295
-361
-434
-504
-540
-581
-626
-675
-747
-805
-845
-873
-882
-914
-956
-979
-1006
-1039
-1044
-1055
-1057
-1047
-1074
-1075
-1065
-1052
-1034
-1020
-1013
-956
-896
-857
-789
-756
-725
-660
-595
-480
-400
-326
-261
-202
-78
26
126
208
311
408
522
613
702
801
865
942
1030
1091
1182
1253
1286
1351
1376
1376
1401
1391
1418
1439
1390
1397
1357
1331
1311
1262
1225
1183
1124
1052
1004
948
899
841
767
655
573
502
414
375
311
218
150
52
-28
-84
-148
-206
-275
-320
-397
-461
-517
-584
-622
-645
-727
-792
-841
-886
-901
-942
-963
-987
-1004
-1032
-1062
-1062
-1074
-1063
-1049
-1067
-1040
-1032
-1033
-996
-940
-887
-838
-789
-747
-691
-614
-530
-433
-370
-288
-194
-115
-17
82
176
288
349
455
559
647
746
796
871
946
1000
1066
1095
1140
1176
1193
1221
1216
1211
1197
1196
1191
1169
1143
1072
1035
993
951
902
855
804
719
662
589
540
500
444
377
322
247
183
138
109
53
-11
-58
-148
-177
-220
-268
-290
-341
-408
-470
-532
-568
-590
-625
-656
-679
-705
-752
-805
-823
-836
-855
-867
-880
-896
-914
-891
-881
-855
-830
-831
-814
-786
-742
-710
-644
-576
-515
-467
-403
-339
-256
-184
-108
-34
36
116
187
248
339
409
470
541
596
668
697
762
814
833
891
892
877
920
924
924
936
939
932
913
890
875
859
807
765
727
658
610
582
543
506
429
371
320
265
220
172
112
59
0
-34
-88
-161
-208
-208
-255
-291
-332
-385
-401
-457
-463
-477
-490
-527
-581
-611
-629
-618
-617
-619
-631
-650
-660
-672
-670
-663
-650
-623
-619
-627
-606
-588
-542
-503
-473
-443
-448
-425
-396
-348
-295
-325
-280
-222
-171
-78
-282
-471
-1257
-776
1914
365
-1236
-688
-428
839
-1950
-4333
-1170
-109
-1546
-230
-1307
-1877
-667
-978
-181
-989
-1248
28
688
-291
-721
-2312
634
2115
-563
1157
1126
964
1766
2102
2951
3768
2563
3374
3129
1994
2161
2605
3038
4637
3616
2451
2700
1579
1038
1157
813
1273
1773
616
379
-535
-1749
-1920
-1497
-1148
-1129
-1584
-1885
-2375
-2948
-3116
-2742
-2121
-1263
-1086
-1178
-1011
-1344
-1282
-905
-109
485
856
1077
874
748
565
419
804
1554
1701
1684
1574
1067
619
378
347
582
810
791
547
77
-385
-717
-627
-329
-224
-102
23
-95
-281
-490
-504
-114
293
475
656
684
553
465
518
788
1066
1290
1335
1312
1250
1142
1069
1073
1183
1178
1090
974
716
464
196
29
-8
-19
-56
-125
-325
-589
-755
-853
-682
-529
-514
-517
-606
-675
-693
-619
-476
-318
-215
-238
-137
-159
-261
-137
-67
36
159
102
-46
-26
-50
-277
-167
9
-231
-307
-332
-509
-518
-545
-628
-426
-404
-596
-643
-698
-715
-666
-619
-352
-186
-283
-299
-334
-173
-118
-177
123
234
101
242
247
198
447
406
440
830
715
469
656
680
648
720
635
855
774
607
591
482
615
647
632
801
729
528
630
540
506
567
494
570
739
634
624
621
615
768
785
888
731
726
820
627
556
568
485
470
280
57
0
6
-16
-139
-123
-279
-425
-511
-653
-777
-791
-886
-947
-937
-1078
-1140
-1112
-1199
-1115
-941
-986
-1020
-1037
-850
-736
-758
-656
-497
-405
-515
-524
-323
-223
-277
-339
-196
-103
-165
-213
-224
-172
-98
-219
-230
-144
-192
-241
-320
-350
-311
-234
-132
-28
-146
-76
73
79
159
206
369
596
547
496
558
643
754
836
858
899
975
958
914
940
924
908
963
941
821
773
731
498
449
425
332
305
206
72
6
-57
-236
-321
-219
-227
-273
-354
-443
-504
-442
-434
-512
-401
-393
-396
-412
-564
-530
-460
-460
-407
-371
-361
-348
-377
-356
-372
-349
-310
-274
-266
-382
-448
-518
-508
-459
-485
-424
-344
-398
-476
-436
-461
-462
-321
-296
-351
-418
-393
-335
-321
-386
-356
-180
-13
-97
-141
-45
12
110
90
75
215
308
222
243
373
361
412
575
503
468
555
449
513
560
542
616
641
623
579
594
626
604
564
587
595
596
542
567
547
524
544
519
523
553
578
539
508
423
420
452
355
274
306
250
169
67
33
7
-76
-112
-280
-264
-299
-396
-409
-486
-587
-609
-660
-727
-722
-736
-856
-912
-933
-1058
-1051
-1025
-1088
-1138
-1046
-1043
-1079
-1063
-1099
-1043
-1044
-1020
-975
-935
-829
-793
-796
-746
-697
-628
-498
-447
-471
-407
-330
-275
-170
-157
-86
98
195
226
328
398
443
516
629
728
785
805
835
918
882
922
993
1080
1195
1230
1187
1159
1151
1181
1213
1242
1256
1176
1155
1153
1083
1013
946
891
899
859
763
619
476
445
407
266
123
51
-11
-99
-335
-499
-573
-573
-656
-813
-960
-1055
-1184
-1278
-1283
-1370
-1377
-1354
-1367
-1352
-1400
-1487
-1494
-1424
-1397
-1397
-1330
-1279
-1257
-1286
-1222
-1140
-1112
-998
-918
-872
-758
-721
-639
-563
-448
-344
-304
-226
-159
-90
35
122
153
250
373
511
534
562
660
783
843
843
919
972
1000
1025
1038
1077
1158
1257
1221
1202
1261
1224
1202
1180
1131
1116
1049
983
878
843
782
604
627
607
470
417
313
247
152
35
-42
-74
-51
-91
-199
-261
-298
-317
-340
-342
-345
-341
-348
-418
-444
-455
-454
-380
-388
-410
-405
-431
-476
-519
-482
-507
-514
-521
-580
-642
-712
-762
-764
-750
-745
-773
-788
-778
-812
-829
-855
-835
-790
-783
-789
-760
-710
-731
-674
-572
-492
-427
-389
-338
-268
-209
-147
-51
59
144
200
268
318
413
474
578
735
751
828
897
889
918
946
1008
1086
1133
1183
1198
1209
1239
1218
1216
1258
1257
1259
1248
1189
1154
1115
1082
1049
1006
939
843
745
634
532
397
308
249
126
-45
-132
-257
-422
-508
-589
-650
-714
-822
-917
-981
-1052
-1150
-1171
-1198
-1212
-1223
-1256
-1299
-1288
-1258
-1222
-1169
-1151
-1117
-1036
-974
-924
-855
-771
-678
-596
-480
-488
-472
-387
-325
-259
-241
-128
-20
-14
10
54
92
119
179
267
307
329
334
307
372
399
416
474
503
465
469
500
468
491
526
556
587
520
494
547
555
565
580
592
597
580
535
512
524
472
469
476
450
421
367
327
323
306
288
280
239
226
210
143
105
124
105
111
78
20
-29
-51
-58
-124
-118
-117
-128
-130
-196
-263
-273
-262
-335
-375
-346
-383
-461
-471
-512
-527
-534
-560
-571
-558
-606
-700
-691
-664
-665
-684
-691
-667
-690
-698
-717
-674
-623
-637
-584
-522
-511
-500
-419
-377
-346
-307
-218
-146
-44
-19
26
93
119
205
263
329
364
350
350
379
407
418
450
505
500
504
478
449
502
516
527
523
511
519
474
414
382
398
367
388
436
444
410
353
319
349
368
361
377
381
364
296
239
254
274
305
321
316
285
255
249
222
219
203
172
177
122
74
72
6
-26
-46
-43
-29
-79
-146
-195
-251
-295
-294
-330
-345
-357
-435
-493
-526
-556
-536
-557
-571
-549
-578
-587
-568
-558
-541
-498
-460
-425
-373
-328
-272
-250
-214
-126
-96
-34
39
49
94
163
207
257
320
319
334
367
389
397
398
438
441
394
412
366
342
367
323
334
316
290
283
262
255
235
213
197
177
145
156
142
118
87
118
142
146
145
167
183
163
166
153
156
204
159
101
102
94
102
74
53
78
44
-21
-19
-13
-58
-60
-114
-187
-170
-227
-280
-290
-312
-363
-354
-377
-426
-439
-458
-501
-506
-505
-531
-511
-497
-552
-587
-548
-520
-493
-450
-398
-352
-337
-348
-329
-269
-204
-193
-145
-81
-73
-34
-15
28
97
155
184
245
278
254
310
334
334
382
443
488
510
471
487
486
509
529
576
605
581
550
527
518
496
490
523
537
521
468
426
404
350
323
310
286
252
209
154
121
53
6
-7
-16
-70
-107
-128
-184
-223
-221
-239
-282
-281
-286
-307
-326
-363
-358
-336
-376
-375
-367
-363
-380
-408
-426
-403
-378
-399
-404
-426
-437
-482
-530
-540
-540
-535
-531
-554
-594
-559
-539
-534
-511
-483
-467
-431
-428
-365
-295
-264
-231
-175
-90
-39
25
92
194
276
322
353
440
500
556
585
623
639
674
689
671
678
664
659
636
590
574
566
518
496
449
438
400
343
328
278
255
204
140
144
118
97
99
60
49
47
12
-6
-5
-25
-39
-26
-70
-125
-174
-188
-234
-263
-302
-331
-368
-415
-481
-535
-515
-547
-559
-562
-579
-618
-644
-657
-656
-612
-597
-600
-566
-530
-500
-497
-458
-368
-320
-269
-237
-164
-111
-65
-20
31
125
163
197
226
241
295
308
333
361
368
403
381
337
322
311
303
298
284
275
219
207
191
171
178
166
189
204
204
179
164
167
189
212
220
259
277
266
251
249
270
269
282
293
310
282
232
203
187
160
104
38
16
-24
-88
-146
-196
-217
-268
-355
-373
-400
-473
-516
-565
-564
-602
-609
-601
-602
-584
-582
-570
-590
-557
-509
-501
-443
-401
-397
-360
-342
-328
-267
-220
-195
-169
-130
-146
-121
-97
-141
-127
-105
-110
-108
-134
-156
-139
-132
-113
-112
-99
-66
-32
-32
-5
28
70
112
152
213
226
285
353
393
449
471
515
574
585
618
656
686
672
689
678
683
694
667
641
620
590
537
496
474
436
374
333
248
159
124
69
2
-23
-82
-171
-224
-282
-364
-406
-429
-456
-478
-510
-536
-572
-604
-649
-661
-679
-705
-710
-716
-727
-723
-716
-722
-684
-671
-664
-644
-658
-638
-637
-617
-582
-552
-542
-518
-502
-474
-437
-431
-402
-344
-307
-264
-230
-203
-139
-113
-61
-21
46
97
152
200
251
302
329
385
461
525
551
591
633
685
706
716
764
759
748
732
711
712
677
642
620
571
535
470
425
381
291
224
170
100
66
-34
-110
-133
-206
-278
-308
-356
-408
-430
-473
-469
-456
-500
-503
-493
-521
-523
-532
-525
-504
-514
-522
-507
-481
-476
-502
-523
-527
-515
-508
-493
-482
-483
-503
-512
-535
-529
-511
-495
-469
-471
-463
-457
-405
-390
-363
-310
-284
-227
-206
-152
-112
-70
-2
16
82
165
179
233
305
313
363
436
465
522
589
581
628
654
628
647
677
693
689
683
672
680
663
608
609
615
595
552
519
472
437
413
389
350
297
245
207
200
138
105
81
41
2
-52
-98
-141
-161
-186
-225
-245
-294
-323
-352
-393
-408
-436
-465
-496
-512
-538
-571
-591
-607
-608
-628
-656
-656
-672
-676
-660
-674
-660
-651
-659
-631
-631
-627
-581
-550
-540
-493
-471
-448
-426
-395
-340
-302
-261
-224
-171
-123
-107
-83
-32
5
48
79
109
129
175
198
219
261
297
335
363
382
415
455
453
463
507
533
552
568
568
586
597
605
583
603
624
602
592
558
546
520
470
437
400
355
336
289
236
188
159
122
55
-12
-38
-65
-130
-162
-216
-254
-264
-341
-358
-350
-380
-388
-419
-443
-451
-455
-487
-478
-474
-527
-537
-537
-545
-543
-539
-551
-546
-523
-537
-519
-491
-495
-495
-453
-474
-474
-448
-409
-382
-380
-350
-331
-300
-288
-266
-217
-173
-120
-94
-69
-31
-21
-2
39
75
109
146
162
188
202
207
265
288
315
321
315
347
342
321
319
318
332
348
309
310
313
298
273
276
263
253
248
238
224
200
180
163
152
127
113
84
63
48
20
-4
-9
-29
-41
-34
-44
-53
-67
-55
-69
-76
-70
-71
-90
-86
-93
-93
-115
-114
-97
-117
-136
-114
-114
-162
-148
-140
-172
-164
-169
-181
-187
-200
-205
-209
-189
-195
-208
-194
-199
-217
-214
-193
-172
-188
-162
-140
-162
-145
-154
-139
-127
-136
-137
-144
-128
-161
-160
-160
-143
-132
-138
-113
-115
-99
-91
-86
-54
-14
15
64
86
88
138
164
210
241
262
307
343
359
354
364
415
451
439
467
478
455
442
442
426
413
381
369
357
310
272
253
226
189
159
121
95
48
2
-7
-19
-56
-93
-103
-120
-155
-174
-170
-159
-166
-178
-173
-185
-203
-200
-195
-198
-190
-204
-191
-195
-211
-183
-171
-177
-164
-146
-123
-114
-105
-89
-67
-49
-37
-7
3
20
26
24
74
60
52
91
114
140
130
153
164
172
167
165
188
210
206
198
216
217
215
202
202
202
203
225
241
240
220
211
221
210
226
217
220
225
229
234
228
231
215
220
228
210
185
185
183
186
155
153
150
145
135
123
131
113
91
99
102
77
75
43
23
20
-15
-14
-8
-49
-45
-57
-90
-125
-141
-150
-172
-199
-218
-222
-255
-283
-296
-294
-284
-278
-282
-286
-252
-262
-260
-241
-217
-203
-198
-178
-158
-144
-138
-115
-92
-85
-72
-49
-26
-29
-16
-16
-26
-24
-15
1
-2
-2
-9
-11
-18
1
27
52
50
64
106
127
125
149
183
212
240
256
280
322
342
362
398
428
441
462
472
482
491
482
483
481
446
423
417
398
376
337
315
313
266
223
208
163
135
95
65
43
-12
-45
-51
-82
-118
-146
-169
-167
-173
-190
-213
-202
-226
-261
-249
-258
-271
-262
-304
-283
-278
-308
-288
-292
-292
-284
-277
-254
-235
-227
-201
-186
-162
-167
-144
-93
-85
-74
-43
-36
-7
3
37
68
70
83
99
110
120
134
151
156
170
168
168
175
165
169
164
153
167
174
154
158
145
150
144
139
141
132
141
128
103
91
77
94
96
85
99
100
100
109
95
107
118
101
122
131
119
141
157
155
157
152
145
147
163
150
130
128
98
96
84
52
32
-9
-39
-60
-87
-98
-135
-163
-183
-207
-213
-246
-259
-281
-287
-275
-303
-309
-286
-279
-280
-254
-208
-183
-186
-152
-142
-118
-86
-58
-23
1
24
67
91
117
153
161
174
212
209
213
230
243
240
251
249
242
262
237
250
221
225
243
234
220
229
229
215
229
216
230
239
239
239
244
236
227
238
238
247
223
208
216
208
169
154
142
122
119
97
85
73
55
12
-10
-29
-69
-63
-78
-104
-123
-152
-170
-178
-206
-219
-234
-244
-257
-260
-271
-287
-294
-286
-297
-306
-288
-286
-270
-267
-248
-236
-227
-189
-166
-159
-141
-111
-87
-58
-36
-12
12
21
28
76
70
81
93
107
119
119
142
149
166
166
163
168
168
180
173
174
179
181
173
181
196
196
231
220
227
237
231
244
235
242
239
225
203
199
203
191
174
134
119
122
97
91
74
49
35
1
-36
-45
-81
-101
-108
-147
-159
-163
-207
-222
-220
-257
-259
-272
-289
-281
-286
-326
-347
-335
-341
-347
-343
-355
-340
-353
-384
-365
-345
-336
-321
-307
-299
-284
-266
-243
-221
-219
-196
-165
-139
-118
-85
-59
-36
-22
3
33
76
100
109
135
166
176
188
213
231
239
245
265
266
274
282
280
283
303
298
300
287
289
302
275
271
260
261
272
266
266
271
255
251
248
224
239
207
193
204
180
155
120
85
82
55
26
10
-16
-62
-116
-149
-188
-228
-270
-322
-343
-379
-442
-448
-473
-510
-534
-542
-556
-566
-562
-567
-562
-558
-540
-523
-504
-506
-479
-449
-418
-404
-370
-308
-296
-261
-238
-190
-130
-117
-74
-41
-3
32
52
96
140
178
201
222
261
260
276
307
325
338
355
381
387
406
399
419
414
430
438
427
432
431
418
418
417
381
387
387
371
331
313
309
263
254
231
187
201
149
114
113
71
34
18
-9
-74
-89
-130
-176
-186
-238
-288
-288
-316
-361
-364
-404
-409
-438
-448
-468
-479
-485
-502
-493
-481
-478
-480
-457
-449
-438
-444
-418
-396
-388
-357
-345
-325
-309
-287
-262
-268
-236
-220
-212
-191
-192
-176
-123
-136
-143
-86
-72
-71
-47
-12
10
27
55
87
111
124
156
196
227
250
264
286
309
323
345
363
368
383
399
398
390
392
419
397
381
375
367
377
344
313
312
276
253
241
224
213
161
168
136
112
96
56
49
31
3
-12
-60
-81
-83
-111
-134
-165
-188
-201
-219
-267
-281
-284
-321
-320
-312
-346
-339
-338
-354
-351
-365
-366
-335
-332
-346
-329
-299
-297
-309
-255
-227
-235
-210
-198
-187
-172
-169
-130
-105
-120
-107
-83
-60
-78
-56
-19
-19
-12
2
9
14
22
29
63
69
57
72
80
55
66
72
59
81
78
75
85
65
39
59
68
27
36
43
42
59
39
50
57
40
41
37
35
14
12
4
0
10
-9
3
-17
-51
-28
-47
-65
-64
-59
-56
-88
-89
-87
-93
-88
-107
-111
-94
-108
-127
-126
-150
-151
-149
-149
-162
-153
-169
-183
-179
-192
-181
-184
-185
-175
-160
-169
-186
-157
-144
-147
-139
-133
-128
-121
-112
-93
-79
-94
-77
-65
-67
-62
-56
-23
-22
-21
-10
-11
11
35
45
66
85
93
127
159
164
192
200
214
229
212
262
271
257
288
284
290
289
306
304
292
293
280
274
268
259
265
236
217
221
210
195
164
147
162
124
116
121
93
75
63
66
35
24
12
5
-9
-32
-34
-47
-72
-100
-86
-117
-138
-156
-178
-154
-184
-208
-222
-241
-252
-266
-272
-290
-304
-307
-310
-319
-335
-326
-329
-351
-348
-327
-318
-306
-306
-275
-258
-278
-248
-222
-218
-199
-178
-148
-124
-112
-78
-40
-34
-13
4
27
45
74
106
146
168
148
188
219
211
237
247
256
262
259
278
290
292
294
292
286
272
268
264
262
261
244
247
227
224
223
219
212
202
191
189
160
155
169
148
123
147
129
89
85
61
53
28
11
3
-16
-15
-45
-61
-76
-117
-119
-130
-156
-177
-175
-172
-190
-225
-220
-218
-244
-242
-244
-229
-254
-251
-219
-220
-228
-222
-196
-185
-196
-185
-169
-156
-142
-139
-122
-120
-128
-115
-103
-114
-104
-97
-85
-82
-82
-65
-70
-65
-77
-64
-45
-44
-56
-50
-27
-26
-16
1
14
12
25
44
60
36
53
85
46
76
83
68
104
84
74
97
91
63
74
100
79
69
54
77
68
47
63
43
47
49
38
6
12
-9
-7
-12
-39
-47
-68
-74
-85
-97
-113
-118
-126
-139
-157
-156
-167
-170
-186
-187
-208
-182
-173
-194
-190
-198
-201
-194
-188
-174
-144
-153
-143
-138
-130
-113
-93
-91
-92
-64
-76
-59
-56
-43
-15
-9
4
16
21
37
45
63
82
84
87
111
120
128
137
118
145
157
168
176
164
172
177
178
191
176
179
173
179
166
161
187
165
154
155
142
121
124
128
130
113
85
101
95
63
57
80
57
47
51
41
50
31
20
26
16
-5
3
-3
-9
-14
-26
-34
-41
-50
-60
-89
-80
-78
-75
-91
-117
-93
-93
-95
-108
-104
-104
-110
-101
-112
-100
-97
-104
-103
-104
-126
-107
-103
-112
-109
-86
-113
-129
-102
-125
-128
-115
-131
-123
-107
-108
-114
-106
-86
-80
-76
-43
0
15
49
75
69
73
102
135
158
186
187
191
199
217
266
277
268
278
294
282
296
311
308
303
284
272
264
246
223
201
173
163
143
131
108
95
81
59
49
39
23
21
21
-19
-42
-30
-79
-87
-87
-131
-149
-183
-189
-190
-209
-201
-201
-209
-241
-246
-228
-263
-257
-240
-265
-270
-266
-262
-229
-224
-233
-190
-189
-187
-170
-139
-112
-122
-97
-68
-54
-64
-41
-4
-12
5
42
48
71
90
118
128
122
181
171
176
197
202
208
203
193
202
211
207
206
203
223
197
204
214
214
204
197
204
199
165
153
159
131
102
102
73
81
63
37
55
15
-11
-24
-55
-71
-76
-95
-117
-134
-150
-165
-186
-206
-217
-220
-243
-260
-244
-247
-281
-293
-285
-292
-307
-314
-301
-294
-313
-302
-297
-293
-274
-287
-260
-235
-230
-190
-149
-159
-143
-93
-83
-59
-41
-14
32
46
56
101
114
124
153
174
192
203
239
245
257
268
271
299
299
310
308
313
296
295
303
301
302
304
321
326
313
306
315
306
303
315
297
288
284
277
282
251
235
242
225
188
185
178
140
140
106
87
81
27
32
25
2
-14
-17
-28
-53
-56
-70
-89
-102
-120
-134
-139
-175
-190
-180
-211
-230
-218
-233
-261
-277
-272
-289
-276
-278
-265
-266
-274
-276
-259
-251
-257
-242
-210
-206
-197
-157
-145
-120
-99
-82
-63
-41
-40
-13
32
42
65
85
107
126
133
155
174
174
194
219
227
242
242
274
269
276
311
293
291
290
285
298
293
275
298
300
303
266
260
275
235
217
206
187
170
142
124
103
79
71
52
38
-2
-17
-34
-67
-71
-85
-90
-111
-141
-141
-155
-159
-174
-169
-179
-194
-191
-188
-189
-187
-184
-197
-191
-198
-175
-171
-181
-171
-175
-189
-173
-170
-154
-133
-143
-129
-111
-115
-100
-90
-76
-64
-50
-48
-26
-34
-39
-13
-1
1
21
29
42
57
62
91
111
101
110
137
115
111
134
150
140
135
142
145
148
132
137
136
117
109
125
102
100
112
95
121
120
94
99
107
106
113
113
109
103
111
104
100
79
70
92
59
48
49
61
36
18
27
10
-15
-26
-28
-47
-55
-71
-75
-65
-85
-86
-104
-125
-131
-149
-147
-152
-167
-164
-172
-187
-201
-207
-205
-199
-213
-219
-191
-201
-213
-184
-177
-174
-147
-158
-136
-101
-116
-79
-39
-53
-23
5
16
31
51
72
83
108
111
118
129
130
145
155
167
185
194
211
217
222
229
220
227
233
204
218
222
212
202
181
193
195
186
173
168
170
160
152
133
138
128
103
108
88
61
50
44
29
13
0
-25
-40
-54
-74
-77
-92
-93
-98
-114
-144
-149
-147
-165
-161
-166
-158
-161
-178
-166
-156
-170
-161
-170
-164
-162
-175
-159
-145
-139
-150
-148
-117
-129
-125
-97
-99
-98
-82
-93
-65
-46
-59
-42
-28
-14
-14
-2
13
14
45
55
53
69
65
79
79
88
112
103
115
117
129
147
125
145
155
137
172
160
163
182
147
180
191
185
195
184
195
198
205
205
205
212
187
191
215
183
181
173
151
158
147
137
117
101
96
86
62
57
45
21
11
-10
-12
-26
-50
-42
-50
-62
-73
-74
-79
-90
-104
-109
-111
-136
-154
-154
-167
-184
-198
-192
-189
-215
-222
-230
-246
-271
-271
-269
-274
-263
-258
-260
-259
-244
-251
-252
-222
-237
-221
-208
-211
-184
-165
-142
-142
-126
-112
-94
-69
-53
-25
-10
-12
-8
31
36
34
47
62
77
75
87
104
103
106
133
132
113
126
129
151
132
135
164
144
132
130
129
125
125
122
103
100
115
98
105
83
78
95
60
37
44
31
33
14
15
3
-14
-24
-41
-29
-32
-47
-51
-52
-56
-50
-50
-42
-52
-52
-40
-43
-42
-42
-28
-32
-50
-38
-29
-51
-34
-41
-46
-31
-39
-23
-19
-58
-50
-38
-38
-44
-45
-39
-34
-11
-15
-7
0
-11
13
25
21
24
33
41
31
41
40
72
58
45
79
90
71
79
116
102
88
90
98
116
99
100
130
128
121
149
159
168
166
164
181
181
191
209
179
181
185
192
176
181
181
186
167
147
146
148
122
83
84
61
46
26
25
3
-23
-28
-45
-63
-72
-97
-99
-106
-120
-126
-119
-123
-152
-147
-164
-171
-171
-189
-197
-193
-212
-186
-191
-202
-177
-192
-176
-185
-174
-133
-137
-149
-118
-116
-111
-87
-87
-58
-45
-30
-4
3
13
25
50
68
78
87
109
106
113
132
150
154
156
186
189
178
188
211
205
210
206
225
221
208
222
223
219
207
223
224
211
222
220
217
220
213
219
213
193
189
196
180
178
170
171
144
123
140
128
95
89
82
76
57
59
56
32
22
18
11
10
-13
-17
-12
-31
-47
-36
-54
-68
-74
-80
-73
-87
-97
-91
-105
-128
-130
-127
-129
-142
-140
-126
-130
-150
-136
-149
-165
-147
-129
-125
-112
-117
-105
-89
-89
-71
-60
-47
-48
-32
-21
-18
-3
19
25
35
43
56
74
69
60
81
101
79
91
125
116
132
137
142
149
126
131
149
119
91
96
101
82
87
89
75
66
37
46
54
20
27
54
12
5
23
10
-4
-23
-12
0
-16
-29
-31
-38
-45
-46
-36
-40
-45
-17
-30
-56
-56
-66
-61
-65
-78
-80
-76
-71
-93
-79
-91
-99
-96
-121
-120
-130
-142
-113
-96
-106
-85
-65
-59
-68
-51
-37
-19
-31
-5
32
35
45
72
92
101
125
149
162
156
176
197
211
210
227
229
224
238
238
227
228
219
208
203
199
211
203
194
187
171
176
168
140
154
139
125
112
89
75
59
50
38
21
-16
-30
-47
-64
-85
-94
-93
-125
-149
-161
-189
-178
-194
-220
-198
-220
-234
-231
-250
-240
-239
-227
-236
-241
-224
-243
-241
-236
-229
-218
-229
-226
-211
-197
-198
-199
-172
-181
-183
-181
-163
-143
-137
-129
-117
-118
-97
-55
-64
-54
-39
-19
-5
-7
5
20
20
16
16
19
41
30
36
50
41
51
33
34
49
35
39
45
43
34
38
47
50
53
51
43
45
63
62
49
56
54
56
62
52
42
55
41
21
16
6
3
-9
-17
-41
-33
-44
-88
-89
-102
-94
-95
-120
-123
-127
-139
-161
-158
-151
-165
-167
-157
-157
-165
-170
-167
-169
-169
-180
-158
-156
-177
-157
-142
-161
-154
-137
-132
-147
-141
-118
-103
-103
-99
-78
-73
-73
-82
-62
-48
-40
-24
-19
5
8
19
40
38
60
76
80
78
87
94
77
103
96
99
96
92
92
97
99
87
84
75
76
51
49
51
34
34
27
5
0
-1
-17
-37
-35
-46
-44
-54
-68
-72
-74
-82
-109
-110
-118
-135
-130
-111
-128
-137
-143
-172
-164
-181
-161
-151
-166
-166
-157
-167
-179
-158
-165
-158
-172
-172
-146
-145
-150
-147
-117
-116
-125
-100
-92
-86
-67
-61
-63
-40
-54
-33
-14
-23
-18
7
16
-2
17
27
30
38
25
46
66
51
69
77
72
66
65
79
80
78
75
83
90
99
96
74
70
72
66
53
57
64
56
39
50
51
53
37
14
40
39
22
14
20
29
-7
3
-3
-6
-2
-21
-10
1
-18
-21
0
-27
-25
-19
-38
-38
-39
-40
-38
-40
-56
-49
-60
-88
-88
-79
-101
-108
-83
-103
-110
-101
-113
-105
-140
-140
-132
-138
-142
-133
-138
-136
-126
-152
-124
-114
-125
-119
-93
-81
-83
-67
-53
-44
-43
-17
-10
-12
12
20
41
44
48
87
87
73
112
129
108
112
134
127
132
136
127
162
127
123
135
131
107
124
135
109
103
113
121
125
133
108
114
101
65
75
79
69
62
43
53
48
27
25
13
8
-6
4
5
-31
-16
-14
-33
-33
-51
-43
-54
-81
-81
-89
-96
-103
-106
-99
-109
-106
-124
-103
-109
-121
-107
-109
-105
-108
-118
-85
-67
-88
-65
-70
-62
-72
-72
-57
-62
-60
-56
-45
-49
-40
-39
-51
-35
-19
-27
-32
-27
-23
-11
-7
-3
1
-3
1
8
25
23
22
43
47
67
65
66
69
64
66
82
74
86
87
69
76
54
73
77
64
69
77
62
53
57
44
45
56
44
39
52
61
39
46
46
27
49
41
48
43
50
35
36
29
7
14
6
0
-26
-31
-48
-59
-66
-50
-81
-79
-81
-110
-96
-90
-105
-101
-104
-119
-96
-106
-110
-118
-117
-98
-101
-94
-73
-56
-67
-70
-45
-50
-39
-28
-25
-27
-17
-15
-21
-1
-15
-10
2
-16
15
14
11
17
34
44
46
54
66
69
58
72
77
72
76
78
71
78
88
84
85
92
72
72
81
89
72
85
73
65
73
58
54
29
42
30
35
34
3
20
9
-3
-12
-27
-26
-15
-31
-56
-62
-66
-73
-95
-96
-106
-106
-113
-122
-133
-128
-126
-133
-126
-128
-136
-138
-140
-132
-127
-133
-138
-125
-124
-122
-98
-110
-107
-84
-85
-68
-57
-55
-52
-45
-40
-48
-46
-44
-35
-27
-11
-3
-10
-25
-11
-5
-16
21
28
32
48
40
40
53
58
71
72
73
85
94
83
99
97
99
114
116
118
107
114
102
101
79
92
94
81
87
79
77
61
62
38
38
53
47
38
39
24
20
32
20
15
12
8
2
4
1
-16
-27
-23
-44
-46
-37
-46
-52
-50
-70
-83
-85
-81
-77
-106
-98
-108
-101
-114
-137
-113
-122
-138
-121
-118
-120
-129
-126
-110
-99
-108
-114
-105
-121
-92
-77
-83
-86
-88
-68
-61
-43
-46
-46
-45
-54
-45
-24
-14
-26
-13
1
5
22
15
26
37
34
33
46
46
52
51
78
58
38
66
51
32
36
62
52
40
50
59
60
53
56
49
33
5
17
10
1
25
-1
-14
-11
-40
-25
-34
-45
-52
-72
-66
-73
-80
-101
-97
-126
-125
-119
-134
-131
-135
-149
-152
-147
-144
-116
-132
-138
-113
-118
-109
-88
-75
-73
-70
-73
-69
-68
-60
-58
-39
-27
-30
-37
-31
-26
-25
-17
-30
-16
-4
-5
-2
-2
6
12
22
26
38
35
47
45
44
58
62
72
82
87
80
79
84
86
102
96
102
114
103
100
102
81
72
78
79
78
61
59
48
50
47
34
33
14
1
8
-7
-8
-34
-40
-22
-54
-50
-61
-75
-70
-100
-75
-80
-101
-107
-120
-137
-135
-132
-146
-157
-152
-162
-149
-154
-168
-170
-182
-185
-182
-199
-173
-167
-176
-163
-184
-180
-164
-169
-146
-128
-135
-111
-111
-100
-75
-80
-72
-74
-44
-53
-41
-15
-5
12
1
8
28
39
40
44
57
75
74
66
88
91
115
106
91
113
96
105
99
112
127
119
107
104
111
98
81
79
81
67
62
58
56
43
29
35
23
16
12
-17
-9
-7
-12
-1
-19
-27
-13
-39
-14
-31
-51
-22
-21
-24
-37
-42
-57
-44
-44
-41
-35
-48
-51
-34
-69
-66
-46
-67
-64
-55
-55
-57
-52
-39
-34
-3
2
0
27
57
42
66
69
63
99
93
106
115
120
126
115
128
136
125
136
120
126
127
123
122
107
116
96
98
97
99
89
101
102
83
70
94
79
57
71
45
53
46
33
42
25
37
33
12
11
15
-2
5
-5
-2
-8
-9
0
-26
-24
-8
-16
-24
-8
-11
-13
-10
-1
0
11
12
2
6
21
35
11
-2
-5
9
3
2
7
-21
-14
3
-9
-22
-18
-40
-35
-44
-59
-45
-52
-51
-40
-40
-45
-39
-32
-37
-44
-48
-27
-31
-15
4
-8
-1
16
10
9
26
15
21
27
27
37
54
44
50
43
46
55
29
43
46
32
27
39
37
28
37
36
25
20
18
2
15
23
9
29
29
12
5
17
11
7
22
11
1
9
10
15
11
-1
-5
38
204
270
227
204
200
181
204
317
354
386
394
353
404
356
292
253
217
268
328
319
325
341
317
274
284
310
330
354
355
359
328
327
341
331
308
250
244
254
239
257
234
198
227
241
243
241
215
201
188
170
169
139
99
78
54
48
56
24
4
-2
-34
-38
-10
20
34
48
65
49
53
59
49
61
46
33
44
23
12
21
9
25
40
26
40
41
30
6
7
12
-6
-4
-6
-29
-60
-74
-103
-120
-117
-122
-135
-145
-132
-118
-122
-138
-140
-140
-153
-160
-155
-162
-170
-172
-190
-200
-208
-252
-241
-227
-236
-212
-204
-203
-188
-196
-197
-181
-195
-184
-182
-179
-184
-180
-164
-155
-136
-142
-133
-126
-120
-81
-99
-89
-75
-63
-51
-32
-25
-34
-21
-30
-15
-11
-13
-12
-21
-7
8
24
35
35
30
32
42
41
67
84
79
72
83
109
95
107
110
114
135
117
112
124
121
125
141
132
128
134
124
93
96
79
51
60
49
46
50
25
37
36
16
24
8
-11
-11
-36
-58
-53
-40
-53
-74
-83
-112
-99
-117
-104
-64
-74
-78
-73
-87
-90
-92
-97
-72
-65
-75
-59
-54
-64
-53
-36
-15
2
-8
2
15
13
45
44
48
58
33
36
62
62
69
67
50
52
45
33
46
34
27
11
-3
2
3
-1
-3
7
-5
-2
7
6
1
8
-2
-3
2
-10
-13
-9
-10
-2
-13
-24
-40
-50
-62
-74
-51
-66
-62
-84
-103
-96
-105
-116
-109
-110
-110
-102
-115
-105
-97
-113
-104
-97
-89
-91
-85
-76
-77
-72
-72
-78
-65
-67
-93
-80
-75
-83
-61
-71
-62
-50
-46
-31
-21
-2
-16
-10
-10
-14
-16
1
10
21
31
31
39
46
56
52
58
92
96
97
114
128
113
125
141
130
129
126
123
118
128
131
120
122
120
124
121
120
143
156
153
147
154
155
157
160
164
155
139
143
150
165
139
137
138
101
106
85
79
70
63
46
39
31
6
-17
-26
-38
-31
-34
-54
-50
-58
-60
-49
-49
-40
-33
-33
-27
-31
-30
-25
-27
-31
-7
-10
-16
-4
2
-8
-5
-24
8
18
14
58
37
38
64
21
41
59
38
67
82
72
92
91
77
80
84
86
81
81
93
81
77
71
69
58
51
55
51
56
33
21
35
28
13
11
-9
-1
2
-23
-6
-3
9
19
20
33
45
32
28
41
55
52
48
67
46
57
49
27
53
33
34
46
39
37
47
54
54
71
58
59
68
61
64
59
56
50
58
75
80
79
92
75
78
91
92
82
71
67
73
84
64
49
57
35
38
21
-8
-6
-20
-20
-2
-15
-21
-24
-19
-9
-19
-11
-18
-27
-22
-14
-12
-23
8
3
14
14
19
45
54
50
59
70
50
90
87
80
79
38
48
71
67
61
75
65
72
77
72
99
85
85
91
110
123
144
141
148
142
136
130
127
125
135
119
119
115
100
95
72
56
30
32
38
30
20
18
16
9
9
4
-12
-44
-59
-67
-68
-77
-86
-93
-94
-95
-110
-109
-110
-110
-116
-121
-109
-90
-95
-88
-67
-75
-66
-78
-86
-87
-96
-73
-62
-55
-54
-44
-25
-30
-15
-4
-12
-2
-3
4
13
19
25
20
31
31
27
23
22
26
37
46
60
68
73
80
78
80
80
79
82
60
63
58
40
43
35
28
27
14
14
10
16
23
22
23
13
3
7
-10
-21
-13
-6
-20
-4
9
-10
-4
1
-24
-13
6
-11
9
15
1
-10
-2
-13
-13
-11
-20
-18
-32
-25
-9
-17
-31
-35
-53
-40
-34
-44
-32
-39
-45
-49
-52
-39
-41
-67
-55
-36
-53
-62
-59
-54
-39
-20
-41
-32
-28
-37
-31
-10
-26
-11
-25
-28
-8
-19
-18
-14
-7
-9
-9
-5
-11
6
19
0
11
13
24
39
22
37
52
47
33
35
37
31
33
37
22
14
38
22
13
8
-9
-9
-13
-16
-23
-24
-32
-35
-42
-64
-73
-81
-84
-92
-83
-90
-66
-73
-81
-64
-86
-77
-54
-60
-68
-57
-49
-57
-65
-46
-52
-57
-58
-50
-41
-29
-39
-18
-5
-19
-5
-20
-13
10
3
-3
13
1
-7
-10
-23
-11
-11
-11
-6
5
1
8
11
-5
-16
12
-2
-6
8
-8
-9
-11
2
4
4
21
20
6
4
-1
0
9
21
3
2
-1
-17
11
12
-16
-16
-8
32
37
16
30
0
11
9
13
27
1
4
18
12
23
10
-12
-21
-28
-34
-26
-26
-46
-44
-43
-62
-58
-60
-70
-78
-74
-44
-54
-57
-33
-51
-42
-37
-51
-26
-17
-17
10
-6
7
14
-4
-9
-15
-24
-39
-19
-26
-16
-12
-15
-9
14
5
9
-5
-17
0
-8
-7
2
-25
-23
-12
-25
1
-29
-29
-6
-12
-15
-13
-4
-14
-19
-31
-44
-37
-38
-51
-24
-49
-65
-57
-69
-50
-67
-88
-69
-98
-113
-83
-108
-95
-78
-98
-89
-88
-96
-104
-105
-113
-113
-78
-107
-97
-66
-89
-66
-80
-99
-81
-93
-90
-83
-90
-81
-84
-101
-97
-85
-90
-85
-76
-97
-84
-67
-85
-79
-67
-84
-77
-81
-88
-77
-67
-69
-58
-47
-48
-67
-54
-43
-43
-31
-33
-28
-24
-21
-26
-33
-28
-20
-36
-20
-15
-14
-10
4
25
33
28
48
58
54
54
53
74
77
84
102
82
82
96
96
93
85
70
49
35
40
37
47
32
17
14
7
5
-33
-30
-26
-61
-41
-44
-72
-56
-62
-56
-38
-60
-63
-69
-73
-71
-68
-70
-68
-63
-68
-48
-61
-81
-82
-94
-91
-101
-105
-86
-88
-87
-80
-85
-82
-83
-93
-74
-89
-98
-74
-72
-66
-82
-85
-93
-104
-127
-113
-104
-114
-104
-91
-93
-86
-65
-72
-52
-61
-68
-48
-59
-55
-55
-64
-60
-64
-41
-51
-63
-44
-46
-42
-52
-43
-25
-30
-31
-36
-52
-45
-26
-32
-30
-27
-28
-28
-13
8
-1
1
14
13
22
44
43
46
44
22
19
27
14
36
23
19
42
13
24
47
27
25
28
11
15
10
15
6
-5
9
3
14
26
12
-22
-8
2
-3
6
4
8
7
-8
-3
-3
-16
-14
-25
-25
-11
0
-8
0
-6
-16
2
6
2
34
37
23
35
35
40
60
53
58
67
46
60
73
59
60
61
76
71
90
96
71
98
89
92
98
77
74
88
87
68
88
72
58
55
46
56
68
54
52
55
54
62
53
44
38
38
35
33
32
27
15
11
12
12
-15
-17
-11
-20
-29
-55
-52
-77
-86
-98
-114
-109
-112
-97
-110
-127
-134
-125
-138
-127
-141
-156
-146
-169
-159
-151
-146
-137
-128
-132
-141
-158
-150
-142
-144
-115
-124
-131
-119
-111
-100
-85
-93
-74
-65
-66
-56
-48
-28
-19
-10
-3
8
3
13
23
27
58
63
77
71
58
66
85
81
78
89
76
100
91
76
79
90
55
52
61
40
42
37
28
26
52
44
36
52
31
12
37
25
6
35
22
8
25
29
38
32
23
21
38
35
23
43
25
21
19
8
-1
23
31
14
20
21
36
43
47
46
42
52
65
65
68
63
86
89
81
100
107
86
98
112
106
116
114
103
112
93
81
78
71
69
89
87
74
74
56
78
85
82
72
95
101
89
98
91
87
102
103
85
100
103
104
106
95
103
131
109
103
116
115
100
106
106
120
124
101
116
106
103
93
96
91
88
73
51
47
29
17
18
1
-4
0
-13
-11
-36
-38
-42
-65
-70
-77
-90
-78
-91
-97
-101
-108
-109
-117
-94
-122
-117
-104
-112
-93
-99
-95
-83
-98
-74
-74
-65
-42
-62
-52
-35
-31
-31
-15
-6
11
5
3
1
19
24
34
35
43
57
49
49
59
56
56
80
69
95
91
81
93
78
92
103
116
128
121
130
121
108
129
120
145
132
127
144
118
150
136
137
148
124
113
116
120
139
128
102
109
89
87
58
72
89
75
66
57
56
53
52
56
59
59
36
33
49
29
37
44
35
30
30
25
38
44
24
27
12
2
7
15
13
29
27
15
16
8
-9
-15
3
-6
-7
-4
-6
-19
-6
-10
1
-6
-8
-4
-8
-14
1
4
-20
-17
-22
-12
-15
-35
-26
-20
-40
-29
-24
-15
-9
-8
-15
-5
-3
0
3
24
11
10
18
10
12
29
25
39
26
33
53
24
42
39
34
38
28
17
16
-9
-22
-17
-11
-19
-8
-18
-13
-14
-27
-17
-29
-12
-10
-3
4
2
9
0
-9
-11
-14
-11
-5
-8
-9
-4
-2
5
8
3
7
12
34
52
46
57
53
33
56
64
55
73
83
79
88
95
96
99
90
92
108
94
107
114
130
126
128
123
116
127
118
130
143
132
127
129
116
122
108
124
119
103
110
94
105
94
86
109
88
88
92
78
58
70
63
62
65
56
76
74
63
52
55
44
54
49
37
35
33
28
23
17
6
8
1
-8
1
7
-3
3
2
-13
-4
-21
-29
-6
-12
-15
-8
-14
-7
-16
-25
-14
-13
-28
