91
83
71
80
73
75
60
55
53
38
30
37
30
40
32
14
10
4
11
4
-12
-10
-23
-33
-20
-32
-35
-35
-35
-36
-56
-58
-62
-71
-76
-92
-99
-101
-107
-103
-95
-87
-91
-109
-108
-109
-99
-100
-98
-101
-98
-92
-88
-69
-54
-57
-60
-47
-56
-47
-28
-14
14
7
20
47
54
44
14
-4
-12
-21
-54
-63
-57
-76
-65
-61
-76
-55
-44
-38
-19
-39
-33
-19
-33
-30
-5
-7
-9
-11
-4
9
11
21
0
21
2
-2
28
15
13
2
1
-1
0
-9
8
16
28
24
25
48
50
49
54
54
68
74
73
81
83
91
93
93
103
96
75
91
87
77
77
60
54
63
29
18
30
26
48
48
50
51
47
38
53
41
36
36
49
60
50
63
62
68
60
73
92
88
106
108
96
86
83
72
71
59
38
59
51
33
36
31
41
31
37
55
51
47
31
45
49
33
25
20
3
-9
-25
-6
-14
-12
-2
-15
-20
-19
-14
-1
-3
-17
4
11
-3
6
13
13
19
-3
-15
-31
-34
-21
-25
-22
-9
-15
-22
-36
-41
-33
-51
-45
-41
-64
-50
-54
-49
-48
-76
-82
-94
-80
-84
-89
-75
-82
-81
-67
-58
-70
-76
-109
-113
-107
-136
-145
-149
-148
-154
-149
-126
-114
-91
-79
-65
-51
-62
-54
-70
-67
-66
-80
-85
-96
-94
-80
-60
-49
-37
-42
-52
-52
-54
-54
-61
-51
-44
-32
-31
-27
-29
-22
-17
-36
-20
-18
-27
-18
-13
8
32
28
30
31
7
-1
-26
-40
-35
-47
-34
-27
-26
-35
-55
-66
-49
-36
-38
-39
-33
-40
-31
-36
-58
-50
-71
-86
-89
-96
-100
-81
-54
-20
7
18
28
39
40
45
22
19
21
23
13
11
7
-10
4
6
22
34
29
42
34
30
31
3
-5
-18
-3
-2
11
10
8
7
-19
-15
-30
-43
-41
-40
-23
-19
-27
-29
-31
-34
-48
-69
-92
-104
-105
-92
-86
-66
-55
-47
-59
-56
-51
-64
-58
-45
-44
-27
-30
-34
-8
-27
-36
-48
-82
-71
-77
-72
-49
-50
-46
-40
-22
-19
4
-9
-28
-4
-2
-9
-14
-30
-47
-46
-53
-41
-32
-33
-23
-13
-5
-9
3
8
11
-3
-8
0
-21
-33
-36
-23
-41
-35
-43
-42
-21
-23
-20
-10
-34
-21
-10
-22
-13
-30
-40
-51
-54
-54
-42
-28
-14
14
21
30
23
28
21
16
16
7
11
13
22
20
13
17
2
-10
-21
-4
22
33
76
94
88
108
117
117
125
115
108
76
74
70
42
36
23
-2
-2
3
18
39
26
52
52
63
67
38
34
18
1
7
-8
-13
15
18
40
42
33
42
46
49
48
44
57
56
60
52
33
35
30
21
22
17
21
28
51
71
78
77
67
67
65
66
55
59
63
51
44
1
-27
-32
-76
-98
-118
-135
-133
-139
-126
-129
-132
-135
-144
-116
-111
-104
-103
-120
-132
-157
-188
-190
-200
-184
-178
-183
-154
-132
-119
-110
-108
-115
-137
-146
-145
-155
-148
-155
-145
-132
-131
-98
-109
-100
-99
-103
-79
-74
-55
-44
-44
-44
-52
-54
-88
-118
-130
-144
-157
-127
-113
-99
-83
-77
-67
-49
-55
-61
-72
-68
-64
-64
-34
-18
-23
-34
-48
-58
-78
-80
-76
-68
-45
-29
-21
-2
28
14
32
41
24
28
26
35
21
15
-1
-7
23
12
14
44
42
50
77
65
65
74
77
55
52
62
58
82
68
61
75
57
48
63
66
80
85
104
132
115
97
85
60
32
-2
-14
-5
10
26
14
45
47
25
43
26
17
36
20
29
34
9
14
5
-27
-26
-43
-42
-46
-54
-28
-32
-19
-13
-14
-9
4
2
1
24
19
15
19
30
-4
-21
-58
-95
-94
-100
-116
-109
-113
-105
-96
-109
-104
-125
-127
-143
-166
-182
-180
-176
-187
-185
-171
-166
-171
-142
-136
-126
-99
-105
-87
-89
-88
-89
-102
-102
-102
-124
-101
-110
-92
-79
-95
-57
-51
-44
-55
-50
-43
-43
-43
-17
-11
-9
-4
-15
-6
-17
-33
-49
-52
-41
-42
-33
3
29
55
61
68
85
103
103
125
134
110
92
72
63
43
14
-2
15
18
35
60
71
112
116
119
127
124
118
120
132
116
119
128
137
131
137
136
143
136
111
120
125
120
133
127
107
68
46
56
55
40
43
63
74
77
73
82
65
59
60
58
72
79
76
62
40
19
-2
-21
-31
-34
-49
-61
-63
-64
-70
-65
-63
-59
-63
-63
-61
-67
-58
-68
-90
-114
-133
-147
-164
-182
-190
-178
-179
-186
-176
-165
-165
-163
-177
-189
-188
-201
-214
-203
-195
-215
-215
-213
-218
-218
-203
-203
-201
-198
-183
-167
-168
-150
-157
-163
-167
-176
-188
-177
-152
-148
-128
-110
-103
-85
-87
-98
-96
-86
-63
-51
-47
-30
-22
-19
-25
-30
-48
-60
-56
-71
-71
-78
-80
-73
-77
-70
-56
-55
-52
-50
-47
-53
-43
-50
-55
-44
-46
-54
-75
-63
-59
-57
-45
-43
-41
-54
-56
-69
-80
-75
-88
-89
-86
-83
-95
-103
-108
-106
-97
-106
-86
-70
-79
-57
-47
-39
-30
-37
-37
-39
-46
-60
-63
-59
-38
-26
-22
-6
-2
-16
-23
-34
-41
-16
-6
6
28
33
46
33
12
0
-28
-28
-41
-52
-45
-40
-29
-16
-28
-9
3
6
25
28
28
34
24
-10
-10
-35
-47
-67
-65
-76
-89
-81
-82
-80
-77
-99
-99
-102
-111
-96
-89
-82
-70
-74
-75
-95
-95
-87
-112
-99
-92
-88
-65
-65
-58
-56
-69
-79
-94
-82
-71
-77
-54
-50
-55
-77
-95
-89
-102
-99
-122
-104
-78
-73
-52
-38
-34
-16
-30
-47
-43
-65
-76
-76
-87
-95
-90
-90
-86
-79
-87
-84
-65
-49
-45
-30
-39
-34
-26
-41
-60
-90
-81
-81
-79
-59
-40
-37
-28
-16
-1
5
19
33
59
77
83
99
96
84
81
79
83
78
69
68
70
98
110
119
115
88
95
87
60
53
41
28
27
39
42
45
25
8
24
20
-11
6
21
36
55
57
72
55
28
34
25
22
13
-5
-15
-14
-1
-2
8
28
37
51
85
110
137
162
160
165
147
117
110
85
65
84
77
73
79
77
79
78
86
72
79
87
76
62
63
54
44
10
-11
-9
-38
-33
-46
-44
-42
-41
-61
-52
-47
-73
-89
-107
-116
-120
-121
-110
-117
-123
-109
-118
-130
-128
-126
-133
-138
-147
-134
-129
-124
-137
-145
-127
-147
-142
-151
-147
-147
-164
-164
-158
-165
-151
-125
-121
-92
-71
-56
-25
-17
-11
-22
-33
-50
-78
-74
-80
-82
-82
-89
-84
-76
-77
-68
-75
-60
-54
-53
-26
-23
-30
-58
-63
-87
-105
-120
-136
-129
-119
-116
-112
-82
-85
-78
-64
-55
-54
-66
-52
-28
-14
-1
5
0
9
5
11
14
30
44
48
49
58
62
70
78
72
84
68
81
72
56
48
43
25
8
16
30
28
58
92
108
144
147
155
155
131
119
118
97
86
76
57
69
65
68
70
68
63
78
93
116
130
151
144
153
142
141
126
110
124
120
101
90
82
76
74
50
48
48
49
46
31
24
25
11
0
-15
-24
-15
-19
-13
-23
-22
-25
-31
-30
-37
-29
-18
13
18
21
33
31
22
19
-6
-36
-32
-38
-47
-41
-55
-56
-24
-20
-21
-6
1
4
13
0
-6
4
-5
-25
-16
-23
-58
-37
-49
-39
-26
-33
-16
6
10
8
14
10
11
-11
-19
-18
-12
-21
-21
-13
-11
-9
-11
-42
-19
-26
-20
0
0
-3
0
11
33
32
34
55
52
82
97
92
103
102
119
142
161
182
173
187
175
162
159
147
149
159
151
128
140
132
139
155
156
173
189
193
207
204
207
207
209
181
161
151
121
129
120
98
83
87
91
111
125
147
152
137
137
148
142
125
139
132
122
138
125
124
156
139
143
163
151
153
172
179
201
208
214
219
223
207
199
186
161
155
136
128
128
133
143
133
132
130
101
104
104
94
97
84
54
41
1
-4
1
-21
-23
-31
-43
-31
-23
-38
-43
-54
-34
-42
-47
-31
-28
-35
-48
-29
-34
-50
-59
-59
-67
-70
-53
-52
-45
-51
-46
-32
-32
-29
-47
-35
-38
-44
-47
-33
-29
-13
0
10
12
21
17
7
8
-6
-4
-11
-8
5
-6
-14
-10
-14
-15
-3
-1
-16
-13
-17
-7
1
0
11
23
47
62
59
52
47
23
6
-8
-2
3
-18
5
26
22
36
44
62
84
74
86
110
116
123
96
97
99
85
76
89
89
77
84
98
88
132
141
169
182
182
184
179
195
207
234
214
222
238
230
232
227
201
182
166
157
158
140
125
116
114
120
122
119
125
135
128
129
122
130
119
125
120
117
138
114
133
124
108
106
76
63
50
29
12
-1
-21
-27
-22
-15
0
14
38
31
27
27
21
3
7
34
26
26
19
6
0
-10
-1
-18
-11
-2
-13
7
19
28
21
-3
-4
-19
-42
-40
-32
-28
-16
-22
-27
-28
-36
-46
-63
-73
-81
-69
-59
-62
-49
-40
-44
-60
-54
-55
-58
-85
-106
-118
-133
-158
-178
-152
-151
-157
-140
-137
-107
-105
-110
-111
-103
-100
-125
-114
-115
-119
-99
-91
-70
-42
-27
-3
13
22
39
56
79
85
98
105
104
108
105
99
120
111
101
112
112
109
108
126
129
125
134
114
111
113
111
134
132
125
130
127
107
108
95
92
85
66
55
46
56
68
69
69
69
78
81
57
52
61
58
76
76
84
103
103
107
113
114
113
113
120
119
106
101
91
84
77
61
57
50
52
40
54
70
53
74
74
48
40
26
26
8
-17
-30
-43
-44
-73
-92
-110
-138
-139
-150
-158
-128
-123
-116
-98
-128
-146
-137
-130
-124
-120
-126
-119
-108
-118
-114
-121
-132
-125
-122
-128
-134
-136
-135
-105
-106
-119
-115
-103
-103
-100
-94
-98
-105
-109
-123
-109
-87
-94
-81
-78
-71
-52
-52
-54
-26
-41
-50
-41
-60
-45
-47
-40
-42
-31
-33
-50
-23
-28
-31
-21
-39
-35
-38
-57
-54
-52
-56
-45
-49
-56
-41
-47
-39
-38
-31
-23
-29
-5
-28
-24
-24
-29
-16
-23
-13
5
-6
7
10
17
19
25
42
39
46
60
56
54
69
68
84
87
78
90
95
109
111
107
124
111
130
122
124
135
136
140
142
157
146
145
129
112
86
69
54
25
33
55
49
53
53
38
59
57
59
57
34
32
24
38
62
37
34
15
12
5
-14
-21
-19
-24
-16
4
1
9
1
-18
-16
-6
0
-1
19
39
51
58
51
49
55
37
32
27
27
18
8
20
31
13
-7
8
21
18
27
49
41
32
18
7
11
10
-9
-30
-36
-50
-48
-38
-51
-73
-80
-110
-93
-100
-110
-88
-90
-95
-84
-73
-78
-76
-75
-67
-80
-81
-91
-77
-79
-88
-67
-80
-82
-80
-101
-80
-62
-63
-55
-49
-33
-28
-21
-7
-7
2
11
21
38
61
61
66
71
66
55
31
51
50
40
27
25
28
26
46
38
40
43
43
50
63
48
35
30
16
9
26
12
7
8
5
12
-5
-5
0
-9
-32
-37
-42
-34
-49
-59
-49
-50
-40
-48
-40
-42
-36
-17
-16
5
21
26
43
40
48
37
26
46
36
49
50
71
92
91
66
74
65
59
48
27
44
22
7
24
29
20
7
5
-8
-14
-43
-40
-22
-37
-31
-23
-23
-37
-31
-26
-23
-13
-33
-33
-40
-56
-53
-49
-44
-67
-63
-45
-37
-26
-18
-7
14
4
-6
-5
-35
-44
-63
-68
-98
-103
-113
-129
-124
-126
-121
-99
-88
-78
-64
-56
-65
-55
-35
-25
-13
-24
-24
-20
-35
-48
-41
-60
-56
-51
-75
-61
-57
-81
-77
-68
-73
-81
-76
-96
-109
-100
-124
-125
-128
-121
-137
-115
-110
-108
-77
-95
-73
-55
-66
-54
-32
-52
-36
-19
-18
-13
-13
4
-10
-12
-7
-15
9
-1
4
5
-16
3
9
1
-9
-16
-21
-13
-10
3
7
3
7
28
56
71
84
84
105
104
105
101
110
83
54
41
34
40
26
20
5
0
-1
0
16
22
7
0
6
20
29
17
12
15
-3
0
0
-14
-16
-26
-29
-30
-54
-58
-60
-58
-42
-36
-38
-25
-16
-30
-4
4
-22
-13
-18
-33
-30
-36
-35
-34
-35
-29
-22
-11
-11
-6
-6
-23
-8
-11
-16
-1
-20
-11
-4
-6
-4
12
19
13
40
41
35
49
58
48
46
24
9
6
-17
-30
-33
-24
-44
-56
-57
-68
-62
-46
-59
-59
-65
-79
-66
-72
-92
-93
-107
-104
-112
-109
-105
-119
-106
-106
-110
-91
-85
-87
-84
-92
-83
-61
-59
-48
-23
-21
-17
-21
-15
-12
-17
-10
-2
16
13
4
15
8
-3
-8
-27
-40
-51
-63
-64
-63
-82
-78
-80
-99
-105
-108
-101
-97
-89
-93
-77
-73
-67
-75
-80
-87
-80
-78
-75
-85
-92
-86
-98
-79
-83
-95
-79
-71
-76
-69
-65
-41
-23
-19
-10
-5
2
18
6
15
-9
-11
-3
-11
18
14
-3
25
29
31
65
70
88
107
108
113
136
144
135
151
153
141
142
123
136
130
129
126
128
127
83
74
76
67
67
35
14
17
-11
0
4
-3
3
-1
16
37
28
32
30
17
11
3
4
-8
-25
-30
-30
-32
-36
-60
-53
-50
-46
-52
-60
-46
-65
-64
-79
-98
-105
-120
-131
-137
-139
-125
-124
-132
-123
-135
-136
-114
-107
-111
-113
-94
-79
-70
-49
-29
-12
4
17
17
20
1
1
11
16
22
31
29
23
7
-21
-17
-39
-70
-86
-98
-115
-135
-142
-142
-154
-157
-156
-143
-130
-119
-127
-110
-96
-84
-73
-86
-87
-82
-89
-94
-83
-86
-79
-75
-62
-32
-16
-14
-6
26
46
54
53
58
61
61
80
100
108
114
117
132
130
138
142
119
127
117
115
105
94
98
84
92
85
90
109
90
91
98
103
104
96
106
110
127
137
134
129
119
120
116
81
84
78
70
68
44
65
58
23
21
23
7
33
37
44
64
62
66
69
71
78
65
57
57
60
52
49
58
58
58
53
43
50
26
17
22
12
4
-4
-16
-33
-31
-37
-60
-51
-70
-74
-71
-86
-115
-127
-147
-154
-155
-171
-165
-154
-149
-159
-154
-154
-159
-171
-185
-178
-181
-167
-163
-164
-157
-150
-155
-153
-136
-143
-135
-124
-113
-124
-128
-133
-127
-101
-106
-104
-106
-108
-116
-99
-107
-87
-75
-69
-48
-58
-29
-25
-21
-31
-41
-28
-38
-37
-13
-27
-27
-30
-50
-30
-22
-15
5
6
4
21
18
16
19
24
44
42
43
50
61
65
50
58
57
56
64
93
102
101
111
118
140
125
109
122
117
92
90
91
98
119
112
121
141
134
141
140
151
150
140
127
112
117
94
70
63
48
25
11
16
12
26
42
38
68
72
77
74
56
63
39
15
11
7
13
-2
-20
-12
-28
-45
-46
-41
-25
-27
-44
-55
-51
-52
-83
-65
-71
-79
-96
-72
-92
-75
-146
-108
-232
-230
-629
-1233
-1507
34
234
217
202
-345
-103
412
-1371
-2454
883
413
-1474
-903
2221
-191
-757
-217
842
-1799
-385
978
875
-1475
-183
655
-93
-293
80
-5
-486
-446
-1199
730
-1024
-2003
-1157
-302
-1414
-1669
345
-1566
-2393
844
205
-1005
-3010
-1462
1081
-920
696
2553
-726
-322
750
196
-605
-559
620
833
1505
2380
856
417
396
-1175
-1919
-1741
916
696
-640
1291
570
-1093
228
-244
-698
-950
-1279
781
633
-119
182
156
-926
-390
263
-41
411
583
449
138
676
275
-39
137
859
654
-367
-819
337
153
-2140
-677
364
-784
-587
-663
-598
-670
-1161
506
342
-667
-282
20
810
513
622
391
760
644
646
423
671
205
-70
1320
443
1177
823
198
681
207
-687
68
358
69
175
-247
430
-949
384
160
-502
-44
856
-974
-492
753
118
-328
471
346
-113
383
631
-91
-436
289
50
-623
-61
550
-2044
88
888
-126
-605
1274
-514
-677
509
-467
-120
30
824
1111
493
-182
231
-1081
-650
1164
43
-109
1578
775
-694
857
23
-1054
-223
-14
224
338
295
-208
-493
-419
308
-965
-297
671
-56
-768
176
-342
-746
-119
232
-557
394
291
-370
471
-66
-109
-641
123
206
-190
211
633
-176
-221
411
-323
-273
283
-55
374
312
56
-119
-229
343
-630
-801
-525
72
230
541
95
-59
-95
-649
-126
-221
645
96
471
1060
1091
76
523
81
-441
315
369
719
525
798
578
-177
-157
174
-742
-230
497
128
308
-42
456
-203
-815
323
-571
-341
329
501
598
303
324
106
-232
-224
66
599
321
452
957
282
334
-163
-511
345
-102
125
406
235
159
1035
-301
-570
186
-301
520
262
324
465
377
131
85
-389
-110
175
365
509
514
122
-120
407
-88
-319
-337
226
395
185
325
158
-239
-992
-71
339
-449
123
471
170
170
-199
-215
-242
91
434
30
18
-233
175
97
2
47
-4
-509
582
737
162
75
-59
-18
468
215
465
478
-216
9
108
-61
355
16
-142
-5
-1
200
59
286
2
93
92
359
42
110
465
493
42
220
461
313
39
586
165
-328
359
505
-45
247
593
304
20
608
522
-389
-218
-83
-400
-162
327
230
12
176
247
-357
-359
-237
-1
145
623
879
137
44
38
-279
-338
54
-123
175
163
307
120
-873
-706
-353
-260
126
406
32
-96
-54
-405
-421
-593
-415
-198
239
261
186
76
29
-102
-244
-141
-235
-52
172
238
258
597
470
332
158
34
-200
-328
137
89
32
281
258
-52
109
-273
-204
29
221
590
313
-146
-102
466
-235
380
630
-150
-530
-100
405
162
-7
339
-408
-366
920
503
-97
17
71
194
7
707
188
-207
584
158
344
825
212
65
369
30
547
554
1322
289
327
1003
776
541
583
503
353
284
616
654
-274
610
243
264
628
255
-531
172
286
-102
473
523
749
479
65
-132
213
-80
290
447
-21
805
-16
782
679
71
236
414
-192
232
802
-204
243
370
529
-966
-564
-685
-507
-74
-91
-241
-706
192
8
-207
-811
-644
211
224
1301
-229
-353
-473
626
309
-728
-732
-557
710
1231
449
-212
-824
-1125
878
852
336
-671
-315
916
1101
162
-945
-600
200
470
936
506
-508
-412
261
-230
-54
-306
-164
330
-192
-455
19
-454
120
0
-85
223
-294
-856
-636
-889
-253
279
-296
-132
-378
-190
0
-155
-306
-256
-156
216
46
-242
-190
-285
265
340
56
-39
14
113
256
163
-1
153
136
354
302
20
-59
24
222
255
99
39
19
30
76
66
-112
-141
-93
111
100
3
-134
-174
41
71
-78
-195
-160
-176
-43
-22
-141
-282
-305
-135
61
-15
-162
-175
-132
-123
-197
-255
-234
-168
-129
-113
-213
-257
-300
-423
-440
-340
-337
-405
-404
-313
-373
-359
-262
-400
-344
-361
-308
-174
-215
-371
-353
-170
-353
-312
-193
-368
-463
-161
-80
-278
-376
-406
-251
-244
-85
-258
-350
-404
-17
-81
-655
-52
167
284
516
-298
-156
230
173
197
-346
-414
559
247
396
-385
-1786
-675
300
1270
530
-556
-324
295
386
193
-1600
-2152
-769
865
1527
406
-842
-852
-90
172
-287
-1119
-840
547
1878
939
-289
-1538
-58
177
158
-147
-148
908
761
550
-627
-321
-643
493
462
-146
-390
-156
587
8
-141
-907
1
-445
135
-1037
-1161
-985
32
880
354
159
-603
121
-196
116
-524
-222
277
153
327
-446
-741
-1392
-390
-516
-177
106
-252
78
-952
-280
-525
-852
-603
-770
-692
-724
-472
-793
-1139
-682
-353
66
-167
-645
353
-279
-656
370
925
684
117
140
269
-225
-360
321
55
25
516
737
-211
-229
-753
-682
-134
110
-755
-103
335
211
-146
-1279
-1176
-715
-797
-161
-256
-710
-284
-240
250
50
-747
27
787
441
642
186
294
1045
1240
1402
185
104
768
397
564
927
509
1015
866
856
498
315
460
214
609
952
1281
838
816
286
697
446
725
1097
940
1264
1282
444
652
472
882
718
208
656
1395
1120
696
-3
-114
80
-45
20
-15
758
564
295
-183
-468
-484
122
-195
-67
-409
-183
277
-265
-665
-946
-1071
-1017
-1178
-977
-870
-1344
-1085
-993
-1248
-1432
-1890
-1828
-1215
-1346
-1530
-1687
-1294
-1304
-1279
-1191
-1262
-1289
-1040
-771
-457
-445
-304
-326
-193
389
603
115
-32
26
525
726
345
481
968
1044
41
509
1119
779
678
1533
438
733
858
583
1148
882
1839
1916
1448
1530
1377
684
1792
1400
825
1643
1757
2003
1663
947
1210
1267
673
1543
1021
1149
1368
1148
1723
949
644
767
405
248
-146
-86
243
438
382
-232
-675
-805
-596
-698
-891
-1011
-1079
-1028
-968
-1022
-1374
-1523
-1566
-1599
-1575
-1670
-1971
-1868
-1749
-1695
-1533
-1613
-1378
-1610
-1684
-1151
-1281
-1343
-1373
-1317
-1209
-1129
-1134
-1023
-1022
-1295
-1097
-1033
-1070
-879
-779
-346
-563
-618
-284
11
159
-488
-495
-280
-264
-106
-286
-241
-228
-47
199
159
48
187
362
322
422
531
466
666
544
323
352
475
726
737
668
628
570
659
752
784
783
799
727
754
718
623
556
688
828
772
837
774
642
728
760
795
891
966
1009
1027
950
785
746
740
641
581
586
730
746
660
611
448
253
229
82
-34
-27
-97
-162
-231
-398
-586
-807
-1034
-1252
-1362
-1459
-1563
-1512
-1439
-1558
-1542
-1630
-1802
-1787
-1814
-1681
-1802
-1702
-1629
-1638
-1724
-1645
-2038
-1702
-1625
-1608
-1686
-1693
-1266
-1611
-1350
-1294
-1219
-1082
-626
-994
-709
-479
-382
-245
-555
-176
-336
-135
68
217
128
107
371
-438
-458
-195
522
1151
1124
1053
238
38
249
846
957
825
1079
1608
1902
1630
855
226
276
1219
1939
1805
1774
1208
1352
1202
838
1107
1135
1790
2064
2154
1833
1807
1464
1022
418
221
479
885
1124
1358
1250
506
-215
-821
-1121
-1051
-995
-809
-595
-472
-908
-1605
-2262
-2767
-2760
-2539
-2253
-2021
-1892
-1603
-1613
-1877
-2282
-2376
-2595
-2333
-2223
-1664
-1243
-1118
-803
-1180
-1944
-2358
-2469
-2058
-1488
-1003
-979
-1486
-1396
-1659
-1993
-2415
-2157
-1630
-1171
-884
-368
-1093
-1128
-1311
-1270
-549
-652
-123
756
752
657
930
338
-105
612
1439
1632
1701
2304
2183
2253
1990
1511
1703
2292
2951
3639
3757
3512
3255
2730
3234
3788
3585
4536
5203
5223
5278
4853
4982
4736
4387
4407
4448
3434
1782
1008
1032
1558
2124
1822
879
-392
-2070
-3033
-4157
-4087
-3357
-2834
-3063
-3943
-4873
-5604
-6205
-6297
-5980
-5180
-4328
-4020
-3829
-3963
-4189
-3986
-3343
-2661
-1864
-1880
-1664
-1672
-1135
-518
-506
-351
-758
-892
-579
-654
-594
-780
-944
-670
-1023
-1257
-1550
-1445
-1009
-1268
-1356
-992
-1424
-1388
-1465
-1276
-746
-302
119
-108
239
768
651
695
1509
2193
1638
1804
2448
2708
2393
2071
2651
2969
3430
3369
2865
3043
3572
3445
3386
3923
4537
4369
4618
5038
5146
4535
4434
4921
4613
3846
3842
3435
2583
1039
288
834
1351
846
-112
-1120
-2209
-3153
-4049
-3998
-3571
-3232
-3209
-3900
-4787
-5518
-6221
-6313
-5798
-4944
-4131
-3586
-3591
-3770
-3966
-3980
-3454
-2592
-1701
-1060
-872
-632
-771
-836
-873
-779
-781
-806
-672
-43
86
54
-199
-356
-1000
-1343
-1176
-702
-205
-44
-28
-403
-848
-1018
-1253
-1007
-32
813
964
1048
775
683
996
1362
1166
1685
2237
2964
2582
1589
2153
2110
1947
1852
2499
3244
3211
3320
3968
3878
3547
3989
4313
4487
4886
5166
5412
4743
4028
3250
2186
1919
1715
2193
3014
3098
2218
610
-668
-1408
-2156
-2296
-1949
-1193
-891
-1820
-3124
-4411
-5091
-5395
-5317
-4832
-4016
-3633
-3724
-4030
-4257
-4330
-4299
-3916
-3065
-2157
-1488
-1155
-1241
-1493
-1950
-1992
-1758
-1461
-1016
-734
-410
-301
-791
-1524
-1902
-1705
-1464
-977
-553
-400
-567
-1217
-1386
-1483
-1534
-1014
-763
-504
7
72
-252
-104
3
-176
677
653
398
916
1358
1371
915
1037
913
1017
1149
1626
1696
1647
2468
2581
2638
2831
3190
3712
3967
3923
4502
4872
4744
4119
3311
2917
2689
2820
3674
4445
4424
3293
1625
355
-141
-316
-7
537
847
366
-876
-2144
-3150
-3758
-3852
-3502
-3003
-2762
-2736
-3169
-3531
-3801
-3942
-3978
-3565
-3022
-2469
-1909
-1527
-1548
-1880
-2109
-2128
-1805
-1392
-867
-400
-278
-650
-1087
-1252
-1095
-952
-927
-737
-463
-477
-820
-1183
-1436
-1396
-1485
-1288
-957
-643
-638
-604
-715
-856
-786
-808
-243
276
470
754
847
269
538
1043
940
761
1306
2243
2653
2236
2649
3244
2934
3248
4405
4645
4911
5714
6431
5856
3885
2598
2273
2888
4282
5742
6021
5110
2998
481
-1203
-1340
-467
819
1754
1733
-56
-2366
-4419
-5201
-5037
-4255
-3054
-2247
-2544
-3603
-4823
-5521
-5466
-4778
-3331
-1897
-1085
-1210
-1795
-2163
-2134
-1859
-898
301
1305
1704
1474
893
137
-495
-755
-227
610
1327
1522
1262
508
-795
-1968
-2200
-1441
-440
155
12
-855
-1982
-3108
-3483
-2905
-1689
-699
-349
-614
-1342
-2073
-2089
-1138
14
1103
1841
1603
1306
896
575
1250
2677
3703
4203
4340
4487
5349
4950
5050
5985
7090
7611
7373
5557
4463
3315
3330
4482
5712
6474
5855
3262
485
-1101
-1370
-533
262
1143
1094
-407
-3098
-5067
-5993
-5607
-4950
-3813
-3190
-3335
-4767
-6194
-6970
-6509
-5427
-3683
-2181
-1584
-2053
-2798
-3263
-2878
-1938
-489
1062
1815
1212
-3
-948
-1025
-351
811
2026
2456
1705
418
-338
-538
-421
-65
614
998
699
-330
-1155
-1677
-1918
-1781
-1224
-361
211
-47
-967
-1560
-1583
-971
6
1362
2258
1922
846
309
643
1452
2509
3870
4563
4856
4655
4075
4450
5206
6994
7860
7141
6083
4958
3955
3666
4061
5054
6130
5834
4236
1278
-576
-842
-499
-252
138
25
-875
-2981
-5071
-6091
-6056
-5454
-4769
-4504
-4578
-5671
-7026
-7658
-7121
-5888
-4281
-3079
-2548
-2981
-3906
-4210
-3576
-2189
-418
994
1438
957
29
-271
146
852
1647
2291
2554
2158
1078
396
269
532
887
1174
1234
784
-224
-1155
-1347
-907
-371
57
112
-120
-919
-1670
-1764
-1151
212
1003
1148
946
756
485
597
1269
2577
3622
4195
4540
4531
4957
5250
6175
6592
6212
5226
4934
4861
5595
5564
5714
5645
5118
3703
2097
905
1237
1735
1637
1126
167
-922
-2492
-4019
-4666
-4368
-4206
-3927
-4590
-5515
-6629
-7347
-7298
-6105
-4853
-3822
-3821
-4548
-5195
-5271
-4354
-2699
-1449
-548
-435
-854
-1116
-1050
-177
983
1736
1989
1781
1502
1518
1405
1629
2024
2159
1909
1390
873
643
302
206
364
565
677
280
-232
-493
-705
-674
-318
200
603
510
274
-93
28
375
1326
2409
3615
3834
3670
3713
4522
4615
3886
2689
2511
3852
5163
5565
4765
3576
2304
1443
670
1038
1758
2351
1697
268
-1304
-2034
-2677
-2889
-2760
-2444
-2378
-3056
-4358
-5429
-5927
-5753
-4843
-3751
-2810
-2833
-3937
-4995
-5040
-3911
-2041
-694
-36
-332
-1180
-1646
-1305
-107
1432
2324
2288
1691
1034
1005
1557
2275
3119
3428
3216
2646
1971
1603
1627
1699
1995
2060
1922
1488
679
44
-80
132
621
872
811
695
222
-47
-200
225
916
1431
1761
1969
2049
2511
3039
3826
3779
2759
1473
706
1505
3331
4564
4828
3672
1917
326
-757
-744
430
1451
1720
520
-1470
-3023
-3945
-4144
-3610
-3028
-2579
-2882
-4376
-5990
-6960
-6750
-5373
-3796
-2782
-2838
-4119
-5434
-5747
-4670
-2652
-996
-358
-670
-1428
-1849
-1640
-594
893
1862
1964
1587
1039
1026
1324
1971
2894
3513
3660
3333
2483
2010
2118
2664
3369
3757
3672
3090
1985
1365
1479
2127
2619
2645
2206
1821
1320
1279
1348
1668
1948
1918
1788
2172
2597
3081
3335
3506
3405
2279
555
-682
120
2421
4064
3681
1774
-176
-1202
-1807
-1774
-864
583
1010
-439
-3053
-4719
-5275
-5000
-4411
-3524
-2964
-3554
-5765
-7816
-8432
-7264
-5388
-3862
-3271
-3811
-5190
-6437
-6274
-4642
-2373
-920
-708
-1287
-1892
-2144
-1506
-481
840
1687
1817
1546
1116
1156
1824
2638
3443
3984
3854
3350
2506
2295
2867
3783
4386
4421
3893
3209
2451
2296
2944
3866
4306
3885
3012
2422
2303
2401
2849
3265
3574
3377
2794
2678
3023
3706
4468
4677
3978
2849
775
-305
639
3213
4566
3527
922
-680
-1391
-1841
-1860
-1285
-300
-199
-1830
-4135
-5668
-6326
-5996
-5320
-4304
-3750
-4738
-7067
-9018
-9507
-8101
-5905
-4335
-3850
-4802
-6645
-7635
-7178
-5079
-2553
-1280
-1143
-1927
-2673
-2585
-1909
-552
994
1778
1980
1475
970
998
1602
2608
3675
4248
4229
3408
2354
2237
3111
4179
4821
4569
3988
3174
2533
2516
3210
3917
4202
3468
2868
2389
2581
2847
3270
3211
3344
3165
3269
3209
4105
4353
5011
5365
4662
3556
1131
499
2109
5008
5952
4777
1152
165
-403
239
91
345
474
785
-1059
-3209
-4757
-5428
-4997
-4778
-4574
-4493
-5754
-8151
-9760
-10037
-8285
-6430
-5916
-6361
-7699
-9048
-9215
-8101
-6094
-4217
-3945
-4443
-5060
-5184
-4131
-3003
-1909
-606
-61
-5
-317
-820
115
1500
2968
4035
4078
3617
2923
2375
3184
4649
5810
5953
4890
4134
3805
3835
4320
4965
5296
5097
3885
2996
2792
3550
4002
4198
3728
3597
2887
2750
2941
3678
4564
5133
5450
4559
2876
186
-33
2052
6114
7026
4955
1085
-310
164
1341
1526
1499
1945
1841
333
-2184
-3648
-3922
-3288
-2657
-2078
-2225
-4051
-6968
-9127
-8931
-6808
-4851
-4534
-5654
-7491
-9134
-9548
-8358
-6022
-4451
-4365
-5554
-6529
-6349
-5430
-4337
-3382
-2710
-2128
-2000
-2420
-2683
-2234
-799
771
1797
1976
1370
497
425
1553
3452
4730
4612
3571
2801
2833
3458
4129
4767
5138
4674
3687
2941
2976
3514
3863
3879
3771
3440
3151
2690
2919
3902
4769
5125
4706
3650
2470
349
-275
2073
5637
6854
4083
-19
-1062
656
2297
2412
1516
1731
1980
584
-1638
-2759
-2460
-1534
-1158
-1124
-1257
-3155
-6146
-7827
-6887
-4217
-2504
-3071
-4777
-6494
-7868
-7880
-6698
-4558
-3000
-3392
-4950
-6159
-6284
-5106
-3952
-3188
-2260
-2035
-2525
-3510
-3929
-2963
-1091
277
964
681
75
-512
-821
247
2335
3639
3320
2121
1552
2009
2521
3025
3793
4389
4242
3142
2104
2235
3019
3805
3828
3528
3095
2673
2032
1993
2684
3989
4448
4011
4204
3241
2658
462
-741
1156
4691
6269
3917
-167
-1313
1032
2303
2081
417
226
1339
1348
-359
-1768
-2511
-2149
-1485
-1164
-957
-1989
-4657
-6464
-6386
-4574
-2813
-2870
-4228
-5416
-6459
-6629
-5650
-4586
-3423
-3493
-4391
-5098
-5563
-4834
-3629
-2968
-2721
-2718
-2974
-2927
-3013
-2684
-1659
-864
-150
195
-111
-381
-809
-340
1238
2573
2658
1672
941
1449
2143
2581
3308
3655
3318
2272
1719
2196
3108
3324
3205
2809
2536
2241
1986
1930
2516
2871
3098
2579
2651
2762
3404
3226
3121
2149
335
819
2344
4648
3838
1649
107
1660
2454
1648
-788
-733
1723
3389
1617
-1084
-2922
-2359
-1464
-942
-644
-897
-2904
-5067
-6009
-4753
-2844
-2606
-3400
-4197
-4516
-5047
-5435
-5490
-3990
-2580
-2264
-3159
-4293
-4853
-5435
-3947
-2589
-816
-1310
-2882
-4025
-3836
-1923
-613
-617
-773
-265
36
-511
-1273
-878
805
1890
1831
1501
1053
1125
1123
1517
2695
3524
3183
2158
1197
1834
2537
2908
3060
3049
3053
2262
1434
1414
2705
3474
3886
3656
3822
4361
3178
3295
1641
1121
2411
4686
5791
3527
462
-7
2176
3810
2907
190
-698
1294
2891
1134
-1348
-2925
-1839
-793
-943
-1671
-2802
-4450
-5307
-5290
-3895
-2988
-3593
-4892
-5371
-5292
-4947
-4870
-4669
-3831
-3205
-3449
-4095
-4735
-4389
-3423
-2854
-2037
-1705
-1949
-2595
-3141
-2623
-1058
-193
-14
-494
-632
-304
-596
-793
-170
899
1541
972
281
229
520
644
1140
1782
1921
1346
523
552
1025
1472
1639
1584
1439
1367
905
1041
1360
2269
2890
3116
2954
3119
3277
3586
3866
4373
2969
1791
2425
4691
5909
4143
2235
2161
3896
4275
2481
627
1813
3711
4099
1595
-662
-1292
-739
-348
-319
-655
-1614
-3478
-4633
-4643
-3789
-3216
-3494
-3784
-3972
-4513
-5249
-5598
-4952
-3640
-2805
-2834
-3656
-4652
-4797
-4225
-3393
-2230
-1678
-1817
-2628
-3323
-2723
-1905
-927
-353
-278
-267
-727
-1158
-1334
-605
704
1106
576
101
-28
-53
-41
587
1343
1510
1000
421
212
129
388
879
1533
1834
1233
810
608
1002
1752
2662
3154
3460
3851
3850
3940
3566
4144
2651
2830
4074
6388
6080
3541
1890
3013
4561
4631
2416
1303
2578
3803
3141
699
-773
-613
-34
-70
-557
-1577
-2815
-4261
-4688
-4027
-3134
-3259
-3944
-4769
-5017
-5348
-5290
-4862
-4034
-3347
-3378
-4055
-4883
-5099
-4101
-3108
-2541
-2570
-2507
-2840
-2866
-2915
-2237
-1105
-703
-234
-571
-1047
-1184
-1410
-666
628
1161
1059
-308
-671
39
575
1088
1187
1143
1077
510
315
566
982
1796
2038
1932
1352
1250
1390
2155
2910
3374
3807
3780
4045
4633
4598
4156
5006
3651
3853
3879
5535
6364
4326
2469
3101
4180
5091
2883
832
1894
3504
3739
1439
-1115
-1403
-415
-308
-679
-1706
-2531
-3590
-4397
-4552
-3689
-3499
-3726
-4197
-4381
-4589
-4765
-4996
-4379
-3303
-2767
-2922
-3713
-4349
-3541
-2899
-2285
-2028
-2011
-1635
-1713
-1965
-1656
-989
-533
-60
-173
-93
-399
-734
-619
206
904
1182
454
-188
-70
200
370
726
1000
953
679
339
380
597
642
1319
1443
1337
1104
1278
1597
2069
2136
2877
3044
3776
4006
3425
3512
3981
4111
2743
2739
3509
5354
5022
3599
2179
2638
3469
3895
1748
915
2191
3749
2966
61
-1830
-1353
-412
-238
-677
-1805
-3260
-4224
-4377
-3837
-3041
-3359
-3642
-3827
-4328
-4810
-4865
-4533
-3253
-2407
-2219
-2905
-3955
-4184
-3226
-2050
-1209
-814
-1226
-1303
-1353
-1410
-702
-350
363
1038
788
289
-430
-691
241
1343
1952
1491
280
-223
219
684
1179
1660
1628
1366
759
682
962
1249
1791
2080
1604
1080
864
949
1649
2014
2599
2627
3457
3462
3362
3195
3249
3938
2917
1903
1831
3790
5153
4138
1894
1618
2275
3043
1971
277
741
2400
3024
1142
-1526
-2517
-1670
-999
-949
-1442
-2431
-3879
-4896
-5001
-3829
-3185
-3391
-3649
-3932
-4429
-4669
-4884
-4049
-2626
-1855
-1990
-2884
-3802
-3299
-2173
-1372
-596
-588
-535
-698
-931
-588
134
551
1127
1565
1524
1072
244
118
1196
2241
2744
1878
615
633
1119
1546
2035
2083
1880
1485
1037
1169
1257
1199
1514
1761
1668
1284
1035
1123
1509
1610
2461
2786
3189
3468
2849
2838
3122
2204
1526
1346
2760
4948
3623
1411
174
965
2309
1888
-220
-53
1166
1948
517
-1950
-3226
-2139
-1233
-1146
-1899
-3121
-4559
-5307
-5278
-4144
-3080
-3502
-4168
-4627
-4942
-4808
-4652
-4160
-2928
-2136
-2239
-2805
-3826
-3533
-2408
-2002
-140
-164
67
-758
-1834
-855
471
1394
2136
1022
1099
1504
1167
1343
1493
2383
3338
2789
1753
1817
1732
2397
3146
3260
3352
2709
1972
2157
2153
2657
3340
3043
2750
2326
2105
2414
2203
2977
3476
4237
4074
3845
3181
3051
2331
1336
1524
3381
4820
3761
741
-987
761
2226
1920
-368
-1585
-163
1168
-261
-2393
-3826
-3117
-2011
-2286
-3334
-4063
-5261
-5935
-5808
-5092
-4178
-4257
-5195
-5324
-5226
-5123
-4750
-4418
-3368
-2468
-2624
-3243
-3476
-3090
-1844
-1133
-1178
-523
-181
-264
-479
-588
412
1680
1918
1863
1582
1417
1789
1837
2173
2942
3011
2541
2237
2302
2753
2584
2351
3011
3442
2989
2333
2172
2582
2955
2646
2561
2651
2608
2318
2357
2099
2841
3114
3513
4328
4189
3592
3255
2877
1435
1974
2259
4146
4723
2739
327
14
912
2168
962
-1146
-654
1059
1048
-964
-3727
-4326
-2381
-1720
-2260
-3293
-5087
-6110
-6324
-6139
-4801
-4280
-5104
-5594
-5767
-5999
-5478
-5362
-4816
-3366
-2951
-3138
-3821
-4906
-3177
-1912
-1241
-871
-1356
-1061
-689
-937
43
815
1413
2109
1773
1513
1916
1672
2067
3208
3708
3951
2844
2032
2957
3560
3736
3813
3572
3701
3429
2991
3228
3734
3733
3656
3306
3094
3171
3141
2622
3330
3836
4633
4678
3970
3366
3771
2464
1337
2067
3205
5456
4138
1030
-564
350
1692
2184
-292
-1487
-554
316
-531
-2434
-4505
-4057
-2806
-2816
-3448
-4986
-6675
-7214
-7121
-6155
-5046
-5550
-6537
-6853
-6821
-6416
-5941
-6048
-5006
-3886
-3737
-4113
-4792
-4581
-2943
-1859
-1813
-1166
-1472
-1199
-791
-835
655
1724
1911
2174
1654
1859
2809
2708
3216
3856
3856
3924
3555
3276
4068
4149
4104
4438
4115
4132
3755
3427
4080
4348
4325
4017
3171
2996
3434
3595
3745
3801
3615
4326
4189
4582
4177
3876
2633
1660
2293
3522
5031
3845
1609
178
841
1808
1737
-430
-1130
-407
586
-260
-2418
-4393
-4195
-3151
-2826
-3418
-4827
-6522
-7307
-7429
-6446
-5565
-5787
-6574
-7143
-7317
-6973
-6500
-6090
-5231
-4659
-4495
-4672
-4859
-4620
-3435
-3208
-1689
-1523
-1577
-1164
-1689
-889
406
1279
2292
1786
1324
2051
2242
2826
3462
3537
3836
3978
3485
3681
3701
3859
4450
4303
4314
4137
3402
3417
3853
4079
4351
3930
3385
3164
3149
3383
3653
4188
3824
4606
4448
4659
4362
3932
3128
2588
2806
3967
5327
4401
2693
1361
1547
2448
2518
555
-233
209
1213
678
-1605
-3590
-3499
-2762
-2311
-3101
-4731
-6180
-6846
-7114
-6414
-5808
-6111
-6776
-7468
-7603
-7112
-6854
-6589
-6039
-5529
-5169
-5204
-5656
-5545
-3958
-3191
-2295
-2416
-2662
-2073
-1684
-1231
15
646
1483
1946
1459
1595
1920
2126
3156
3829
3944
3810
2966
3192
3941
4128
4207
4102
3952
4013
3434
3012
3201
3634
4049
3804
3074
2729
2707
2891
3127
3605
3817
4176
4114
3804
3850
4292
3627
2236
2608
3485
5348
5004
2861
1455
1690
2736
3294
1291
-35
477
1467
1327
-403
-2688
-3278
-2453
-1984
-2060
-3457
-5448
-6317
-6559
-6095
-5373
-5746
-6270
-6611
-7111
-7206
-6797
-6596
-5925
-5528
-5243
-5053
-5268
-5444
-4588
-3612
-2661
-2247
-2363
-2461
-2118
-1445
-448
508
1165
1397
1183
1149
1547
2061
2569
3159
3415
3339
3030
3071
3211
3357
3470
3769
3839
3596
2986
2594
2505
2859
3244
3184
2894
2530
2203
2211
2585
2748
3357
3488
3861
3687
3637
3358
3796
3029
2537
2975
3847
5195
4017
2512
1776
2451
3033
2624
995
896
1523
1849
705
-849
-2112
-1954
-1658
-1630
-1925
-3290
-5014
-5891
-5721
-4767
-4454
-5171
-5809
-6086
-6291
-6308
-6167
-5754
-5027
-4755
-4841
-4846
-5059
-4753
-4120
-4018
-2508
-2110
-2114
-2468
-2727
-1769
-320
432
910
487
239
1030
1348
1368
1781
2126
2559
2824
2444
2465
2167
2082
2797
3232
3143
2734
1954
1869
2198
2459
2525
2471
2449
2451
2340
2058
2305
2744
3243
3738
4009
3777
3469
3841
3045
2699
2760
3224
4973
4781
3197
2168
1608
2582
3091
1645
887
1383
1703
1379
-189
-1793
-1637
-1365
-1517
-1517
-2510
-3772
-4655
-5467
-4793
-3843
-4101
-4678
-5077
-5505
-5217
-5094
-5249
-4376
-3855
-3727
-3754
-4403
-4258
-3337
-2940
-2355
-1845
-1842
-1698
-2028
-1832
-634
72
429
614
488
841
871
601
979
1595
2095
2210
1547
1284
1654
1578
1637
2014
2026
1719
1103
831
1417
1368
1135
1141
1146
1385
1085
892
1234
1618
1970
2160
2341
2684
3059
2896
3143
3424
2358
2310
2243
3587
5103
3740
2337
1782
2101
2810
2209
1178
1680
2109
1744
444
-840
-1387
-784
-948
-982
-1278
-2692
-3883
-4487
-4344
-3305
-2988
-3632
-4074
-4373
-4600
-4529
-4611
-4086
-2923
-2873
-3213
-4028
-4247
-3349
-2572
-2032
-1817
-1763
-1943
-2201
-1988
-1069
-119
112
426
419
324
193
-377
202
1255
1958
1995
881
286
830
1297
1572
1574
1317
1152
856
645
825
864
814
1000
1053
735
795
642
1064
1158
1490
1635
1879
2269
2212
2375
2707
3103
2469
2037
1260
2184
3632
3262
2596
1387
981
1815
1736
915
908
737
990
817
-328
-1295
-1536
-1697
-1199
-1131
-2168
-2928
-3774
-4102
-3320
-3073
-3126
-3068
-3482
-3730
-3621
-3851
-3456
-2573
-2450
-2095
-2264
-2681
-2744
-2393
-1484
-739
-466
-997
-1347
-1017
-377
611
821
580
815
896
871
675
525
964
1754
1799
1556
847
386
885
1114
1265
1293
838
542
373
216
480
512
549
568
587
589
356
110
609
890
1612
2081
1644
1905
1640
2188
2739
2196
1857
1633
1547
2992
2878
2268
1378
898
1523
2052
1182
249
74
330
915
199
-1326
-1930
-1943
-1807
-1550
-2099
-2870
-3528
-4018
-3821
-3182
-3181
-3319
-3540
-3802
-3622
-3407
-3564
-3034
-2612
-2293
-1971
-2360
-2466
-2304
-1799
-1016
-473
-587
-661
-568
-248
560
1008
898
870
1100
1349
1537
1060
1058
1443
1650
1881
1584
941
892
989
1247
1390
944
667
472
418
649
580
145
85
137
272
271
22
-47
483
635
989
1089
1212
1244
1516
2025
2448
2554
1819
1420
1034
1501
2752
2908
2331
1424
703
1084
1224
984
779
560
566
633
-318
-1580
-2004
-1882
-1350
-1133
-2022
-2968
-3842
-4107
-3542
-3059
-2919
-3134
-3577
-3963
-3990
-3776
-3396
-2619
-2304
-2196
-2363
-2736
-2669
-2069
-1199
-845
-231
-378
-376
-336
-260
353
1118
1506
1730
1466
1032
1228
1497
1850
2253
2358
2135
1658
1142
1378
1697
1861
1856
1568
1342
1073
709
667
724
1033
916
564
276
54
172
255
443
984
902
1039
463
1063
1235
1665
2050
1574
1260
1129
304
764
1867
2135
2067
525
-380
316
941
614
450
-441
-343
-148
-1010
-1709
-1995
-2206
-1723
-1884
-2603
-3162
-3919
-4289
-3516
-3002
-2991
-3155
-4019
-4275
-3608
-3409
-2820
-2450
-2744
-2602
-2515
-2615
-2000
-1724
-1355
-381
-400
-421
-423
-490
118
1077
1363
1786
1470
1170
1559
1851
2142
2687
2447
2403
2337
1924
1981
2158
2233
2428
2199
1756
1620
1226
1030
1152
1199
1219
1059
518
171
93
-10
437
637
581
684
380
418
696
635
1339
1479
1113
903
568
44
323
1146
1538
1633
472
-411
22
312
446
120
-714
-442
-127
-828
-1715
-2334
-2421
-1886
-2029
-2621
-2894
-3628
-4123
-3817
-3555
-3047
-2945
-3691
-3971
-3658
-3569
-3068
-2936
-2945
-2212
-2094
-2154
-1955
-1941
-1321
-480
-286
103
117
57
598
1074
1697
2303
2194
2176
2456
2479
2696
3102
2944
3290
3217
2908
2914
2741
2810
3005
2584
2301
2113
1666
1447
1334
1212
1109
670
116
-95
-327
-395
-274
-313
-359
-338
-661
-618
-407
-351
-27
41
87
427
250
4
1
-679
-258
813
1130
1070
-246
-1148
-351
513
484
-128
-1065
-888
-280
-759
-1592
-1982
-2042
-1641
-1702
-2276
-2575
-3080
-3542
-3108
-2637
-2416
-2515
-3283
-3487
-2970
-2868
-2477
-2043
-2036
-1765
-1843
-2018
-1451
-883
-489
-48
-136
4
509
615
962
1481
1692
2122
2102
1962
2229
2420
2603
2886
2891
2826
2806
2468
2313
2483
2527
2510
2184
1694
1466
1217
991
1032
1068
843
488
-25
-145
-15
27
70
-32
-102
-110
72
-60
171
292
621
806
810
557
345
-28
-385
709
1356
1489
622
-735
-749
151
380
160
-730
-1161
-736
-846
-1559
-1997
-2219
-2144
-2069
-2523
-2764
-3122
-3802
-3813
-3263
-2715
-2536
-3086
-3676
-3408
-2878
-2568
-2103
-2163
-1890
-1535
-1586
-1324
-938
-429
202
480
688
923
1054
1257
1783
2218
2589
2783
2527
2653
2634
2844
3111
3102
3159
3009
2612
2275
2143
2401
2382
1942
1317
972
796
603
411
192
21
-253
-587
-905
-1213
-1150
-1126
-1117
-1161
-1255
-1275
-1416
-1153
-932
-497
-556
-538
-291
-91
209
386
488
914
798
315
-82
375
1271
1670
1110
178
33
332
606
367
-82
-155
-35
-291
-854
-1386
-1542
-1456
-1341
-1452
-1513
-2053
-2647
-2840
-2528
-2006
-1746
-2040
-2339
-2456
-2254
-1926
-1587
-1044
-879
-694
-780
-656
-174
281
603
873
922
998
1187
1261
1525
1866
2028
2181
2061
1925
1946
1782
1715
1893
1971
1825
1405
946
820
866
899
777
548
176
-93
-330
-363
-291
-297
-364
-635
-873
-900
-904
-588
-461
-311
-224
-354
-394
-246
210
625
827
858
769
771
734
318
342
428
1065
1014
1038
707
42
-109
-217
-32
376
-27
-524
-931
-1044
-817
-872
-1494
-1772
-1595
-1548
-1529
-1964
-2285
-2116
-2034
-1676
-1390
-1473
-1509
-1589
-1593
-1077
-355
-202
-60
-191
-173
304
557
803
1112
1159
1249
1235
1249
1356
1606
1614
1739
1754
1619
1543
1197
1125
1355
1271
1103
864
604
541
331
93
36
14
-226
-425
-771
-849
-730
-784
-860
-1046
-1187
-1123
-1072
-1054
-858
-758
-796
-726
-739
-381
-207
-113
61
132
231
267
550
657
1045
1147
1092
1096
962
742
722
853
1385
1706
1327
713
358
462
783
968
647
377
143
20
-6
-129
-250
-335
-470
-523
-535
-694
-917
-1003
-946
-728
-624
-890
-931
-1034
-866
-595
-583
-565
-567
-523
-374
-232
-170
-12
-39
-109
-53
-84
52
181
99
138
45
50
209
265
341
307
139
47
120
196
193
120
14
21
15
-68
-89
-91
-26
-29
-90
-80
1
2
-19
-30
-3
169
182
163
141
195
204
321
463
648
654
534
581
697
861
1039
1131
1077
1006
811
802
808
977
1120
962
814
655
593
714
730
673
643
482
371
400
412
428
342
171
170
122
7
-112
-137
-233
-278
-507
-351
-290
-356
-530
-728
-656
-476
-412
-626
-793
-879
-682
-573
-662
-789
-895
-922
-800
-714
-556
-690
-881
-821
-659
-516
-482
-584
-687
-690
-590
-493
-345
-305
-342
-422
-442
-320
-195
-192
-265
-284
-141
-91
-170
-270
-258
-210
-205
-64
-136
-167
-308
-303
-190
-35
196
159
-21
-77
162
124
139
312
643
976
802
665
706
870
1246
1495
1410
1435
1557
1578
1813
1908
1774
1854
1793
2020
2235
1794
1657
1641
1671
1793
1611
1314
1302
935
868
609
419
527
188
-163
-434
-751
-807
-819
-1097
-1120
-1338
-1522
-1470
-1578
-1554
-1434
-1654
-1478
-1410
-1424
-1296
-1351
-1244
-1022
-1029
-845
-606
-611
-548
-471
-340
-121
-36
-81
-26
-15
61
144
159
219
156
18
22
70
25
-88
-263
-395
-337
-342
-408
-535
-643
-493
-634
-701
-582
-471
-417
-539
-431
-216
-195
33
183
222
295
462
765
985
1155
1274
1384
1458
1741
1879
1919
1963
1964
2227
2304
2143
2149
2168
2292
2102
1957
2020
1792
1582
1341
1263
1202
1089
864
492
223
97
75
-137
-356
-546
-726
-806
-1011
-1143
-1181
-1276
-1310
-1395
-1416
-1513
-1561
-1554
-1436
-1274
-1213
-1192
-1155
-1204
-1184
-990
-779
-799
-913
-853
-759
-694
-715
-664
-619
-636
-597
-661
-746
-739
-766
-776
-822
-836
-783
-844
-1006
-946
-867
-859
-805
-742
-613
-572
-598
-440
-127
-69
1
108
307
597
758
851
1007
1144
1385
1547
1644
1690
1692
1898
2000
2102
2025
1908
2052
2159
2093
1922
1947
1828
1561
1564
1589
1481
1069
1079
1247
875
652
756
631
330
328
485
383
22
-246
-118
-103
-115
-141
-240
-344
-477
-443
-250
-189
-289
-319
-316
-269
-265
-201
-117
-268
-358
-255
-243
-366
-576
-665
-651
-729
-799
-813
-1055
-1273
-1263
-1251
-1372
-1445
-1496
-1639
-1749
-1703
-1706
-1751
-1801
-1735
-1630
-1626
-1469
-1357
-1380
-1307
-1022
-835
-787
-608
-256
-122
-186
140
397
537
746
925
913
1021
1256
1504
1515
1532
1689
1639
1703
1772
1711
1611
1633
1650
1635
1556
1512
1192
1046
1110
1192
981
720
626
632
471
278
410
384
104
29
-32
21
-3
-52
9
-1
-214
-186
-82
-64
-107
-159
-58
-7
-89
-123
33
-67
-78
-70
-102
-141
-231
-410
-426
-381
-365
-470
-563
-732
-861
-935
-874
-886
-999
-1122
-1199
-1162
-1200
-1206
-1115
-988
-1130
-1128
-1012
-959
-899
-723
-587
-564
-459
-261
-111
-99
68
292
340
403
478
601
711
740
896
1020
999
970
994
955
989
980
997
929
812
722
694
623
620
612
492
357
245
123
29
170
227
-89
-253
-95
45
-173
-198
164
111
-116
-8
127
63
125
380
460
371
304
482
612
485
474
523
627
567
570
536
411
338
325
521
375
114
-182
-126
-202
-283
-408
-608
-648
-752
-927
-974
-990
-1124
-1172
-1170
-1299
-1402
-1320
-1167
-1184
-1411
-1246
-1127
-1002
-906
-870
-909
-804
-708
-497
-295
-174
-221
-90
125
177
95
215
187
-153
133
403
344
319
520
654
468
410
603
787
502
126
243
183
362
538
323
91
-185
-241
-70
-111
-219
-154
45
-45
-74
149
415
453
22
-137
111
497
571
501
513
498
471
576
594
565
530
615
747
810
805
718
611
523
472
441
318
100
-148
-215
-155
-261
-326
-322
-432
-606
-634
-691
-677
-643
-574
-533
-588
-629
-617
-587
-617
-666
-660
-581
-488
-432
-396
-379
-330
-233
-61
-25
-124
-124
-5
166
232
200
217
171
79
136
173
194
188
159
133
147
150
175
110
25
-1
-24
-61
-103
-94
-57
-59
-87
-153
-221
-220
-168
-94
-60
-32
-1
96
127
162
221
300
407
465
450
433
462
455
482
566
606
592
554
561
624
609
592
599
568
545
499
412
303
252
179
102
31
-76
-138
-199
-253
-282
-343
-394
-460
-501
-483
-462
-518
-582
-611
-602
-635
-625
-592
-589
-613
-650
-623
-591
-519
-505
-483
-443
-404
-363
-330
-306
-270
-207
-205
-183
-174
-157
-142
-152
-111
-46
0
-32
-40
-16
80
177
227
219
187
179
194
210
223
284
297
232
199
233
289
370
397
398
388
359
347
341
398
431
389
365
358
319
291
282
294
269
255
233
201
204
217
171
115
102
142
174
127
97
66
21
18
22
-2
-38
-81
-142
-152
-157
-162
-193
-267
-303
-272
-247
-253
-277
-317
-347
-406
-375
-351
-365
-395
-465
-463
-446
-473
-496
-499
-443
-395
-420
-443
-437
-383
-341
-321
-278
-274
-268
-270
-243
-190
-174
-188
-178
-151
-121
-96
-101
-44
53
84
90
98
121
214
199
205
251
255
269
208
220
285
315
306
297
271
224
220
285
375
393
358
299
271
275
317
347
348
338
301
260
280
293
311
312
318
353
324
290
256
264
293
281
191
134
72
35
2
-19
-26
-61
-149
-255
-299
-309
-299
-359
-452
-496
-514
-570
-601
-615
-610
-581
-623
-658
-641
-639
-642
-613
-558
-503
-519
-552
-505
-429
-358
-288
-228
-190
-157
-139
-76
-18
51
126
200
212
183
220
272
317
336
361
371
390
364
332
354
381
396
407
366
361
332
307
344
363
371
344
289
274
292
321
329
349
384
371
362
382
445
473
448
473
527
544
494
455
477
537
520
453
415
361
335
291
248
231
202
102
-7
-57
-123
-162
-228
-320
-398
-484
-569
-643
-691
-748
-798
-889
-947
-955
-1005
-1053
-1059
-1078
-1094
-1091
-1106
-1066
-1031
-1027
-980
-916
-845
-808
-770
-722
-662
-592
-509
-424
-390
-332
-237
-197
-147
-100
-41
19
72
138
174
173
153
192
235
259
285
292
325
341
305
317
335
368
409
391
399
407
429
457
480
523
563
543
581
614
633
677
715
747
769
786
789
770
754
783
759
733
701
664
619
564
496
444
382
295
223
150
57
-65
-161
-220
-300
-369
-469
-595
-701
-796
-857
-913
-952
-1025
-1075
-1092
-1142
-1157
-1158
-1163
-1120
-1104
-1105
-1069
-1050
-1016
-969
-925
-840
-769
-716
-691
-639
-556
-468
-394
-317
-239
-192
-148
-101
-21
57
78
118
169
194
241
264
287
332
363
359
390
410
430
468
494
536
573
576
552
554
593
626
654
688
672
683
692
695
729
742
765
747
710
688
704
719
691
640
611
589
517
475
452
414
355
296
218
151
82
18
-18
-80
-142
-181
-255
-350
-396
-419
-451
-489
-551
-599
-641
-691
-714
-735
-761
-781
-811
-834
-863
-886
-890
-870
-829
-808
-792
-805
-822
-803
-748
-708
-654
-677
-709
-685
-623
-583
-537
-455
-426
-371
-361
-318
-241
-169
-110
-64
-25
12
71
93
151
213
277
328
346
381
441
524
572
603
637
656
668
683
696
733
741
717
687
701
717
700
694
667
661
661
599
575
575
573
533
445
354
279
228
188
150
98
51
10
-43
-95
-123
-189
-250
-295
-330
-342
-354
-414
-475
-524
-533
-520
-517
-549
-579
-594
-588
-580
-549
-514
-519
-495
-476
-452
-446
-443
-417
-389
-343
-334
-352
-352
-349
-326
-280
-270
-253
-245
-254
-254
-213
-146
-98
-50
-82
-105
-99
-91
-58
-30
3
6
42
45
31
76
89
115
143
148
171
175
189
197
224
222
198
172
154
154
186
193
184
177
155
158
159
180
171
160
162
145
115
112
87
73
60
15
-28
-73
-107
-157
-185
-207
-231
-267
-315
-329
-342
-360
-379
-398
-427
-445
-436
-440
-422
-408
-433
-432
-413
-422
-411
-410
-390
-348
-329
-295
-270
-280
-260
-219
-176
-146
-130
-120
-106
-56
-57
-49
5
38
67
93
91
117
152
181
220
264
277
277
285
297
309
349
340
328
324
302
323
327
324
336
327
296
287
281
282
282
268
244
251
230
222
216
207
233
226
179
142
125
136
158
161
166
150
144
102
71
73
79
63
15
-35
-33
-45
-66
-84
-114
-128
-147
-194
-225
-210
-169
-186
-196
-209
-232
-233
-244
-235
-217
-205
-201
-199
-219
-183
-138
-114
-109
-94
-69
-36
-4
9
45
78
85
102
126
144
165
171
208
261
281
275
265
284
296
299
300
304
313
279
267
266
239
234
220
183
163
140
132
129
109
104
105
82
56
35
21
18
9
-1
-9
-12
-60
-96
-110
-91
-69
-68
-88
-94
-101
-110
-96
-81
-58
-67
-94
-95
-105
-90
-84
-77
-68
-79
-100
-142
-130
-102
-89
-87
-115
-103
-95
-114
-117
-113
-108
-105
-114
-109
-85
-61
-36
-27
-5
22
55
107
134
182
207
247
294
339
367
412
462
500
523
555
588
612
641
655
682
676
663
667
670
676
676
626
596
556
534
497
450
398
356
327
274
223
190
174
132
83
53
3
-46
-85
-112
-116
-132
-149
-201
-214
-248
-260
-258
-280
-268
-288
-319
-327
-329
-332
-313
-319
-320
-304
-296
-311
-325
-320
-301
-285
-294
-313
-299
-315
-337
-321
-309
-268
-270
-290
-288
-265
-251
-241
-233
-230
-190
-193
-182
-153
-125
-92
-39
-1
45
93
105
130
169
234
263
280
326
348
369
407
406
427
446
411
443
458
449
461
450
427
412
383
369
353
319
283
249
220
196
182
154
137
113
86
44
17
0
-31
-31
-20
-53
-71
-78
-102
-99
-110
-99
-85
-92
-108
-118
-115
-119
-104
-102
-111
-116
-136
-140
-137
-141
-161
-187
-208
-225
-244
-278
-276
-289
-321
-332
-339
-352
-363
-360
-360
-352
-345
-333
-300
-273
-252
-238
-198
-144
-107
-49
6
43
100
141
177
228
278
336
392
428
499
556
573
598
611
646
669
658
669
664
657
634
622
627
621
596
557
536
519
503
488
472
447
411
381
327
286
270
249
219
187
163
154
125
72
54
44
30
1
-26
-38
-52
-63
-68
-77
-77
-111
-140
-155
-153
-157
-159
-161
-180
-184
-218
-240
-231
-249
-256
-252
-284
-314
-329
-363
-361
-347
-372
-370
-389
-434
-420
-404
-395
-356
-345
-332
-320
-298
-256
-209
-168
-161
-131
-108
-63
-25
-12
45
92
124
172
201
227
255
245
263
284
302
297
294
308
323
318
281
278
305
312
290
285
298
316
297
265
288
300
283
255
232
248
250
239
233
254
248
252
237
265
287
288
274
282
273
268
289
267
284
317
316
298
265
268
276
251
224
218
197
141
97
65
40
24
-26
-83
-99
-124
-169
-217
-241
-254
-282
-350
-387
-386
-379
-401
-422
-429
-444
-433
-440
-413
-377
-373
-366
-354
-330
-292
-254
-225
-186
-174
-148
-110
-89
-70
-23
3
17
14
35
61
75
94
82
83
76
60
79
60
43
37
33
25
13
-9
-21
-30
-44
-54
-45
-30
-51
-52
-39
-51
-63
-55
-41
-24
-4
-20
-31
12
4
15
36
36
87
99
93
112
117
127
146
132
135
140
142
132
135
140
119
94
93
63
66
66
36
27
-11
-35
-36
-37
-60
-75
-91
-100
-144
-153
-165
-175
-177
-204
-202
-213
-223
-238
-241
-220
-237
-259
-253
-255
-251
-248
-252
-228
-221
-232
-244
-213
-197
-219
-216
-211
-201
-176
-183
-183
-163
-149
-154
-144
-144
-143
-152
-150
-142
-136
-120
-101
-113
-87
-76
-65
-51
-50
-19
-14
6
14
50
70
89
107
136
155
175
187
226
285
292
295
297
293
313
338
338
365
384
378
359
339
364
374
342
327
300
283
271
253
234
225
213
197
170
139
124
103
86
59
42
22
5
-43
-56
-60
-79
-102
-143
-140
-142
-170
-193
-197
-211
-235
-258
-236
-239
-257
-283
-285
-258
-254
-269
-273
-247
-241
-228
-235
-222
-179
-165
-163
-178
-158
-131
-138
-137
-114
-116
-111
-115
-140
-91
-62
-69
-56
-41
-22
-15
-29
-14
26
27
46
58
70
100
131
150
175
212
209
231
249
257
271
260
257
272
258
246
241
241
243
247
225
193
205
173
161
143
110
110
75
39
29
5
-24
-23
-50
-63
-99
-136
-150
-161
-161
-175
-212
-233
-227
-245
-255
-249
-255
-253
-280
-289
-275
-291
-302
-291
-281
-284
-299
-318
-298
-280
-297
-311
-278
-261
-283
-268
-257
-220
-205
-224
-203
-198
-179
-166
-143
-128
-102
-86
-66
-35
-11
15
32
70
91
120
152
162
191
211
242
289
296
320
346
378
408
418
430
451
461
465
461
479
503
467
449
425
414
412
380
369
382
365
315
272
273
273
220
168
142
136
104
30
-14
-28
-43
-90
-137
-163
-174
-230
-273
-278
-283
-307
-345
-364
-382
-385
-408
-428
-417
-420
-429
-422
-430
-424
-408
-407
-374
-358
-351
-348
-335
-333
-329
-328
-318
-292
-315
-300
-293
-283
-273
-270
-258
-230
-212
-210
-183
-165
-139
-117
-106
-90
-51
-32
-30
-7
44
83
103
111
154
216
232
250
303
348
382
365
371
426
454
461
473
494
523
523
515
528
529
532
523
504
495
479
439
417
390
368
351
311
298
257
202
154
120
92
39
-4
-18
-49
-82
-115
-140
-153
-183
-208
-231
-244
-267
-293
-306
-304
-292
-307
-324
-324
-323
-316
-297
-298
-290
-279
-282
-278
-285
-277
-252
-245
-254
-250
-223
-212
-205
-201
-176
-145
-125
-115
-94
-60
-38
-19
-12
27
68
82
76
109
168
198
208
211
258
310
309
309
345
375
387
390
408
447
461
470
471
470
505
482
457
442
434
450
407
382
371
350
334
274
234
226
206
145
85
62
37
-9
-64
-94
-152
-193
-231
-250
-269
-312
-328
-364
-388
-432
-435
-447
-464
-483
-489
-503
-511
-512
-529
-504
-492
-505
-488
-460
-457
-459
-452
-431
-407
-402
-391
-367
-340
-318
-302
-254
-234
-206
-191
-182
-163
-129
-89
-79
-59
-1
17
50
94
107
159
191
204
252
273
286
300
327
346
360
360
380
419
435
443
439
452
478
464
459
460
464
453
441
438
445
442
422
410
404
399
371
338
313
293
273
235
223
185
131
94
38
-2
-37
-70
-103
-128
-166
-200
-226
-268
-295
-344
-380
-410
-449
-492
-512
-532
-537
-540
-542
-545
-564
-560
-574
-574
-563
-577
-592
-573
-544
-541
-529
-498
-462
-438
-442
-420
-368
-330
-308
-284
-224
-192
-168
-131
-89
-43
-22
12
84
127
171
217
250
295
319
343
361
371
397
406
417
425
405
416
424
419
430
419
429
415
388
372
336
336
321
277
269
248
229
210
166
163
139
112
78
36
2
-42
-74
-117
-151
-180
-212
-244
-276
-308
-336
-348
-378
-407
-418
-438
-453
-483
-506
-508
-517
-549
-552
-539
-563
-557
-576
-583
-554
-556
-554
-522
-506
-508
-480
-478
-459
-414
-403
-360
-335
-322
-292
-242
-213
-185
-146
-102
-55
-40
1
48
105
133
153
196
218
241
264
275
293
319
322
323
341
359
371
382
379
393
401
400
382
390
397
389
371
362
362
356
361
362
374
355
351
333
318
321
310
300
288
267
251
226
201
176
166
151
126
76
51
57
-3
-41
-81
-109
-148
-194
-230
-269
-290
-317
-343
-388
-404
-432
-462
-492
-519
-531
-546
-567
-582
-589
-590
-610
-603
-581
-574
-569
-573
-548
-509
-493
-490
-443
-414
-389
-370
-336
-277
-257
-232
-188
-156
-117
-99
-67
-25
-5
-2
30
61
102
111
121
162
173
181
170
181
175
176
164
158
151
129
116
97
113
111
86
74
59
63
72
66
56
76
65
60
55
45
60
53
70
73
75
75
74
76
87
114
107
124
114
112
107
98
106
104
91
79
66
50
38
36
21
-5
-18
-35
-57
-81
-100
-113
-127
-148
-151
-183
-195
-197
-218
-209
-239
-245
-233
-254
-256
-246
-232
-223
-249
-246
-207
-212
-221
-201
-208
-191
-202
-214
-184
-182
-197
-207
-178
-158
-152
-170
-143
-96
-94
-118
-94
-69
-70
-78
-65
-27
11
-11
-30
12
22
26
14
32
68
76
79
83
131
148
138
152
165
191
214
210
215
247
253
245
248
250
260
245
247
215
214
199
160
148
141
128
115
79
47
47
-1
-27
-34
-57
-70
-108
-119
-132
-142
-154
-158
-144
-145
-142
-162
-151
-137
-129
-156
-146
-129
-123
-124
-136
-111
-103
-112
-109
-91
-87
-95
-107
-96
-97
-112
-124
-105
-123
-140
-156
-166
-167
-183
-192
-190
-200
-213
-229
-228
-221
-223
-214
-203
-206
-193
-194
-194
-155
-152
-131
-111
-88
-49
-16
18
54
65
78
121
163
193
202
235
277
309
344
351
378
411
430
433
443
465
450
439
436
455
452
435
421
411
414
368
336
326
321
294
255
235
218
190
149
120
105
95
44
26
-1
-30
-66
-94
-117
-135
-155
-178
-183
-201
-220
-221
-214
-253
-255
-249
-232
-247
-261
-262
-269
-277
-292
-295
-299
-298
-290
-273
-286
-283
-278
-265
-259
-260
-230
-229
-221
-215
-199
-188
-161
-119
-94
-60
-14
-9
20
41
66
108
108
124
180
213
211
243
291
342
335
340
406
423
408
403
438
476
458
453
479
507
495
489
477
478
480
449
442
448
440
396
397
389
380
359
328
333
334
300
278
250
252
212
172
179
159
128
76
65
47
8
-39
-56
-51
-93
-137
-155
-179
-216
-248
-280
-311
-339
-371
-378
-410
-441
-451
-444
-457
-488
-498
-488
-498
-525
-516
-492
-454
-483
-457
-412
-385
-347
-341
-282
-222
-194
-176
-133
-92
-45
-21
17
71
122
152
173
232
284
325
339
385
431
454
475
491
505
545
556
558
574
570
578
582
540
539
541
533
515
461
455
468
424
384
379
374
358
296
275
286
251
219
168
178
182
115
70
64
90
39
-41
-42
-44
-76
-127
-158
-140
-177
-254
-278
-274
-286
-341
-356
-347
-351
-368
-384
-379
-382
-390
-408
-415
-391
-401
-408
-375
-380
-372
-360
-351
-336
-307
-282
-260
-240
-220
-187
-156
-132
-106
-49
-40
-6
34
68
118
140
162
201
250
273
291
320
362
401
418
408
452
497
479
480
486
522
535
521
523
554
557
544
542
556
551
519
480
487
475
446
415
399
383
344
305
272
249
201
166
117
81
53
16
-21
-39
-56
-97
-123
-142
-176
-217
-252
-267
-286
-325
-336
-353
-347
-355
-372
-383
-384
-366
-371
-392
-388
-373
-378
-374
-362
-332
-310
-304
-288
-280
-263
-229
-237
-207
-180
-155
-133
-106
-69
-46
-9
6
39
87
111
140
155
190
204
216
254
272
286
286
300
330
337
346
368
390
395
408
427
428
436
435
428
436
437
419
398
399
385
381
351
357
350
321
295
270
274
241
202
197
157
132
93
74
57
27
-17
-22
-44
-77
-105
-136
-122
-161
-187
-203
-205
-202
-250
-273
-280
-297
-309
-324
-324
-339
-340
-362
-343
-351
-343
-329
-327
-315
-294
-272
-285
-248
-231
-202
-176
-149
-121
-94
-74
-33
-10
7
31
49
79
91
125
143
151
181
196
209
220
224
249
264
264
268
282
289
295
306
295
305
308
296
286
283
294
285
275
278
287
262
236
218
211
190
164
142
110
79
27
25
-3
-27
-47
-75
-91
-107
-134
-143
-154
-181
-185
-199
-223
-240
-245
-252
-258
-274
-284
-277
-281
-301
-297
-284
-280
-295
-267
-252
-251
-243
-253
-237
-227
-205
-208
-185
-167
-148
-152
-145
-107
-91
-105
-84
-47
-22
-6
-24
12
33
21
26
39
60
77
65
93
135
130
144
139
182
197
185
213
229
250
258
255
266
284
285
270
274
314
310
314
308
310
329
319
304
301
297
279
241
229
209
184
174
136
126
112
78
59
19
3
-3
-35
-66
-75
-92
-113
-121
-141
-143
-179
-205
-205
-214
-251
-270
-254
-261
-271
-275
-257
-242
-256
-265
-248
-221
-228
-215
-208
-181
-165
-146
-137
-116
-111
-105
-91
-86
-55
-50
-29
-16
11
28
59
81
90
110
123
135
138
150
162
174
176
188
199
219
210
208
227
246
230
211
227
248
247
219
220
230
222
195
194
201
183
174
165
158
163
136
121
147
133
120
111
105
96
79
47
37
29
0
-11
-23
-25
-27
-40
-36
-17
-33
-50
-55
-56
-62
-63
-65
-53
-50
-62
-46
-50
-34
-44
-54
-39
-36
-36
-33
-35
-31
-26
-20
-20
-24
-27
-30
-31
-42
-54
-71
-58
-64
-66
-36
-40
-27
-28
-22
-12
-6
-21
-15
14
-7
12
9
10
24
29
35
38
58
62
73
84
92
107
121
103
119
128
117
126
115
114
126
125
121
121
107
108
101
77
57
62
55
29
17
19
-7
-9
-39
-50
-59
-70
-90
-99
-86
-111
-121
-136
-144
-127
-130
-133
-122
-113
-109
-93
-107
-80
-71
-72
-64
-48
-17
-15
-5
13
31
39
31
47
84
89
88
91
113
119
91
100
129
129
135
125
132
152
140
107
109
111
93
63
54
49
55
42
10
31
33
40
12
-11
-2
-5
-35
-69
-68
-60
-79
-98
-99
-82
-69
-100
-101
-91
-72
-82
-103
-90
-64
-73
-101
-99
-83
-72
-94
-98
-67
-35
-75
-89
-62
-52
-58
-96
-73
-41
-57
-67
-61
-29
-53
-80
-54
-30
-24
-29
-43
-11
21
6
3
27
39
36
9
10
38
11
-3
7
5
8
6
-8
0
-5
-2
-5
-12
-7
-14
-11
-22
-45
-30
-25
-38
-45
-49
-22
-36
-52
-34
-18
-27
-40
-34
-7
-16
-49
-33
-20
-17
-29
-16
-8
-9
-39
-27
6
7
-10
-39
-34
-12
-28
-22
23
47
30
-7
-35
-99
-106
-69
-17
46
8
-40
-45
-41
-41
-68
-91
-76
-48
-11
54
27
-35
-85
-109
-73
-47
-29
-26
-38
-33
-17
-14
-7
-9
-14
-11
10
9
12
37
69
64
48
52
58
51
29
38
56
38
7
1
-1
-3
-42
-57
-27
-58
-97
-142
-132
-109
-166
-187
-203
-225
-244
-267
-256
-261
-272
-293
-283
-254
-255
-273
-275
-270
-269
-244
-262
-243
-241
-260
-241
-245
-204
-184
-186
-184
-171
-153
-153
-149
-139
-120
-107
-95
-82
-71
-62
-79
-72
-62
-48
-18
-27
-13
0
16
8
-6
11
58
38
12
53
70
85
53
65
113
118
78
69
99
111
81
60
89
106
103
88
90
109
107
79
61
82
84
56
28
31
53
38
-2
21
27
23
5
2
20
18
-18
-41
-34
-26
-43
-69
-83
-88
-82
-111
-115
-121
-109
-126
-153
-163
-141
-149
-169
-164
-160
-143
-144
-144
-137
-118
-143
-150
-153
-140
-129
-131
-144
-116
-98
-108
-109
-104
-68
-77
-77
-67
-34
-3
-14
0
42
70
64
61
97
121
113
104
103
134
139
126
132
146
150
119
113
108
107
102
77
75
104
94
55
43
32
37
17
5
-5
-15
-35
-46
-59
-70
-80
-90
-98
-126
-99
-105
-123
-129
-136
-141
-154
-173
-175
-175
-183
-178
-182
-166
-165
-170
-177
-181
-201
-184
-194
-191
-188
-188
-175
-164
-148
-146
-137
-130
-108
-85
-73
-81
-45
-32
-34
-37
-44
-30
-30
-36
-39
-18
1
-1
8
27
26
25
17
24
44
44
34
47
74
75
87
99
115
114
90
112
126
125
136
126
149
143
128
142
152
157
142
151
123
120
100
94
111
87
96
84
80
62
64
65
41
45
17
14
16
-16
-45
-51
-80
-98
-98
-114
-125
-144
-146
-160
-161
-154
-174
-162
-172
-167
-176
-175
-174
-161
-156
-181
-146
-148
-147
-144
-116
-97
-106
-81
-75
-72
-57
-47
-37
-41
-22
-18
4
8
-8
9
18
23
32
33
60
59
58
57
54
42
63
58
52
34
24
28
-14
-22
-25
-38
-63
-58
-64
-81
-79
-91
-89
-104
-99
-126
-121
-134
-154
-147
-147
-119
-116
-124
-118
-141
-143
-143
-133
-114
-100
-100
-116
-112
-117
-116
-120
-145
-120
-146
-113
-141
-136
-137
-135
-142
-135
-138
-140
-128
-147
-131
-150
-127
-135
-112
-73
-110
-77
-47
-70
-51
-50
-22
-27
-7
-3
2
36
39
76
96
115
135
174
194
217
228
222
238
272
277
296
280
288
312
305
295
301
312
288
290
296
305
310
292
267
278
271
247
237
217
215
181
162
132
147
133
97
83
73
61
34
7
-26
-40
-66
-89
-103
-131
-140
-161
-143
-155
-161
-182
-172
-181
-206
-217
-217
-229
-250
-247
-231
-232
-237
-230
-207
-200
-212
-199
-192
-179
-166
-172
-136
-125
-128
-101
-94
-91
-75
-46
-40
-14
-9
-6
0
-1
1
14
16
27
48
49
47
51
39
47
52
51
65
54
46
16
35
53
32
56
50
64
38
51
57
46
55
53
85
71
105
81
80
86
71
99
93
94
103
111
106
103
106
105
116
88
119
89
88
74
54
68
50
56
57
64
47
42
56
17
18
33
11
-2
-11
-3
35
11
-4
9
29
18
10
0
11
7
-25
-20
-29
-18
-18
1
9
3
22
6
2
30
32
32
62
58
71
82
79
99
101
121
121
128
160
156
154
179
164
171
198
196
205
217
218
235
235
212
206
196
177
171
162
151
106
102
69
47
57
30
52
35
26
30
-10
3
-18
-54
-56
-58
-53
-86
-100
-87
-107
-126
-132
-137
-116
-119
-132
-127
-124
-142
-133
-142
-134
-127
-111
-90
-94
-96
-113
-78
-55
-69
-61
-65
-40
-54
-40
-34
-19
-24
-5
16
-1
49
43
63
75
63
64
64
90
82
70
102
96
108
95
86
111
101
111
125
142
132
125
139
150
142
131
161
149
172
155
160
196
167
157
143
154
151
122
138
146
151
109
119
140
136
129
105
146
135
123
112
112
101
92
77
85
95
61
52
54
50
26
18
28
42
19
10
13
-5
-21
-47
-51
-38
-40
-60
-55
-47
-57
-82
-69
-51
-72
-67
-65
-60
-68
-95
-59
-58
-33
-30
-15
8
27
40
62
90
76
71
88
104
105
122
122
134
151
138
136
142
130
122
122
126
129
123
115
130
136
119
99
108
107
80
88
94
97
74
66
64
68
50
12
54
32
16
26
29
62
49
17
46
63
49
61
80
93
111
80
78
94
91
87
68
85
94
90
85
101
110
96
73
85
71
61
62
55
67
68
32
59
65
10
10
12
12
-28
-44
-22
-35
-46
-77
-73
-56
-80
-94
-92
-60
-100
-131
-110
-97
-76
-101
-81
-62
-59
-74
-57
-45
-25
-29
-11
18
9
7
-6
21
14
19
40
46
32
34
61
69
58
48
49
66
48
52
56
68
66
67
65
92
91
76
86
110
113
73
65
94
90
72
59
74
91
47
32
53
60
43
16
6
41
32
-1
6
0
8
-34
-32
-13
-21
-41
-26
-5
6
-21
-32
-12
5
8
6
11
16
0
-5
-5
10
8
5
6
12
0
-15
2
-1
-2
-11
-7
1
-6
-30
-14
-9
-45
-38
-18
-15
-22
-37
-33
-17
-22
-48
-44
-29
-36
-41
-23
-22
-9
-10
1
6
17
13
6
41
46
44
54
71
84
81
71
82
115
121
105
117
133
139
144
136
133
123
118
106
99
86
89
73
67
48
21
30
23
5
3
0
-7
-19
-16
-2
-10
-28
-28
4
-2
-16
-29
-19
-15
-52
-45
-40
-41
-51
-53
-44
-25
-44
-33
1
-7
-11
-30
-23
-15
-23
-41
-31
-10
-6
-15
-13
-3
-20
-44
-56
-31
-42
-55
-76
-64
-43
-71
-98
-75
-65
-64
-69
-56
-11
-14
-26
-12
17
35
16
21
57
63
65
82
85
91
92
80
97
104
87
94
108
92
89
99
115
109
113
116
136
132
104
109
125
108
99
110
108
115
82
61
57
58
24
25
39
29
20
-9
-15
-27
-41
-62
-50
-25
-40
-44
-51
-53
-74
-89
-93
-87
-102
-105
-109
-103
-111
-123
-123
-114
-121
-119
-117
-126
-133
-130
-141
-143
-155
-162
-166
-162
-152
-160
-150
-149
-148
-129
-118
-97
-82
-92
-48
-31
-36
-41
-21
-6
-15
-1
13
25
43
47
55
79
68
73
78
81
79
60
83
84
63
55
73
78
73
88
75
78
79
64
60
81
74
66
67
59
57
45
24
23
21
12
1
-1
-5
-25
-22
-36
-34
-38
-48
-65
-68
-37
-53
-60
-81
-68
-67
-88
-92
-97
-82
-97
-105
-99
-91
-89
-105
-114
-114
-115
-117
-103
-116
-104
-112
-115
-102
-108
-106
-97
-90
-118
-94
-86
-95
-64
-53
-47
-28
-30
-37
-1
-7
6
17
41
43
33
53
49
66
64
79
78
105
117
102
135
150
132
144
145
145
145
145
138
163
165
160
187
182
192
192
180
171
172
155
147
150
129
128
115
101
83
68
61
50
23
2
6
-21
-31
-48
-56
-84
-110
-128
-127
-144
-173
-173
-178
-182
-211
-237
-238
-237
-262
-279
-253
-251
-264
-263
-277
-264
-248
-254
-239
-229
-215
-188
-185
-156
-164
-151
-140
-137
-111
-122
-112
-88
-76
-77
-53
-48
-23
-25
-11
21
23
47
28
62
80
56
79
94
100
109
95
117
129
123
134
153
132
132
136
126
130
133
135
139
129
115
137
143
123
136
103
112
114
95
121
120
121
118
118
95
100
102
90
83
76
58
72
69
60
70
47
40
32
18
-4
-38
-42
-53
-74
-85
-101
-121
-137
-148
-153
-169
-179
-185
-174
-187
-182
-194
-200
-192
-183
-165
-175
-149
-153
-148
-155
-139
-124
-118
-124
-120
-86
-82
-92
-60
-40
-31
-27
-27
-4
12
30
46
61
85
86
99
118
127
146
140
131
139
147
128
126
128
135
121
100
106
80
59
54
43
29
-18
-64
5
57
-27
-79
-55
-28
-56
-89
-108
-102
-97
-69
-73
-153
-144
-123
-91
-115
-166
-134
-106
-120
-145
-128
-89
-119
-122
-101
-126
-135
-136
-135
-125
-131
-127
-127
-117
-116
-130
-138
-149
-149
-146
-153
-149
-143
-139
-144
-131
-107
-104
-99
-100
-77
-70
-70
-52
-50
-42
-22
8
-2
9
40
52
83
66
78
91
88
97
92
111
108
101
111
124
125
124
134
130
150
124
112
112
98
97
77
74
81
64
53
68
65
47
32
30
24
28
5
8
6
-24
-41
-55
-44
-69
-86
-78
-87
-95
-93
-111
-104
-121
-136
-144
-138
-145
-163
-169
-187
-203
-201
-211
-212
-222
-231
-185
-183
-194
-185
-187
-167
-176
-167
-156
-179
-147
-152
-142
-131
-126
-119
-108
-87
-81
-85
-86
-54
-55
-64
-58
-43
-21
-33
-20
-18
-13
-8
-23
-5
12
-2
6
35
46
41
44
63
72
64
61
54
61
59
66
76
68
67
60
49
57
71
79
85
81
80
68
72
82
77
74
61
60
63
52
45
52
44
33
32
53
26
3
-1
-27
-20
-29
-41
-33
-38
-45
-54
-46
-59
-65
-69
-73
-89
-102
-109
-94
-86
-107
-80
-81
-70
-73
-70
-52
-53
-38
-30
-27
-15
-17
-15
-8
3
13
14
19
31
36
25
18
22
47
41
32
59
77
57
50
46
51
44
30
50
44
34
31
33
45
23
39
50
43
47
36
40
52
50
58
75
65
49
44
53
47
37
22
32
40
23
9
17
29
24
3
-8
4
-4
-33
-50
-31
-31
-69
-71
-84
-55
-77
-108
-88
-81
-93
-126
-115
-114
-131
-131
-141
-132
-139
-165
-164
-144
-139
-146
-149
-132
-132
-136
-136
-142
-133
-127
-129
-112
-91
-93
-69
-66
-78
-56
-49
-43
-34
-27
-11
0
1
12
44
53
64
60
65
75
64
58
55
68
86
42
38
59
48
25
9
17
27
1
-18
19
26
26
11
22
29
28
-6
6
9
-7
-12
-40
-18
-27
-49
-42
-36
-26
-27
-46
-32
-27
-52
-68
-62
-43
-51
-44
-22
-7
-27
-50
-36
-46
-56
-73
-54
-30
-61
-73
-59
-47
-69
-83
-53
-58
-76
-97
-91
-82
-86
-111
-103
-83
-107
-113
-119
-118
-120
-130
-131
-102
-108
-132
-113
-104
-116
-127
-112
-108
-127
-137
-116
-98
-94
-120
-107
-81
-83
-89
-88
-64
-51
-66
-72
-55
-48
-57
-65
-56
-40
-32
-34
-21
15
7
-3
2
26
8
-3
-2
1
24
22
-4
13
20
6
13
16
38
23
3
11
25
17
11
13
17
4
10
0
5
31
6
9
23
3
19
5
4
16
10
18
-10
1
-8
-14
-39
-52
-24
-23
-51
-61
-51
-63
-66
-92
-84
-64
-73
-90
-97
-97
-97
-93
-98
-83
-88
-92
-86
-81
-78
-65
-68
-56
-62
-59
-75
-63
-46
-44
-33
-21
-28
-10
10
-11
0
8
19
25
18
29
44
50
41
44
50
56
69
76
90
111
106
118
117
123
123
128
116
117
125
125
144
137
142
157
162
156
189
176
167
168
178
204
204
195
196
203
156
137
125
121
114
111
118
137
133
78
83
66
42
41
28
19
21
-3
-11
-11
-24
-22
-16
-47
-46
-52
-78
-86
-99
-89
-70
-87
-101
-89
-104
-109
-121
-128
-106
-98
-105
-94
-81
-75
-76
-72
-49
-39
-29
-31
-7
9
3
2
14
31
21
12
22
34
33
34
40
48
49
41
39
63
62
69
77
90
89
80
96
96
96
102
107
115
119
118
123
128
129
130
121
133
134
131
132
134
126
120
128
140
145
126
118
127
129
94
99
92
93
89
65
72
56
39
25
22
17
1
-8
-1
-13
-24
-14
-34
-28
-34
-45
-41
-61
-57
-71
-70
-62
-61
-71
-46
-26
-40
-36
-42
-38
-30
-29
-33
-13
-29
-29
-35
-4
20
10
27
26
31
54
63
64
96
99
105
132
139
151
166
165
181
186
192
191
189
191
218
230
231
247
231
233
236
233
219
212
208
193
200
193
199
199
195
203
183
179
170
168
171
148
133
148
165
155
138
134
144
125
96
77
76
69
54
49
47
57
64
48
55
50
30
29
13
10
15
-7
-10
11
12
13
9
17
37
38
6
20
19
7
4
-7
6
-1
-2
-21
-17
-9
-35
-27
-25
-33
-30
-23
-36
-18
-16
-7
-3
3
24
36
58
56
88
97
89
115
126
118
129
131
143
154
160
172
175
168
187
182
189
169
167
167
151
160
165
153
154
146
159
159
157
154
155
151
117
111
119
114
109
118
107
108
96
92
77
83
92
88
85
90
99
97
92
94
98
105
107
108
125
108
96
108
124
115
115
128
125
118
94
104
106
100
102
90
100
80
67
70
64
58
56
41
41
21
19
26
16
33
33
23
22
18
29
30
26
53
51
59
72
71
78
66
70
83
75
69
78
81
69
75
77
65
56
65
63
61
48
31
40
45
36
43
43
50
30
25
23
31
25
7
24
4
1
-14
-13
-7
-19
-20
-47
-41
-43
-71
-64
-61
-49
-42
-63
-51
-34
-31
-44
-31
-7
-2
-22
-26
1
4
5
3
13
11
-2
6
29
38
40
51
67
71
90
98
101
108
114
131
130
127
129
124
130
119
126
126
136
134
121
113
109
132
122
112
108
103
102
88
100
96
81
88
93
80
49
43
55
62
52
59
61
54
60
56
61
64
50
39
51
45
45
33
19
20
10
24
25
21
27
29
27
42
47
48
40
42
36
26
34
13
17
17
13
18
15
9
13
13
29
18
24
40
35
29
21
10
5
1
-14
-15
-17
-21
-19
-22
-25
-33
-26
-26
-16
-18
-15
-18
-29
-9
-34
-44
-54
-69
-70
-70
-75
-71
-77
-87
-80
-84
-70
-71
-66
-56
-57
-59
-58
-43
-45
-45
-41
-41
-45
-70
-72
-59
-72
-70
-73
-76
-60
-63
-67
-62
-69
-57
-54
-45
-38
-42
-21
-29
-35
-20
-12
-13
5
17
26
36
27
40
65
56
68
83
83
87
91
86
95
97
73
72
75
62
57
52
37
31
21
18
6
1
16
4
5
-2
0
-9
-9
-11
-15
-19
-16
-9
-4
-9
-28
-5
3
0
16
22
25
12
23
21
20
23
16
22
26
38
21
22
55
37
18
31
22
30
36
11
27
24
-5
-2
-7
-8
-27
-28
-38
-35
-45
-65
-54
-57
-50
-55
-53
-52
-52
-68
-61
-49
-58
-44
-57
-72
-58
-82
-86
-77
-93
-92
-94
-96
-92
-77
-79
-73
-46
-50
-56
-37
-33
-44
-44
-52
-49
-39
-63
-57
-63
-60
-65
-75
-72
-76
-85
-92
-96
-96
-110
-92
-81
-103
-75
-73
-82
-65
-74
-66
-54
-67
-61
-57
-56
-53
-56
-46
-55
-72
-62
-61
-50
-70
-60
-48
-43
-38
-51
-47
-31
-45
-54
-37
-32
-19
-28
-24
-4
-12
-14
-17
-6
-8
-16
-27
-31
-14
-20
-17
-13
-1
1
-11
-13
-12
-30
-31
-36
-42
-37
-47
-49
-49
-35
-45
-41
-37
-43
-43
-36
-30
-24
-25
-31
-31
-20
-21
-11
-5
-31
-5
-15
-13
-3
-21
-5
-5
-11
-15
-8
5
1
-9
-10
-11
17
6
-3
15
11
10
9
27
18
10
11
6
6
-1
-12
-13
-12
-26
-21
-24
-27
-37
-42
-49
-40
-27
-48
-44
-40
-50
-48
-49
-31
-27
-26
-32
-32
-28
-29
-36
-34
-30
-46
-43
-62
-57
-60
-66
-69
-69
-64
-80
-65
-72
-75
-67
-79
-89
-92
-105
-105
-107
-121
-121
-109
-108
-104
-115
-127
-105
-113
-95
-114
-111
-112
-122
-116
-116
-104
-123
-122
-108
-105
-113
-114
-116
-116
-127
-122
-96
-91
-90
-75
-85
-68
-81
-77
-69
-78
-71
-69
-64
-54
-44
-52
-42
-28
-19
-20
-20
-8
5
-11
-8
5
16
8
1
10
20
23
9
25
15
15
13
9
14
17
29
34
27
30
23
28
41
47
47
49
31
36
45
38
40
61
59
48
65
45
57
51
35
43
32
34
56
45
43
64
62
53
32
22
29
22
13
8
19
33
30
23
31
23
14
4
0
6
-6
-7
-12
-11
-19
-24
-25
-37
-27
-46
-41
-38
-25
-24
-38
-41
-27
-28
-32
-24
-32
-27
-39
-43
-33
-39
-52
-54
-58
-48
-44
-50
-54
-50
-66
-69
-53
-67
-64
-70
-73
-70
-78
-81
-85
-101
-107
-105
-90
-93
-93
-102
-106
-92
-79
-73
-72
-70
-63
-79
-89
-81
-93
-76
-71
-69
-54
-61
-50
-45
-54
-49
-41
-40
-38
-41
-35
-19
-13
-7
-11
5
6
2
15
16
17
18
13
11
15
18
-3
9
3
-3
6
-1
-16
-1
-4
-20
3
-5
-6
-12
-9
-4
-11
-5
-3
3
8
25
37
52
60
73
63
65
79
74
73
85
84
80
83
89
110
112
105
117
127
117
123
115
99
112
95
89
83
79
76
75
70
78
65
60
54
40
43
33
29
20
25
29
30
28
22
17
2
7
-15
-10
-8
-25
-37
-49
-49
-59
-47
-57
-53
-50
-51
-60
-51
-48
-41
-26
-32
-26
-28
-42
-29
-8
-3
-8
-16
-31
-17
-17
-22
7
-3
-5
-13
-19
3
0
3
9
26
24
32
25
20
37
28
24
16
8
-6
5
2
-18
-13
-14
-22
-11
-12
-6
2
-16
-5
16
7
9
7
-1
-1
8
-12
1
4
-25
-25
-14
-10
-3
-14
-15
-15
-20
-15
-18
-22
-29
-32
-37
-22
-13
-12
-9
-5
-1
-21
-5
10
10
3
10
22
35
29
33
41
38
43
39
40
54
56
54
39
40
42
40
49
60
60
50
57
56
68
62
54
58
41
48
46
44
41
34
36
27
38
40
47
61
55
62
68
64
66
77
60
74
75
82
88
72
86
85
94
91
104
101
89
102
102
96
80
78
70
70
69
57
66
64
44
43
48
42
38
28
34
25
10
12
26
10
7
4
-7
-16
-34
-43
-33
-29
-37
-34
-42
-40
-47
-36
-40
-44
-30
-22
-31
-34
-35
-28
-36
-48
-39
-35
-41
-33
-23
-26
-19
-10
-8
0
2
1
-12
-15
-5
-23
-16
-36
-26
-25
-37
-31
-31
-41
-53
-55
-51
-43
-42
-46
-49
-36
-27
-32
-19
-20
-16
-18
-21
-10
-5
10
1
3
18
14
3
25
15
15
8
6
-1
13
23
18
32
47
35
31
32
22
39
31
