-162
-175
-158
-158
-159
-138
-96
-93
-99
-105
-100
-95
-113
-118
-132
-131
-135
-133
-143
-120
-87
-81
-85
-80
-93
-103
-99
-92
-88
-105
-95
-84
-111
-143
-144
-137
-125
-120
-133
-154
-144
-121
-103
-87
-88
-77
-46
-52
-65
-71
-80
-86
-81
-73
-90
-116
-127
-124
-114
-118
-116
-126
-143
-144
-159
-172
-176
-182
-191
-181
-180
-197
-183
-178
-191
-201
-198
-195
-188
-158
-154
-184
-195
-177
-181
-171
-161
-160
-176
-185
-176
-169
-156
-172
-165
-171
-172
-179
-177
-167
-185
-186
-182
-172
-166
-141
-127
-129
-144
-159
-164
-189
-213
-228
-241
-241
-240
-270
-283
-298
-302
-302
-307
-307
-307
-285
-252
-226
-212
-195
-195
-185
-168
-162
-173
-164
-143
-135
-127
-135
-146
-158
-168
-164
-171
-187
-187
-189
-178
-182
-190
-196
-185
-180
-188
-184
-186
-191
-172
-160
-156
-179
-198
-203
-215
-225
-243
-284
-291
-273
-268
-247
-231
-215
-201
-194
-196
-205
-188
-196
-193
-177
-180
-179
-161
-187
-195
-213
-221
-193
-182
-202
-191
-162
-133
-109
-99
-110
-134
-123
-116
-112
-132
-154
-154
-129
-108
-98
-112
-122
-146
-142
-134
-140
-137
-157
-147
-133
-130
-128
-113
-92
-79
-75
-80
-93
-89
-86
-94
-123
-138
-148
-154
-179
-194
-195
-225
-225
-196
-194
-201
-184
-147
-122
-117
-127
-129
-133
-127
-111
-124
-136
-146
-145
-156
-153
-155
-182
-183
-195
-191
-186
-175
-165
-154
-170
-186
-168
-169
-165
-165
-169
-180
-182
-159
-142
-139
-166
-197
-191
-188
-194
-193
-214
-231
-221
-208
-216
-185
-177
-175
-148
-137
-122
-102
-65
-57
-66
-74
-76
-70
-90
-99
-90
-96
-104
-98
-109
-119
-105
-103
-91
-94
-98
-101
-97
-84
-86
-77
-93
-90
-77
-55
-54
-55
-53
-51
-52
-43
-39
-49
-40
-50
-46
-46
-48
-78
-104
-115
-115
-112
-115
-97
-91
-85
-83
-91
-112
-118
-138
-153
-162
-182
-154
-154
-154
-158
-152
-127
-141
-140
-147
-155
-162
-147
-145
-169
-185
-188
-162
-158
-173
-160
-138
-112
-86
-38
4
12
16
6
13
31
68
83
93
94
95
111
99
96
88
81
63
56
59
44
21
-12
-38
-44
-64
-92
-127
-132
-134
-116
-96
-94
-105
-111
-103
-115
-105
-101
-118
-109
-81
-69
-55
-52
-60
-73
-80
-72
-100
-133
-151
-145
-133
-126
-128
-132
-138
-143
-141
-147
-136
-131
-110
-104
-92
-76
-75
-70
-73
-98
-116
-142
-148
-134
-133
-118
-105
-95
-110
-108
-102
-104
-94
-99
-87
-33
5
42
68
68
72
76
75
68
47
2
-18
-9
4
20
14
3
23
16
27
3
-32
-48
-63
-57
-53
-48
-54
-67
-113
-131
-124
-138
-158
-181
-167
-154
-133
-118
-133
-131
-126
-123
-115
-101
-94
-83
-46
2
41
46
41
16
-8
-12
-34
-42
-74
-90
-83
-63
-56
-40
-48
-53
-32
-21
5
-7
-13
-11
-22
-15
-28
-29
-49
-50
-58
-66
-80
-90
-78
-67
-43
-25
-2
14
24
27
41
34
34
44
55
68
60
82
73
62
63
23
6
-15
-18
-7
-22
-35
-55
-68
-64
-44
-55
-79
-107
-113
-94
-84
-74
-97
-115
-129
-146
-132
-132
-160
-161
-166
-185
-199
-189
-188
-172
-163
-166
-152
-155
-136
-131
-124
-114
-96
-76
-76
-89
-92
-83
-87
-97
-114
-106
-98
-78
-68
-66
-62
-45
-32
-29
-21
-19
7
20
39
43
45
37
31
42
38
51
51
32
3
0
2
-5
-7
-19
-22
-44
-44
-24
-11
7
15
16
17
9
27
40
31
31
7
-22
-35
-43
-37
-36
-46
-9
28
41
44
51
78
83
113
114
101
90
74
70
74
85
77
92
67
47
49
52
35
13
14
30
63
86
92
69
66
87
100
98
85
61
71
83
81
55
41
44
34
18
-3
5
2
26
45
44
52
57
62
76
81
104
128
136
127
94
96
101
94
88
66
33
23
35
44
46
42
50
24
10
11
16
11
-10
-55
-69
-52
-61
-53
-58
-73
-72
-74
-89
-99
-108
-113
-125
-124
-133
-127
-110
-103
-85
-85
-104
-122
-119
-120
-109
-78
-50
-32
-41
-50
-62
-71
-68
-75
-76
-78
-61
-29
4
11
-2
-3
4
12
-1
-12
-32
-40
-26
-10
15
20
-6
-10
-14
-45
-50
-33
-4
13
19
45
52
53
55
51
15
-11
-1
7
-9
-16
-10
21
36
6
-15
-32
-20
4
32
22
2
7
5
-10
-31
-31
-37
-45
-58
-67
-63
-68
-64
-54
-55
-65
-79
-93
-104
-110
-103
-102
-116
-119
-95
-77
-59
-59
-64
-63
-69
-79
-70
-47
-43
-27
-36
-50
-32
1
4
1
-24
-36
-11
19
38
25
17
27
35
21
7
-13
-22
-25
-39
-37
-34
-39
-48
-48
-75
-74
-65
-59
-53
-57
-54
-80
-96
-109
-107
-87
-89
-105
-133
-151
-124
-106
-97
-93
-91
-80
-74
-80
-101
-123
-104
-75
-61
-70
-93
-119
-83
-72
-90
-77
-92
-94
-100
-107
-116
-102
-85
-84
-92
-86
-63
-39
-37
-42
-23
-21
7
-2
-29
-44
-65
-74
-78
-98
-109
-103
-102
-107
-117
-136
-149
-150
-142
-139
-140
-161
-181
-169
-184
-184
-199
-217
-218
-201
-199
-205
-210
-215
-211
-223
-237
-230
-213
-200
-194
-166
-145
-135
-123
-105
-92
-70
-45
-40
-45
-40
-30
-39
-39
-55
-71
-76
-80
-94
-109
-96
-90
-102
-109
-121
-136
-118
-82
-60
-71
-97
-102
-124
-143
-141
-128
-119
-117
-108
-130
-127
-105
-97
-99
-97
-81
-81
-69
-75
-86
-76
-61
-37
-37
-48
-53
-68
-86
-103
-121
-136
-127
-131
-146
-172
-175
-193
-207
-213
-216
-190
-175
-165
-154
-170
-168
-159
-169
-187
-205
-203
-213
-222
-215
-202
-189
-175
-177
-164
-161
-163
-158
-168
-168
-146
-110
-74
-77
-64
-59
-54
-53
-63
-51
-54
-58
-68
-87
-105
-106
-97
-98
-123
-133
-125
-126
-124
-117
-98
-84
-88
-103
-122
-154
-138
-115
-104
-101
-93
-83
-101
-128
-140
-125
-127
-115
-115
-127
-122
-111
-110
-79
-69
-87
-112
-125
-140
-159
-152
-129
-107
-99
-99
-111
-93
-102
-111
-98
-121
-125
-127
-109
-68
-68
-66
-83
-77
-60
-58
-67
-89
-110
-93
-69
-65
-83
-106
-115
-106
-119
-134
-127
-137
-132
-139
-143
-141
-124
-128
-122
-113
-126
-132
-127
-117
-117
-92
-75
-63
-66
-67
-62
-68
-68
-59
-21
-8
-12
-9
3
28
31
25
12
-32
-58
-21
-7
-20
-47
-56
-65
-99
-113
-125
-135
-166
-187
-202
-204
-191
-205
-199
-188
-190
-196
-189
-215
-243
-240
-246
-250
-239
-204
-187
-178
-174
-155
-148
-151
-114
-82
-50
-20
-4
19
45
53
78
79
56
29
21
17
-13
-17
-31
-34
-45
-65
-86
-122
-134
-139
-137
-136
-130
-127
-119
-103
-102
-112
-116
-109
-113
-127
-146
-158
-153
-136
-133
-137
-142
-134
-120
-117
-117
-91
-71
-60
-43
-28
-21
-9
-5
-17
-23
-31
-19
0
-2
1
-9
-31
-54
-71
-67
-53
-63
-90
-112
-111
-107
-111
-96
-100
-107
-111
-131
-142
-142
-152
-153
-171
-199
-207
-212
-198
-189
-176
-158
-120
-107
-102
-99
-96
-59
-41
-19
-10
-16
7
37
62
65
60
46
21
14
14
23
33
50
64
55
52
38
44
41
1
-26
-34
-22
-5
3
-6
-46
-100
-116
-103
-128
-159
-151
-183
-197
-190
-207
-219
-240
-255
-258
-285
-310
-301
-290
-285
-270
-256
-262
-269
-278
-271
-273
-274
-274
-259
-250
-213
-179
-154
-137
-134
-117
-103
-83
-62
-56
-79
-99
-109
-110
-97
-85
-106
-123
-163
-202
-218
-207
-192
-192
-185
-200
-204
-198
-222
-237
-248
-250
-243
-252
-264
-263
-243
-225
-221
-222
-233
-208
-163
-167
-156
-158
-140
-124
-114
-103
-98
-86
-93
-84
-77
-66
-40
-30
-44
-61
-67
-51
-37
-33
-58
-101
-125
-121
-126
-141
-152
-167
-194
-224
-240
-254
-244
-226
-220
-221
-231
-251
-252
-260
-284
-301
-303
-289
-280
-259
-228
-221
-207
-173
-158
-138
-143
-150
-137
-104
-89
-93
-91
-100
-65
-41
-23
-16
-21
-19
-24
-30
-47
-65
-87
-88
-93
-126
-140
-164
-154
-164
-183
-186
-193
-176
-176
-192
-213
-201
-200
-208
-200
-205
-204
-186
-171
-157
-165
-184
-183
-166
-159
-141
-127
-126
-106
-89
-81
-70
-78
-120
-142
-143
-137
-107
-98
-82
-57
-69
-104
-104
-109
-95
-88
-119
-149
-152
-154
-148
-132
-147
-174
-218
-236
-254
-271
-284
-261
-248
-241
-247
-271
-245
-220
-225
-236
-246
-266
-258
-237
-215
-218
-250
-262
-247
-219
-205
-229
-251
-251
-223
-215
-190
-173
-197
-191
-176
-178
-160
-172
-177
-192
-176
-153
-149
-142
-181
-187
-184
-173
-173
-182
-188
-182
-165
-156
-148
-129
-106
-99
-94
-114
-136
-149
-129
-126
-119
-114
-115
-129
-145
-159
-175
-184
-191
-190
-174
-158
-135
-151
-173
-164
-175
-155
-130
-148
-155
-142
-126
-113
-116
-104
-140
-155
-156
-175
-182
-182
-163
-158
-168
-167
-156
-158
-183
-227
-250
-230
-218
-213
-212
-223
-227
-235
-246
-248
-257
-266
-255
-258
-266
-262
-263
-257
-280
-281
-256
-239
-246
-240
-256
-286
-271
-273
-278
-279
-282
-280
-286
-278
-302
-331
-315
-294
-281
-269
-258
-278
-294
-297
-307
-313
-286
-284
-268
-244
-242
-234
-227
-220
-227
-231
-224
-224
-236
-228
-221
-225
-223
-251
-255
-238
-198
-188
-208
-222
-235
-202
-181
-177
-161
-169
-172
-161
-180
-194
-177
-188
-186
-195
-210
-207
-214
-239
-239
-240
-250
-254
-250
-244
-266
-263
-248
-231
-214
-211
-200
-199
-207
-204
-193
-172
-162
-149
-134
-131
-139
-150
-171
-156
-151
-158
-145
-151
-150
-127
-131
-134
-127
-130
-151
-129
-119
-114
-120
-156
-181
-186
-192
-209
-230
-256
-275
-279
-284
-288
-262
-243
-227
-206
-196
-194
-160
-154
-130
-111
-119
-110
-94
-67
-60
-73
-82
-87
-85
-87
-96
-92
-68
-47
-54
-62
-59
-48
-37
-35
-39
-43
-28
-17
-31
-53
-69
-98
-115
-131
-124
-123
-133
-124
-134
-134
-119
-112
-105
-80
-76
-93
-85
-104
-100
-91
-97
-96
-120
-126
-124
-129
-145
-135
-120
-112
-106
-107
-116
-128
-126
-131
-137
-148
-143
-133
-114
-104
-113
-109
-119
-135
-168
-182
-183
-177
-165
-173
-181
-195
-181
-166
-165
-171
-185
-189
-177
-166
-145
-142
-144
-152
-138
-132
-143
-161
-182
-180
-176
-170
-184
-200
-199
-206
-177
-142
-130
-149
-162
-154
-140
-138
-132
-124
-135
-115
-93
-78
-72
-95
-117
-115
-125
-115
-80
-80
-90
-113
-118
-97
-77
-71
-76
-83
-99
-105
-95
-86
-75
-72
-79
-89
-97
-90
-118
-129
-127
-127
-115
-105
-102
-108
-125
-124
-116
-106
-82
-59
-39
-23
-38
-37
-9
1
16
9
5
10
1
21
42
39
48
56
44
41
28
24
-13
-20
-10
-29
-23
-30
-24
-40
-58
-61
-70
-72
-81
-81
-92
-83
-95
-85
-58
-55
-35
-28
-4
29
43
44
62
69
47
46
72
100
103
102
87
52
36
35
42
33
28
28
28
21
-5
-20
-44
-45
-58
-74
-68
-86
-106
-126
-176
-196
-203
-208
-207
-237
-256
-257
-256
-242
-223
-248
-245
-244
-233
-219
-181
-159
-143
-117
-130
-116
-119
-115
-109
-75
-52
-61
-71
-65
-32
5
3
-24
-21
-26
-14
10
38
45
41
48
51
47
37
22
31
38
19
-7
-4
22
50
55
45
40
55
63
57
61
64
41
40
46
37
37
42
44
41
36
26
34
31
28
14
3
9
28
13
1
-8
6
24
21
18
22
29
52
51
17
14
16
26
21
16
14
3
-3
5
16
16
9
33
34
36
57
59
50
58
63
55
51
60
57
66
70
57
37
3
10
1
3
24
37
46
42
74
71
46
40
41
41
36
53
64
56
40
56
37
36
37
25
-2
-25
-35
-26
-3
9
18
16
12
5
35
22
4
5
-19
0
12
8
16
-4
-39
-55
-66
-77
-68
-46
-37
-34
-23
-19
-9
17
33
46
18
10
14
27
43
60
86
83
99
89
77
76
81
88
89
98
87
71
80
69
40
29
1
1
13
-16
-25
-54
-63
-38
-17
-26
-44
-73
-88
-75
-58
-33
-35
-18
-32
-46
-32
-3
29
37
44
28
27
48
61
46
35
37
39
32
40
57
55
56
82
93
75
60
64
93
100
93
105
100
102
111
125
136
141
117
112
117
90
89
101
133
169
164
153
139
128
136
141
131
104
88
93
108
107
108
97
65
49
22
0
-28
-56
-68
-66
-76
-83
-64
-44
-41
-27
-32
-72
-72
-88
-95
-73
-57
-44
-43
-62
-65
-63
-69
-60
-33
-23
0
-24
-29
15
24
25
43
37
26
33
33
43
54
51
33
54
43
22
6
3
4
-2
0
22
38
42
33
35
40
44
37
10
2
15
16
12
35
30
38
90
124
139
130
108
103
102
130
157
162
176
171
169
176
176
189
193
172
168
148
146
154
125
129
130
102
91
83
91
85
49
68
71
77
66
95
120
111
112
129
132
120
105
102
97
90
83
82
84
59
54
76
79
98
100
94
101
79
93
93
101
89
89
102
107
86
76
97
110
130
135
110
90
74
76
81
100
135
131
113
132
150
157
160
136
115
118
134
159
196
210
185
184
198
189
165
155
134
128
151
148
160
143
135
131
132
131
130
132
105
75
55
28
34
41
47
42
11
-15
-7
-20
-25
-11
-11
-3
-9
-2
-24
-38
-43
-28
-11
-22
-6
-27
-52
-53
-42
-39
-63
-107
-137
-117
-95
-99
-102
-104
-110
-107
-120
-150
-155
-134
-109
-79
-75
-89
-104
-109
-98
-102
-101
-89
-68
-76
-84
-77
-63
-53
-66
-71
-79
-73
-53
-42
-38
-59
-95
-89
-50
-19
-6
-31
-40
-79
-89
-68
-77
-69
-30
-32
-58
-47
-77
-86
-70
-88
-89
-52
-37
-47
-41
-36
-31
-37
-11
6
-9
9
19
56
54
50
65
63
93
113
114
84
80
70
80
105
78
66
35
10
24
23
25
40
30
21
2
-7
-1
-19
-41
-55
-48
-82
-90
-109
-95
-98
-107
-72
-83
-84
-92
-103
-107
-88
-72
-78
-71
-83
-74
-45
-26
-21
-42
-56
-67
-70
-81
-69
-59
-72
-83
-82
-103
-103
-120
-114
-124
-135
-134
-123
-140
-119
-114
-132
-149
-149
-169
-191
-144
-114
-75
-30
-5
-19
-33
-9
18
15
13
27
48
40
45
58
69
115
89
95
112
96
73
59
85
101
88
77
64
66
56
26
45
22
16
21
-8
-17
-48
-36
-32
-67
-97
-105
-125
-131
-119
-135
-116
-109
-126
-141
-193
-213
-171
-122
-110
-81
-101
-140
-130
-120
-104
-103
-76
-102
-110
-93
-43
-13
-35
-42
-50
-13
19
49
44
33
29
41
76
75
73
100
99
77
80
95
107
87
81
75
85
108
118
72
45
31
21
24
27
42
18
10
23
26
14
17
21
8
-5
2
24
2
-21
-25
-14
-4
16
23
14
-9
5
28
37
26
8
29
50
38
-9
-7
8
-9
-5
-13
-30
-49
-41
-41
-46
-38
-51
-74
-80
-52
-46
-42
-11
-14
-60
-43
-46
-64
-86
-121
-129
-152
-143
-134
-123
-145
-167
-183
-205
-212
-206
-180
-182
-201
-205
-231
-249
-262
-259
-256
-257
-243
-253
-256
-229
-249
-240
-223
-243
-248
-215
-205
-201
-228
-202
-199
-198
-140
-140
-143
-155
-147
-141
-134
-136
-129
-99
-68
-70
-106
-118
-127
-117
-110
-88
-89
-73
-63
-99
-102
-113
-95
-106
-119
-125
-106
-79
-82
-87
-94
-102
-97
-92
-94
-100
-93
-100
-95
-139
-164
-154
-153
-139
-150
-154
-139
-139
-155
-137
-132
-131
-110
-91
-72
-70
-87
-110
-126
-110
-91
-119
-130
-123
-127
-119
-133
-135
-118
-106
-128
-144
-134
-166
-198
-215
-240
-230
-195
-180
-186
-223
-232
-242
-250
-253
-267
-255
-266
-260
-249
-234
-196
-200
-205
-191
-216
-207
-176
-143
-107
-105
-107
-114
-117
-89
-76
-69
-80
-77
-69
-50
-50
-60
-80
-96
-107
-127
-120
-138
-127
-121
-117
-132
-167
-173
-181
-213
-237
-254
-233
-182
-196
-188
-176
-224
-229
-245
-249
-242
-243
-220
-208
-231
-231
-197
-202
-194
-199
-185
-173
-159
-142
-141
-129
-133
-134
-129
-140
-145
-123
-137
-117
-109
-154
-139
-130
-105
-119
-133
-147
-165
-154
-156
-132
-104
-104
-90
-117
-140
-124
-151
-146
-108
-115
-111
-98
-104
-106
-115
-111
-138
-179
-169
-151
-133
-106
-95
-118
-132
-109
-104
-117
-90
-95
-67
-30
5
37
30
9
-12
6
2
16
-9
-70
-95
-86
-55
-31
-9
-12
-57
-52
-64
-62
-48
-42
-38
-39
-66
-60
-62
-103
-122
-130
-150
-188
-177
-174
-166
-160
-154
-129
-126
-139
-158
-144
-125
-90
-54
-63
-61
-74
-95
-93
-89
-109
-111
-109
-73
-65
-61
-26
-27
8
16
17
19
-19
-32
-10
0
-7
10
4
-3
-1
-24
-32
-62
-103
-113
-155
-172
-205
-229
-224
-236
-258
-270
-280
-270
-249
-261
-277
-265
-293
-315
-301
-298
-290
-260
-235
-255
-226
-220
-214
-187
-168
-134
-127
-124
-100
-117
-117
-54
-65
-89
-67
-63
-94
-109
-88
-113
-138
-155
-182
-191
-179
-176
-195
-214
-208
-231
-250
-275
-261
-257
-275
-248
-226
-207
-221
-245
-271
-278
-265
-244
-232
-239
-230
-231
-207
-210
-237
-216
-203
-178
-150
-150
-129
-114
-118
-111
-133
-145
-193
-235
-241
-265
-251
-256
-255
-240
-259
-283
-298
-290
-292
-266
-250
-227
-214
-197
-177
-170
-192
-216
-208
-204
-190
-193
-197
-190
-202
-176
-172
-202
-219
-233
-214
-180
-137
-153
-170
-154
-143
-131
-108
-73
-78
-85
-108
-124
-123
-111
-97
-86
-59
-80
-72
-81
-98
-88
-52
-33
-35
-34
-80
-92
-40
-31
-17
-12
-23
-29
-40
-69
-44
-59
-67
-64
-75
-72
-96
-118
-129
-127
-135
-99
-104
-130
-143
-131
-98
-110
-104
-101
-125
-110
-94
-106
-87
-71
-43
-7
14
-2
-22
0
11
27
48
47
35
25
20
51
59
36
44
38
37
38
55
65
50
50
27
46
73
66
57
57
48
35
39
40
8
6
-13
-47
-40
-63
-86
-108
-130
-175
-194
-194
-212
-221
-201
-197
-180
-163
-189
-192
-195
-204
-205
-191
-155
-139
-103
-107
-139
-140
-147
-144
-103
-78
-97
-114
-143
-167
-174
-138
-142
-162
-142
-115
-117
-125
-102
-112
-147
-147
-156
-167
-170
-139
-120
-144
-147
-145
-108
-84
-122
-120
-122
-127
-87
-76
-64
-73
-98
-106
-110
-123
-111
-89
-89
-65
-74
-92
-100
-110
-113
-102
-84
-44
-63
-63
-56
-74
-53
-37
-9
-36
-50
-48
-49
-28
-34
-26
-6
-27
-35
-66
-64
-61
-75
-61
-67
-60
-53
-77
-75
-96
-117
-104
-112
-122
-132
-117
-112
-141
-162
-152
-152
-165
-179
-198
-202
-197
-206
-203
-224
-219
-181
-152
-120
-88
-104
-95
-93
-109
-99
-89
-56
-63
-81
-82
-79
-82
-61
-77
-105
-87
-71
-57
-63
-62
-75
-110
-114
-82
-93
-97
-91
-100
-112
-120
-141
-176
-164
-171
-165
-156
-163
-145
-112
-112
-140
-104
-77
-38
-8
9
53
37
12
9
16
18
16
27
30
22
4
-1
10
0
-7
14
9
-6
6
7
4
17
9
18
60
78
39
10
-8
-42
-27
7
8
-3
-10
-37
-33
-29
-45
-21
4
23
38
58
77
86
100
98
78
83
95
131
142
103
63
47
59
50
14
-23
-34
-51
-36
-1
-19
-40
-35
-52
-65
-69
-81
-71
-61
-63
-70
-87
-110
-122
-141
-136
-118
-107
-91
-91
-108
-112
-83
-62
-40
-8
28
41
33
41
67
94
103
125
122
121
118
105
130
139
134
132
136
128
135
155
188
208
188
193
187
200
208
212
225
235
243
247
217
183
159
123
120
126
146
123
78
104
100
97
100
135
134
127
127
95
74
67
63
102
144
140
150
145
126
111
89
93
96
108
125
124
115
98
49
-2
-13
-23
6
4
-19
-29
-39
-49
-69
-63
-74
-85
-14
24
35
43
31
44
34
59
50
36
55
61
77
101
101
78
70
69
69
82
69
83
95
111
141
172
190
157
112
118
156
155
156
162
176
194
235
252
250
263
275
283
287
291
318
316
308
314
271
258
266
261
240
201
157
168
164
121
84
75
54
31
49
57
61
63
82
95
58
44
52
70
87
92
84
85
78
70
44
51
54
49
65
73
58
69
65
55
36
3
15
29
26
19
33
43
71
104
97
75
57
56
53
50
55
71
66
62
71
70
75
57
43
36
52
90
130
144
121
126
120
144
151
149
139
170
195
187
190
200
221
221
215
206
226
214
219
227
218
236
248
251
233
203
193
210
182
152
121
103
119
113
110
123
119
138
144
144
133
94
85
91
98
121
138
141
141
112
96
91
104
121
115
107
113
99
67
69
75
108
112
118
140
128
102
93
88
75
68
44
64
73
68
91
80
71
86
82
56
59
69
71
55
62
93
87
88
87
72
64
52
45
66
72
65
54
72
90
68
69
87
71
55
64
86
116
118
125
147
170
186
174
157
149
128
128
127
113
98
91
80
75
38
29
25
31
47
50
81
90
86
90
87
106
117
116
165
166
147
133
122
144
162
171
181
180
164
167
124
139
153
155
169
176
184
154
140
114
81
63
61
81
84
49
41
56
53
22
32
-10
-30
-25
-12
-3
-8
13
17
7
-29
-6
-8
0
-23
-19
-18
-3
-1
-25
-12
-24
-28
-60
-65
-84
-88
-79
-72
-45
-43
-37
-62
-70
-84
-83
-88
-80
-70
-73
-53
-53
-40
-34
-40
-53
-95
-88
-46
-29
-15
12
-48
-74
-62
-91
-92
-99
-110
-118
-112
-112
-124
-109
-92
-110
-164
-217
-232
-232
-239
-226
-219
-209
-195
-193
-181
-198
-228
-218
-201
-187
-182
-175
-142
-116
-124
-148
-167
-173
-163
-147
-122
-112
-115
-106
-135
-195
-228
-244
-250
-240
-254
-274
-269
-276
-287
-275
-299
-374
-426
-467
-381
-333
-334
-393
-1100
-1764
-1397
-1807
-2414
-2152
-1776
-455
-37
-755
-2180
-2953
-3965
-3915
-3592
-2870
-1297
282
877
235
-1182
-2787
-2297
-1745
-516
881
2283
2832
3614
2389
1883
1370
912
1923
1767
2402
2619
3638
3198
3701
3379
2629
1880
1169
267
-384
-53
500
1439
1230
1058
169
-916
-2327
-2644
-3187
-2993
-2724
-2492
-2011
-1648
-2140
-2540
-2519
-3072
-3288
-3437
-3528
-3280
-2613
-2159
-1209
-628
-800
-734
-842
-1184
-1075
-756
-314
764
1044
1379
2331
1995
2072
2274
2237
2252
2182
2394
2576
2980
3419
4180
4744
4950
4833
4661
4048
3692
3300
3261
3419
3762
3272
3165
2508
1371
847
-192
-587
-741
-1013
-1282
-1452
-2051
-2245
-2579
-3082
-3735
-4019
-4794
-5026
-5557
-5426
-5170
-4980
-4877
-4752
-4684
-4837
-4768
-4623
-4226
-3692
-3178
-2765
-2198
-1951
-1613
-1436
-1359
-1296
-978
-1149
-1002
-989
-848
-410
-220
153
443
629
876
1153
1526
2255
2874
3154
3950
4099
4490
4787
5407
5842
6704
7301
8082
8174
7845
6761
4773
3830
2646
2801
2503
2672
3005
3091
2243
1303
-163
-1299
-2559
-4103
-5169
-5579
-6057
-6148
-5906
-5686
-5014
-5418
-5647
-6167
-6487
-6561
-6301
-5780
-4640
-3679
-2863
-2106
-1604
-1174
-846
-958
-1012
-1102
-1114
-909
-844
-351
150
398
621
628
655
574
133
-182
-442
-853
-1108
-1458
-1405
-1096
-938
-792
-672
-593
-362
-300
-115
398
936
1607
2196
2907
3456
4269
4633
5331
5879
6554
6933
7309
7830
7766
7211
5836
5287
4599
4556
4111
4019
3927
3705
2907
1945
752
-264
-1328
-2740
-3960
-5119
-6013
-6650
-6766
-6780
-6376
-6611
-6614
-7004
-7148
-7396
-7356
-7105
-6404
-6054
-5518
-4992
-4282
-3309
-2605
-1986
-1407
-926
-755
-569
-570
-226
26
304
501
726
1003
1259
1211
1234
1181
1043
704
267
55
-24
-70
198
316
1155
1788
2647
3554
4280
4785
5093
5116
5647
5832
6308
6715
6926
7316
5865
5568
4605
4960
4509
4262
3919
3943
3223
2291
1467
822
341
-740
-2178
-3129
-4380
-5701
-6264
-6952
-6523
-6930
-7097
-7284
-7025
-6932
-6571
-6308
-5782
-5517
-5430
-5462
-5078
-4640
-3800
-3240
-2538
-1835
-1256
-808
-620
-250
164
288
304
346
608
912
858
1012
1257
1492
1373
1159
1050
1260
893
681
407
572
757
1035
1547
2484
3316
3837
4317
4671
5328
5597
5897
6117
6480
6550
6225
5088
5010
4511
4662
4049
3728
3698
3572
2920
2359
2158
1521
886
-686
-1523
-2602
-3681
-4873
-5329
-5854
-5886
-6592
-6558
-6511
-6144
-6012
-5658
-5417
-4981
-5000
-5004
-4710
-4360
-3727
-3464
-3003
-2465
-1818
-1404
-996
-684
-93
30
81
96
264
297
326
173
474
461
533
406
370
491
385
15
-187
-270
-199
-173
93
689
1598
1988
2746
3123
4097
4708
5222
5811
6287
6617
6560
5423
4920
4706
4462
4475
3898
4664
4589
4535
3700
4009
3387
3195
1865
1084
111
-1157
-2641
-3225
-3956
-4173
-4834
-5333
-5058
-5034
-4683
-4510
-3993
-3791
-3543
-4050
-3949
-4173
-4100
-4163
-4160
-3788
-3306
-3076
-2511
-2096
-1392
-1104
-1100
-1046
-1016
-1226
-1314
-1651
-1570
-1421
-1453
-1445
-1475
-1315
-1040
-1209
-1184
-900
-756
-529
-394
40
638
1013
1477
2300
3061
4130
4674
5724
6456
7257
7433
7131
6088
6200
5351
5500
4660
4963
5119
5034
4500
4499
4567
4268
4042
3059
2681
1369
67
-1204
-1981
-2997
-3334
-4514
-4416
-4665
-4361
-4193
-3621
-3195
-2700
-2867
-3009
-2992
-3239
-3356
-3708
-3761
-3655
-3716
-3696
-3268
-2911
-2351
-2268
-1929
-1868
-1630
-1639
-1654
-1966
-2002
-2272
-2611
-2932
-3088
-2943
-2993
-2984
-2751
-2472
-2253
-1966
-1391
-679
36
474
1160
1841
2420
3324
3850
5032
5871
6942
7451
7509
7144
7453
7107
7231
6715
6922
6680
6383
5867
5846
5869
5639
5486
4642
4229
3066
2230
1235
569
-465
-1354
-2662
-3255
-3893
-4118
-4274
-3877
-3558
-3212
-3255
-3146
-3012
-3218
-3336
-3844
-4255
-4884
-5334
-5757
-5733
-5729
-5273
-4998
-4595
-4296
-4085
-3859
-3767
-3657
-3611
-3700
-3875
-4130
-4282
-4194
-4266
-4093
-3779
-3226
-2522
-1685
-650
622
1717
2626
3588
4154
4981
5572
6337
7327
8136
8988
9503
9005
9173
9057
8913
8839
8257
8495
7895
7394
6550
6723
5854
5834
4634
3827
2975
1756
744
31
-1059
-1768
-2955
-4220
-4609
-5141
-5265
-5181
-4934
-4756
-4430
-4736
-4230
-4268
-4193
-4158
-4434
-4754
-4971
-5426
-5503
-5693
-5710
-5481
-5485
-5239
-4772
-4350
-3760
-3432
-3060
-2818
-2976
-3092
-3334
-3451
-3566
-3898
-4008
-3904
-3776
-3236
-2569
-1501
-233
788
1695
2743
3248
4078
4464
5037
5667
6276
7045
7831
8596
9531
9295
9551
9436
9508
9214
8498
8473
7917
7368
6052
5801
4772
4898
3797
3373
2952
2098
1131
455
-472
-961
-2037
-3402
-3893
-4817
-5332
-5703
-5816
-5543
-5221
-5454
-4893
-4587
-4151
-3805
-3815
-3765
-3904
-4344
-4743
-5030
-5186
-5005
-5245
-5217
-4972
-4610
-4139
-3901
-3352
-2938
-2800
-2803
-2929
-3018
-3051
-3679
-4108
-4544
-4843
-4901
-4738
-4174
-3040
-2174
-1120
323
1436
2926
3632
4640
5277
5919
6227
6871
7379
8566
9594
10308
10092
10510
10738
10732
10635
10148
10580
9661
8784
7465
7455
6413
6331
5109
4630
3720
2315
1159
372
-266
-973
-2126
-3529
-4082
-5121
-5747
-6319
-6307
-6392
-6713
-7385
-7223
-7227
-7239
-7130
-7018
-6747
-6925
-7006
-6945
-6606
-6437
-6115
-6418
-6226
-6163
-5950
-5703
-5527
-4927
-4528
-4376
-4260
-3760
-3487
-2991
-3189
-2830
-2691
-2503
-2255
-1734
-993
-122
648
1562
2944
4111
5531
6384
7479
8197
8933
9403
9958
10872
11558
12251
11530
11532
11352
11041
10672
9929
10066
9556
8628
7184
6996
5905
5763
4406
3736
2977
1461
-117
-1296
-2253
-3116
-4405
-5983
-6442
-7371
-7924
-8450
-8254
-8026
-7967
-8403
-8058
-7721
-7502
-7240
-7067
-6641
-6588
-6739
-6625
-6393
-6107
-5677
-5913
-5521
-5353
-4984
-4731
-4564
-4026
-3507
-3539
-3301
-3081
-2897
-2435
-2755
-2502
-2523
-2321
-2009
-1599
-896
218
862
1707
2745
3894
5117
5967
7000
7964
8721
9300
9939
10824
11676
12280
11617
11922
11329
11337
10593
9988
10073
9562
8474
7246
6664
5782
5613
3877
3668
2492
1296
-320
-1496
-2545
-3365
-4933
-6400
-7068
-8210
-8734
-9337
-9167
-8771
-8431
-8703
-7941
-7634
-6993
-6626
-6486
-6088
-6052
-6211
-6355
-6316
-6239
-5922
-6385
-6080
-5886
-5340
-5050
-4660
-3932
-3319
-3045
-2733
-2275
-1873
-1540
-1919
-1824
-2022
-1864
-1779
-1459
-741
264
1028
2092
3418
4705
6285
7056
8290
9044
9994
10510
11355
11993
12709
12158
12089
11640
11432
11196
10144
10224
9420
8878
7548
7120
6141
6265
4671
4020
2892
1608
150
-1481
-2612
-3751
-4876
-6842
-7542
-8719
-9085
-9584
-9757
-9398
-8925
-8846
-8439
-7921
-7317
-6502
-6460
-6269
-6278
-6385
-6700
-6998
-6926
-6644
-6815
-6744
-6543
-5862
-5196
-4747
-3776
-3036
-2316
-1851
-1568
-1103
-662
-944
-1075
-1498
-1505
-1457
-1408
-809
36
906
1728
2935
4206
5891
7081
8336
9250
10189
10706
11262
11668
12175
11909
11529
11114
10530
10501
9506
9485
8997
8669
7811
7275
6294
6345
5382
4473
3502
2046
829
-862
-2278
-3653
-4602
-6311
-7216
-8314
-8902
-9158
-9344
-9078
-8595
-8384
-8023
-7612
-7245
-6602
-6396
-6344
-6458
-6597
-6777
-7012
-7091
-6779
-6710
-6504
-6386
-5926
-5236
-4750
-3821
-3165
-2528
-2068
-1772
-1474
-1043
-1137
-1163
-1425
-1644
-1484
-1458
-948
-142
839
1771
3023
4273
5841
7055
8339
9391
10329
11005
11696
12258
12816
12304
12307
11817
11271
11068
10053
9976
9318
8614
7729
7157
5973
5979
4721
4060
3045
1787
532
-825
-2121
-3372
-4389
-6167
-6865
-8128
-8849
-9296
-9523
-9381
-9041
-8915
-8379
-7954
-7547
-6706
-6399
-6027
-6097
-5993
-6027
-6258
-6390
-6252
-6396
-6355
-6272
-5851
-5222
-4792
-3870
-3041
-2474
-1981
-1435
-1187
-553
-778
-764
-1167
-1602
-1724
-1822
-1654
-1015
-196
526
1822
2858
4600
5927
7292
8616
9700
10568
11228
11782
11977
11386
11294
10566
10170
9596
8931
8790
8272
7593
7298
6729
6179
6124
5160
4810
3635
2657
1178
-31
-1597
-2789
-4278
-5857
-6625
-7740
-8388
-8790
-8760
-8459
-8151
-7980
-7275
-6884
-6365
-5891
-5534
-5360
-5609
-5679
-5968
-6320
-6489
-6489
-6651
-6593
-6427
-5862
-5270
-4711
-3741
-2959
-2469
-1982
-1622
-1344
-984
-1149
-1134
-1482
-1766
-1822
-1926
-1655
-931
-209
763
1977
3366
4937
6316
7683
9065
9936
10789
11355
11852
11317
11150
10920
10400
10135
9240
9017
8532
7706
7177
6845
6220
6241
5610
5349
4843
3964
3074
1970
814
-551
-1885
-3660
-4859
-5995
-7074
-7788
-8235
-8179
-8120
-8202
-7742
-7170
-6811
-6226
-5889
-5499
-5542
-5815
-6015
-6501
-6920
-7131
-7399
-7689
-7626
-7432
-6904
-6414
-5621
-4574
-3800
-3139
-2424
-1889
-1440
-1188
-1130
-1140
-1433
-1583
-1713
-1725
-1345
-773
-103
892
2155
3746
5174
6611
8102
9360
10449
11079
11831
11588
11362
11117
10453
10054
9186
8643
8102
7191
6424
6203
5604
5545
5209
4994
4767
4040
3345
2448
1589
283
-814
-2471
-3841
-4983
-6220
-6998
-7686
-7904
-7929
-8024
-7771
-7106
-6661
-6087
-5489
-5111
-4959
-5222
-5324
-5616
-6105
-6573
-6918
-7384
-7655
-7727
-7516
-7043
-6589
-5774
-5111
-4422
-3695
-2937
-2226
-1682
-1307
-1101
-1157
-1237
-1254
-1357
-1211
-1053
-577
50
1081
2352
3942
5557
7144
8656
10054
11171
12283
12383
12218
12276
11388
10947
9653
8972
8382
7172
6146
5531
4978
4791
4453
4261
4558
4289
3891
3218
2749
1868
934
-706
-2006
-3090
-4561
-5668
-6706
-7044
-7191
-7542
-7454
-6808
-6228
-5543
-5031
-4392
-3960
-4052
-4277
-4669
-5107
-5746
-6435
-7321
-7837
-8229
-8448
-8469
-8269
-7499
-7017
-6506
-5737
-4948
-4027
-3406
-2898
-2305
-2182
-2103
-2181
-2263
-2086
-2000
-1846
-1408
-464
736
2216
3817
5780
7766
9504
10876
12259
12850
12953
13012
12365
12074
11000
10020
9212
7961
6900
6031
5280
4976
4769
4514
4561
4346
4116
3768
3279
2515
1734
475
-890
-2042
-3465
-4515
-5653
-6378
-6798
-7300
-7285
-6992
-6473
-5829
-5161
-4418
-3920
-3755
-3604
-3746
-4165
-4639
-5321
-6105
-6934
-7679
-8126
-8418
-8458
-8122
-7699
-7288
-6571
-5862
-4985
-4244
-3622
-2875
-2635
-2347
-2259
-2304
-2234
-2268
-2126
-1912
-1298
-402
903
2385
4266
6294
8307
10048
11696
12517
12929
13376
13009
12836
11802
10856
9961
8567
7334
6299
5440
4997
4569
4271
4328
4271
4173
3998
3686
3130
2401
1113
-105
-1169
-2563
-3754
-4989
-5891
-6441
-7247
-7477
-7317
-6969
-6352
-5766
-4940
-4261
-3879
-3677
-3582
-3805
-4148
-4720
-5633
-6290
-7024
-7628
-8079
-8408
-8197
-7973
-7812
-7169
-6541
-5609
-4807
-4185
-3329
-2884
-2419
-2143
-2088
-1946
-1894
-1946
-1688
-1298
-430
621
1873
3660
5476
7507
9228
10900
11870
12612
13100
12926
12890
12113
11365
10417
8911
7807
6714
5805
5212
4597
4315
4173
3902
3907
3826
3687
3282
2636
1654
615
-481
-1782
-2953
-4161
-5078
-5899
-6755
-7065
-7013
-6818
-6364
-5865
-5059
-4511
-4152
-3788
-3592
-3573
-3831
-4423
-5178
-5979
-6766
-7500
-8139
-8473
-8531
-8605
-8488
-7942
-7282
-6498
-5844
-5166
-4295
-3792
-3183
-2723
-2266
-1899
-1836
-1849
-1733
-1364
-712
241
1422
3112
4784
6663
8289
10187
11287
12118
12856
12954
13123
12497
11808
11179
9842
8622
7373
6179
5543
4603
4195
3841
3716
3578
3467
3236
3009
2601
1768
829
-147
-1241
-2397
-3617
-4634
-5327
-6337
-6810
-6995
-6790
-6299
-5871
-5108
-4449
-3873
-3418
-3146
-2999
-2969
-3354
-4101
-4843
-5677
-6369
-7160
-7770
-7922
-8103
-8155
-7868
-7374
-6493
-5827
-5261
-4428
-3904
-3285
-2817
-2504
-2037
-1921
-1891
-1877
-1665
-1006
-247
769
2220
3897
5727
7329
8987
10053
11057
11786
12017
12249
11920
11557
10965
9633
8707
7608
6545
5827
4930
4553
4112
3706
3491
3540
3377
3176
2769
2078
1342
382
-788
-1717
-2776
-3642
-4526
-5509
-6039
-6313
-6401
-6068
-5699
-5001
-4456
-3996
-3465
-3084
-2792
-2739
-2964
-3475
-4179
-4995
-5770
-6547
-7177
-7504
-7940
-8124
-7936
-7632
-6957
-6378
-5679
-4785
-4248
-3604
-2997
-2618
-2158
-2079
-2164
-2173
-2096
-1626
-940
-42
1365
2977
4651
6340
7926
8893
10051
10715
11222
11582
11347
11157
10652
9433
8636
7480
6564
5848
4957
4583
4212
3884
3698
3708
3524
3436
3001
2380
1770
869
-174
-1129
-2244
-3077
-4023
-5066
-5558
-5984
-6122
-5939
-5660
-4996
-4482
-4046
-3471
-3097
-2909
-2733
-3118
-3550
-4181
-4953
-5554
-6413
-6952
-7267
-7799
-7848
-7779
-7421
-6702
-6198
-5409
-4572
-3908
-3100
-2478
-2005
-1462
-1402
-1462
-1499
-1401
-978
-424
391
1713
3218
4673
6313
7641
8607
9678
10331
10884
11115
10929
10849
10222
9076
8318
7178
6485
5696
4952
4589
4198
3828
3764
3766
3673
3593
3046
2459
1906
1057
84
-810
-1834
-2559
-3622
-4643
-5149
-5505
-5607
-5539
-5315
-4763
-4431
-4058
-3606
-3151
-2922
-2811
-3160
-3642
-4215
-4973
-5666
-6493
-7073
-7391
-8014
-8183
-8121
-7775
-7112
-6672
-5802
-4915
-4250
-3385
-2722
-2098
-1529
-1386
-1336
-1330
-1170
-739
-253
459
1719
3120
4514
5920
7304
8269
9359
9938
10524
10818
10735
10650
10067
9043
8312
7177
6393
5558
4834
4538
4115
3847
3742
3719
3599
3491
3123
2676
2078
1230
316
-556
-1548
-2319
-3289
-4209
-4791
-5204
-5347
-5237
-5011
-4464
-4152
-3790
-3399
-3062
-2882
-2823
-3117
-3503
-4085
-4770
-5411
-6168
-6770
-7199
-7734
-7963
-7986
-7733
-7163
-6650
-5870
-5065
-4296
-3437
-2720
-2099
-1486
-1210
-1076
-975
-822
-402
103
848
1905
3231
4494
5901
7129
8104
9193
9836
10476
10791
10710
10683
10106
9103
8451
7352
6649
5785
5020
4570
4156
3785
3647
3619
3556
3497
3126
2623
2236
1464
610
-265
-1262
-2011
-3074
-4067
-4601
-4970
-5169
-5141
-4994
-4484
-4149
-3872
-3487
-3130
-2923
-2825
-3166
-3518
-4082
-4795
-5400
-6215
-6756
-7157
-7830
-8043
-8177
-7847
-7310
-6892
-6052
-5261
-4499
-3612
-2912
-2162
-1509
-1184
-996
-929
-697
-313
188
836
1928
3108
4377
5704
6929
7881
8957
9590
10271
10600
10612
10479
9896
8908
8195
7091
6307
5434
4632
4261
3792
3475
3305
3334
3258
3223
2848
2501
2056
1349
519
-253
-1140
-1841
-2847
-3738
-4354
-4734
-4955
-4959
-4782
-4315
-3988
-3652
-3269
-2864
-2572
-2484
-2722
-3147
-3681
-4332
-5030
-5732
-6322
-6812
-7415
-7822
-7850
-7631
-7155
-6661
-5921
-5127
-4404
-3552
-2728
-1998
-1312
-1034
-940
-920
-854
-507
-77
585
1620
2834
4121
5495
6825
7828
8832
9560
10146
10492
10425
10332
10047
9011
8311
7259
6402
5682
4745
4330
3892
3498
3264
3285
3157
3202
2951
2571
2156
1507
708
-80
-1013
-1650
-2523
-3486
-4159
-4567
-4892
-4972
-4865
-4452
-4044
-3789
-3409
-3078
-2803
-2640
-2839
-3188
-3693
-4323
-4917
-5720
-6298
-6793
-7370
-7736
-7959
-7770
-7319
-6921
-6244
-5490
-4723
-3831
-3024
-2190
-1417
-1005
-775
-789
-726
-406
107
674
1707
2840
4250
5588
6986
8024
8954
9730
10318
10681
10760
10663
10449
9711
8719
7954
6727
6028
5013
4423
3901
3434
3009
2952
2754
2680
2427
2004
1582
1061
283
-459
-1226
-1941
-2604
-3541
-4262
-4647
-4965
-5092
-4971
-4731
-4260
-3984
-3615
-3191
-2837
-2565
-2527
-2817
-3169
-3761
-4282
-5095
-5745
-6290
-6866
-7281
-7624
-7536
-7171
-6845
-6264
-5615
-4879
-4102
-3329
-2562
-1772
-1242
-863
-809
-627
-395
-4
417
1182
2313
3615
5039
6491
7825
8711
9653
10214
10676
10865
10831
10537
10143
9025
8340
7196
6304
5416
4555
3947
3365
2826
2532
2375
2171
2098
1695
1227
684
91
-737
-1394
-2225
-2845
-3607
-4411
-4910
-5185
-5442
-5288
-5160
-4715
-4289
-3963
-3470
-3038
-2704
-2416
-2572
-2894
-3343
-3864
-4508
-5250
-5878
-6370
-6869
-7332
-7434
-7233
-6881
-6411
-5855
-5164
-4390
-3684
-2892
-2214
-1565
-1123
-1007
-951
-709
-387
162
786
1847
3108
4433
5873
7220
8138
9137
9816
10404
10774
10809
10758
10403
9537
8708
7804
6750
6063
5069
4398
3814
3200
2728
2555
2250
2145
1747
1187
679
99
-655
-1282
-2033
-2681
-3342
-4189
-4744
-5092
-5313
-5249
-5135
-4845
-4456
-4109
-3673
-3281
-2918
-2605
-2572
-2897
-3183
-3647
-4135
-4845
-5484
-6006
-6530
-7048
-7233
-7205
-6900
-6495
-6095
-5489
-4866
-4165
-3415
-2708
-2012
-1435
-1191
-1048
-819
-484
26
556
1406
2630
3929
5337
6729
7803
8788
9630
10200
10641
10760
10727
10581
9849
8924
8178
7046
6334
5320
4507
3865
3230
2587
2295
1980
1754
1508
932
427
-67
-819
-1490
-2200
-2902
-3369
-4168
-4816
-5189
-5360
-5388
-5227
-5045
-4537
-4146
-3724
-3297
-2868
-2518
-2326
-2545
-2829
-3201
-3693
-4280
-5036
-5575
-6099
-6644
-7020
-7047
-6782
-6429
-6059
-5578
-4946
-4283
-3551
-2874
-2254
-1603
-1239
-1098
-893
-575
-107
413
1132
2241
3617
4960
6401
7519
8595
9537
10154
10579
10848
10882
10822
10222
9290
8596
7535
6737
5718
4871
4211
3578
2871
2423
2065
1728
1405
825
214
-282
-1043
-1775
-2464
-3189
-3699
-4434
-5106
-5460
-5624
-5659
-5522
-5318
-4889
-4435
-4011
-3557
-3053
-2685
-2438
-2558
-2765
-3088
-3471
-4046
-4696
-5243
-5771
-6279
-6602
-6681
-6417
-6140
-5784
-5299
-4766
-4076
-3426
-2719
-2060
-1509
-1071
-938
-789
-582
-253
292
876
1936
3178
4466
5907
7135
8103
9146
9746
10344
10613
10684
10670
10343
9464
8742
7776
6859
6012
5000
4314
3673
2978
2369
2063
1594
1348
749
117
-374
-1001
-1751
-2422
-3277
-3762
-4440
-5229
-5712
-5922
-6020
-5962
-5858
-5459
-4989
-4630
-4151
-3659
-3173
-2872
-2875
-2991
-3200
-3596
-4017
-4691
-5178
-5657
-6151
-6501
-6634
-6463
-6121
-5874
-5397
-4884
-4262
-3583
-2904
-2200
-1594
-1185
-975
-802
-576
-236
248
861
1750
2913
4209
5582
6828
7767
8780
9489
10012
10399
10553
10538
10340
9580
8804
8041
7080
6375
5371
4635
4001
3369
2677
2351
1932
1615
1118
422
-122
-668
-1486
-2158
-2933
-3559
-4113
-4916
-5452
-5712
-5869
-5837
-5731
-5473
-4955
-4604
-4148
-3690
-3252
-2909
-2866
-3036
-3153
-3551
-3957
-4585
-5114
-5511
-5997
-6366
-6504
-6478
-6166
-5944
-5570
-5046
-4489
-3770
-3051
-2365
-1720
-1265
-1017
-854
-722
-447
85
672
1536
2718
3984
5370
6698
7647
8626
9407
9950
10435
10523
10612
10453
9780
8904
8195
7162
6510
5460
4671
4020
3381
2734
2356
1982
1718
1294
577
24
-555
-1297
-2065
-2838
-3572
-4094
-4993
-5644
-6013
-6161
-6185
-6087
-5866
-5316
-4955
-4501
-4040
-3529
-3072
-2912
-3039
-3146
-3464
-3840
-4399
-4939
-5280
-5714
-6121
-6296
-6258
-5935
-5624
-5298
-4766
-4185
-3562
-2939
-2309
-1726
-1161
-829
-601
-361
-33
400
923
1560
2570
3720
4942
6199
7341
8177
9123
9661
10191
10423
10407
10284
9803
8833
8172
7211
6371
5574
4626
4022
3328
2675
2133
1787
1341
1083
493
-99
-651
-1279
-2069
-2731
-3523
-4005
-4701
-5389
-5759
-5934
-6025
-5916
-5745
-5305
-4848
-4494
-4027
-3578
-3190
-2876
-2860
-2979
-3177
-3554
-3957
-4505
-4953
-5300
-5719
-6009
-6064
-5988
-5664
-5448
-5011
-4463
-3879
-3248
-2545
-1971
-1345
-876
-560
-287
20
360
876
1339
2175
3251
4376
5628
6878
7760
8761
9420
9923
10406
10361
10362
10052
9285
8496
7740
6710
6052
4998
4299
3629
2961
2307
2002
1534
1285
845
195
-280
-842
-1540
-2161
-2935
-3586
-4125
-5001
-5457
-5760
-5914
-5925
-5847
-5602
-5095
-4772
-4271
-3813
-3392
-2999
-2852
-2943
-3008
-3335
-3641
-4150
-4724
-5099
-5523
-5892
-5992
-6012
-5774
-5499
-5225
-4659
-4124
-3485
-2783
-2168
-1539
-919
-532
-209
55
391
835
1255
1906
2866
4023
5141
6486
7438
8424
9282
9812
10364
10579
10588
10469
9863
8983
8398
7318
6648
5625
4805
4078
3396
2686
2303
1918
1565
1274
703
174
-295
-965
-1622
-2324
-3101
-3582
-4413
-5058
-5469
-5712
-5884
-5881
-5811
-5419
-5099
-4730
-4258
-3843
-3478
-3165
-3182
-3248
-3533
-3832
-4236
-4808
-5236
-5607
-6008
-6260
-6338
-6200
-5953
-5709
-5256
-4723
-4081
-3369
-2595
-1920
-1253
-712
-287
64
393
828
1258
1738
2566
3554
4752
5926
7167
8050
9029
9697
10276
10648
10765
10641
10445
9606
8930
8101
7114
6397
5231
4558
3793
3110
2512
2153
1699
1457
977
445
-77
-547
-1263
-1800
-2636
-3219
-3825
-4664
-5191
-5548
-5804
-5890
-5931
-5777
-5374
-5118
-4642
-4218
-3800
-3442
-3239
-3314
-3378
-3667
-3864
-4314
-4820
-5207
-5580
-5949
-6132
-6155
-5955
-5679
-5396
-4851
-4299
-3629
-2816
-2115
-1411
-694
-170
318
674
1039
1492
1812
2319
3148
4214
5387
6593
7806
8620
9590
10125
10647
10926
10977
10892
10601
9671
9086
8048
7106
6217
5132
4471
3588
2864
2300
1908
1474
1207
703
255
-247
-754
-1430
-2005
-2808
-3303
-4025
-4803
-5274
-5671
-5896
-5929
-5983
-5676
-5367
-5094
-4592
-4175
-3759
-3342
-3203
-3215
-3314
-3610
-3796
-4294
-4751
-5055
-5457
-5818
-5922
-5981
-5686
-5469
-5117
-4554
-4032
-3376
-2583
-1945
-1148
-484
90
515
792
1207
1600
1913
2452
3277
4254
5323
6425
7710
8538
9459
10031
10584
10824
10916
10723
10421
9585
8838
7900
6883
6000
4940
4282
3325
2706
2101
1716
1280
987
618
252
-264
-689
-1364
-1936
-2662
-3244
-3945
-4708
-5231
-5698
-5959
-6119
-6101
-5855
-5560
-5256
-4737
-4381
-3951
-3575
-3335
-3331
-3479
-3716
-3929
-4385
-4791
-5101
-5406
-5719
-5861
-5852
-5610
-5362
-4959
-4455
-3894
-3239
-2472
-1718
-964
-237
395
901
1229
1663
2058
2414
2920
3590
4437
5458
6405
7664
8634
9406
10219
10644
11027
11082
10970
10648
10068
9056
8322
7081
6149
5221
4356
3494
2743
2131
1651
1298
822
700
316
-157
-649
-1196
-1811
-2414
-3221
-3764
-4522
-5146
-5681
-6055
-6293
-6281
-6210
-5981
-5686
-5281
-4868
-4479
-4156
-3797
-3718
-3848
-3992
-4269
-4482
-4940
-5199
-5435
-5688
-5892
-5844
-5719
-5356
-5014
-4499
-3952
-3379
-2690
-1926
-1223
-477
207
722
1181
1571
2086
2532
2991
3573
4321
5140
6153
7168
8384
9252
9969
10604
10863
11037
10896
10574
10143
9403
8424
7538
6357
5551
4606
3784
2935
2273
1707
1207
801
489
321
-154
-720
-1241
-1860
-2570
-3256
-3955
-4424
-5098
-5708
-6124
-6382
-6463
-6394
-6279
-5958
-5651
-5266
-4967
-4648
-4345
-4060
-4098
-4214
-4400
-4595
-4806
-5106
-5263
-5368
-5492
-5529
-5417
-5111
-4673
-4229
-3718
-3211
-2656
-2064
-1372
-811
-157
420
986
1415
1991
2589
3164
3704
4306
5058
5853
6717
7696
8665
9528
10097
10507
10756
10783
10673
10323
9813
9179
8250
7328
6389
5394
4725
3861
3166
2484
1891
1387
960
570
229
-213
-795
-1446
-2044
-2737
-3357
-3970
-4536
-5026
-5608
-5992
-6275
-6394
-6341
-6226
-6070
-5846
-5640
-5381
-5206
-5007
-4815
-4733
-4820
-4938
-5019
-5078
-5168
-5272
-5248
-5166
-5079
-4867
-4572
-4138
-3646
-3258
-2776
-2265
-1777
-1178
-675
-108
526
1100
1694
2224
2879
3602
4260
4884
5595
6357
7130
7850
8618
9317
9973
10203
10330
10338
10146
9821
9259
8668
8026
7221
6274
5508
4596
4109
3301
2715
2121
1570
1030
495
-16
-462
-1022
-1722
-2402
-3009
-3653
-4267
-4792
-5273
-5555
-5969
-6222
-6403
-6420
-6373
-6292
-6231
-6077
-5988
-5860
-5804
-5692
-5593
-5471
-5499
-5462
-5462
-5322
-5303
-5158
-4932
-4631
-4314
-4045
-3674
-3206
-2774
-2334
-1898
-1547
-1008
-617
-115
354
971
1564
2220
2830
3573
4372
5151
5844
6548
7161
7738
8231
8693
9142
9352
9556
9353
9236
8946
8611
8173
7682
7052
6570
5763
5084
4475
3832
3428
2682
2111
1337
702
-102
-720
-1409
-2014
-2666
-3420
-4074
-4566
-5057
-5377
-5733
-5919
-6082
-6402
-6555
-6678
-6689
-6672
-6743
-6797
-6777
-6813
-6750
-6650
-6452
-6213
-5956
-5798
-5560
-5292
-4872
-4476
-4113
-3686
-3281
-2951
-2612
-2273
-1824
-1425
-1109
-719
-346
89
551
1061
1663
2340
3032
3743
4436
5198
5908
6526
7040
7453
7849
8076
8238
8313
8441
8359
8337
8072
7857
7626
7289
6990
6596
6191
5807
5239
4554
4047
3273
2753
1826
1069
186
-565
-1466
-2160
-2832
-3372
-3902
-4497
-4913
-5220
-5491
-5733
-5940
-6143
-6284
-6636
-6861
-7117
-7209
-7342
-7469
-7565
-7494
-7441
-7284
-7078
-6707
-6299
-5850
-5489
-4987
-4534
-3981
-3505
-3070
-2601
-2186
-1917
-1652
-1359
-961
-546
-292
112
569
1043
1549
2145
2784
3508
4048
4652
5201
5719
6186
6592
6826
7058
7131
7123
7061
7019
7045
7081
6948
6934
6844
6703
6592
6423
6313
5996
5531
5062
4383
3623
2906
2043
1354
416
-410
-1294
-2065
-2804
-3319
-3825
-4303
-4664
-5062
-5406
-5633
-5956
-6157
-6433
-6792
-7016
-7384
-7650
-7826
-7912
-7972
-7986
-7948
-7700
-7446
-7037
-6536
-5968
-5402
-4744
-4183
-3568
-3055
-2552
-2052
-1666
-1306
-905
-581
-232
186
621
1114
1492
1992
2516
3011
3494
3978
4410
4825
5142
5426
5720
5889
5992
6117
6135
6147
6165
6126
6187
6177
6247
6309
6317
6355
6392
6252
6078
5795
5428
4941
4340
3723
3011
2199
1383
637
-163
-898
-1658
-2316
-2947
-3520
-4099
-4517
-5017
-5422
-5839
-6261
-6611
-6960
-7297
-7569
-7862
-8040
-8144
-8284
-8276
-8179
-7994
-7719
-7384
-6966
-6443
-5927
-5348
-4768
-4161
-3594
-3006
-2512
-1995
-1505
-1003
-538
-85
391
888
1331
1815
2292
2761
3142
3495
3843
4118
4262
4394
4490
4527
4562
4576
4632
4687
4740
4838
4921
5019
5169
5328
5462
5586
5686
5764
5715
5597
5440
5134
4767
4271
3816
3233
2705
2103
1544
940
382
-274
-848
-1546
-2122
-2721
-3351
-3970
-4568
-5111
-5672
-6207
-6693
-7043
-7428
-7724
-7940
-8038
-8119
-8065
-8002
-7770
-7595
-7269
-6920
-6526
-6070
-5574
-5076
-4577
-4067
-3510
-2989
-2455
-1887
-1264
-695
-131
473
1029
1603
2119
2615
3048
3428
3708
3943
4068
4200
4196
4187
4123
4048
3983
3938
3907
3958
4037
4167
4297
4478
4652
4832
4969
5077
5151
5131
5035
4880
4688
4426
4144
3795
3444
3029
2619
2199
1803
1377
940
437
-106
-698
-1298
-1935
-2573
-3230
-3906
-4570
-5219
-5795
-6319
-6734
-7068
-7326
-7504
-7656
-7672
-7627
-7483
-7245
-6973
-6658
-6359
-6041
-5699
-5323
-4901
-4452
-3985
-3495
-3022
-2467
-1949
-1344
-747
-111
510
1074
1614
2110
2566
2971
3294
3526
3685
3758
3799
3768
3762
3713
3680
3601
3597
3583
3621
3746
3875
4038
4176
4292
4413
4515
4611
4664
4655
4576
4386
4175
3929
3686
3409
3141
2863
2578
2239
1859
1483
1100
651
210
-299
-838
-1443
-2056
-2667
-3283
-3877
-4452
-4978
-5462
-5835
-6201
-6466
-6668
-6748
-6756
-6711
-6590
-6397
-6165
-5908
-5622
-5324
-4985
-4656
-4282
-3883
-3474
-3073
-2616
-2115
-1599
-1053
-539
-3
526
1017
1488
1889
2224
2542
2759
2913
3055
3148
3220
3282
3329
3411
3460
3498
3594
3689
3812
3920
4046
4191
4332
4413
4468
4517
4547
4508
4415
4306
4186
4003
3795
3575
3317
3064
2734
2439
2098
1731
1344
876
391
-82
-608
-1171
-1724
-2285
-2797
-3362
-3857
-4313
-4702
-5071
-5404
-5661
-5845
-5963
-6075
-6069
-6011
-5904
-5780
-5627
-5413
-5124
-4839
-4503
-4122
-3721
-3290
-2862
-2422
-1934
-1427
-949
-471
-13
431
834
1184
1510
1781
2031
2250
2427
2583
2718
2823
2930
3060
3189
3311
3395
3503
3608
3674
3744
3813
3878
3923
3933
3924
3919
3881
3839
3781
3714
3655
3540
3386
3205
3036
2809
2567
2245
1936
1550
1153
707
259
-207
-657
-1117
-1573
-1986
-2427
-2787
-3132
-3415
-3690
-3905
-4093
-4232
-4373
-4438
-4509
-4557
-4590
-4539
-4478
-4400
-4281
-4128
-3909
-3673
-3382
-3059
-2717
-2345
-1957
-1562
-1166
-790
-394
-56
254
511
726
904
1051
1167
1312
1420
1550
1689
1830
1970
2133
2278
2455
2642
2794
2945
3052
3158
3260
3310
3357
3390
3365
3358
3334
3288
3232
3170
3089
3049
2948
2833
2672
2508
2301
2046
1758
1450
1094
710
322
-99
-495
-906
-1270
-1630
-1919
-2243
-2482
-2690
-2810
-2952
-3055
-3138
-3169
-3218
-3271
-3264
-3252
-3218
-3176
-3108
-3024
-2893
-2789
-2631
-2460
-2229
-1976
-1731
-1454
-1159
-852
-576
-334
-92
115
288
410
521
581
661
689
744
798
886
990
1098
1243
1409
1554
1707
1863
2006
2156
2254
2353
2444
2477
2502
2540
2528
2518
2486
2452
2410
2380
2315
2262
2181
2077
1953
1801
1596
1368
1101
805
518
190
-107
-435
-747
-996
-1244
-1441
-1621
-1745
-1834
-1914
-1961
-1966
-1995
-2003
-2003
-2008
-2011
-1997
-1990
-1996
-1934
-1897
-1828
-1714
-1580
-1422
-1268
-1094
-861
-631
-387
-150
66
251
399
516
595
644
705
717
705
676
650
669
680
688
737
813
895
976
1082
1179
1272
1346
1448
1512
1545
1578
1557
1554
1520
1493
1427
1371
1306
1270
1217
1154
1102
1038
965
857
726
586
440
284
137
-43
-219
-384
-545
-703
-832
-944
-1024
-1104
-1149
-1170
-1194
-1237
-1257
-1248
-1230
-1225
-1212
-1198
-1174
-1141
-1096
-1048
-980
-884
-799
-745
-688
-605
-515
-417
-324
-211
-110
-6
98
218
349
426
496
575
639
725
823
875
941
1011
1034
1054
1077
1129
1132
1144
1125
1118
1118
1102
1093
1078
1090
1056
1002
919
843
784
715
618
516
413
290
144
7
-145
-317
-474
-635
-775
-904
-1009
-1084
-1134
-1167
-1162
-1133
-1104
-1043
-963
-913
-861
-822
-791
-763
-771
-791
-793
-809
-816
-823
-811
-772
-746
-685
-627
-557
-481
-420
-356
-267
-183
-113
-65
-26
28
89
148
211
271
333
390
475
587
697
816
925
1056
1142
1240
1335
1409
1464
1515
1541
1543
1538
1505
1448
1403
1349
1269
1190
1070
959
814
702
565
434
292
141
10
-140
-308
-497
-651
-822
-947
-1075
-1171
-1277
-1361
-1398
-1404
-1374
-1333
-1259
-1195
-1099
-1019
-932
-863
-782
-742
-723
-713
-693
-666
-659
-645
-649
-648
-638
-597
-576
-527
-485
-437
-386
-325
-266
-197
-129
-54
9
62
151
229
316
427
506
616
726
810
931
1045
1154
1241
1332
1398
1434
1471
1499
1504
1502
1488
1437
1341
1240
1126
1012
862
700
526
347
172
-26
-197
-347
-523
-663
-790
-914
-1007
-1096
-1156
-1212
-1239
-1257
-1256
-1237
-1188
-1119
-1048
-967
-872
-778
-651
-556
-472
-380
-288
-210
-152
-91
-58
-18
-16
-23
-46
-62
-103
-160
-201
-251
-281
-323
-352
-341
-319
-285
-244
-182
-94
-22
49
163
277
392
505
617
753
863
970
1057
1142
1201
1227
1253
1271
1296
1298
1270
1235
1151
1071
948
799
650
489
325
110
-98
-290
-486
-674
-841
-1005
-1159
-1259
-1345
-1395
-1417
-1437
-1402
-1365
-1304
-1199
-1100
-1002
-857
-708
-577
-445
-322
-195
-52
89
235
375
489
591
705
777
806
824
806
763
694
597
480
373
262
140
16
-84
-178
-272
-345
-384
-386
-390
-374
-331
-261
-186
-123
-37
74
180
267
348
455
550
625
684
738
771
785
781
771
764
731
681
600
515
408
244
66
-132
-336
-515
-718
-898
-1038
-1162
-1279
-1380
-1432
-1462
-1476
-1458
-1406
-1327
-1235
-1122
-1017
-902
-771
-629
-464
-308
-138
13
165
331
495
648
774
874
968
1042
1067
1087
1061
1026
966
860
748
605
456
316
185
32
-88
-208
-301
-360
-411
-469
-490
-483
-453
-411
-350
-257
-172
-89
-10
71
170
266
350
432
523
603
652
713
750
736
692
624
539
432
295
151
-19
-156
-309
-473
-628
-792
-918
-1057
-1159
-1221
-1277
-1328
-1343
-1322
-1304
-1258
-1198
-1105
-984
-857
-722
-580
-428
-246
-84
92
298
455
608
768
897
1007
1110
1186
1250
1261
1239
1173
1072
972
838
677
531
379
214
69
-72
-184
-286
-382
-461
-509
-540
-577
-574
-562
-533
-503
-477
-414
-341
-264
-189
-103
-27
49
138
224
309
377
431
445
441
413
366
278
151
36
-96
-251
-393
-521
-643
-737
-832
-910
-954
-991
-988
-987
-981
-973
-939
-894
-853
-776
-713
-623
-516
-389
-236
-93
46
211
390
558
742
900
1040
1153
1238
1305
1340
1334
1288
1226
1136
1017
885
728
541
360
181
5
-149
-306
-442
-558
-660
-734
-779
-828
-866
-865
-877
-865
-847
-819
-777
-730
-661
-581
-487
-378
-270
-165
-86
-17
59
118
138
149
133
110
68
20
-38
-121
-206
-281
-338
-400
-453
-511
-559
-592
-614
-632
-627
-615
-583
-541
-516
-467
-400
-312
-214
-120
-11
126
272
411
578
732
866
1009
1123
1207
1283
1335
1359
1361
1324
1277
1202
1106
989
857
721
557
389
224
45
-127
-281
-409
-543
-648
-726
-814
-861
-891
-930
-942
-945
-949
-940
-911
-884
-842
-790
-728
-660
-585
-513
-475
-431
-380
-343
-311
-280
-268
-275
-279
-289
-301
-322
-341
-365
-388
-412
-423
-410
-408
-400
-394
-396
-375
-358
-336
-281
-240
-188
-102
-10
78
174
282
410
553
665
778
901
1014
1094
1159
1225
1251
1276
1269
1256
1207
1144
1082
979
867
765
656
528
384
229
91
-71
-228
-355
-475
-605
-710
-802
-891
-972
-1013
-1027
-1036
-1026
-1003
-982
-953
-899
-851
-814
-770
-746
-715
-672
-665
-659
-635
-617
-627
-626
-612
-603
-589
-552
-523
-484
-442
-398
-363
-342
-293
-259
-225
-217
-210
-189
-167
-130
-96
-23
66
148
236
341
457
557
674
796
907
1006
1092
1159
1206
1226
1231
1208
1170
1155
1087
1035
957
876
785
663
564
453
337
226
124
10
-104
-220
-340
-476
-579
-679
-766
-844
-904
-933
-965
-976
-988
-973
-955
-930
-917
-907
-903
-906
-900
-908
-899
-894
-881
-856
-837
-817
-780
-734
-664
-617
-552
-475
-404
-343
-305
-264
-227
-184
-151
-112
-81
-63
-33
-5
33
91
150
222
298
378
449
505
570
637
732
807
846
880
903
913
897
874
851
800
746
696
616
557
474
401
332
232
145
48
-37
-136
-253
-357
-442
-529
-606
-669
-729
-772
-825
-835
-850
-860
-835
-806
-761
-717
-698
-677
-654
-639
-638
-645
-620
-623
-612
-595
-568
-541
-524
-459
-387
-327
-250
-166
-101
-26
40
81
132
160
184
210
230
260
282
300
322
336
362
394
440
481
538
573
611
654
677
699
705
702
674
641
619
569
501
439
366
311
261
192
107
44
-8
-80
-168
-252
-339
-423
-502
-561
-613
-689
-755
-799
-806
-823
-830
-825
-801
-777
-776
-748
-714
-687
-658
-652
-651
-638
-607
-570
-539
-490
-440
-384
-338
-281
-202
-139
-88
-40
25
83
128
170
204
220
247
279
312
354
411
444
460
470
488
545
576
588
605
605
601
594
599
602
584
584
574
568
564
535
501
466
433
378
313
252
194
115
27
-77
-181
-260
-347
-447
-543
-636
-717
-775
-817
-866
-876
-910
-923
-911
-902
-879
-878
-852
-827
-816
-776
-725
-703
-661
-631
-577
-516
-461
-391
-327
-254
-171
-97
-39
15
90
172
227
274
329
372
425
472
513
554
587
605
613
636
634
624
600
580
555
533
513
513
502
486
487
475
459
440
431
407
386
326
273
219
165
119
59
5
-56
-98
-176
-253
-301
-362
-438
-497
-561
-648
-717
-779
-820
-882
-944
-997
-1033
-1034
-1032
-1029
-1021
-990
-958
-906
-843
-808
-763
-709
-647
-586
-552
-490
-427
-367
-277
-192
-110
-17
73
172
259
373
485
578
649
708
750
815
858
866
873
875
868
851
841
834
794
760
716
681
662
629
614
574
525
458
389
356
332
294
257
202
154
89
54
9
-50
-87
-130
-162
-213
-253
-297
-373
-423
-473
-536
-601
-664
-715
-758
-811
-843
-863
-885
-886
-893
-903
-885
-856
-820
-775
-742
-711
-656
-600
-550
-483
-423
-365
-280
-194
-102
-17
68
163
275
381
474
564
641
712
788
851
907
949
994
1024
1043
1043
1053
1067
1061
1044
993
935
861
794
737
658
590
499
416
344
259
188
127
57
23
6
-34
-87
-119
-167
-198
-213
-253
-291
-343
-402
-452
-507
-559
-634
-702
-746
-815
-869
-900
-924
-942
-947
-948
-943
-935
-927
-940
-933
-903
-874
-840
-799
-767
-728
-672
-595
-507
-418
-322
-213
-111
5
118
229
350
442
535
644
713
768
852
922
975
1020
1070
1117
1151
1172
1192
1184
1153
1138
1089
1037
981
930
862
764
672
580
481
377
318
227
131
53
-23
-87
-143
-203
-273
-327
-389
-433
-486
-527
-571
-620
-658
-720
-785
-845
-890
-915
-961
-992
-1016
-1036
-1048
-1048
-1051
-1077
-1075
-1074
-1047
-1031
-1009
-976
-951
-905
-849
-786
-728
-661
-573
-467
-374
-293
-203
-92
20
142
235
336
435
551
662
767
842
893
958
1021
1088
1158
1188
1191
1217
1218
1211
1176
1119
1066
1006
948
869
805
720
633
547
461
371
270
199
128
50
-5
-61
-135
-207
-264
-316
-377
-436
-498
-549
-605
-646
-678
-713
-757
-812
-864
-900
-927
-934
-945
-970
-988
-990
-992
-999
-985
-972
-945
-901
-868
-835
-777
-703
-644
-582
-512
-443
-355
-248
-140
-47
54
174
285
396
503
578
640
721
799
883
936
969
1013
1057
1104
1135
1155
1161
1158
1140
1119
1082
1048
1018
965
892
814
727
641
564
479
400
307
220
140
49
-19
-89
-175
-251
-327
-406
-486
-549
-614
-674
-741
-785
-823
-855
-877
-917
-932
-953
-968
-968
-977
-988
-1002
-1004
-981
-955
-940
-909
-880
-854
-807
-743
-688
-625
-556
-475
-388
-303
-208
-114
3
103
216
320
412
501
575
640
718
790
833
879
930
1001
1064
1115
1159
1210
1227
1237
1252
1245
1237
1200
1167
1097
1023
942
866
774
682
613
525
456
375
324
252
163
81
19
-40
-114
-183
-271
-350
-431
-506
-584
-652
-720
-779
-817
-853
-882
-904
-912
-921
-921
-907
-901
-889
-909
-911
-892
-865
-825
-800
-761
-722
-661
-589
-511
-433
-355
-275
-174
-82
-9
76
171
249
326
398
473
541
635
719
774
836
894
971
1020
1061
1087
1115
1122
1107
1115
1121
1099
1059
1011
988
958
913
879
823
775
715
658
595
500
429
383
295
198
89
-12
-100
-194
-274
-368
-472
-567
-637
-680
-733
-795
-846
-890
-941
-979
-1026
-1086
-1126
-1150
-1183
-1213
-1227
-1220
-1205
-1186
-1151
-1115
-1055
-998
-926
-845
-778
-705
-633
-540
-461
-399
-325
-239
-154
-84
15
123
207
295
382
451
522
589
651
698
756
824
866
894
920
949
967
974
997
1012
1005
1000
983
990
988
969
958
921
871
823
788
735
670
622
554
506
457
377
307
239
162
103
64
-8
-71
-154
-258
-346
-432
-516
-587
-660
-721
-779
-838
-881
-908
-928
-946
-955
-966
-961
-946
-917
-884
-847
-822
-785
-732
-669
-595
-516
-453
-395
-323
-247
-171
-107
-32
26
90
168
250
312
347
400
447
513
571
618
662
704
739
761
787
796
833
867
883
883
892
880
872
882
882
884
883
866
854
822
794
742
690
651
597
559
502
436
348
266
204
135
57
-17
-81
-164
-235
-283
-356
-453
-547
-604
-654
-705
-770
-837
-884
-909
-936
-936
-925
-937
-913
-885
-824
-779
-735
-676
-625
-575
-516
-449
-369
-293
-232
-185
-136
-62
28
114
190
249
305
368
442
496
532
573
608
645
655
680
707
703
715
745
750
754
774
785
767
745
742
743
737
735
713
689
658
621
594
575
531
476
440
395
373
338
298
250
177
139
89
35
-37
-110
-185
-264
-341
-414
-459
-516
-571
-595
-617
-641
-668
-694
-693
-677
-658
-630
-607
-581
-532
-476
-435
-380
-333
-269
-209
-161
-77
-11
40
103
181
165
131
277
389
378
434
555
556
514
596
685
657
565
566
695
759
690
678
726
658
592
672
737
702
604
559
632
616
549
517
467
383
329
341
349
299
227
192
159
113
67
8
-56
-125
-171
-216
-268
-323
-428
-530
-581
-658
-722
-751
-780
-822
-855
-870
-864
-874
-888
-868
-833
-804
-775
-732
-688
-662
-607
-547
-496
-427
-372
-307
-230
-152
-62
20
67
159
228
295
356
416
472
520
562
604
653
673
701
716
754
778
786
830
856
864
897
904
904
897
892
902
888
843
820
788
765
733
701
670
617
575
544
517
457
388
329
271
201
138
56
-32
-123
-193
-273
-365
-436
-501
-551
-606
-648
-684
-731
-745
-766
-786
-785
-784
-772
-759
-738
-709
-681
-648
-609
-583
-534
-485
-438
-358
-252
-166
-95
-26
50
134
184
268
324
377
430
473
543
579
609
648
690
726
755
787
811
848
871
896
925
931
935
937
928
926
904
879
869
833
813
801
781
748
719
690
649
597
557
515
462
413
371
311
229
146
72
-16
-107
-166
-239
-318
-404
-472
-550
-607
-653
-693
-718
-750
-787
-798
-797
-811
-825
-842
-847
-844
-811
-786
-775
-711
-644
-596
-540
-479
-425
-371
-304
-244
-166
-77
-12
27
73
105
173
227
295
340
385
443
487
537
558
603
642
666
679
709
745
768
783
783
782
781
776
798
812
827
844
842
854
847
832
811
775
724
684
637
577
523
436
361
273
205
144
53
-18
-105
-180
-240
-303
-359
-415
-472
-533
-566
-597
-642
-695
-736
-766
-786
-786
-792
-796
-801
-791
-767
-724
-680
-632
-595
-541
-475
-416
-363
-313
-257
-222
-177
-123
-62
3
58
121
192
258
304
359
398
444
492
528
574
619
653
665
682
678
688
716
732
718
714
716
711
706
704
697
680
664
655
636
590
538
484
442
388
334
252
180
99
12
-39
-90
-155
-230
-294
-376
-442
-486
-538
-594
-634
-660
-719
-750
-774
-794
-815
-823
-810
-804
-791
-763
-726
-687
-649
-621
-547
-475
-417
-377
-333
-287
-246
-202
-149
-89
-54
-24
12
58
103
148
203
245
297
349
396
428
459
481
506
518
531
538
545
541
563
587
588
580
571
553
531
533
512
499
472
447
410
374
326
269
235
178
118
63
-8
-74
-132
-207
-280
-338
-381
-419
-483
-527
-571
-620
-637
-655
-695
-718
-756
-789
-807
-808
-808
-818
-805
-782
-740
-717
-679
-642
-602
-540
-496
-448
-398
-361
-312
-265
-213
-168
-121
-64
-18
53
119
159
185
255
309
337
362
391
403
432
449
463
470
463
460
442
447
422
419
418
428
413
383
382
358
333
298
265
212
165
128
85
49
-11
-68
-123
-177
-221
-261
-321
-381
-441
-501
-556
-608
-657
-701
-761
-815
-840
-882
-894
-924
-939
-932
-920
-897
-863
-838
-829
-800
-756
-713
-681
-632
-584
-554
-504
-435
-381
-328
-256
-195
-155
-96
-36
15
73
133
185
231
268
292
322
367
411
432
459
473
481
480
489
518
517
513
524
524
493
486
486
466
436
404
379
322
276
229
183
134
82
42
-8
-70
-121
-180
-238
-296
-365
-414
-462
-518
-590
-633
-672
-731
-769
-810
-845
-872
-925
-945
-965
-990
-986
-982
-988
-972
-964
-949
-903
-851
-828
-797
-758
-711
-654
-616
-562
-519
-458
-403
-337
-276
-217
-163
-117
-50
12
58
107
171
224
261
290
321
334
353
367
366
378
367
381
405
399
400
390
385
383
360
346
318
305
281
246
213
179
150
129
79
19
-19
-61
-107
-150
-194
-253
-299
-348
-393
-437
-478
-542
-614
-665
-707
-769
-809
-845
-873
-905
-931
-928
-936
-951
-937
-921
-935
-921
-894
-863
-846
-811
-772
-738
-704
-661
-599
-549
-517
-484
-418
-350
-290
-241
-173
-137
-98
-42
2
24
59
88
96
120
129
136
143
157
159
174
178
168
180
177
177
176
162
135
120
107
80
42
4
-29
-54
-82
-116
-140
-169
-201
-212
-230
-244
-231
-238
-284
-336
-365
-385
-413
-441
-465
-498
-540
-572
-596
-601
-624
-654
-669
-666
-657
-650
-642
-620
-615
-600
-575
-554
-540
-519
-502
-467
-424
-389
-334
-301
-259
-217
-198
-151
-100
-44
-5
24
68
82
96
144
166
175
178
181
193
202
215
223
236
241
240
237
218
199
176
174
162
141
101
68
34
-2
-31
-64
-84
-120
-137
-170
-197
-214
-231
-249
-274
-295
-317
-343
-383
-414
-441
-475
-513
-509
-503
-520
-554
-571
-577
-583
-585
-558
-553
-535
-525
-506
-483
-469
-458
-444
-415
-416
-385
-365
-329
-279
-234
-210
-191
-159
-118
-78
-50
-3
46
61
86
112
133
137
147
152
141
128
117
139
151
144
124
108
101
71
63
50
29
11
-2
-27
-61
-99
-139
-157
-193
-210
-244
-274
-293
-299
-304
-324
-363
-386
-391
-397
-407
-424
-462
-485
-492
-511
-529
-534
-521
-537
-540
-523
-533
-511
-476
-457
-430
-411
-400
-375
-342
-301
-286
-271
-244
-187
-144
-110
-47
-12
23
52
83
131
177
207
251
293
320
329
336
366
375
371
379
389
379
389
384
381
404
391
375
372
358
310
292
268
214
183
141
114
88
57
17
-31
-83
-120
-151
-183
-198
-234
-276
-316
-341
-361
-370
-396
-430
-440
-448
-469
-497
-499
-516
-531
-521
-506
-513
-512
-485
-464
-449
-439
-412
-388
-366
-358
-349
-336
-324
-292
-257
-225
-185
-154
-120
-102
-82
-45
-13
10
32
76
119
118
130
158
175
175
177
187
218
214
220
236
225
244
263
279
266
255
253
252
252
236
222
203
172
135
94
59
32
0
-29
-46
-69
-83
-112
-137
-156
-172
-193
-228
-259
-285
-317
-332
-333
-332
-354
-369
-356
-361
-370
-367
-349
-324
-304
-279
-268
-250
-242
-237
-216
-173
-167
-155
-103
-71
-30
-19
7
30
61
85
112
127
131
167
176
200
232
242
244
261
274
260
241
249
249
245
248
252
269
263
266
278
262
253
251
240
228
219
216
203
166
161
147
124
99
97
100
83
64
63
42
14
1
-18
-49
-71
-75
-67
-76
-97
-112
-134
-135
-153
-151
-137
-122
-83
-59
-62
-54
-53
-44
-30
-13
11
32
44
59
76
91
107
132
162
179
186
210
247
256
273
285
297
291
282
289
287
266
259
261
249
240
254
240
230
216
209
214
209
203
187
161
124
110
129
115
80
49
35
31
19
12
2
-3
-18
-8
-1
-13
-12
-25
-17
-27
-23
-22
-22
-27
-38
-39
-54
-67
-63
-54
-45
-50
-34
-5
2
25
42
58
83
125
166
194
216
223
225
245
263
295
311
330
329
344
352
367
385
383
392
402
425
432
441
436
432
405
376
369
366
360
348
350
334
301
287
288
271
250
240
234
215
192
169
156
132
117
106
101
92
78
54
47
34
23
19
6
-5
-16
-14
-21
-27
-39
-37
-53
-57
-71
-94
-98
-91
-92
-91
-88
-87
-58
-40
-35
-21
1
35
51
72
85
106
132
139
158
176
216
253
272
292
313
335
355
379
402
428
446
448
452
429
412
423
416
406
390
384
391
385
382
386
372
350
329
307
298
274
266
239
205
197
197
186
153
146
132
124
100
82
73
63
67
50
16
-13
-4
5
-3
-19
-20
-48
-68
-54
-62
-66
-72
-86
-69
-60
-57
-61
-34
-21
-23
-1
22
47
60
86
118
131
136
153
188
219
253
273
284
312
342
370
403
427
436
454
467
468
483
481
477
459
462
469
469
468
464
440
430
413
386
384
376
362
341
323
315
308
296
290
279
246
241
243
203
180
151
139
126
103
89
77
73
56
46
40
19
18
23
8
-8
-26
-22
-19
-24
-40
-47
-46
-41
-37
-24
-17
-2
29
35
44
43
55
84
115
132
136
130
160
181
189
203
202
216
234
258
284
276
268
302
323
329
336
343
343
337
320
308
287
286
287
297
304
289
288
273
263
235
250
241
216
232
236
239
237
222
229
228
204
182
184
192
201
195
174
167
161
129
105
92
89
87
72
56
50
57
54
60
67
63
41
38
56
71
54
49
64
69
78
93
108
120
136
141
140
139
142
157
171
180
197
188
193
201
203
210
206
221
222
241
248
244
238
230
226
231
229
211
199
192
198
172
167
163
152
141
119
110
113
120
126
112
101
121
108
97
91
93
86
85
90
75
68
64
65
52
50
41
28
29
26
23
34
40
23
28
24
18
13
15
20
25
36
38
44
36
23
26
33
28
36
34
35
46
58
76
93
77
77
80
64
67
70
68
68
64
63
60
37
44
55
59
62
43
37
37
37
35
35
36
6
7
13
12
-6
-11
13
35
37
43
42
27
26
32
41
41
38
47
27
37
53
50
48
41
56
71
59
65
65
56
64
66
58
49
66
68
57
41
34
38
47
47
51
51
48
63
62
82
91
77
85
85
78
69
60
71
88
94
112
113
100
89
66
57
50
45
52
40
42
62
62
62
57
53
35
63
63
60
72
73
80
78
77
72
77
85
90
108
110
120
124
125
130
136
115
122
143
127
126
127
125
131
137
121
113
89
78
72
84
94
78
63
44
45
36
22
-4
-17
-44
-62
-46
-65
-71
-81
-101
-97
-97
-86
-79
-90
-89
-91
-86
-93
-97
-65
-66
-105
-106
-93
-83
-70
-81
-95
-91
-105
-112
-94
-95
-106
-98
-110
-112
-96
-95
-98
-104
-108
-98
-92
-104
-111
-95
-88
-94
-77
-57
-49
-43
-30
-29
-45
-46
-39
-26
-29
-35
-15
-18
-14
0
9
23
24
29
34
26
10
3
-4
-29
-31
-25
-28
-31
-40
-45
-49
-82
-97
-102
-102
-100
-104
-106
-123
-139
-141
-153
-178
-174
-162
-153
-162
-173
-173
-173
-171
-175
-177
-184
-193
-191
-193
-178
-167
-156
-150
-162
-155
-153
-156
-159
-168
-179
-172
-159
-160
-152
-149
-143
-141
-128
-125
-119
-101
-103
-101
-78
-54
-64
-61
-48
-56
-53
-29
-11
-2
-2
5
12
5
-2
-14
-9
-19
-27
-26
-18
-39
-63
-69
-83
-96
-97
-86
-114
-129
-149
-148
-146
-134
-141
-174
-176
-178
-179
-176
-174
-190
-203
-200
-187
-182
-167
-155
-148
-146
-155
-147
-160
-169
-163
-180
-178
-159
-187
-205
-202
-205
-214
-212
-207
-220
-227
-242
-209
-189
-174
-169
-170
-164
-162
-125
-111
-108
-105
-97
-92
-93
-74
-66
-47
-35
-34
-28
-28
-21
16
45
37
27
34
33
22
9
1
1
-9
5
15
13
5
-17
-21
-34
-37
-36
-53
-53
-43
-42
-37
-54
-59
-72
-83
-72
-72
-86
-90
-83
-88
-93
-96
-88
-66
-49
-57
-60
-59
-53
-44
-50
-44
-35
-41
-40
-52
-55
-52
-39
-47
-35
-34
-44
-49
-60
-55
-47
-47
-36
-17
-26
-31
-48
-38
-39
-33
-19
-17
-11
-2
-4
-5
7
14
15
20
14
-4
12
16
40
33
17
2
10
-6
-34
-33
-60
-42
-33
-48
-53
-74
-87
-93
-83
-79
-79
-69
-57
-60
-64
-61
-48
-43
-56
-45
-37
-28
-34
-34
-39
-55
-54
-50
-44
-59
-85
-85
-64
-62
-56
-43
-75
-81
-70
-67
-60
-70
-87
-98
-99
-98
-118
-126
-145
-153
-149
-165
-167
-175
-171
-179
-183
-163
-142
-128
-113
-96
-105
-115
-122
-117
-114
-111
-118
-126
-111
-99
-103
-120
-115
-121
-127
-105
-98
-117
-121
-120
-135
-145
-148
-145
-140
-154
-166
-171
-178
-161
-160
-164
-161
-148
-143
-165
-170
-177
-181
-160
-151
-149
-144
-143
-132
-120
-107
-96
-104
-102
-99
-105
-116
-125
-133
-120
-106
-106
-100
-117
-132
-126
-125
-123
-107
-96
-88
-106
-131
-136
-130
-111
-104
-103
-94
-95
-102
-87
-88
-95
-86
-97
-85
-53
-30
-38
-41
-36
-53
-82
-92
-77
-67
-69
-73
-69
-85
-64
-73
-76
-77
-85
-74
-66
-56
-52
-53
-40
-23
-40
-35
-24
-10
-1
24
23
19
22
35
46
47
59
60
77
70
76
73
40
33
31
19
29
27
17
29
17
-8
0
7
12
5
-2
-11
-36
-43
-36
-37
-53
-54
-39
-23
-24
-36
-56
-62
-63
-69
-66
-71
-80
-81
-83
-92
-71
-68
-74
-80
-78
-62
-62
-50
-57
-57
-58
-54
-37
-43
-40
-46
-39
-16
-14
-18
-12
-6
2
24
30
18
14
10
18
30
44
67
68
81
120
119
112
119
127
120
107
108
112
103
101
99
86
75
81
85
77
81
54
30
28
32
37
26
4
-12
-15
-22
-50
-71
-69
-74
-86
-94
-91
-116
-123
-114
-116
-132
-143
-146
-152
-157
-145
-134
-159
-167
-176
-176
-179
-166
-166
-165
-152
-149
-161
-156
-152
-143
-139
-115
-96
-95
-88
-87
-84
-84
-61
-45
-20
-8
14
17
3
17
31
35
38
47
69
74
67
77
80
87
105
106
99
108
121
113
115
106
98
97
101
88
72
60
33
24
13
13
3
-7
-34
-60
-75
-60
-62
-82
-104
-128
-121
-136
-129
-134
-147
-167
-183
-181
-175
-180
-195
-204
-220
-229
-233
-221
-213
-219
-226
-224
-220
-207
-210
-198
-184
-187
-184
-184
-170
-156
-141
-121
-99
-77
-60
-37
-21
-1
7
26
25
35
55
44
59
70
86
102
119
136
153
157
148
149
133
123
115
97
98
104
98
93
90
89
66
54
56
59
52
56
63
54
30
12
5
9
9
-2
-18
-35
-38
-29
-38
-60
-78
-93
-93
-87
-84
-102
-89
-92
-103
-94
-105
-121
-122
-108
-116
-116
-103
-95
-103
-107
-87
-87
-75
-73
-61
-25
-14
2
7
13
38
34
54
83
67
62
78
80
89
104
116
132
126
128
138
165
173
154
168
172
181
172
157
150
139
139
128
112
92
89
85
73
64
44
36
21
19
4
-14
-17
-19
-29
-35
-33
-28
-30
-30
-20
-23
-30
-25
-17
-28
-39
-49
-35
-22
-27
-24
-15
-3
-5
8
3
-10
2
18
29
32
50
67
68
78
90
89
88
84
75
80
102
117
113
113
105
135
140
155
158
167
190
184
184
169
174
166
158
144
152
154
141
131
114
109
102
94
94
88
98
97
104
114
118
122
103
93
98
95
88
94
91
72
74
85
79
63
78
77
83
91
79
81
72
74
92
92
100
88
73
76
89
104
87
98
102
105
110
109
110
104
110
120
112
114
125
127
118
113
97
100
123
124
111
99
99
101
111
112
124
124
117
99
77
81
79
87
85
65
61
52
46
53
51
39
43
55
50
29
17
0
-20
-23
-8
0
-10
-23
-21
-22
-24
-32
-33
-18
-7
-5
10
32
18
20
27
43
38
48
61
49
52
48
56
46
35
40
30
21
35
61
66
81
95
75
96
106
107
122
136
128
132
149
135
135
133
134
131
134
132
134
142
130
131
148
175
180
155
133
123
141
128
111
102
93
80
73
71
67
68
65
65
61
71
58
56
51
45
42
51
37
23
22
30
45
33
30
41
36
21
38
49
70
64
61
64
68
60
50
64
50
55
52
80
82
72
72
79
88
81
82
87
100
107
110
117
104
97
104
100
94
90
87
83
99
99
90
84
83
86
72
54
56
56
44
45
61
55
54
35
17
10
11
-3
-15
4
-8
-11
-15
-12
3
11
7
4
3
8
13
12
6
17
-4
-18
-3
16
23
11
5
22
33
30
52
66
71
67
68
96
113
116
115
108
111
120
123
130
136
140
160
169
182
180
158
154
157
158
151
147
149
141
131
140
149
121
105
96
88
107
116
111
95
63
51
42
37
16
-2
-13
-23
-26
-30
-18
-16
-26
-35
-7
-15
-16
-15
-35
-20
-14
-20
-23
-36
-41
-45
-49
-48
-57
-59
-53
-42
-35
-10
20
41
53
51
62
81
79
77
89
105
113
110
121
140
143
130
125
136
136
135
114
118
145
144
145
131
155
169
157
173
167
153
141
150
142
125
133
127
100
90
90
87
85
71
44
29
27
18
9
4
-13
-45
-61
-76
-91
-93
-106
-124
-129
-142
-133
-127
-159
-163
-171
-178
-176
-173
-161
-165
-161
-165
-157
-131
-128
-128
-118
-100
-75
-50
-22
16
35
25
33
62
100
94
118
136
121
131
150
160
153
159
173
192
211
209
215
227
230
235
240
236
237
248
239
213
194
195
208
205
192
197
185
158
159
149
125
110
96
94
89
73
57
30
21
16
2
-11
-6
-22
-31
-45
-51
-41
-67
-77
-93
-101
-107
-117
-129
-141
-128
-138
-134
-123
-120
-99
-91
-94
-72
-64
-39
-29
-35
-29
-28
-7
10
13
18
27
23
35
53
71
99
108
112
124
133
147
165
164
151
157
165
176
197
193
186
205
196
187
191
193
196
188
185
193
193
161
163
158
126
118
112
105
95
65
50
48
40
17
-20
-42
-46
-53
-69
-77
-103
-116
-121
-143
-138
-139
-161
-168
-166
-161
-169
-181
-186
-170
-161
-168
-148
-126
-124
-111
-77
-57
-38
-25
-16
-2
7
8
30
64
67
60
61
78
101
104
93
120
141
174
189
180
179
176
176
184
206
204
188
202
188
174
156
144
141
114
115
105
80
64
63
66
60
41
26
14
15
22
17
7
-11
-29
-16
-15
-23
-55
-49
-38
-63
-68
-84
-88
-87
-98
-124
-121
-124
-135
-133
-134
-128
-117
-92
-73
-87
-92
-108
-98
-82
-65
-59
-36
-12
-27
-28
-15
6
13
5
9
10
17
33
31
46
58
82
91
103
116
135
139
138
131
148
153
150
135
123
136
127
115
119
114
111
89
64
55
63
83
65
39
17
3
-19
-30
-53
-74
-84
-101
-107
-139
-146
-143
-158
-161
-173
-182
-187
-206
-205
-183
-190
-218
-235
-233
-223
-236
-227
-218
-209
-199
-192
-176
-168
-161
-147
-144
-132
-110
-102
-88
-66
-64
-68
-73
-54
-38
-37
-51
-31
-9
-6
14
38
40
47
54
46
45
48
50
60
72
77
90
78
66
67
53
49
72
65
44
59
64
50
37
24
14
16
-5
-35
-15
-16
-37
-47
-81
-107
-130
-136
-145
-159
-148
-150
-149
-176
-191
-189
-194
-181
-183
-205
-203
-204
-204
-194
-193
-200
-206
-193
-166
-141
-135
-126
-131
-125
-112
-86
-46
-49
-59
-42
-6
11
33
49
58
76
78
85
104
97
99
115
117
109
118
113
106
119
109
99
92
95
86
78
68
59
62
54
51
61
52
27
6
12
11
0
-29
-49
-49
-51
-58
-75
-80
-89
-84
-75
-90
-110
-102
-124
-142
-176
-193
-200
-212
-213
-221
-221
-226
-221
-203
-205
-209
-197
-197
-207
-201
-192
-195
-204
-215
-192
-178
-192
-183
-141
-108
-99
-100
-98
-75
-65
-65
-55
-40
-30
-21
-20
5
24
21
33
43
40
35
50
88
99
89
69
73
49
40
51
56
61
74
88
79
85
84
76
66
63
39
14
-2
2
-2
13
-8
-28
-41
-48
-62
-81
-103
-104
-90
-91
-91
-117
-119
-126
-139
-156
-152
-156
-151
-153
-140
-145
-152
-141
-137
-150
-157
-146
-142
-159
-156
-131
-134
-128
-124
-103
-87
-77
-79
-85
-71
-67
-59
-47
-33
-26
-37
-45
-31
-14
-10
5
-5
10
38
55
66
67
64
67
65
61
50
42
45
40
32
12
19
19
24
24
17
-9
8
-3
-1
1
-29
-42
-62
-67
-97
-127
-135
-132
-134
-158
-180
-195
-217
-223
-220
-224
-238
-237
-232
-220
-232
-242
-265
-265
-252
-243
-242
-257
-255
-258
-240
-218
-220
-227
-218
-202
-211
-222
-206
-179
-168
-144
-147
-152
-136
-123
-113
-103
-98
-108
-108
-100
-81
-74
-72
-71
-79
-73
-80
-81
-79
-72
-67
-63
-64
-58
-47
-71
-66
-56
-72
-77
-86
-73
-84
-109
-104
-123
-121
-114
-132
-128
-128
-137
-136
-153
-156
-171
-174
-175
-180
-160
-156
-171
-175
-157
-163
-173
-191
-205
-202
-187
-176
-166
-167
-165
-158
-170
-164
-151
-134
-140
-124
-108
-98
-92
-111
-93
-84
-66
-62
-57
-65
-45
-36
-49
-50
-56
-33
-21
-11
3
5
1
0
-5
1
-7
11
29
8
11
8
3
16
-2
-11
-16
-14
0
13
-19
-28
-30
-41
-42
-56
-52
-50
-63
-56
-36
-40
-48
-77
-101
-113
-110
-118
-117
-99
-103
-120
-139
-141
-144
-153
-151
-139
-135
-140
-147
-148
-150
-150
-142
-128
-130
-142
-125
-122
-134
-134
-133
-115
-116
-123
-117
-113
-90
-68
-48
-49
-39
-37
-33
-4
4
-1
10
15
9
15
2
9
23
9
15
25
33
21
23
24
27
11
-4
-19
-26
-32
-51
-52
-72
-78
-81
-55
-57
-56
-62
-80
-75
-75
-77
-104
-114
-100
-90
-97
-94
-101
-123
-137
-148
-135
-127
-128
-138
-159
-151
-141
-138
-124
-126
-117
-113
-111
-101
-80
-62
-63
-64
-71
-62
-63
-63
-47
-41
-65
-72
-58
-46
-45
-52
-46
-42
-30
-15
-24
-31
-19
-10
-12
-19
-37
-12
-3
8
27
34
32
10
8
25
39
-10
-16
-2
-4
1
11
-4
-9
-5
-23
-36
-33
-36
-55
-55
-48
-64
-78
-71
-74
-91
-110
-122
-113
-121
-132
-130
-118
-114
-129
-127
-129
-149
-140
-145
-136
-133
-139
-121
-105
-99
-94
-98
-93
-91
-93
-87
-102
-90
-88
-63
-43
-49
-47
-65
-52
-50
-39
-35
-22
-17
-14
2
-9
-6
-7
6
-7
-9
-23
-6
22
10
16
17
14
-1
-9
-17
-20
-22
-35
-29
-18
-24
-34
-33
-18
-26
-38
-34
-28
-31
-14
-7
-1
4
-3
6
-10
-23
-13
0
9
4
-13
-16
-18
-6
-15
10
27
29
38
27
48
48
63
78
85
81
64
54
64
73
52
71
72
70
62
61
67
64
62
86
102
96
110
121
139
128
108
96
86
99
110
108
114
106
98
99
93
106
115
103
