-126
-137
-143
-150
-137
-144
-128
-94
-62
-68
-59
-39
-36
-47
-62
-74
-82
-88
-108
-112
-107
-121
-143
-129
-104
-78
-53
-44
-2
-23
-48
-52
-56
-21
-27
-28
-20
8
26
24
9
-7
-16
-46
-52
-78
-107
-148
-141
-138
-110
-54
-41
-35
-42
-42
-79
-67
-82
-90
-92
-108
-76
-47
-48
-10
-24
4
31
-1
-5
28
67
63
55
44
20
16
9
14
5
18
6
-14
-14
-64
-81
-81
-88
-35
-19
-37
30
19
68
70
35
2
-1
-24
-48
-28
-33
-2
24
72
84
73
51
33
44
-2
-15
-27
-8
-15
-6
-14
-28
-26
-34
-20
-22
4
8
-37
-29
-48
-65
-62
-99
-86
-58
-56
-66
-84
-59
-39
-5
-21
-11
10
-12
-19
-47
-47
-62
-70
-59
-46
-37
-35
-30
-22
-29
-54
-59
-84
-95
-56
-52
-62
-82
-65
-61
-47
-34
-34
-39
-27
-12
-17
-10
-27
-63
-60
-81
-99
-102
-95
-70
-57
-33
-6
24
36
36
33
36
53
46
63
77
74
70
34
24
21
19
29
34
16
17
3
-6
-3
-5
27
23
-11
-24
-76
-81
-103
-153
-155
-155
-122
-96
-55
-21
5
39
30
-1
-14
-39
-43
-48
-75
-79
-46
-35
-58
-63
-81
-128
-170
-189
-245
-249
-231
-212
-187
-171
-152
-157
-151
-174
-197
-227
-243
-251
-248
-254
-247
-243
-246
-272
-286
-281
-290
-279
-255
-225
-224
-211
-198
-221
-219
-208
-183
-173
-192
-219
-211
-217
-254
-220
-179
-144
-72
-3
25
19
-11
-71
-111
-166
-245
-281
-281
-268
-238
-230
-198
-166
-148
-161
-135
-98
-89
-85
-130
-140
-173
-203
-184
-178
-151
-101
-79
-56
-19
-45
-71
-78
-115
-101
-116
-127
-117
-110
-99
-84
-67
-59
-37
-30
-30
-51
-84
-89
-97
-131
-162
-187
-208
-226
-237
-234
-198
-165
-115
-58
-43
-21
-32
-44
-56
-85
-95
-107
-100
-112
-103
-111
-101
-48
-27
9
42
90
112
119
121
122
107
88
57
40
15
3
-4
-12
-26
-52
-74
-76
-50
-66
-64
-65
-68
-68
-75
-66
-75
-93
-87
-72
-57
-19
15
35
45
22
-33
-78
-191
-270
-318
-350
-329
-310
-267
-197
-147
-123
-91
-56
-76
-68
-75
-88
-99
-160
-159
-157
-137
-141
-99
-21
23
70
99
67
58
-10
-97
-138
-199
-226
-225
-230
-191
-153
-120
-95
-107
-96
-118
-131
-159
-160
-161
-183
-178
-156
-129
-96
-58
-37
-14
-13
-43
-40
-55
-100
-137
-147
-140
-128
-115
-102
-94
-90
-111
-107
-101
-98
-68
-71
-40
-22
-24
-46
-73
-58
-58
-50
-21
-20
4
-4
-21
5
11
22
42
43
69
88
72
46
18
-5
-15
21
41
61
87
112
116
137
122
91
51
21
-23
-44
-66
-93
-79
-71
-42
-6
31
89
151
139
123
113
88
21
-64
-105
-119
-125
-97
-82
-30
3
19
52
82
80
63
40
-2
-46
-103
-121
-114
-102
-114
-89
-52
-37
-40
-61
-82
-88
-118
-136
-120
-165
-146
-153
-150
-119
-119
-127
-148
-163
-146
-120
-94
-98
-100
-97
-93
-73
-61
-25
-11
26
28
-12
-37
-56
-85
-122
-125
-157
-171
-171
-204
-184
-189
-181
-192
-175
-125
-106
-81
-73
-71
-62
-71
-115
-146
-161
-166
-177
-193
-182
-141
-139
-131
-96
-35
-4
12
44
46
71
53
33
20
-17
-47
-84
-109
-129
-128
-139
-95
-70
-51
-21
-5
31
60
59
60
65
87
69
39
4
1
34
35
47
35
49
55
38
19
-27
-90
-131
-164
-176
-158
-95
-48
13
68
77
76
36
16
8
-4
-27
-19
17
44
57
58
64
61
13
13
-17
-43
-48
-60
-59
-59
-54
-23
4
19
43
21
27
11
-18
-56
-102
-108
-114
-91
-55
-19
44
70
63
55
14
-16
-72
-127
-162
-202
-199
-203
-181
-155
-127
-133
-159
-157
-191
-215
-224
-236
-221
-174
-155
-128
-108
-98
-71
-39
7
27
39
46
45
17
-16
-59
-55
-32
-22
6
22
54
36
40
20
23
18
-8
4
3
22
26
34
40
83
139
184
206
235
251
236
200
130
75
31
-4
-12
11
44
83
103
113
125
140
149
105
69
54
68
40
14
-10
28
53
66
103
97
84
65
59
55
53
41
46
77
108
129
151
154
166
161
162
184
164
146
97
89
101
97
102
104
145
163
166
161
141
109
90
76
90
94
97
96
77
70
50
20
10
-2
44
103
127
174
204
204
188
110
73
46
10
-23
-64
-60
-65
-66
-64
-34
30
119
187
228
247
205
148
33
-93
-166
-213
-225
-229
-190
-124
-87
-70
-41
1
17
0
11
18
0
-39
-93
-124
-168
-158
-156
-141
-89
-73
-68
-60
-77
-99
-113
-124
-118
-78
-43
-16
8
31
45
18
-1
-32
-55
-91
-90
-80
-88
-68
-66
-23
30
76
110
126
130
123
142
154
128
93
49
23
16
1
19
44
73
93
131
128
134
135
79
53
30
7
16
8
25
44
47
79
84
76
71
74
95
145
162
174
205
226
224
195
171
144
132
106
84
57
38
31
9
12
53
106
141
161
170
160
153
136
100
44
4
-9
-2
38
29
44
56
45
15
-5
6
30
43
27
20
28
18
-20
-53
-82
-75
-74
-66
-54
-54
-75
-83
-66
-50
-26
-22
-31
-5
11
13
0
1
-14
-24
-4
-27
-38
-44
-64
-88
-87
-106
-87
-103
-115
-64
-12
54
86
103
119
104
83
82
80
102
118
144
166
180
169
159
129
83
47
15
-29
-29
-12
-21
-10
30
41
63
46
13
-3
4
-6
1
5
3
23
49
91
122
155
194
233
247
199
166
126
99
101
87
99
119
174
215
239
243
238
233
205
160
145
161
186
220
220
253
277
321
341
343
360
331
281
218
169
155
132
118
138
167
199
223
231
214
173
127
102
100
111
109
100
129
141
130
132
132
121
89
65
58
48
32
45
44
55
88
103
105
64
46
-11
-110
-148
-155
-132
-113
-80
-34
16
60
42
13
-1
-24
-37
-44
-19
3
24
38
46
100
116
145
172
178
185
138
71
12
-54
-101
-122
-106
-56
32
95
130
161
191
183
125
66
12
-30
-53
-61
-54
-45
-26
13
50
76
93
90
73
36
-39
-87
-115
-140
-136
-120
-87
-74
-43
11
24
41
71
229
326
230
-9
51
190
-29
-95
-116
-13
37
189
222
95
13
155
215
85
48
65
158
197
154
119
127
131
136
130
111
82
75
105
149
131
117
105
85
83
70
61
67
87
130
207
234
206
153
107
36
-32
-47
-57
-51
-2
9
34
27
-2
-15
-48
-43
-44
-51
-38
1
-19
-34
-62
-104
-114
-110
-67
-19
17
49
67
78
44
24
42
29
44
53
59
89
81
55
75
40
17
17
29
43
62
61
35
32
-6
-43
-32
-9
-4
38
57
44
49
22
-14
-58
-110
-131
-138
-150
-139
-108
-76
-82
-82
-65
-57
-29
-55
-69
-78
-110
-116
-111
-113
-79
-51
-13
26
67
112
97
83
53
29
11
-3
-9
-10
-17
-24
-38
-23
-20
-28
-9
14
39
34
41
45
40
34
56
72
104
142
153
171
147
144
125
104
94
53
78
124
142
140
137
131
114
93
67
45
12
13
6
-2
31
49
40
28
45
49
48
99
118
150
187
225
248
251
238
224
208
177
170
182
137
127
159
169
162
163
181
193
177
167
176
185
158
143
140
131
116
97
134
160
157
142
126
124
110
64
53
25
10
15
11
1
-11
-18
-26
-34
-11
-3
9
41
77
131
150
125
155
161
167
161
125
117
91
66
61
82
124
176
211
207
208
225
189
162
134
92
77
77
103
111
140
172
196
223
244
269
280
263
221
194
186
194
212
216
236
239
207
216
221
195
170
109
88
92
65
65
58
44
54
43
44
46
39
43
3
-3
11
18
18
-3
-20
3
-20
-23
-26
-38
-35
-62
-59
-63
-69
-90
-106
-97
-81
-55
-61
-84
-85
-116
-170
-206
-233
-260
-261
-275
-245
-218
-210
-193
-209
-213
-229
-248
-276
-286
-260
-219
-198
-154
-134
-147
-152
-189
-191
-165
-189
-187
-154
-149
-156
-152
-177
-190
-225
-240
-225
-225
-187
-171
-155
-140
-117
-90
-69
-45
-27
-7
8
12
8
2
-23
-64
-91
-91
-97
-98
-72
-48
-27
42
111
165
169
163
143
146
128
78
42
20
54
96
168
230
262
278
351
367
328
317
279
247
206
163
137
129
129
164
182
150
143
146
113
56
9
-10
-23
-43
-36
-30
14
48
50
53
73
73
44
7
3
7
-22
-51
-61
-26
-5
-10
-32
25
20
-5
-4
-51
-85
-117
-112
-125
-130
-127
-128
-120
-115
-97
-48
6
61
99
135
127
109
95
69
45
23
27
18
2
-2
-10
-13
-38
-54
-37
-25
35
81
97
124
107
70
38
42
65
93
102
125
167
225
268
271
293
305
297
281
258
272
316
328
309
299
287
279
262
251
260
253
292
318
357
369
351
350
331
322
299
274
286
331
392
403
372
345
315
251
173
108
62
10
-28
-37
15
61
69
92
89
88
85
70
83
71
49
30
-2
-43
-76
-90
-77
-53
-17
17
68
117
113
93
43
22
-11
-50
-111
-122
-130
-160
-156
-139
-131
-157
-149
-133
-114
-76
-96
-129
-122
-113
-125
-123
-142
-124
-102
-100
-97
-93
-56
-45
-96
-137
-139
-138
-150
-176
-195
-187
-174
-209
-208
-213
-213
-209
-187
-151
-129
-97
-95
-118
-150
-194
-221
-271
-285
-273
-232
-181
-150
-68
-13
-11
-29
-61
-98
-107
-123
-161
-155
-136
-107
-105
-97
-108
-126
-79
-30
-19
-15
-21
-33
-57
-114
-191
-256
-293
-289
-301
-269
-249
-219
-181
-132
-114
-116
-131
-174
-218
-257
-297
-368
-392
-408
-401
-399
-389
-386
-392
-398
-397
-366
-354
-364
-357
-339
-308
-328
-349
-302
-303
-272
-224
-149
-112
-117
-94
-114
-151
-182
-194
-191
-165
-118
-62
-40
14
44
83
106
114
127
147
147
140
143
93
60
23
-4
-8
-22
-13
14
50
64
90
106
133
93
87
54
12
-18
-87
-100
-97
-110
-114
-115
-64
16
82
121
135
165
185
171
177
172
172
154
145
147
169
188
238
302
344
370
388
394
395
353
315
252
213
260
327
391
440
496
532
563
537
512
495
465
436
404
401
409
397
367
383
421
415
393
375
361
340
337
292
231
187
146
83
5
-24
-25
-17
36
86
140
158
165
136
81
-9
-33
-57
-103
-128
-183
-190
-190
-228
-226
-226
-235
-212
-160
-93
-22
-9
-70
-143
-183
-215
-262
-301
-302
-255
-216
-190
-170
-135
-129
-153
-193
-229
-221
-242
-290
-327
-366
-341
-353
-404
-401
-362
-317
-304
-266
-201
-212
-289
-380
-460
-496
-512
-530
-497
-437
-375
-317
-308
-320
-344
-414
-447
-435
-427
-442
-458
-458
-480
-501
-460
-460
-447
-378
-296
-215
-154
-101
-145
-182
-233
-287
-320
-355
-366
-320
-271
-238
-165
-125
-118
-121
-134
-110
-78
-72
-76
-70
-52
-77
-139
-141
-115
-63
12
77
176
296
355
342
371
356
344
325
318
339
403
454
466
489
502
545
514
495
543
615
643
635
655
648
637
634
604
592
623
646
683
738
780
786
739
715
706
692
669
599
546
547
523
469
421
375
341
305
263
236
221
146
69
-10
-83
-184
-275
-358
-389
-433
-454
-452
-443
-443
-503
-542
-607
-646
-716
-775
-802
-851
-879
-890
-908
-927
-927
-950
-962
-927
-915
-928
-961
-1026
-1061
-1080
-1133
-1160
-1181
-1147
-1106
-1092
-1080
-1084
-1096
-1091
-1095
-1109
-1038
-1035
-1012
-967
-986
-956
-936
-887
-819
-777
-698
-642
-582
-540
-484
-460
-423
-380
-359
-304
-217
-152
-114
-21
28
88
124
146
220
295
350
436
507
549
572
589
596
554
596
611
628
691
765
801
815
843
838
862
873
869
867
898
913
926
915
882
897
878
860
883
946
991
1010
1029
1046
1069
1014
917
841
797
751
728
705
706
727
682
684
614
537
499
437
394
378
326
263
218
141
62
18
-25
-35
-37
-28
-52
-121
-158
-247
-344
-461
-509
-587
-653
-684
-719
-724
-731
-740
-808
-864
-963
-1005
-1060
-1079
-1125
-1145
-1184
-1222
-1277
-1310
-1324
-1342
-1299
-1251
-1217
-1171
-1139
-1113
-1144
-1161
-1185
-1198
-1159
-1140
-1084
-1008
-987
-960
-916
-906
-890
-871
-832
-733
-601
-567
-498
-419
-372
-326
-332
-238
-226
-168
-63
-27
132
228
272
291
308
378
412
428
481
592
653
719
700
712
729
732
738
708
788
893
899
945
993
1015
1043
1003
959
972
985
978
1019
1036
1086
1050
1037
962
952
961
922
878
842
857
847
861
815
805
727
740
692
695
674
663
665
601
567
542
526
452
446
384
347
369
329
298
225
175
78
29
-33
-61
-114
-172
-206
-244
-247
-305
-342
-411
-399
-432
-492
-498
-550
-539
-567
-691
-700
-708
-661
-667
-680
-679
-629
-635
-703
-743
-835
-861
-924
-941
-889
-881
-858
-887
-826
-780
-790
-798
-781
-771
-727
-689
-715
-677
-693
-652
-602
-610
-563
-522
-473
-431
-384
-296
-232
-199
-228
-183
-136
-123
-77
-15
20
32
31
47
80
80
56
63
126
214
229
280
331
366
385
391
439
400
377
350
297
323
323
318
297
331
333
368
392
363
355
344
304
258
258
193
192
126
64
88
63
119
137
140
129
108
96
25
6
-74
-142
-165
-153
-142
-126
-107
-100
-52
-34
-24
-67
-152
-180
-248
-286
-292
-304
-302
-277
-284
-296
-258
-247
-270
-285
-344
-377
-372
-437
-468
-497
-479
-479
-429
-374
-348
-274
-301
-295
-236
-214
-201
-209
-185
-155
-101
-90
-82
-14
40
14
20
19
50
119
103
120
154
215
228
217
242
241
293
277
306
327
320
345
352
373
384
434
440
488
484
509
558
585
621
614
640
664
634
605
608
599
600
576
536
540
545
499
391
373
337
316
310
289
309
313
335
309
258
252
208
140
118
87
25
-18
-69
-90
-108
-111
-152
-160
-128
-112
-125
-127
-174
-222
-253
-315
-355
-359
-357
-325
-296
-266
-212
-191
-189
-162
-204
-213
-245
-315
-303
-318
-287
-286
-266
-254
-236
-180
-156
-185
-198
-217
-205
-221
-227
-198
-199
-191
-184
-154
-86
-28
18
71
78
89
86
63
34
43
10
2
27
97
157
169
190
205
203
236
258
244
243
230
220
227
220
304
306
299
347
375
417
439
450
490
501
538
568
590
667
680
685
702
706
726
688
646
577
569
536
524
491
466
445
383
382
376
348
280
261
214
168
150
69
-5
-67
-63
-61
-93
-88
-154
-200
-265
-261
-256
-282
-339
-401
-423
-474
-495
-504
-511
-581
-635
-641
-630
-595
-600
-619
-656
-674
-675
-686
-700
-698
-728
-731
-714
-663
-619
-581
-586
-571
-548
-486
-427
-427
-447
-404
-352
-342
-292
-258
-208
-167
-150
-111
-78
-29
8
33
85
111
153
163
158
157
183
243
266
313
348
351
360
371
374
361
369
346
379
404
384
354
312
272
255
236
275
329
294
294
274
295
335
325
264
232
196
201
264
308
328
296
275
231
223
206
211
190
159
174
159
133
149
75
7
-22
-53
-25
4
13
-8
-63
-52
-91
-113
-99
-145
-173
-162
-202
-204
-190
-226
-234
-241
-263
-233
-228
-240
-202
-218
-228
-228
-213
-230
-298
-313
-314
-272
-250
-228
-205
-145
-174
-185
-194
-220
-203
-203
-201
-152
-75
-52
-39
-57
-39
-14
20
-2
5
-4
9
55
82
93
117
106
117
153
199
246
285
305
308
341
368
387
398
443
469
503
582
640
653
651
653
661
657
712
735
739
767
757
754
748
767
771
787
786
770
783
794
770
728
689
615
586
581
563
511
511
502
500
475
471
440
423
381
314
260
254
233
135
116
113
85
51
23
-5
-56
-48
-111
-149
-166
-215
-286
-315
-309
-328
-346
-363
-392
-394
-364
-356
-420
-444
-448
-508
-551
-597
-609
-623
-647
-654
-652
-582
-567
-591
-587
-572
-551
-583
-607
-612
-597
-590
-612
-602
-555
-525
-477
-489
-476
-429
-411
-403
-456
-476
-452
-407
-405
-369
-341
-343
-298
-307
-276
-255
-230
-245
-209
-198
-141
-87
-70
-33
12
30
53
120
181
196
202
220
251
313
341
370
374
392
429
438
402
416
418
396
345
321
293
305
338
400
421
430
407
398
386
349
292
278
294
285
244
317
354
388
414
423
436
390
373
331
324
317
259
239
224
198
177
154
156
134
156
127
110
87
100
56
-2
-45
-36
-8
20
40
58
114
143
157
157
124
127
113
59
24
4
5
-49
-30
-38
-36
-6
-29
-62
-56
-70
-77
-64
-90
-94
-114
-149
-180
-224
-198
-127
-106
-127
-162
-158
-147
-166
-190
-184
-174
-152
-146
-146
-135
-141
-156
-197
-226
-225
-238
-229
-215
-201
-166
-152
-153
-146
-141
-142
-129
-114
-80
-60
-51
-44
-57
-59
-70
-47
-32
3
64
93
92
87
56
32
45
23
28
56
79
99
106
140
140
119
113
120
131
128
125
129
140
137
109
44
42
40
29
59
47
60
73
85
48
5
-39
-59
-75
-57
-60
-48
-17
-15
-2
34
44
91
96
106
134
133
137
151
142
124
144
154
177
207
227
230
241
265
238
202
145
154
149
149
168
200
238
265
244
262
294
297
322
334
347
374
407
437
423
404
434
413
430
448
432
418
426
388
354
345
342
330
300
271
289
297
293
281
254
221
220
183
136
110
95
97
97
124
126
101
71
70
44
53
79
82
65
58
49
16
-1
-20
-9
-5
-9
-53
-47
-52
-66
-90
-93
-98
-107
-120
-110
-96
-130
-133
-152
-190
-259
-321
-374
-414
-451
-463
-454
-428
-392
-401
-406
-399
-409
-432
-427
-400
-386
-399
-430
-433
-441
-470
-501
-467
-419
-399
-395
-383
-346
-328
-347
-363
-395
-379
-366
-369
-368
-287
-239
-214
-238
-252
-243
-250
-238
-250
-207
-172
-157
-182
-192
-182
-171
-131
-97
-64
12
45
34
39
33
2
-30
-48
-88
-90
-82
-114
-144
-131
-136
-149
-150
-147
-149
-129
-114
-128
-125
-89
-70
-51
-69
-99
-71
-47
-17
-24
-1
39
84
76
71
119
160
168
147
154
167
163
178
131
164
221
252
260
251
276
285
243
203
190
203
189
155
120
87
104
94
96
99
121
89
80
66
59
44
20
14
-22
-63
-76
-111
-132
-148
-127
-136
-86
-22
-32
-42
-65
-56
-58
-54
-76
-85
-105
-142
-152
-150
-131
-87
-77
-58
-40
-8
-33
-44
-15
-35
-40
-3
8
47
64
66
117
126
159
119
108
75
84
105
96
113
131
180
176
190
189
194
201
174
159
136
120
64
14
-6
-27
-3
30
40
50
89
92
71
68
88
134
129
145
162
216
251
223
205
187
192
180
150
137
161
155
131
89
91
102
106
80
62
97
103
115
112
77
82
89
76
46
60
65
63
47
44
59
59
24
-16
-6
6
-41
-78
-77
-72
-92
-104
-113
-123
-113
-156
-217
-237
-266
-292
-296
-310
-325
-330
-338
-372
-372
-378
-347
-359
-387
-383
-379
-377
-419
-440
-415
-395
-408
-419
-423
-403
-363
-361
-390
-362
-343
-358
-398
-382
-340
-319
-352
-356
-362
-349
-342
-351
-302
-277
-269
-257
-271
-286
-309
-323
-312
-304
-275
-215
-203
-218
-165
-115
-111
-97
-97
-43
-29
-33
-20
-27
0
38
37
63
98
156
201
235
279
316
355
372
363
359
394
377
409
426
446
468
446
436
420
424
443
455
448
461
522
537
538
537
531
535
522
524
542
531
495
489
469
454
438
432
376
321
296
259
231
183
188
184
132
120
142
114
87
30
1
18
10
-20
-94
-119
-150
-152
-156
-148
-173
-180
-194
-215
-190
-173
-157
-195
-209
-232
-262
-283
-318
-338
-324
-355
-371
-375
-369
-383
-411
-447
-458
-460
-465
-507
-512
-508
-497
-475
-494
-475
-462
-438
-427
-421
-403
-415
-424
-448
-456
-467
-445
-421
-406
-388
-403
-362
-330
-320
-353
-330
-297
-294
-283
-282
-278
-275
-231
-190
-159
-92
-77
-66
-61
-52
-14
-17
-3
29
68
101
141
161
188
189
162
138
165
193
155
133
129
156
201
209
213
257
264
262
298
302
321
307
276
264
251
242
238
235
221
237
240
251
268
268
240
224
221
213
244
205
199
236
226
222
217
219
211
190
172
191
221
212
214
229
221
172
164
136
87
101
80
88
112
106
79
18
-36
-54
-63
-91
-111
-104
-78
-73
-69
-86
-120
-155
-177
-173
-155
-114
-102
-111
-144
-139
-171
-203
-174
-183
-191
-178
-186
-132
-125
-152
-208
-233
-245
-244
-246
-224
-183
-162
-134
-155
-187
-206
-204
-227
-185
-129
-126
-98
-61
-73
-79
-89
-94
-92
-105
-99
-91
-44
-5
-15
-10
-31
-24
-42
-90
-87
-61
-39
-35
-13
-6
6
-31
-63
-63
-64
-18
-1
4
13
14
20
23
-2
-3
29
48
95
107
131
149
102
80
43
13
24
12
13
53
64
94
139
141
104
79
57
35
28
44
45
47
44
20
-21
-23
-42
-55
-41
-31
-27
-26
-6
-25
-43
-68
-117
-104
-118
-138
-101
-118
-104
-105
-133
-133
-164
-129
-133
-171
-112
-108
-104
-111
-136
-118
-156
-176
-191
-201
-147
-142
-142
-159
-164
-186
-240
-248
-228
-242
-260
-275
-260
-252
-271
-295
-307
-292
-299
-338
-322
-302
-274
-241
-267
-241
-238
-221
-229
-257
-212
-203
-192
-194
-193
-140
-138
-137
-107
-65
-51
-27
6
38
74
81
52
68
73
76
62
84
113
173
197
182
194
227
217
193
182
197
230
242
254
262
262
249
228
197
182
195
176
183
203
182
199
173
157
150
151
152
151
142
140
147
135
121
125
107
108
117
118
110
90
91
75
57
11
-7
1
-29
-17
5
26
35
30
-6
5
-28
-52
-93
-99
-111
-106
-142
-136
-114
-115
-87
-100
-82
-99
-103
-108
-89
-77
-110
-141
-156
-126
-139
-149
-150
-157
-186
-192
-203
-214
-193
-161
-119
-143
-114
-98
-105
-117
-154
-121
-121
-112
-89
-124
-137
-134
-130
-131
-143
-102
-67
-70
-67
-64
-40
-58
-62
-43
-17
8
-12
-13
-25
-22
-38
-28
-17
10
48
80
83
42
4
19
21
0
15
10
9
-16
-34
-25
-14
4
19
55
81
127
103
94
112
82
54
0
0
32
61
62
59
29
52
19
37
79
92
96
40
25
-25
-13
-59
-31
-34
-45
-2
-45
-53
-110
-146
-175
-193
-181
-148
-108
-84
-79
-161
-196
-177
-211
-181
-147
-83
-43
-68
-68
-142
-193
-170
-177
-224
-153
-62
-74
-99
-128
-134
-158
-114
-77
-130
-111
-82
-119
-93
-6
-20
46
103
176
174
152
165
110
116
179
204
192
234
201
240
261
189
210
226
227
240
223
203
140
142
183
150
148
154
140
157
167
104
93
153
206
199
163
210
202
145
192
151
120
138
170
188
137
155
92
22
-47
-103
15
64
-41
34
-3
-165
-78
-109
-132
-108
-148
-107
-167
-264
-266
-373
-380
-286
-311
-258
-136
-247
-340
-382
-403
-445
-419
-297
-287
-353
-329
-336
-463
-496
-422
-431
-436
-333
-323
-310
-304
-411
-325
-313
-286
-287
-304
-256
-265
-292
-141
-42
-264
-26
-235
-211
-53
-201
-104
-40
32
100
97
91
51
-68
155
42
40
193
203
211
255
213
285
255
234
293
97
272
189
116
194
153
268
294
236
269
301
185
312
209
78
175
186
191
314
373
215
207
171
139
75
138
271
165
304
370
113
110
129
-43
-20
33
93
89
-9
69
-43
75
52
-28
-14
-200
-169
-79
-243
-206
46
-57
173
-56
23
-170
-253
-201
-283
-321
-65
-220
-209
26
-196
-211
-81
-133
-344
-111
-123
-214
-150
-21
-151
-95
-149
-74
-257
-190
-147
-169
-297
-137
-106
-250
71
-168
-141
-76
-116
-145
-111
-147
142
57
96
355
-35
29
29
166
156
59
254
539
161
236
575
125
317
249
520
517
175
584
420
112
473
489
39
577
419
478
547
378
421
245
420
255
238
472
411
357
457
189
311
441
422
472
370
378
444
62
472
278
105
717
172
98
340
34
141
95
-179
406
-33
71
256
-228
-42
-54
-151
48
-58
54
72
-243
-197
-191
130
-285
-75
-88
-285
-285
-288
-537
-192
-331
-397
290
-481
-414
-70
-607
-452
-206
-503
-199
-379
-174
-239
-529
-213
-96
-783
107
-204
-499
136
-395
-258
45
-239
-211
321
-578
144
-182
-400
-5
-360
-14
-59
85
63
82
-70
321
-40
-287
405
-166
67
557
57
-91
588
343
-74
362
368
-85
265
791
128
87
512
278
-304
340
388
-201
460
273
194
256
225
200
146
-89
445
-43
317
441
-80
451
327
47
250
314
20
92
438
326
212
149
521
232
-168
320
170
235
-104
265
91
-95
37
264
-11
-203
208
160
-156
41
23
134
23
16
105
-34
84
-233
114
-184
125
-440
258
61
-559
24
288
-315
-260
255
-59
-146
-459
441
-208
-568
201
-32
-494
116
-26
-441
195
-292
-204
55
-175
-325
157
-47
-346
-40
188
-284
-447
344
-472
-73
55
-112
-502
420
-127
-387
231
-226
-91
-98
316
-177
-217
481
177
-520
762
-176
-221
398
-8
83
40
406
-70
213
50
135
-224
416
-16
187
96
233
278
8
399
-130
453
-196
648
134
226
378
-107
724
-23
500
-17
241
345
206
341
216
831
-494
862
300
7
392
346
439
-251
444
338
340
-156
333
310
-162
492
84
459
-511
729
118
-154
410
139
329
219
300
-225
622
212
315
128
182
209
-248
626
-94
-214
372
29
-386
492
-10
-354
753
-394
-105
248
44
265
-321
423
-336
-454
585
-65
-801
211
243
-738
69
142
-156
-416
-51
39
-672
224
-84
-326
53
-875
143
28
-538
-130
108
12
-232
186
-510
219
-434
-163
-354
225
-13
-270
480
-876
323
-401
77
-504
69
75
24
-16
-417
865
-766
246
214
-475
244
-198
176
115
-163
229
346
-486
522
279
-588
769
-63
94
38
195
172
-193
571
86
-354
492
318
-100
-14
337
24
-19
350
256
-115
126
712
-161
174
441
-20
194
19
391
-160
67
589
-518
40
268
-423
460
-6
-103
444
24
57
154
-464
206
121
-321
492
-363
669
-101
-507
806
-437
-598
1143
-962
21
374
-458
40
-413
-131
33
-931
136
562
-1309
918
8
-840
394
-153
-1051
144
-132
-950
711
-619
179
-474
-100
-211
-36
-207
33
215
-474
402
-729
-246
34
-590
-457
554
-541
-291
301
-59
-569
51
36
-689
18
251
-694
222
-293
72
-125
150
149
-555
187
308
-58
-385
651
-281
-90
267
-459
365
-146
-176
100
565
-94
38
549
-128
0
179
517
-175
-15
683
-142
202
81
329
34
182
104
-314
693
-426
159
470
-675
299
231
-452
38
134
-382
180
-148
-357
313
-443
-27
-213
62
-200
98
-197
-407
808
-1297
906
-436
-667
688
-370
-340
82
-207
-126
201
-950
1092
-1057
474
-9
-765
470
-584
-12
69
-124
-529
801
-1017
444
-316
161
-203
-3
208
84
-379
-183
981
-1564
1053
-335
-513
-18
419
-568
-39
85
-137
165
-174
-35
16
-381
782
-732
815
119
-95
404
-141
269
-459
1115
-1252
1136
-396
200
-91
196
82
-252
856
-225
86
367
-37
431
-86
126
525
-482
540
404
-315
260
714
-1013
1131
-874
542
800
-814
1394
-388
52
291
11
-209
-8
2
249
-630
652
-227
-803
999
-1282
386
131
-711
457
-234
-611
279
-378
-565
342
-830
21
-140
-233
54
-719
350
-556
-253
-91
-420
-411
-384
-31
-678
-103
-368
-82
-734
-107
-326
-826
647
-793
-631
427
-486
-910
-2
-317
-750
247
-21
-387
122
-548
247
-451
-500
156
-350
-74
-212
728
-1173
773
-672
-263
158
-726
707
-604
457
-100
-17
12
-214
126
517
-626
630
504
192
-334
1416
-1105
970
-93
406
529
-108
588
-116
1042
-950
1509
-717
335
856
36
242
609
233
-165
77
365
-529
658
-515
1207
-489
1
1103
-623
337
303
-97
-143
962
-1055
845
335
-742
54
406
-428
-385
605
-139
-597
704
-510
359
-521
37
-206
-278
47
164
-1068
1006
-528
-1076
1011
-938
-436
220
132
-1021
852
-1059
777
-1291
321
-594
-178
-226
-282
106
-682
278
-1143
479
-1162
-398
369
-1016
122
-568
222
-1002
-302
470
-1544
911
-363
-24
-908
1695
-2723
2105
-1350
-316
961
-1233
800
-544
225
-534
1045
-1441
1631
-868
559
-326
41
165
-187
384
106
88
-235
625
-445
377
-126
326
520
-1122
1937
-912
-529
1909
-1577
789
520
-681
954
-198
-560
1438
-1361
733
743
-1407
1946
-1148
27
1336
-1160
449
713
-816
625
210
-601
975
-582
-283
1310
-1572
1606
-873
134
967
-928
42
577
-219
-591
1168
-994
1074
-931
813
189
-579
703
-560
92
324
-956
328
703
-1217
747
70
-449
-197
53
-464
91
-735
846
-740
-406
898
-1544
598
-1000
453
-1166
482
-99
-1072
1274
-1322
-27
259
-647
-518
507
-837
93
148
-521
614
-854
-362
1139
-1998
1145
-668
-54
4
-501
284
-414
-142
-166
304
-908
659
-111
-938
752
-982
476
-324
-231
88
-648
343
-483
340
-918
670
-881
392
-407
-193
90
-385
722
-908
1104
-1058
326
-130
-528
667
-710
492
185
-738
930
-922
-4
307
-313
-197
998
-1051
1062
-751
70
800
-1678
1411
-270
-489
945
-720
447
-259
-4
587
-917
964
-270
-677
877
-419
-212
367
-278
23
676
-1187
1459
-1213
-33
1137
-972
500
1
-489
474
-427
-281
350
-303
-580
681
-371
-553
479
-458
362
-886
999
-1366
1105
-1534
832
-11
-1388
1384
-641
-797
1410
-1120
-193
1015
-1663
1081
-751
-53
343
-570
-4
101
-385
-528
315
30
-268
-255
933
-981
671
-153
-498
616
-1669
1271
-676
-769
1100
-729
65
298
-753
379
-170
-530
609
-719
450
15
-728
1047
-1291
613
-407
-260
570
-684
388
218
-553
419
178
-751
1133
-958
401
99
216
-742
786
-319
-314
-166
447
-654
126
-187
447
-93
-141
661
-345
-308
852
-709
88
679
-634
526
83
-186
-60
298
-394
364
-427
93
50
-20
-72
304
-259
-159
-14
-510
40
-233
-420
776
-682
-154
1080
-1153
327
74
-788
708
-179
-426
1044
-884
793
-252
-155
348
-562
159
670
-630
291
606
-897
855
-802
126
-328
-288
402
-279
-150
-28
-338
-89
5
-922
739
32
-1050
1711
-1406
502
-40
-675
700
-729
364
-95
-144
-317
605
-1330
685
-320
-623
1010
-515
-149
28
-47
-380
-558
442
-549
516
8
-331
337
-897
789
-659
-221
748
-594
513
889
-1035
670
-111
-696
916
-261
-746
1368
-1031
248
15
-360
763
-1348
1224
-812
172
-250
783
-1006
462
503
-1232
1677
-1280
134
831
-1147
1544
-1515
1568
-497
-323
485
436
-984
1165
-16
-516
877
-773
765
-874
220
303
-46
-231
1328
-1038
1092
-1049
969
-75
-187
836
-187
428
184
445
-401
344
574
-516
1039
-578
926
-1003
644
-37
124
-51
-194
1536
-2197
1654
-671
90
-209
781
-610
935
-927
1201
-643
197
50
751
-406
781
269
-473
978
-1045
800
-419
434
-317
772
-413
-128
595
-929
-72
144
-313
-90
-32
284
-447
53
-205
-49
-306
105
609
-836
1064
-526
261
371
-909
1420
-1213
1250
-365
-144
737
-374
-629
1291
-640
-19
659
-1063
685
-335
-354
683
-602
-333
1124
-1458
802
-814
331
-635
830
-596
108
989
-1537
1538
-1220
350
65
-159
155
-235
-140
-369
889
-1502
1126
-650
-244
494
-829
1103
-1587
1200
-940
566
-364
-59
259
-544
227
940
-1312
1656
-624
-84
352
146
-642
1054
-295
-571
2048
-2499
2598
-1818
807
-143
492
-596
810
-160
-74
16
682
21
-494
1661
-979
319
1197
-1242
1319
-365
-385
1954
-2129
1901
-773
594
-542
1271
-1297
1874
-1315
843
184
-863
1665
-1339
1379
-1121
1250
-1110
1017
-208
318
125
323
280
154
-217
1214
-1375
1141
-154
-559
1638
-1554
1819
-1415
901
-1058
1510
-2047
2084
-1446
166
1195
-1366
1034
-384
-320
53
995
-1908
2507
-1839
344
1249
-1869
1684
-574
-282
897
-355
-958
1663
-1953
1144
393
-1789
1704
-562
-540
532
-857
-503
394
-201
76
216
-1403
1116
-1037
419
-425
379
-807
591
-131
-799
1266
-1765
1121
-181
16
-168
529
-694
359
-536
915
-827
788
-464
1372
-1950
1648
-894
251
239
93
544
-1296
2129
-2424
2743
-2369
1637
-232
-941
1920
-1277
1018
-349
851
-1629
2196
-1576
118
1181
-1105
376
476
6
-642
1371
-1287
1365
-776
851
233
20
-70
820
-713
-271
1726
-2196
2254
-1460
975
-188
637
-483
52
148
-446
1006
-1910
3153
-2446
1391
324
-1238
1461
-968
1169
-849
1987
-2259
2856
-1754
491
1228
-2040
2638
-1689
1407
-950
1404
-1789
1826
-716
-212
1197
-1769
1824
-1969
1736
-2245
1771
-1355
1040
-1027
867
-1266
228
119
-504
1122
-1992
2245
-1430
574
515
-524
227
-415
1741
-2378
1897
-518
-1036
1578
-1168
-73
-850
1555
-2115
2088
-2041
969
176
-1812
2343
-2487
552
589
-1005
1117
-421
-605
481
390
-588
713
275
-586
1365
-1207
1688
-1887
2126
-902
345
896
-640
654
-629
677
-744
799
242
-204
88
217
273
-806
1254
-1109
1168
33
-429
1549
-1193
1297
-18
153
137
917
-970
1563
-1486
1106
77
286
873
-510
713
-630
1162
-1610
2204
-2399
1672
-329
-104
663
-417
-109
515
-370
5
942
-1272
1338
-575
502
-101
99
-78
-101
460
-563
76
758
-1118
1076
-141
-974
833
-393
-314
823
-565
421
-593
248
-91
-36
-62
-191
914
-1138
1701
-1300
1119
-1276
1357
-1195
1606
-1183
945
245
-1037
1455
-602
50
358
-242
385
554
-1242
2474
-2628
2047
-1852
2051
-2347
2250
-1815
1086
-850
278
519
-912
1258
-1118
1530
-1571
1885
-1978
2166
-1728
1389
-1074
713
298
-1069
1438
-1245
-269
1572
-1358
964
284
-1354
1629
-927
-862
1864
-2109
1577
-1058
1214
-1083
1609
-1054
558
150
-725
1236
-747
634
-553
607
-38
498
-397
777
-572
598
-1491
1948
-1887
1135
-266
348
-1582
2638
-2639
994
499
-1821
2211
-2162
1970
-1139
836
-644
656
-567
902
29
-255
709
-398
125
994
-712
333
607
-856
1439
-1551
1969
-1658
1688
-1166
923
-1545
1352
-806
629
605
-1787
3212
-3140
2250
-597
-830
1608
-1214
1402
-640
787
-432
655
-612
881
671
-703
1631
-1609
1116
-1033
1510
-775
195
43
984
-857
349
66
-442
-238
632
-115
216
-888
1410
-873
-272
789
-371
-435
627
-592
317
-121
-656
1509
-2169
2125
-2082
1493
-1251
821
-823
485
-799
598
-219
403
-978
-65
260
-1582
2036
-1164
-319
623
-481
-418
70
-264
433
-758
1199
-685
-378
513
-422
-515
108
53
-460
317
379
-1503
1421
-2099
1650
-1448
1079
-340
95
-612
1299
-1389
539
612
-1899
2207
-1882
1993
-1783
989
-775
-227
259
796
-1213
530
404
-496
156
268
-1274
1660
-1351
1258
-783
-138
286
187
-164
264
60
-183
1284
-401
909
-1459
1597
-70
-320
1808
-406
227
1185
-1420
2425
-2527
1897
-865
1051
-889
1386
-565
511
319
-1388
1585
-1303
569
189
144
-645
1614
-1469
2141
-1479
933
-414
352
-335
334
-295
809
172
-762
1325
-787
320
-440
930
-1091
1018
-467
77
-47
-265
-363
556
-296
-748
688
-736
295
-214
-271
424
-386
182
67
33
-502
64
49
248
-1310
2399
-2778
1876
-409
-857
2003
-2585
2823
-1993
363
564
-386
-434
1391
-1794
1749
-1179
-390
1943
-2675
1406
339
-429
-418
1277
-1893
2372
-1907
899
537
-1571
1668
-808
-2
-3
40
12
681
-495
421
-80
216
346
-836
837
-1125
1776
-1465
1438
-1188
345
39
33
117
-650
1160
-1765
1435
-617
199
113
462
320
-1746
2492
-2440
1514
-772
203
784
-1121
2304
-2930
2455
-1996
1638
-1617
1189
-222
211
-220
826
-325
-1208
1770
-1849
1464
-437
-1285
1499
-1119
-103
1525
-1498
1032
-1246
809
510
-1190
1330
-944
222
287
-116
94
-30
-41
-257
866
-520
159
119
-394
335
-702
604
10
-1009
1277
-872
756
-656
1069
-1787
2283
-1665
688
257
-566
50
1448
-1499
1935
-853
631
38
-479
469
-553
1255
-1331
2239
-2547
3160
-2768
1980
-1485
442
72
-553
1412
-2207
2354
-2790
1759
-978
-396
701
-837
535
-1063
1900
-2962
2575
-2364
1223
-724
475
-48
-504
5
-821
1026
-1515
1015
-1509
1824
-1616
1338
-827
-768
294
-1122
946
-738
-420
180
-62
-166
40
-985
755
-961
1227
-712
-132
147
178
-910
1056
-323
-1332
1104
-836
563
-1231
1601
-1332
742
13
-943
846
-1875
620
443
-1372
1394
-953
502
-935
433
-240
-473
-571
780
847
-2389
3172
-2140
464
394
227
-940
1212
-1229
906
310
-129
624
-1023
1554
-1934
1568
-1037
1277
-2671
3240
-1725
-108
1592
-1630
1292
-652
1813
-1898
1478
-1048
650
-293
755
-1040
1879
-768
252
-142
304
-1110
1711
-865
1366
-1717
1058
-50
-1366
2138
-338
-976
1022
849
-2074
1513
-1275
430
6
169
982
-1129
629
559
-1448
1380
-622
781
-38
944
-885
972
-1285
797
-653
-299
839
-494
-58
194
514
-707
481
-735
-93
752
-1776
680
875
-1793
1081
234
-1385
1057
-1928
1699
-1665
-580
2485
-2872
427
-167
-1364
113
575
-1220
1855
-2498
2273
-659
-1741
1873
-1573
136
849
-737
-66
-114
-1125
1325
-2088
1761
-512
-312
393
434
-1480
1163
-1430
1076
-870
-700
1074
-1793
1385
-1635
1349
-2160
1609
-1523
837
-113
-22
-386
630
-889
-643
1445
-2237
2280
-1786
1160
-1036
695
-386
-352
-165
647
-581
355
650
-840
311
-556
894
-393
-485
1902
-1811
1091
133
-293
39
-409
885
-638
716
-638
1222
-704
669
-212
552
-728
607
-300
806
-676
-1009
1973
-1653
1058
-1166
2153
-2117
598
541
-629
-707
859
-586
-102
415
-1312
1425
-2824
1739
-548
-1177
1617
-1086
469
-132
-519
311
-551
705
-655
1050
-731
-717
854
-1690
1210
-759
20
-397
387
-815
997
-1603
1073
-23
-1700
2427
-2054
549
276
-569
128
-196
580
-793
136
-129
402
-1100
540
436
-1658
1136
38
-835
241
-575
356
-828
-256
902
-1696
859
-474
307
-844
565
-1378
355
-131
536
-391
518
-601
302
306
-1045
1298
-2137
1346
-1323
117
-172
20
-420
-978
192
-149
-507
-14
318
-920
485
-595
9
-1026
-767
-402
-1004
-283
-126
-726
279
-58
699
-899
203
1321
-915
1124
104
761
-395
519
497
399
-481
204
539
-847
1119
-678
768
-969
465
-486
393
-428
-159
-322
-540
704
-858
184
-720
34
-791
259
-661
763
-118
-752
966
-945
713
-1027
263
-395
-604
186
9
-437
-592
-22
-1163
-660
-200
-170
-739
-3
-590
58
-680
-549
-282
-659
-939
1051
-460
122
-100
535
-385
217
316
-227
593
553
242
646
592
-549
704
-1066
1379
-313
-424
1287
-39
-479
1031
-128
-183
-270
-291
725
-1294
1533
549
-101
515
954
-905
31
271
-301
532
453
953
-16
195
249
-1474
-93
-92
-209
479
620
-278
-156
-466
-427
-499
-233
210
-65
324
197
-513
-783
-625
-862
-677
188
-971
182
140
-1496
144
-1674
-757
-572
-667
-367
-146
-1447
-33
-1134
-379
-958
-878
28
-863
-35
-321
-472
-1285
477
-35
-710
105
523
-182
-359
509
-539
170
-192
1787
-371
-192
470
303
449
547
757
612
137
1364
1110
130
1523
326
1798
242
1061
1157
869
1602
1754
1150
1753
983
1569
1452
973
1996
1882
1480
2629
1553
2176
1421
618
278
-446
378
644
816
369
732
-983
-1315
-2270
-2131
-2766
-2730
-2258
-2463
-2227
-2472
-3465
-4012
-4556
-4699
-3910
-3533
-2828
-2906
-2798
-2865
-2812
-2915
-2703
-3099
-1676
-1686
-656
-523
607
-905
-630
-332
452
-93
898
1394
1149
449
638
2862
41
2934
2185
2312
2978
3283
2978
3986
3596
4879
5544
4698
6185
5152
5309
6042
5110
4942
4010
1794
2589
3120
3550
2947
2382
1439
336
-1352
-1852
-2634
-2483
-2347
-2801
-2070
-2880
-4016
-5729
-6651
-6187
-6403
-5269
-3602
-4077
-3904
-4738
-4996
-3981
-3674
-3272
-2249
-1491
-687
-210
0
295
-1089
-519
-336
1111
1468
1047
404
-1000
-2012
-2177
-1573
-629
-410
-751
-1155
-1403
-2068
-3180
-2646
-2809
-1618
-536
-316
537
-100
-881
-1449
-455
651
2354
3475
4509
3520
4181
4560
4396
5703
6235
7723
7907
9754
8524
7308
6050
6438
4399
2734
4353
4618
5677
4518
2808
307
-877
-2275
-2996
-3400
-2071
-2078
-3575
-3290
-4733
-6210
-7906
-9050
-7769
-6437
-5822
-4408
-4445
-5060
-6169
-6000
-4303
-2901
-1759
-371
511
706
840
502
940
313
524
1518
2659
4362
2993
1431
-1016
-3507
-3399
-2273
-1030
212
-674
-1670
-2965
-4062
-5316
-5911
-4911
-3730
-2338
-622
-561
-2172
-3000
-4283
-2518
-353
2390
3987
4004
4260
4275
4456
5838
7015
8000
8980
10373
11650
12778
12435
11684
9339
7582
6373
3735
5693
5806
7046
5917
3083
553
-2070
-4488
-5538
-6802
-5238
-3679
-4488
-4591
-7023
-10214
-11816
-13091
-9724
-7521
-6057
-4433
-5562
-6210
-6212
-6301
-3285
-1599
-409
2243
2883
3599
3272
2458
2662
2750
2637
4764
4983
5668
3490
1405
204
-3475
-3055
-2078
-1018
-79
-2407
-4281
-5944
-6911
-6464
-7614
-6342
-4926
-4305
-3007
-3555
-4326
-5466
-5632
-2633
-23
2261
3817
2314
2148
2177
3776
6231
7712
9213
9001
9236
9902
10629
11530
13056
13402
14177
13947
12079
10895
4698
702
1644
4304
8230
7355
3235
-500
-5459
-8666
-10212
-9749
-6012
-5749
-5936
-5147
-8412
-10956
-14523
-15268
-11475
-8821
-4364
-2039
-3248
-5338
-7538
-6693
-3006
-512
3185
5707
5157
4742
3469
3474
3366
2227
4264
6513
6459
6062
2992
593
-2043
-4804
-3554
-3329
-1737
-2092
-4807
-6080
-7891
-9142
-8330
-6839
-5436
-5098
-5291
-3352
-3346
-3365
-2666
-2277
-105
1503
3542
4200
3653
3657
3381
4645
7224
8699
8931
8876
8368
7963
8270
9375
10510
11255
12751
12518
11739
12574
9176
8430
61
-4259
-718
3667
8483
4592
-1282
-4286
-8502
-10573
-11241
-11616
-6899
-6921
-6185
-4283
-8399
-12160
-16426
-16781
-9867
-6200
-1220
199
-4720
-7065
-7723
-5007
616
2578
5550
6832
4105
4342
4242
4192
4175
1911
4804
7765
6420
5351
1122
-2099
-3134
-4976
-1223
1454
-723
-3653
-7403
-7086
-4520
-5568
-4305
-4340
-4056
-2290
-3434
-1684
-1671
-2858
-584
643
3287
4607
2597
2305
731
1279
4170
5069
6524
5659
3765
3847
2595
3551
4958
5056
6708
6063
6835
8298
7629
6926
7985
8114
8861
5216
-3551
-2835
-481
4901
5703
1234
-329
-3174
-7586
-9038
-11783
-8086
-4825
-5027
-1979
-4392
-9041
-11989
-15417
-10991
-6612
-2952
1742
-1863
-4796
-5378
-4991
-1106
1205
4024
7850
6322
4828
5421
4711
4819
2804
3531
8313
8105
6517
4043
390
-1793
-3745
-2526
1335
1976
561
-2385
-4921
-4283
-4891
-5115
-3142
-2905
-1504
-1075
-1005
-1437
-3464
-3607
-2047
-112
2193
2943
1085
-547
-2057
-785
1053
1895
2494
1469
140
85
-23
1405
2372
3104
2829
4837
6772
8472
7695
7860
9325
9499
5317
-3757
-2440
2696
9555
9011
3918
1154
-1196
-4366
-7640
-9606
-5755
-2037
-898
228
-3100
-8877
-13044
-15068
-9808
-4432
469
2759
-2526
-6407
-6707
-4328
-133
2580
5950
8819
6271
3956
4024
4732
4513
3196
5233
9599
8877
5816
1786
-2185
-3757
-5017
-2441
1153
2169
-476
-5052
-7642
-6933
-6612
-6055
-4895
-4349
-3023
-2498
-3119
-4657
-6609
-5512
-3466
-1203
1576
1978
-54
-2506
-2939
-672
2022
3023
3069
2194
1695
1411
1759
3651
5341
6285
6192
7675
9929
10908
9336
10980
10065
11083
4824
-2189
642
4916
10829
8162
2477
760
-2801
-6304
-8230
-10952
-5006
-2608
-2439
-1879
-7614
-11818
-14475
-15294
-8575
-4393
0
898
-5296
-7171
-5980
-3247
1334
3436
6835
9105
5278
3789
4318
4725
5681
4291
6687
10034
7103
4126
-252
-3276
-2626
-2659
-302
1405
-947
-3202
-6938
-8213
-5980
-5697
-4396
-4272
-5377
-4004
-3918
-4159
-4988
-5913
-3171
-1354
-582
933
-246
-1413
-1918
-1139
2126
2946
2758
1443
514
1502
2101
3265
4973
5816
6174
6034
6866
9159
9537
11096
11194
10592
9919
1641
-2340
347
5866
11312
7477
2419
-789
-5476
-6888
-9583
-9039
-2553
-1578
-1088
-3759
-10260
-12970
-15006
-12172
-5603
-2389
1708
-435
-6534
-7718
-6197
-1588
3354
5047
8469
8146
3739
2031
2011
4589
6050
5219
7802
7748
3927
567
-4082
-3888
-2586
-2216
-156
-782
-3076
-5741
-9263
-8889
-6160
-3717
-2157
-3989
-5446
-5229
-5201
-4011
-4171
-2826
99
358
476
38
-95
-2
-238
1848
4759
5617
4524
2327
1486
2625
3209
5343
6674
7976
8227
6738
7700
8588
9962
11824
10724
11142
5773
-2101
-1166
2610
9648
9372
3068
-241
-4007
-6260
-7527
-10354
-5781
-2315
-1894
-2075
-8375
-12532
-14214
-14229
-7957
-3602
-146
1144
-5121
-8957
-7692
-3788
2177
4624
6239
8323
4070
1221
1080
2874
6601
6006
6281
7598
4005
612
-2841
-4952
-2955
-1306
550
754
-2891
-6197
-8819
-9146
-5182
-2851
-1404
-1997
-5040
-5971
-5857
-4673
-3100
-2450
256
1372
308
-235
-696
-312
647
2360
4985
5987
4614
2176
636
2058
4293
6026
7203
7986
6540
6241
5990
8335
9419
12334
13055
12478
7874
-3044
-4794
241
9201
12215
6487
1087
-2967
-7397
-9082
-11266
-7306
-1119
-450
-1003
-7122
-13712
-15665
-16723
-11105
-4638
-98
1881
-4895
-11599
-11663
-7258
-760
3780
6045
8054
3986
-1392
-1569
1050
5846
7516
7180
8238
5020
518
-2585
-4547
-2572
155
2276
3032
-1034
-6494
-9292
-9442
-4526
-489
843
231
-3991
-6552
-6746
-5465
-2493
-575
1544
2627
55
-1561
-2163
-1446
879
2770
5329
6158
4014
1407
-800
696
3655
5356
7218
6368
5622
3234
3329
5344
9968
11654
11378
11262
9830
9631
-31
-5120
-1645
7446
14890
10165
1255
-4006
-7669
-8553
-8990
-7313
-414
545
-2420
-7484
-14812
-15846
-14836
-11645
-5407
-2854
-635
-4231
-12186
-13478
-8608
-1559
3976
5048
6132
4535
-1870
-3307
336
6238
10477
8708
7122
4950
74
-791
-1808
-838
2321
2524
3387
369
-4270
-7098
-8749
-5691
-401
1085
667
-3820
-7483
-6957
-5397
-3121
-1852
-454
1291
-801
-2866
-2943
-1993
404
1878
3294
4650
3485
1135
-690
-269
2730
4705
5641
5880
4114
3079
2338
4357
8197
10491
11743
10018
9048
8065
8840
2932
-1997
-825
6079
12818
8933
1147
-4541
-6363
-6530
-7504
-6968
-2049
-1531
-4176
-8498
-13879
-14577
-13528
-10630
-6551
-5429
-3401
-4898
-10242
-12225
-8580
-1181
3887
3741
4107
3688
-329
-1802
1378
8001
11870
9064
6409
4393
2308
1592
1737
2994
4181
2587
1066
509
-1029
-2093
-4168
-4373
-2378
-2001
-1902
-3284
-5180
-4682
-4655
-4220
-3877
-3503
-1757
-1598
-2757
-1975
-929
473
462
41
1345
1925
2010
1964
1476
2322
2714
2682
3814
4071
4604
4304
4655
6117
7178
7585
8787
8675
8819
8176
8416
8037
751
-1687
500
7016
10276
5845
-461
-4670
-7149
-7533
-8054
-5138
-912
-1966
-5199
-10781
-15548
-14586
-11668
-7072
-4382
-4540
-4580
-8174
-12424
-10973
-4843
2044
4115
2492
2679
799
-2270
-1142
3471
9196
9953
6961
4830
2409
891
1796
2424
3652
4290
3143
3209
611
-1052
-1985
-2664
-1273
-396
-292
-168
-2925
-4207
-4263
-4131
-2856
-2954
-1631
-812
-2357
-2829
-2380
-1255
-533
-1380
-247
924
1046
859
-285
-252
197
488
1479
2202
3056
2928
2401
2418
3133
3844
4811
5098
6471
8020
9284
8381
6867
3868
-1234
-569
3325
10151
10864
5115
-2046
-5952
-6369
-4341
-3227
45
1622
-2009
-6420
-11021
-11581
-8983
-6757
-3974
-3691
-4589
-6066
-9315
-10858
-7930
-2324
2248
2237
-270
-1519
-3405
-3723
-530
4973
9165
7396
2898
719
200
1924
4121
6360
7608
5889
1885
-770
-839
1531
3615
3493
2885
855
-1468
-3235
-4243
-2869
-489
292
-986
-3989
-5494
-5560
-5365
-4169
-2962
-1867
-1885
-3694
-4197
-3591
-2164
-884
-715
43
32
-837
-1521
-1265
340
1213
1286
1549
1901
2673
3600
4415
5032
5598
5892
6566
6068
7069
7221
7214
4593
1193
1002
3569
6769
6145
3237
-36
-1769
-3011
-2393
-1314
767
1235
-1131
-4232
-7220
-7604
-6147
-4121
-2185
-2569
-4608
-6689
-8955
-8856
-5256
-1446
468
-771
-2761
-3496
-4403
-2983
1064
4947
6153
3640
1103
306
775
2475
4581
4393
3308
857
-273
54
301
942
1016
1051
590
-729
-2154
-1968
-1823
-904
-1107
-2083
-2909
-3515
-2879
-2380
-2189
-1679
-1672
-1548
-976
-447
590
757
630
417
87
312
679
989
1459
1700
1595
1236
579
509
703
1048
1729
1730
2068
1555
827
1091
1585
2558
2795
2463
2153
1444
867
467
130
470
1463
2417
2287
1582
628
95
-113
591
1433
2459
2477
1385
-169
-1302
-887
-315
237
685
-52
-1408
-2630
-2609
-1519
-421
363
547
-417
-1696
-2281
-1912
-942
-92
315
-264
-1597
-2852
-2970
-2351
-1428
-1092
-1516
-2114
-2936
-3247
-2757
-1439
-319
-141
-733
-1101
-1328
-994
-604
275
1474
1889
1686
1263
991
1229
1632
1992
2558
2837
2841
2596
2240
1886
1612
1441
1040
182
-1057
-1853
-2146
-2119
-1858
-1382
-1363
-2365
-3825
-4540
-4399
-3982
-3178
-1913
-1044
-828
-1729
-1792
-1390
-479
466
1365
2145
2141
2013
1698
1832
2608
3775
4603
4610
3757
3211
3392
3682
3565
3635
4260
4436
3441
2363
1795
1772
1762
1327
1228
937
216
-794
-1415
-1452
-1311
-1297
-1372
-1906
-2503
-2791
-2987
-2825
-2843
-2421
-2094
-1991
-2193
-2181
-1759
-1203
-920
-887
-1133
-1311
-1159
-813
-397
-180
-295
-302
-389
-527
-498
-560
-234
118
511
516
321
-198
-1025
-1683
-1804
-1483
-1259
-1375
-1815
-2295
-2478
-2240
-2168
-2291
-2974
-3133
-2518
-1699
-795
-576
-763
-743
-589
-158
635
1483
2165
1972
1710
1658
1836
2412
2865
3050
2864
2613
2398
2429
2441
2749
3026
3235
3010
2393
2041
1906
2175
2645
3288
3456
2800
1475
730
946
1758
2393
2395
1770
649
-326
-817
-614
5
478
283
-392
-1240
-1546
-1292
-865
-472
-131
-88
-524
-1200
-1623
-1493
-1196
-1074
-975
-918
-1149
-1906
-2620
-2735
-2517
-2163
-1991
-2127
-2317
-2898
-3439
-3526
-3307
-2988
-3000
-3057
-3276
-3590
-3827
-3804
-3391
-2874
-2434
-2045
-1765
-1888
-1884
-1527
-452
-95
-52
507
888
1071
1440
1832
1935
2229
2545
2044
2262
2258
2092
2618
3052
2949
3157
2393
1680
2096
2121
2170
1995
2289
1923
1824
2167
1869
994
1090
1506
1478
1684
1997
2265
2120
1522
906
786
1546
2005
2033
2000
1412
743
654
1232
1568
1719
1739
1468
1012
860
731
671
986
1203
1241
1025
571
32
-190
-416
-510
-400
-256
-608
-1596
-2468
-3027
-2876
-2477
-2404
-2627
-3193
-3985
-4524
-4400
-3855
-3439
-3714
-4188
-4507
-4454
-3926
-3280
-2921
-2626
-2416
-2002
-1637
-1442
-1086
-538
-26
274
428
912
1481
1788
1875
1812
2041
2223
2249
2457
2750
2959
2771
2205
1757
1610
1612
1715
1735
1797
1602
1064
583
295
612
994
1009
909
682
526
421
158
146
435
837
1116
1008
851
584
363
495
992
1426
1484
1237
981
895
749
733
858
1032
1139
936
706
608
247
-22
-248
-261
-240
-508
-862
-1354
-1902
-2248
-2185
-1842
-1628
-1892
-2206
-2502
-2848
-2919
-2869
-2567
-2081
-1931
-1971
-2083
-2146
-1909
-1338
-694
-116
353
415
184
170
485
1040
1613
2006
2164
2196
2037
1621
1572
1875
2121
2120
1902
1437
986
405
-55
-120
-99
-102
-306
-563
-957
-1386
-1659
-1618
-1588
-1361
-1231
-1217
-1133
-1171
-1114
-966
-594
-267
160
583
888
1131
1225
1391
1622
1945
2300
2674
2979
3070
2884
2601
2512
2646
2875
3020
2914
2570
2076
1710
1350
1175
1081
720
205
-367
-1016
-1565
-1848
-2083
-2111
-2238
-2420
-2619
-3006
-3287
-3416
-3243
-2955
-2727
-2458
-2251
-2262
-2339
-2161
-1898
-1346
-926
-688
-462
-261
-102
10
82
430
875
1200
1461
1313
1320
1261
1271
1447
1613
1527
1139
596
272
291
322
368
185
-101
-453
-779
-847
-832
-836
-741
-814
-811
-909
-1065
-1165
-1392
-1357
-1032
-609
-277
-244
-398
-333
-58
428
805
1126
1390
1466
1519
1739
2198
2569
2603
2491
2538
2716
2693
2505
2411
2524
2629
2329
1949
1586
1282
898
663
535
487
267
-267
-779
-1172
-1317
-1436
-1697
-1917
-2096
-2052
-2004
-1919
-1758
-1726
-1730
-1706
-1530
-1140
-705
-455
-395
-508
-658
-604
-320
62
396
592
525
327
195
298
679
921
947
743
519
401
403
523
631
462
165
-127
-175
31
140
132
91
-32
-99
-124
-196
-265
-270
-304
-325
-402
-326
-195
-303
-327
-331
-112
102
35
89
277
611
988
1271
1430
1556
1585
1622
1783
2012
2238
2220
2037
1668
1339
1126
1031
1015
945
613
159
-231
-583
-791
-909
-1059
-1123
-1474
-1991
-2388
-2534
-2438
-2201
-2084
-2031
-1960
-1933
-1883
-1672
-1386
-988
-597
-232
19
206
312
446
755
1096
1351
1441
1475
1373
1367
1280
1250
1264
1167
964
765
521
414
292
67
-53
-266
-409
-599
-826
-881
-1052
-1249
-1348
-1335
-1314
-1430
-1606
-1630
-1558
-1471
-1334
-1151
-963
-899
-870
-730
-464
-102
273
544
733
997
1338
1583
1799
1923
2100
2264
2415
2551
2674
2708
2674
2519
2258
1998
1792
1680
1588
1413
1126
685
204
-158
-383
-494
-739
-914
-1158
-1420
-1804
-2006
-1998
-1806
-1690
-1675
-1529
-1457
-1515
-1507
-1277
-854
-460
-299
-189
-175
-148
-105
-32
269
496
578
624
529
383
229
104
174
160
179
161
-47
-139
-222
-227
-174
-222
-210
-146
-233
-231
-291
-281
-324
-461
-347
-330
-327
-314
-326
-354
-423
-420
-317
-148
-35
50
143
252
287
432
660
799
792
836
945
1027
1033
948
1006
1047
1013
911
970
1097
1037
888
707
700
714
747
711
689
588
277
16
-107
29
168
248
177
9
-191
-322
-338
-181
-91
-145
-310
-365
-292
-363
-437
-536
-570
-556
-626
-735
-728
-703
-658
-708
-795
-814
-909
-968
-1041
-1065
-947
-965
-1063
-1106
-967
-720
-541
-437
-390
-372
-236
8
344
574
574
475
507
568
604
581
681
796
776
716
679
669
572
451
522
745
918
924
753
659
466
354
373
577
676
472
138
-117
-170
-122
2
-14
-93
-247
-261
-123
3
-19
-69
-95
9
106
72
75
24
129
255
394
501
550
676
751
783
916
988
1064
1122
1113
1118
967
829
758
711
680
561
353
137
13
-89
-144
-266
-423
-592
-839
-1106
-1229
-1244
-1185
-1228
-1346
-1421
-1624
-1688
-1680
-1613
-1426
-1373
-1347
-1346
-1448
-1432
-1440
-1312
-1165
-995
-879
-914
-948
-980
-867
-659
-453
-318
-224
-97
8
178
322
409
526
605
687
717
742
848
900
896
823
740
732
711
684
696
750
766
673
505
402
393
470
530
424
240
39
-52
12
178
287
325
316
310
308
260
328
408
642
820
785
642
526
536
603
668
638
639
496
351
256
245
307
224
85
-29
-117
-196
-310
-419
-450
-472
-573
-686
-728
-793
-871
-878
-872
-865
-892
-907
-927
-961
-1033
-1079
-1060
-1094
-1170
-1269
-1314
-1288
-1285
-1382
-1411
-1400
-1251
-1006
-790
-669
-748
-908
-987
-926
-737
-448
-277
-266
-398
-584
-585
-501
-344
-138
85
228
175
146
156
263
437
556
696
804
850
831
862
956
1119
1269
1331
1372
1439
1548
1561
1520
1482
1538
1569
1558
1515
1444
1315
1078
892
835
833
841
758
621
452
299
173
113
144
89
-6
-166
-332
-337
-252
-228
-313
-464
-533
-521
-491
-437
-394
-419
-565
-696
-702
-585
-662
-778
-833
-827
-843
-1014
-1104
-1142
-1230
-1334
-1430
-1354
-1235
-1235
-1274
-1348
-1366
-1368
-1382
-1332
-1169
-1026
-959
-1039
-1166
-1227
-1116
-882
-613
-383
-296
-243
-180
-42
171
381
557
645
802
978
1115
1230
1188
1265
1390
1514
1625
1689
1660
1540
1414
1386
1487
1493
1436
1323
1232
1063
893
758
649
589
469
434
423
369
187
-59
-246
-357
-364
-342
-320
-462
-555
-589
-651
-650
-704
-801
-810
-700
-636
-670
-783
-918
-895
-773
-662
-656
-658
-631
-631
-727
-762
-671
-620
-613
-567
-495
-400
-422
-501
-549
-554
-516
-459
-334
-287
-340
-412
-464
-451
-407
-395
-399
-372
-275
-151
-44
27
58
31
56
179
307
412
407
363
419
547
693
786
781
738
713
681
787
929
984
945
756
572
542
597
627
567
436
293
161
80
118
120
112
60
-61
-142
-226
-345
-401
-466
-538
-585
-638
-682
-774
-872
-948
-1029
-1107
-1104
-1104
-1065
-1072
-1151
-1190
-1257
-1290
-1214
-972
-711
-660
-756
-772
-754
-697
-483
-252
57
160
112
107
165
247
426
540
621
655
618
666
653
662
606
626
649
654
617
542
486
443
435
408
386
273
195
119
134
64
22
-185
-297
-526
-515
-736
-635
-660
-387
-299
40
619
443
788
104
294
-280
-57
-411
-305
-506
-327
-87
-67
251
50
448
-102
785
-169
-732
-322
-1157
-549
-643
-835
-1100
-665
-953
44
-10
-135
258
-591
-210
-1240
-1514
-1007
-995
-130
-70
436
-818
-253
-1537
-967
-1107
-82
499
984
1352
189
695
-629
596
-523
976
815
1562
1455
1417
1182
237
628
-572
540
-266
616
276
777
590
964
878
699
773
190
513
95
269
140
143
407
418
642
193
137
-392
-369
-259
-38
317
400
728
364
313
-177
-121
-127
-191
-184
-50
-144
-177
-1368
-1453
-2078
-2462
-1806
-1176
-131
659
1223
1346
182
-403
-1011
-1745
-1869
-775
-962
410
478
634
608
-468
-377
-1325
-742
-1030
16
-26
855
702
989
682
-239
-130
-807
-610
-896
-282
-61
387
180
126
74
-257
-383
-719
-611
-804
-784
-69
502
496
1074
1152
652
424
419
28
9
385
656
1263
1424
1788
1527
1194
1313
650
618
191
46
-329
-87
-261
-292
135
-295
30
-411
-390
-791
-672
-743
-518
-38
48
505
29
160
-701
-825
-1290
-1175
-634
-367
1358
2403
494
1051
390
-1483
-873
-649
-656
246
757
976
541
-27
-1416
-1435
-1388
-1342
401
-45
784
-287
-251
-820
-1298
-1786
-377
-858
-129
776
-362
180
-298
-1086
-616
-1793
-388
-1123
-119
1588
-350
976
1127
-986
271
694
-2213
1509
-851
40
955
-865
942
379
-432
986
-67
-1022
1475
-1531
-300
1259
-740
1959
-681
-456
2894
-1554
1695
-165
291
-977
620
118
-1197
1477
-354
1686
1110
348
348
-92
-888
485
1143
157
3028
520
981
2404
-798
-87
1453
-1752
1314
1750
-765
1425
544
-1516
3417
-2052
418
1869
-3028
1599
-2309
-219
-1703
772
-525
1124
-1203
-1062
-976
-1738
-1742
-2224
-1069
-5
-2394
1128
-2441
-212
-2131
-1543
128
-2247
-1737
978
-2226
-532
1454
-4161
4309
-4050
2402
-938
-2900
1132
-350
701
2067
433
1722
-83
-1385
2681
-2247
868
1908
700
1752
1130
1113
-1228
397
602
75
3302
-109
1232
1539
-1446
2186
-1306
-100
2443
-2240
1885
2944
-2489
2784
1314
-2135
2627
-977
2167
1021
605
4809
-2504
751
3532
-1830
332
2911
-1288
2680
908
962
1736
-3542
3614
-3259
1812
338
-831
326
13
-1720
2672
-2342
-2608
1038
-4527
856
-2460
-1529
-253
-2056
-1002
480
-4521
-1187
-190
-4360
227
-1202
-2115
303
-293
-1749
371
-2016
-1696
-1035
-1318
873
-251
-83
1693
-1093
-472
2389
-2153
101
322
1432
653
-153
2988
-1500
405
1002
-1005
943
-1250
2506
-782
-179
2211
-1228
-1043
1857
-773
955
796
-1912
2792
-3807
2964
-1900
1738
-13
444
2764
-461
-332
1955
669
-485
3280
465
2119
-16
2560
-832
2279
442
1373
2259
-339
1938
114
936
634
857
467
1740
-1546
1663
-260
-1640
543
-2568
1876
-2299
705
461
-1907
-477
-1316
-2890
-2152
948
-2337
258
-744
1274
-2506
-238
787
-3497
410
-1703
-636
73
-1044
1993
-1183
-71
1074
-1884
-742
970
-1770
-70
1133
57
136
-252
1253
-2893
1660
-2813
1033
-290
-842
1134
-831
792
-2473
2472
-3031
1991
-2605
-14
1242
-2301
1747
-389
-2189
1441
783
-2777
3364
-352
-2073
3707
-1355
1409
103
885
937
-134
1800
1274
403
367
3839
-3510
4065
-392
396
722
2185
471
-709
4072
-1156
610
360
-177
-354
-479
1169
765
-1458
1917
181
-1988
-178
1140
-2647
86
2108
-1984
1134
56
610
-2644
2091
-1038
-1767
1346
-1500
1832
-2071
2335
-1258
-520
-440
719
-1811
-150
898
-1740
897
1360
-1412
-400
-298
-1391
-78
-632
-309
-797
617
-1863
592
-2354
1689
-1559
-1750
1826
-2051
47
941
-1161
-156
-79
850
-1108
1603
-1096
1090
-1032
1140
590
-908
4528
-2557
1990
-726
2733
-2035
1062
3152
-1954
2743
722
910
-637
2525
-1932
3216
-318
-185
4273
-3030
3022
-366
-171
1036
60
605
129
381
-949
2122
-1309
296
-675
855
-838
-116
1341
-2511
1683
-3102
3116
-2785
-8
801
-539
-1481
2075
-2407
253
-283
-1093
1515
-3131
3099
-3579
2339
-1250
1060
-289
-887
-189
-14
-1507
1117
-1294
-149
904
-1346
-384
895
-2979
466
-112
-1204
-654
287
-844
-454
576
-2810
1381
-1986
1050
-1799
914
282
-656
-774
1918
-1750
-1041
2297
-1768
331
1040
544
246
-178
2213
-1230
2015
1535
-27
1479
1172
1696
-464
2231
828
1690
-85
3541
-204
217
2587
-85
949
2131
-1683
2516
-770
893
319
-522
78
965
-1075
47
757
-3769
4050
-4371
2722
-1635
-877
-339
-1217
-735
-898
649
-2649
2680
-2706
1928
-2397
237
2
-1459
643
-223
-182
-820
1445
-963
-487
-59
-632
-452
-939
821
-1281
138
-247
-710
-330
-1441
155
-1515
694
-2323
1964
-2550
181
-318
-1562
1884
-2138
2194
-2775
3182
-4384
1191
1314
-3372
4015
-2788
2900
-2607
4421
-2054
1559
-144
153
1151
-338
3553
-1128
2623
-251
3443
-2820
3821
381
-2418
4887
-1403
503
4249
-2234
2304
599
-428
910
-319
310
2165
-2564
1389
2277
-3715
3089
-2072
777
-1356
-480
572
-1430
-70
404
-1666
350
235
-2815
2477
-1732
-806
1526
-1228
4
794
-1211
1956
-2020
153
1808
-2644
892
1083
-1546
-360
2024
-2422
1699
-1536
1751
-1233
-105
808
-1406
480
-1930
1265
-1143
901
-1974
2961
-3734
1118
-65
-1723
1356
-1127
987
-431
-963
653
-611
-2136
2637
-2852
820
1370
-499
-462
1752
-1066
1348
-1370
726
1191
-775
991
1643
91
-29
1376
1024
-432
499
1883
-1528
2525
-200
974
1946
-2641
2888
899
-2948
2533
372
-1856
2132
-334
182
-1044
-330
1472
-2238
456
890
-1022
-1411
2448
-2149
692
-1536
543
566
-2380
2384
-1227
-656
-321
1693
-2953
1993
-2681
1782
-691
-1002
1360
-534
-1073
37
480
-777
-779
728
780
-1550
1391
-963
520
-1895
1536
-87
-1907
993
846
-1780
869
277
-752
-390
-82
-323
-827
-150
598
-848
-460
1659
-2459
1268
253
-1293
1590
-1040
1492
-1131
1476
-921
1023
-35
743
717
1033
910
-1492
3139
-2689
2851
-155
644
1589
-1128
1413
1671
-2238
2285
-830
96
1867
-917
470
423
-1047
1126
-658
506
-1018
548
463
-404
616
-1769
2381
-2268
1334
-601
-70
-235
-647
-68
-218
606
-2792
2489
-1915
-16
466
-185
-936
347
-134
330
-1574
-310
1891
-4271
2940
-320
-2522
1927
-35
-2292
1290
-875
-903
677
-2090
1984
-2469
-225
772
-1004
-599
164
-1979
216
-283
360
-964
-121
794
-2354
2576
-751
-1633
1640
-640
-139
1184
-86
-575
2154
-2859
3779
-1082
187
2231
-1366
412
2157
-1982
2924
1423
-1494
3304
-1309
1269
216
1047
-92
560
831
952
366
5
2339
-1038
751
700
886
-2386
3571
-1068
498
751
520
-123
-403
-242
1796
-2867
697
1376
-1510
-432
1685
-894
-1473
2617
-2719
916
-1705
390
-1575
1691
-2216
2027
-1769
-183
-427
-2441
1365
-2350
1679
-2284
1754
-1659
-190
-866
566
-1436
1186
-2462
1222
243
-3531
3404
-1579
-1455
2461
-1267
67
352
-1208
-661
1311
-2816
3773
-399
-1022
2447
-2429
1134
89
819
-1976
3101
-1005
-392
2220
-1218
590
1030
93
-422
1906
-669
1834
117
-899
3642
-2677
2675
2654
-4111
3598
1129
-2668
4640
-1899
984
1087
516
-1006
3784
-2531
1536
926
-616
986
-508
1470
-1061
329
778
-605
-278
1843
-2947
2210
-2512
-177
230
-3280
2688
-1217
-4964
5148
-5810
-164
1150
-3927
179
5
-3753
2862
-3718
227
815
-5114
3611
-3298
-65
-586
28
-3084
2355
-2894
1810
-2650
997
-1060
779
-2339
2165
-1854
1076
-980
681
1497
-3299
3454
-2492
2481
-3546
3947
-2555
2631
-1969
2754
-742
-464
1913
97
986
-636
2591
-2382
1821
1009
-1772
4684
-1907
2231
1288
-1128
3477
-2425
1938
1346
-836
1968
2641
-2768
4116
-1427
-533
3555
-3783
3429
-221
31
1099
984
-1925
3188
-4030
2365
-765
-565
814
-607
16
520
-1971
890
-2153
722
-899
-1470
2446
-3671
859
817
-3668
52
1502
-4744
3139
-2991
578
-936
-656
-125
-2274
1810
-2293
-1333
1215
-2985
2024
-2379
1428
382
-3295
1951
-283
-3872
2978
-1610
-2414
4328
-4585
3178
-1425
-3053
3753
-3261
-610
3971
-5655
3557
-526
-2042
2636
-1549
-1085
3640
-3247
1858
786
-2276
2558
-2003
2521
149
7
1846
401
119
1514
-29
359
282
1992
-864
2762
-223
1036
547
1099
-264
1432
-178
660
1151
193
146
1246
-888
2391
-2255
1969
-1262
496
-802
1124
763
-2667
3750
-4715
3472
-4033
3069
-3533
1614
-475
-1369
1831
-4461
3111
-2761
1025
-1393
870
-1772
673
-1844
1305
-1856
-937
448
-423
-1901
2111
-2590
429
422
-3305
3541
-4781
2333
-2338
1416
-2536
1723
-1415
-1606
1911
-2392
1519
-2380
1818
-1030
-360
1485
-1518
793
-1346
1852
-1531
1083
-726
905
445
-766
2117
-514
-273
1631
53
1011
373
1552
221
1635
11
117
2588
-2215
4069
-435
145
2505
27
-268
2082
-1081
1211
262
-361
1585
-214
-1922
3969
-3306
828
1809
-3067
2343
-2243
1417
-1031
-20
-1073
1533
-2033
991
-449
-2291
1388
-2604
1603
-2091
1099
-281
-2293
1968
-1993
-136
-233
-1096
-324
624
-1962
1265
-1940
356
-41
-1560
488
-1152
-774
-272
-1099
31
-742
-752
822
-1952
-925
922
-1950
-521
77
-549
-407
-86
382
-1527
155
-1486
1178
-2151
1943
-1070
341
915
-477
421
27
-391
398
463
-169
1617
-113
1317
518
427
-908
1660
605
-256
1286
586
189
1021
422
-178
1814
-980
687
567
194
484
385
-19
744
-309
-954
2688
-1893
-1342
2634
-1687
-525
874
47
-2831
2687
-2780
1168
-632
-1051
1507
-2846
1412
-825
-717
-682
1247
-2205
-161
1235
-1899
832
-1456
674
-1058
-780
286
-1257
-671
-87
-608
-921
80
-1018
-499
-375
-384
-1698
-49
-541
-570
-1027
1420
-838
-1320
2106
-1907
-48
460
-1065
945
-461
-12
1192
-183
-254
1964
-1498
1205
1218
-2033
4370
-4089
3663
-372
-25
1137
364
-270
1093
482
-1078
3058
-3624
3862
-1238
-245
1470
1882
-2300
2792
-490
-2114
2275
-1687
594
285
5
393
592
-724
571
47
-1485
2104
-1752
307
1291
-161
-967
1262
1189
-3608
2836
-1404
275
-373
442
359
-479
-916
2387
-1927
-605
2085
-3098
1734
-649
-1669
1287
-2064
708
-53
-682
410
-1327
-143
233
-1728
1062
-1529
-730
1578
-2366
1304
281
-2104
1403
-1076
-1138
1338
-2074
1394
-642
-395
-139
598
-1408
687
-191
-492
136
1015
-1352
521
369
-759
1486
234
217
-625
1833
-885
1208
-1304
2350
-1052
1487
20
1407
-1356
667
393
-755
1895
-1159
1086
359
-699
560
1182
-1767
591
999
-2361
2018
-216
-894
2740
-1827
-449
2950
-3554
2341
573
-3330
4372
-1542
-769
2160
-780
-494
1675
-1766
2107
-1422
268
1607
-2219
1821
-586
-259
731
-1436
705
-377
-455
266
-442
-402
450
-1370
361
406
-1152
-682
841
-1548
77
-196
-633
969
-1479
398
-272
-8
-1820
1728
-1677
-67
-54
-128
-1245
1248
-1699
249
192
-1155
394
1182
-2990
1802
57
-1927
1675
30
-890
416
834
-1188
1882
-2238
1778
1102
-3170
3029
350
-1436
1181
780
-240
-1004
3383
-2294
1672
46
362
-850
2413
-1944
1955
748
-553
1833
-1225
1796
-715
1366
-184
1117
86
354
2312
-2553
1762
-505
-686
608
83
217
-627
255
229
-965
209
94
-787
-1019
1135
-2045
625
490
-1714
805
-760
-645
-798
235
-2243
1411
-1207
-439
622
-1846
1065
-1286
222
-574
-211
169
-977
-276
859
-1740
60
1602
-2854
2081
-1576
419
-624
151
532
-1117
570
28
181
-1608
2560
-2519
1500
-706
687
-523
279
901
-846
846
-759
1303
-141
689
-814
1242
947
-524
267
1160
-344
305
903
872
-1012
1771
-515
1332
-1197
1847
-762
594
560
-337
386
413
759
-1608
3044
-2508
1499
-140
443
-516
676
-656
1132
-76
-1314
748
-591
439
-131
-186
-396
461
-306
48
-427
564
-1567
948
381
-1224
1209
-621
-226
1119
-1324
227
304
-452
-1104
2302
-2618
2405
-1838
112
1671
-2219
735
712
-874
-159
667
-910
1278
-1187
605
686
-1907
2286
-1616
328
830
-790
414
648
408
-225
1291
-1141
1517
-545
1058
-589
897
390
227
933
-692
1483
-1080
2518
-1181
514
514
1260
-1254
1667
358
-886
1956
-1408
1533
-260
87
136
364
-712
1306
-564
19
1028
-2461
2413
-1899
109
85
-27
-1029
1314
-871
-476
500
-1584
825
-1062
332
-513
-185
706
-1702
942
-870
-765
412
-423
-130
-648
18
89
-702
-166
751
-1829
1378
-1403
-35
1337
-1660
479
801
-637
-223
775
-696
917
-1326
2093
-1187
533
666
-534
1050
-875
1230
-925
764
-121
635
158
47
1173
-847
1543
-1291
1461
-682
640
15
1201
-70
-583
2110
-1170
916
129
903
-199
221
422
-74
576
-348
907
167
480
-534
1050
78
-1358
1433
-1428
600
141
-664
1490
-140
-957
968
-980
-145
-131
-549
-39
837
-1915
1568
-43
-1611
373
865
-1893
188
-11
8
-900
75
-241
151
-811
612
16
-1775
1186
-1475
-311
-82
861
-2133
1950
-303
-1833
2976
-2605
641
-584
-129
-425
592
139
-185
459
-641
1341
-2304
1609
-457
-797
615
519
-911
860
204
-53
553
-758
691
-275
172
484
-194
662
62
420
549
-364
710
-183
375
410
191
-176
529
-198
-122
1063
-584
878
-299
819
-556
769
-691
-126
480
-581
1382
-849
564
538
-101
-748
556
-149
-573
483
68
356
-228
269
388
-1116
756
-54
-677
-95
333
-108
-856
1254
-1068
105
92
-597
55
-137
-345
205
-451
-616
1205
-831
84
-284
-173
844
-818
-187
846
-1
-869
1603
-235
-999
1969
-447
-312
417
558
33
-9
516
495
-208
915
312
-791
739
1191
-915
703
1277
-1073
884
298
-924
1071
239
-776
1367
-241
-364
-88
184
16
-675
705
298
-830
1004
-485
-79
-226
155
-709
519
789
-1154
396
440
96
-1459
2172
-1184
-289
301
65
127
-1154
1206
-431
-316
-297
574
-1318
-114
535
-1212
-221
1100
-1421
21
755
-1180
120
-205
-780
640
-670
-180
1038
-1615
915
-17
-1176
1149
-1466
832
-59
-918
1352
-326
-338
608
336
-906
1652
-624
480
-199
927
92
-148
889
247
321
91
635
-29
788
-609
1744
-650
-167
1249
395
-738
1378
166
-190
526
235
172
-465
830
-312
76
813
-401
81
415
-498
333
-151
336
-45
-498
276
486
-822
854
-604
209
-389
-25
198
-347
-509
934
-751
-341
1405
-1542
392
164
-888
402
40
-682
466
-477
-17
263
-789
394
-445
-602
564
-555
-442
745
-401
-768
402
-458
-548
778
-589
228
172
27
-61
-78
5
46
-123
-319
1626
-1472
1023
58
-108
-276
648
-710
162
1050
-1406
1031
276
-184
-6
1187
-1194
733
-865
1100
15
-894
1695
-309
-752
979
-625
-638
1547
-1829
1189
-141
-564
833
-792
151
212
-396
-76
112
-621
177
-393
141
340
-422
961
-1216
800
-758
-651
921
-1279
513
9
454
-675
249
-454
719
-2165
700
455
-1540
631
690
-1059
-141
783
-1194
-156
290
92
-926
892
-177
-353
-611
1298
-931
-650
1304
-112
-1305
606
590
-780
29
433
692
-1398
1176
-202
-152
-548
743
432
-988
1041
82
-517
202
534
-347
67
508
30
-405
1158
-1288
752
42
88
-401
519
-84
222
-974
835
-357
-1152
1923
-2010
530
264
-480
230
23
332
-1072
124
240
-900
-265
1076
-499
-565
1392
-1079
-102
272
-613
-44
482
-437
262
-24
8
-364
-196
232
-522
-122
386
-462
-265
338
-477
-313
401
-351
-724
564
-35
18
-745
1290
-560
-1262
2122
-1340
-608
1472
-907
47
311
-38
-36
-458
1122
-494
-437
1010
-32
-1043
1408
-375
-880
681
355
-514
-23
1460
-1426
255
925
-809
-397
1006
-402
-764
1072
-915
63
17
24
-593
259
-77
-532
-249
-61
-366
-868
766
-140
-1126
649
-281
-1077
-46
419
-1158
294
-486
224
-311
-763
175
-59
-1226
855
-395
-369
258
-868
557
-974
-69
-53
217
-1357
965
-801
-129
306
-472
12
-584
263
-471
-657
136
190
-1586
44
-608
-948
117
-987
-94
-267
-1587
1216
-662
-722
420
-991
156
-395
20
383
-827
-181
726
-1604
-144
552
-966
-349
-204
430
-502
-472
1185
-481
-977
515
235
-546
-1
1195
-20
268
648
599
-182
625
546
-518
1106
172
720
557
930
474
336
826
353
-49
286
699
-36
211
-35
-13
43
-292
416
-503
175
-434
-410
530
-417
-227
319
150
-489
295
51
-192
-432
1
148
-626
464
306
-408
236
-318
144
139
-89
305
473
-119
27
419
153
76
-200
629
-294
-426
286
211
-293
165
227
14
41
87
-202
82
-267
-535
147
-310
-276
-80
-34
-557
-135
-291
-556
252
-493
-606
224
-379
-480
204
-84
-333
-254
174
-58
-486
647
-107
-613
207
213
-910
82
506
-447
-133
615
-243
-379
311
39
-371
-109
452
-422
-16
375
-109
-226
528
472
-644
39
626
-473
-373
512
153
-450
117
135
150
-281
-380
194
-186
-443
-77
609
-418
-385
500
215
-296
-74
388
-426
-157
65
169
-125
-121
16
-81
-77
-226
135
-158
-294
69
-10
33
-168
10
199
-380
-57
198
-167
-61
147
34
-173
-317
-133
204
-81
333
179
200
-165
-14
205
-138
4
39
178
182
164
155
-44
6
-150
-92
-175
274
188
-166
473
252
87
187
395
68
-124
-113
195
16
24
453
172
-72
114
306
-132
-241
262
152
-169
317
417
197
-198
-37
261
-289
-293
159
14
-404
-189
201
-15
-399
-54
271
-225
-233
-248
56
-297
-350
-164
-5
-318
-230
-175
-143
-82
-517
55
73
-509
-201
-133
47
-347
-166
105
-76
-49
-295
-103
-152
-298
-129
-75
-129
-383
-194
116
68
-94
-211
15
-302
-293
-371
-179
100
-107
-95
106
26
-211
-234
-98
-263
-414
-130
48
-75
-1
20
143
-67
-132
-20
-87
0
4
70
62
134
-6
270
-82
103
-116
3
268
95
214
98
145
186
12
250
140
165
215
146
227
560
238
58
156
205
-62
245
244
-120
194
101
-32
146
150
-7
215
-113
154
-120
-39
-213
-336
-205
-117
-10
-174
23
-123
-327
-146
-172
-299
-238
-36
-153
-102
52
-63
-89
-270
-63
-133
-134
-27
-81
-90
57
-26
-61
-222
-248
-98
-89
60
-105
41
170
67
165
-92
7
-109
53
70
87
329
132
257
190
133
9
142
-109
-71
102
113
249
125
55
246
95
136
228
86
144
202
330
203
339
312
223
-8
26
28
95
44
4
177
-190
121
150
-143
-34
-159
-329
11
-62
-283
-34
-171
-205
-198
-224
-115
-343
-302
-304
-222
-260
-238
14
-264
-224
-111
-183
-106
-72
-46
24
-8
-78
91
28
-187
-110
-50
32
-31
154
-54
134
78
91
196
155
163
64
232
153
258
90
310
194
83
255
275
217
182
306
216
327
477
299
318
530
203
310
527
256
317
477
240
312
504
257
301
418
319
176
404
410
360
281
236
292
124
210
206
63
-37
44
-41
-5
26
-103
-148
-164
-260
-270
-134
-225
-299
-159
-130
-280
-267
-85
-410
-282
-139
-272
-200
-67
-120
-205
96
-142
-171
50
-235
-99
-39
-51
-154
44
2
32
55
144
73
-24
48
33
173
149
192
182
219
170
153
290
73
127
279
233
282
360
221
329
217
233
329
236
264
310
376
294
475
255
146
389
184
98
382
196
182
272
159
144
331
299
101
375
116
184
49
162
37
90
77
-72
87
28
-81
-57
19
-214
-159
-110
-59
-313
-102
-252
-221
-255
-212
-97
-291
-124
-235
-192
-241
-153
-270
-150
-283
-395
-198
-188
-265
-253
-179
-248
-186
-150
-27
-135
-116
-92
-161
-59
63
-107
67
62
10
77
211
78
167
303
53
211
314
249
277
342
247
262
381
306
383
292
306
374
334
354
341
278
333
352
336
364
411
232
256
334
193
158
263
131
77
243
133
73
146
21
130
-28
125
24
4
-11
-94
-80
-136
-35
-272
-87
-198
-157
-135
-86
-160
-194
-162
-240
-97
-195
-123
-98
-108
-182
-31
-55
-227
-60
-38
-182
-7
-31
-52
-94
-131
-71
-148
-1
-78
-14
-6
-45
-59
-30
-9
-76
22
-90
23
24
-13
184
79
120
145
125
130
191
150
127
273
158
181
322
263
89
347
153
98
251
226
210
210
331
136
277
335
191
219
307
236
161
298
259
113
292
154
163
185
140
208
173
205
166
137
174
192
149
125
154
48
22
165
78
103
60
90
-1
101
54
-15
125
-8
-20
61
112
-54
51
16
-87
-49
-39
-103
-98
4
-44
-131
9
-109
-69
-24
-96
-49
-1
-107
-17
-53
5
-81
-123
-128
-187
-129
-67
-51
-1
19
22
84
22
128
160
121
153
172
75
184
218
120
193
205
162
199
279
204
258
296
172
314
220
277
273
254
190
180
246
137
256
137
190
185
199
167
186
181
153
179
120
229
119
203
191
114
154
123
67
34
90
-33
45
40
-29
31
50
29
55
0
38
52
-51
46
6
-28
51
-20
-67
25
-97
-131
-55
-75
-132
-99
-12
-119
-102
-8
-44
-67
-112
-9
-160
-62
-37
-103
-80
-3
-148
-27
-88
-17
-169
-46
75
-24
22
71
31
14
163
42
64
102
33
193
97
213
88
110
167
46
202
111
188
118
136
204
83
200
160
80
140
166
94
104
150
96
128
194
179
188
158
270
192
197
249
171
254
178
205
208
171
195
200
166
152
115
151
91
64
109
7
23
-19
-10
-28
-34
-88
-76
-152
-76
-66
-212
-149
-153
-250
-192
-162
-242
-247
-210
-277
-233
-240
-237
-219
-262
-230
-206
-236
-235
-167
-230
-169
-114
-110
-136
-62
-90
-101
-28
-26
-31
11
54
71
19
114
47
74
130
150
70
154
165
95
254
270
204
166
302
128
215
323
190
282
203
261
172
214
184
175
210
197
239
220
200
230
169
179
171
144
148
117
156
91
86
83
48
51
26
27
-24
38
-19
-43
13
-15
-35
10
-2
-88
-23
-57
-79
-84
-66
-112
-86
-88
-195
-83
-159
-119
-133
-168
-113
-138
-125
-166
-136
-212
-103
-144
-153
-16
-108
-137
-85
-165
-61
-105
-100
-63
-104
-36
-24
-68
-18
-37
-16
-35
30
-12
8
-9
-5
12
-70
59
-61
-57
-40
42
68
47
-7
73
31
25
77
20
65
119
115
110
168
26
128
93
96
110
92
218
61
174
164
43
162
94
77
79
112
88
103
116
101
47
81
90
18
34
14
-9
-79
26
-94
-48
-78
-110
-103
-95
-68
-171
-82
-126
-141
-151
-119
-172
-192
-124
-214
-192
-116
-173
-182
-131
-205
-215
-146
-238
-195
-199
-199
-242
-244
-200
-247
-260
-285
-255
-286
-238
-250
-259
-218
-153
-254
-179
-169
-242
-157
-145
-115
-117
-46
-110
-53
-108
-82
-44
-39
-1
25
79
23
183
115
137
210
124
206
204
191
277
224
203
248
222
194
239
248
135
212
216
117
175
184
101
95
95
52
28
43
-47
-55
-39
-77
-52
-103
-52
-118
-161
-118
-158
-158
-125
-168
-155
-184
-171
-165
-187
-235
-226
-227
-261
-218
-185
-211
-235
-161
-191
-204
-158
-203
-200
-177
-175
-179
-179
-182
-184
-178
-119
-106
-180
-31
-145
-101
-80
-77
-86
-100
-9
-84
29
38
15
50
41
62
88
81
118
104
126
160
155
135
132
153
49
183
160
148
138
147
108
100
131
66
73
119
85
81
86
101
62
12
48
12
21
-5
-11
-26
-68
-18
-106
-100
-129
-153
-120
-216
-176
-179
-197
-202
-214
-236
-295
-198
-282
-264
-261
-273
-224
-262
-236
-287
-264
-325
-232
-263
-236
-200
-233
-152
-141
-151
-91
-132
-163
-96
-173
-154
-92
-94
-93
-59
-91
-68
-40
-76
-24
-4
9
21
59
59
32
63
26
53
69
66
68
85
161
142
179
191
183
208
209
236
206
175
216
149
137
136
170
141
137
124
65
99
80
178
41
95
76
-2
62
0
33
-50
17
-20
-57
-7
-80
-52
-55
-105
-71
-99
-141
-98
-126
-156
-150
-138
-197
-200
-190
-186
-159
-207
-195
-241
-206
-229
-265
-252
-306
-257
-252
-300
-249
-203
-258
-235
-195
-255
-222
-201
-201
-197
-137
-165
-195
-163
-163
-159
-114
-87
-139
-125
-116
-124
-120
-66
-93
-62
-85
-92
-106
-71
-69
-92
-39
-65
-33
-44
-63
-30
-61
-43
-45
-67
-5
-50
-28
-30
-78
-118
-96
-80
-36
-106
-123
-106
-102
-93
-125
-204
-198
-111
-115
-136
-224
-182
-176
-194
-216
-228
-185
-168
-189
-212
-208
-208
-115
-138
-177
-224
-273
-158
-198
-213
-196
-192
-191
-238
-206
-248
-200
-167
-177
-179
-150
-168
-130
-85
-147
-88
-85
-48
-52
-59
-6
-57
-65
-41
-14
-26
13
22
42
45
28
19
-1
19
44
-29
10
31
-3
-23
31
24
-16
27
0
29
27
23
-3
36
14
52
13
-12
15
-56
40
-30
-8
14
-27
39
-37
4
11
-34
42
-14
4
2
-2
0
-21
-26
-25
-11
-46
-30
-77
-31
-68
-50
-68
-80
-83
-144
-94
-99
-108
-106
-130
-132
-144
-152
-159
-178
-149
-199
-180
-184
-222
-202
-256
-187
-231
-249
-196
-192
-260
-238
-162
-256
-190
-201
-228
-235
-152
-155
-191
-156
-170
-89
-59
-139
-80
-57
-49
27
-31
-39
-11
17
-28
-32
-18
-11
24
5
25
0
11
1
27
38
50
81
39
56
88
76
35
81
105
85
157
151
121
88
106
137
101
99
99
95
110
100
65
62
59
61
131
27
19
-47
6
49
-22
34
-63
-9
23
-60
-35
-71
-71
14
-85
-122
-114
-56
-163
-96
-51
-179
-168
-112
-181
-290
-176
-110
-171
-160
-266
-243
-130
-235
-176
-125
-194
-89
-55
-87
-251
-117
69
-117
-190
-2
32
-183
-68
-20
-140
-101
-55
-83
-138
-58
0
-56
-12
-41
-35
-2
-34
-32
3
-3
-17
6
3
-35
-26
-51
-16
-55
-49
-19
-27
0
-38
-19
-11
-32
-45
-30
11
10
21
16
-2
-24
-28
-7
-29
-36
-45
-51
-57
-34
-55
-30
-45
-55
-66
-62
-49
-61
-102
-94
-80
-98
-91
-121
-101
-125
-122
-84
-143
-94
-99
-93
-75
-123
-78
-71
-84
-74
-47
-73
-81
-71
-71
-96
-64
-25
-59
-44
-30
-35
-34
-3
19
14
16
21
23
13
4
44
19
29
85
47
105
94
96
95
101
109
126
148
127
161
166
186
116
143
147
122
146
146
167
165
190
194
164
176
184
175
183
184
192
167
179
172
131
151
167
140
127
130
126
108
136
94
114
72
83
59
67
78
11
23
14
-6
3
-16
-6
-20
-18
-42
-36
-32
-51
-45
-74
-37
-38
-45
-24
-40
-26
-60
-65
-43
-79
-83
-84
-57
-106
-116
-83
-121
-121
-115
-152
-124
-124
-154
-100
-156
-114
-113
-142
-138
-130
-127
-120
-78
-110
-7
-4
3
42
19
11
44
49
45
103
98
113
171
144
120
166
132
133
201
180
183
231
182
184
207
223
187
215
244
218
190
188
195
144
163
199
171
190
198
208
195
187
201
160
179
178
126
164
136
125
118
62
106
82
64
110
94
57
85
79
63
112
78
93
79
57
69
44
70
49
44
43
19
34
-1
-14
-14
3
-26
-16
41
-11
-33
-26
4
-53
-50
-38
-34
-50
-41
-47
-53
-16
-12
-9
-6
0
23
58
63
82
88
84
68
96
93
108
116
137
165
137
158
178
199
186
217
195
205
215
180
174
180
158
160
165
149
132
114
155
83
95
111
122
137
133
92
96
132
86
64
83
90
82
77
75
88
59
72
47
62
52
72
67
71
55
29
17
-7
-19
-30
-62
-30
23
4
-87
-114
-77
-81
-21
-8
-89
-67
21
-41
-94
-73
-92
-40
27
21
-26
-12
-68
-82
-29
-64
-43
-13
-10
1
20
19
44
36
52
60
75
137
116
127
135
110
107
153
151
167
210
176
177
172
233
226
213
203
218
215
211
174
190
190
178
175
155
175
175
190
162
220
196
204
197
189
205
178
177
191
205
201
170
166
177
157
144
149
121
120
94
93
71
77
34
53
46
39
48
26
24
19
5
37
34
5
55
3
15
59
29
22
28
1
-9
-24
11
-2
21
-5
28
76
31
17
-11
-13
-8
-12
-23
-5
-4
-3
-39
-18
-5
-38
-8
-16
32
32
13
56
85
67
52
75
69
91
93
105
70
55
44
63
65
40
63
82
60
85
80
45
69
80
47
56
77
51
15
36
21
-38
-23
-10
-31
-12
-26
-39
-10
5
2
2
21
-27
-28
-19
-39
-51
-68
-70
-72
-84
-69
-41
-37
-38
-60
-73
-80
-72
-102
-94
-61
-83
-100
-105
-87
-110
-89
-102
-100
-38
-57
-75
-53
-17
-19
-25
1
12
1
53
64
34
79
85
89
98
103
130
122
147
150
128
109
121
167
133
98
107
93
74
59
51
30
-5
-20
17
0
-38
-6
-22
-42
-34
-6
-28
-6
-6
-37
-17
-14
-19
-2
-5
-20
-12
-7
-16
-34
-23
-47
-45
-55
-36
-42
-36
-27
-21
-32
-30
-4
-30
-20
-30
-25
-31
-30
-20
5
51
-58
-97
15
53
-17
-94
-5
63
-53
-88
15
38
-46
-84
51
5
17
47
69
-9
16
68
58
59
51
87
103
98
8
93
91
89
-21
31
67
39
15
-25
24
-35
46
-50
-51
-61
-38
-62
-16
-40
-120
-33
-93
-79
-121
-87
-90
-102
-107
-89
-111
-106
-69
-87
-66
-86
-51
-39
-57
-86
-51
-47
-55
-35
37
66
59
34
-42
-51
-61
-94
-145
-107
-76
-102
-108
-149
-143
-141
-85
-34
6
89
104
123
148
146
131
134
227
225
241
259
255
243
235
216
180
195
151
142
106
83
96
94
107
95
76
106
127
66
110
158
102
87
120
121
69
103
112
119
95
156
136
133
170
122
121
116
113
86
40
24
35
22
60
79
64
109
148
132
163
181
122
166
160
179
179
171
178
151
133
88
81
73
57
25
-19
-28
3
7
41
68
69
53
4
49
21
-29
-6
14
13
18
-11
5
-47
-37
-49
-92
-34
-48
-95
-123
-90
-72
-50
-51
-32
-46
-46
-50
-50
-71
-69
-67
-36
0
-19
3
-4
6
2
-5
-53
-65
-59
-56
-84
-124
-93
-96
-76
-44
-57
-40
-49
-67
-62
-40
-61
-71
-62
-45
-62
-66
-53
-87
-56
-34
-61
-47
-51
-59
-62
-77
-110
-138
-119
-126
-103
-102
-81
-76
-68
-50
-84
-69
-55
-22
2
-27
-15
8
38
1
43
43
12
47
35
27
30
11
9
9
2
21
39
37
64
79
69
44
13
23
9
3
-24
-33
15
35
-7
31
61
27
56
57
82
82
76
100
85
87
98
120
104
97
114
87
102
124
76
50
66
47
68
57
41
51
58
22
17
63
37
3
21
7
12
34
38
34
35
36
15
26
20
19
41
42
14
-12
-44
-37
-66
-73
-107
-110
-118
-163
-156
-211
-186
-195
-229
-192
-188
-169
-163
-102
-67
-62
-33
3
-14
-49
-49
-67
-34
-45
-8
-17
-25
-35
-77
-72
-68
-101
-142
-131
-147
-123
-123
-114
-121
-103
-100
-103
-90
-102
-92
-74
-72
-74
-55
-24
-34
-25
-9
-22
16
11
39
50
57
75
80
142
143
107
78
86
127
150
99
135
178
164
162
159
192
189
207
194
221
204
213
226
224
238
253
259
251
246
206
186
142
223
186
173
206
156
179
168
170
141
114
107
109
85
94
49
64
84
58
68
29
75
115
90
83
96
108
84
63
100
98
58
111
59
59
81
48
54
70
104
99
68
38
107
59
49
70
14
50
59
37
50
49
43
35
-2
22
21
20
-81
-97
-145
-158
-133
-149
-108
-79
-36
-26
-62
-73
-97
-98
-111
-101
-75
-83
-32
-40
-39
-87
-41
-89
-108
-93
-116
-60
-73
-100
-80
-68
-97
-89
-84
-88
-91
-96
-93
-108
-175
-168
-152
-159
-137
-108
-74
-83
-95
-84
-58
-57
-62
-30
-7
-4
-18
20
-5
9
22
-13
-10
-11
-51
-80
-49
-54
-43
11
38
66
65
62
30
68
75
81
122
84
94
116
81
62
66
49
52
44
35
29
53
52
49
49
66
52
46
76
50
70
100
92
81
79
39
19
39
72
51
111
125
127
118
111
60
49
70
46
63
68
87
106
138
134
125
87
52
19
0
-41
2
75
82
104
90
81
82
61
12
33
46
36
30
28
45
14
16
7
0
-15
-19
14
-9
-9
-6
-27
-41
-42
-29
-10
-34
-40
-36
-48
-14
-21
-40
-56
-24
-15
14
35
80
79
8
-92
-172
-205
-250
-219
-187
-127
-29
-14
-20
-64
-118
-171
-163
-146
-126
-115
-57
-10
-7
-18
-32
-71
-59
-94
-132
-106
-59
-47
-95
-54
-58
-74
-32
-11
-10
-5
-6
-15
3
26
1
4
-5
29
51
51
105
124
172
203
207
220
173
72
-15
-46
-91
-56
59
139
186
196
168
103
47
-14
-24
13
62
122
186
198
184
232
149
194
194
138
180
208
162
185
210
208
206
220
272
273
248
270
243
187
224
207
209
144
105
93
103
88
115
143
123
155
180
191
180
167
132
56
93
140
123
151
129
129
98
95
36
-59
-50
-25
-41
-30
-6
19
25
12
47
20
2
-50
-38
-54
-90
-62
-20
2
-40
-106
-147
-118
-101
-134
-136
-105
-58
-39
-52
-80
-117
-161
-195
-201
-171
-170
-167
-136
-127
-142
-116
-109
-91
-55
-63
-69
-94
-198
-256
-318
-350
-325
-234
-178
-184
-159
-159
-147
-223
-270
-235
-191
-174
-142
-91
-120
-128
-117
-127
-100
-124
-148
-145
-54
-65
-93
-110
-119
-77
-22
-16
-19
4
-15
-6
-21
-19
-76
-118
-114
-81
-25
21
50
11
6
17
39
73
66
50
50
121
94
47
35
70
68
82
82
117
177
119
18
15
10
-5
-21
10
22
42
75
44
36
-19
-101
-109
-143
-116
7
78
116
104
134
73
-36
-51
-69
3
78
-17
3
-42
-50
-39
-31
10
3
37
-16
-78
-181
-169
-175
-141
-101
-126
-94
-99
-84
-64
-41
-24
25
49
39
52
-6
1
24
42
103
120
110
34
5
-20
-14
31
46
110
79
114
141
19
-81
-173
-198
-95
0
49
68
52
32
-62
-128
-146
-133
-56
28
75
99
73
-15
-61
-50
-97
-111
-127
-130
-145
-142
-144
-92
-115
-150
-97
-89
-85
-59
-40
-13
-13
-63
-151
-220
-222
-169
-27
60
78
104
66
16
-71
-158
-131
-83
-10
36
88
37
24
50
29
43
76
56
34
4
-39
34
36
-10
-24
6
41
22
6
-31
-31
22
50
69
85
69
5
-8
-5
16
10
22
34
6
-5
1
-16
-20
-6
-2
-25
-6
-6
-33
-18
-16
-2
-13
-3
18
-4
-9
2
63
100
142
79
69
52
64
130
107
70
0
-19
-68
-53
-56
-70
-11
25
23
-46
-127
-138
-147
-139
-74
-106
-110
-105
-98
-134
-94
-87
-146
-146
-159
-155
-152
-156
-157
-77
-83
-91
-65
-100
-111
-108
-127
-111
-98
-80
-83
-88
-79
-90
-97
-102
-77
-46
-44
-13
-2
-5
-50
-15
-25
-26
42
35
29
-64
-93
-141
-106
-61
-36
10
14
14
-61
-128
-141
-187
-168
-142
-120
-93
-123
-139
-184
-164
-162
-152
-123
-103
-75
-53
-66
-32
-58
-55
-83
-66
-41
-33
22
7
20
17
26
13
20
16
15
18
22
22
-2
7
-22
-32
21
26
-20
-37
-58
-50
10
17
-10
3
-22
-41
-67
-90
-115
-57
-62
-41
-40
-47
-42
-70
-45
-36
-46
-58
-22
-57
-70
-59
-89
-107
-106
-79
-49
-46
-1
-10
-58
-18
-17
-32
-8
-27
-43
-41
-17
-12
42
2
22
28
62
81
-18
-47
-100
-69
-32
2
-35
-17
-19
-30
-42
-142
-150
-139
-52
-27
11
0
-31
-25
-31
18
64
91
68
35
27
0
47
44
22
91
94
90
90
103
67
29
117
116
143
167
97
79
49
59
72
41
30
34
50
122
115
96
79
75
93
84
24
-3
29
27
33
50
3
27
30
33
29
23
12
6
-1
4
28
-21
-36
-3
9
-26
-3
-47
-18
-33
-24
3
25
1
10
55
28
12
-12
-5
50
44
7
23
39
41
70
60
29
89
80
72
71
74
56
47
55
68
13
22
33
31
54
74
70
-53
-107
-184
-155
-28
14
3
-6
-47
-83
-96
-129
-148
-128
-76
-20
-63
-76
-99
-104
-72
-84
-47
-57
-89
-40
-18
1
10
10
-7
-57
-70
-61
-55
-22
-16
-36
-44
-62
-50
-54
-32
-44
-74
-58
-59
-6
14
-109
-215
-210
-173
-156
-106
-104
-81
-48
-111
-131
-197
-203
-143
-122
-82
-36
-38
-78
-114
-161
-135
-108
-79
-72
-79
-86
-43
-25
-64
-33
-20
-40
-18
19
8
-26
-23
-32
-55
-51
-42
-74
-53
-86
-71
-20
-35
-35
-92
-95
-114
-105
-77
-54
-35
-71
-58
-12
-24
-40
-63
-57
-43
-60
-19
-2
-18
-23
-66
-96
-101
-115
-107
-61
-84
-86
-55
-65
-40
-61
-112
-105
-81
-62
-63
-46
-52
-75
-69
-97
-86
-96
-101
-121
-94
-124
-119
-96
-89
-109
-109
-115
-89
-115
-119
-101
-104
-72
-82
-82
-93
-122
-136
-100
-80
-92
-50
-21
-48
-23
16
78
64
69
107
102
102
81
56
69
97
106
127
167
158
170
147
151
172
160
160
159
125
105
56
68
97
91
95
71
60
63
108
100
107
121
141
162
117
98
71
79
90
105
126
105
103
74
59
86
95
73
91
95
127
153
139
115
120
103
80
76
63
45
65
64
84
110
64
107
80
80
70
79
110
102
117
67
113
113
75
96
92
85
81
79
84
112
69
88
59
43
30
63
44
54
71
54
30
28
20
13
11
-22
19
5
-23
-16
18
1
-7
-30
-47
-19
-41
-23
-39
-46
-20
-40
-59
-65
-28
1
-8
-45
-89
-98
-112
-110
-110
-101
-93
-100
-89
-87
-93
-114
-123
-104
-97
-122
-101
-115
-75
-88
-81
-80
-117
-93
-72
-67
-92
-112
-80
-85
-80
-98
-101
-69
-81
-59
-75
-82
-48
-55
-37
-64
-51
-27
-55
-45
-46
-13
-14
11
35
41
44
34
52
17
5
18
22
23
20
6
8
-31
-32
3
7
-4
-8
-23
-16
-28
-22
-13
-16
-36
-15
-3
8
12
30
19
9
-4
10
28
2
-9
4
35
36
60
29
38
55
28
31
16
-5
-17
-34
-26
-67
-68
-59
-82
-70
-108
-116
-129
-142
-135
-135
-139
-138
-130
-146
-183
-167
-200
-194
-187
-190
-192
-205
-204
-184
-218
-216
-165
-152
-167
-146
-160
-195
-154
-148
-160
-150
-158
-113
-112
-129
-102
-84
-61
-99
-56
-30
-43
-43
-50
-11
-18
-77
-24
0
-9
-7
-13
-15
-37
-37
-19
2
-24
-67
-94
-100
-91
-62
-44
-86
-80
-104
-101
-78
-76
-86
-91
-80
-80
-92
-105
-97
-81
-78
-53
-37
-47
-32
-19
0
-25
-25
-1
11
20
13
-2
-11
30
17
15
19
-8
-7
17
23
19
27
23
45
44
21
13
-5
33
-8
-2
19
1
18
33
16
33
35
15
18
9
41
18
11
14
23
18
21
52
24
27
47
66
52
70
73
55
44
46
53
54
71
55
38
44
40
44
59
53
49
73
60
37
67
75
58
44
36
27
25
-4
-7
0
-41
-34
-13
-45
-47
-66
-66
-63
-85
-93
-98
-96
-117
-106
-117
-115
-98
-83
-81
-74
-87
-89
-97
-149
-119
-93
-122
-122
-137
-116
-103
-130
-141
-139
-136
-149
-131
-137
-151
-156
-142
-109
-104
-104
-83
-82
-105
-91
-84
-81
-73
-78
-90
-84
-74
-91
-97
-100
-135
-116
-137
-125
-120
-135
-129
-161
-147
-129
-99
-105
-90
-65
-66
-40
-33
-43
-20
-8
31
37
42
74
88
65
90
105
80
100
76
74
95
62
51
70
78
74
88
91
67
42
20
46
15
14
33
9
1
1
27
26
11
23
23
0
2
21
8
7
24
18
18
-18
-18
-8
-11
-17
-22
-16
-22
-33
-41
-55
-55
-50
-35
-24
-28
-21
-11
1
0
-6
3
-26
-24
-34
-28
-31
-33
-26
-29
-41
-31
2
-17
-30
-28
-34
-69
-105
-110
-114
-132
-128
-134
-144
-164
-171
-149
-154
-148
-156
-141
-131
-100
-90
-90
-65
-59
-47
-53
-30
-38
-12
8
-10
35
37
53
96
106
126
137
141
149
172
150
131
158
144
135
124
125
105
104
102
120
115
88
116
76
77
96
51
53
17
9
16
6
13
-12
-9
-34
-41
-21
-2
3
7
12
14
28
48
52
55
48
83
101
114
155
162
177
186
194
206
182
157
154
141
126
126
105
110
100
68
66
64
35
18
15
15
23
12
30
34
25
34
37
30
48
48
57
88
80
74
110
122
147
162
177
178
199
210
212
209
233
241
255
272
255
272
271
254
232
228
187
175
144
99
107
116
127
127
142
134
127
130
110
100
69
36
24
38
32
0
-10
-16
-15
-18
-19
-31
-43
-58
-82
-86
-70
-83
-79
-87
-85
-98
-111
-107
-98
-78
-77
-84
-111
-87
-130
-121
-117
-125
-98
-87
-60
-25
-1
9
44
58
74
84
90
113
120
133
130
113
116
110
96
60
5
-33
-7
-33
-35
-66
-104
-126
-126
-118
-151
-153
-117
-90
-79
-50
-55
-30
-16
-3
36
54
79
81
81
48
27
24
33
41
23
7
36
42
45
64
62
86
75
94
93
105
127
137
139
142
169
188
194
211
226
226
190
140
103
71
40
1
-29
-72
-112
-126
-165
-190
-188
-227
-247
-287
-300
-291
-320
-326
-346
-338
-297
-300
-293
-269
-269
-249
-215
-203
-170
-157
-137
-109
-64
-28
8
57
97
115
148
175
193
206
196
195
193
176
167
173
165
161
156
141
120
111
89
63
47
16
27
-4
-5
7
-18
2
-23
-8
24
19
49
46
58
77
95
114
145
183
219
218
229
245
241
239
221
205
172
152
144
124
111
115
86
96
104
114
94
53
35
18
8
15
1
-6
-17
-38
-33
-30
-44
-36
-45
-43
8
-5
12
14
10
57
69
82
97
116
113
106
91
136
142
128
138
140
153
170
191
203
215
222
238
230
214
219
240
247
239
234
233
267
278
277
291
280
272
252
234
227
206
184
176
175
150
131
122
109
97
84
82
62
39
5
-17
-35
-31
-19
-27
-15
-6
13
26
24
14
13
12
21
14
-22
0
-16
-6
17
20
55
48
43
52
47
16
-6
-25
-33
-28
-40
-26
-7
-26
-30
-59
-50
-51
-70
-55
-63
-38
-40
-55
-57
-78
-106
-97
-95
-120
-141
-171
-180
-213
-243
-267
-314
-305
-300
-291
-272
-240
-224
-212
-201
-171
-135
-97
-56
-48
-9
37
59
100
139
150
169
185
176
179
182
185
211
185
181
181
171
183
173
179
170
164
165
141
119
130
124
86
77
54
54
52
32
50
54
48
45
45
33
26
13
12
-6
-19
-29
-27
-55
-86
-102
-120
-120
-114
-122
-106
-104
-87
-65
-34
-7
12
16
26
64
71
78
103
94
69
87
79
66
108
90
80
98
75
65
37
31
10
3
-6
-16
-4
-14
-13
-8
-32
-41
-63
-66
-69
-104
-119
-131
-131
-136
-129
-145
-150
-169
-167
-168
-174
-185
-182
-160
-145
-103
-56
-33
-7
61
86
117
171
208
243
274
295
299
322
301
300
306
256
244
231
215
177
162
134
96
82
60
44
40
12
10
31
17
32
48
56
61
81
74
88
89
105
152
146
174
171
175
162
136
156
159
138
123
104
112
107
115
131
139
144
155
171
171
162
183
170
161
167
146
145
145
109
112
106
82
77
54
19
-16
-27
-65
-83
-81
-90
-84
-101
-97
-97
-100
-118
-144
-133
-155
-146
-151
-160
-201
-236
-243
-246
-228
-222
-212
-178
-150
-122
-91
-83
-68
-29
-24
-9
9
31
49
43
71
105
125
142
145
165
154
145
142
125
107
94
68
40
9
-12
-21
-25
-44
-63
-50
-68
-48
-36
-28
-24
-9
0
14
28
39
63
78
82
98
96
75
72
65
67
68
49
43
46
48
60
82
92
91
130
112
128
126
126
138
149
178
197
210
205
215
232
216
216
225
219
222
189
191
176
146
152
138
107
73
56
53
28
14
18
14
-7
-6
0
11
19
46
77
89
88
105
122
124
125
101
76
74
47
50
52
16
19
18
17
2
17
34
10
0
12
6
12
-18
-45
-48
-64
-75
-57
-66
-70
-69
-72
-66
-58
-50
-59
-43
-57
-58
-64
-69
-64
-53
-43
-28
-22
-27
-35
-18
-8
7
-1
9
12
24
20
10
31
34
41
63
51
53
60
56
90
84
91
103
113
113
124
130
157
173
174
203
219
208
220
214
190
187
151
123
100
67
31
7
-20
-43
-36
-70
-74
-90
-90
-95
-101
-97
-93
-71
-62
-47
-52
-40
-31
-15
23
44
59
84
88
98
102
102
72
72
