11
3
15
-12
16
-8
-9
2
-8
-6
-7
12
12
11
31
16
-17
6
10
13
13
5
7
-6
-14
-28
-35
-30
-39
-34
-27
-31
-25
-47
-47
-44
-72
-47
-72
-81
-68
-72
-93
-89
-78
-80
-87
-86
-69
-90
-86
-88
-94
-65
-73
-71
-73
-88
-99
-80
-73
-64
-52
-67
-55
-47
-59
-38
-44
-37
-32
-24
-12
-6
-12
1
12
-17
7
-12
-6
-9
-29
-8
1
-16
-9
7
-10
-1
-10
23
16
-10
-18
-33
-39
-36
-49
-53
-31
-50
-29
-65
-49
-52
-53
-51
-63
-52
-81
-79
-93
-104
-86
-95
-131
-126
-124
-125
-109
-120
-115
-94
-113
-110
-115
-106
-104
-98
-104
-106
-80
-86
-101
-77
-91
-97
-75
-71
-29
-21
-25
-1
-5
-5
1
-2
26
16
16
1
-10
16
7
-4
24
23
16
-11
-9
-5
-10
7
-22
-24
1
-43
-35
-38
-49
-42
-62
-54
-41
-56
-39
-54
-53
-52
-68
-55
-63
-74
-54
-79
-86
-53
-70
-64
-71
-74
-72
-65
-58
-90
-87
-94
-100
-63
-71
-96
-72
-85
-77
-58
-74
-73
-71
-87
-84
-66
-78
-62
-60
-70
-88
-77
-84
-70
-83
-77
-70
-81
-66
-82
-56
-68
-67
-61
-54
-59
-53
-67
-47
-43
-59
-48
-45
-54
-30
-39
-51
-23
-40
-38
-42
-45
-45
-57
-39
-63
-70
-84
-84
-75
-61
-65
-85
-77
-82
-101
-89
-96
-86
-71
-86
-88
-96
-72
-89
-91
-77
-82
-95
-108
-96
-101
-94
-101
-118
-121
-89
-126
-107
-80
-112
-101
-99
-108
-87
-92
-87
-78
-77
-78
-63
-67
-80
-66
-56
-63
-68
-50
-40
-49
-37
-47
-47
-19
-39
-37
-49
-74
-65
-55
-75
-76
-74
-72
-58
-58
-76
-61
-44
-76
-63
-39
-58
-41
-40
-47
-44
-42
-27
-32
-22
-29
-38
-19
-29
-16
10
-32
-19
-14
-24
-5
-11
-32
-46
-35
-37
-45
-61
-75
-97
-87
-91
-89
-73
-99
-91
-86
-92
-72
-88
-103
-77
-84
-79
-68
-74
-73
-87
-76
-75
-61
-53
-68
-50
-74
-65
-48
-66
-42
-53
-38
-41
-28
-22
-25
-40
-24
-13
-11
16
5
26
19
27
32
25
30
35
30
37
34
15
30
-5
10
-1
-16
-13
-33
-42
-50
-46
-59
-57
-58
-54
-78
-83
-80
-79
-98
-99
-105
-103
-109
-111
-97
-97
-85
-73
-68
-63
-48
-49
-63
-62
-55
-63
-51
-35
-27
-50
-36
-31
-31
-11
-5
14
4
19
9
11
19
32
15
31
21
20
41
25
58
54
52
57
50
42
61
54
42
40
56
32
28
24
-4
12
10
-1
-12
-19
-24
-38
-58
-39
-45
-51
-64
-63
-71
-88
-92
-102
-94
-90
-110
-114
-106
-115
-103
-106
-105
-101
-117
-121
-120
-123
-133
-112
-117
-111
-110
-108
-108
-130
-101
-99
-108
-91
-89
-93
-93
-100
-102
-77
-72
-59
-59
-67
-46
-28
-27
-23
-12
-21
-12
3
11
11
8
17
24
22
22
17
45
38
32
41
19
10
29
15
-9
-4
-10
-16
-7
-20
-20
-23
-21
-28
-20
-25
-31
-33
-54
-62
-75
-84
-70
-75
-80
-62
-64
-66
-89
-77
-65
-72
-67
-60
-70
-67
-74
-68
-82
-109
-93
-98
-96
-80
-76
-75
-78
-78
-74
-57
-46
-54
-42
-35
-34
-28
-9
-10
-16
-27
-24
-9
-26
-17
-1
-14
-22
7
7
11
28
30
46
41
47
31
29
33
20
33
23
20
43
40
43
49
43
52
35
49
37
40
33
32
46
35
29
43
50
21
37
34
33
27
32
42
34
53
33
57
70
43
43
39
38
26
20
13
23
12
-5
3
-3
-11
-14
-14
-10
6
-13
-18
-26
-47
-47
-60
-37
-48
-44
-36
-29
-49
-29
-18
-26
-13
-11
20
11
13
17
35
21
9
2
1
0
10
-5
-8
16
-21
8
0
-4
18
2
13
-5
-6
2
-11
-3
-19
-3
4
-27
-18
-22
-22
-14
-35
-20
-24
-23
15
-23
-4
16
8
20
12
12
23
33
29
43
50
45
43
51
43
54
61
63
66
69
78
82
88
86
97
84
73
90
72
51
81
58
47
54
42
59
67
65
63
66
59
61
78
73
44
46
48
70
63
48
60
53
39
52
48
55
49
29
41
29
24
15
16
-5
-6
-8
-8
-11
-11
6
-10
3
15
31
37
49
58
39
49
59
52
71
70
70
47
58
71
59
79
72
47
54
53
66
58
62
70
52
40
27
43
36
16
61
49
52
58
67
77
85
97
88
101
95
83
82
73
62
79
51
60
48
42
38
2
7
6
0
4
-4
1
-17
-29
-14
-22
-21
-31
-13
-36
-26
-32
-23
-2
-9
5
10
6
8
19
14
18
26
5
3
-4
-12
-12
-24
-31
-16
-26
-3
-19
-30
-11
-11
-9
-12
4
6
5
17
19
8
24
36
29
52
49
40
61
54
44
50
54
37
66
70
80
90
72
79
73
77
85
91
91
93
86
89
94
100
121
115
116
120
132
130
146
142
146
152
145
159
140
152
160
154
148
135
143
158
138
149
138
133
133
117
115
96
108
114
102
100
84
103
94
101
97
66
85
81
67
80
71
41
47
44
27
36
33
33
43
42
40
34
36
30
36
27
22
2
4
16
8
13
9
-3
-19
-11
-15
-3
-17
13
11
11
39
25
44
41
42
53
48
40
53
48
62
80
70
78
72
83
85
70
87
85
82
99
97
90
96
92
107
110
119
131
125
121
119
119
97
90
88
90
89
72
71
67
62
49
42
57
50
47
58
49
43
59
42
51
54
38
70
71
68
81
62
72
78
63
85
72
66
70
65
77
61
69
61
58
60
41
56
49
49
54
36
40
39
46
37
34
38
58
48
49
49
32
41
36
37
36
33
37
47
50
51
57
58
64
59
61
57
39
58
56
56
53
59
54
52
53
55
32
42
44
41
45
37
43
29
34
27
23
24
10
20
24
49
34
36
56
51
51
41
42
40
33
46
49
57
60
49
36
22
14
14
-7
-21
-16
-34
-26
-42
-60
-65
-70
-62
-64
-64
-63
-83
-65
-75
-89
-80
-80
-99
-85
-81
-69
-73
-77
-42
-44
-44
-34
-23
-22
-12
-24
-19
-2
-12
-12
3
-13
-2
17
17
25
11
23
29
13
11
5
21
17
3
29
16
3
-4
5
16
-3
0
27
-6
2
5
-13
-2
-4
8
22
17
18
40
28
26
44
47
54
61
65
45
31
37
30
29
46
28
38
43
35
59
42
46
65
50
56
48
37
47
40
25
34
27
39
26
24
31
19
29
8
8
12
-5
-4
20
-3
11
12
4
3
1
-7
-2
10
8
21
16
29
28
22
18
7
4
2
-1
0
-18
-15
-8
-6
-9
-17
-7
-22
-29
-22
-37
-45
-17
-26
-27
-11
-43
-45
-40
-40
-36
-45
-47
-47
-52
-30
-45
-35
-23
-28
-13
-6
2
1
-6
-2
-2
8
-7
-8
3
-8
-3
-2
6
26
22
11
14
-3
12
8
-5
-3
-7
-11
-9
-15
0
-1
-35
-26
-25
-32
-33
-51
-57
-49
-37
-36
-15
-27
-11
-2
-9
-33
-21
-31
-37
-45
-62
-59
-60
-57
-70
-64
-83
-81
-55
-66
-53
-32
-48
-45
-37
-51
-18
-8
-41
-19
-9
-24
-4
10
8
32
29
39
49
37
58
72
82
84
95
102
103
111
108
105
91
67
81
95
73
75
85
64
58
50
57
48
25
20
15
12
19
9
3
-17
-36
-28
-47
-47
-66
-71
-62
-72
-61
-56
-68
-46
-35
-48
-30
-38
-39
-34
-40
-30
-16
-36
-45
-37
-44
-47
-53
-48
-33
-45
-30
-40
-40
-40
-52
-51
-42
-48
-53
-37
-53
-68
-37
-35
-53
-29
-41
-33
-31
-50
-39
-51
-50
-36
-47
-35
-30
-31
-38
-31
-29
-57
-32
-25
-15
-2
-26
-29
-27
-37
-41
-43
-52
-32
-33
-23
-26
-34
-46
-53
-29
-43
-35
-55
-57
-46
-68
-49
-43
-39
-55
-69
-71
-67
-64
-51
-55
-56
-46
-48
-46
-41
-64
-55
-58
-60
-43
-60
-55
-68
-64
-64
-67
-60
-68
-57
-35
-65
-46
-59
-62
-38
-64
-62
-73
-73
-82
-89
-63
-54
-50
-36
-49
-66
-54
-53
-64
-66
-62
-63
-73
-56
-71
-68
-50
-52
-48
-35
-50
-51
-43
-42
-24
-19
-28
-5
-26
-34
-14
-20
-13
-18
-8
-10
-8
7
4
1
-2
0
21
17
7
21
41
45
36
23
18
17
5
8
-8
-9
-27
-29
-26
-22
1
-10
-5
-15
-35
-40
-37
-58
-51
-51
-66
-57
-61
-74
-90
-86
-81
-104
-95
-88
-102
-92
-103
-92
-105
-100
-118
-132
-131
-145
-149
-126
-139
-147
-132
-154
-165
-167
-160
-159
-156
-157
-145
-128
-137
-132
-108
-123
-106
-99
-91
-82
-84
-84
-83
-60
-71
-55
-60
-66
-50
-48
-54
-40
-46
-43
-34
-62
-49
-48
-67
-55
-59
-74
-63
-61
-56
-50
-24
-31
-41
-41
-42
-42
-25
-25
-33
-21
-31
-19
-17
-22
-30
-53
-32
-11
-26
-39
-43
-49
-47
-45
-47
-38
-49
-67
-64
-81
-61
-43
-55
-53
-53
-67
-62
-52
-52
-53
-66
-59
-46
-49
-35
-45
-53
-56
-67
-70
-91
-76
-73
-94
-79
-66
-83
-75
-70
-78
-64
-64
-76
-75
-88
-70
-60
-93
-76
-51
-48
-41
-49
-40
-54
-42
-39
-32
-16
-45
-25
-20
-12
6
4
4
18
17
19
37
44
28
31
25
13
18
19
20
17
3
-5
-10
-25
-17
-13
-24
-17
-24
-27
-23
-14
-21
-29
-34
-34
-33
-39
-47
-45
-54
-58
-67
-68
-75
-88
-83
-98
-117
-111
-118
-119
-129
-136
-126
-132
-125
-121
-142
-130
-127
-140
-107
-111
-109
-91
-100
-96
-86
-91
-81
-96
-88
-94
-84
-76
-87
-60
-60
-67
-48
-44
-36
-25
-21
-28
-29
-15
-15
-11
-26
-24
-22
-23
-23
-12
-6
-19
-25
-21
-20
-10
-5
-10
-28
-19
-13
4
1
-10
-8
-10
-13
-20
-6
-10
-8
3
-10
-17
-10
-23
-18
-19
-15
-18
-29
-35
-30
-24
-31
-30
-23
-23
-41
-46
-28
-32
-42
-27
-35
-30
-31
-30
-17
-18
-40
-52
-43
-57
-51
-54
-56
-56
-64
-68
-67
-78
-80
-75
-77
-82
-67
-64
-79
-65
-68
-76
-67
-81
-66
-69
-65
-58
-68
-71
-57
-52
-56
-54
-68
-70
-75
-76
-69
-37
-70
-45
-48
-63
-70
-72
-66
-84
-64
-76
-74
-57
-87
-58
-70
-50
-61
-63
-53
-49
-31
-30
-16
-13
-29
-24
-13
-18
5
-1
-17
1
-10
-27
-14
-27
-28
-50
-39
-58
-52
-51
-84
-61
-73
-64
-57
-70
-56
-63
-68
-70
-75
-59
-57
-75
-67
-68
-63
-50
-50
-39
-51
-47
-45
-44
-39
-25
-21
-13
8
2
-2
-6
16
2
10
10
17
7
11
17
-16
-12
-12
-13
5
-15
0
7
-6
12
3
6
-4
-20
-4
-5
-2
3
-5
5
-11
0
1
-18
-13
-17
-31
-15
-21
-7
-1
-14
1
-4
3
7
2
13
19
13
32
35
38
52
49
39
37
30
37
35
21
42
22
26
23
13
18
18
19
19
11
14
21
20
12
9
-4
-12
7
-4
-20
-14
-29
-22
-16
-13
-13
-25
-19
-36
-26
-28
-48
-37
-50
-51
-38
-72
-79
-69
-98
-85
-107
-114
-82
-83
-76
-70
-62
-61
-46
-42
-50
-28
-26
-21
-10
-5
0
3
19
15
23
29
47
50
46
39
27
33
18
30
16
18
14
-4
6
-18
-3
5
-1
-2
-3
5
-18
-15
-16
-30
-29
-37
-26
-25
-24
-47
-37
-36
-40
-26
-44
-42
-55
-70
-71
-77
-83
-67
-78
-74
-80
-76
-80
-78
-65
-59
-55
-61
-48
-55
-43
-31
-43
-23
-12
3
13
20
14
34
25
21
63
48
46
51
49
31
41
41
43
51
59
41
57
64
53
67
65
55
53
65
45
70
83
69
75
72
67
76
62
60
67
52
42
44
45
37
27
35
40
36
45
38
33
37
23
16
17
14
14
32
23
27
26
27
22
16
17
16
20
9
21
14
16
19
22
6
-6
5
7
9
0
-3
-2
-10
-29
-24
-45
-51
-47
-37
-39
-39
-22
-34
-13
-5
-20
1
9
2
20
24
15
32
22
21
11
17
16
8
13
2
10
-3
-16
11
11
-11
0
-3
-8
-6
-17
-24
-5
-1
4
19
3
14
20
26
23
34
57
52
74
74
69
82
76
78
78
56
70
70
71
55
47
61
58
49
57
64
51
56
41
43
33
32
42
50
27
33
33
13
31
28
19
27
28
34
26
26
32
23
20
6
14
9
2
9
2
16
13
14
19
18
25
26
48
52
55
78
64
61
61
74
64
58
63
63
79
72
81
84
78
77
50
57
84
75
63
78
81
76
84
66
53
62
61
55
57
45
28
44
51
45
53
31
38
39
28
25
32
33
47
35
26
44
17
3
-2
-12
-8
-17
-18
-6
4
13
-1
3
10
12
12
8
28
27
32
35
41
45
56
43
33
46
33
33
32
48
50
50
64
67
68
80
83
67
54
77
107
66
84
83
62
44
68
72
37
39
62
11
2
53
49
39
38
52
35
8
39
23
22
34
29
24
16
18
10
17
14
8
25
31
12
44
34
15
32
30
40
41
58
56
55
74
72
71
79
80
61
65
68
63
68
80
62
78
76
70
84
75
76
81
78
81
96
99
100
108
112
109
90
100
93
75
97
79
76
89
72
81
81
69
89
76
69
67
47
51
45
38
35
15
13
0
5
10
3
16
20
24
34
43
30
56
86
73
81
82
84
84
80
77
72
52
55
76
64
68
67
66
74
85
82
81
83
87
83
91
82
80
86
80
92
79
79
97
87
77
93
97
99
107
83
86
87
79
72
67
71
37
46
55
33
55
51
46
70
59
50
41
51
43
45
41
39
48
31
41
29
26
37
36
33
46
52
52
50
53
37
33
26
26
22
22
13
1
-6
-1
-8
-10
-1
2
13
22
21
19
25
26
20
29
28
20
23
32
41
38
42
59
45
64
69
78
63
71
87
90
90
79
87
78
73
69
61
43
55
51
54
56
43
49
54
56
59
72
59
55
56
55
42
53
56
37
36
34
19
5
5
8
18
6
-4
26
31
22
26
22
14
24
10
2
18
16
17
29
28
25
19
24
23
14
19
28
25
20
29
20
5
-9
-3
-25
-17
-25
-37
-37
-33
-33
-55
-48
-60
-60
-54
-60
-35
-22
-25
-37
-29
-21
-28
-33
-28
-29
-43
-24
-22
-1
6
13
11
27
37
31
21
30
63
46
65
47
65
84
61
86
79
67
77
62
62
70
57
57
48
42
25
37
44
44
47
41
41
46
37
37
40
41
48
39
44
27
31
40
13
13
27
22
14
5
13
9
15
21
11
21
18
18
10
24
25
13
17
-6
16
8
8
8
-14
2
-2
-7
-13
-12
-13
-11
-15
-10
-12
-6
3
-2
18
21
15
46
14
27
39
12
34
34
47
61
69
65
76
68
82
77
65
66
60
64
60
66
64
53
58
68
53
42
43
57
55
39
33
48
55
47
63
58
49
46
57
53
84
64
66
73
65
79
69
87
73
75
73
53
58
44
46
32
19
37
17
7
19
17
22
22
12
13
6
7
8
13
10
12
7
5
5
-6
12
3
-7
-27
-37
-17
-36
-43
-21
-42
-29
-21
-46
-48
-56
-58
-48
-36
-51
-50
-30
-44
-49
-51
-39
-24
-46
-35
-41
-34
-15
-49
-50
-54
-60
-50
-39
-53
-48
-49
-54
-33
-59
-45
-43
-41
-33
-27
-26
-15
-28
-26
-30
-34
-22
-22
-18
-35
-25
-29
-27
-29
-47
-41
-36
-47
-42
-47
-44
-26
-20
-31
-10
-13
-10
-10
-22
-11
-19
-21
-5
-36
-25
-22
-24
-6
-26
-19
-6
-20
-11
-4
9
15
9
5
6
0
-13
-15
-28
-36
-50
-41
-64
-63
-75
-83
-74
-55
-72
-77
-61
-78
-68
-78
-81
-92
-88
-83
-73
-90
-100
-78
-97
-84
-87
-92
-91
-102
-104
-102
-86
-74
-78
-87
-72
-72
-79
-73
-67
-55
-60
-78
-68
-72
-80
-74
-73
-69
-56
-54
-65
-42
-27
-30
-31
-47
-53
-54
-49
-56
-75
-59
-57
-58
-61
-66
-64
-73
-76
-60
-80
-83
-72
-77
-72
-81
-61
-50
-64
-67
-74
-87
-74
-77
-81
-74
-92
-92
-71
-71
-70
-63
-64
-67
-57
-61
-74
-65
-79
-80
-78
-63
-66
-73
-61
-59
-58
-54
-44
-38
-33
-28
-17
-6
1
-3
3
3
9
12
19
33
25
39
42
28
46
34
34
53
51
57
37
31
21
28
21
23
46
30
36
35
44
51
23
29
47
29
44
47
33
44
39
29
24
3
3
16
-12
-8
-1
-14
-14
-4
-17
-27
-27
-50
-47
-56
-57
-54
-53
-56
-61
-66
-71
-69
-69
-66
-68
-58
-47
-49
-57
-52
-48
-26
-39
-26
-38
-53
-52
-69
-54
-53
-50
-54
-62
-65
-67
-69
-73
-62
-67
-52
-62
-59
-63
-73
-64
-78
-61
-66
-74
-68
-50
-61
-51
-54
-84
-61
-56
-55
-48
-61
-57
-46
-51
-72
-57
-75
-91
-88
-71
-87
-91
-88
-97
-80
-86
-82
-63
-75
-91
-90
-86
-76
-80
-78
-85
-72
-66
-80
-80
-94
-87
-82
-85
-68
-75
-100
-87
-82
-94
-71
-69
-81
-75
-84
-82
-77
-73
-69
-56
-64
-74
-61
-59
-62
-63
-67
-69
-63
-81
-72
-69
-84
-72
-72
-60
-51
-52
-52
-32
-38
-33
-44
-55
-36
-35
-39
-23
-10
-19
-8
-7
-5
-5
-16
-29
-30
-17
-19
-14
-3
3
3
-6
-7
-5
-12
-1
-19
-20
-21
-35
-28
-45
-53
-51
-49
-43
-42
-31
-32
-13
-34
-33
-28
-42
-49
-58
-34
-59
-45
-33
-49
-47
-62
-60
-50
-59
-67
-50
-51
-58
-59
-43
-55
-48
-54
-61
-50
-61
-71
-65
-77
-69
-59
-70
-68
-74
-78
-91
-78
-77
-83
-75
-78
-80
-70
-75
-78
-64
-61
-55
-51
-54
-46
-46
-48
-49
-62
-69
-73
-66
-78
-67
-70
-61
-67
-73
-58
-52
-47
-61
-66
-77
-84
-87
-80
-67
-64
-69
-54
-52
-51
-37
-36
-41
-18
-48
-44
-37
-42
-20
-33
-12
4
-8
-15
-7
-5
-13
5
-16
-9
3
-6
2
4
8
3
-10
-11
-6
-9
-8
-10
-11
3
2
-23
-21
-14
-33
-30
-28
-36
-41
-20
-27
-32
-16
-38
-9
-4
-20
-5
-16
-28
-16
-32
-27
-15
-19
-15
-11
-4
-13
-1
0
-7
1
1
-1
14
5
7
25
31
28
26
40
48
51
63
62
65
48
48
64
50
67
76
65
70
65
64
59
41
53
48
39
44
41
37
36
29
28
30
11
18
24
30
26
28
20
12
6
0
-5
-1
3
-8
10
-13
-26
-17
-25
-23
-15
-27
-29
-26
-41
-33
-19
-42
-32
-33
-58
-49
-67
-79
-63
-58
-56
-52
-56
-57
-50
-47
-52
-45
-31
-42
-56
-47
-49
-64
-49
-35
-42
-24
-46
-42
-38
-55
-43
-21
-30
-45
-34
-41
-42
-28
-26
-29
-14
-9
-7
-4
8
17
20
7
3
6
-5
2
16
15
21
11
23
23
40
95
-38
-91
2
59
77
19
-10
38
27
13
69
47
21
21
16
63
68
81
94
43
55
111
142
81
51
82
112
127
96
39
26
40
63
87
75
69
30
-9
23
58
56
32
-21
-13
5
42
35
-4
2
-1
12
28
34
29
-4
-6
15
18
28
11
-10
-3
7
6
13
-21
-38
-66
-61
-48
-25
-59
-75
-87
-133
-146
-185
-372
-1508
-1124
-1146
-323
-1209
-2487
-1895
-2156
-268
-571
-1576
-1948
-2082
-1055
-405
-720
-729
-1087
-556
425
-179
301
-19
-610
137
427
2125
2140
1555
1467
1123
2571
3055
3231
2965
3114
2957
4287
4773
4435
4153
2960
2667
2940
2454
1899
863
489
1481
1201
652
-734
-2500
-2560
-2126
-1842
-1631
-2618
-3211
-3664
-3966
-3245
-2781
-2436
-2216
-2529
-2187
-1707
-1148
-372
32
600
1207
1379
1619
1703
1804
2162
2413
2791
2640
1925
1568
1129
1064
1159
897
362
-400
-998
-1163
-1308
-1423
-1664
-2167
-2070
-2623
-2747
-2766
-3000
-2323
-2014
-1635
-1407
-1774
-1644
-1384
-742
144
147
344
286
-181
2
168
602
1224
1087
1094
429
9
204
154
486
390
89
-23
-233
-410
-163
96
560
790
824
907
544
1251
1887
3081
3774
3457
3421
3404
3804
3886
3952
4153
4086
2942
2334
1250
1542
1864
1534
892
-643
-1492
-1777
-2314
-2555
-2878
-3012
-2843
-3474
-4089
-4467
-4508
-3661
-3045
-2585
-2210
-2469
-2276
-1683
-757
493
976
1191
1390
1317
1757
2184
2475
2866
2701
2575
2151
1659
1434
1134
993
376
151
-435
-1010
-1310
-2474
-2756
-2579
-2148
-1887
-2971
-3867
-3987
-3576
-2496
-2180
-2537
-2410
-2508
-1635
-1079
-1002
-552
-588
-92
271
493
694
786
1172
1427
1893
2033
1848
1541
1770
2405
2891
3376
3109
3111
3181
3629
4247
4361
4721
4221
4349
3399
3337
2837
3506
2029
-63
628
712
2173
631
-1304
-2484
-3110
-2258
-1466
-2862
-3753
-3996
-4193
-3215
-4229
-4279
-3774
-4127
-2679
-2503
-2014
-1444
-1747
-869
335
1269
1969
1669
1366
2205
2345
3104
3414
2694
2580
1742
1725
1847
1297
1147
283
-588
-562
-721
-853
-1961
-2472
-2561
-2434
-1942
-2363
-3306
-4527
-3781
-2315
-1810
-1536
-2354
-3137
-2662
-1620
-615
-263
-531
-536
-578
-193
107
-173
135
515
680
888
695
100
90
408
1182
1973
1754
1805
1292
1473
2548
3379
4351
4061
3873
4002
5120
5747
6526
5433
4614
3576
4540
3810
1261
2447
1865
3399
1979
-434
-1164
-2842
-2692
-1660
-2845
-3071
-3475
-4860
-4048
-5523
-5521
-3854
-4541
-3214
-3328
-3550
-2305
-2568
-1354
352
860
1803
1717
1289
2526
2389
3260
4319
3536
3702
2462
1955
2359
1805
1925
1398
-3
-113
-1152
-1804
-1849
-2957
-2138
-2711
-3883
-4208
-5251
-4648
-4201
-3651
-3415
-4853
-4109
-3334
-3132
-2312
-2207
-1659
-1048
-1320
-670
-1289
-982
196
141
1319
867
302
433
454
1388
2238
2524
3033
2491
2807
3464
3879
4858
4764
5031
4750
5158
6306
7171
8009
7150
5145
3665
3423
2230
2289
3265
3583
3897
737
-1188
-2514
-3344
-2486
-2099
-2776
-3135
-4595
-5693
-5779
-6896
-5287
-4144
-4097
-3558
-4845
-4441
-3439
-2455
-355
998
1333
1369
887
1277
2767
3480
4590
4588
3719
3362
2279
2199
2411
2427
2491
1417
-190
-895
-2004
-2237
-2258
-2515
-1930
-3026
-4515
-5609
-6028
-4990
-3959
-3476
-3361
-4860
-4864
-3988
-3374
-1961
-1492
-1114
-992
-1484
-1053
-1171
-664
623
1054
1450
1001
-19
46
566
1674
2692
2820
2695
2098
2150
3217
3993
5193
5301
5057
5071
4928
5739
6715
7514
8359
8477
5866
4316
961
-14
3596
4880
6343
3139
-1745
-2746
-3849
-3298
-1572
-3122
-3025
-3597
-6208
-5861
-7892
-7586
-4786
-4818
-3314
-4202
-6126
-5264
-4792
-2127
1487
1789
1778
591
-580
1730
3097
5065
6446
4573
3779
2553
2032
3468
3298
3328
2810
703
134
-1127
-2730
-2337
-2840
-1880
-1651
-4262
-5867
-6959
-6245
-4233
-3477
-3767
-4865
-5871
-5093
-4294
-3380
-1981
-1570
-1093
-1699
-2229
-2272
-1695
-261
622
1240
699
-491
-901
-393
961
2352
2900
2565
2059
1877
2609
4067
5153
5936
5593
5369
5423
6127
7314
7663
8478
9300
9401
7296
4378
332
1396
5140
7716
7428
1711
-2073
-3452
-3366
-1443
-1349
-2893
-3278
-5183
-6347
-6902
-8540
-6872
-5679
-5006
-3917
-5810
-6524
-6384
-5201
-1262
1487
1695
995
-928
-724
1716
3754
6403
6238
4157
2810
1535
2810
4220
4173
3557
1645
-71
-197
-1915
-2359
-2579
-3362
-2102
-3508
-4545
-5597
-7182
-6155
-5265
-4698
-3537
-5040
-5396
-5056
-4983
-2727
-1579
-734
-648
-2179
-1891
-1566
-615
1214
1570
1557
723
-90
346
746
1711
2599
2710
2598
2103
1905
2705
3801
5154
5458
5372
4754
4737
5547
6287
6814
8042
9538
8580
5982
41
-1702
2048
6646
9026
4867
-1195
-3603
-4157
-2094
-325
-2074
-2560
-3739
-5407
-5346
-7653
-7602
-5884
-5255
-3297
-3819
-5582
-6383
-6719
-3699
800
2363
2253
210
-1583
103
2214
5423
7382
5696
3624
1460
1353
3485
4516
4462
2878
411
-408
-1956
-2281
-2435
-3086
-2550
-3950
-4375
-5419
-6770
-6441
-7128
-5758
-4127
-4529
-4850
-6139
-6679
-4416
-2571
-269
-402
-2615
-2751
-3025
-1327
718
1367
1693
632
143
475
1072
1988
2775
3185
3515
3571
2894
3442
4187
5761
6477
6621
6349
5642
6033
6705
7703
8084
10175
9876
7999
2060
-2856
625
5679
9568
6859
-201
-3975
-4900
-3650
-891
-1819
-3387
-3733
-6073
-6131
-7771
-9045
-6653
-6164
-4665
-4050
-5809
-6735
-7445
-5613
-509
2167
2117
978
-1575
-559
1464
4149
7588
6706
4633
2427
887
2801
4442
4888
4218
1537
-270
-1559
-2333
-2730
-3573
-3327
-2735
-3396
-4620
-6672
-8458
-8121
-6462
-3578
-3434
-5123
-6243
-7407
-5427
-2772
-911
-340
-1782
-2663
-2542
-1840
200
1455
1724
1826
782
641
928
1407
2803
3479
4158
4012
3582
3321
3930
5312
6632
7764
7265
6911
6023
6544
7886
8395
11219
10142
8622
2165
-2848
1201
5835
9689
6815
-281
-3537
-4082
-4047
-986
-2707
-3563
-3192
-6128
-5686
-8539
-10104
-7205
-6662
-4816
-4140
-6327
-7290
-8034
-6789
-789
1794
1860
1024
-2066
-670
1101
3661
7566
6780
4913
2950
1138
2857
4407
4651
4653
2246
108
-881
-2239
-3501
-3683
-3378
-2074
-2410
-5185
-7146
-9143
-9038
-6123
-3822
-3620
-4810
-7007
-7312
-5681
-3508
-876
-765
-1700
-2434
-2745
-1499
-54
1017
1948
1868
1254
929
813
1866
2888
3964
4661
4335
4106
3598
4343
6058
7133
8223
7673
7012
7463
7516
8121
9114
10769
10822
8165
169
-1482
2763
7667
10327
4064
-1288
-3366
-4076
-2253
-1359
-3776
-3065
-4517
-5931
-6106
-10002
-9087
-7275
-7015
-4642
-5439
-6860
-7758
-9108
-5638
-348
952
1355
-672
-2205
-187
804
4421
7259
5799
4489
2068
1457
3590
4300
4618
4076
1516
343
-647
-2362
-3259
-4051
-3117
-1830
-2726
-5004
-7493
-9841
-8564
-5489
-3679
-3455
-5660
-7301
-6873
-5469
-2705
-1049
-1356
-2034
-2784
-2230
-899
-47
1035
1833
1367
1276
815
1348
2204
2911
4012
4539
4343
3911
3878
4945
7151
7649
8437
7667
7529
8005
8517
8906
10594
11409
10005
5598
-1342
1359
5924
10068
8578
1322
-2259
-2989
-2975
-1059
-1648
-3529
-2929
-5404
-6262
-7499
-10293
-7841
-7052
-6486
-5092
-6930
-7916
-8801
-8498
-3508
203
158
-91
-2266
-1942
288
1832
5733
6520
4725
3452
1873
2747
4590
4502
4689
3405
972
744
-973
-2393
-2507
-3222
-1843
-1850
-4439
-5994
-8275
-8920
-6634
-5472
-4226
-4799
-6984
-6660
-6546
-5015
-2434
-2020
-1986
-2810
-3079
-1579
-749
360
1464
1390
1534
885
1024
2326
2811
3981
4712
4460
5274
4363
5096
7053
7485
8546
7881
7470
8838
9284
8882
10198
9001
10182
8169
313
739
3044
7833
9955
2539
-1629
-2756
-4112
-902
-1485
-4128
-2285
-5596
-5753
-5970
-10273
-7732
-7011
-6944
-4408
-6612
-7154
-7096
-9154
-4854
-808
-463
899
-2073
-2136
271
140
4184
5689
4199
3911
1529
1903
4051
3511
3970
2983
448
777
-433
-2374
-1951
-4788
-2945
-1967
-4243
-4371
-8153
-8761
-6927
-6352
-4134
-4712
-6927
-5710
-5899
-4769
-2648
-2775
-1480
-2524
-2609
-993
-968
421
694
1198
1901
1309
1259
1977
2464
3921
4041
4480
4986
4396
5474
5992
7377
8613
7790
8010
8096
9215
10429
9690
11050
9988
8828
2265
305
4146
8505
10463
4775
-1026
-2854
-2419
-1148
137
-3074
-3218
-4055
-5796
-5649
-9157
-8955
-7066
-7198
-5777
-6408
-7797
-8165
-9224
-7258
-2030
-1284
-1111
-2189
-3666
-860
-99
2385
5070
3810
3130
1734
1529
3859
4513
3950
3244
1080
653
662
-1188
-1350
-2594
-3021
-1927
-3719
-4765
-6396
-8211
-7077
-5931
-4896
-4918
-7068
-7032
-6109
-5490
-3548
-2877
-2684
-2978
-3588
-2249
-1239
-245
698
824
1237
1072
782
1728
2664
4147
4475
4311
4644
4641
5841
6978
8079
8676
7861
7897
8406
9045
11008
9807
10900
10050
8790
4755
-159
2888
6932
10224
6624
367
-3360
-2791
-1797
18
-1487
-3579
-3638
-5929
-5870
-7555
-8904
-6928
-6609
-6132
-6216
-7358
-7844
-7865
-7314
-3250
-850
-1490
-1807
-3478
-1607
329
1564
4264
4027
2616
1477
940
2602
4620
4084
3219
1196
-401
130
-621
-1321
-2228
-3315
-2912
-3254
-4896
-6154
-7744
-7680
-6399
-5492
-5192
-6578
-7402
-6408
-5495
-4434
-3432
-2929
-2925
-3425
-2908
-1705
-690
285
598
1072
1268
973
1255
2088
3494
4726
4652
4702
4837
4995
7034
7876
8847
8748
7585
7905
8688
10303
11161
10748
10463
9775
5000
152
2069
6131
10908
7997
930
-2463
-3596
-1904
437
-1223
-2665
-3339
-5669
-5141
-7314
-8909
-6666
-6601
-5586
-5700
-7772
-7621
-8428
-7953
-3313
-1029
-1233
-2290
-4655
-2616
-418
1025
4139
3532
2173
1057
-172
1788
3708
3941
3648
1391
-544
-174
-1491
-868
-1732
-3099
-2198
-3765
-4776
-5804
-7450
-6971
-6584
-5560
-4377
-6768
-7176
-6649
-6217
-4242
-3825
-2845
-2785
-3967
-2986
-2516
-1293
185
-74
891
954
626
1233
1177
3102
4199
4452
4879
4589
5020
6558
7543
8635
8899
7757
8635
8552
10745
10711
10759
10969
10235
6538
521
1887
6224
11118
9011
2090
-2501
-3353
-1737
825
199
-2351
-3146
-5471
-5605
-6457
-8301
-6193
-5955
-5924
-5925
-7478
-7693
-7818
-7775
-3814
-722
-1363
-2027
-4504
-3308
-454
895
4023
3867
2107
917
-118
1362
3870
4069
3780
1563
-504
-180
-1571
-666
-1248
-2902
-1940
-3344
-4978
-5503
-7523
-6845
-6539
-5715
-4101
-6762
-7345
-6680
-6588
-4379
-3731
-3312
-2953
-4076
-3212
-2438
-1474
184
170
479
1005
784
1354
1986
2811
4201
4664
5121
5480
5688
6463
7285
8305
9402
8703
8950
9276
10224
11268
10635
10606
10176
5317
1122
2825
6461
11425
7684
849
-2329
-3823
-1359
1286
-842
-1921
-3671
-6246
-5223
-7312
-7873
-5478
-6165
-5370
-6091
-8149
-7108
-7983
-7216
-2563
-1136
-1181
-2325
-4821
-2374
-507
1167
4469
3216
1888
785
-231
2237
3807
3523
3323
657
-449
-201
-672
-350
-1665
-2906
-2617
-3111
-4469
-5205
-6793
-6958
-6387
-5309
-4620
-6252
-7176
-6645
-5638
-4493
-3500
-3285
-3228
-3533
-3180
-1778
-752
155
139
138
899
1457
1991
2499
3171
3798
4660
4980
5614
6489
7006
7566
8392
8838
9312
9701
9919
11007
10816
11267
11406
9006
2848
1670
4676
9965
11499
4832
-335
-3105
-2680
370
881
-989
-2062
-4779
-5784
-6064
-8324
-6785
-5720
-5952
-5470
-7516
-8157
-8192
-8701
-5543
-1692
-1422
-2352
-4438
-4561
-1637
-106
2583
4082
2310
907
-38
797
3973
4399
3702
2190
5
345
381
684
354
-1253
-2418
-2175
-3676
-3976
-4653
-5988
-5915
-5985
-4896
-5353
-7169
-6806
-5956
-5213
-4064
-4198
-4257
-4005
-3963
-2753
-1662
-1066
-256
-795
-334
646
1223
2285
2675
3305
3945
4484
4712
5891
6799
7823
8486
8314
8629
8929
9855
10857
11596
11221
11244
10041
7314
2725
3302
6679
10444
9388
3162
-1030
-2626
-1346
941
543
-1486
-2695
-5058
-5594
-6364
-7765
-5987
-5432
-5704
-6152
-7926
-8046
-7826
-7209
-4058
-1511
-2103
-3377
-4834
-3425
-424
1133
2882
2954
1218
259
226
2045
4525
4244
2807
726
-408
601
998
1129
141
-1873
-2261
-2768
-3294
-3511
-4579
-5167
-5844
-5588
-4768
-6053
-6805
-6440
-5344
-4315
-4288
-4582
-4625
-4346
-3359
-2140
-1487
-786
-961
-884
-137
866
2034
2230
2599
3423
3880
4914
5497
6141
7320
7655
8554
8515
8983
9874
10171
11151
10927
11680
11820
9744
4995
2563
5235
9584
11213
6453
1183
-1647
-963
915
1606
-78
-2001
-3388
-4912
-5114
-6553
-6457
-5306
-5552
-5810
-7190
-8013
-8247
-7774
-5806
-2811
-2052
-3610
-4925
-5046
-2188
167
1736
2566
1290
-6
-382
966
3639
4741
3515
897
85
527
1815
2216
745
-454
-1769
-1481
-1613
-2391
-2933
-4127
-5085
-4837
-4369
-4784
-5785
-6567
-5411
-4613
-4435
-4364
-5323
-4659
-3838
-2924
-2274
-2043
-1715
-1524
-818
148
1263
1554
1823
2309
3169
4579
5350
6086
6344
7019
7602
8464
9336
9846
10574
10065
10594
10691
11852
11316
8409
4569
4047
7263
9751
8993
4060
511
-524
516
1522
754
-1249
-2798
-3712
-4392
-5019
-6190
-6250
-5610
-5863
-6119
-7276
-7891
-8019
-7152
-4964
-2956
-3047
-4551
-5120
-4184
-1487
456
1389
1397
38
-501
52
1958
3717
3795
1495
195
61
1526
2725
1594
-328
-1411
-1006
-713
-604
-2320
-3243
-4103
-4370
-3871
-3988
-4863
-5470
-5533
-4824
-3903
-4532
-4951
-4862
-4326
-2702
-2475
-2282
-2443
-2212
-947
-190
905
1233
1352
1462
2495
3620
5111
5782
5803
6280
6655
7712
8917
9436
10256
9617
10065
10249
10928
11681
9211
6674
4490
6150
8854
9356
5948
2429
375
785
2217
1183
99
-1912
-3110
-3296
-4301
-5036
-5908
-5882
-5754
-5943
-7030
-7700
-8193
-8185
-6263
-4943
-4057
-4843
-6112
-5445
-3832
-1706
-156
-72
-739
-1395
-1336
125
1985
2485
1874
397
-258
960
1719
1975
724
-205
-248
96
9
-975
-1870
-2528
-2740
-3051
-3105
-3541
-4024
-4365
-4186
-3840
-4076
-4108
-4276
-3995
-3440
-2922
-2657
-2748
-2405
-1582
-735
-271
305
292
956
1864
3082
4167
4872
5305
5491
6468
7140
8497
9173
9971
10002
10051
9559
10165
10776
8976
7614
6051
6830
8821
8043
5837
3336
1556
2078
2302
1032
273
-1376
-2589
-2783
-4491
-4742
-5090
-5772
-5530
-6355
-7294
-7231
-7931
-7597
-6093
-5714
-4970
-5604
-6389
-5100
-4189
-2666
-1345
-1400
-1476
-1770
-2248
-655
811
1442
1442
50
-328
219
694
1289
1440
521
618
180
-544
-602
-1058
-1284
-1578
-2241
-2456
-2685
-3280
-3205
-3093
-3328
-3013
-3417
-3669
-3342
-3104
-2499
-2303
-2167
-1819
-1424
-992
-404
402
864
1639
2110
3039
3839
4682
5495
6046
7051
7847
8398
8808
9480
9687
9762
9479
8285
7751
7849
7706
8230
7462
6014
5063
3479
2781
2793
1745
1138
18
-1577
-2099
-3321
-4255
-4275
-4910
-5045
-5446
-6661
-6913
-7126
-7140
-6010
-5697
-5625
-5499
-6088
-5602
-4568
-3741
-2571
-2327
-2815
-2683
-2479
-1744
-720
-609
-98
-191
-845
-933
-1082
-121
783
796
324
-536
-1025
-739
-656
-667
-868
-1490
-1750
-2380
-2639
-2346
-2236
-1880
-2088
-2504
-2600
-2770
-2652
-2102
-1658
-1096
-791
-1025
-847
-487
336
1572
2299
2833
3095
3321
4216
5792
6798
7527
7925
8076
8704
8913
8798
7958
7591
7941
8369
8450
7645
6677
5881
5085
4281
3665
2759
1940
1126
31
-669
-1900
-3095
-3789
-4447
-4609
-5128
-5866
-6452
-6703
-6591
-6019
-5630
-5528
-5321
-5509
-5150
-4379
-3647
-2983
-2785
-2621
-2305
-1858
-1295
-709
-680
-832
-776
-574
-241
108
-86
-494
-713
-808
-433
-171
-434
-1006
-1801
-2162
-1870
-1730
-1673
-1794
-2377
-2702
-2981
-2870
-2419
-2369
-2026
-1865
-1957
-1837
-1750
-1542
-850
46
946
1404
1471
1655
2461
3479
5134
6294
6611
7024
6924
7370
7803
6817
5835
7217
9209
10080
8301
4850
4390
5532
6244
6056
3768
2052
1931
1383
471
-906
-2584
-2443
-2519
-3713
-4698
-6268
-6712
-6271
-6441
-5737
-5482
-6254
-6707
-6629
-5502
-3945
-3677
-3641
-3174
-3119
-2654
-2104
-961
710
643
-253
-419
196
1414
2047
1658
1189
824
934
1205
693
440
179
-458
-905
-1279
-1555
-1695
-1851
-1919
-2248
-2860
-3043
-3166
-2998
-2667
-2659
-2761
-3173
-3094
-2531
-1677
-1127
-636
-27
299
942
1050
2199
3522
4390
5169
5658
6248
6826
6719
4628
4478
6888
9595
10391
7123
4324
4580
6217
7103
6509
4483
3564
3455
2067
1184
-352
-928
-347
-1125
-2482
-4163
-5773
-5993
-5393
-5237
-4334
-4827
-6621
-7216
-7196
-5314
-3800
-4060
-4142
-4569
-4704
-4027
-3035
-1295
11
-603
-1367
-1031
39
1550
1961
2169
2356
1908
2110
2116
2047
2499
2589
2133
1249
317
21
-134
-200
55
-587
-1774
-2674
-3289
-2887
-2568
-2578
-2996
-3961
-4335
-4045
-3541
-2866
-2345
-2194
-2022
-2075
-1459
-278
946
2084
2687
3234
3944
4386
4446
3918
2806
4091
6912
8336
7664
4867
3603
5249
6562
6547
5579
4098
3942
3890
2666
1843
639
311
831
-295
-1966
-3306
-4350
-4166
-3877
-4148
-3824
-4765
-6183
-6153
-5676
-4311
-3741
-4524
-4540
-4600
-4688
-4008
-3067
-1844
-1236
-2217
-2192
-1151
12
1131
1063
1356
1853
1959
2642
2891
2856
3346
3400
3031
2772
2533
2795
2750
2312
2103
1215
427
113
-192
-202
-603
-1398
-2349
-3054
-3179
-2935
-2911
-2932
-3037
-3222
-3338
-3013
-2260
-1455
-644
-256
91
745
1631
1843
1851
488
667
3477
5590
5980
3696
1661
2771
4607
5140
4968
3772
3361
3922
2924
2168
1262
587
1583
1319
-115
-1430
-2683
-2829
-2151
-2275
-1983
-2221
-3931
-4437
-4470
-3697
-2602
-3004
-3149
-3377
-4182
-4020
-2958
-1894
-956
-1805
-2883
-2062
-1150
-173
309
188
661
680
902
1701
1850
2092
2399
2172
2270
2409
2438
2710
2371
2457
2508
1853
1580
1521
1565
1261
628
-137
-673
-970
-1140
-1380
-1583
-1637
-2042
-2495
-2921
-2732
-1903
-1241
-1149
-1152
-991
-543
-203
-231
-649
-1455
-697
1621
3108
2538
585
-60
1412
2858
3151
2654
1883
1879
2129
1356
617
357
801
1526
664
-931
-1877
-1969
-1357
-1036
-1317
-1241
-1649
-2598
-2835
-2525
-1576
-960
-1412
-1922
-2355
-2620
-2228
-1340
-565
-435
-1229
-1762
-1137
-277
376
499
355
427
382
593
1063
1272
1516
1596
1338
1174
1257
1647
1937
1808
1753
1695
1414
1348
1419
1418
1249
874
589
293
97
81
55
-90
-290
-566
-893
-1027
-835
-410
-87
-98
-259
-345
-152
-34
-261
-881
-1830
-1472
270
1601
1318
-488
-1540
-429
911
1135
706
98
187
396
-309
-606
-799
-739
-273
-785
-1584
-2045
-2364
-2021
-1504
-1280
-856
-1246
-2047
-2165
-1778
-825
-283
-603
-890
-1067
-1280
-1085
-297
480
736
72
-558
-59
470
830
952
950
1073
908
828
1180
1436
1243
1066
772
835
1180
1177
1249
993
777
874
872
894
928
706
455
280
169
240
198
108
127
-8
-225
-272
-284
108
546
625
756
536
504
1047
1379
1529
1202
135
-844
-1218
-39
1732
1826
309
-1323
-1525
-271
442
104
-197
-501
-767
-1338
-2116
-2090
-1684
-1511
-1594
-2295
-3205
-3456
-3303
-2600
-1767
-1643
-1862
-2633
-3061
-2332
-1152
-326
-267
-761
-954
-949
-845
-67
1065
1587
1197
409
380
1223
1848
2192
2182
2114
1993
1770
1947
2249
2389
2124
1784
1652
1824
1932
1721
1423
1128
1139
1136
1010
773
536
366
173
-18
-191
-196
-298
-468
-667
-811
-643
-515
-306
-106
-74
51
85
509
988
1365
1657
1572
1088
454
32
-163
683
1952
2150
1065
-538
-936
-195
469
394
-17
-755
-1479
-1767
-2055
-1999
-2233
-2665
-2670
-2923
-3512
-4069
-4155
-3643
-3060
-3092
-3182
-3177
-3318
-2975
-2465
-1917
-1541
-1646
-1541
-1214
-853
-338
355
717
835
726
683
1272
1751
2084
2178
2273
2554
2610
2722
2784
2675
2486
2498
2702
2823
2598
2182
1994
1908
1980
2002
1852
1529
919
409
235
349
412
179
-206
-534
-800
-1043
-867
-419
-218
-388
-624
-695
-321
230
763
868
632
731
884
667
166
85
619
1623
2146
1751
714
-130
110
995
1320
729
-171
-712
-880
-1181
-1672
-1781
-2076
-2386
-2663
-3149
-3587
-3974
-4046
-3634
-3220
-3281
-3426
-3617
-3766
-3551
-3148
-2358
-1834
-1827
-1976
-2024
-1746
-1032
-254
199
450
260
255
711
1231
1835
2209
2363
2442
2337
2280
2554
2942
3312
3448
3302
3163
2943
2997
3204
3295
3290
3098
2621
2088
1818
1801
1822
1647
1281
761
277
8
-138
-219
-231
-241
-335
-807
-1089
-1120
-790
-330
-267
-453
-757
-665
-438
-390
-615
-742
-741
-332
223
433
411
54
-258
-255
-54
198
259
117
-201
-568
-1056
-1296
-1297
-1289
-1384
-1895
-2424
-2737
-2800
-2670
-2468
-2360
-2412
-2593
-2880
-2914
-2745
-2348
-1844
-1570
-1547
-1833
-1995
-1734
-1090
-424
-134
-183
-356
-251
190
904
1389
1608
1650
1624
1670
1798
2181
2602
2827
2824
2714
2795
3045
3220
3361
3248
3091
2939
2920
2895
2680
2275
1976
1949
1924
1679
1044
498
267
293
89
-326
-654
-880
-962
-1120
-1400
-1479
-1370
-1501
-1704
-1728
-1536
-1344
-1276
-1410
-1770
-1937
-1733
-1286
-975
-772
-593
-549
-549
-533
-416
-234
-31
136
348
391
104
-328
-574
-411
-120
48
-202
-575
-922
-1104
-1023
-835
-627
-604
-784
-1048
-1253
-1317
-1144
-869
-700
-636
-743
-947
-1001
-868
-546
-197
63
136
62
23
84
308
661
1020
1195
1186
1139
1073
1187
1521
1857
2093
2235
2146
1955
1825
1939
2256
2408
2364
2144
1694
1249
1076
1114
1139
894
452
-11
-482
-840
-1080
-1163
-1278
-1556
-1912
-2263
-2464
-2522
-2553
-2626
-2820
-2926
-2963
-2922
-2841
-2747
-2629
-2494
-2319
-2145
-1915
-1710
-1411
-1152
-863
-545
-266
138
537
796
1013
1163
1353
1571
1731
1950
2158
2228
2187
1977
1846
1781
1728
1725
1580
1391
1231
1067
895
750
610
553
466
356
250
171
125
38
-44
-71
-109
-155
-130
-134
-84
-134
-266
-257
-194
-90
69
103
98
110
47
162
392
509
584
477
361
404
467
618
649
573
445
200
34
-73
-141
-225
-351
-594
-865
-1127
-1354
-1458
-1641
-1842
-1999
-2122
-2237
-2386
-2538
-2646
-2633
-2591
-2537
-2453
-2414
-2357
-2251
-2143
-1939
-1728
-1506
-1339
-1166
-943
-560
-148
164
380
575
879
1272
1654
1900
2168
2379
2524
2623
2713
2847
2939
2946
2883
2799
2654
2476
2364
2262
2177
1935
1620
1345
1092
944
876
753
609
418
112
-81
-186
-164
-88
-126
-289
-483
-623
-592
-457
-370
-380
-485
-564
-630
-631
-599
-524
-482
-461
-451
-531
-600
-594
-571
-590
-652
-706
-746
-813
-895
-999
-1102
-1294
-1487
-1544
-1524
-1589
-1808
-2061
-2267
-2349
-2382
-2407
-2427
-2493
-2577
-2684
-2773
-2734
-2548
-2362
-2299
-2274
-2202
-2037
-1884
-1666
-1358
-1090
-856
-683
-429
-112
202
430
646
909
1150
1372
1493
1710
1977
2164
2260
2249
2329
2511
2689
2711
2664
2647
2620
2602
2620
2651
2674
2582
2346
2126
2036
2008
1914
1759
1536
1285
1101
935
844
865
771
648
530
405
292
180
115
165
229
245
188
44
-49
-68
-54
6
-28
-98
-196
-390
-560
-687
-791
-900
-1046
-1229
-1391
-1567
-1822
-2038
-2116
-2218
-2401
-2667
-2849
-2927
-2981
-3016
-3101
-3110
-3131
-3194
-3189
-3129
-3056
-2963
-2881
-2714
-2536
-2476
-2399
-2225
-1966
-1706
-1553
-1391
-1147
-924
-726
-509
-337
-177
64
287
477
638
774
944
1089
1188
1253
1368
1475
1517
1589
1672
1758
1816
1845
1856
1951
2039
2062
2109
2135
2171
2184
2224
2265
2329
2418
2449
2462
2376
2313
2340
2393
2448
2429
2339
2242
2133
1990
1941
1918
1829
1699
1480
1258
1010
813
698
605
447
236
-42
-335
-525
-724
-908
-1151
-1444
-1712
-1945
-2114
-2269
-2387
-2565
-2825
-3068
-3257
-3298
-3259
-3276
-3379
-3554
-3638
-3626
-3523
-3419
-3353
-3266
-3214
-3174
-3107
-2926
-2618
-2342
-2231
-2185
-2139
-1975
-1709
-1383
-1041
-809
-746
-718
-547
-201
131
362
510
561
671
810
998
1232
1484
1647
1698
1714
1783
1919
2100
2243
2374
2443
2411
2425
2433
2580
2614
2594
2583
2545
2581
2544
2467
2510
2619
2585
2486
2268
2142
2189
2198
2131
1905
1661
1543
1460
1422
1308
1162
1084
892
705
556
393
310
176
155
-64
-402
-550
-606
-637
-863
-1053
-1125
-1191
-1352
-1464
-1598
-1681
-1691
-1917
-2066
-2121
-2087
-2047
-2217
-2493
-2633
-2566
-2486
-2565
-2707
-2773
-2751
-2755
-2741
-2709
-2673
-2600
-2608
-2539
-2433
-2313
-2141
-1988
-1841
-1649
-1461
-1279
-1071
-830
-555
-296
-97
74
268
510
762
981
1176
1373
1608
1741
1863
1995
2125
2297
2386
2413
2518
2598
2656
2679
2657
2665
2652
2614
2534
2385
2267
2149
2039
1866
1658
1540
1458
1341
1171
951
781
689
622
585
460
333
242
151
102
115
95
43
-6
-58
-39
-10
-1
-10
-52
-69
-90
-82
-55
-78
-109
-215
-348
-440
-449
-466
-619
-761
-938
-1052
-1146
-1300
-1413
-1496
-1608
-1743
-1949
-2094
-2134
-2173
-2172
-2261
-2383
-2467
-2474
-2395
-2254
-2071
-2011
-1987
-1928
-1769
-1491
-1219
-1002
-817
-681
-548
-412
-223
49
305
470
616
706
863
1077
1246
1457
1575
1618
1679
1668
1710
1796
1838
1837
1789
1720
1617
1543
1498
1454
1395
1289
1189
1095
1013
970
913
862
811
736
675
662
691
751
794
833
854
885
944
981
1029
1100
1161
1168
1188
1178
1171
1144
1105
1069
1026
910
730
597
444
267
99
-48
-206
-398
-672
-930
-1119
-1264
-1427
-1606
-1803
-2000
-2098
-2224
-2333
-2398
-2446
-2470
-2497
-2541
-2520
-2399
-2260
-2144
-2020
-1870
-1699
-1525
-1363
-1124
-825
-600
-391
-158
50
256
474
682
925
1153
1304
1360
1404
1506
1602
1737
1770
1756
1744
1662
1553
1519
1454
1448
1403
1250
1106
989
884
784
728
697
636
526
420
349
352
435
504
556
584
619
669
734
888
1082
1221
1307
1355
1416
1506
1617
1704
1731
1713
1709
1678
1587
1535
1493
1385
1270
1099
883
671
416
206
-15
-261
-528
-797
-1140
-1389
-1624
-1771
-1909
-2113
-2307
-2484
-2581
-2636
-2624
-2618
-2584
-2607
-2597
-2587
-2499
-2297
-2086
-1862
-1710
-1568
-1395
-1181
-892
-591
-315
-81
104
273
459
642
812
1010
1180
1310
1389
1392
1384
1407
1437
1488
1522
1423
1306
1191
1109
1067
1045
998
875
744
582
472
410
417
455
429
337
225
229
257
344
436
485
501
519
611
654
764
781
912
1069
1107
1036
931
1007
1150
1262
1191
1041
843
836
869
833
682
409
216
118
-92
-310
-497
-664
-829
-1107
-1312
-1491
-1606
-1717
-1843
-1917
-1988
-2113
-2216
-2244
-2199
-2113
-2051
-1967
-1904
-1846
-1732
-1560
-1331
-1050
-883
-758
-620
-420
-155
135
387
540
666
816
991
1183
1352
1429
1512
1572
1613
1654
1652
1631
1609
1566
1507
1450
1320
1221
1129
984
893
798
708
674
557
461
393
296
261
252
256
247
190
108
93
108
146
183
210
254
235
232
268
322
373
369
319
316
341
339
312
257
205
156
75
-30
-117
-208
-286
-389
-532
-650
-822
-961
-1061
-1153
-1241
-1323
-1420
-1513
-1566
-1617
-1630
-1623
-1582
-1571
-1542
-1543
-1479
-1338
-1229
-1083
-966
-882
-806
-693
-506
-310
-131
0
110
254
400
532
687
813
959
1068
1117
1152
1187
1284
1368
1442
1464
1440
1406
1381
1369
1372
1384
1352
1289
1191
1110
1067
1085
1085
1046
987
876
792
740
717
715
708
688
673
562
485
453
422
443
417
330
282
180
79
81
54
10
-87
-225
-308
-371
-430
-525
-605
-681
-776
-858
-986
-1072
-1122
-1169
-1225
-1307
-1365
-1419
-1504
-1544
-1577
-1562
-1524
-1516
-1502
-1505
-1455
-1362
-1244
-1140
-1015
-949
-887
-834
-723
-544
-372
-241
-172
-57
36
153
274
430
605
698
711
735
808
925
1046
1101
1120
1103
1083
1079
1086
1163
1202
1127
1100
1038
965
981
997
1039
1051
995
898
834
837
877
928
954
905
883
806
757
781
820
859
836
757
645
631
623
611
594
526
417
359
266
209
200
136
40
-72
-195
-302
-406
-497
-566
-658
-782
-939
-1037
-1103
-1203
-1270
-1364
-1476
-1549
-1623
-1687
-1753
-1780
-1769
-1777
-1809
-1814
-1827
-1804
-1766
-1728
-1645
-1594
-1512
-1397
-1291
-1177
-1070
-943
-778
-628
-519
-405
-250
-90
65
196
304
441
565
674
780
904
987
1071
1105
1146
1218
1277
1306
1321
1381
1406
1414
1364
1325
1327
1321
1309
1285
1256
1255
1191
1152
1130
1100
1135
1135
1111
1057
1027
1012
977
955
939
930
901
813
767
740
706
679
654
623
543
413
333
302
246
187
77
-53
-143
-246
-353
-438
-508
-589
-721
-848
-948
-1044
-1103
-1206
-1291
-1333
-1438
-1548
-1602
-1645
-1652
-1683
-1718
-1746
-1745
-1702
-1672
-1609
-1552
-1508
-1466
-1395
-1305
-1164
-1054
-975
-913
-833
-685
-568
-444
-334
-253
-147
-55
38
169
319
435
497
557
638
719
820
869
924
987
1005
1023
1079
1120
1144
1164
1158
1140
1150
1155
1195
1235
1241
1210
1178
1168
1183
1230
1200
1198
1156
1135
1149
1147
1183
1159
1110
1052
983
974
985
927
870
785
689
608
504
447
380
315
197
68
-29
-176
-282
-366
-456
-580
-741
-896
-1009
-1066
-1156
-1226
-1313
-1431
-1489
-1536
-1582
-1602
-1614
-1637
-1658
-1650
-1606
-1551
-1479
-1447
-1410
-1358
-1282
-1200
-1108
-1013
-940
-883
-769
-651
-568
-460
-378
-306
-186
-66
13
139
200
287
380
412
477
560
640
683
727
731
744
772
827
860
853
876
821
819
850
856
876
851
831
824
814
870
896
904
916
866
850
879
903
932
952
894
880
866
844
859
862
832
772
714
656
611
547
492
444
379
301
181
83
8
-63
-121
-192
-298
-389
-440
-524
-546
-583
-666
-739
-828
-872
-872
-860
-918
-982
-1041
-1067
-1053
-1049
-1068
-1068
-1093
-1125
-1108
-1073
-1057
-1014
-1003
-1035
-990
-988
-946
-880
-839
-762
-742
-730
-671
-577
-504
-434
-390
-324
-297
-245
-167
-67
31
86
118
102
156
227
331
383
419
428
429
476
540
627
671
669
662
712
776
858
887
890
906
925
945
962
989
1037
1051
1040
999
961
965
993
966
933
917
863
797
727
685
647
604
553
483
397
320
267
251
205
141
65
4
-27
-35
-89
-131
-185
-258
-303
-366
-416
-469
-530
-605
-643
-703
-776
-806
-842
-879
-912
-970
-1025
-1062
-1092
-1100
-1124
-1169
-1181
-1161
-1172
-1171
-1132
-1091
-1066
-1017
-982
-900
-804
-744
-701
-670
-579
-499
-408
-348
-292
-197
-146
-73
25
113
184
238
287
364
428
479
517
532
571
624
670
722
751
767
808
809
831
889
945
992
1001
1017
1034
1007
1014
1008
1013
989
979
990
972
987
959
919
914
893
838
807
759
764
776
703
645
576
510
461
384
333
237
143
41
-69
-144
-233
-342
-449
-534
-643
-755
-874
-997
-1073
-1120
-1207
-1271
-1324
-1399
-1455
-1491
-1502
-1506
-1517
-1524
-1522
-1477
-1416
-1386
-1354
-1307
-1246
-1167
-1069
-1001
-919
-845
-796
-708
-616
-498
-419
-342
-274
-168
-79
2
64
119
183
235
285
335
403
439
475
498
545
585
606
631
625
686
715
736
751
760
779
787
823
814
845
875
876
904
909
927
943
955
960
968
986
976
1003
984
973
940
886
867
805
773
718
642
560
475
424
356
258
178
61
-84
-181
-280
-346
-418
-502
-584
-714
-815
-881
-914
-935
-983
-1057
-1122
-1165
-1148
-1136
-1111
-1086
-1079
-1050
-1007
-948
-915
-834
-742
-697
-635
-596
-569
-499
-453
-377
-286
-255
-215
-192
-149
-106
-43
-15
-4
12
13
16
11
29
40
57
48
45
43
40
61
42
53
93
112
116
133
155
197
249
317
358
421
465
497
586
602
650
716
729
761
798
813
833
861
849
852
836
789
779
745
725
695
603
535
463
405
344
297
236
153
86
-18
-95
-164
-202
-244
-328
-384
-451
-485
-488
-502
-471
-482
-501
-523
-514
-488
-457
-435
-390
-349
-318
-256
-247
-200
-146
-84
-26
-13
11
41
48
37
71
95
72
71
47
24
1
-7
-12
-29
-101
-148
-193
-257
-289
-294
-333
-373
-404
-426
-416
-433
-415
-409
-382
-366
-359
-311
-243
-194
-133
-74
-18
39
109
188
224
289
347
369
415
465
489
513
527
540
542
529
483
484
485
454
443
415
359
304
267
232
221
201
147
103
81
37
22
-14
-45
-57
-77
-87
-109
-108
-109
-100
-74
-49
-26
3
4
16
41
88
121
147
172
181
183
230
230
235
252
231
211
195
152
144
125
88
57
5
-63
-112
-177
-206
-236
-333
-374
-410
-465
-502
-538
-539
-552
-605
-619
-614
-582
-570
-568
-513
-500
-468
-393
-361
-304
-257
-199
-150
-105
-26
36
83
134
168
201
224
241
273
302
298
276
256
254
242
221
191
163
124
72
31
6
-2
-38
-55
-100
-123
-146
-169
-193
-203
-199
-193
-181
-184
-156
-129
-97
-69
-40
-7
23
58
103
128
170
227
243
276
316
343
361
384
419
433
433
459
440
447
449
411
372
333
311
291
255
188
121
77
37
16
-18
-74
-102
-139
-187
-219
-239
-252
-286
-312
-318
-320
-315
-317
-302
-293
-285
-271
-256
-262
-247
-225
-178
-153
-142
-134
-122
-116
-96
-96
-81
-62
-73
-49
-48
-46
-36
-65
-105
-79
-117
-117
-138
-191
-193
-196
-209
-222
-216
-206
-207
-233
-218
-223
-240
-227
-201
-174
-181
-153
-140
-119
-77
-46
9
26
45
91
120
139
173
196
206
229
258
305
337
347
352
367
384
373
397
393
386
373
367
369
390
381
389
370
342
337
303
313
292
286
288
241
229
220
197
191
170
153
130
92
39
6
-3
-23
-32
-23
-97
-126
-144
-150
-159
-208
-220
-257
-282
-279
-311
-327
-343
-364
-344
-365
-378
-371
-389
-384
-400
-416
-405
-413
-399
-388
-392
-386
-367
-352
-354
-340
-319
-276
-254
-266
-242
-178
-136
-98
-54
-9
-1
23
53
77
118
148
165
170
200
244
260
266
269
285
299
305
323
347
330
313
337
336
347
338
338
343
339
319
323
313
292
287
277
289
267
257
248
214
196
198
184
162
127
106
94
76
41
0
-34
-47
-82
-106
-134
-165
-177
-216
-252
-285
-311
-314
-338
-368
-395
-439
-455
-463
-481
-493
-501
-492
-527
-520
-537
-522
-509
-542
-519
-532
-529
-513
-494
-489
-479
-467
-430
-393
-363
-335
-319
-295
-260
-208
-165
-145
-107
-75
-38
5
42
98
103
113
132
153
173
177
217
204
194
223
220
250
269
291
335
362
351
347
368
367
410
447
466
450
460
459
466
493
497
500
472
468
449
438
445
456
441
384
355
327
313
282
244
222
178
137
102
45
-6
-29
-40
-86
-124
-159
-194
-239
-267
-291
-324
-370
-410
-426
-426
-437
-476
-474
-496
-507
-507
-505
-492
-496
-486
-478
-464
-468
-470
-445
-428
-391
-383
-371
-330
-317
-295
-274
-266
-223
-184
-128
-102
-92
-65
-37
1
25
34
36
27
49
61
86
106
92
105
124
127
129
144
143
125
130
121
120
111
74
91
68
23
-101
-736
-1297
-888
-115
199
158
194
227
-2
-272
-262
-450
-625
-17
722
838
393
-14
-176
-486
-578
20
748
1002
1115
917
536
108
-399
-531
-284
98
524
694
506
-62
-916
-1253
-915
-654
-277
231
376
-198
-1181
-1099
-733
-998
-849
-76
352
-489
-883
-689
-871
-1336
-1052
-619
-432
157
356
19
-801
-854
-457
-95
441
598
340
261
401
221
-13
4
210
598
622
591
512
353
175
90
397
659
626
452
325
121
-65
-13
300
519
480
292
240
278
266
306
452
595
660
802
831
676
573
561
703
894
998
901
721
684
673
669
687
754
743
611
491
453
438
336
258
189
161
78
15
20
-4
-32
-120
-155
-159
-166
-147
-89
-102
-135
-187
-253
-251
-245
-204
-144
-138
-144
-154
-181
-209
-207
-171
-116
-70
-91
-120
-139
-175
-179
-168
-198
-186
-153
-164
-185
-236
-281
-298
-279
-227
-141
-103
-117
-143
-159
-144
-106
-45
0
2
-2
5
16
26
26
62
96
141
184
267
251
227
229
219
248
312
367
359
372
333
338
381
407
439
415
391
384
359
336
337
342
309
283
266
206
166
101
57
77
61
44
40
-15
-51
-69
-128
-171
-189
-238
-231
-250
-268
-260
-329
-406
-371
-290
-263
-256
-260
-270
-360
-407
-368
-340
-323
-299
-265
-233
-266
-279
-236
-205
-186
-177
-124
-69
-33
-5
-11
-59
4
46
58
108
123
130
153
148
118
124
148
226
292
356
361
304
251
251
280
153
12
-46
-67
87
174
211
230
72
13
55
35
108
108
80
123
26
-35
0
-34
-29
-92
-128
-58
-92
-57
11
16
29
22
-3
-73
-188
-194
-134
-136
-153
-191
-255
-328
-425
-475
-474
-455
-425
-408
-375
-360
-384
-444
-466
-432
-391
-364
-353
-365
-397
-420
-390
-297
-208
-114
-33
-51
-77
-65
8
113
216
309
359
363
373
352
305
295
352
403
413
488
560
578
545
501
507
525
542
589
571
539
484
460
467
450
443
432
411
389
376
345
331
329
353
335
308
282
198
151
111
42
10
14
9
-32
-110
-174
-207
-238
-231
-220
-226
-281
-331
-403
-483
-478
-467
-444
-449
-486
-543
-593
-640
-634
-603
-564
-538
-548
-528
-497
-474
-494
-505
-478
-464
-452
-419
-383
-358
-335
-346
-333
-297
-236
-181
-149
-95
-51
-23
13
29
52
123
199
250
290
305
259
239
237
249
306
384
451
481
476
448
404
395
435
477
519
501
487
447
432
399
368
372
358
386
383
314
232
200
183
193
222
207
195
147
93
64
26
38
29
11
-32
-98
-135
-179
-215
-194
-173
-215
-208
-173
-206
-247
-234
-257
-292
-272
-254
-266
-336
-402
-411
-490
-492
-456
-456
-451
-489
-522
-518
-497
-471
-425
-414
-402
-408
-400
-378
-379
-371
-372
-330
-295
-235
-207
-179
-157
-178
-144
-100
-32
40
103
158
195
223
227
228
233
244
271
292
339
420
441
417
414
431
400
413
434
441
475
472
460
435
394
361
340
360
346
328
296
240
236
222
231
249
256
229
175
107
56
36
30
3
-12
-17
-22
-47
-71
-123
-168
-208
-208
-204
-212
-220
-266
-294
-376
-446
-470
-486
-496
-464
-490
-518
-576
-628
-646
-672
-635
-602
-575
-562
-584
-614
-625
-621
-566
-507
-460
-396
-380
-368
-352
-334
-283
-219
-149
-66
-21
21
47
62
85
99
133
160
225
298
306
298
267
262
298
323
366
401
442
435
406
365
324
302
298
338
357
387
392
367
324
294
289
313
350
389
401
356
312
271
237
220
233
283
300
304
259
221
176
137
107
105
99
120
140
103
22
-62
-122
-175
-172
-163
-152
-170
-214
-276
-336
-387
-410
-424
-429
-425
-452
-481
-478
-517
-582
-609
-642
-645
-638
-639
-627
-645
-637
-591
-596
-573
-569
-539
-505
-500
-438
-397
-365
-332
-322
-299
-248
-185
-112
-89
-50
-24
4
51
80
151
217
282
307
325
340
327
329
371
406
452
484
518
515
499
518
519
539
525
535
547
547
565
550
544
522
503
512
517
484
482
464
423
383
334
303
264
224
215
170
108
92
42
-13
-64
-125
-150
-199
-243
-281
-327
-354
-389
-428
-465
-515
-533
-544
-533
-547
-590
-586
-609
-606
-615
-618
-592
-601
-599
-577
-566
-562
-547
-521
-512
-492
-443
-410
-361
-353
-345
-316
-279
-213
-159
-138
-134
-115
-95
-44
16
34
50
46
63
102
120
153
194
230
255
254
266
295
322
356
381
405
454
463
452
443
444
466
499
542
567
579
583
578
574
582
581
596
588
584
558
507
493
448
419
422
412
387
354
329
259
186
142
91
63
53
19
-40
-118
-202
-270
-282
-290
-315
-325
-376
-415
-457
-508
-499
-495
-518
-519
-530
-543
-549
-600
-622
-644
-643
-620
-600
-589
-581
-563
-583
-574
-566
-537
-499
-489
-478
-480
-460
-438
-416
-393
-394
-381
-354
-308
-278
-247
-237
-188
-158
-145
-60
-45
-2
45
54
108
145
184
252
295
341
389
436
489
518
556
587
621
653
663
719
752
779
790
783
789
774
775
777
778
788
781
745
720
679
657
637
587
539
519
480
426
411
353
303
252
211
169
143
103
61
23
-39
-67
-102
-171
-189
-239
-316
-334
-361
-391
-402
-447
-482
-482
-490
-500
-543
-568
-598
-626
-617
-622
-613
-631
-645
-634
-656
-646
-631
-623
-593
-590
-549
-539
-536
-516
-498
-466
-437
-379
-307
-263
-232
-193
-178
-134
-72
-26
41
104
154
187
216
255
318
375
412
490
539
583
608
621
643
648
678
709
736
742
725
692
676
664
688
691
696
686
656
615
562
540
530
519
504
484
408
371
333
281
280
266
232
211
149
109
74
36
-9
-61
-111
-124
-138
-165
-179
-244
-285
-320
-354
-388
-440
-473
-499
-547
-586
-571
-613
-641
-638
-655
-655
-650
-656
-662
-640
-633
-643
-607
-591
-573
-550
-546
-531
-506
-458
-412
-381
-347
-311
-263
-215
-159
-88
-8
5
41
78
98
158
202
248
286
313
330
363
390
423
459
490
505
532
548
559
591
616
607
625
627
619
598
584
576
570
586
568
547
516
478
472
427
391
368
323
269
226
192
144
107
74
28
-36
-92
-129
-162
-200
-245
-303
-324
-355
-381
-417
-434
-467
-491
-501
-510
-509
-556
-534
-529
-526
-515
-534
-532
-553
-546
-561
-558
-532
-528
-496
-484
-464
-455
-459
-444
-392
-378
-342
-303
-254
-213
-204
-170
-151
-90
-49
5
46
70
105
117
136
180
223
250
288
331
347
373
385
418
451
451
454
459
479
471
476
479
497
513
500
502
490
491
473
490
472
451
451
412
403
363
342
317
295
261
233
222
185
184
181
158
128
95
70
57
24
-18
-48
-90
-102
-124
-143
-173
-211
-228
-262
-280
-298
-335
-359
-362
-387
-405
-411
-441
-439
-426
-442
-436
-421
-426
-435
-428
-425
-407
-364
-329
-309
-272
-255
-245
-205
-179
-156
-115
-94
-84
-81
-65
-58
-18
13
30
65
69
80
110
114
126
148
168
176
196
207
187
202
209
214
226
231
243
286
290
295
302
292
278
270
255
244
257
252
252
238
247
256
248
255
246
231
227
212
193
178
177
170
119
110
93
89
61
7
-8
-61
-96
-103
-123
-141
-175
-212
-240
-257
-284
-288
-297
-329
-343
-366
-392
-392
-388
-393
-369
-361
-356
-350
-320
-329
-326
-324
-321
-284
-278
-285
-270
-227
-239
-232
-226
-235
-203
-179
-185
-167
-167
-185
-163
-177
-173
-139
-161
-151
-160
-164
-150
-144
-122
-91
-84
-67
-44
-33
-19
0
17
47
67
100
130
144
147
156
158
180
190
203
228
247
251
249
249
252
265
267
252
257
237
196
187
170
134
112
97
74
67
30
-4
-18
-64
-88
-90
-102
-126
-138
-156
-190
-200
-216
-237
-236
-249
-228
-229
-220
-228
-248
-243
-271
-261
-239
-232
-231
-217
-248
-248
-234
-263
-260
-261
-278
-280
-263
-259
-266
-265
-268
-281
-270
-240
-252
-227
-252
-269
-241
-243
-219
-176
-157
-167
-156
-153
-126
-106
-100
-74
-52
-43
-37
-9
31
44
47
75
97
108
141
146
147
162
150
136
157
163
160
154
136
143
122
98
109
94
93
82
74
47
19
25
16
-10
-26
-58
-57
-67
-89
-107
-131
-128
-151
-158
-167
-191
-202
-209
-206
-220
-252
-222
-232
-232
-210
-238
-229
-229
-253
-252
-264
-262
-244
-244
-229
-243
-248
-232
-230
-217
-217
-214
-227
-211
-227
-221
-197
-189
-181
-190
-179
-158
-146
-148
-127
-124
-117
-85
-74
-43
-35
-25
6
4
11
44
32
41
77
88
100
109
126
152
168
187
189
194
191
188
213
200
227
235
241
254
238
256
235
232
208
210
204
175
167
145
122
113
86
69
67
51
38
34
-10
-37
-76
-89
-77
-122
-140
-152
-168
-176
-193
-209
-217
-228
-235
-224
-224
-240
-235
-242
-263
-257
-270
-259
-236
-240
-233
-245
-269
-255
-234
-230
-216
-219
-215
-200
-196
-199
-187
-164
-156
-160
-129
-114
-108
-110
-117
-93
-91
-51
-24
-21
-10
7
24
41
61
78
95
111
128
134
150
151
146
150
157
166
193
213
217
213
219
209
205
219
217
205
185
175
167
137
114
91
61
63
49
27
10
-9
-26
-71
-83
-97
-120
-132
-158
-163
-170
-199
-219
-217
-218
-224
-241
-252
-260
-291
-292
-293
-298
-281
-295
-272
-269
-285
-274
-285
-285
-288
-279
-285
-281
-285
-250
-253
-244
-232
-229
-213
-212
-190
-166
-133
-133
-107
-89
-80
-55
-53
-17
2
15
32
52
77
103
113
129
154
180
219
239
257
273
295
320
341
347
368
369
355
377
351
348
384
400
401
405
408
400
398
396
412
401
384
377
383
343
303
301
270
243
228
218
183
163
134
89
54
30
19
0
-28
-72
-82
-111
-145
-161
-215
-239
-266
-300
-308
-332
-356
-353
-372
-372
-372
-384
-387
-396
-390
-391
-382
-369
-388
-383
-365
-343
-347
-323
-297
-278
-240
-226
-201
-188
-176
-137
-129
-97
-60
-45
4
18
37
59
65
103
144
159
186
211
221
233
239
267
283
319
339
372
381
394
434
449
452
466
487
500
508
506
517
509
500
484
483
484
477
474
448
447
431
400
397
391
373
361
343
321
307
257
221
187
153
125
80
48
8
-18
-47
-88
-121
-144
-172
-219
-247
-250
-286
-291
-308
-333
-354
-367
-376
-362
-381
-394
-381
-392
-375
-357
-356
-343
-334
-327
-318
-304
-282
-300
-254
-270
-249
-212
-211
-185
-176
-144
-111
-107
-101
-56
-41
-2
11
24
65
62
91
107
132
149
165
197
200
219
232
226
241
244
239
273
258
272
272
266
282
273
275
264
264
267
244
256
251
222
224
204
175
172
160
149
148
130
122
81
66
45
-17
-17
-48
-70
-104
-123
-151
-197
-196
-218
-249
-249
-296
-319
-337
-367
-342
-368
-364
-352
-365
-366
-374
-365
-370
-374
-363
-339
-318
-288
-271
-250
-244
-233
-227
-219
-212
-187
-174
-150
-125
-94
-67
-42
-9
12
56
76
99
125
142
136
150
179
220
251
254
281
296
288
318
321
322
368
357
360
393
365
369
372
382
372
385
388
353
367
339
313
312
290
281
275
249
240
208
198
172
144
117
78
70
60
21
-13
-18
-40
-57
-75
-120
-115
-132
-166
-170
-179
-194
-210
-216
-212
-207
-216
-224
-225
-228
-224
-207
-202
-199
-212
-215
-205
-216
-232
-207
-209
-222
-193
-201
-197
-203
-189
-187
-161
-141
-143
-120
-116
-101
-82
-70
-62
-45
-42
-22
4
21
43
62
71
87
101
116
149
161
188
206
199
237
258
244
265
272
261
271
270
272
283
250
255
247
236
246
248
229
229
224
201
202
205
200
195
197
199
178
185
197
176
169
154
164
149
146
142
122
109
113
105
74
69
58
30
23
1
0
1
1
-2
4
-32
-59
-85
-120
-100
-121
-120
-100
-95
-101
-110
-127
-138
-150
-164
-154
-129
-129
-114
-73
-82
-95
-91
-106
-124
-99
-85
-91
-64
-64
-41
-29
-9
8
15
21
53
63
58
85
101
92
105
128
107
134
137
120
117
151
155
184
201
172
192
174
156
161
138
132
137
142
153
152
148
117
111
105
94
94
96
94
88
98
101
92
82
85
79
85
70
60
51
29
18
25
17
9
1
-4
-18
-34
-54
-63
-67
-92
-71
-92
-81
-113
-132
-137
-148
-144
-152
-144
-142
-119
-125
-131
-139
-132
-139
-121
-135
-136
-116
-116
-96
-98
-110
-118
-111
-90
-84
-78
-64
-70
-54
-40
-37
-19
-24
-37
-17
-20
-56
-48
-45
-46
-60
-46
-20
-14
-16
-18
-28
-14
-9
-18
2
2
-6
0
2
11
29
19
19
23
35
49
52
69
86
104
110
127
132
130
136
134
161
193
179
179
201
187
192
187
187
185
180
174
180
180
185
189
199
194
160
138
98
84
56
50
71
74
74
76
51
29
18
-1
-8
7
-4
19
46
45
55
41
41
46
42
50
50
59
48
73
87
72
63
46
45
22
24
16
8
18
10
22
18
12
17
27
27
25
29
22
18
11
-23
-39
-18
-46
-28
-4
19
11
-13
-38
-29
-67
-92
-88
-83
-58
-47
-27
-30
-4
-40
-61
-88
-86
-72
-68
-47
-20
31
16
8
9
-33
-33
-38
-26
6
32
43
59
52
46
59
43
39
38
49
71
68
89
91
97
106
96
90
92
92
86
100
125
139
163
141
127
116
99
95
86
86
85
89
94
106
103
107
71
68
66
39
47
43
29
19
12
0
14
7
-26
-35
-69
-79
-78
-73
-51
-40
-47
-34
-47
-57
-75
-80
-88
-108
-92
-77
-51
-37
-12
-7
-15
-11
-14
-18
-6
-18
-8
27
18
47
89
63
80
75
70
77
82
76
101
113
101
128
123
131
124
120
126
149
134
150
159
146
154
138
120
127
104
102
98
94
129
130
134
129
129
107
90
81
83
86
96
89
82
90
73
70
62
45
35
38
29
36
32
60
53
36
33
13
16
4
13
-3
-4
5
-5
-4
-4
-22
-23
-18
-36
-58
-56
-41
-41
-54
-41
-49
-52
-24
-32
-25
-16
-24
-10
-12
-7
0
-6
-24
-17
-3
-11
14
36
36
52
44
73
73
68
70
41
51
27
43
52
42
43
39
49
46
36
39
74
61
53
83
79
70
67
64
66
64
67
60
76
82
79
74
52
50
54
55
62
69
54
60
50
38
48
60
66
52
56
48
30
43
36
44
35
46
42
65
56
56
70
56
55
55
47
51
59
55
51
58
46
51
56
45
64
60
65
66
79
61
69
54
43
46
53
36
47
51
58
57
51
52
40
52
52
69
70
47
43
41
47
66
40
67
82
72
103
103
91
73
61
56
66
60
44
59
49
55
67
53
42
40
-2
5
12
-11
13
32
25
46
31
16
20
11
7
21
22
23
33
47
56
53
73
42
50
68
52
70
90
80
94
96
80
82
88
95
111
83
86
106
91
91
94
97
114
103
93
109
96
79
64
56
59
54
48
34
39
16
-25
-14
-25
-31
-60
-65
-90
-118
-117
-117
-141
-150
-158
-182
-186
-183
-175
-164
-151
-157
-161
-150
-149
-148
-158
-145
-136
-121
-96
-96
-79
-58
-39
-31
-29
-21
-14
3
13
10
38
23
26
55
53
57
76
81
103
121
117
138
170
155
184
217
210
207
212
208
213
206
217
232
208
208
196
190
187
179
183
166
166
161
148
134
121
90
89
66
55
62
49
28
19
16
4
6
-24
-40
-32
-60
-60
-76
-101
-93
-106
-118
-124
-137
-148
-149
-145
-164
-163
-175
-207
-195
-212
-219
-211
-202
-210
-210
-199
-203
-171
-185
-190
-190
-191
-157
-166
-151
-139
-134
-130
-131
-120
-119
-130
-115
-111
-110
-90
-81
-66
-58
-65
-46
-47
-54
-42
-19
-27
-37
-12
-13
2
-2
-16
0
-1
12
32
31
39
43
79
82
74
72
68
61
45
56
71
52
79
80
73
85
83
78
74
67
48
67
46
53
40
53
63
74
69
66
71
50
48
39
29
15
24
23
12
0
-13
-20
-25
-26
-26
-29
-37
-42
-50
-50
-64
-80
-70
-89
-95
-80
-91
-99
-91
-101
-108
-97
-106
-109
-75
-106
-117
-91
-99
-98
-90
-76
-78
-56
-61
-53
-30
-42
-22
-25
-7
-25
-4
18
22
34
29
34
35
63
59
64
85
65
82
88
77
93
104
108
128
125
105
142
119
111
122
114
66
42
47
45
14
7
21
10
3
12
6
-8
-30
-53
-58
-85
-61
-71
-64
-79
-97
-79
-112
-108
-116
-114
-105
-118
-126
-118
-102
-103
-107
-101
-100
-96
-116
-119
-107
-122
-121
-109
-112
-103
-99
-99
-92
-90
-81
-84
-60
-64
-66
-52
-56
-49
-50
-46
-36
-45
-44
-27
-17
-21
-35
-24
-42
-29
-44
-47
-60
-81
-65
-76
-77
-63
-30
-46
-28
-3
1
5
5
17
9
21
34
57
52
44
57
100
-11
-138
-57
0
18
82
91
55
14
58
50
27
11
-1
24
63
148
92
-3
-30
-35
-42
-15
13
-24
-29
9
19
33
16
-16
-38
-76
-59
-19
-12
6
-8
-35
-13
-32
-47
-69
-95
-99
-98
-85
-66
-59
-69
-111
-116
-122
-141
-144
-179
-165
-166
-180
-168
-186
-201
-177
-185
-182
-175
-171
-139
-112
-92
-98
-105
-121
-139
-110
-133
-123
-106
-107
-98
-93
-80
-103
-117
-117
-89
-86
-92
-89
-62
-53
-69
-45
-42
-42
-63
-47
-24
-29
-6
-16
-25
-21
-37
-32
-27
-42
-42
-42
-49
-56
-69
-62
-67
-95
-85
-88
-92
-91
-75
-73
-99
-87
-116
-123
-97
-95
-108
-102
-92
-94
-66
-80
-79
-77
-88
-72
-77
-94
-80
-68
-69
-35
-31
-7
2
-4
13
17
6
0
29
47
50
71
65
57
51
50
64
77
94
116
110
88
97
116
107
102
125
128
113
109
118
114
110
112
95
94
73
73
58
55
55
31
83
72
34
25
5
-22
-15
6
-2
-17
-36
-14
-52
-73
-64
-63
-48
-41
-54
-61
-32
-47
-44
-35
-76
-71
-55
-64
-66
-73
-77
-74
-72
-49
-35
-42
-78
-94
-91
-85
-91
-93
-68
-69
-71
-85
-78
-72
-81
-82
-110
-89
-77
-45
-31
-21
-25
-47
-23
-37
-15
-23
-22
17
22
35
25
21
26
29
55
68
81
64
89
95
93
100
87
98
98
104
86
105
80
70
102
101
117
116
96
69
70
97
83
84
83
74
97
83
95
75
66
58
57
56
57
60
40
77
65
44
56
34
2
33
21
-14
-13
-17
-19
-6
-14
-44
-41
-68
-61
-71
-84
-55
-62
-57
-27
-30
1
-12
-23
-24
-19
10
-6
8
24
29
21
29
30
23
23
38
18
24
10
9
13
-5
2
-20
-12
4
18
-21
-23
-12
-17
-14
-11
-3
-44
-16
-29
-50
-24
-19
6
26
4
30
22
-6
43
33
7
27
31
26
31
44
45
53
51
42
50
44
29
41
53
59
50
20
38
40
10
19
9
1
-1
11
7
-3
2
-11
2
3
-8
-21
-25
-31
-24
-58
-66
-62
-77
-61
-93
-71
-84
-96
-113
-113
-80
-102
-89
-84
-77
-81
-91
-76
-67
-65
-78
-62
-62
-76
-79
-80
-59
-80
-74
-66
-61
-31
-51
-48
-55
-84
-81
-50
-72
-79
-58
-48
-60
-30
-34
-58
-52
-60
-22
-16
-14
-17
-10
17
16
22
50
55
48
45
62
82
100
113
124
138
158
140
149
149
162
187
162
139
166
164
167
145
141
155
143
141
136
124
129
109
97
92
78
73
34
28
23
26
37
55
51
66
63
41
25
25
21
12
20
1
-20
-29
-41
-64
-58
-43
-65
-83
-71
-82
-99
-82
-87
-102
-111
-95
-108
-128
-123
-106
-121
-143
-107
-119
-128
-111
-86
-73
-67
-49
-43
-45
-18
-2
-8
10
21
24
55
49
82
96
108
111
98
109
111
126
130
171
153
146
180
170
158
144
146
137
130
157
161
161
171
175
180
159
167
161
157
142
120
115
105
128
97
74
72
58
51
34
23
20
0
-11
-21
-30
-22
-51
-69
-92
-116
-122
-110
-140
-147
-142
-154
-153
-162
-173
-173
-160
-166
-171
-206
-223
-224
-225
-201
-199
-220
-203
-214
-215
-175
-180
-169
-169
-151
-126
-101
-93
-70
-50
-38
-7
25
34
67
79
70
106
116
123
170
209
199
211
216
226
238
245
272
269
285
284
257
247
259
228
236
251
254
259
249
251
258
249
216
224
214
213
216
179
199
186
158
141
119
110
89
81
40
33
9
1
-42
-55
-70
-81
-80
-111
-100
-131
-141
-144
-144
-147
-141
-143
-166
-157
-157
-155
-144
-137
-162
-159
-170
-179
-173
-175
-200
-197
-201
-195
-189
-201
-188
-171
-159
-150
-142
-132
-128
-126
-114
-106
-95
-94
-96
-100
-69
-62
-83
-60
-55
-23
7
7
0
22
36
62
74
63
84
104
125
136
148
175
152
153
164
182
176
160
176
168
161
173
170
166
176
178
179
164
162
159
143
138
145
139
130
113
111
118
117
127
123
127
122
119
107
112
92
76
90
53
43
21
14
15
-11
-10
-17
-37
-37
-32
-49
-49
-47
-58
-64
-45
-79
-80
-70
-77
-91
-83
-97
-93
-82
-81
-57
-68
-50
-63
-37
-42
-33
-20
-29
-4
-1
-4
15
21
48
71
64
78
94
114
143
147
156
195
195
216
237
215
232
257
238
240
246
238
277
256
227
235
248
242
260
244
232
238
203
204
177
165
172
189
167
148
162
151
144
142
114
87
90
86
90
78
53
46
26
6
-8
-20
-25
-39
-46
-57
-60
-53
-45
-50
-50
-50
-75
-73
-72
-90
-83
-85
-90
-84
-82
-93
-70
-67
-75
-57
-65
-62
-64
-50
-49
-55
-42
-41
-40
-53
-61
-24
-43
-57
-22
-19
10
20
5
22
26
44
65
67
89
96
103
133
113
97
110
111
113
101
107
113
122
121
99
113
118
118
110
85
93
87
76
88
91
101
111
109
104
109
118
136
135
131
114
93
96
100
91
76
68
46
28
16
16
24
17
8
-2
-14
-29
-24
-44
-47
-49
-61
-66
-86
-78
-95
-110
-117
-114
-111
-111
-123
-131
-129
-134
-134
-124
-124
-127
-111
-136
-139
-121
-108
-121
-111
-112
-106
-88
-95
-80
-84
-108
-106
-78
-87
-91
-74
-85
-78
-56
-56
-37
-36
-47
-38
-14
-21
15
26
16
20
23
17
2
40
57
52
54
60
65
70
73
95
69
71
96
72
83
60
64
96
76
68
48
33
31
26
1
-3
-6
-6
17
23
23
17
-7
-16
6
-8
-26
-31
-40
-50
-40
-37
-34
-52
-42
-35
-46
-32
-26
-33
-42
-45
-42
-55
-43
-40
-45
-36
-41
-37
-36
-29
-19
-22
-30
-24
-3
15
29
20
19
8
3
1
-1
19
11
14
36
28
34
28
35
46
60
41
36
36
36
50
41
51
41
60
64
52
89
61
62
72
59
78
74
77
73
74
90
78
78
81
85
89
77
82
84
88
100
92
91
103
87
103
92
56
67
49
31
12
-5
-6
-10
-40
-33
-30
-50
-66
-77
-64
-50
-50
-71
-78
-91
-79
-87
-87
-86
-78
-58
-64
-85
-84
-90
-90
-84
-92
-97
-82
-72
-66
-85
-87
-90
-91
-82
-83
-71
-74
-84
-98
-78
-86
-62
-54
-67
-68
-84
-80
-71
-71
-66
-64
-56
-48
-43
-29
-21
-31
-17
-19
-27
-12
-24
-10
-15
-23
-5
-9
-10
-10
-2
3
7
9
17
28
23
24
8
30
36
-5
2
22
0
13
7
9
37
42
54
72
57
48
60
49
60
69
63
39
40
53
51
51
53
54
49
36
55
37
37
33
15
18
30
-5
-8
10
11
6
-15
-12
-25
-18
-31
-22
-11
-12
-18
-12
-29
-44
-53
-67
-66
-59
-74
-74
-48
-76
-80
-81
-110
-101
-110
-121
-113
-115
-126
-112
-107
-122
-113
-121
-108
-102
-97
-89
-92
-74
-93
-90
-60
-62
-53
-54
-66
-55
-34
-39
-46
-43
-35
-43
-35
-36
-37
-14
-11
-29
-33
-21
-32
-52
-34
-24
-32
-12
-16
-29
-12
-28
-28
2
-4
-13
-6
-11
-32
-44
-50
-55
-67
-62
-61
-67
-68
-67
-58
-66
-80
-75
-77
-67
-92
-99
-96
-101
-107
-108
-108
-126
-116
-120
-124
-122
-123
-121
-113
-126
-114
-115
-122
-111
-90
-84
-89
-90
-61
-45
-57
-44
-39
-19
-11
-19
-19
-7
4
35
45
31
51
68
61
88
89
85
84
80
83
96
94
85
88
76
81
86
72
70
77
77
75
65
67
70
59
57
71
47
37
44
34
47
45
26
14
1
0
-7
-11
-23
-22
-24
-43
-46
-49
-29
-44
-53
-59
-68
-66
-70
-62
-83
-93
-109
-115
-115
-119
-108
-125
-122
-124
-119
-113
-105
-88
-95
-108
-113
-99
-98
-97
-95
-99
-83
-84
-85
-55
-57
-59
-58
-59
-63
-53
-49
-36
-20
-25
-12
-8
-14
-16
-19
-23
-13
-23
-15
8
16
13
6
16
3
12
15
15
21
-3
13
2
9
15
10
2
-21
2
13
9
-4
-11
-13
-6
-15
-36
-18
-44
-50
-47
-53
-40
-70
-48
-51
-73
-67
-98
-94
-95
-100
-119
-116
-109
-119
-107
-98
-94
-94
-125
-126
-114
-132
-125
-129
-155
-146
-152
-156
-150
-168
-180
-169
-174
-161
-128
-133
-139
-132
-119
-118
-106
-104
-103
-75
-74
-87
-71
-49
-54
-32
-13
-12
-5
10
35
22
43
47
62
71
66
69
72
97
76
82
84
115
96
95
117
105
129
108
109
107
82
87
92
80
66
54
55
58
25
25
14
-6
6
3
2
