69
78
77
68
88
84
67
67
55
53
39
46
52
32
-3
-1
-8
-14
-3
-17
5
7
0
0
-8
4
-22
-24
0
3
20
43
59
55
42
64
66
64
66
50
42
47
28
43
67
48
50
36
36
55
58
50
56
49
63
81
75
76
60
60
54
55
63
63
57
61
71
67
46
42
42
42
63
65
76
81
88
94
97
103
90
80
89
77
82
91
83
108
110
122
116
110
92
84
72
75
79
64
62
49
55
47
50
44
30
26
31
27
35
27
27
14
2
0
1
14
-4
9
31
26
2
13
24
24
13
6
6
4
-5
-13
-6
-23
-26
-38
-33
-43
-46
-18
-34
-22
-19
-30
-20
-35
-39
-37
-57
-34
-34
-21
-16
-23
-17
-9
-1
16
18
20
42
54
57
49
47
42
46
37
30
32
14
-1
-3
-13
-28
-30
-51
-49
-64
-65
-65
-86
-70
-70
-66
-47
-32
-33
-39
-25
-4
4
15
11
21
42
47
61
68
77
69
69
80
81
63
59
44
51
47
26
19
16
17
16
28
2
2
-14
-17
-15
-25
-4
10
19
21
25
35
41
37
30
39
38
29
11
25
24
10
13
9
31
15
22
37
27
22
14
14
4
-19
-21
-31
-54
-62
-56
-62
-56
-51
-43
-48
-44
-27
-18
-14
-18
-21
10
4
9
29
14
14
12
27
42
50
53
59
58
45
40
50
44
30
42
18
31
31
15
13
9
24
25
31
26
27
38
33
22
16
-1
-4
-14
-15
-9
-22
-25
-12
-19
-10
-12
-4
-4
-13
-5
-6
9
6
-2
18
22
9
22
43
59
58
42
45
36
4
2
-10
-24
-29
-46
-35
-24
-28
-27
-45
-43
-31
-45
-27
-1
4
14
33
40
49
48
41
48
37
29
38
57
72
65
49
72
83
81
87
92
80
53
55
62
55
35
33
28
21
24
32
62
63
58
58
66
50
48
60
37
42
25
40
58
55
56
67
68
64
73
83
76
54
58
58
45
55
51
28
-7
-31
-44
-53
-36
-28
-25
-16
-20
-24
-19
-22
-34
-25
-39
-24
-9
-8
22
18
6
15
26
31
32
26
29
37
26
4
-1
-8
1
-10
-17
-12
-40
-51
-48
-32
-36
-61
-69
-79
-87
-88
-83
-90
-85
-108
-100
-79
-90
-90
-77
-71
-81
-72
-72
-76
-75
-59
-45
-34
-53
-50
-36
-46
-45
-26
-11
-28
-30
-32
-19
-24
-19
-5
2
-3
-24
-26
-26
-44
-44
-28
-36
-28
-31
-34
-37
-42
-39
-17
-16
-33
-32
-40
-64
-45
-30
-35
-29
-44
-39
-30
-36
-43
-37
-51
-48
-31
-42
-48
-64
-49
-47
-50
-21
-7
-2
28
15
38
45
27
34
7
14
19
30
39
39
-19
58
22
8
9
47
45
7
6
22
13
-1
35
31
22
8
13
-11
-10
-3
33
37
54
36
41
27
-9
-13
-15
18
8
34
29
32
12
-14
-12
-7
2
13
0
6
-6
-15
-21
-32
-16
-30
-51
-51
-50
-62
-60
-71
-75
-75
-85
-82
-68
-51
-77
-86
-88
-121
-137
-135
-164
-158
-155
-159
-134
-140
-147
-165
-176
-172
-161
-146
-150
-133
-125
-136
-120
-121
-121
-122
-120
-112
-108
-110
-111
-106
-95
-109
-105
-99
-100
-102
-102
-73
-58
-60
-68
-68
-83
-92
-88
-71
-78
-78
-58
-46
-26
-30
-22
-23
-17
-10
-12
7
20
36
39
33
36
30
12
15
10
9
24
24
19
18
18
4
-1
1
-10
2
-14
-12
-25
-18
-5
-15
6
4
2
-5
-10
4
18
6
17
34
27
19
23
26
33
46
29
46
27
16
20
2
-9
-22
-35
-37
-42
-52
-43
-66
-68
-86
-99
-78
-97
-98
-102
-125
-122
-113
-109
-113
-113
-120
-124
-129
-129
-118
-124
-116
-116
-96
-87
-100
-87
-98
-103
-104
-106
-86
-84
-90
-71
-60
-54
-55
-58
-40
-23
-14
-17
-23
-34
-35
-33
-33
-40
-46
-49
-47
-25
-37
-35
-41
-63
-64
-81
-80
-80
-89
-107
-111
-113
-125
-118
-138
-141
-143
-149
-152
-164
-129
-123
-127
-121
-103
-89
-91
-88
-81
-77
-78
-68
-61
-60
-67
-87
-87
-89
-91
-96
-80
-95
-104
-108
-97
-90
-91
-82
-88
-75
-89
-91
-80
-88
-89
-67
-73
-60
-49
-55
-59
-34
-38
-46
-42
-45
-37
-42
-58
-63
-48
-55
-52
-47
-44
-44
-48
-34
-25
-12
-8
1
17
0
-6
-1
-20
-19
-26
-53
-30
-29
-54
-33
-32
-39
-34
-42
-24
-9
-14
-7
2
-10
-12
-16
-40
-26
8
3
-6
4
-5
-5
-4
-22
-8
-18
-39
-29
-38
-59
-67
-76
-80
-67
-59
-45
-38
-30
-29
10
35
8
-5
-3
-21
-38
-53
-51
-66
-75
-80
-86
-67
-109
-81
-78
-109
-82
-105
-123
-127
-124
-112
-113
-116
-118
-96
-107
-104
-80
-66
-68
-64
-65
-70
-65
-74
-65
-68
-74
-79
-71
-82
-81
-88
-96
-77
-88
-85
-64
-74
-86
-65
-56
-51
-62
-61
-65
-79
-80
-89
-97
-91
-98
-92
-75
-69
-70
-85
-80
-85
-87
-80
-80
-70
-81
-65
-48
-43
-31
-35
-34
-24
-36
-26
-20
-12
-31
-46
-43
-52
-75
-66
-54
-52
-35
-53
-54
-41
-55
-52
-26
-38
-37
-36
-43
-44
-39
-33
-46
-32
-40
-40
-36
-49
-41
-42
-29
-23
-23
-10
-24
-16
-5
4
26
34
45
63
62
57
94
115
114
122
132
134
140
126
117
125
114
97
102
80
62
49
32
27
17
2
7
-14
-33
-35
-47
-42
-47
-70
-69
-64
-77
-79
-84
-92
-96
-93
-104
-101
-108
-128
-119
-126
-143
-149
-150
-160
-146
-141
-141
-120
-116
-103
-106
-105
-98
-66
-53
-49
-34
-45
-55
-60
-68
-65
-70
-83
-78
-79
-79
-68
-74
-78
-65
-65
-55
-46
-53
-59
-48
-51
-53
-54
-55
-45
-49
-38
-23
-21
-36
-41
-46
-58
-45
-68
-68
-70
-96
-84
-97
-97
-99
-102
-87
-78
-61
-61
-38
-50
-57
-49
-45
-20
-4
4
12
16
-10
-19
-15
-13
-18
-25
-32
-18
-19
-36
-5
6
13
30
41
43
52
37
9
21
7
2
17
36
32
33
29
27
31
11
10
17
9
6
12
18
21
17
10
20
36
40
48
61
48
39
46
52
76
80
83
88
83
64
52
50
50
48
47
38
45
29
24
28
21
24
33
19
15
-14
-27
-12
-30
-21
-23
-20
-33
-36
-26
-25
-25
-24
-14
-37
-34
-24
-32
-31
-40
-44
-43
-66
-73
-50
-61
-64
-56
-67
-75
-85
-96
-87
-78
-77
-90
-73
-77
-80
-58
-73
-77
-77
-70
-43
-47
-47
-40
-52
-32
-45
-42
-28
-48
-36
-55
-62
-56
-76
-66
-67
-83
-53
-46
-50
-50
-58
-41
-59
-54
-47
-54
-53
-50
-50
-40
-57
-54
-39
-36
-29
-15
-3
-6
-3
5
-6
-1
21
39
43
34
33
39
28
28
44
50
51
51
61
69
52
35
29
27
12
19
35
37
50
62
59
74
66
60
69
60
70
66
51
52
44
67
62
68
100
97
103
101
91
102
88
50
67
36
20
25
7
18
12
-16
-6
-15
-5
2
5
2
-8
-12
-29
-26
-39
-24
-21
-24
-42
-70
-68
-84
-80
-84
-90
-90
-90
-85
-97
-118
-122
-122
-123
-135
-127
-127
-131
-133
-132
-121
-127
-130
-112
-100
-97
-88
-87
-89
-68
-61
-54
-36
-46
-15
-6
-8
-6
-7
8
0
17
18
28
47
48
43
46
49
47
50
37
46
30
43
40
38
26
14
23
34
23
12
3
-7
-14
-48
-35
-48
-54
-63
-59
-54
-58
-46
-37
-15
-16
-14
-6
-8
-7
-6
3
11
22
30
24
30
58
42
49
59
45
47
27
30
36
36
46
41
47
45
45
44
44
66
69
75
74
62
70
78
87
81
76
84
66
67
84
76
81
66
56
80
78
82
97
83
82
79
61
58
65
55
58
57
46
52
42
35
41
35
43
44
43
69
73
59
45
40
47
42
36
38
47
53
49
57
76
69
66
88
84
61
79
75
75
89
66
75
65
56
60
45
43
45
39
43
29
32
40
35
36
38
29
9
-2
-16
-16
-19
-20
-26
-14
-13
-1
36
41
50
52
43
36
38
42
51
45
29
34
33
21
32
33
43
39
22
22
29
32
21
16
19
11
13
29
27
26
17
8
5
17
27
27
40
51
54
46
54
59
59
65
58
43
51
70
91
100
114
127
136
137
137
161
162
167
165
178
189
179
171
174
160
157
165
152
143
147
141
153
149
125
130
126
112
104
116
103
104
109
96
95
95
67
74
77
70
94
85
82
90
76
90
98
72
72
52
19
26
17
2
14
19
21
44
48
38
50
60
58
66
62
50
63
39
22
17
10
17
15
2
7
11
11
21
38
27
26
44
54
61
45
22
30
28
8
25
22
17
25
16
20
22
16
22
23
-5
-14
-20
-26
-44
-37
-47
-55
-45
-44
-34
-20
-25
-12
-3
-3
34
51
50
71
70
81
102
99
108
121
125
122
132
127
117
115
99
99
89
83
68
66
64
54
56
35
37
43
43
35
38
33
30
42
35
31
22
17
23
24
16
16
29
22
22
28
35
46
35
47
58
58
69
83
98
94
87
89
100
90
94
97
93
81
67
83
85
63
61
61
64
70
96
115
117
111
105
108
113
119
115
114
102
99
110
121
129
126
126
111
104
101
102
103
74
65
55
40
35
39
44
40
45
54
74
65
69
104
96
108
122
128
134
129
140
144
143
131
128
127
107
103
100
95
81
83
78
73
56
41
28
6
-2
5
-6
-11
-10
-7
-2
-9
-3
8
18
25
34
38
23
16
17
25
25
17
18
24
17
20
26
24
14
6
8
25
7
18
25
25
30
36
39
37
41
47
42
41
44
27
22
28
29
41
51
56
62
55
60
51
63
61
52
73
63
65
74
65
63
63
70
81
82
74
68
81
63
53
49
59
66
66
63
67
70
87
83
95
114
112
135
136
139
150
139
134
124
115
106
88
98
91
73
65
57
65
61
58
74
74
56
43
47
58
49
54
57
69
71
55
62
60
62
61
61
82
92
98
99
86
89
73
85
86
96
85
75
67
40
36
9
-10
-17
-12
-20
-18
-15
-6
-4
-27
-31
-20
-17
-23
-13
-15
-11
-10
-20
-25
0
0
11
15
24
33
13
7
8
-6
0
-21
-27
-7
-30
-28
-29
-29
-7
-21
-25
-17
-29
-27
-28
-25
-12
-8
-9
8
9
5
2
-2
19
23
48
60
68
88
88
79
86
90
84
88
90
106
113
98
90
101
98
101
104
97
88
71
53
40
30
21
1
-9
-23
-15
-19
-21
-9
-34
-18
-28
-31
-10
-3
-7
-14
-4
-5
-6
4
8
3
-1
-10
-14
-2
16
13
8
15
18
24
4
-1
-3
12
3
-6
9
-2
-27
-33
-27
0
6
-7
9
12
24
23
6
0
-5
2
-11
-18
-8
0
-30
-31
-10
-5
16
5
-2
24
7
21
41
26
33
11
-43
-35
0
20
23
2
-19
-64
-66
-50
-53
-50
-76
-55
-2
21
4
-10
-58
-91
-69
-20
25
19
34
32
26
35
50
43
16
-18
-20
3
12
23
26
12
-6
-11
18
29
2
7
12
23
44
58
72
55
27
8
29
46
52
60
42
55
82
69
41
2
-17
-36
-35
-41
-47
-40
-63
-87
-88
-100
-117
-140
-159
-126
-110
-90
-66
-53
-59
-54
-38
-22
-15
-21
-29
-20
-11
-22
-16
-10
-17
0
-17
-9
13
21
48
55
65
59
53
40
45
50
53
48
51
33
-9
-39
-65
-30
-38
-40
-31
-12
11
17
26
-9
-33
-39
13
17
-17
-31
-55
-42
-37
-31
-39
-59
-56
-56
-60
-88
-118
-119
-143
-130
-135
-142
-144
-145
-128
-101
-95
-86
-84
-79
-48
-40
-52
-31
-11
1
0
18
23
20
19
25
29
32
38
25
8
8
-15
-17
6
-3
22
20
7
20
16
9
-1
-16
-22
2
0
-12
9
-12
-27
-10
0
7
17
5
-7
12
5
-6
-7
-36
-40
-31
-43
-20
-23
-17
-17
-22
-30
-12
-26
-24
-9
-2
2
-5
14
27
25
12
-6
-3
-7
-1
3
12
13
1
15
-3
-2
-7
0
6
2
-5
-8
-18
-24
-24
-46
-45
-31
-35
-24
-37
-50
-56
-58
-72
-79
-62
-54
-30
-25
-41
-58
-54
-48
-55
-28
-29
-32
-22
-41
-34
-21
-33
-13
-7
-29
-25
-43
-52
-41
-37
-35
-49
-18
-2
-12
-37
-34
-27
-34
-20
-17
-4
-21
-31
-29
-35
-35
-29
-34
-13
-9
-11
3
19
10
24
34
37
27
23
43
39
27
3
24
12
-7
3
2
31
37
35
64
57
43
36
13
39
52
86
109
74
68
80
21
20
32
27
59
94
97
45
98
96
75
61
73
41
8
-9
-32
-21
-7
30
53
46
45
11
-86
-36
-72
-25
-25
39
39
33
41
54
51
31
42
51
80
56
86
5
33
32
51
72
51
65
81
38
34
33
45
31
23
6
-57
-91
-76
-95
-101
-85
-112
-127
-119
-110
-112
-106
-100
-98
-125
-124
-96
-123
-110
-123
-105
-118
-92
-66
-97
-98
-120
-123
-111
-61
-41
-51
-57
13
-19
-38
-41
-89
-42
-41
-27
-61
-120
-94
5
-1
-44
-11
-51
-9
-65
-65
-39
-86
-45
19
-12
-5
-27
-53
-30
-56
-94
-61
-103
-34
-43
-24
36
-10
40
36
-13
-52
-126
-9
14
-51
-10
-69
-57
-46
-23
-3
-93
-24
25
-54
-94
-10
56
39
84
73
53
-29
12
-29
-51
6
-53
-11
19
1
77
162
19
53
16
24
80
1
57
50
63
116
9
-32
13
-50
-40
-34
19
25
63
42
-31
-67
-4
-64
-67
-66
-128
-81
-16
23
-68
18
-54
-3
-52
-91
-30
6
35
-1
29
68
39
-22
32
-49
-135
-40
7
-31
-42
-67
8
65
-63
-37
-90
-136
-86
-103
-97
-87
-60
19
57
-110
-74
-149
-168
-68
-51
29
-3
54
-18
-73
-61
-127
-117
-28
100
52
62
111
10
31
-17
-43
-67
-59
-5
26
-1
7
117
21
108
-12
-40
-37
15
-95
-9
-70
-86
-4
49
89
-28
29
-41
-9
-88
-46
-96
4
50
126
60
48
59
-51
-17
23
-53
-57
80
-20
-7
80
81
35
-62
-16
23
-53
-82
-106
-74
-22
47
-49
15
-41
-18
-12
-49
-66
-50
54
72
56
47
-69
-46
-8
6
47
84
24
26
43
38
63
-12
78
47
-38
42
23
-10
31
8
24
8
-26
-5
-38
-53
6
-90
23
-72
-26
-92
-100
-59
-67
-19
-44
7
-75
-60
-89
-49
-31
-57
-64
-12
-85
-65
-39
-140
-4
-44
-157
-18
-67
-90
18
-37
-35
-23
-35
4
-66
-124
-32
-93
-111
-25
-57
-96
-153
-145
-69
-39
-32
-54
-43
-70
-57
-59
-88
-102
-104
-104
-30
-72
-63
-144
-98
-135
-110
-118
-86
-48
-101
-36
-121
-116
-76
-124
-61
-62
-111
17
-45
-21
-41
-22
10
58
9
21
34
-23
0
7
24
12
53
9
68
-16
-19
70
34
42
44
62
76
96
45
32
17
-12
67
88
161
81
-32
-11
26
91
61
24
36
66
32
21
-81
-7
49
63
73
31
25
25
35
59
73
39
124
122
81
-22
5
-2
1
70
93
130
84
109
85
74
-35
51
48
122
105
60
11
70
115
142
46
8
39
50
80
54
-31
-25
113
92
127
12
-7
-36
38
41
45
14
5
67
-31
-65
-56
-58
-15
49
68
25
-55
-43
-67
-52
-32
99
9
35
39
71
-23
-78
-111
-83
-14
15
2
-117
-85
-82
31
28
-17
-50
-22
5
22
-39
-53
-3
-37
36
107
28
-21
-38
-31
22
15
-25
-44
-9
66
88
28
20
29
23
41
10
36
45
137
122
114
79
92
60
3
12
3
46
117
138
172
75
6
-17
22
66
88
122
118
96
102
193
163
134
205
117
74
120
77
94
28
58
127
120
174
153
-13
48
91
67
85
48
65
41
112
93
75
67
-1
-56
-34
-11
35
-1
-12
-46
-56
-36
-40
-55
-44
41
38
12
-36
-49
-26
91
45
21
-66
-78
-19
-65
-37
-81
-12
18
29
-33
-51
-83
-31
41
-74
-23
-22
0
-14
-48
2
-66
18
-5
-19
-66
-99
-5
-9
33
-10
-81
-173
-27
-98
-65
2
-10
10
-97
-108
-35
-155
-35
19
-180
-141
-81
-53
-61
-12
-27
-44
-78
-73
-31
-55
-32
-4
30
4
16
-44
-14
4
84
95
67
41
103
-28
8
23
18
108
124
96
-11
60
56
131
62
129
44
86
29
78
-63
6
105
76
64
69
29
32
103
22
64
43
103
13
107
41
105
61
124
86
87
83
102
57
-6
52
131
141
72
22
-20
2
1
8
-14
-38
-61
10
44
-61
-37
-24
18
-19
21
1
60
19
-2
2
-22
21
73
19
22
17
65
158
138
90
24
61
21
118
59
116
6
86
145
149
7
10
-51
-4
100
70
45
-24
50
12
45
38
53
41
64
86
88
48
87
53
63
75
96
31
43
-11
38
118
20
-32
-39
32
-29
20
14
36
-10
-28
-43
-109
-66
-1
49
23
-128
-90
-49
-140
-197
-152
-93
-75
-109
-96
-180
-167
-109
-15
-60
14
-120
-83
-71
-54
-64
-9
-25
-40
-88
30
1
-20
-72
-21
-38
-85
-28
-51
-25
-76
65
18
83
-119
-25
-18
16
78
152
53
91
-3
-7
-28
53
10
130
125
102
22
-31
-1
-87
23
-24
148
24
52
-20
91
15
45
-67
62
41
89
70
87
-14
88
42
-15
-41
20
57
77
70
9
148
-39
67
-13
54
68
49
-43
-12
-3
-17
127
-23
21
-8
52
-34
-106
-91
115
91
94
-5
20
-50
98
-27
-29
-66
118
160
10
-83
-86
-24
28
80
-26
-17
-33
-20
-53
-49
-251
20
-24
-42
-10
-26
-72
-36
-30
23
21
-71
61
-34
-45
50
-56
-29
120
2
21
-109
38
17
-18
-22
11
-104
-17
21
-76
-82
-147
-31
-96
-89
-100
-146
-79
-97
-126
-76
-106
-128
-39
-49
73
-16
23
-11
-26
-34
-37
22
18
16
26
52
64
-52
-29
27
-18
90
-101
107
55
-12
21
137
18
83
24
73
66
-5
132
143
68
76
70
-4
82
52
34
99
14
44
77
-86
12
-93
74
-11
114
-13
5
46
-97
-52
-171
-88
-78
53
-102
-10
-46
-24
31
-186
-120
-127
-198
65
-15
27
-49
-35
-66
53
-54
-78
-20
-51
-41
14
-27
-15
-7
-9
86
-12
-67
22
-42
-289
56
-115
41
-32
-31
-10
86
-114
71
-22
-148
32
-129
62
7
190
166
22
97
30
-99
161
149
94
36
120
42
67
-23
129
-182
19
95
-61
-18
11
52
-23
-16
17
23
-56
46
-20
-68
-149
181
45
189
-14
-20
-8
142
118
102
-49
-133
152
-266
208
36
-36
-69
-117
-32
-18
-163
3
-20
-58
53
-70
18
-26
-111
30
-43
36
-70
-37
80
-97
-34
23
97
-16
162
-120
-117
-237
54
40
30
8
-143
-1
-101
-45
-64
37
-59
75
-64
42
-103
-30
59
-45
-78
82
85
-105
-136
-167
-50
102
28
-64
-24
-197
14
-76
22
-84
-11
164
99
-10
17
77
-279
126
-9
43
7
124
72
97
38
-59
-131
92
-101
110
51
13
6
44
88
-10
-196
174
-65
79
183
40
59
7
-49
-45
-17
-108
145
-24
56
3
-111
238
122
-12
-83
-54
41
-43
3
15
-45
-42
103
91
-50
-123
-240
-112
24
204
127
68
-84
-91
63
-55
17
-172
-18
-62
152
-163
-140
-141
90
201
-105
-182
-35
-2
-67
-36
-69
55
26
-36
-37
-240
-74
89
-172
118
-131
32
-83
-39
-145
-101
-83
181
-273
-97
45
-60
-117
-125
-66
16
-39
242
-203
-75
-219
132
34
-9
-9
182
208
70
-232
-202
207
82
96
13
71
-33
134
138
-54
-246
57
103
225
-140
-198
-184
131
-6
-20
211
68
-72
4
-19
102
-252
-160
292
88
-173
202
-59
24
27
40
64
-196
37
174
-165
-111
57
-94
66
-40
110
-20
74
-229
93
-423
145
-87
90
-187
76
-229
52
-57
-67
-163
-180
153
-136
5
-256
64
-234
252
-133
-178
-120
56
-131
37
38
57
168
-10
105
-276
-136
35
-31
100
110
-55
325
151
-192
157
-46
-48
249
183
134
-125
-280
222
73
-132
456
-202
38
79
-10
-170
158
-7
167
86
179
110
115
142
-140
54
58
384
-95
84
117
-19
-14
177
29
-132
193
151
57
88
240
106
-18
-211
-11
-247
27
-39
280
43
189
-193
277
-221
-122
-45
-176
-56
160
34
-29
32
-119
-106
-223
91
-255
-80
-176
406
-308
336
-249
63
-272
132
-203
-222
-63
-59
-30
-134
-88
-243
-142
-5
129
-59
-202
-225
-85
-221
-190
-125
-106
31
-71
52
73
47
-384
-66
-171
-230
-140
-186
204
187
65
-51
25
-393
95
-211
-208
-2
139
106
341
-465
-250
-173
187
27
129
-253
323
-280
288
-310
7
-19
-78
-24
-118
232
13
75
-172
268
-347
363
-168
148
-589
5
25
293
-29
139
-38
-269
170
74
164
-269
-95
165
249
-207
-188
-222
248
256
-228
105
-174
-262
83
247
-14
-85
24
244
-101
-271
-147
-109
-74
32
41
-115
67
-234
-36
-275
-235
-67
67
-18
8
-114
-470
50
-192
73
-221
50
-238
-43
-304
51
-305
-344
-126
-99
29
37
-205
-326
3
-329
-27
-130
15
-389
-129
-360
11
-184
93
154
-34
-363
-127
-426
156
-14
10
13
-200
-171
151
-81
-221
-118
-217
328
-149
-229
-446
-131
-145
227
69
196
-160
-183
-7
-200
-214
-129
494
-14
72
123
-73
-139
-136
196
-267
64
292
199
-8
23
-70
-245
-68
286
91
41
115
-9
-345
124
-4
408
-148
-36
-164
220
29
-35
-61
98
381
-208
263
-148
-242
2
31
-219
249
-205
372
-26
-92
-352
144
-261
499
-357
285
-40
-223
-86
50
26
-288
154
-187
297
-351
90
57
147
-291
94
230
248
-156
65
-467
-44
-37
157
443
-193
-66
273
-145
-23
-429
-227
115
153
-89
73
-222
-42
-171
-180
130
35
133
96
-52
-179
-9
-197
87
133
210
264
-82
-111
-282
-141
39
276
-17
-35
25
-17
-86
-124
-291
161
61
155
151
-481
-50
71
-83
-247
-373
181
287
230
-62
-340
-291
-36
59
11
-15
-187
356
-28
-144
-287
-151
174
-367
25
-179
140
58
302
-390
-40
-82
16
227
-249
-103
93
-82
55
21
-492
208
-153
356
-207
4
-443
209
-290
210
-205
-305
-94
178
170
-244
-225
-45
-195
206
73
89
-179
-379
373
-91
-25
-231
398
-215
394
-138
-71
-540
-245
-4
255
306
100
59
-28
-21
-173
-271
117
344
-202
-95
-175
236
-112
162
-57
133
-244
452
261
-136
-224
-473
738
-154
270
-369
-94
173
30
393
340
-105
-292
-222
170
75
89
-37
293
109
108
-38
-68
-82
76
-2
-107
322
-157
355
126
-158
-179
-43
-48
71
-87
-47
-102
205
4
-82
-228
60
-348
279
71
494
-208
-228
-216
6
11
109
-110
-159
254
-139
195
-460
-96
-232
62
-23
-51
-312
-343
-293
-659
-40
187
247
199
-332
56
-877
149
-65
153
-336
99
111
-260
118
-412
-202
-236
66
-142
239
-69
-518
-188
-1
-28
321
-51
425
-798
93
-185
164
-304
102
74
44
483
238
-281
-107
573
363
235
-12
-484
30
-287
561
-366
678
-10
516
180
-100
-296
-173
471
-409
631
-326
829
-693
520
327
212
228
590
-13
47
114
121
-64
-180
120
453
189
587
27
-12
281
-525
333
-525
691
-347
743
-377
312
-71
126
-155
70
-146
147
764
-180
211
-57
-9
293
80
218
254
-482
849
-201
285
145
385
-440
216
-443
-11
642
-363
267
-238
441
-709
-34
-228
261
-120
540
281
-142
-107
307
180
-460
179
75
-32
528
98
-2
293
-484
691
-660
254
-376
739
-450
279
-557
136
282
-40
583
-656
502
-186
342
-268
285
-614
904
-31
920
136
49
-192
251
-291
373
-104
-11
260
42
464
20
283
-425
295
-235
284
-733
78
-3
480
179
42
160
-163
49
-431
495
-423
298
-72
492
102
189
-62
21
-248
-116
430
352
174
-42
194
-27
15
-322
460
-266
431
-97
718
58
-64
235
-324
181
-148
115
113
477
-358
467
-213
481
102
-320
238
-593
4
66
84
-332
442
-85
172
69
-266
-366
-464
402
425
-557
285
-349
650
119
-176
-195
-56
195
276
231
322
-152
-47
373
-126
-224
187
459
139
103
-508
536
-251
-183
140
-81
387
-404
636
-74
-330
-48
75
575
330
399
-40
-273
11
96
494
-158
774
-687
614
20
-126
-55
-117
683
138
248
-620
160
-713
206
-93
42
413
173
150
-156
-111
-6
69
-27
245
4
200
476
312
-314
433
87
121
-59
-52
-402
-515
-597
402
580
-261
598
-533
-144
-110
-252
22
1
-580
357
478
122
213
-217
226
-146
-16
194
1
19
33
-358
337
184
450
-288
-107
-30
220
-227
139
139
-22
89
406
136
230
-268
161
500
235
-536
129
87
-235
752
-116
587
-263
852
112
174
-719
57
-352
568
170
542
-118
101
115
475
-251
453
258
247
381
-93
676
-535
309
-252
258
30
455
-130
147
213
-118
29
-152
208
-209
47
211
190
169
234
52
12
-75
-122
281
83
56
199
-259
-66
-276
339
117
408
-86
159
-81
157
5
-432
936
-223
367
-203
227
-706
501
-112
-163
413
-189
792
-222
56
-67
-32
549
129
-48
-134
414
-386
64
42
4
203
179
111
-370
1
-1
669
-339
144
-45
132
64
136
-381
21
41
-287
713
-262
347
79
-147
-190
165
-129
671
-224
1
-124
-43
732
514
224
277
-316
-286
-531
116
-42
-324
368
659
106
281
-312
-308
-112
-382
314
212
-17
-97
-179
42
282
-597
319
-39
74
-700
-38
-556
267
210
619
191
-401
275
-468
196
-732
176
-389
1081
148
285
-602
110
36
-209
614
-373
361
246
-15
127
-127
-167
286
-6
545
-71
-333
219
-102
-92
-157
17
162
415
-319
742
-320
30
-978
81
-65
119
-104
302
-137
-191
709
231
69
-158
-84
-345
-159
-617
169
-574
928
-184
615
164
-5
88
5
40
-250
303
-23
332
-66
-274
276
-250
427
396
157
-241
-597
77
-159
94
-398
717
-59
583
89
784
-31
-582
507
-7
208
-79
195
314
380
-588
438
-96
74
454
-193
-425
-140
285
-154
1364
-60
67
-211
-172
-120
-108
-313
220
-801
496
320
319
-212
-296
456
83
236
-167
241
-372
137
-111
11
-280
-38
-76
149
-238
-13
384
103
-516
184
-450
-93
-288
130
-64
18
285
811
99
-1025
593
-755
176
-16
-134
-229
-6
288
618
-438
-241
-470
224
-161
137
-452
289
896
10
73
-308
161
-1108
631
-247
362
-19
492
321
397
-286
198
140
153
-436
192
-377
-265
363
108
924
-434
944
-381
-857
-483
361
361
245
726
-328
482
110
104
-329
-511
522
263
37
-271
-59
-498
691
242
338
21
-240
419
-249
-696
-410
-416
120
969
752
-305
-368
-279
132
-86
-540
-43
67
113
387
165
-1008
-208
123
943
-50
-422
286
-351
-53
-439
-284
-203
-148
825
491
25
-658
-510
-102
-307
-227
-234
51
217
263
223
468
-704
-1222
-727
-406
165
484
241
613
244
399
409
-497
-252
-493
174
646
1020
354
134
-221
-274
-148
-2
80
23
240
349
240
362
280
-527
-278
-605
1
-26
470
222
132
-164
-355
-462
-339
-355
-373
16
99
240
-99
-16
-245
-56
-114
-50
9
170
-236
3
-374
-95
-34
-144
413
208
76
-253
-36
10
-228
-487
-187
287
-62
368
178
-59
-522
-594
-279
-730
-562
215
652
264
226
-296
-310
-294
-212
-236
-210
-65
394
98
-213
-310
-613
-247
-54
581
292
691
-227
-441
-405
-111
-371
-463
106
189
320
472
144
-768
-864
-977
-576
-644
-407
237
444
446
1003
109
-47
212
-199
163
167
88
480
415
254
46
-368
-160
-339
-244
-81
101
-57
20
-154
-121
-149
-280
-381
-474
-889
-1342
-727
-537
-282
-134
223
275
192
196
82
-424
-406
-69
21
221
55
196
-44
-56
-233
-277
-294
-379
-295
-210
-213
-220
-68
59
98
-208
-208
-106
-104
29
172
103
68
121
28
-31
-106
-151
90
5
305
234
257
193
39
-29
78
-30
-120
15
-39
167
-10
66
102
194
231
248
62
133
-41
-73
-11
106
275
418
390
312
228
-70
12
-171
-185
-56
-41
-106
-136
-199
-194
-241
-341
-242
-295
-223
-279
-434
-411
-361
-237
-130
-190
-339
-357
-370
-399
-192
-132
-89
-76
-246
-295
-387
-398
-338
-224
-295
-174
-162
-178
-159
-186
-111
-186
-63
-70
-73
-74
-109
115
129
156
134
136
169
237
376
355
361
410
416
521
494
576
636
704
643
601
689
691
822
845
886
908
842
716
566
536
388
199
179
182
117
236
194
119
98
-123
-114
-391
-543
-666
-778
-852
-999
-1089
-1220
-1281
-1466
-1538
-1607
-1497
-1448
-1305
-1144
-1065
-1038
-999
-925
-911
-882
-1042
-980
-944
-965
-1040
-1053
-1073
-1032
-963
-825
-803
-750
-697
-441
-255
-84
64
224
447
722
1025
1212
1472
1671
1872
2134
2243
2447
2697
2846
3018
3176
3352
3660
3903
4274
4569
4583
4494
4280
4060
3634
2961
2347
1147
-941
-2530
-4222
-5539
-6287
-7082
-7235
-6835
-5976
-4489
-3030
-1774
-205
1135
2222
2895
3101
3291
3072
2371
1894
1446
853
367
-306
-724
-1054
-1287
-1387
-1941
-2360
-3212
-3674
-4402
-5284
-5492
-5948
-6133
-5933
-5429
-4087
-2905
-1647
-61
1019
2072
2911
3195
3373
3068
2551
1977
1119
553
-30
-886
-1318
-1761
-1782
-1724
-1811
-1522
-1079
-607
204
959
1568
2848
3765
4568
5600
6580
7570
8603
9698
10655
11077
10837
10341
8681
4254
207
-3452
-7630
-10106
-12714
-14500
-14275
-13601
-11155
-8043
-5872
-2632
730
3128
5398
6328
7187
7677
6521
5703
5128
4060
3410
2494
1479
1244
946
341
-296
-1550
-3086
-4783
-6805
-8558
-9891
-10696
-10627
-10277
-9130
-6340
-3127
-373
2136
4742
6793
7879
7990
7702
6931
5111
3389
1693
-367
-1630
-2501
-3062
-3633
-4183
-4210
-3962
-4425
-4528
-4118
-4517
-4370
-3955
-2928
-1758
-565
818
2086
3049
4156
4645
4306
4166
3648
3184
2868
2634
2848
3170
3503
4015
4607
5169
5414
5547
5725
5566
5712
5433
4608
4546
2501
-922
-3842
-6649
-8057
-8754
-9520
-9163
-8000
-5978
-3075
-1090
582
2598
3938
4759
4747
4292
4382
3777
2425
1835
1437
1045
816
83
-531
-679
-1213
-1826
-2867
-4046
-5036
-6306
-7345
-7921
-7858
-6951
-5687
-4577
-2706
-58
2355
3692
4630
5527
5672
4888
3717
2951
1495
381
-440
-1564
-1372
-1101
-508
-75
-473
-270
-561
-1579
-2757
-4061
-4851
-5331
-5651
-4813
-3742
-2240
-299
1050
2282
3539
4224
4190
3673
3273
2964
2650
2319
2436
2885
3436
4345
5001
5526
6137
6432
6249
6058
6391
5780
5028
4177
1798
-2362
-6306
-9205
-11338
-11907
-11989
-11240
-9147
-6143
-2627
585
2432
4184
5769
6372
6177
5249
4982
4406
3025
2379
2130
1681
1159
237
-1094
-2060
-3118
-4371
-5595
-6998
-8174
-8391
-8219
-7239
-5136
-2595
397
2720
4797
7232
8598
8691
8050
6399
4450
2332
-267
-2801
-3769
-4977
-5472
-3603
-2536
-1101
743
1882
1929
773
-416
-1974
-4051
-5403
-5783
-6041
-5295
-4052
-2336
-379
987
2262
2959
3009
2557
2126
1351
378
-226
-587
-546
-278
455
1504
2052
3330
4186
4630
5304
5629
6013
6416
7012
6839
6729
6347
4611
104
-5346
-8272
-11496
-12770
-12468
-12662
-10152
-6651
-3067
1155
3695
5855
8671
9423
9313
8616
7945
7685
5689
4109
3577
2471
1030
-352
-2107
-3841
-5046
-6768
-7856
-8473
-9057
-8597
-7153
-5347
-2722
739
3620
5768
6996
8161
8587
7147
5125
3267
725
-1925
-3599
-4878
-5396
-6551
-6728
-4770
-3761
-1599
61
-85
-59
-1268
-2609
-3936
-5440
-5505
-4963
-4249
-2761
-1262
310
1421
1730
1937
1683
1342
689
-321
-1174
-1535
-1209
-907
-281
794
1396
2293
3215
3899
4488
4683
4648
4690
5092
5960
7087
7884
8469
9041
8949
8445
4363
-3093
-6879
-11048
-14163
-12834
-13115
-10797
-5793
-2044
3090
6227
7876
10634
10714
9808
8347
6388
5978
4121
1680
1418
781
-1059
-2410
-4065
-6302
-7570
-9167
-10271
-9860
-9602
-8190
-5480
-2647
644
4116
6733
7950
7555
6791
6023
3539
485
-1657
-3720
-5094
-5675
-5399
-3955
-3303
-3557
-2175
-995
-1283
135
236
-962
-1432
-2266
-1967
-2174
-2291
-1139
-755
-272
650
733
1222
1246
818
1059
519
-61
-433
-1181
-1417
-1529
-811
171
823
1899
2841
3512
3931
4059
4008
3866
4102
4510
5548
7151
8312
9797
10457
9628
8507
3824
-4623
-10538
-15200
-18704
-17275
-15616
-12091
-5779
-512
4979
8674
10059
11516
10894
9096
7151
4357
3771
3052
1054
1025
944
-816
-2539
-4596
-7016
-8605
-9802
-10295
-9018
-7234
-4752
-935
2676
5653
8031
9294
8854
6873
4258
2320
-32
-2949
-4476
-5253
-5614
-4702
-3627
-3245
-2721
-2172
-2109
-1304
-389
-905
-302
230
-262
-149
-206
90
-261
-876
-564
-1446
-1790
-1143
-1293
-453
343
302
456
-553
-1760
-2588
-3436
-3455
-2729
-1592
47
1601
3119
4616
5054
5357
5174
3757
4061
4619
4745
7225
8854
9476
10680
9836
7837
5236
-1767
-10610
-14912
-18363
-18883
-14601
-10901
-4683
2142
6681
11302
12091
11328
11193
7726
5104
2768
313
1183
1012
-31
873
259
-2183
-4379
-6988
-9317
-10154
-10516
-9145
-5881
-2909
1051
5157
7502
9008
9114
7480
4996
1451
-1509
-2930
-4716
-5734
-5623
-5302
-3857
-2978
-2574
-1325
-2582
-3342
-1437
-1835
-784
996
1426
2762
2587
2439
1649
-563
-1327
-2987
-4076
-3225
-2934
-1414
704
1811
2418
2143
874
-1128
-3047
-4128
-4316
-3583
-1730
515
2697
4527
5377
5343
4847
3565
2217
1622
1990
3270
5311
7956
9176
9590
9460
7589
4889
220
-8070
-14382
-16512
-17500
-13618
-7531
-2348
4370
9021
11202
11886
9565
7205
4588
1343
42
-952
-249
1992
2299
2445
2383
-213
-3816
-6838
-9198
-10216
-9161
-6783
-2832
1643
5236
8381
9971
9639
7650
3577
-235
-3386
-6656
-6694
-5721
-6123
-4798
-2657
-2380
-1827
-2173
-3207
-3783
-3956
-3037
-1369
1032
2483
4827
5924
4497
2722
-27
-3051
-5724
-7414
-7176
-6739
-4357
-782
778
3268
4420
2938
1373
-1116
-3373
-4854
-4832
-3138
-1137
2013
4720
6334
7211
6643
5358
3381
1624
1082
1573
3991
6615
9243
11413
11289
10283
8049
4361
-1325
-10460
-15819
-17217
-17240
-10824
-4687
769
7780
10622
11235
9667
5914
3748
1124
-256
465
953
3555
5892
5487
4705
2384
-2765
-7770
-11524
-13863
-12973
-9610
-5345
345
4994
7672
8911
7613
5298
1555
-2464
-5127
-7201
-6984
-5053
-2980
-1256
-150
221
-1324
-3258
-4435
-5707
-6233
-4804
-2119
1347
4467
6837
7243
5382
2700
-1430
-5604
-8409
-9582
-9037
-6713
-3332
209
3417
5264
5831
5136
2699
213
-2325
-4198
-4377
-3252
-592
1661
4322
6163
5863
5322
3476
1699
642
247
1846
4313
7415
10564
11960
12420
10726
7533
4380
-800
-8150
-14408
-16044
-15670
-11434
-4480
205
5333
8640
8306
6610
3273
1476
1065
902
3086
4658
6390
8062
6376
3522
43
-5386
-10905
-14248
-15006
-12882
-8131
-2677
2717
6626
7851
7252
4449
1201
-2229
-4983
-5365
-5653
-3939
-807
431
1023
773
-1600
-4767
-8302
-8052
-7737
-6497
-909
2559
6198
9053
8606
6594
2880
-710
-4174
-7667
-7328
-6462
-5098
-1797
186
1050
1948
1450
-31
-592
-1079
-1158
-751
173
1240
2359
3431
4184
3890
3844
2818
1549
1589
1375
2945
4666
6720
9001
10050
10465
9561
7515
4717
1944
-1258
-7955
-13050
-12914
-13170
-8861
-3465
-974
3019
4782
4741
4113
1917
2555
3746
4825
7979
8746
8953
8772
5027
328
-3698
-8561
-12400
-13985
-13638
-10685
-6327
-2189
1518
3381
3472
2688
518
-770
-760
-657
312
1520
1989
2452
991
-1823
-4256
-7135
-9100
-9723
-8466
-6124
-3688
-31
2972
4505
4986
3555
1493
-698
-2097
-2755
-3210
-2128
-443
464
1287
1039
291
-631
-1657
-1402
-1361
-8
1748
2431
3477
2629
1602
675
-1058
-77
278
987
3815
4013
5949
7663
7788
9239
8833
8366
7640
5390
4618
3297
1644
-2829
-9926
-11295
-12896
-11835
-7410
-5375
-1652
1323
2636
3555
2372
3679
5974
7029
9870
10830
10946
10485
7121
2746
-1439
-5817
-9997
-12966
-13535
-11936
-9234
-6515
-3703
-2163
-1589
-1062
-1680
-1048
486
1623
3032
3547
4016
4194
2570
103
-2548
-4977
-7002
-7203
-6167
-5055
-3243
-1201
323
1229
1228
839
-124
-1041
-791
-627
-215
471
496
553
393
-128
-600
-748
-576
21
1030
1700
2273
2343
1509
152
-632
-1980
-1581
160
789
3332
5190
5997
7438
7403
7309
7170
6549
6736
5728
5669
5586
1837
-5144
-9041
-10562
-11779
-8203
-6440
-5484
-2339
-1929
-1416
-1357
-1758
1809
4067
7333
11341
12065
13428
12563
8510
5104
1639
-2652
-5919
-7773
-8927
-8597
-8148
-8410
-7813
-8205
-7612
-6449
-5490
-2066
1296
3562
5997
6239
5317
4368
664
-610
-1079
-2786
-1577
-1211
-1503
-948
-1666
-2422
-3836
-5362
-5632
-5492
-4234
-2590
-1306
-256
287
-182
-628
-939
-1401
-1106
-58
783
2388
3808
4264
4633
3713
2105
680
-393
-1111
-94
1220
2802
3948
4654
6066
5247
5801
7187
6480
7328
6693
4850
4998
-2193
-8203
-7310
-8781
-4663
-872
-1013
777
-1733
-3987
-5305
-8224
-5090
-690
2649
7908
9741
10263
10264
7516
4359
2507
1680
681
1333
2077
2119
1695
-2151
-6068
-10136
-14292
-14530
-13799
-10512
-4803
-1240
1961
3941
3732
3130
2164
913
889
1624
1530
2492
3261
1555
-92
-1880
-3778
-4335
-4800
-4227
-3682
-4193
-3541
-3988
-4786
-4245
-3982
-3240
-1902
-159
1512
2650
3461
3685
3429
3169
2981
2776
2969
3906
3882
3752
5007
4953
3927
4966
4781
3963
4990
5160
4826
5188
4279
3566
-2001
-9195
-8948
-8577
-5574
253
-2
1070
484
-4164
-5382
-8207
-6481
-575
2482
7510
8550
6656
6225
2122
-7
-20
-23
1960
2651
3803
4096
2188
505
-2865
-5445
-6620
-7656
-6019
-3994
-1766
-345
-2249
-3924
-5700
-6919
-4823
-3128
-36
4640
5743
6446
6810
4397
1856
406
-484
-1346
-1968
-1242
-821
-1662
-2208
-3390
-5279
-5711
-5042
-4626
-3610
-2455
-2196
-2046
-1482
-382
1103
3081
4935
5747
6235
6441
5207
4145
3840
3345
3869
5011
6081
6306
5582
4651
2681
2296
2034
854
-525
-6400
-9922
-8783
-7748
-3164
-320
-621
1165
-2224
-5277
-6474
-7978
-2098
2977
6276
9991
6815
4013
2027
-1346
-361
684
2254
4148
3177
3100
2456
456
-1917
-4789
-5908
-6318
-5800
-4547
-2436
-709
-1808
-2696
-3198
-3766
-2633
-825
1148
2439
2599
2350
1113
573
694
1147
2915
3851
3544
2617
710
-1540
-3197
-4040
-4433
-4638
-3810
-2687
-2181
-2036
-2685
-3386
-3614
-3339
-2462
-1232
559
2323
3117
4198
4705
4313
5346
6331
7926
9735
9359
9068
7815
5138
5048
4063
2447
1582
-6532
-12218
-11616
-10887
-5339
-2081
-2308
-1247
-5050
-7999
-9537
-10874
-4882
1796
7267
11687
9520
5934
3063
-539
-382
2361
5105
6660
5431
3383
1439
-1487
-3922
-5202
-5583
-4669
-4084
-3398
-2423
-2925
-4502
-6397
-6998
-5808
-3748
-76
2412
3880
4645
3094
2715
2301
1781
3788
5213
6085
5685
2792
202
-3073
-5088
-4262
-3510
-2278
-1349
-1615
-2078
-3061
-3672
-3842
-3646
-2544
-1204
464
1826
1838
1666
1182
1195
2154
3106
5227
6640
7975
8732
7537
7261
6718
7063
8417
7878
6396
-657
-8929
-11112
-10934
-7513
-4487
-4891
-5360
-8078
-11693
-13028
-12884
-8476
-1200
4780
8627
7923
4887
2539
695
1783
5347
8877
10713
9375
6223
3290
208
-2498
-4254
-4642
-3874
-4262
-4246
-3946
-5154
-6818
-8816
-9203
-7066
-4562
-1499
345
783
1174
589
1492
3020
4053
6094
7424
8166
7791
6150
4484
2016
168
-488
-1145
-1461
-2743
-4329
-5478
-6617
-6190
-5122
-3928
-2428
-1703
-829
-594
-23
714
1485
3326
4571
6269
7379
8141
8196
7916
7931
7227
7286
7840
7790
6519
214
-7600
-9639
-8120
-4316
-1899
-3083
-4706
-8243
-11947
-13747
-14725
-11619
-5673
-701
2569
2266
-220
-1870
-2321
489
6371
11823
14543
12853
9214
6541
4098
2777
2781
2845
2578
261
-2600
-4592
-7227
-9060
-10515
-10564
-8649
-7360
-5922
-5481
-5402
-4264
-3250
-683
2825
4964
6387
6589
6167
5913
5221
5639
5328
4460
4803
3787
2088
661
-951
-2437
-3324
-3427
-3612
-4112
-4826
-5627
-5563
-4732
-3372
-1800
-641
1276
2557
3533
5625
6462
8065
9525
9405
9473
8706
9587
10039
7872
548
-5786
-6299
-3291
180
-10
-2686
-6252
-10057
-12613
-13121
-13013
-9613
-4990
-1688
-10
-2211
-4981
-6618
-6205
-2031
3874
8941
9833
7029
3617
2283
3130
5492
8767
10635
10052
6700
2578
-775
-3487
-5439
-6505
-6010
-5781
-5918
-7179
-10630
-12060
-12296
-10112
-5453
-1864
524
1270
1142
1990
3076
5178
7763
8270
8591
8721
7387
5183
2986
1956
782
143
65
-645
-1667
-3508
-4596
-4333
-3061
-1228
-671
-1162
-1335
-1751
-838
1731
3402
5616
6788
6741
8168
8168
9324
10295
8298
2790
-1074
-220
3358
4826
2282
-1744
-6537
-9693
-11058
-12051
-11516
-8782
-5255
-2568
-2716
-5519
-8484
-9700
-8057
-3476
2275
6357
5546
1742
-840
-289
2414
5421
8066
9074
7764
4774
2138
1192
847
13
-291
233
-116
-1071
-3719
-6730
-8717
-9570
-8093
-5794
-4249
-4042
-5050
-5005
-3196
-973
2187
4165
4229
4537
4868
5192
5293
5284
6036
5877
5033
4263
2609
579
-1159
-1761
-1486
-601
-123
-1348
-2240
-3407
-2603
-682
1910
4565
5434
4801
4871
4845
4692
6127
6725
7621
3810
-1970
-2270
190
3971
4509
1127
-2008
-4778
-6591
-7280
-8873
-8197
-5053
-2970
-1780
-4509
-8546
-10064
-10330
-7101
-2141
1925
3121
-188
-3438
-2814
73
3417
5731
6495
6407
4437
2756
2766
3036
3161
2352
1591
1437
636
-1395
-4002
-5882
-5955
-5024
-3796
-2531
-3344
-5023
-5466
-4630
-1808
951
2295
1880
-89
-108
1344
2184
3966
5470
5483
4999
3872
2964
1908
797
972
1657
2557
2820
1433
-412
-1422
-1677
-569
986
2867
4448
3472
3514
3151
3869
6021
6791
8207
8710
3548
-2383
-3475
-1129
3719
3104
-243
-3271
-6904
-7213
-7701
-8916
-6355
-3783
-1879
-1372
-5061
-8082
-8846
-8332
-4253
-460
2264
1980
-3277
-6360
-5326
-1982
2062
3580
3954
3930
1864
1063
2092
3496
4742
3619
2840
3148
1148
-602
-3060
-4445
-2953
-2294
-1471
-1893
-4153
-5632
-6405
-4912
-1554
64
636
-951
-3162
-2030
95
2653
4504
4872
4816
3312
2412
2411
2114
2536
3155
3581
3867
2887
1294
-218
-756
585
1965
3500
3766
3957
2814
2481
3386
3625
5667
6255
7345
8082
4083
-2361
-3170
148
6152
6868
2062
-2210
-6463
-7393
-7162
-8763
-7026
-4705
-3914
-3613
-6638
-9515
-9353
-8551
-4770
-203
1652
1302
-3984
-7385
-4836
-493
3827
5061
4018
2869
-15
-1511
360
3053
4823
4226
2275
1675
451
-1345
-1919
-2424
-869
73
-551
-1331
-4137
-6376
-6159
-4032
-230
1776
620
-1899
-4827
-4036
-614
1660
3493
3049
1950
1094
153
1224
2288
3121
4241
4314
4356
3781
1929
966
834
2004
3769
3802
3740
2389
1818
2337
3568
5639
7202
7726
6919
6548
6904
3110
-1926
-1300
2165
6181
4420
-936
-4353
-6030
-5331
-4464
-5429
-4461
-4100
-4811
-5217
-8043
-9818
-8924
-7572
-4436
-2173
-1708
-2929
-6606
-7239
-3146
1268
3740
3515
1609
565
-893
-622
2437
4851
5680
4304
2641
1774
51
-1663
-2346
-1035
348
275
-1523
-3552
-5300
-5761
-3743
-1285
8
-416
-2194
-4526
-5182
-2720
856
2593
2504
1784
368
-408
-100
1040
3008
4114
4473
3440
2003
1085
167
564
2404
4331
4692
3320
2426
1322
2383
4167
6310
7735
7449
7039
5490
5562
7376
5824
637
658
3313
6849
5522
-758
-4282
-5580
-4215
-3017
-5512
-6519
-6075
-6059
-4975
-5893
-8265
-8382
-8361
-6342
-3352
-2680
-2728
-6148
-8106
-4488
-18
2904
2744
434
-106
-383
-406
2305
4353
4965
3931
2052
1610
1196
-256
213
238
1303
1776
-387
-2270
-4528
-4928
-3553
-1970
-826
-1412
-3386
-4351
-4575
-2753
355
916
156
-1037
-1211
-380
-180
1394
2327
2598
2822
2078
1426
805
859
1886
3478
4302
3907
1726
399
989
2566
4784
6315
7153
7165
6453
6683
6761
7143
9178
7959
1951
26
1315
4967
5609
1369
-1167
-2750
-2967
-2710
-5285
-6447
-5282
-5352
-4528
-6187
-10222
-10873
-10173
-7170
-3554
-3016
-3101
-5517
-7717
-5069
-1099
1409
1807
136
90
764
84
1584
3093
3469
3339
1752
1829
1673
200
-131
294
1588
2616
777
-1346
-3067
-3857
-2248
-623
260
-45
-2499
-3729
-4061
-2942
-945
-1201
-2074
-2416
-1768
-737
-815
-687
268
978
1651
1513
797
366
232
1379
2526
2933
2687
1336
1251
2351
3966
5646
6192
6172
6191
6228
6827
7080
7022
7121
8046
7434
1980
32
1676
5168
6237
2435
-952
-3161
-3942
-3197
-4105
-4660
-2826
-2997
-3734
-5964
-10400
-11035
-9599
-6726
-3258
-2895
-3818
-6651
-9073
-6392
-1466
1422
2303
822
-230
-261
-1375
366
2779
3867
4345
2991
2080
1158
-145
-156
1280
2340
3064
1531
-551
-1282
-1686
-589
484
451
-272
-2126
-3544
-4409
-3744
-1910
-1412
-1898
-2508
-2701
-2967
-3445
-2980
-1286
-49
570
37
-862
-743
-219
1084
2090
2224
1977
890
755
2242
3816
5679
6293
6474
6338
5698
6233
6341
7630
8967
8530
8326
4280
-658
267
3480
7859
7465
1885
-2033
-4398
-4118
-2212
-3318
-3044
-2026
-3641
-4541
-7452
-9972
-8112
-6400
-4058
-2511
-4459
-6190
-8505
-8948
-4029
20
1498
1347
-1476
-1641
-1299
-1301
1870
3634
4052
3657
1248
954
197
-665
1226
2220
3566
3345
493
-1368
-1915
-673
1307
1475
1104
-619
-3256
-4097
-4297
-2888
-1121
-1232
-2134
-3934
-4385
-4337
-4306
-2681
-1373
-1178
-1666
-2405
-2327
-1174
283
1511
1990
1899
2485
2254
3004
4349
5158
5865
5500
5552
5670
5972
6415
6897
7540
8372
7732
6956
4640
671
1573
4356
7623
6833
1078
-2740
-3708
-2129
136
-1099
-2928
-2956
-3889
-3942
-4983
-7358
-6750
-5880
-4540
-3476
-4970
-6366
-8091
-8399
-4556
-569
119
-1011
-3472
-3467
-1927
-959
1704
3107
3325
2793
1461
1331
1704
1295
2097
3096
3462
2722
-168
-1590
-833
-149
916
618
-264
-1065
-2666
-2932
-2761
-1930
-731
-1639
-3213
-3755
-3925
-3487
-3319
-2658
-2017
-2686
-2903
-3268
-2962
-1370
-209
1100
1765
1979
1912
1308
1924
3888
5512
6408
6055
5115
5097
5993
7190
7617
7668
7803
6646
6273
4005
1074
2203
4500
7274
5772
811
-2005
-2734
-1511
183
-1154
-2008
-1572
-2871
-3220
-4822
-6796
-5740
-5002
-3731
-3330
-5041
-6173
-7755
-8028
-4715
-2017
-1724
-2460
-4423
-3751
-2417
-1502
633
1859
2802
2556
1667
2051
2905
2941
3057
3576
3661
2765
832
-300
-646
-238
449
679
229
-1020
-2246
-3306
-3153
-1526
-886
-1557
-2726
-3282
-3034
-2660
-2468
-2268
-2398
-2518
-2531
-2829
-2202
-1350
-994
-294
119
1080
1540
1420
2336
3358
4635
5428
5229
5261
6204
6880
7072
6557
6631
7184
6318
4691
1980
1605
3603
5440
5356
2519
-93
-987
-546
338
331
-779
-1347
-1679
-2825
-3849
-5388
-5659
-4568
-3747
-3142
-4197
-5920
-7317
-7647
-5889
-3046
-1959
-2351
-3382
-4098
-3290
-1998
-269
1464
2179
2173
1405
1179
1972
2497
2892
2997
3082
3016
2333
1450
555
282
681
903
586
-295
-1670
-2665
-2833
-2165
-1447
-1920
-2719
-3244
-3075
-2416
-2230
-2306
-2443
-2491
-2054
-1439
-1210
-910
-926
-737
-532
-188
524
1033
1769
2775
3693
4331
4534
4421
4762
5776
5934
6272
6553
5591
4738
2292
1717
4018
5458
5308
2757
152
172
542
401
453
-556
-457
9
-1364
-2274
-3875
-4890
-3978
-3473
-2867
-3228
-5341
-7102
-7411
-6100
-3278
-2014
-2720
-3033
-4042
-3513
-2316
-1063
1060
1218
1148
854
926
1728
1836
1617
2189
2894
2939
2127
894
891
1303
1754
2137
1181
652
-91
-783
-1100
-1239
-780
-1251
-2076
-2319
-2068
-1907
-2017
-2378
-2680
-2400
-2139
-1499
-1355
-665
-183
-131
294
597
1413
1644
2009
2487
3019
3544
3700
3263
3480
3790
5123
5016
3660
2340
1497
2914
4260
4091
2574
972
341
929
856
537
8
-590
-300
-557
-1724
-2700
-3931
-3670
-2729
-2051
-2032
-3202
-4959
-5604
-4691
-3069
-1806
-2436
-3439
-3939
-4052
-2769
-1550
-408
348
43
86
497
983
1542
1890
2285
3032
2918
2541
2098
1416
1724
1992
2077
1917
910
71
-667
-799
71
678
505
-294
-1263
-1475
-1142
-1047
-775
-998
-1084
-1176
-1712
-1514
-1407
-931
-155
481
1197
1240
847
1154
2025
3634
4562
4432
3956
3538
3649
2645
1781
1039
2181
3349
3183
1299
-472
-856
-223
290
-62
-443
-872
-1230
-1489
-2125
-2264
-2477
-2573
-2243
-1982
-2081
-2983
-4178
-4734
-3672
-2226
-1371
-1753
-2983
-3136
-2918
-1680
-495
31
316
-596
-1283
-1283
-445
648
1142
1291
1653
1773
1451
1299
1222
2051
2874
3001
2840
2027
1518
962
761
1377
1666
1310
215
-735
-835
-214
267
495
175
-304
-407
-376
258
791
1099
1313
1141
1140
1291
1600
2096
2734
3097
3398
3215
3086
2803
1391
270
120
2222
4064
3691
1061
-1374
-2117
-1331
-597
-1060
-1764
-2570
-3363
-4070
-4874
-4839
-4528
-4084
-3901
-3877
-4042
-4515
-5174
-5553
-4212
-2102
-593
-1051
-2338
-2796
-2542
-1408
-193
757
1142
271
-781
-795
430
1788
2012
1345
1060
1064
1245
1626
1585
1761
1925
2110
2180
1781
1664
1459
1476
2035
2594
2606
1657
449
216
1047
2202
2695
1842
751
161
134
856
1482
1984
2004
1301
1122
1489
2325
3409
3977
4264
4549
4149
4138
3493
2211
1039
1228
2840
3918
2528
-510
-2879
-3566
-2475
-1629
-1849
-2542
-3570
-4494
-5257
-5670
-5491
-4950
-4677
-4936
-5349
-5893
-6198
-6846
-7080
-5863
-4032
-2789
-3079
-3989
-4318
-3837
-2693
-784
809
1333
713
-255
25
1428
2964
3587
3083
2396
1809
1675
2019
2173
2237
2449
2599
2431
2111
1775
1550
1452
1875
2623
2815
2337
1474
857
1082
1799
2612
2765
2267
1696
1092
1111
1828
2812
3261
2853
2207
2311
2760
3468
3883
3863
4107
4131
4503
4005
2743
1307
1472
3270
4696
4224
1758
-587
-1765
-1672
-1342
-1593
-2084
-3228
-4657
-6332
-7389
-7377
-6822
-6474
-7030
-7522
-7799
-7781
-8045
-7997
-6768
-5108
-3985
-4133
-4778
-5105
-4682
-3571
-1983
-479
130
-490
-1501
-1429
-109
1756
2916
2837
2317
1802
2001
2604
3119
3743
4063
3947
3553
3311
3339
3168
2703
2750
3087
3184
2841
1933
1279
1227
1693
2395
2692
2670
2429
1795
1608
1994
3001
3622
3368
2733
2551
2866
3759
4162
4254
4266
4070
3956
3189
2172
1933
2828
4065
4707
3313
1288
-163
-805
-382
-99
-317
-623
-1758
-3320
-4892
-6026
-5831
-5103
-5138
-5772
-6959
-7826
-8217
-8811
-8475
-7416
-6244
-5657
-6112
-6732
-6728
-6341
-5241
-3795
-2288
-1111
-1222
-1703
-1677
-1014
389
1499
2048
1987
1391
1138
1191
1653
2703
3540
3673
3306
2677
2609
2771
3118
3869
4310
4559
4323
3558
3054
2928
3250
3765
3699
3397
2749
1918
1753
2020
2468
2854
2675
2532
2330
2209
2809
3342
3883
4112
3953
3713
3129
1553
934
1818
3623
4834
3555
1488
-303
-1223
-854
-183
318
801
99
-1786
-3764
-5242
-4953
-3690
-3319
-3602
-4710
-6075
-7017
-7855
-7490
-6108
-5026
-4545
-5291
-6354
-6577
-6586
-5899
-4509
-3034
-2094
-2542
-3640
-3975
-3430
-1871
-296
443
606
204
-166
-208
287
1783
3156
3614
3254
2378
2032
2125
2485
3315
3934
4166
3955
3144
2609
2670
3256
4050
4339
4145
3634
2764
2443
2788
3647
4452
4315
3676
2987
2584
2636
2862
3190
3473
3500
2919
2083
537
-103
726
2368
3689
3190
1608
-14
-1162
-1333
-756
50
731
467
-1137
-2890
-4249
-4318
-3224
-2628
-2536
-3182
-4259
-5189
-5927
-5768
-4374
-3069
-2746
-3483
-4866
-5255
-5165
-4670
-3609
-2610
-1807
-2152
-3155
-3617
-3361
-2475
-1506
-839
-378
-290
-659
-1004
-1100
-351
873
1606
1754
1182
728
656
887
1656
2483
3024
3066
2543
2137
2238
2669
3266
3448
3387
3314
2940
2645
2621
2747
3168
3182
3060
2937
2699
2739
2766
2765
2931
2936
2955
2595
2089
1013
155
323
1292
2127
1735
735
-299
-1080
-1520
-1495
-1016
-340
32
-655
-1979
-3270
-3746
-3214
-2617
-2184
-2170
-2468
-3249
-4314
-4971
-4523
-3111
-2001
-1711
-2331
-2960
-3358
-3443
-3059
-2202
-1090
-505
-708
-1576
-2381
-2593
-2275
-1408
-564
-131
-216
-845
-1576
-1717
-923
279
1056
1008
658
227
-8
211
726
1496
2015
2097
1795
1278
1219
1466
1787
2099
2302
2556
2671
2623
2462
2364
2473
2723
2803
2965
3157
3059
2912
2582
2409
2362
2593
2770
2658
1414
325
103
745
1883
2109
1590
665
-622
-1550
-1823
-1546
-599
47
-334
-1410
-2980
-3886
-3715
-3270
-2627
-2257
-2408
-2845
-3860
-4636
-4252
-3137
-1828
-1196
-1409
-1669
-2124
-2420
-2195
-1505
-379
265
20
-535
-1114
-1116
-659
-225
192
335
210
-171
-842
-1079
-594
140
622
451
112
-86
-236
-145
89
414
864
1111
1033
760
641
791
760
788
938
1201
1308
1111
883
913
990
1206
1544
1632
1965
2095
1964
1918
1950
2297
2798
2978
2837
2310
1123
552
578
1298
2109
1994
1323
345
-725
-1310
-1494
-1184
-374
217
10
-943
-2467
-3348
-3378
-3043
-2385
-2153
-2038
-2254
-3156
-3944
-4101
-3363
-2196
-1458
-1406
-1596
-1864
-1817
-1401
-930
-222
180
332
462
455
584
615
497
385
408
613
838
804
598
477
360
280
87
30
122
35
-90
-203
-192
-52
82
111
131
173
361
263
119
51
260
715
882
701
286
256
209
599
858
1009
1065
1155
1472
1504
1780
1966
2155
2343
2462
2489
1909
1263
1148
1552
2411
2818
2375
1534
532
-416
-879
-938
-465
196
53
-640
-1820
-2914
-3218
-3217
-2769
-2247
-2092
-2144
-2633
-3321
-3622
-3340
-2750
-1906
-1389
-1136
-1136
-1585
-1713
-1607
-1053
-175
264
420
215
-63
-32
97
427
775
865
896
791
585
736
868
937
695
229
175
89
-45
-166
-210
-223
-261
-437
-502
-609
-610
-263
-391
-249
-379
-399
-59
-29
219
405
388
636
500
475
840
665
1071
1353
1251
1546
1909
2170
2450
2165
2090
2133
1669
1847
2087
2328
2691
2426
2123
1770
1168
697
175
-223
-74
83
-172
-680
-1670
-2396
-2805
-3206
-3270
-3237
-2936
-2422
-2411
-2863
-3134
-3199
-2848
-2349
-1862
-1059
-585
-669
-975
-1185
-870
-341
95
430
521
484
343
144
116
171
312
547
645
758
886
802
412
58
13
194
458
428
108
-5
-353
-605
-669
-480
-122
86
-174
-454
-713
-795
-276
-50
239
502
570
870
635
381
566
881
1138
1472
1598
1719
1826
1935
2246
2063
1952
2087
2086
2188
2235
2065
1677
1337
1471
1823
1778
1484
933
360
-75
-465
-695
-836
-1050
-1223
-1641
-2212
-2619
-2935
-3093
-3306
-3445
-3160
-2719
-2526
-2490
-2483
-2382
-2167
-2004
-1632
-1180
-853
-624
-573
-470
-285
-98
-46
-35
-48
223
299
244
260
67
-15
-74
-5
-34
75
9
227
-27
-115
75
-147
190
-21
259
234
-33
139
136
18
-172
121
109
387
303
385
402
360
133
-43
266
343
863
1264
1352
1257
1081
1042
1075
986
1472
1891
1909
1895
1968
1967
2000
1797
1550
1174
877
979
1064
1051
834
705
542
296
-212
-669
-1123
-1371
-1331
-1107
-974
-1194
-1546
-1886
-2198
-2358
-2322
-2040
-1654
-1601
-1519
-1764
-1914
-1724
-1375
-922
-644
-490
-400
-431
-495
-448
-519
-418
-318
-188
-20
13
122
-99
-352
-371
-674
-589
-394
-328
77
202
122
122
-120
-185
663
962
976
834
570
770
969
472
893
836
543
731
308
85
135
297
534
277
170
0
-130
-101
-150
-40
252
644
735
631
587
376
201
333
650
819
1158
1218
1324
1308
1198
901
332
124
280
656
893
999
1026
958
720
312
-36
-351
-431
-318
-225
-97
-176
-254
-560
-1031
-1325
-1445
-1337
-1259
-1315
-1335
-1245
-1160
-1054
-1105
-994
-918
-895
-900
-901
-809
-656
-553
-386
-308
-118
-33
-217
-161
-106
6
90
423
442
587
347
444
776
858
1103
1198
963
689
691
465
619
398
341
198
344
383
-205
-375
-965
-1231
-892
-842
-716
-884
-962
-905
-1072
-1409
-1251
-1147
-847
-313
-482
10
-80
-172
57
280
295
530
756
1051
1391
1612
2098
2150
2147
2277
2092
1820
1726
1806
2154
2358
2387
2215
1939
1612
1279
797
419
186
196
392
296
-12
-373
-744
-1052
-1326
-1616
-1624
-1551
-1513
-1490
-1417
-1185
-860
-777
-941
-966
-928
-703
-501
-444
-51
23
373
-35
189
365
220
439
115
115
39
-47
-353
-581
-755
-475
-138
-496
-726
-1076
-1598
-1754
-1955
-1742
-1758
-1133
-1461
-1150
-2069
-1784
-1893
-2044
-1587
-1478
-1073
-1372
-709
-1175
-894
-683
-717
-662
-88
-141
379
440
848
1215
928
1084
1343
1090
1475
1915
2056
2388
2215
2516
2639
2676
2621
2560
2311
2486
2552
2453
2163
1743
1659
1705
1669
1588
1392
1207
1000
712
524
325
454
525
471
273
-26
-144
-128
-181
-188
-146
-82
-19
-98
-17
133
263
275
-24
-259
-446
-570
-591
-736
-746
-794
-883
-1379
-1864
-1970
-2014
-1638
-2098
-2298
-2535
-2668
-2582
-2875
-3158
-2916
-2675
-2220
-2393
-2466
-2299
-2675
-2269
-2143
-1753
-1042
-864
-822
-357
-872
-256
-541
-323
-105
3
754
755
463
648
819
769
1090
998
1292
1314
1306
1447
1371
1362
1903
1797
1827
1722
1588
1556
1522
1463
1774
2040
2151
2259
1949
2047
1978
2098
2254
2264
2376
2520
2593
2567
2519
2461
2310
2205
2042
1943
1907
1903
1841
1685
1427
1141
911
700
493
34
-288
-455
-785
-929
-1135
-1382
-1585
-1945
-2198
-2515
-2832
-3109
-3187
-2918
-3090
-3251
-3325
-3305
-3266
-3145
-3329
-3172
-3146
-2899
-2581
-2963
-2773
-2651
-2591
-2032
-2053
-2243
-1719
-1670
-1544
-1464
-943
-946
-1041
-443
-97
-164
-72
275
308
384
145
714
767
818
1320
898
1087
1096
1154
1456
1416
1228
1645
1891
2029
2139
1863
1873
1912
2042
2312
2107
2225
2472
2461
2495
2504
2464
2389
2596
2842
3130
3098
3177
3061
2882
2773
2569
2583
2517
2515
2454
2253
1982
1648
1340
1134
839
618
297
19
-89
-318
-624
-873
-1068
-1318
-1601
-1850
-2003
-2242
-2355
-2412
-2537
-2651
-2829
-3013
-3203
-3280
-3190
-3166
-3278
-3371
-3617
-3592
-3468
-3377
-3032
-3307
-2977
-3031
-3053
-2904
-2713
-2274
-1926
-1720
-1841
-1399
-1567
-1108
-1001
-810
-696
-301
164
630
796
887
940
958
1497
1594
1646
2214
2332
2441
2524
2576
2622
2364
2429
2517
2571
2467
2599
2364
2348
2260
2337
2463
2211
2126
2184
2005
2039
1986
2067
1893
1929
1806
1448
1266
1118
1305
1145
1193
1127
762
679
439
478
744
847
581
506
239
125
-23
37
87
-37
45
-84
-361
-492
-606
-839
-1070
-1446
-1566
-1544
-1475
-1551
-1742
-2030
-2219
-2417
-2702
-2806
-2928
-2726
-2556
-2537
-2490
-2503
-2577
-2663
-2649
-2513
-2242
-2031
-1642
-1506
-1502
-1304
-951
-1019
-485
-250
-140
297
130
630
706
675
1250
1355
1385
1185
1030
804
828
1335
1569
1835
1760
1906
1692
1412
1140
1226
1302
1308
1799
1728
1706
1685
1652
1416
1477
1416
1460
1422
1278
1343
1273
1346
1653
1799
1494
1230
960
768
755
915
670
775
699
380
565
173
84
-115
-177
-248
-401
-708
-850
-1022
-1101
-946
-1049
-1173
-1488
-1657
-1805
-1926
-1888
-2054
-1997
-1783
-1430
-1083
-1294
-1386
-1298
-1227
-1314
-1030
-831
-421
-304
-343
-41
-104
81
373
638
618
516
651
929
906
883
1077
1095
1025
980
898
813
323
259
470
248
199
263
82
-383
-353
-452
-377
-322
-361
-172
-160
-256
-551
-759
-625
-254
-367
101
251
212
175
286
404
486
137
922
782
857
1049
1253
1058
850
1030
1340
1234
824
929
518
680
693
679
507
548
114
-27
-158
-202
-444
-588
-562
-576
-673
-571
-923
-1270
-1345
-1441
-1166
-1199
-1084
-874
-1078
-1017
-826
-677
-862
-881
-460
-375
-162
378
506
234
181
540
674
647
1032
1115
1013
799
1090
1123
1106
848
858
831
984
854
704
773
560
733
541
332
232
130
42
121
-71
21
-57
-154
-237
-206
-494
-583
-685
-757
-474
-576
-649
-640
-489
-675
-463
-507
-528
-700
-657
-302
-25
50
331
75
220
-85
48
124
-71
217
292
256
167
139
129
-149
-93
-303
-258
-418
-98
-314
-423
-252
-304
-263
-490
-415
-718
-771
-606
-385
-425
-149
-290
-548
-76
-277
-148
44
-224
460
-98
95
200
175
336
538
200
178
14
139
414
281
559
384
267
316
48
165
37
112
504
371
335
289
-104
79
162
44
77
-192
-43
56
25
349
101
85
207
-25
209
84
62
323
334
128
429
174
490
398
482
463
115
270
508
572
683
636
446
317
578
799
471
423
161
139
51
-65
-153
-236
-421
-464
-278
-486
-492
-716
-818
-869
-866
-992
-579
-795
-652
-483
-569
-596
-629
-815
-455
-524
-535
-217
-169
86
-93
-216
-293
12
-114
391
87
-109
19
215
-79
313
316
181
-69
-85
38
-81
59
-77
209
-113
27
-375
-133
-485
-193
-31
109
-313
-351
-494
-452
-258
-324
114
-16
242
293
-18
-194
312
119
554
670
617
674
925
946
1156
953
798
855
980
1265
1201
1147
924
936
1005
1145
668
602
697
724
675
578
248
-180
-13
-163
-174
-439
-374
-604
-499
-898
-796
-1033
-994
-774
-853
-685
-917
-1162
-1142
-879
-890
-809
-833
-754
-1047
-840
-599
-658
-477
-328
-405
-514
-647
-499
-83
-388
-8
134
-186
-194
243
-96
-99
-281
-50
228
79
293
22
-409
-257
203
-75
121
84
194
52
383
244
-40
-257
-34
311
581
727
599
596
649
850
654
723
751
961
1254
1090
1058
1126
1176
1315
1176
1034
961
969
1326
1058
745
930
750
765
869
800
511
590
501
566
114
102
-73
-177
-248
-211
-487
-476
-583
-581
-533
-790
-687
-876
-1074
-1017
-1221
-840
-1110
-1159
-1068
-1028
-1243
-1212
-1353
-1423
-1227
-1307
-1367
-1380
-1194
-1145
-1087
-1333
-1266
-1176
-902
-971
-1143
-1236
-953
-681
-605
-529
-330
-444
-250
-153
-84
-66
52
212
557
630
869
830
629
587
731
1098
1059
1257
1149
1147
1201
1206
1347
1239
1229
1423
1303
1198
1326
1166
928
853
725
1162
1052
933
603
541
153
455
-72
274
387
0
228
18
86
-114
-111
-44
429
54
524
346
-25
85
79
290
107
-59
59
272
43
22
-34
-405
-10
-191
-343
-251
-456
-675
-885
-572
-691
-750
-1084
-1054
-1219
-1403
-982
-1247
-1382
-1445
-1241
-1515
-1421
-1635
-1491
-1456
-992
-1079
-1292
-1132
-988
-1044
-1079
-893
-690
-673
-162
-330
-231
-342
106
283
214
498
218
792
535
942
804
870
1118
966
1128
1086
1189
953
1408
872
1523
1176
1072
1215
1112
937
1157
977
571
1061
900
1171
985
502
960
571
453
648
517
581
791
738
638
251
426
219
312
361
499
356
289
-153
-103
-124
-485
-27
-413
-86
-324
-403
-500
-732
-710
-645
-933
-892
-876
-904
-813
-1083
-1137
-838
-1313
-1001
-1012
-1116
-1143
-1264
-890
-1086
-687
-937
-582
-1117
-823
-1050
-679
-842
-556
-526
-498
-225
-416
-603
-860
-579
-823
-154
-393
-16
-438
-166
-138
24
-364
80
-194
19
79
76
57
-178
234
313
415
338
730
524
653
624
843
640
898
914
1161
869
1391
1205
1504
1235
1229
1309
1297
1655
1505
1438
1370
1170
1158
977
1120
832
858
650
757
386
466
118
-217
-287
-160
-242
-530
-225
-573
-363
-410
-714
-920
-1259
-1278
-965
-978
-739
-762
-432
-984
-799
-1518
-974
-1050
-994
-620
-895
-106
-913
-208
-1061
-582
-954
-428
-543
-198
-50
-666
-328
-581
-340
-334
-466
-557
-519
-330
-237
-36
-490
-226
-489
-281
12
-251
-293
-167
-228
-221
-34
7
111
-78
-5
31
-23
251
372
410
548
548
686
548
680
659
561
703
972
818
991
664
795
630
450
807
670
478
483
294
270
528
284
475
-131
-108
18
45
-329
-128
-403
-417
-254
-561
-358
-607
-469
-348
-414
-511
-517
-509
-467
-626
-398
-298
-376
-236
-332
-384
-297
-422
-229
-297
-324
-45
-89
-331
-157
-248
-161
178
-196
180
-155
87
-101
-73
-22
-111
90
48
409
15
511
-57
406
-5
153
95
69
252
249
261
11
205
171
567
320
346
88
234
231
467
403
444
262
361
559
215
279
16
261
284
192
102
256
-30
-27
55
-414
-417
-215
36
-147
-509
-515
-546
-522
-630
-302
-775
-637
-482
-659
-803
-832
-992
-893
-814
-652
-427
-799
-475
-906
-757
-606
-624
-496
-378
-138
-273
101
-33
-114
-516
60
-153
105
351
277
426
417
590
164
308
282
1009
501
657
555
622
405
755
622
522
779
514
1133
526
636
338
495
201
594
380
525
206
295
76
530
97
118
34
-70
-36
-118
-125
-228
87
-497
-355
-88
-407
-282
-147
-409
-17
-624
-334
-756
-1013
-679
-385
-704
-330
-518
-677
-495
-602
-721
-617
-791
-679
-612
-849
-757
-460
-620
-671
-550
-741
-380
-857
-571
-961
-449
-753
-51
-729
-320
-337
-122
29
24
36
44
62
-71
412
-129
800
459
892
491
714
607
732
558
864
832
714
1129
1019
1051
591
1003
945
977
439
791
359
701
568
743
421
404
588
423
251
156
14
-219
-55
62
-246
292
1
0
-618
-453
-315
-581
-453
-678
-379
-715
-324
-727
-408
-753
-777
-650
-824
-713
-748
-983
-595
-778
-594
-347
-926
-894
-1219
-796
-879
-433
-615
-433
-718
-554
-730
-804
-597
-791
-400
-432
-407
-422
-380
-548
-306
-195
-107
-67
-183
149
-172
-6
96
559
335
203
320
417
329
877
448
492
691
427
861
609
871
185
827
572
815
581
530
393
411
523
680
669
438
180
32
63
247
264
462
287
332
-28
-50
-230
-78
0
-83
165
-43
175
-104
-146
-201
-206
57
-65
-205
-179
-124
-360
-382
-484
-411
-282
-130
-409
-524
-550
-419
-330
-467
-548
-508
-445
-398
-605
-882
-792
-886
-405
-552
-474
-380
-667
-435
-442
-451
-574
-346
-320
-78
-166
-385
-144
-377
-222
154
254
0
489
406
444
253
-71
160
32
478
640
572
461
799
368
255
284
52
306
218
460
659
225
410
313
-8
124
84
158
172
214
283
390
-50
237
25
107
38
-142
422
257
335
298
279
256
297
191
144
294
-63
697
267
269
38
-55
354
162
132
143
241
46
-69
-29
108
-200
-154
-84
-75
-129
-218
-303
-491
-625
-528
-459
-658
-615
-862
-587
-620
-666
-527
-657
-927
-686
-693
-668
-670
-761
-516
-469
-457
-243
-459
-713
-412
-576
-457
-407
-300
19
-147
142
-134
-174
119
3
106
169
294
53
434
73
287
249
478
392
290
314
401
236
162
397
522
533
348
382
377
571
439
528
416
329
422
686
512
593
489
647
922
840
837
567
327
768
701
778
953
610
779
518
646
416
343
377
511
496
764
424
265
55
-162
-221
-283
-82
-60
-126
-195
-328
-621
-631
-996
-651
-738
-617
-795
-901
-1080
-981
-1109
-960
-1059
-975
-691
-972
-895
-1031
-937
-1154
-733
-872
-643
-1055
-1016
-779
-559
-529
-178
-381
-486
-561
-740
-449
-667
-606
-166
3
-41
-18
-191
-107
-213
-40
222
128
152
116
256
412
349
416
275
385
467
718
720
637
521
641
818
842
946
773
891
1014
1121
1289
1063
1276
1083
1285
1176
837
914
921
891
949
878
777
888
687
676
534
92
197
310
142
49
-206
-190
-197
-195
-261
-226
-450
-425
-609
-537
-663
-808
-691
-792
-606
-685
-752
-832
-880
-711
-529
-685
-651
-742
-1020
-855
-812
-839
-638
-741
-559
-656
-568
-545
-518
-574
-414
-531
-472
-482
-634
-398
-315
-151
-216
-51
24
30
-84
-178
-163
-32
235
265
418
413
227
359
476
627
456
475
519
586
710
841
937
555
813
953
962
892
1068
690
741
926
1045
1268
990
984
673
342
856
880
503
617
543
683
646
253
192
55
85
292
454
417
327
12
-164
-411
-429
-194
-124
-236
-255
-295
-390
-503
-422
-539
-558
-438
-356
-415
-559
-385
-567
-793
-926
-661
-895
-715
-680
-550
-661
-629
-497
-807
-952
-963
-962
-780
-371
-710
-571
-431
-70
-118
-463
-398
-365
-590
-227
-99
-146
203
262
525
350
191
240
116
236
638
578
734
547
716
636
730
535
647
682
985
1056
775
638
633
902
966
607
620
829
707
681
453
504
455
391
451
465
380
397
373
276
335
307
263
134
16
-148
-55
-19
-233
40
-115
53
-112
17
-205
-611
-468
-353
-357
-171
-362
-331
-354
-392
-169
-406
-443
-322
-427
-476
-574
-810
-521
-418
-332
-489
-551
-498
-477
-614
-377
-382
-614
-371
-345
-263
-436
-440
-207
-281
-214
92
-48
146
-17
243
166
159
308
405
286
180
53
65
325
342
668
575
410
573
327
435
241
326
574
493
638
739
521
572
653
484
673
421
270
280
15
170
309
281
474
468
378
173
-10
-49
-41
-215
-53
122
218
94
95
-258
-514
-412
-537
-632
-627
-402
-393
-383
-245
-191
-402
-500
-497
-1006
-1125
-934
-833
-590
-413
-117
-13
-61
-253
-224
-470
-606
-582
-473
-133
33
-60
96
-21
-2
188
88
309
191
180
129
-20
-46
259
253
522
335
340
325
169
288
560
452
570
642
317
318
125
60
77
258
625
735
833
947
690
426
583
377
402
469
400
542
594
660
674
486
495
616
322
364
332
212
273
341
272
30
-179
-225
-159
14
-105
-162
-209
-162
-217
-293
-536
-600
-368
-428
-476
-596
-635
-706
-672
-711
-767
-740
-599
-485
-694
-775
-778
-555
-477
-486
-429
-467
-415
-256
-113
-231
-147
-151
-12
79
29
-126
-163
-48
-112
-240
-90
53
60
184
277
266
80
1
92
141
121
303
365
272
293
288
153
136
290
511
634
670
573
581
438
288
394
283
545
583
597
765
723
666
667
390
169
103
10
280
265
532
616
424
215
238
17
38
96
-34
-53
-264
-513
-359
-298
-192
-185
-391
-123
-60
-150
-345
-523
-615
-511
-378
-255
-285
-341
-241
-117
49
24
-166
-339
-357
-499
-438
-205
-85
-6
-69
-26
-324
-350
-316
-212
-231
-90
52
76
197
134
-19
-215
-164
-260
-152
-141
132
216
327
481
529
420
357
131
-97
-11
-1
181
209
396
468
601
513
310
15
-70
-11
201
399
345
399
431
386
210
185
153
335
319
329
221
74
4
129
328
484
519
381
156
-44
-317
-368
-315
-209
52
240
305
214
12
-188
-288
-365
-355
-649
-821
-629
-408
-354
-278
-75
-153
-268
-221
-297
-639
-778
-591
-338
-390
-367
-283
-265
-287
-307
-212
-435
-535
-554
-538
-542
-473
-367
-244
-248
-287
-125
-155
-171
-143
-148
-91
-136
-84
130
177
142
209
151
100
98
73
151
150
224
526
572
543
534
490
429
466
518
521
544
542
612
625
674
731
704
702
587
576
585
612
615
623
618
673
616
546
452
367
389
306
227
200
128
75
21
20
66
-23
-139
-179
-199
-264
-295
-269
-232
-302
-353
-421
-411
-439
-411
-293
-336
-423
-417
-402
-397
-397
-459
-372
-452
-532
-397
-379
-445
-369
-405
-459
-412
-383
-389
-352
-380
-260
-239
-240
-197
-238
-160
-192
-191
-100
-1
-16
35
86
17
3
45
84
146
150
268
359
435
486
613
636
608
570
464
514
471
516
629
784
961
1008
965
865
794
734
712
607
592
588
639
704
707
735
665
601
447
330
272
154
78
71
85
116
139
141
38
-76
-147
-273
-347
-376
-468
-556
-604
-610
-577
-547
-527
-561
-631
-638
-734
-761
-743
-740
-670
-639
-558
-575
-642
-772
-850
-892
-857
-695
-643
-590
-595
-627
-637
-640
-589
-519
-442
-372
-277
-190
-143
-108
-82
-62
-24
-24
40
56
99
156
212
368
510
628
709
751
727
726
706
717
797
801
850
846
839
816
820
822
815
893
942
973
937
874
885
872
848
814
743
722
701
679
692
613
498
397
303
185
61
-2
-1
-47
-14
-6
-126
-167
-183
-252
-353
-399
-495
-511
-509
-551
-580
-647
-668
-725
-711
-711
-735
-740
-741
-775
-802
-763
-706
-677
-705
-719
-741
-757
-729
-746
-776
-842
-827
-745
-628
-585
-574
-480
-480
-445
-389
-383
-355
-343
-223
-141
-85
-4
32
70
70
99
86
113
147
199
294
380
474
514
548
547
588
577
577
585
596
642
683
712
763
773
737
733
675
690
686
659
655
632
631
631
585
582
526
496
417
338
290
177
123
62
31
13
-7
1
-100
-135
-210
-285
-303
-335
-353
-418
-436
-445
-436
-472
-454
-459
-479
-453
-468
-449
-485
-440
-387
-378
-382
-378
-378
-433
-427
-429
-398
-395
-371
-333
-317
-296
-273
-291
-330
-357
-335
-279
-225
-138
-119
-99
-105
-133
-147
-133
-108
-77
-54
-42
-29
-22
-18
-10
51
75
142
225
257
298
334
319
318
312
271
249
265
283
344
380
443
456
456
468
448
432
410
383
364
373
408
417
355
355
301
262
253
195
171
119
73
23
-21
-40
-84
-123
-132
-181
-184
-210
-242
-291
-310
-316
-330
-355
-404
-407
-400
-394
-377
-368
-343
-337
-329
-352
-363
-376
-374
-359
-390
-407
-408
-411
-419
-399
-375
-312
-264
-212
-194
-186
-201
-156
-146
-146
-110
-85
-56
-3
40
46
57
53
31
46
83
93
123
122
159
186
213
212
182
197
205
246
283
326
329
344
352
339
305
302
256
261
272
267
289
275
290
295
297
271
260
193
151
124
86
55
26
9
26
29
32
72
67
66
52
0
-51
-62
-57
-68
-40
-42
-71
-83
-60
-73
-67
-113
-185
-216
-226
-246
-259
-287
-320
-312
-293
-299
-294
-323
-312
-311
-307
-316
-336
-368
-402
-385
-392
-381
-356
-313
-284
-254
-259
-220
-198
-190
-182
-173
-142
-145
-107
-86
-85
-51
-78
-76
-44
-24
21
42
56
76
90
115
105
119
106
104
114
107
137
149
126
126
92
88
108
100
150
158
149
131
137
140
139
110
73
39
56
41
37
54
50
39
24
5
-14
-19
-28
-6
-6
-11
-3
2
5
-4
-35
-30
-27
-61
-72
-101
-114
-120
-140
-157
-160
-179
-205
-204
-197
-204
-206
-211
-251
-301
-329
-340
-346
-359
-355
-335
-316
-278
-254
-250
-271
-296
-278
-256
-257
-229
-210
-214
-207
-213
-182
-184
-202
-186
-145
-126
-103
-65
-31
-3
16
32
20
32
62
94
93
92
130
147
167
189
202
223
244
243
274
300
310
328
320
314
298
291
278
263
214
208
185
187
206
184
194
156
130
116
103
108
110
101
62
42
27
14
17
-19
-55
-92
-132
-149
-135
-133
-155
-163
-178
-182
-186
-197
-197
-196
-228
-244
-253
-277
-298
-318
-351
-379
-390
-391
-390
-375
-387
-406
-397
-357
-372
-361
-356
-357
-369
-403
-380
-380
-377
-356
-302
-277
-244
-221
-210
-178
-188
-164
-123
-88
-14
14
52
104
126
144
148
169
188
195
211
256
249
230
243
254
294
316
323
323
327
308
322
314
304
284
250
268
258
261
283
287
270
261
256
238
226
182
155
119
101
69
45
57
50
30
-17
-31
-68
-109
-140
-172
-183
-224
-229
-222
-229
-229
-251
-264
-281
-279
-291
-286
-306
-362
-388
-376
-359
-383
-363
-356
-359
-331
-321
-299
-280
-271
-287
-246
-233
-244
-199
-197
-175
-165
-146
-124
-113
-130
-109
-73
-34
6
44
71
93
110
114
128
139
164
193
212
232
247
210
228
238
223
235
233
239
221
226
234
235
249
246
234
231
224
196
185
181
157
143
138
108
112
91
59
44
29
-3
-18
-29
-48
-82
-106
-134
-148
-198
-221
-220
-270
-298
-315
-322
-322
-352
-350
-369
-389
-399
-427
-421
-436
-449
-438
-436
-411
-394
-393
-374
-370
-362
-342
-338
-320
-283
-266
-230
-211
-182
-145
-141
-126
-107
-82
-46
-17
5
62
91
110
136
137
182
177
194
236
257
284
314
336
331
327
323
342
338
345
346
343
334
331
331
322
331
313
306
291
292
254
207
172
130
123
77
47
26
3
-31
-56
-68
-71
-89
-131
-137
-159
-169
-177
-192
-214
-246
-275
-294
-276
-287
-305
-301
-338
-331
-328
-345
-358
-359
-371
-358
-331
-314
-283
-255
-258
-242
-226
-234
-233
-207
-189
-168
-146
-146
-107
-94
-68
-53
-47
-46
-39
-13
10
50
78
95
105
124
148
165
197
214
233
260
304
309
318
328
346
349
358
361
363
368
375
375
372
372
360
360
329
325
308
278
252
220
203
179
170
153
148
116
89
55
25
-10
-56
-87
-111
-136
-150
-152
-187
-201
-220
-244
-279
-298
-334
-347
-361
-380
-385
-384
-379
-402
-383
-403
-390
-389
-391
-354
-346
-328
-331
-316
-324
-300
-266
-238
-205
-198
-177
-157
-121
-98
-85
-52
-42
-28
0
23
53
84
123
147
161
188
209
210
252
259
268
288
279
308
327
340
361
343
365
397
383
381
394
373
366
346
341
367
340
340
318
302
269
242
235
212
184
163
126
109
101
70
81
44
11
-15
-44
-41
-41
-34
-36
-52
-57
-70
-60
-80
-98
-95
-126
-137
-151
-150
-129
-142
-144
-138
-152
-141
-146
-147
-154
-172
-181
-184
-171
-144
-129
-120
-118
-110
-100
-112
-104
-103
-118
-112
-111
-102
-71
-49
-40
-20
-20
-25
14
46
70
97
95
118
153
171
197
209
223
237
251
274
278
266
277
262
249
242
241
235
232
215
203
201
173
153
125
108
78
62
35
14
0
-31
-42
-45
-49
-73
-72
-85
-86
-84
-93
-102
-113
-107
-111
-101
-83
-85
-96
-65
-76
-71
-75
-82
-48
-61
-56
-16
-8
5
11
24
41
35
22
16
27
33
41
58
64
54
41
49
61
76
66
87
98
102
116
101
127
143
137
137
140
155
169
174
188
203
205
195
195
189
192
199
210
205
204
200
205
224
209
215
220
217
224
221
208
220
223
212
212
215
192
178
168
162
168
163
157
152
144
126
119
113
102
110
98
95
97
109
96
89
81
65
55
51
51
50
56
52
43
46
41
49
40
30
29
15
3
7
-1
-3
11
17
33
18
27
27
25
23
6
-1
-9
-13
-15
-6
2
-5
0
2
7
15
16
19
18
11
10
22
17
46
59
73
73
73
93
95
115
122
138
153
163
167
173
182
189
184
191
203
197
191
205
214
202
208
193
195
185
173
157
164
150
142
140
136
113
106
101
85
87
64
60
64
58
51
68
85
86
97
90
93
82
76
76
76
71
68
74
86
100
93
88
107
95
93
88
97
109
91
109
94
88
85
77
68
60
59
43
38
47
27
30
20
2
2
-11
-16
-3
-7
-3
9
27
43
63
62
44
29
26
26
27
38
61
81
90
91
94
79
78
67
58
59
53
57
46
50
36
44
50
37
40
46
45
76
62
57
77
68
73
65
47
50
54
44
52
69
83
77
84
90
83
75
65
88
78
67
79
74
83
91
64
48
21
-11
-15
-16
-30
-22
-36
-52
-39
-54
-50
-60
-56
-46
-41
-45
-82
-71
-75
-53
-22
-24
-13
-14
-14
-15
0
3
4
16
13
16
30
27
22
38
21
18
26
27
36
30
47
46
47
42
43
30
17
-6
-14
-3
-7
17
6
8
15
23
39
43
48
44
40
37
37
39
51
50
49
48
47
58
68
69
68
61
55
63
77
57
64
69
59
76
66
62
61
35
36
43
42
47
54
49
30
31
34
28
30
43
44
47
58
56
43
43
39
27
24
10
-6
-18
-15
-36
-14
-15
-23
-17
-21
-25
-26
-35
-37
-25
-14
-8
-4
-16
-19
-6
4
-8
-9
-1
-14
-13
-30
-34
-21
-24
-48
-48
-68
-86
-79
-67
-67
-74
-83
-104
-86
-105
-98
-88
-95
-96
-98
-84
-71
-50
-58
-49
-31
-49
-36
-22
-37
-8
-12
-30
-11
-32
-29
-17
-15
2
7
16
29
44
61
52
57
57
61
80
85
104
117
119
126
118
100
99
98
87
96
83
83
76
78
86
77
89
80
89
80
64
58
60
45
52
52
35
56
53
52
57
64
46
42
30
17
7
-3
-7
-15
-40
-65
-72
-68
-86
-88
-83
-90
-85
-101
-97
-86
-98
-88
-79
-71
-58
-39
-23
-13
12
3
26
56
49
55
54
62
74
60
66
82
82
76
89
91
78
71
76
81
84
78
85
86
85
90
80
77
64
54
41
36
41
21
17
12
-1
-20
-35
-51
-50
-60
-76
-77
-75
-74
-75
-80
-71
-69
-79
-86
-97
-112
-122
-132
-119
-122
-134
-127
-146
-151
-154
-156
-153
-152
-148
-144
-154
-139
-116
-112
-87
-78
-93
-74
-76
-71
-54
-59
-39
-22
-19
-27
-19
-15
-33
-31
-29
-15
14
3
4
22
30
40
51
48
63
57
50
65
82
81
83
100
82
104
104
93
99
95
98
112
128
132
131
124
130
129
134
110
100
96
69
76
70
54
52
16
0
-11
-16
-15
-16
-23
-38
-38
-43
-47
-53
-64
-75
-76
-97
-116
-120
-133
-126
-123
-128
-115
-111
-120
-160
-165
-161
-184
-186
-189
-191
-173
-171
-169
-146
-133
-112
-91
-72
-70
-40
-27
-9
9
18
23
43
51
72
90
93
116
98
93
86
89
99
111
110
106
126
124
122
108
112
100
101
98
82
75
55
54
32
16
14
18
42
49
46
65
60
39
38
12
20
29
25
27
32
11
10
7
-1
-9
-19
-27
-38
-40
-72
-62
-71
-108
-112
-128
-124
-135
-171
-177
-187
-213
-215
-230
-232
-237
-238
-240
-232
-225
-216
-206
-214
-216
-220
-208
-204
-202
-183
-186
-190
-167
-155
-131
-102
-87
-75
-46
-52
-32
-28
-32
-5
3
20
37
48
61
68
91
93
87
75
68
76
77
73
65
69
66
61
54
53
30
13
4
-7
-1
-16
-13
-8
-16
-25
-33
-49
-64
-75
-90
-91
-94
-92
-86
-88
-85
-91
-98
-107
-107
-120
-125
-122
-141
-118
-134
-148
-156
-191
-196
-194
-205
-211
-200
-228
-225
-231
-241
-234
-252
-253
-248
-249
-238
-234
-234
-221
-214
-234
-221
-203
-189
-177
-163
-153
-125
-108
-112
-83
-86
-82
-66
-69
-56
-53
-58
-44
-35
-25
5
12
32
52
60
77
88
83
80
99
116
140
147
166
166
154
142
125
109
89
67
59
75
55
56
31
14
19
-3
-26
-48
-56
-58
-74
-90
-101
-117
-125
-133
-137
-121
-127
-120
-142
-152
-129
-147
-148
-153
-170
-173
-171
-186
-186
-190
-195
-195
-188
-178
-180
-175
-187
-189
-187
-195
-204
-201
-209
-207
-200
-207
-199
-195
-198
-181
-170
-172
-164
-151
-147
-131
-109
-95
-64
-56
-25
1
15
32
43
68
91
100
100
114
113
109
122
123
128
151
156
165
163
166
181
188
189
194
191
181
182
187
181
172
162
147
141
130
126
118
95
90
94
59
45
32
11
-4
-13
-36
-48
-38
-35
-46
-52
-78
-98
-106
-131
-134
-151
-165
-185
-197
-195
-198
-196
-195
-211
-233
-249
-258
-274
-286
-280
-263
-234
-220
-235
-222
-213
-225
-219
-215
-214
-218
-201
-197
-181
-177
-176
-146
-140
-135
-138
-112
-113
-88
-81
-78
-37
-33
-33
-16
6
28
43
58
108
120
133
147
155
175
185
178
196
210
199
210
220
217
214
211
207
214
209
185
180
180
160
159
143
140
122
102
84
60
41
17
16
0
-10
-19
-34
-43
-46
-61
-70
-94
-110
-121
-120
-114
-130
-134
-142
-132
-149
-160
-158
-175
-176
-188
-200
-191
-195
-204
-193
-211
-197
-190
-200
-190
-193
-175
-174
-173
-157
-138
-132
-123
-87
-86
-77
-72
-76
-74
-47
-34
-48
-32
-14
-13
-1
-14
-16
-1
6
21
27
33
64
69
66
82
93
118
123
134
155
158
168
158
147
152
146
141
147
143
129
140
141
134
140
145
150
156
154
153
140
131
149
133
127
122
101
74
57
49
28
3
-7
-23
-41
-54
-75
-72
-67
-88
-86
-102
-118
-117
-121
-114
-119
-122
-128
-127
-130
-120
-107
-101
-102
-98
-100
-84
-83
-78
-63
-41
-25
-29
-17
-10
-20
-18
-11
0
10
22
31
46
61
67
53
44
40
19
25
31
34
40
45
61
42
52
54
59
58
48
46
43
31
35
44
48
45
49
60
76
91
88
106
88
89
94
72
59
55
45
49
58
31
46
40
10
12
6
-4
3
-1
-9
-16
-28
-42
-45
-58
-75
-81
-98
-97
-91
-97
-89
-93
-90
-103
-112
-124
-146
-164
-166
-161
-178
-171
-181
-189
-198
-200
-206
-201
-187
-189
-177
-177
-172
-166
-191
-189
-174
-172
-179
-185
-197
-200
-200
-184
-188
-174
-186
-190
-178
-187
-158
-157
-157
-149
-155
-158
-141
-154
-169
-170
-184
-195
-191
-176
-155
-152
-150
-136
-127
-130
-122
-120
-106
-96
-89
-64
-59
-29
-5
-10
15
-10
-20
-31
-46
-34
-46
-47
-41
-41
-45
-50
-65
-76
-91
-102
-115
-107
-100
-100
-99
-99
-107
-117
-142
-132
-125
-148
-159
-147
-134
-132
-127
-125
-126
-126
-145
-150
-162
-169
-185
-198
-197
-205
-205
-198
-208
-217
-228
-258
-263
-283
-277
-264
-276
-262
-270
-285
-291
-303
-285
-311
-301
-277
-290
-261
-238
-225
-212
-190
-191
-189
-169
-166
-166
-145
-140
-130
-108
-106
-79
-81
-95
-76
-51
-45
-40
-23
-10
7
21
32
53
61
56
68
74
67
79
65
66
70
79
91
96
105
83
80
85
86
95
93
72
76
76
53
56
39
26
18
6
0
-16
-26
-26
-26
-51
-61
-84
-115
-116
-136
-160
-149
-165
-186
-179
-196
-198
-195
-219
-240
-249
-278
-281
-279
-296
-287
-300
-315
-312
-316
-325
-335
-342
-347
-342
-329
-320
-304
-304
-307
-293
-276
-277
-273
-262
-249
-243
-223
-195
-175
-162
-148
-143
-144
-128
-117
-104
-94
-68
-40
-24
3
1
16
48
31
28
43
45
37
36
39
59
62
69
75
78
85
87
85
83
82
66
37
47
24
26
48
25
20
13
-11
-11
-22
-29
-29
-51
-66
-73
-86
-102
-93
-111
-119
-106
-103
-101
-91
-83
-80
-92
-110
-115
-130
-126
-145
-146
-151
-158
-140
-150
-143
-117
-127
-141
-129
-136
-106
-95
-83
-69
-74
-62
-55
-41
-42
-42
-51
-43
-42
-27
-12
19
29
47
71
70
83
93
90
106
102
103
130
134
151
146
139
131
112
108
113
94
112
120
107
110
100
107
85
56
68
43
41
35
27
30
16
7
3
-3
-19
-29
-34
-19
-23
-48
-46
-63
-69
-77
-94
-82
-105
-97
-93
-96
-86
-101
-114
-110
-101
-112
-118
-124
-123
-133
-129
-138
-135
-122
-140
-134
-125
-107
-111
-109
-88
-106
-101
-88
-106
-83
-84
-69
-59
-64
-50
-37
-19
-16
-3
14
21
28
26
45
69
76
94
106
125
147
152
157
165
157
169
169
168
184
181
162
177
170
158
168
150
154
144
127
124
120
104
112
105
98
85
76
78
61
41
20
8
-9
-21
-23
-8
-15
-17
-12
-32
-35
-59
-79
-79
-85
-93
-84
-82
-69
-91
-105
-94
-101
-93
-94
-79
-77
-77
-72
-79
-74
-68
-73
-70
-60
-52
-46
-42
-47
-54
-51
-55
-51
-14
-8
7
30
24
59
52
46
71
71
93
101
98
118
111
131
137
153
161
176
194
181
194
211
210
220
222
218
227
240
250
269
273
250
261
250
217
219
208
192
203
218
210
223
216
214
222
198
188
190
183
160
156
136
134
129
123
126
111
88
80
47
36
25
20
30
7
5
13
-3
-19
-26
-34
-29
-42
-49
-49
-45
-38
-17
-20
-17
-23
-20
-13
-5
-6
8
22
18
47
55
63
70
68
88
97
96
108
117
110
110
131
127
137
167
190
207
227
215
257
271
277
306
304
336
341
351
351
374
371
362
360
364
379
368
392
389
384
366
354
339
340
321
314
314
296
282
285
285
272
250
236
224
208
219
195
205
205
188
197
168
159
154
147
159
151
153
147
147
143
150
125
115
108
72
117
114
101
104
93
67
84
75
56
53
45
32
33
34
35
42
43
49
52
57
69
59
48
47
59
60
66
61
59
59
69
78
88
99
99
118
130
129
123
133
137
157
153
154
169
166
158
175
172
164
168
161
150
168
161
165
175
173
166
178
156
151
166
146
155
138
124
119
103
89
93
72
52
52
53
34
23
31
18
17
-1
-7
19
28
22
26
36
33
39
45
36
60
43
35
59
40
42
55
49
52
83
79
68
92
86
99
111
106
109
121
138
145
162
156
152
175
152
155
169
144
155
149
136
144
121
101
117
103
107
106
98
106
85
78
94
87
78
98
73
82
81
66
77
68
67
77
78
72
65
61
87
86
79
95
84
83
93
82
99
114
103
103
108
108
84
73
72
77
85
88
81
87
73
57
74
49
50
55
58
70
81
68
71
72
53
51
31
30
37
24
22
10
4
12
5
13
15
2
-1
5
-18
-15
-15
-17
-8
-4
-9
-11
0
-24
-32
-26
-39
-34
-42
-44
-37
-49
-51
-41
-36
-30
-17
-1
-3
10
-1
-27
-14
-19
-9
1
-11
-8
6
1
-10
-10
6
-10
-5
-2
8
17
21
20
26
32
30
34
49
60
75
82
66
84
92
97
105
119
135
129
123
107
89
84
72
71
76
77
89
92
68
73
79
69
78
79
88
77
73
72
66
61
65
57
52
48
45
45
39
44
37
18
1
-4
-1
15
6
-22
-8
-32
-57
-53
-85
-66
-67
-74
-74
-86
-76
-88
-96
-95
-116
-121
-116
-128
-117
-118
-112
-118
-120
-121
-136
-122
-119
-110
-124
-127
-98
-91
-97
-81
-68
-59
-57
-50
-35
-25
-22
-18
-17
-10
-6
-32
-2
20
15
32
39
59
82
85
80
86
83
81
101
98
106
123
118
119
122
99
116
125
106
123
123
144
144
134
149
138
116
103
102
94
88
69
57
50
43
15
-4
-1
-13
-29
-25
-40
-31
-40
-58
-54
-56
-62
-55
-47
-58
-61
-66
-74
-63
-68
-67
-86
-94
-102
-97
-112
-101
-70
-74
-45
-55
-49
-47
-61
-78
-83
-80
-73
-63
-51
-48
-55
-57
-47
-32
-14
-18
-20
0
6
9
-14
6
26
26
26
34
52
68
70
64
66
76
60
60
75
66
63
77
65
68
67
50
53
37
36
51
57
30
32
54
50
50
57
58
66
62
41
46
28
11
-4
-29
-30
-35
-45
-48
-42
-53
-62
-67
-74
-76
-79
-64
-50
-46
-39
-40
-50
-42
-51
-52
-68
-64
-70
-70
-68
-63
-67
-83
-74
-80
-64
-57
-50
-49
-56
-57
-46
-39
-37
-54
-53
-48
-38
-24
-25
-26
-26
-30
-27
-1
0
6
22
31
30
42
41
65
80
68
72
76
64
69
76
84
93
97
116
114
103
88
78
85
86
84
85
84
80
62
61
41
41
45
54
58
46
62
49
55
61
38
39
39
30
30
29
32
41
36
32
41
30
23
35
24
15
23
1
0
-5
-16
-20
-11
0
-4
-8
-19
-30
-35
-43
-42
-30
-25
-20
-26
-35
-28
-40
-10
-15
-18
9
8
33
36
15
27
34
17
35
28
15
17
19
39
22
9
10
21
13
5
-4
0
13
20
29
18
29
45
43
49
49
44
46
33
47
50
48
55
43
46
52
53
54
61
55
36
26
20
-3
-8
-6
-3
22
8
18
13
2
29
15
25
24
26
40
36
38
35
24
17
9
4
10
22
28
48
52
52
48
45
54
61
54
49
73
84
89
96
103
107
99
99
113
125
124
131
136
140
135
131
128
106
109
100
98
120
114
116
108
110
102
104
119
112
100
93
86
99
110
94
88
74
85
79
70
74
49
56
55
31
43
37
26
43
41
56
71
57
57
65
64
57
42
38
44
37
53
44
40
44
31
47
52
49
62
65
65
73
60
63
56
57
74
61
64
71
65
73
76
64
62
44
39
55
54
60
71
95
105
118
93
88
97
93
116
111
146
148
139
168
155
138
114
110
97
113
124
116
123
130
145
126
123
99
110
110
99
124
124
129
128
118
118
138
134
139
151
138
139
131
131
133
128
92
95
102
106
127
118
107
113
114
93
95
87
78
83
83
88
87
86
81
70
64
76
68
64
60
53
72
75
68
65
52
52
57
52
54
51
68
75
89
86
76
58
50
53
75
90
112
137
135
156
168
157
175
182
172
188
200
207
213
224
222
234
235
227
236
244
251
265
246
242
222
211
199
182
197
187
185
178
152
126
111
92
71
82
74
57
68
50
51
36
22
28
11
13
23
35
43
44
54
58
41
41
35
41
44
48
78
94
101
112
106
108
108
106
97
103
106
95
107
93
86
77
58
55
56
31
26
17
23
33
41
34
28
29
23
23
45
61
63
77
74
79
72
59
74
76
64
84
81
97
116
84
86
93
74
84
75
78
97
96
99
90
95
84
81
87
103
109
123
124
108
99
86
74
58
66
61
49
68
66
41
58
42
34
37
23
16
15
15
24
48
45
42
50
69
48
46
51
39
56
31
42
67
61
52
43
59
44
40
41
40
67
65
69
84
95
99
101
92
94
94
77
83
74
68
65
68
69
72
73
62
52
45
26
28
29
31
44
30
34
55
59
55
69
66
54
55
52
56
78
96
92
114
111
107
132
131
136
142
133
140
167
144
131
141
107
115
119
95
105
93
77
63
57
57
42
23
10
21
30
29
50
50
37
47
41
34
44
33
47
63
52
47
43
51
57
70
71
65
60
60
58
53
54
51
45
46
54
54
58
56
55
54
37
28
54
33
26
7
2
11
-15
-10
-10
-3
-5
-20
-11
-16
-14
-34
-35
-25
-30
-29
-38
-41
-27
-22
-22
-22
-12
0
6
12
16
9
21
21
3
27
25
29
54
50
60
62
35
35
51
51
62
55
50
52
64
72
76
83
73
69
81
69
74
78
50
55
46
25
38
51
58
78
75
74
68
63
63
62
56
27
26
9
3
-7
-14
13
0
-11
-11
-26
-20
-6
-9
5
4
18
33
9
7
-3
-35
-21
-24
-8
-10
-9
-12
-33
-31
-41
-37
-39
-40
-37
-25
-38
-54
-41
-36
-26
-47
-43
-53
-67
-46
-61
-53
-63
-80
-71
-76
-82
-76
-65
-54
-44
-69
-64
-49
-48
-31
-33
-16
7
9
12
14
26
22
26
32
27
36
43
54
55
60
90
91
96
101
103
108
98
103
103
104
87
71
76
64
63
49
44
38
41
29
2
9
10
2
-2
-7
-20
-41
-49
-50
-57
-47
-58
-65
-56
-81
-76
-56
-70
-68
-58
-54
-60
-59
-54
-62
-71
-72
-72
-73
-74
-68
-60
-56
-66
-68
-52
-75
-79
-71
-83
-64
-68
-75
-75
-73
-84
-104
-101
-100
-103
-102
-103
-107
-108
-115
-113
-97
-101
-97
-95
-118
-118
-121
-150
-164
-153
-145
-132
-137
-152
-133
-129
-122
-127
-146
-163
-155
-142
-129
-105
-107
-99
-93
-99
-101
-90
-82
-66
-83
-90
-96
-109
-98
-100
-96
-95
-91
-91
-85
-95
-91
-85
-93
-95
-87
-91
-83
-71
-82
-99
-119
-136
-132
-147
-161
-157
-150
-142
-121
-120
-105
-101
-106
-79
-78
-78
-51
-32
-39
-37
-46
-51
-46
-53
-43
-47
-41
-36
-46
-35
-40
-49
-30
-30
-37
-30
-43
-60
-48
-76
-77
-87
-111
-130
-147
-134
-140
-140
-147
-143
-139
-140
-149
-145
-140
-149
-163
-171
-171
-181
-178
-183
-161
-161
-159
-157
-164
-164
-160
-153
-145
-144
-155
-157
-168
-178
-176
-190
-195
-183
-183
-162
-159
-165
-150
-164
-155
-137
-133
-124
-114
-111
-100
-96
-109
-107
-116
-109
-120
-115
-115
-99
-103
-116
-108
-101
-99
-97
-94
-98
-103
-98
-103
-115
-115
-111
-117
-96
-88
-85
-68
-84
-71
-81
-94
-86
-92
-89
-93
-80
-92
-88
-74
-76
-58
-69
-77
-65
-73
-65
-44
-62
-45
-56
-73
-75
-76
-69
-78
-87
-80
-84
-91
-100
-100
-105
-120
-126
-128
-118
-113
-96
-91
-95
-108
-112
-111
-121
-114
-134
-136
-137
-157
-162
-175
-193
-188
-192
-185
-162
-156
-154
-155
-162
-165
-155
-144
-142
-140
-151
-159
-138
-138
-165
-173
-178
-184
-167
-170
-158
-161
-152
-140
-139
-148
-148
-161
-162
-163
-162
-169
-177
-179
-184
-181
-183
-196
-210
-208
-207
-206
-210
-187
-196
-189
-177
-192
-190
-187
-185
-176
-177
-166
-164
-171
-184
-187
-181
-178
-177
-169
-167
-151
-164
-169
-173
-200
-184
-177
-175
-156
-157
-125
-123
-126
-122
-125
-120
-124
-121
-106
-103
-98
-86
-98
-94
-119
-123
-124
-130
-135
-125
-139
-135
-130
-148
-139
-137
-149
-135
-122
-124
-125
-124
-120
-133
-148
-165
-164
-149
-148
-145
-145
-143
-145
-141
-136
-122
-122
-110
-98
-92
-66
-71
-62
-58
-50
-65
-95
-79
-88
-93
-83
-92
-104
-113
-137
-143
-149
-159
-141
-136
-122
-110
-108
-110
-132
-143
-143
-145
-136
-139
-146
-144
-139
-145
-149
-142
-161
-158
-147
-159
-135
-142
-137
-138
-144
-139
-139
-122
-125
-112
-105
-113
-115
-115
-120
-124
-143
-147
-124
-116
-124
-123
-134
-138
-147
-155
-144
-137
-141
-141
-134
-131
-126
-129
-133
-130
-117
-117
-113
-91
-95
-124
-103
-105
-114
-107
-110
-103
-96
-80
-39
-31
-14
-1
-6
9
-14
-26
-35
-39
-53
-67
-52
-50
-29
-17
-24
-18
-23
-33
-32
-39
-37
-29
-36
-31
-53
-39
-39
-41
-23
-31
-23
-35
-38
-34
-39
-42
-45
-56
-44
-41
-53
-51
-64
-60
-85
-99
-93
-112
-97
-106
-108
-95
-111
-116
-119
-138
-141
-151
-144
-134
-146
-149
-151
-166
-178
-190
-172
-161
-143
-134
-143
-133
-140
-147
-149
-154
-163
-152
-169
-160
-159
-167
-151
-160
-160
-153
-153
-155
-140
-145
-130
-132
-113
-103
-89
-81
-86
-99
-90
-87
-79
-68
-53
-47
-46
-39
-61
-55
-54
-58
-58
-67
-78
-55
-52
-64
-60
-76
-69
-58
-57
-61
-42
-62
-72
-56
-54
-52
-63
-86
-80
-76
-78
-79
-82
-89
-78
-72
-62
-74
-70
-51
-49
-32
-27
-21
-27
-43
-46
-38
-39
-40
-55
-53
-60
-58
-69
-69
-70
-69
-48
-49
-50
-52
-68
-73
-69
-81
-77
-78
-79
-70
-71
-67
-64
-78
-77
-85
-83
-75
-83
-82
-86
-96
-102
-107
-105
-87
-95
-82
-70
-78
-79
-87
-71
-62
-66
-59
-44
-43
-57
-58
-58
-63
-66
-58
-50
-39
-43
-40
-9
5
20
8
15
16
27
26
24
29
28
38
44
37
23
18
24
17
16
5
-6
-8
-12
3
-2
3
-4
5
2
-1
-2
-20
2
9
-3
-2
-21
-40
-33
-47
-39
-20
-18
-36
-41
-43
-67
-49
-39
-34
6
8
2
16
-1
7
14
-4
9
6
10
15
-1
-13
-10
3
4
0
13
14
18
21
19
13
5
-11
-7
-18
-16
12
0
4
13
-3
-1
-22
-35
-23
-27
-23
-42
-34
-27
-3
8
7
21
28
29
31
37
45
50
48
50
33
50
65
53
69
57
48
60
57
60
61
58
58
67
74
87
88
82
91
85
83
113
107
94
75
84
97
91
95
114
97
81
90
71
92
84
86
101
105
108
105
104
112
110
89
88
91
83
77
67
57
43
35
47
57
48
53
62
61
51
50
43
38
34
48
57
79
88
91
106
91
83
73
78
105
90
93
87
83
101
89
89
96
95
94
93
90
105
95
77
98
94
80
63
75
75
80
79
72
82
77
72
80
85
98
105
100
104
112
111
91
90
80
80
77
57
56
59
46
39
48
35
34
33
28
47
40
23
24
36
36
39
53
49
62
69
85
85
107
102
81
80
63
66
59
44
63
75
74
82
68
62
49
62
67
61
79
71
86
88
74
77
95
95
94
108
106
100
102
96
86
91
73
69
78
55
64
59
51
52
38
41
46
43
35
46
44
33
57
52
51
57
48
40
46
39
41
55
53
71
86
101
118
119
118
140
149
163
169
172
170
178
167
164
158
159
174
177
181
191
183
171
173
160
166
156
147
147
131
133
119
111
103
84
107
92
81
96
85
83
63
50
66
70
78
88
83
99
106
106
122
112
112
112
125
141
140
148
147
152
156
148
134
139
131
109
104
109
105
104
91
90
87
82
78
86
101
102
109
96
100
102
93
93
114
121
108
109
119
106
116
130
125
153
143
138
141
133
121
121
112
102
98
97
103
91
82
62
58
72
76
70
72
75
85
87
86
107
107
112
125
121
120
125
118
104
105
102
102
94
87
81
79
66
58
66
56
58
86
90
91
101
91
102
123
106
116
125
109
118
111
104
98
76
58
74
73
89
94
106
124
119
122
122
127
139
144
141
129
128
123
121
117
101
109
109
113
109
113
92
77
82
79
80
91
93
94
103
96
105
105
100
95
93
92
87
88
95
102
84
74
77
81
80
88
94
95
91
78
73
93
115
100
99
100
88
88
67
63
58
52
59
71
75
77
60
59
55
61
68
74
80
89
85
93
77
74
87
76
81
75
72
68
81
65
69
62
49
51
45
46
38
41
58
68
81
86
106
127
130
139
151
154
148
150
152
159
160
156
158
143
129
117
108
104
90
108
116
114
121
137
135
141
126
127
131
143
143
144
138
130
139
125
119
106
115
98
91
96
82
72
64
65
81
84
69
87
97
104
111
96
106
114
97
99
107
105
112
115
114
120
125
125
132
120
120
114
108
106
122
128
120
116
111
114
114
106
103
103
111
126
129
134
131
135
127
130
124
133
122
111
124
115
123
107
89
95
88
87
84
87
87
76
98
93
96
88
84
86
98
117
126
125
128
118
119
126
117
113
123
118
