-34
-51
-38
-7
-21
-24
-25
-23
-23
-39
-35
-30
-32
-44
-46
-44
-40
-64
-50
-37
-54
-42
-45
-47
-57
-59
-67
-51
-58
-53
-19
-27
-9
-6
-5
21
9
23
19
15
20
4
16
15
16
13
2
4
4
-10
-6
-11
-13
-14
-19
8
1
-1
0
6
28
37
53
75
72
70
75
68
85
71
88
86
87
83
72
73
73
61
52
59
47
53
44
34
32
36
31
46
39
34
45
37
48
26
37
33
18
26
16
28
34
35
34
29
40
32
40
47
33
44
37
26
40
26
19
10
-17
-16
-42
-53
-66
-74
-55
-64
-72
-64
-68
-64
-74
-65
-66
-66
-63
-73
-72
-76
-80
-71
-77
-78
-64
-35
-45
-48
-29
-28
-21
-18
-12
2
-19
-21
-10
-19
-18
-12
-11
5
11
15
22
15
8
4
13
2
-26
-13
-12
-6
-3
-1
4
3
6
-12
-5
-1
-9
-16
-16
-15
-24
-25
-31
-14
-33
-32
-22
-29
-39
-45
-44
-52
-41
-41
-28
-18
-18
-29
-30
-28
-30
-20
-9
2
7
17
24
24
19
13
-2
15
14
-1
26
5
3
18
15
10
26
21
38
53
31
43
41
40
39
58
47
33
38
30
30
35
33
31
57
33
28
55
45
48
46
41
41
40
29
36
34
21
20
20
34
22
27
28
23
29
10
14
21
8
5
5
19
8
29
37
36
44
37
55
49
43
45
46
48
33
35
16
19
12
10
25
10
14
18
-10
-17
-1
-14
-23
-23
-25
-35
-34
-27
-29
-33
-24
-30
-22
-28
-29
-25
-7
-4
-16
19
22
11
17
19
10
25
19
6
8
7
26
32
52
58
45
60
56
61
62
50
60
49
50
52
56
56
42
58
71
73
105
105
110
137
144
126
141
145
155
159
164
156
162
172
154
165
168
168
176
189
173
167
159
153
158
145
141
150
130
137
125
111
105
88
70
69
61
41
55
56
60
52
56
49
48
55
46
34
38
41
28
39
43
51
66
85
90
99
105
86
94
99
94
100
111
114
118
125
117
135
137
143
143
140
138
140
125
118
111
113
126
118
134
120
118
114
118
94
100
100
84
102
91
80
81
73
49
50
40
35
33
17
14
9
-7
3
10
27
21
23
38
34
26
38
33
35
31
28
45
43
65
71
73
76
96
99
91
107
102
105
102
80
101
104
88
85
87
93
79
76
89
81
90
89
96
107
82
76
89
72
64
57
58
63
46
49
53
55
63
60
43
67
56
56
66
48
53
51
55
39
23
32
24
27
37
34
40
51
33
42
59
64
76
69
76
65
64
64
61
72
76
58
56
49
28
39
19
29
38
31
59
67
54
57
58
44
58
68
71
71
82
70
59
65
68
71
77
106
123
105
98
110
111
105
110
102
90
79
79
67
49
24
27
36
17
27
10
12
22
14
14
21
20
15
24
28
31
29
24
12
29
27
36
56
46
56
45
53
62
61
58
67
73
95
93
97
128
113
122
107
109
122
114
120
107
113
123
115
113
108
108
91
85
95
69
68
62
40
40
36
19
21
15
11
-1
9
10
-18
-10
-28
-28
-34
-54
-34
-41
-34
-23
-32
-35
-17
-11
-5
7
-8
-1
-3
3
3
16
23
26
43
43
59
53
46
57
69
71
69
77
100
95
89
97
95
99
94
98
85
88
77
63
72
70
72
66
67
67
63
62
46
50
53
43
49
41
32
40
23
16
19
13
33
25
14
20
24
20
26
36
47
58
53
56
54
70
80
97
92
86
100
122
118
121
118
118
130
129
128
120
135
160
154
164
176
162
158
143
150
151
135
127
129
120
126
105
102
109
88
97
94
113
99
88
69
72
68
55
53
38
35
18
21
10
7
4
-10
-12
-2
-19
-22
-20
-15
-8
3
0
-1
18
22
26
19
26
22
29
28
15
26
29
5
10
11
3
5
-15
-4
-19
-29
-33
-49
-42
-43
-56
-45
-47
-61
-44
-58
-72
-67
-67
-65
-63
-59
-55
-69
-85
-91
-98
-119
-115
-126
-122
-112
-114
-125
-114
-109
-118
-102
-120
-111
-108
-95
-93
-89
-63
-57
-57
-54
-34
-34
-16
-28
-28
-13
-23
-1
23
23
19
49
31
33
18
1
19
18
23
39
33
29
35
35
35
23
37
50
35
60
74
65
81
79
79
95
96
110
132
125
121
140
132
106
104
105
111
105
102
109
84
80
71
61
69
52
39
48
34
33
37
4
20
26
20
20
25
27
39
39
30
29
16
19
30
19
2
-2
9
2
-16
-21
-25
-18
-11
-33
-19
-11
-9
-1
12
9
11
-2
10
22
11
10
18
28
22
32
17
4
16
5
2
-15
-16
-6
-16
-22
-43
-40
-54
-66
-48
-66
-69
-64
-83
-77
-98
-91
-80
-93
-86
-85
-69
-57
-39
-29
-20
-19
-26
-25
-29
-16
-13
-6
-23
-26
-23
-35
-31
-28
-19
-25
-31
-25
-27
-22
-18
-18
-6
-10
-12
-10
14
14
4
24
29
29
31
37
50
45
37
48
47
53
45
40
39
25
29
6
-1
6
-1
12
3
-11
-15
-10
-32
-20
-10
-24
-33
-20
-19
-20
-20
-17
-2
-21
-12
-1
-4
4
15
25
35
38
46
45
50
32
28
40
28
37
38
46
36
33
48
45
40
38
50
34
39
48
28
41
28
-2
5
-5
-5
11
9
8
5
10
17
3
-5
-17
-31
-34
-42
-52
-67
-62
-66
-74
-74
-88
-91
-94
-101
-87
-97
-92
-91
-99
-80
-88
-105
-108
-110
-117
-115
-122
-134
-143
-168
-155
-171
-174
-176
-196
-177
-195
-188
-188
-218
-208
-207
-199
-187
-191
-166
-174
-173
-155
-155
-148
-149
-141
-131
-133
-118
-122
-110
-92
-100
-80
-69
-79
-53
-58
-63
-60
-73
-74
-73
-71
-45
-48
-38
-51
-48
-51
-70
-42
-25
-29
-13
12
17
3
15
8
15
10
2
17
21
5
17
25
8
14
15
7
15
-2
16
15
4
17
28
24
26
34
37
38
21
32
53
46
41
45
51
56
55
59
62
64
57
53
72
72
50
59
48
32
21
-7
-39
-41
-51
-62
-52
-66
-92
-78
-77
-108
-87
-96
-94
-93
-94
-106
-114
-105
-119
-118
-122
-137
-123
-130
-137
-130
-121
-115
-116
-106
-84
-78
-76
-72
-87
-86
-70
-68
-69
-78
-107
-99
-80
-95
-60
-56
-63
-53
-65
-75
-77
-83
-83
-71
-81
-67
-70
-76
-110
-101
-92
-99
-84
-88
-76
-96
-111
-98
-72
-73
-61
-32
-32
-48
-54
-44
-39
-48
-65
-47
-50
-50
-45
-55
-41
-77
-71
-54
-46
-47
-64
-68
-78
-79
-72
-63
-42
-42
-52
-46
-54
-53
-59
-67
-66
-40
-32
-37
-32
-14
-8
-21
-14
-16
-35
-38
-32
-42
-25
-36
-29
-18
-32
-38
-32
-43
-24
-26
-43
-32
-38
-42
-44
-37
-7
9
6
5
14
24
32
30
26
18
12
-1
-1
1
-16
-21
-21
-7
-2
-4
20
18
-11
4
-1
-27
-23
-30
-44
-41
-29
-14
33
43
33
43
17
-7
-4
-7
10
0
11
50
48
20
24
10
19
19
6
-9
-79
-86
-110
-92
-61
-72
-53
-42
-51
-69
-90
-119
-155
-165
-176
-149
-156
-148
-113
-133
-161
-187
-216
-222
-241
-285
-282
-239
-191
-140
-123
-122
-152
-182
-198
-200
-185
-188
-140
-93
-95
-79
-66
-81
-105
-118
-76
-64
-40
3
-5
-23
-7
17
5
-23
-46
-21
-43
-50
0
-27
-48
-40
-31
-31
-32
-13
23
2
9
-2
-39
-40
-43
-100
-122
-107
-63
-23
-61
1
-56
-69
3
-46
-44
-28
-30
24
0
73
65
-6
46
4
-5
-7
31
43
11
-42
-9
-25
-29
0
-72
40
40
60
108
3
-80
-148
-116
-72
-125
-43
-28
0
1
63
15
-51
-109
-129
-108
-165
-29
-161
-133
-147
-105
-87
-88
-142
-124
-124
-175
-90
-209
-223
-164
-172
-163
-154
-205
-121
-155
-216
-229
-218
-206
-162
-214
-215
-205
-250
-156
-185
-237
-179
-219
-182
-205
-227
-242
-208
-179
-184
-288
-197
-271
-311
-250
-208
-182
-189
-166
-194
-179
-317
-249
-255
-222
-187
-205
-192
-154
-171
-173
-138
-170
-191
-216
-191
-101
-130
-80
-80
-120
-114
-124
-140
-162
-161
-122
-84
-55
-115
-132
-181
-128
-136
-104
-69
-105
-58
-64
-10
-27
-18
-101
-44
-156
-165
-119
-94
-61
-34
-33
8
-39
-95
-14
-119
-149
-144
-26
-13
-43
-81
1
-25
-27
-16
-36
0
-17
25
-28
20
15
-52
9
34
-34
-57
-12
-16
32
7
28
72
-1
37
24
-27
-50
114
-4
121
60
38
110
9
17
73
53
86
149
-2
54
62
47
88
122
79
131
53
3
32
-58
23
71
8
111
37
-30
13
-61
-94
28
-5
67
20
-5
67
-54
-8
-18
-60
-43
-15
-86
4
-58
-8
-27
-55
-76
-63
-43
-11
43
22
15
-3
-4
-77
-86
-64
-62
-16
-12
-27
34
-17
-62
-96
-67
-46
-66
-115
-61
-31
-31
17
-49
-10
-73
-55
-94
-53
-96
-51
-78
-41
-25
-20
17
-5
-104
-104
-119
-23
16
-7
78
21
132
62
65
24
35
37
92
19
125
122
103
152
116
84
-18
5
2
24
36
100
-8
127
-39
2
72
16
86
93
78
65
59
-66
-10
-79
34
142
46
70
45
-16
30
50
-40
41
-7
38
89
-38
10
-18
-5
11
-9
27
16
51
49
86
25
-41
-59
-87
-103
-82
-25
66
66
75
92
-12
-84
-86
-90
-11
29
60
117
41
63
39
-111
-64
-55
31
1
7
11
36
56
39
84
-55
-57
-13
-35
29
-65
62
-18
-4
-66
-74
-63
-74
-99
-104
-33
-63
0
-36
-100
-57
-48
0
10
-10
37
-3
-8
-78
-138
-121
25
57
37
130
52
129
93
97
8
56
152
148
73
73
135
103
213
142
149
152
92
148
33
6
40
66
84
145
123
138
102
-52
137
53
12
-6
-14
45
146
124
121
-9
-50
30
21
-37
-102
42
137
173
117
68
63
40
110
57
23
32
116
51
69
48
110
140
68
45
-58
-54
45
60
49
59
156
151
83
5
-52
18
96
150
67
194
32
145
135
130
158
77
92
-5
-71
102
168
54
155
95
55
46
-4
73
-23
46
148
135
172
192
120
112
143
15
90
75
236
151
97
172
249
124
190
155
-30
46
-8
234
240
186
137
89
103
144
29
16
47
30
246
205
199
119
108
132
115
145
46
162
83
174
75
61
76
105
178
149
130
-10
95
-13
66
88
99
192
146
170
154
55
-29
129
223
145
83
5
83
-32
39
120
5
-2
62
56
18
98
31
37
26
71
-30
19
59
12
17
32
162
53
49
-30
-123
56
19
-2
209
49
-45
163
3
-96
-13
-22
-74
-18
169
35
-69
-11
68
-14
-95
-18
-124
20
9
51
11
-94
-36
125
-64
5
-116
9
-34
-67
-4
-47
-2
14
50
-178
69
-50
189
-25
87
81
-80
83
47
152
-21
136
73
-11
84
63
43
219
86
133
146
190
123
37
-72
138
203
206
280
51
164
149
143
265
142
122
181
154
113
87
155
209
108
98
223
247
191
174
43
86
49
42
128
78
11
74
124
214
75
86
-57
39
93
1
97
-59
57
148
3
53
91
-14
203
52
-18
230
27
16
142
-100
189
112
224
196
132
179
177
77
22
103
-17
323
99
173
80
179
-8
75
159
104
198
47
139
-32
159
-125
123
74
19
109
102
205
145
-69
18
30
-54
8
74
-148
-11
-47
127
128
-264
55
-51
76
-52
58
99
91
100
-21
-37
-292
-78
-158
44
141
127
227
-60
62
-153
-12
27
1
78
10
122
3
-29
116
-39
52
181
206
139
95
-8
-3
123
294
413
-91
134
55
132
228
155
168
179
128
184
77
22
33
-81
166
-96
48
311
169
58
253
72
-36
108
-125
27
-54
133
303
192
180
119
-51
141
-15
-63
250
205
152
129
169
204
32
-27
182
-52
125
45
239
195
-42
138
67
135
-39
145
19
99
-65
193
-4
4
115
186
-1
61
-12
-33
130
-72
21
-289
161
107
140
-20
254
-48
170
-19
-140
-186
-193
260
41
123
60
48
-46
-18
-285
-114
22
224
233
-131
46
-232
-250
-26
-83
-100
-47
207
-294
-115
-209
9
80
-50
63
20
-42
-60
-104
-314
-6
-274
124
16
83
52
-231
-185
-108
18
-31
-121
-44
-33
46
315
233
-324
-40
3
-5
215
-216
185
-25
228
110
68
-26
141
-3
-65
175
-6
366
164
77
-6
80
247
-51
59
-279
-200
253
-96
224
99
75
511
173
-42
39
-312
-59
-27
-174
312
62
-39
428
14
239
-143
-42
34
-38
114
116
250
146
190
-16
117
-289
11
96
170
395
160
202
211
87
-188
-50
32
162
117
229
127
-114
193
145
44
-26
-169
-62
-204
126
9
-12
82
159
-23
31
-196
11
129
-29
125
147
243
-38
-267
13
27
-96
131
57
11
-105
-173
47
-3
-234
-12
276
93
-77
155
283
-70
-125
-20
12
-68
116
102
123
49
178
129
-91
-73
-142
-141
113
211
47
-122
29
-123
88
-312
99
-12
-213
156
45
122
125
-165
27
-56
-128
-162
57
27
148
178
153
93
-230
-9
-301
40
79
-46
55
172
-85
-137
-21
-201
122
69
132
152
-70
78
108
-240
-21
-218
-92
-33
116
231
133
79
167
150
4
-196
-274
-108
289
370
152
282
35
-42
-47
199
-212
47
40
412
156
9
277
-207
-37
-31
121
-69
343
54
198
241
280
273
-100
-155
-10
88
48
-28
137
-115
-131
137
111
177
16
71
170
-105
-196
-97
-439
1
91
188
247
194
-29
-18
-236
10
-390
-144
383
207
95
-267
-72
150
155
-145
-202
-189
200
82
-68
-323
-165
-160
187
322
117
-247
195
-183
82
-200
1
257
-333
230
241
-91
63
70
-51
304
-97
-40
37
-89
-55
-99
-171
428
-179
-178
-19
-21
29
-66
-30
-352
-421
-218
77
-41
-49
-94
116
73
-196
-81
-319
-344
-134
-99
15
-251
-199
-10
-207
-22
-166
-54
14
-130
321
-179
-266
-100
-216
-247
-53
-50
85
145
86
223
-362
-337
-64
-132
191
357
199
-31
-63
186
-72
-69
34
-97
-17
68
51
16
117
-109
171
-45
356
12
-257
132
207
-95
13
-77
-115
14
-11
161
126
151
-195
137
-90
-211
-74
-130
13
-106
323
-73
433
-444
34
-357
-338
252
-424
94
244
272
-344
-18
-255
-268
-369
-40
32
57
292
355
-121
-168
-248
145
-24
122
-132
-92
139
0
-88
-43
-48
125
-28
-59
-184
-125
-77
-173
-69
-33
-319
-124
39
-453
74
-402
-85
236
-79
194
-304
-219
233
-445
-428
-141
-320
98
224
-189
85
-314
-80
-186
-753
-117
-329
104
200
-372
-307
-294
-43
71
-78
-16
-108
-598
-254
-329
-609
80
46
317
153
-81
36
-195
-269
-124
-417
-188
-122
370
-199
-234
148
27
94
82
-41
-605
-164
-357
-159
125
-58
103
-276
-28
207
-172
-283
-12
-174
-100
188
94
-47
38
-204
-3
-319
-15
103
109
65
-34
-119
57
22
-448
-204
-292
-152
88
354
-62
-183
-171
-53
-43
-13
271
-64
-104
-142
-63
-155
23
-262
127
90
240
254
-153
153
-208
422
-140
-208
-254
-271
120
102
-150
-96
340
-4
169
-203
-252
-276
-523
58
241
131
-135
-56
-255
-241
-297
-284
-308
-100
77
472
-463
-239
9
-773
121
-150
-161
-374
-134
-306
-86
-325
294
149
-289
94
-392
-359
-363
-181
25
348
-136
15
-39
-310
-79
-181
-351
-503
207
55
91
-296
-91
-153
52
188
56
-702
-575
191
-207
-34
-133
-109
-144
-109
76
-380
-308
85
-316
-8
-268
-288
187
-139
-333
187
-612
-312
-181
-484
373
-202
-26
66
-245
503
-138
-411
-620
24
-797
73
369
-293
95
-179
554
-318
-252
-72
-50
-355
167
354
-78
140
176
-212
-152
-76
299
-206
281
-52
296
86
-109
61
-318
-188
-15
-49
-177
436
-19
-86
-215
-255
-398
24
-289
395
-168
48
24
-63
-105
80
-406
-171
-243
82
155
-209
148
-170
-44
-197
-28
-264
-508
-455
98
55
453
463
239
-786
-318
-150
-247
-151
-250
1
215
667
-94
-382
-114
73
5
88
-271
-516
-194
-139
138
104
27
330
270
87
-323
-368
-166
-345
-160
-335
-187
-359
155
217
63
-5
-241
-278
-82
-330
-260
28
-295
325
212
-338
-306
-460
-226
248
-561
93
-184
-215
241
-122
-32
-90
-197
376
-148
-1009
-213
-767
98
324
195
-67
132
0
310
-799
-774
-141
-334
617
285
543
-129
294
68
-224
-923
-459
-185
16
331
-82
524
-262
256
-165
-440
-262
-31
-223
216
-176
323
274
703
86
-133
-104
-265
-307
-562
214
-59
225
446
222
117
-215
13
-327
-194
-479
-35
160
-85
240
-241
367
-8
-131
352
-66
-359
102
422
-161
111
-200
-27
-213
-255
392
-160
-216
44
66
215
326
-719
-159
-177
-238
135
146
425
168
24
-23
-149
-554
-167
-35
339
320
421
-11
351
195
-396
-225
-371
-462
123
-116
5
-274
-228
483
228
-309
58
-554
-341
215
-376
206
132
357
276
-177
-403
-147
-210
-213
254
46
562
123
-266
-127
53
-291
346
119
-122
300
-2
78
-341
129
48
238
-134
-28
-348
-160
-121
-163
331
324
-166
80
-166
-428
-326
141
250
142
-286
-12
-805
-168
-43
-148
728
42
228
103
-44
-555
-468
-342
480
59
418
536
-124
354
-111
0
-106
-370
-128
48
39
270
36
321
509
-154
-102
-188
-300
-144
342
286
97
-67
158
-27
263
107
189
-319
-37
215
40
-70
181
-414
28
-4
33
337
-51
55
206
335
151
83
-409
-113
-317
280
309
319
12
-341
-154
-28
324
-1
-178
347
222
-69
219
-208
-574
190
40
441
-28
-114
-78
-207
240
22
-112
-56
300
4
16
83
79
-181
65
-192
-59
-169
-2
-49
306
-9
120
28
-94
-111
-271
-34
71
67
192
393
-282
169
-86
-207
-101
-38
321
-1
191
41
106
-214
-104
136
120
-119
-53
-59
107
527
265
-54
-200
-64
-20
83
-129
-39
-244
94
390
56
-154
-376
-184
231
412
121
126
194
-40
19
50
-89
-65
-490
175
280
300
85
79
-303
238
104
41
323
-51
103
44
328
-67
-141
-177
168
-9
-98
66
-3
55
173
182
-93
135
4
-80
-76
-225
384
460
190
362
-271
-170
244
201
152
233
140
668
287
-153
-89
-282
179
134
323
347
374
130
-377
-219
-63
-248
70
223
298
106
134
-200
13
-121
142
411
11
310
122
-135
-324
-205
-82
469
135
419
89
-91
-54
-154
-426
118
102
313
352
101
71
-37
30
56
151
-23
-12
9
56
137
190
132
170
544
658
121
-44
-324
-197
-192
-84
248
247
129
426
557
305
24
-255
-205
-314
-109
473
53
169
179
317
426
-190
-121
-246
-217
283
-25
91
282
139
227
28
236
-153
-238
-139
11
-74
327
301
244
132
-214
-62
-274
-151
34
-45
87
-77
45
203
97
215
12
-53
131
-73
-12
28
-201
16
-111
197
187
93
-101
-95
-175
-136
-152
-202
-150
221
562
136
109
19
-344
-192
-292
-51
-7
56
431
296
-61
-59
-70
155
458
205
155
-22
-234
-207
-100
283
384
88
458
350
170
157
43
148
297
333
447
282
-66
-25
-59
249
311
158
165
165
50
-2
-65
207
213
176
232
101
266
170
186
275
1
-20
-40
161
93
112
186
176
212
221
104
-175
-176
-166
65
-95
116
-61
-10
127
17
-50
-115
35
-141
47
17
4
-144
83
-47
20
-40
-137
-46
-377
-291
-82
-7
307
361
259
513
470
327
245
62
140
-17
-891
-101
-237
-152
560
726
751
665
524
475
91
-132
395
483
694
842
513
527
382
360
559
603
665
567
523
492
442
357
385
366
242
147
-137
-60
-104
-163
-136
-214
-202
-196
-96
-207
-321
-354
-227
-294
-350
-405
-492
-458
-370
-333
-463
-541
-564
-584
-729
-721
-756
-701
-675
-466
-361
-366
-424
-486
-419
-425
-311
-133
-83
18
166
282
263
345
339
500
655
652
788
810
689
769
785
953
1167
1271
1469
1457
1513
1660
1614
1594
1762
1843
1998
2079
2082
2282
2344
2467
2634
2689
2834
2676
2409
1897
1042
83
-857
-1751
-2448
-3006
-3454
-3522
-3527
-3217
-2844
-2285
-1625
-919
-400
-107
82
131
157
76
-12
-99
-155
-198
-211
-179
-141
-60
-151
-388
-593
-937
-1168
-1395
-1933
-2286
-2632
-2994
-3088
-3444
-3348
-2986
-2669
-2038
-1709
-1425
-738
-393
10
348
568
924
1037
1065
1175
1054
1180
1242
1181
1204
1249
1654
2062
2408
3007
3450
3920
4461
4948
5509
6154
6754
6962
7014
6895
6248
4801
2273
-380
-2676
-4656
-6028
-7299
-7932
-7535
-6939
-6054
-5152
-3973
-2093
-642
511
1332
1523
1895
2040
1834
1872
1926
2232
2517
2323
2373
2707
3036
3140
2628
1755
662
-803
-2515
-4115
-5386
-6318
-6936
-7489
-7381
-6726
-5547
-3907
-2296
-718
787
2020
2869
3397
3761
4097
4074
3834
3342
2675
2232
1782
1211
363
-570
-1579
-2520
-3147
-3833
-4441
-4940
-5298
-5490
-5597
-5265
-4370
-3224
-1850
-507
477
1363
2051
2606
3000
3171
3394
3568
3524
3679
3912
4390
4951
5301
5556
5699
5802
5814
5899
5943
5807
5533
4859
3673
2007
-876
-3974
-6271
-8239
-8975
-9268
-9116
-7562
-6093
-4214
-2152
-681
1465
3120
3863
4537
4238
3913
3927
3272
2940
2683
2360
2328
1744
1084
849
511
-53
-1070
-2549
-4047
-5543
-7096
-8068
-8482
-8418
-7576
-6574
-5154
-3036
-941
1356
3313
4616
5666
6177
6224
6008
5534
5043
4499
3269
2252
1244
303
38
-834
-1691
-2295
-3613
-4527
-5693
-6900
-7263
-7739
-7411
-6685
-5881
-3989
-2051
-263
1580
2720
3633
4141
4050
4017
3670
3395
3276
2874
2743
2687
2677
2857
3046
3192
3480
3737
3838
3796
3882
4129
4176
4112
3928
3464
2417
314
-2787
-5110
-6611
-7508
-7457
-7406
-6380
-4630
-3356
-1620
-360
1166
3151
3876
4208
4152
3455
3567
3247
2594
2533
2171
2069
1484
535
208
-45
-594
-1600
-2921
-4202
-5252
-6127
-6772
-6516
-5847
-4853
-3535
-2234
-358
1621
3300
4742
5402
5696
5749
5244
4711
4056
3420
2528
1354
450
-100
-836
-1927
-3225
-4429
-5083
-5880
-7105
-7821
-8069
-7465
-6424
-5496
-3899
-2095
-33
1848
2678
3130
3320
3081
2564
1645
977
842
644
344
69
208
507
612
490
285
309
321
571
974
1616
2742
3761
4898
6181
7285
8347
8495
8109
6685
2716
-1377
-4826
-8064
-9097
-9764
-9725
-7495
-5374
-2456
75
1898
4768
6169
6533
6546
4759
3753
3393
2154
1790
1657
1923
2461
1961
1360
1116
514
-745
-2767
-5212
-7158
-8598
-10102
-10066
-8891
-7278
-4690
-2452
-14
2748
4573
6022
6418
5774
4987
3492
2016
731
-309
-986
-1240
-1124
-1190
-627
-744
-2194
-3279
-5685
-7517
-8761
-10327
-9481
-8583
-6551
-3430
-1603
1309
3194
4049
5262
4680
4094
3260
1847
1460
745
696
1404
1473
1949
2182
2070
1853
1203
522
-5
-576
-764
-531
-91
1252
3045
4785
7130
8723
10125
10820
9915
8827
6546
2462
-2529
-6848
-9872
-11360
-10681
-9716
-7192
-3494
-749
1923
2970
3698
4551
3367
2549
1343
-297
460
561
1103
2684
3374
4243
3664
1879
249
-1937
-4310
-6871
-9248
-10461
-10489
-9713
-7934
-4729
-1442
1327
3708
4592
5288
5325
3945
2916
1465
-60
-667
-1890
-1258
799
1694
3687
3643
2025
973
-2130
-4643
-7092
-9222
-8918
-9133
-8080
-5389
-3294
-97
2243
3107
4129
3506
2755
1625
328
374
379
701
1453
2032
2911
3734
3644
3320
2805
1546
590
-152
-955
-347
233
1148
2630
3790
5923
7254
8030
8396
7133
5934
3387
-2367
-7153
-9892
-12267
-11132
-9416
-7382
-2553
951
4077
6082
6003
6974
6055
3744
2850
346
-365
643
79
1226
2404
2588
2371
659
-1376
-3199
-5133
-6981
-8116
-8379
-7376
-5477
-3728
-676
2571
4012
5332
5265
3983
3302
1278
-521
-1449
-2716
-2679
-2247
-2121
-834
790
1700
2758
2450
1020
-261
-2575
-3987
-5199
-7282
-6772
-6209
-6116
-3687
-2682
-1683
-301
-296
401
-536
-918
-61
-846
-338
374
526
1862
2477
3156
3882
3648
3762
2871
1767
1020
-176
-406
-287
173
1638
3201
5198
7698
9430
10660
11036
9576
7367
4507
599
-5531
-10731
-12983
-14459
-12169
-8757
-5571
-204
3233
5690
6972
5860
6273
5033
3077
2876
689
825
2122
1591
2638
2637
1572
19
-3152
-5741
-7750
-8978
-9203
-8807
-7086
-4471
-1542
877
3756
5888
5707
5194
3409
1254
-118
-1928
-2963
-2987
-2947
-2446
-1738
-1128
1026
2497
3224
3838
2058
1018
-633
-2508
-2373
-3794
-4132
-3718
-4824
-4079
-4187
-4253
-3255
-3962
-2824
-2772
-3369
-1908
-1607
-275
985
1174
2232
2418
2696
3081
2833
3063
2687
2075
1107
32
-191
-556
45
913
2128
4103
5987
8145
9481
10717
10680
8813
6735
3485
824
-3720
-9962
-11206
-12517
-11285
-6403
-4923
136
4214
5037
7123
5029
4447
4945
2278
2717
1911
1024
3299
2818
2664
2958
1529
-409
-3338
-6268
-8143
-8523
-8757
-7845
-5456
-3414
-509
1069
1975
3817
2863
1640
464
-1734
-1988
-2364
-2482
-1663
-1045
-285
-161
1081
1620
2072
3121
1579
1523
719
-896
-510
-1652
-1646
-2409
-4426
-4538
-6080
-6308
-5338
-6028
-4934
-3660
-2934
-1755
-930
608
1937
2953
3691
3953
4289
4447
4313
3670
3207
2155
926
-136
-1282
-1573
-1410
-707
699
2560
4895
7318
9451
10936
10748
10179
7985
5333
3066
257
-3881
-9754
-10905
-11654
-10822
-6033
-4139
20
3679
3814
4748
2817
2234
3064
1066
2233
2130
1486
3663
3337
3016
2869
1161
-1269
-4524
-7176
-8528
-8426
-7676
-6122
-3759
-1942
160
844
1173
2237
787
-612
-1510
-2901
-2504
-1888
-1330
-94
907
1225
994
1049
-377
-992
233
133
2153
2792
2136
2863
1320
1031
-887
-4338
-5038
-7287
-8243
-7175
-7530
-5410
-3144
-1435
346
290
1300
1594
1188
2454
3523
4990
6289
6453
6436
5043
3206
1288
-1373
-2813
-4073
-4756
-3115
-1454
1648
6375
9098
11972
13973
13288
12748
10417
7187
4608
-146
-7701
-12987
-14633
-14452
-10270
-6565
-2956
1704
2534
2511
997
-1512
-18
109
379
3194
3540
6182
8696
7783
7226
4941
1000
-3391
-8384
-10897
-10314
-9327
-7374
-4429
-2569
-639
159
-940
-270
-721
-2508
-2582
-2780
-1497
956
2130
3314
4138
3283
1701
59
-1706
-2652
-2299
-1549
142
1964
2786
4027
3536
2394
1109
-2726
-6038
-8917
-10820
-9746
-8233
-5643
-1905
790
2797
2660
1671
1135
59
-30
922
2640
4867
6934
7981
7280
5537
2463
-1436
-4720
-7038
-7410
-6360
-3575
612
4196
8228
11004
12200
12715
12160
10424
8425
6983
5190
3066
1475
-2397
-8418
-10378
-11897
-11905
-9269
-7771
-4565
-1913
-814
345
-339
537
3052
3764
5988
7466
7169
7941
7189
4961
3058
791
-1852
-4933
-8076
-8904
-8425
-8028
-6358
-4800
-3981
-3299
-3907
-4080
-2710
-1595
-384
1141
2610
3807
4168
4799
5139
4216
2493
351
-1613
-2234
-1065
147
1531
2852
2917
1378
-1121
-3818
-5986
-7233
-8141
-8787
-8313
-6240
-3785
-1664
287
2053
2381
1390
38
-705
205
2179
4393
6475
7931
8066
6490
3769
581
-2308
-4316
-5810
-5790
-4302
-1487
2153
4689
7207
9128
9802
10467
10343
10122
10359
9816
8840
6603
3892
-1451
-9769
-13482
-15204
-14857
-11307
-8810
-4358
-774
186
402
-1707
-1771
242
1426
4619
7261
8967
11070
10677
8532
5475
2299
-1010
-5304
-8757
-9330
-8174
-6978
-5250
-3825
-3518
-4278
-6403
-7274
-6572
-5290
-2624
-181
2516
4758
5500
6245
5347
3941
2362
-1400
-2588
-1526
-324
2961
4423
4625
3940
863
-1956
-6009
-8365
-7648
-8530
-8470
-7319
-6122
-3504
-2003
-156
1209
857
1081
-303
-1072
770
2772
5656
7683
8425
8738
6660
3892
998
-2086
-3756
-5140
-5493
-4134
-1724
1663
4214
5785
7205
7967
8453
9234
10225
11484
12549
12777
11428
8072
4366
-2511
-11088
-14304
-15127
-13419
-9046
-6104
-1915
438
-789
-2255
-6148
-6512
-3410
-469
5526
9674
12074
14389
12070
8434
4017
-531
-3064
-6896
-8759
-7207
-5772
-3879
-3155
-3655
-4722
-8100
-11140
-11927
-10712
-7443
-3131
1023
4513
6115
5994
5153
3539
1933
654
276
2079
4636
6721
8239
7411
4859
1674
-2762
-7003
-9377
-9129
-7292
-6559
-5855
-5265
-5260
-4969
-5121
-4695
-2739
-915
596
1535
2803
5246
6971
8276
9056
8062
6518
3974
639
-1669
-3071
-3131
-2893
-2940
-1568
-672
300
1721
2379
4191
5768
7171
9374
10645
11535
11818
10903
9818
6567
2866
-756
-7699
-11384
-11318
-10459
-7296
-5089
-3869
-2238
-3756
-5812
-7986
-9638
-5809
-805
4844
10903
12436
12820
10928
5960
2571
-491
-1435
-695
-1884
-1168
269
-620
-1665
-4515
-7718
-10034
-13255
-13628
-11259
-8181
-3584
213
2521
3573
2841
1888
1134
665
2394
4866
7612
10133
10464
8985
6292
2452
-1564
-4475
-5846
-5811
-4873
-3664
-3946
-6021
-8846
-11207
-12289
-11212
-7957
-3356
1094
4098
5166
4993
4352
4284
4962
6004
7134
7476
6883
5203
2661
569
-1102
-2401
-2782
-2254
-986
622
2103
3511
4356
5167
5739
5912
6324
7466
8546
9299
9288
7730
5846
2535
-4011
-8480
-9338
-7967
-5124
-3455
-2437
-1884
-3393
-5813
-8300
-9929
-7347
-2391
2617
7090
8821
8852
7439
3430
370
-314
277
1798
2154
2441
3600
1967
-1108
-4207
-7917
-10415
-12505
-12981
-10605
-8025
-5306
-2801
-2552
-2761
-2584
-3068
-2747
-259
3665
8107
11203
11956
10374
6541
3534
635
-1669
-1099
636
1598
2393
1916
-1525
-6706
-12279
-16146
-16653
-13510
-7250
-957
3220
5417
4768
1482
-1618
-2988
-1457
2661
7485
11710
13361
11512
7476
2461
-1669
-3288
-2527
-189
3147
5652
7056
7367
6339
4821
3116
2086
2559
5093
6975
8642
8967
6937
2818
-4406
-9518
-9966
-7667
-3591
-137
1080
1348
-843
-5083
-8578
-10477
-7888
-2057
2962
7237
8740
7519
4635
-386
-3930
-3564
-1622
1274
3986
5552
6360
3960
-442
-4148
-7439
-9362
-9637
-8728
-6461
-4433
-3575
-4055
-5924
-7458
-7611
-7242
-4922
-1067
2765
6864
9144
8902
6924
4449
2126
1102
1858
3612
4931
4674
3819
2123
-1039
-4580
-7660
-9979
-10804
-9687
-7110
-4169
-2136
-1048
-1375
-2517
-2998
-2610
-767
2289
5222
7802
8974
8462
6416
4015
2100
1674
2465
3614
5397
6322
6751
7123
7281
6757
5262
4001
3768
4285
4480
4506
3572
2144
-1942
-7559
-9249
-7586
-4088
-1265
-565
-1427
-3178
-5497
-7027
-7433
-5561
-724
3919
6791
7436
5917
3942
933
-2171
-2506
-453
1850
3308
3458
3394
2314
-736
-3317
-4781
-5571
-5521
-5606
-5349
-4946
-5742
-6922
-7570
-8402
-7931
-6441
-5124
-2270
446
2834
4507
4562
4228
3839
3677
4327
4723
5354
6338
5633
3846
2505
1321
229
-1562
-3648
-5474
-7177
-8051
-7284
-6184
-5586
-4615
-3928
-3483
-2960
-2305
-753
1058
3163
5516
6410
6574
6283
5027
4558
5029
5548
5999
6389
7222
8074
8495
8751
7981
6349
4802
4250
3980
2910
1928
227
-3150
-7938
-9345
-7222
-4008
-1805
-1897
-3597
-5991
-8006
-8522
-7189
-4027
633
4468
6407
6213
4355
2829
1664
908
1575
3352
4892
4529
2748
1327
231
-1143
-2187
-1904
-1648
-1875
-3220
-4641
-6140
-8027
-9357
-9318
-9062
-8590
-6166
-5177
-3679
-2826
-3310
-1968
279
3468
5330
5865
6465
5471
4801
4606
3935
3243
3327
3785
2857
1357
-373
-3044
-5671
-7456
-7999
-6830
-6295
-5450
-5147
-5244
-4321
-3974
-2756
-1025
198
1573
2940
4315
5615
6324
6642
6877
7221
7675
8539
8891
9170
9375
8664
8374
8189
8216
7714
5552
3105
811
-2790
-7237
-8836
-7005
-3791
-2050
-2750
-5088
-7882
-10066
-10496
-9090
-5793
-1104
2431
3782
3147
1814
1686
2229
3254
5270
7285
7820
6142
3502
1605
811
88
102
709
829
-509
-2948
-5267
-6689
-8232
-9539
-9601
-9682
-8000
-7159
-7701
-8907
-9294
-8358
-6076
-2023
1669
3705
4971
4984
4227
3951
5019
6236
6424
7200
7598
5865
3500
1154
-1167
-2719
-3749
-4021
-4542
-5714
-6377
-7395
-7679
-6460
-5078
-3323
-2176
-1539
-773
-314
1411
3405
5644
7802
8603
9353
8705
8824
9264
9549
10314
10823
11154
11183
9168
6188
3462
631
-2792
-5030
-4580
-3019
-2627
-4334
-7056
-9709
-11146
-10815
-9569
-7742
-5039
-2939
-1857
-2586
-3844
-3370
-1508
1265
4457
7587
9283
7933
4672
1955
1494
2543
3843
5267
5360
4151
1103
-2110
-5295
-5480
-6544
-7484
-5884
-6133
-6408
-8598
-10262
-11330
-11904
-9287
-6949
-5188
-2730
-1798
-1039
-619
890
3119
4272
5810
6291
6067
6663
5992
6226
6309
6070
5439
2106
-508
-3390
-5848
-5942
-5408
-4367
-3201
-3974
-4416
-5138
-4718
-3194
-1315
1715
4307
6219
6955
6701
6717
7900
10732
12390
12660
11864
10206
7945
3545
1544
1931
3073
3312
1010
-2313
-5740
-8138
-9083
-9291
-8252
-6010
-4378
-4273
-5992
-7748
-7792
-6726
-4295
-1320
1599
3201
2153
768
499
1905
4204
6067
7477
7793
6312
3443
705
-935
-2189
-2007
-1775
-2070
-2286
-3727
-5543
-7472
-8086
-7892
-7185
-4916
-3810
-4163
-4767
-5737
-6026
-5223
-3453
-1910
-1245
251
1569
1671
2204
2728
3423
4011
4264
5491
5674
5584
5395
4370
3677
2780
1443
36
-2122
-3015
-3806
-3721
-2352
-1660
-147
731
1513
1843
2070
3193
4943
6318
7235
7353
7410
5382
2693
3079
4723
5942
5668
3855
1449
-1115
-3067
-4195
-5314
-4855
-3542
-2953
-3918
-5924
-7433
-7659
-6763
-4579
-1894
211
737
-500
-1355
-457
1269
2856
3729
4370
4137
2716
1489
1026
1088
1244
640
-301
-794
-1584
-2637
-4249
-5192
-5729
-5339
-4163
-3312
-3755
-4404
-4693
-4431
-3429
-1715
-517
-588
-1240
-1283
-1123
-906
-329
315
385
602
1118
1215
1235
1310
1278
796
1501
2243
2791
3308
3660
3361
2999
3924
3601
4074
3931
3469
2941
1932
2027
3071
3636
3329
2908
1609
-1001
-1768
-115
2223
2928
1808
343
-1444
-2447
-2815
-3135
-2828
-1314
247
697
-1206
-3896
-5444
-5749
-4213
-1800
336
1066
-359
-2413
-3197
-1632
634
2116
3131
3198
2856
2057
1513
1919
2284
1830
1768
876
-41
-737
-2519
-3115
-3401
-3487
-3167
-3307
-3522
-4455
-5322
-4887
-4113
-2914
-1919
-2012
-2603
-2815
-1551
-206
522
1802
2254
2213
1986
1783
1849
1407
1624
1484
736
956
276
-481
-40
-268
-44
192
709
2090
2628
4368
4976
5442
6183
7368
8172
7362
6241
4187
774
-535
947
2531
2157
-535
-3329
-4968
-5943
-5942
-6146
-6217
-4935
-3750
-3294
-4263
-5924
-6606
-5970
-3826
-456
2107
2547
1257
-740
-860
1286
3937
5729
5671
4799
3630
2215
1867
2231
2688
2118
1012
312
-662
-2519
-3662
-3844
-2707
-1075
-830
-1260
-3088
-4082
-3791
-3389
-1765
-579
-641
-1614
-3535
-3977
-2960
-1423
221
494
486
170
-746
-965
-573
392
1961
2436
2774
2327
1436
996
713
2040
3220
3618
4033
3152
2818
2367
1965
2688
2767
4300
4841
4147
3247
1237
-1546
-1048
2178
5584
6174
3558
848
-1445
-2413
-2439
-3084
-2872
-2229
-2199
-3371
-6108
-8645
-9478
-8627
-6521
-3750
-2143
-2345
-4607
-6384
-5173
-1803
2243
4707
5276
4857
3627
3037
3533
5050
6880
6993
6742
5758
4494
1850
-692
-1714
-405
1615
1412
-255
-4241
-6885
-6972
-5963
-4198
-3282
-2870
-3354
-4668
-4596
-3601
-2285
-721
310
879
1016
416
-3
-276
726
2526
3544
3518
2158
-109
-1670
-1611
191
2253
3073
2450
1342
1052
1636
2598
3968
5477
5972
6975
6789
5318
4178
1732
-1276
-808
2243
5190
4197
-121
-3687
-5581
-4950
-3295
-2963
-2341
-1803
-2034
-2739
-4217
-5006
-4591
-4037
-2843
-1543
-1387
-2467
-5038
-6558
-4987
-1843
1060
1879
987
-149
-1308
-1077
643
3252
5119
5022
4091
3418
2494
1525
807
1144
3395
4878
4528
2628
-194
-1672
-1502
-753
342
194
-1093
-3057
-5253
-5485
-4464
-3854
-3326
-3467
-3089
-2843
-2944
-2450
-1570
-6
1326
1983
1955
1463
929
857
1638
3312
4533
4258
3047
1508
1011
2216
3381
4272
4484
3954
4268
4440
4378
4249
3771
1977
1049
2267
4647
5056
2596
-61
-1632
-2416
-2199
-2703
-3375
-3494
-3629
-3853
-4892
-6767
-7599
-7389
-6299
-4342
-3044
-2336
-2838
-3974
-3186
-681
1922
2884
2162
1289
571
128
780
1895
2924
2771
1927
1458
1285
474
-207
-176
759
2119
2016
1315
-601
-1365
-940
-502
463
950
575
-1
-922
-1739
-1485
-816
-700
-1268
-1692
-1514
-2063
-2735
-2655
-2185
-1658
-1558
-1565
-1610
-1481
-619
140
1156
2143
2582
2677
2448
3165
4015
5590
6007
6793
6439
5379
5717
6020
6574
6093
4691
2264
-72
740
2779
2838
1407
-395
-1907
-2716
-3116
-3514
-3172
-2782
-2083
-2371
-3805
-5694
-7212
-7117
-5752
-3983
-3215
-3610
-5119
-6798
-6633
-4503
-1592
-2
412
357
87
481
1407
3202
4780
4969
4663
3772
3234
2368
1182
1076
1958
2395
1573
770
-820
-1443
-1866
-1651
-1445
-1206
-398
-866
-2216
-2992
-2894
-1688
-650
-181
-73
-376
-606
-978
-1035
-39
474
446
350
113
104
-373
-643
-227
65
771
1446
1613
2201
2625
3340
4032
5002
6372
6440
6635
6760
6261
6557
5450
3693
2892
4292
6037
5409
2383
-298
-2455
-3478
-3487
-3662
-3383
-3230
-4194
-5578
-7507
-8578
-7941
-6554
-4812
-3591
-3316
-3902
-5386
-6253
-4702
-2092
64
549
-472
-1498
-2478
-2482
-1007
812
2492
2558
1813
1624
1510
2024
2146
3110
3728
4141
3506
2067
553
-530
-297
100
609
462
-699
-2095
-3652
-4214
-3271
-1965
-1485
-1700
-2348
-2723
-2715
-2552
-1460
-486
363
1014
959
1076
906
806
955
1495
2513
3118
3056
2358
2122
2424
3237
3895
4093
4366
4124
5195
5306
5112
4952
4095
3145
2857
4652
6005
5210
2970
911
-467
-614
-330
-522
-896
-1716
-2967
-4454
-6379
-7371
-7431
-6672
-5637
-5223
-5693
-6578
-7591
-7683
-5559
-2557
-287
58
-922
-1298
-1035
-71
1609
3117
3845
3258
2242
1562
1267
1252
1015
1169
1727
1782
1172
469
64
49
559
1070
1130
752
66
-1028
-2320
-2417
-1308
-401
-594
-1500
-2328
-2855
-2953
-2730
-2031
-1429
-1180
-1331
-1674
-1264
-804
-195
403
1064
1930
2518
2671
2913
3047
3688
4542
5333
5895
5238
5485
5452
5497
5190
4037
2732
1786
2743
3933
3617
1831
286
-622
-1002
-1122
-1330
-1319
-1424
-1786
-2551
-3866
-4626
-4781
-4324
-3858
-3539
-3922
-5024
-6158
-6563
-5385
-3531
-2089
-2060
-3050
-3786
-3638
-2479
-775
1173
2305
2130
1953
1715
2336
3082
3177
3392
3650
3534
2448
1576
754
835
1029
933
203
-1193
-1693
-2216
-2517
-2155
-1373
-575
-642
-1440
-2281
-2682
-2438
-1574
-919
-363
-328
-897
-1463
-1567
-900
-35
469
907
896
843
728
1086
1579
2565
3517
4519
4613
4568
5474
5541
5457
4774
4368
3937
4540
5416
5265
3780
2012
947
359
-267
-855
-1440
-1750
-2067
-2628
-3758
-5233
-6235
-6049
-5013
-4282
-3984
-4756
-5806
-6435
-5841
-3883
-1836
-660
-1097
-2051
-2488
-2071
-831
628
1806
1866
1581
1006
436
558
1213
1920
2105
2488
2377
1691
1324
1313
1613
1995
2363
1814
391
-740
-1129
-1224
-938
-358
-482
-1588
-3015
-3894
-4039
-3296
-1911
-944
-878
-1415
-1913
-2096
-1649
-397
799
1341
1402
1223
1082
1262
1806
2771
3479
3941
4246
4538
4867
4339
3101
2070
2185
2847
4110
4261
3330
1735
478
249
531
644
539
-23
-561
-1282
-1994
-2652
-3454
-4210
-4215
-3720
-3629
-4102
-5240
-6088
-6392
-5632
-3965
-2620
-2161
-2754
-3509
-3341
-2177
-532
1097
1920
2010
1761
1358
1641
2046
2627
3526
3257
2899
2380
1668
1722
1547
1746
1773
1559
1235
109
-779
-906
-755
-169
403
161
-711
-1927
-2450
-2173
-1583
-495
-69
-484
-1125
-1940
-1924
-1592
-694
100
433
389
374
445
890
1868
2854
3817
3972
4079
4515
4265
3302
2240
2165
2824
4284
4821
3848
1696
-113
-604
-664
-542
-293
-605
-1494
-2868
-4029
-4486
-4426
-4249
-3683
-3280
-3090
-3484
-4705
-5352
-5336
-4442
-2812
-1619
-1296
-1973
-3056
-3448
-2641
-1123
499
1088
910
297
-54
248
894
1963
3117
3503
2906
1881
1442
2008
2931
3488
3370
2817
2151
1435
553
177
186
522
769
383
-369
-1433
-1982
-1743
-1211
-534
-104
-254
-687
-1164
-1083
-343
361
922
1048
860
661
579
1244
1886
2492
2698
2735
2833
3146
2815
1799
958
1140
1850
2956
3396
3028
1683
52
-823
-956
-506
-34
-297
-1153
-2401
-3761
-4555
-4947
-4991
-4478
-4043
-4158
-4820
-5894
-6395
-6268
-5435
-3957
-2569
-1914
-2084
-2638
-2735
-1705
-293
1223
2125
2250
1895
1108
1120
1970
2812
3653
3475
2711
1865
1135
1259
1670
2350
3038
2892
2344
1314
435
452
811
1317
1746
1412
707
-461
-1254
-968
-376
455
784
180
-557
-1236
-1222
-596
399
1308
1445
1045
654
673
1080
2170
2945
3777
3954
3864
3792
3382
2920
2255
1732
1828
1775
2173
2014
1192
-163
-1344
-2045
-2285
-2311
-2272
-2377
-2972
-3632
-4352
-4875
-5061
-5175
-4851
-4605
-4553
-4998
-5584
-5849
-5710
-4961
-3880
-2968
-2770
-3051
-3247
-2983
-2100
-1096
77
847
1028
974
594
1141
2214
3334
4142
3928
3433
2641
2312
2909
3653
4286
4375
3552
2365
1218
707
858
877
1073
1060
440
-361
-1281
-1416
-933
-161
618
604
192
-337
-823
-553
488
1732
2554
2262
1644
1281
1239
1791
2712
3608
4289
4156
3844
3768
3302
3278
2400
2186
2375
2785
3352
2847
1538
75
-928
-1366
-1567
-1708
-1916
-2516
-3714
-4837
-5738
-6157
-6271
-6468
-6267
-6244
-6398
-6801
-7103
-6855
-6025
-4774
-3565
-2867
-2979
-3136
-3007
-2331
-982
371
1398
1663
1275
766
723
1404
2372
3313
3558
3003
2113
1333
1567
2292
3281
3680
3358
2864
2024
1548
1499
1718
2079
2165
1938
1204
147
-538
-595
-347
146
268
55
-448
-1159
-1183
-757
270
1303
1633
1553
1021
1024
1606
2452
3450
4276
4639
4550
4271
4358
4600
4645
4180
3277
2704
2155
2475
2503
2343
1413
92
-973
-1647
-2073
-2034
-2208
-2663
-3377
-4372
-5297
-5876
-6356
-6194
-6035
-6034
-6203
-6732
-6838
-6828
-6403
-5620
-4710
-4033
-3744
-3642
-3340
-2543
-1542
-310
731
1272
1410
1243
1485
2047
2780
3510
3371
2959
2511
2433
2691
2859
3123
2870
2521
1954
1462
1061
930
987
859
642
328
-124
-455
-464
-263
-72
194
219
197
36
101
497
780
1260
1458
1562
1738
1858
2125
2658
3139
3793
4337
4534
4451
4507
4728
4887
4811
4050
3809
3250
3095
3364
3177
2845
1641
201
-880
-1740
-2034
-1994
-2328
-2992
-4001
-5323
-6086
-6528
-6442
-5768
-5774
-5863
-6355
-6751
-6571
-6229
-5440
-4533
-3720
-3297
-3193
-3396
-3144
-2598
-1674
-596
125
517
405
107
298
836
1821
2484
2505
2355
2160
2309
2536
2744
2831
2744
2485
1955
1471
1190
1125
1086
908
564
159
-397
-716
-864
-969
-939
-891
-947
-1006
-984
-722
-355
58
610
1022
1401
1828
2245
2600
3040
3446
4060
4634
4990
5274
5337
5529
5392
5441
4553
4075
3325
3099
3553
3610
3397
2273
718
-411
-1319
-1563
-1368
-1407
-1937
-2972
-4552
-5660
-6322
-6507
-5985
-5954
-5993
-6474
-7072
-7262
-7263
-6539
-5395
-4234
-3467
-3276
-3498
-3478
-2929
-1857
-230
848
1346
1324
738
639
772
1580
2417
2520
2339
1679
1174
1234
1431
1698
1754
1492
1197
913
661
631
518
468
434
176
-55
-328
-524
-618
-751
-611
-423
-302
-298
-519
-418
-229
165
571
806
1122
1490
1846
2287
2841
3496
4264
4703
5169
5388
5949
6271
6441
5605
4741
4368
4196
4838
5126
5041
4095
2205
513
-785
-1440
-1135
-846
-1114
-2058
-3761
-5347
-6200
-6645
-5944
-5163
-4864
-5189
-6352
-7246
-7489
-6959
-5599
-4139
-3293
-3316
-4072
-4754
-4430
-3336
-1449
124
837
652
-234
-613
-282
839
2001
2630
2915
2550
2162
1811
1472
1441
1630
1933
1797
1225
561
-201
-723
-975
-1037
-748
-685
-944
-1476
-1920
-1886
-1602
-1196
-706
-434
-342
-114
-20
206
631
1038
1641
2104
2450
2806
2825
2816
3098
3531
4397
5098
5275
5474
5172
5015
4524
4163
4157
4116
4648
4846
4704
3781
2470
1274
366
-146
-103
124
-12
-783
-2388
-4149
-5376
-6029
-5502
-4908
-4545
-4852
-5932
-6876
-7374
-6845
-5441
-3875
-2969
-2903
-3445
-3896
-3589
-2608
-1039
132
614
626
122
-53
42
701
1451
1764
1958
1613
1253
1129
1131
1279
1323
1490
1461
1143
591
178
-60
-147
-184
-513
-829
-1100
-1242
-1419
-1608
-1721
-1782
-1698
-1537
-1230
-726
-394
-333
-299
-127
495
1361
2109
2693
2967
3185
3470
3943
4604
5311
5764
5972
5727
5473
5221
4601
4304
3560
3499
3697
3721
3545
2449
1130
-2
-956
-1179
-919
-561
-397
-1166
-2876
-4177
-5104
-4849
-4092
-3712
-3474
-4173
-5178
-5950
-6398
-5751
-4506
-3359
-2768
-2944
-3536
-3691
-3427
-2491
-1064
-96
565
355
-99
-121
21
865
1628
1987
2198
1802
1278
906
670
950
1178
1197
1069
474
-103
-527
-885
-677
-539
-396
-330
-644
-914
-1265
-1446
-1264
-975
-593
-374
-365
-408
-682
-700
-393
142
854
1256
1477
1551
1638
2219
2815
3498
4344
4782
5060
4955
4782
5019
4842
4851
4277
3684
3690
3657
3507
2832
1773
889
6
-723
-1020
-1134
-1049
-1149
-2000
-3099
-4147
-4615
-4197
-3738
-3220
-3017
-3341
-3828
-4452
-4462
-3703
-2643
-1797
-1374
-1493
-1968
-2252
-2219
-1374
-418
443
845
425
133
-82
-22
181
510
1078
1426
1377
889
272
0
84
267
332
345
199
-42
-543
-934
-1050
-1059
-726
-587
-553
-667
-851
-948
-967
-699
-257
217
451
513
572
629
785
1010
1513
2176
2723
3098
3122
3167
3261
3563
3914
4045
4201
4043
3621
2522
1994
2172
2907
3393
3116
2432
1377
163
-842
-1515
-1309
-522
48
-421
-1933
-3723
-4765
-4967
-4519
-3583
-2701
-2309
-2882
-4125
-4793
-4396
-3030
-1564
-667
-240
-536
-1084
-1421
-1229
-345
838
1724
1995
1714
1121
676
341
421
942
1443
1842
1622
1090
563
135
-110
-412
-459
-195
62
83
-269
-838
-1426
-1754
-1659
-1146
-540
-154
-255
-891
-1466
-1570
-1120
-377
215
562
587
310
73
196
840
1741
2516
2812
2775
2650
2779
2976
3303
3939
4208
4140
3622
2423
1335
1072
1714
2699
2994
2702
1823
307
-1147
-1916
-1919
-872
205
593
51
-1613
-3222
-4145
-4232
-3340
-2117
-1151
-969
-1994
-3352
-3997
-3735
-2453
-1120
-281
154
-289
-825
-1178
-1022
56
1020
1717
1938
1523
1174
830
601
827
1049
1443
1696
1356
1047
620
267
108
-413
-520
-313
-62
255
-62
-576
-1179
-1667
-1590
-1206
-610
-105
-228
-658
-1134
-1517
-1202
-642
-24
502
560
385
3
-113
285
865
1553
1972
2163
2110
1828
1840
2132
2635
3132
3211
2948
2084
988
651
922
1693
2113
1911
1268
220
-1014
-1868
-2323
-1887
-1085
-505
-547
-1467
-2582
-3355
-3741
-3419
-2647
-1657
-895
-879
-1412
-1884
-1937
-1426
-788
-201
202
312
274
127
114
477
898
1188
1215
1032
947
840
815
885
942
1036
965
769
569
436
350
127
-154
-341
-368
-253
-185
-247
-449
-686
-875
-883
-729
-473
-351
-269
-406
-653
-681
-641
-161
84
251
371
99
-63
0
302
722
1155
1178
1294
1089
1022
1151
1326
1522
1775
2004
2033
1774
1603
984
342
-28
245
900
1110
1073
691
-4
-789
-1492
-1916
-1727
-1198
-588
-462
-1114
-1841
-2293
-2502
-2414
-2321
-1656
-871
-642
-571
-738
-548
-264
-144
32
210
506
974
1264
1380
1390
1213
996
740
512
630
728
913
789
473
306
-31
-277
-555
-708
-661
-518
-477
-468
-662
-682
-877
-919
-924
-783
-452
-160
-116
-243
-275
-419
-168
-259
11
94
350
300
241
65
179
108
-75
193
138
342
389
504
504
393
561
787
699
935
1241
1275
1161
875
239
-210
-445
105
652
832
904
622
392
-181
-748
-971
-803
-422
-8
128
-100
-333
-628
-843
-1098
-1243
-932
-519
-229
-160
-141
6
-42
-197
-324
-247
-89
202
527
826
950
812
539
191
-88
-116
47
359
280
142
-190
-615
-974
-1199
-1191
-969
-777
-750
-888
-1164
-845
-1314
-905
-813
-409
-216
-275
-485
-311
-253
-211
432
-88
236
198
257
190
-84
144
-30
-548
-463
-247
-118
-116
91
-97
-212
-443
-182
-528
-431
-20
320
618
503
643
697
798
632
412
143
194
419
921
1440
1758
1767
1438
718
38
-235
180
732
1165
1254
937
568
45
-272
-422
-410
-259
-127
-215
-437
-502
-350
-361
-702
-960
-1058
-1060
-928
-748
-387
-298
-513
-872
-1123
-1243
-1035
-837
-561
-750
-1137
-910
-969
-987
-898
-708
-351
-871
-971
-689
-621
-88
2
-24
-177
-32
-119
-74
-245
196
734
505
146
-176
-220
-11
109
-260
-554
-698
-313
-304
-652
-743
-587
-922
-839
-777
-823
-595
-604
-282
-310
-207
-126
-48
20
656
1126
1365
1635
1767
1905
1776
1607
1524
1724
2082
2338
2430
2474
2483
2331
1744
1228
851
844
1034
1126
1074
953
702
345
-134
-673
-831
-947
-1022
-1048
-1057
-1060
-1169
-1432
-1634
-1809
-1904
-1828
-1645
-1589
-1503
-1474
-1375
-1216
-1143
-1014
-979
-1041
-752
-651
-260
-200
-600
-273
-177
-265
-456
-516
-111
98
246
185
-168
-330
-91
-1036
-71
-511
-92
60
-543
-467
-962
-1072
-722
-1303
-1678
-1104
-1340
-1156
-1141
-988
-999
-1027
-904
-685
-786
-422
-41
338
740
851
985
922
1238
1531
1998
2351
2543
2691
2893
2862
2768
2924
3095
3066
2876
2612
2631
2527
2290
2102
1774
1502
1127
883
827
757
551
306
-35
-326
-660
-906
-1076
-1284
-1330
-1444
-1634
-1883
-1981
-2067
-2143
-2196
-2124
-1909
-1908
-1652
-1570
-1587
-1569
-1166
-1127
-1031
-650
-538
-38
-207
-251
-862
-990
-569
-505
-368
-298
-836
-667
-571
-1003
-1293
-1601
-1275
-1131
-1250
-984
-963
-1458
-1120
-1272
-1776
-1547
-1771
-1199
-1180
-949
-814
-861
-945
-662
-752
-565
-27
9
723
865
867
832
907
1169
1352
1617
1991
2032
2111
2084
2280
2078
2056
2147
2388
2244
2307
2252
2100
2179
2026
2121
1975
1688
1297
1085
1070
1171
1305
1472
1461
841
431
135
-139
-94
177
281
248
44
-106
-238
-366
-333
-344
-478
-561
-535
-466
-413
-734
-843
-896
-991
-1035
-992
-966
-1257
-1330
-1381
-1625
-1712
-1525
-1265
-1271
-1387
-1803
-2024
-2337
-2249
-2318
-2297
-2330
-2296
-2087
-2360
-2135
-2700
-2681
-2807
-2323
-1934
-1320
-1539
-1192
-893
-597
-440
-316
-233
-121
210
481
1013
1285
1508
1460
1466
1188
1751
1591
1760
1517
1640
2069
2137
2243
1844
1804
1478
1750
1712
1766
1663
1840
1762
1572
1642
1381
1258
861
800
896
896
890
933
687
959
932
706
564
495
499
623
610
519
990
985
1183
935
613
538
924
661
582
580
595
829
708
494
-113
-415
-574
-525
-843
-745
-898
-1150
-1243
-1154
-1310
-1798
-2188
-2493
-2508
-2568
-2492
-2381
-2265
-2505
-2545
-2512
-2883
-3057
-2552
-2421
-2056
-1747
-1573
-1568
-1714
-1476
-955
-540
-183
171
-29
559
253
732
596
1098
1316
1112
1588
1419
1498
1230
2224
1611
1771
1507
1376
1745
1317
1172
783
624
542
1163
1219
1613
1423
873
900
884
150
165
160
1115
1270
1753
1371
826
554
301
652
485
1019
845
1115
882
1161
983
1077
775
414
429
456
289
813
670
316
769
297
-109
-419
-823
-821
-938
-1042
-659
-859
-630
-1114
-1783
-1491
-1397
-1687
-1688
-1510
-1501
-1548
-1493
-1147
-2047
-1401
-1482
-1412
-1457
-1263
-927
-713
-728
-585
-547
-707
-555
-529
-537
-262
-42
558
723
329
630
169
432
193
954
428
894
478
747
615
753
665
357
633
373
944
240
696
230
471
411
298
670
652
669
934
757
585
726
453
737
479
738
1146
1179
1316
1341
963
1187
436
1087
906
585
817
1118
1075
647
976
561
468
-19
205
-233
-512
-309
-234
-333
-449
-732
-769
-888
-1229
-1359
-1218
-1513
-1339
-1472
-1083
-1172
-1553
-1340
-1454
-1474
-1173
-720
-993
-1205
-598
-544
-333
-670
-592
-178
-281
-1
-531
-99
-131
85
488
886
540
246
533
207
224
225
954
391
789
706
1359
990
596
668
176
-53
-5
3
273
628
108
761
-659
34
-230
-429
-567
19
14
625
-29
-124
209
-225
676
278
676
611
996
755
944
923
626
981
812
840
449
1313
1084
443
307
860
900
364
166
-493
-347
-550
209
-597
-460
-613
-519
-842
-653
-1162
-1007
-1151
-1328
-814
-1481
-794
-811
-688
-905
-680
-1385
-834
-1565
-977
-488
94
7
-173
-315
-243
-705
-860
-354
-104
441
561
838
676
449
454
503
65
185
170
572
791
591
948
911
775
499
631
405
228
459
669
417
224
353
404
450
32
793
419
-153
174
546
341
232
408
200
-89
304
595
763
523
822
642
557
914
314
678
456
687
375
1029
472
600
241
493
329
195
359
-444
-315
-562
-343
-491
-420
-672
-778
-812
-528
-1443
-1075
-1276
-884
-735
-764
-559
-949
-690
-739
-754
-1444
-559
-550
-382
-72
-695
-373
-378
-370
2
-493
-481
-83
190
39
-32
-275
-55
-165
-115
426
54
389
524
889
329
299
-15
370
118
742
765
727
702
733
989
49
610
550
710
684
999
406
823
481
940
879
204
645
520
547
1035
662
744
937
746
891
194
62
281
90
455
674
301
258
84
208
-299
-774
-796
-621
-600
-541
-369
-549
-739
-1012
-796
-1009
-1573
-1135
-608
-650
-608
-576
-1006
-1268
-1232
-736
-722
-560
-437
-337
-281
-574
-420
-439
-294
-22
-256
-231
-50
-462
-100
339
307
141
656
29
-201
-451
-32
271
-39
508
718
129
273
311
56
117
23
958
625
223
200
789
555
669
880
590
618
509
802
741
611
682
1131
1040
1220
1167
1042
940
655
712
970
910
1143
1173
1287
1095
769
479
393
283
259
463
368
25
516
240
-145
-351
-460
-738
-611
-515
-1220
-832
-1033
-836
-1170
-1256
-1116
-936
-1464
-1126
-1668
-1373
-1090
-1440
-1449
-1209
-1467
-932
-1266
-1188
-1180
-1098
-841
-738
-836
-1156
-630
-566
-686
-909
-227
-120
219
-338
-40
320
-178
48
226
-26
532
400
556
656
-63
892
648
627
568
976
570
1228
707
1332
722
475
1233
489
1573
1042
1303
1148
1238
1022
872
813
1211
1091
848
1256
878
1108
1068
922
828
684
531
1126
522
894
443
414
924
736
603
243
-104
121
-49
64
-45
-43
-435
-429
-471
-265
-367
-519
-648
-860
-709
-1149
-1068
-724
-1385
-1295
-992
-664
-1622
-1162
-1270
-879
-1589
-1293
-1292
-1492
-1071
-1433
-1266
-1400
-797
-1229
-731
-811
-860
-1080
-629
-714
-1032
-530
-333
-276
-454
52
-237
-153
-475
307
277
768
354
143
306
579
651
1136
943
942
1239
1126
956
1295
1294
1100
1918
1556
1714
985
1644
1002
1286
1240
1310
1705
1222
1394
896
609
743
545
812
771
288
411
336
488
378
417
10
277
-215
486
-266
-492
-255
-563
-101
-141
-209
-229
-580
-395
-481
-1062
-749
-997
-445
-489
-656
-972
-1054
-1136
-362
-996
-797
-1198
-801
-901
-717
-440
-1233
-1006
-829
-1151
-778
-918
-866
-726
-830
-359
-457
-681
-893
-796
-1122
-383
-578
-63
-250
-27
-259
147
-75
93
16
-170
364
171
890
539
798
714
1039
826
1134
485
838
733
1016
1184
1398
1552
1487
1419
1360
1292
971
952
415
1487
1615
1646
1266
663
959
342
365
376
257
504
879
798
375
-184
-207
181
26
59
105
-32
-135
-544
-300
-347
-312
-262
-196
-495
-498
-905
-619
-531
-417
-612
-587
-891
-806
-805
-557
-799
-978
-851
-906
-800
-921
-625
-945
-665
-973
-659
-1084
-570
-1110
-701
-678
-422
-535
-317
-871
-765
-624
-439
-448
-593
-115
-380
31
17
419
126
272
211
26
113
932
462
580
586
574
1028
520
804
546
358
912
714
786
678
538
756
750
602
908
298
676
410
253
401
-132
229
576
392
564
61
-11
421
-150
357
-292
-459
-143
266
295
69
-79
120
191
-136
-14
-747
-658
-406
-144
227
365
-207
-1
-487
-498
-476
-613
-270
-388
-714
-565
-354
-592
0
-569
-231
-962
-806
-507
-482
-408
-6
-496
-92
-147
-388
103
-658
-112
192
89
143
205
-238
233
-119
518
569
131
60
116
515
334
444
56
469
454
569
665
437
10
524
314
739
124
117
494
567
228
382
-107
-6
-196
425
445
178
186
-30
170
8
-146
-211
-102
-79
440
-141
339
-384
-148
-358
-175
-188
-276
-420
-86
-283
-374
-231
-339
-42
-564
-35
-468
-682
-692
-770
-278
-627
-202
-194
-370
-477
-569
-604
-644
-330
-430
-195
-536
-207
-567
-376
-269
-253
-157
1
-409
-149
-437
-259
253
-351
305
8
214
432
491
-14
506
199
923
710
733
484
376
654
780
609
763
876
906
740
554
602
182
700
259
535
200
276
322
601
525
294
173
-249
451
-57
-3
231
26
427
55
548
-52
-247
-370
75
-336
-200
200
-96
-3
-290
128
-226
-234
-448
-375
-300
30
-497
-277
-420
-433
-328
-499
-610
-380
-478
-326
-653
-745
-865
-367
-433
-141
-362
-579
-559
-829
-529
-465
-303
-414
-112
-186
-154
-174
-222
-99
-153
52
375
113
330
109
304
377
551
524
628
588
530
589
588
485
525
826
809
491
837
646
547
516
311
215
502
649
748
758
173
15
24
-147
141
-46
251
255
279
332
116
-410
-403
-77
-328
111
-86
75
-118
-272
139
-331
-177
-269
-218
-321
48
-242
-102
-304
-280
-50
-355
-148
-502
-416
-197
-295
-274
-348
-638
-485
-874
-572
-643
-579
-265
-305
-428
-310
-689
-675
-777
-469
-427
-360
-379
-257
-35
-80
67
-150
108
-84
228
105
253
153
328
337
439
343
563
830
531
532
517
769
889
587
506
715
570
535
734
509
912
717
934
976
361
226
505
-32
446
542
717
719
413
241
378
283
-18
298
-271
260
87
300
-48
-155
68
231
108
-259
-37
-235
-205
-190
91
-381
-304
-414
-200
-448
-408
-258
-223
-171
-568
-546
-690
-497
-625
-827
-558
-475
-336
-463
-713
-511
-859
-829
-541
-616
-667
-411
-546
-639
-603
-500
-307
-380
-379
-74
-381
-31
-131
-167
135
144
302
372
172
424
119
259
607
419
493
656
479
699
655
466
686
394
750
664
587
515
501
586
789
648
596
527
366
542
587
503
467
244
731
421
243
206
-128
366
333
574
255
167
106
558
-94
-141
167
-240
95
-186
-336
-34
-226
39
164
-191
-384
-345
-562
-631
-583
-826
-588
-754
-435
-568
-566
-926
-704
-920
-917
-930
-1105
-770
-1036
-1037
-777
-1008
-884
-656
-1089
-640
-654
-486
-442
-659
-377
-262
-297
-84
-3
-252
151
54
179
626
383
637
520
189
127
298
471
454
698
947
880
731
752
554
354
406
697
475
1129
869
843
730
526
415
555
812
855
1150
967
727
464
395
375
540
635
801
656
682
579
461
410
430
448
378
225
-10
147
115
198
73
-4
229
-102
-424
-298
-456
-655
-610
-635
-585
-857
-846
-682
-917
-968
-981
-1076
-1424
-1227
-1388
-1054
-1082
-1030
-1113
-1277
-1208
-1411
-1107
-1020
-880
-830
-849
-648
-731
-746
-632
-753
-575
-261
-350
-86
-171
-253
-198
-354
-131
-161
-44
352
370
370
211
263
11
174
283
263
326
605
319
545
587
448
438
104
487
670
814
806
788
392
644
856
685
797
800
916
967
865
935
858
727
884
1098
711
1095
616
593
530
481
897
566
772
458
358
141
43
-25
-245
-2
-256
-288
-326
-309
-489
-678
-688
-694
-876
-1052
-808
-1020
-984
-580
-943
-1065
-1116
-1224
-1045
-1038
-799
-646
-656
-650
-747
-918
-963
-1138
-756
-514
-410
-353
-288
-483
-516
-626
-591
-595
-577
-377
-131
-137
-19
-351
-275
-329
-163
23
91
4
-43
184
277
352
188
196
311
435
366
500
348
220
267
489
553
711
693
624
538
646
908
617
784
851
818
604
788
624
686
839
706
872
868
678
619
486
260
189
282
468
373
271
402
109
32
-126
-187
-259
-136
-371
-156
-390
-266
-418
-868
-605
-636
-434
-386
-532
-559
-610
-802
-455
-852
-778
-812
-819
-699
-800
-770
-505
-666
-526
-523
-944
-818
-879
-788
-603
-518
-217
-344
-399
-430
-774
-668
-530
-546
-281
-313
-145
120
-63
-31
-109
-124
46
-163
-15
160
288
432
469
414
350
519
445
461
257
444
375
761
740
1002
689
589
431
626
588
820
794
633
806
515
601
191
370
505
577
628
792
448
173
108
144
11
62
9
-139
-211
-63
186
-111
-165
-64
-170
-291
-503
-659
-605
-631
-506
-368
-395
-430
-372
-445
-364
-282
-416
-422
-571
-697
-689
-714
-729
-628
-568
-472
-576
-599
-604
-789
-766
-658
-638
-404
-436
-460
-491
-654
-504
-448
-410
-304
-183
-207
-108
-238
-31
-89
-105
115
-20
128
14
100
299
547
598
665
406
366
427
476
530
589
550
663
569
661
643
486
716
684
780
732
596
520
356
425
327
400
447
484
541
186
200
120
-31
-6
-161
-36
117
58
34
-335
-357
-185
-347
-214
-166
-174
-37
-157
-429
-515
-620
-568
-363
-210
-125
-230
-304
-543
-620
-535
-593
-723
-599
-536
-437
-385
-506
-720
-811
-798
-650
-826
-736
-693
-586
-390
-214
-198
-405
-635
-800
-859
-680
-460
-214
214
409
454
314
100
-186
-168
-169
111
262
374
588
713
688
716
618
622
451
496
532
587
606
691
662
567
603
774
890
755
767
557
378
389
411
363
348
327
479
311
306
379
357
291
300
213
152
51
-67
-278
-170
-77
52
58
-106
-134
-278
-302
-322
-321
-347
-224
-336
-225
-332
-414
-371
-460
-511
-507
-485
-457
-548
-539
-440
-384
-410
-519
-614
-654
-801
-891
-671
-644
-502
-447
-420
-430
-513
-534
-534
-341
-375
-221
-248
-154
-29
44
25
57
10
-14
151
377
347
367
483
459
350
255
289
169
401
566
726
654
584
555
509
345
267
414
425
494
531
427
460
430
543
494
446
491
474
313
350
295
215
283
208
227
331
400
371
111
15
18
-94
-169
-126
-94
-52
-75
-195
-169
-264
-380
-446
-488
-549
-373
-369
-441
-447
-602
-569
-451
-554
-525
-490
-483
-367
-488
-590
-598
-726
-652
-573
-544
-476
-317
-236
-295
-287
-292
-353
-343
-244
-195
-47
90
146
152
171
76
28
49
207
404
490
467
336
309
263
332
316
384
331
386
487
445
439
489
470
396
430
442
584
518
488
345
295
315
325
393
542
520
529
450
277
134
20
19
78
212
332
407
286
123
-174
-117
-141
-226
-85
-184
-125
-130
-197
-221
-291
-368
-319
-469
-511
-534
-687
-639
-626
-801
-915
-519
-339
-764
-725
-553
-798
-919
-526
-516
-684
-747
-480
-224
-513
-432
-394
-470
-471
-497
-305
-464
-523
-273
-54
-57
-61
59
20
-128
-144
50
77
114
357
386
412
468
493
556
354
392
509
539
665
676
624
640
586
617
733
744
688
641
664
543
544
551
476
453
445
473
562
544
487
481
466
470
382
255
219
236
224
246
189
197
142
94
48
-101
-213
-295
-308
-364
-368
-354
-341
-343
-300
-324
-424
-539
-588
-650
-652
-642
-621
-556
-473
-379
-312
-311
-321
-354
-403
-385
-415
-341
-312
-231
-192
-186
-106
-89
-61
-45
-38
-47
-83
-95
-115
-88
-65
27
37
108
223
220
266
263
194
159
133
135
138
268
265
315
328
391
523
584
634
642
605
578
502
471
525
478
543
617
623
577
597
603
526
472
520
530
552
537
501
456
365
306
221
201
146
136
154
146
71
0
-110
-276
-445
-484
-517
-543
-549
-482
-399
-379
-383
-496
-555
-652
-773
-862
-879
-850
-782
-687
-607
-558
-507
-467
-425
-445
-474
-490
-451
-451
-407
-342
-318
-238
-151
-107
-102
-112
-164
-168
-139
-125
-83
-51
-21
35
111
140
149
157
156
190
147
180
258
248
254
302
352
421
531
644
643
602
572
606
606
650
663
683
748
725
806
782
771
726
642
608
594
592
615
641
614
572
539
446
360
251
223
187
129
115
95
40
-24
-84
-196
-270
-291
-357
-390
-408
-455
-507
-523
-564
-589
-567
-574
-616
-652
-642
-661
-700
-698
-688
-672
-643
-583
-536
-527
-563
-542
-512
-521
-498
-500
-458
-442
-402
-355
-302
-248
-222
-206
-178
-147
-179
-181
-210
-231
-169
-124
-91
-41
-30
-28
1
77
109
194
214
252
288
296
338
373
404
439
488
521
566
576
582
622
627
632
673
682
671
647
637
630
643
606
582
556
517
499
490
455
438
417
399
364
321
278
251
215
145
193
158
144
98
41
3
-47
-66
-124
-144
-195
-224
-245
-265
-295
-323
-338
-360
-371
-414
-418
-477
-497
-478
-490
-445
-408
-390
-412
-412
-428
-441
-435
-448
-460
-458
-432
-411
-360
-312
-276
-260
-279
-275
-260
-221
-178
-167
-161
-140
-92
2
44
122
160
212
231
230
281
335
396
443
480
530
564
576
617
639
634
679
674
688
718
702
674
640
627
623
617
628
603
591
577
502
466
457
413
382
365
339
277
210
152
91
17
-29
-23
-56
-53
-78
-119
-163
-208
-254
-262
-266
-286
-272
-304
-323
-328
-365
-399
-428
-433
-448
-441
-445
-480
-505
-499
-492
-477
-471
-479
-451
-485
-474
-509
-528
-533
-539
-518
-494
-435
-384
-366
-341
-319
-313
-291
-265
-202
-137
-92
-59
-18
4
34
90
134
175
244
280
310
344
372
381
424
459
490
545
560
542
545
571
536
521
544
551
593
621
634
596
539
510
499
469
456
412
360
324
304
300
282
220
158
140
67
71
45
0
-38
-41
-76
-79
-77
-134
-150
-170
-206
-242
-254
-294
-328
-343
-371
-374
-424
-432
-455
-476
-454
-458
-456
-466
-493
-503
-515
-484
-469
-469
-422
-436
-411
-343
-344
-338
-319
-307
-281
-236
-182
-173
-138
-106
-78
-16
45
35
45
87
112
132
156
177
188
189
218
266
318
320
344
370
382
394
394
413
415
448
466
452
458
465
427
425
398
355
357
379
357
321
295
275
262
214
180
156
134
87
71
74
30
11
-24
-83
-133
-173
-187
-200
-218
-221
-256
-251
-273
-321
-351
-370
-385
-390
-361
-374
-399
-419
-440
-461
-480
-459
-458
-487
-494
-501
-475
-469
-450
-428
-416
-395
-359
-307
-288
-278
-247
-258
-242
-202
-173
-119
-88
-54
-28
24
53
99
172
204
213
212
227
241
272
302
310
322
333
343
349
376
374
400
413
433
438
445
476
485
482
474
463
479
467
431
413
396
364
358
344
331
318
257
214
204
173
132
154
129
102
87
64
36
20
6
-23
-50
-94
-144
-158
-180
-194
-183
-193
-200
-217
-237
-236
-276
-310
-295
-300
-311
-301
-308
-304
-314
-330
-335
-344
-347
-330
-323
-342
-326
-298
-310
-302
-299
-280
-256
-254
-245
-238
-242
-225
-225
-229
-215
-185
-143
-139
-93
-84
-64
-41
-28
2
-1
-10
8
25
44
87
75
62
67
84
105
100
112
105
98
128
160
211
234
236
233
253
246
248
259
266
254
261
266
268
253
229
206
204
191
205
197
179
121
57
27
-7
8
-28
-56
-40
-63
-115
-133
-152
-180
-188
-193
-197
-195
-210
-229
-231
-236
-231
-230
-228
-228
-238
-234
-236
-236
-237
-233
-239
-216
-210
-204
-201
-183
-155
-156
-165
-194
-187
-169
-171
-152
-143
-141
-107
-103
-72
-67
-40
-39
-36
-31
-11
17
18
31
58
72
87
107
115
133
139
155
166
180
194
206
199
225
227
216
218
215
234
247
248
214
187
177
152
140
143
160
140
155
159
140
118
99
51
22
9
-3
-23
-39
-61
-90
-111
-124
-146
-170
-176
-169
-184
-188
-189
-210
-215
-252
-262
-294
-321
-319
-334
-323
-305
-287
-260
-251
-243
-227
-237
-240
-208
-211
-212
-188
-192
-176
-132
-102
-74
-57
-31
-49
-46
-10
-4
-4
-6
11
51
85
122
115
152
180
205
223
211
194
195
201
203
235
235
245
240
240
242
247
230
263
239
225
227
227
222
233
231
223
217
193
170
154
137
115
121
108
84
57
51
46
51
68
51
31
19
-5
-36
-40
-77
-124
-122
-134
-127
-102
-78
-106
-131
-138
-183
-182
-165
-182
-157
-172
-172
-159
-185
-178
-175
-168
-151
-145
-128
-119
-126
-104
-115
-130
-117
-92
-76
-46
-44
-25
-2
-3
5
14
-6
18
59
63
92
101
128
156
174
160
162
190
179
204
245
241
260
275
279
272
285
255
245
265
274
274
271
260
228
205
183
186
187
169
165
155
148
127
128
103
48
41
17
19
15
-10
-37
-59
-60
-90
-89
-98
-134
-145
-153
-160
-171
-196
-210
-215
-207
-205
-208
-198
-207
-194
-172
-175
-166
-176
-173
-164
-160
-138
-143
-132
-130
-120
-84
-66
-39
-38
-38
-21
-14
23
40
43
57
75
79
85
79
93
89
87
103
114
135
148
161
170
175
185
195
198
213
212
238
242
233
233
209
202
213
227
247
248
250
237
224
208
191
194
188
181
184
185
172
175
143
124
104
78
82
76
68
57
36
25
24
15
23
20
17
-23
-42
-39
-84
-81
-91
-98
-91
-92
-100
-110
-101
-95
-84
-83
-67
-45
-60
-52
-33
-27
-15
-1
5
5
7
14
22
14
13
14
7
3
15
20
30
57
65
78
87
77
74
78
76
87
106
107
108
113
101
108
130
108
103
115
90
60
57
42
47
63
61
74
73
56
50
17
12
33
42
57
70
47
37
50
42
43
13
-1
-13
-23
-3
-1
28
30
22
31
24
8
9
2
-21
-8
-20
-20
23
-1
5
12
-10
-5
7
16
9
11
13
6
9
15
14
17
30
31
29
37
21
25
40
46
63
71
81
83
92
86
82
95
88
84
84
87
105
112
92
110
97
93
92
79
87
95
76
65
69
75
54
52
71
59
73
81
74
75
88
93
85
93
113
119
105
104
107
99
92
116
101
84
113
112
117
113
117
87
72
69
59
61
51
19
21
-8
-17
-4
-18
17
16
14
4
-18
-6
-8
-28
-23
-24
-46
-32
-53
-48
-45
-55
-70
-62
-52
-74
-84
-97
-90
-81
-90
-107
-85
-68
-62
-30
-26
-32
-36
-17
-24
-8
-8
-39
-23
-30
-16
9
19
12
14
13
11
25
33
37
36
41
39
36
40
23
21
33
26
58
84
80
92
103
98
111
131
107
121
141
105
101
113
97
103
110
105
119
114
106
93
91
92
95
103
96
73
66
65
48
45
38
28
15
33
30
26
32
23
7
-12
-18
-26
-7
3
-2
1
-9
-23
-27
-24
-27
-26
-33
-45
-43
-33
-45
-47
-49
-47
-45
-51
-31
-55
-28
-51
-87
-75
-98
-97
-103
-102
-88
-98
-72
-75
-103
-75
-84
-84
-61
-61
-62
-19
-7
-10
22
16
-3
5
25
26
47
64
65
73
102
106
97
109
95
86
106
104
124
142
124
130
106
91
75
48
41
29
37
37
36
29
3
-3
-36
-45
-41
-42
-57
-35
-48
-68
-47
-68
-100
-104
-112
-121
-122
-129
-151
-161
-159
-171
-145
-130
-152
-134
-142
-153
-142
-156
-135
-130
-143
-125
-121
-127
-112
-112
-113
-100
-91
-78
-63
-60
-78
-79
-58
-58
-67
-69
-37
-40
-32
-10
8
13
17
50
61
75
86
116
114
124
123
104
134
138
135
162
174
166
197
195
193
198
195
198
194
214
207
187
207
198
187
194
174
174
172
172
160
142
139
140
121
128
89
44
30
7
4
-3
-10
-18
-20
-30
-37
-41
-54
-54
-61
-59
-54
-63
-41
-52
-56
-44
-58
-71
-74
-98
-103
-97
-100
-98
-102
-94
-105
-109
-101
-85
-89
-98
-98
-81
-78
-102
-93
-92
-122
-130
-124
-111
-106
-104
-87
-100
-96
-89
-90
-68
-71
-67
-76
-63
-36
-43
-29
-30
-15
-23
4
8
1
22
25
16
23
26
31
46
26
17
29
35
32
67
55
29
39
23
30
49
36
28
7
2
-3
3
5
11
-3
-1
-1
1
9
2
7
-19
-8
-15
-48
-46
-67
-79
-83
-79
-94
-81
-82
-115
-103
-103
-128
-125
-110
-112
-115
-111
-106
-122
-131
-134
-140
-143
-147
-162
-146
-133
-146
-118
-119
-108
-103
-121
-98
-77
-58
-59
-37
-20
-16
-19
-10
2
-4
-2
4
12
27
39
53
44
49
47
43
70
73
73
69
85
88
90
99
86
79
79
60
55
57
56
60
61
66
46
49
40
31
31
25
7
0
-8
-41
-38
-48
-69
-54
-67
-64
-59
-69
-72
-65
-67
-74
-73
-98
-94
-93
-94
-114
-125
-139
-143
-144
-182
-188
-183
-205
-194
-181
-201
-209
-215
-228
-226
-225
-238
-240
-217
-222
-228
-191
-211
-213
-206
-208
-201
-197
-198
-183
-178
-170
-142
-115
-87
-85
-84
-74
-63
-51
-71
-59
-59
-32
0
-11
10
24
27
40
34
45
64
39
64
69
54
58
55
62
78
76
90
91
99
90
81
103
108
97
120
129
99
92
80
72
55
44
43
20
25
6
17
19
9
3
-14
-15
-25
-42
-58
-61
-81
-99
-86
-92
-96
-112
-141
-138
-151
-164
-166
-169
-187
-209
-202
-201
-198
-223
-214
-202
-210
-205
-197
-196
-201
-191
-201
-194
-193
-199
-178
-158
-153
-150
-143
-128
-102
-87
-88
-84
-71
-67
-54
-33
-28
-22
-21
-15
-11
-12
-2
25
25
36
46
58
73
78
84
60
79
94
88
107
108
112
129
134
143
143
145
145
123
130
128
118
125
100
75
70
67
65
44
27
17
11
3
-22
-20
-49
-73
-83
-115
-122
-119
-152
-151
-158
-188
-184
-181
-200
-207
-223
-228
-226
-241
-264
-260
-257
-258
-239
-250
-246
-242
-238
-233
-230
-234
-229
-215
-181
-165
-154
-137
-135
-119
-109
-95
-109
-93
-89
-90
-63
-72
-40
-25
-20
-1
14
18
25
49
67
80
86
83
114
126
122
121
128
127
138
144
115
137
127
116
124
109
94
86
87
78
80
81
63
66
54
26
28
24
-3
6
-8
-34
-34
-48
-46
-75
-74
-88
-110
-117
-133
-144
-150
-167
-185
-185
-187
-205
-196
-188
-179
-176
-163
-163
-167
-160
-155
-144
-159
-168
-173
-160
-170
-183
-186
-190
-189
-167
-185
-177
-158
-160
-138
-139
-142
-136
-109
-93
-86
-70
-70
-67
-84
-73
-46
-38
-41
-43
-19
-14
-17
-6
5
18
21
33
60
82
87
84
103
120
121
121
128
132
141
127
125
121
111
126
126
110
96
94
92
97
110
85
79
82
45
25
22
-7
-22
-23
-56
-81
-68
-90
-113
-104
-136
-169
-165
-179
-188
-203
-229
-253
-264
-281
-308
-297
-293
-308
-283
-283
-296
-276
-286
-292
-274
-275
-254
-241
-234
-217
-223
-227
-203
-193
-178
-152
-150
-131
-102
-94
-85
-58
-47
-52
-40
-10
-5
17
44
46
50
66
90
92
113
111
118
142
154
176
180
186
184
184
215
232
243
269
268
265
278
269
275
284
267
264
264
252
259
248
216
210
204
185
157
177
139
112
125
97
88
72
48
28
16
-4
-13
-21
-40
-73
-95
-101
-125
-120
-128
-155
-178
-191
-196
-210
-219
-221
-223
-194
-194
-214
-214
-214
-201
-191
-191
-184
-183
-183
-167
-178
-184
-168
-147
-153
-139
-135
-118
-119
-104
-94
-105
-99
-81
-74
-66
-46
-51
-21
0
15
65
77
90
118
114
120
139
133
140
160
163
178
204
206
199
203
207
204
209
220
224
230
224
229
231
197
207
211
193
195
171
159
160
138
129
109
103
96
78
82
79
80
48
35
13
-4
3
-11
-32
-49
-71
-96
-95
-92
-107
-134
-144
-163
-181
-187
-207
-194
-194
-212
-188
-200
-200
-207
-237
-198
-205
-214
-185
-201
-195
-182
-181
-168
-162
-164
-162
-143
-134
-128
-103
-101
-93
-71
-71
-57
-43
-26
-9
10
43
55
87
87
99
106
135
138
131
139
141
174
184
181
201
210
209
217
215
221
212
226
241
234
227
217
197
183
167
145
136
131
132
108
96
91
83
80
64
61
62
31
27
25
17
0
-4
-33
-51
-47
-32
-39
-45
-49
-78
-65
-75
-83
-85
-114
-115
-130
-151
-145
-168
-162
-154
-164
-160
-164
-151
-152
-142
-130
-120
-112
-119
-115
-118
-128
-120
-106
-119
-101
-98
-74
-65
-62
-40
-36
-33
-17
2
24
37
53
45
49
69
91
111
126
118
117
130
135
162
158
179
199
196
187
192
186
186
206
200
224
230
207
232
239
225
221
196
188
179
176
174
164
154
144
142
119
108
120
97
102
109
78
96
83
50
82
65
52
57
42
36
2
-5
-14
-39
-53
-60
-74
-68
-65
-73
-88
-108
-117
-135
-130
-121
-132
-137
-147
-134
-124
-128
-124
-120
-118
-119
-111
-103
-105
-93
-77
-77
-56
-42
-28
-18
-23
-24
-17
-21
1
24
19
53
62
68
80
91
90
102
112
121
136
134
126
143
144
137
156
149
157
185
192
211
221
228
240
241
225
215
215
218
214
201
193
176
174
158
159
163
148
157
135
134
140
107
112
105
89
93
66
62
64
44
45
30
9
-6
-24
-42
-51
-61
-80
-89
-84
-88
-113
-117
-131
-146
-144
-151
-147
-154
-157
-149
-148
-145
-145
-154
-150
-142
-154
-147
-154
-155
-141
-138
-122
-102
-79
-60
-55
-35
-24
-11
9
30
37
52
73
95
109
116
148
147
154
166
161
181
205
193
217
230
219
221
219
218
234
242
228
232
239
226
224
239
229
220
210
215
207
206
200
192
191
182
184
170
156
166
144
112
109
89
75
80
65
74
62
45
47
40
36
28
15
0
-16
-23
-34
-48
-69
-92
-100
-85
-102
-102
-104
-105
-120
-141
-115
-111
-112
-97
-92
-92
-91
-104
-87
-78
-98
-95
-102
-109
-106
-120
-115
-111
-104
-84
-80
-65
-47
-53
-40
-19
-22
-13
-12
-4
10
1
22
29
35
54
84
103
99
120
121
140
155
131
126
141
130
128
135
128
145
143
138
158
140
140
152
146
149
165
167
159
162
180
164
163
170
142
144
151
145
130
101
93
77
61
60
49
54
40
27
17
-1
-6
-23
-24
-49
-75
-82
-109
-87
-79
-74
-59
-55
-36
-28
-23
-10
0
18
18
43
66
61
77
102
81
83
101
89
101
113
106
104
117
117
107
119
120
128
133
129
127
121
136
144
149
130
139
136
109
96
97
103
97
124
102
92
104
96
85
79
74
81
73
75
72
50
51
44
41
53
41
58
43
19
50
27
26
39
25
39
27
18
5
-4
-29
-42
-23
-28
-31
-16
-22
3
-8
-42
-28
-19
-32
-40
-48
-69
-47
-56
-79
-83
-87
-74
-58
-51
-49
-52
-44
-26
-24
-15
-11
9
22
30
25
38
37
33
33
19
44
45
49
53
51
60
76
83
89
89
98
94
103
116
115
100
101
96
77
79
86
111
93
93
103
115
129
133
120
121
127
123
106
99
102
100
103
96
88
92
93
94
94
102
108
142
123
119
125
100
119
106
83
73
75
73
84
73
85
87
76
72
57
65
63
72
60
51
43
44
33
17
9
9
18
11
15
12
3
28
46
30
34
29
25
22
12
0
0
-5
-19
-31
-34
-26
-30
-45
-41
-43
-37
-26
-48
-39
-28
-48
-37
-48
-70
-46
-49
-63
-50
-61
-56
-32
-39
-40
-37
-35
-24
-31
-34
-50
-60
-68
-63
-63
-85
-68
-69
-104
-108
-110
-123
-112
-97
-104
-110
-108
-98
-80
-77
-78
-71
-61
-78
-67
-61
-67
-45
-38
-39
-22
-32
-25
-16
-16
-23
-14
7
-3
0
2
-6
-7
-9
-15
-25
-16
3
-4
-3
8
13
12
18
30
26
30
39
46
54
57
51
76
74
59
71
69
73
70
71
79
90
92
95
82
87
87
88
94
101
101
120
111
99
110
113
120
116
115
125
124
135
130
132
162
149
151
155
135
122
124
107
94
92
73
63
54
60
56
83
76
62
78
59
65
63
22
4
0
-20
-29
-20
-40
-45
-48
-68
-71
-73
-68
-65
-79
-88
-88
-100
-113
-126
-148
-155
-157
-155
-169
-160
-160
-161
-155
-159
-146
-144
-131
-128
-119
-122
-118
-109
-103
-110
-117
-101
-101
-111
-100
-106
-109
-92
-95
-92
-66
-59
-60
-37
-29
-13
-3
4
-4
11
-13
-3
13
12
42
33
44
69
70
76
91
100
101
100
109
111
125
121
112
142
146
136
145
132
145
170
162
172
170
155
145
147
139
128
133
129
120
120
104
93
85
79
82
78
68
62
45
39
38
19
28
13
7
5
-15
-26
-35
-49
-45
-54
-60
-75
-82
-93
-106
-87
-102
-91
-84
-93
-82
-79
-87
-80
-75
-65
-53
-54
-55
-53
-31
-26
-23
-9
-13
-1
-3
-20
1
-10
-21
-7
-13
-19
-5
-3
-5
6
10
12
11
12
12
6
12
-7
-18
-14
-41
-38
-41
-42
-30
-41
-29
-25
-35
-44
-48
-52
-52
-63
-68
-77
-80
-75
-84
-76
-79
-75
-72
-88
-75
-77
-105
-114
-109
-115
-110
-114
-104
-84
-89
-101
-105
-81
-89
-89
-78
-74
-70
-72
-85
-79
-86
-92
-88
-104
-109
-95
-102
-98
-99
-86
-85
-83
-78
-72
-80
-70
-93
-93
-81
-84
-80
-91
-72
-63
-52
-39
-45
-45
-34
-36
-29
-10
-15
-11
5
10
14
20
38
51
63
63
46
78
86
70
70
62
69
80
72
86
95
98
98
96
87
94
118
124
126
119
117
111
115
104
96
99
80
68
76
62
55
39
25
24
0
1
-9
2
-10
-20
-23
-37
-46
-69
-79
-82
-79
-88
-100
-103
-116
-127
-127
-128
-132
-134
-147
-157
-161
-181
-173
-178
-186
-175
-172
-161
-156
-163
-151
-149
-150
-132
-133
-123
-110
-116
-102
-98
-103
-99
-90
-76
-74
-85
-88
-74
-62
-75
-59
-55
-59
-47
-54
-35
-33
-40
-35
-29
-27
-6
-1
4
13
14
13
7
12
16
21
24
27
48
39
46
59
53
50
50
41
49
48
33
42
49
47
45
45
33
25
21
16
31
34
17
23
36
-1
-10
-19
-44
-49
-76
-85
-88
-89
-97
-88
-94
-94
-92
-95
-112
-116
-103
-120
-105
-109
-114
-118
-138
-146
-148
-150
-145
-152
-150
-138
-142
-134
-124
-140
-137
-119
-128
-122
-115
-112
-103
-99
-91
-82
-77
-83
-75
-72
-75
-64
-61
-46
-45
-60
-50
-54
-32
-21
-21
-7
-22
-11
4
-9
-18
-1
-2
16
22
11
16
13
16
22
22
24
28
18
11
17
17
5
16
24
23
31
41
40
40
27
19
29
20
19
32
25
15
9
-7
-6
-25
-40
-53
-49
-51
-61
-60
-72
-81
-94
-107
-97
-97
-107
-104
-108
-123
-129
-137
-131
-130
-142
-157
-165
-155
-155
-153
-153
-143
-127
-119
-108
-114
-98
-84
-65
-48
-46
-44
-24
-25
-33
-33
-42
-37
-46
-40
-24
-25
-27
-39
-33
-39
-26
-3
3
14
31
22
44
57
63
90
89
109
114
110
115
99
110
110
111
112
119
112
122
122
86
94
91
80
82
84
75
64
68
64
53
68
59
52
64
64
70
60
48
32
16
9
10
-2
