-45
-38
-40
-42
-43
-38
-46
-49
-42
-46
-49
-35
-31
-39
-36
-43
-45
-40
-58
-61
-50
-58
-62
-50
-47
-50
-41
-38
-34
-27
-34
-27
-11
-3
-7
-16
3
-13
-10
-10
-6
11
1
6
18
14
9
11
0
6
-8
-20
-28
-35
-23
-38
-33
-50
-47
-59
-75
-64
-69
-69
-80
-81
-75
-77
-86
-73
-72
-71
-71
-73
-52
-53
-56
-50
-52
-46
-56
-67
-55
-54
-75
-77
-66
-68
-68
-63
-69
-68
-80
-74
-70
-78
-64
-59
-71
-60
-54
-43
-27
-37
-36
-29
-33
-32
-49
-51
-49
-48
-39
-51
-54
-50
-42
-51
-44
-37
-38
-41
-49
-54
-54
-57
-60
-65
-78
-86
-85
-93
-94
-93
-100
-93
-107
-105
-107
-121
-123
-132
-153
-156
-156
-175
-167
-171
-189
-193
-190
-186
-183
-185
-183
-159
-169
-186
-167
-164
-165
-155
-152
-149
-143
-140
-132
-121
-134
-132
-130
-137
-135
-115
-106
-97
-106
-112
-112
-117
-111
-114
-109
-114
-99
-95
-99
-97
-107
-117
-96
-103
-97
-88
-90
-74
-65
-66
-56
-53
-55
-46
-43
-42
-27
-25
-23
-1
-6
-8
0
1
-2
0
-6
-9
-9
-17
-35
-46
-38
-49
-75
-68
-83
-91
-79
-92
-74
-75
-82
-76
-73
-75
-81
-66
-71
-77
-74
-82
-69
-65
-75
-67
-73
-72
-84
-85
-82
-93
-87
-101
-109
-105
-119
-121
-105
-114
-108
-91
-84
-87
-82
-73
-64
-74
-65
-68
-62
-54
-67
-60
-65
-59
-40
-45
-50
-56
-47
-41
-41
-33
-44
-40
-40
-41
-45
-45
-56
-65
-64
-79
-82
-70
-85
-71
-64
-81
-63
-76
-84
-79
-86
-97
-85
-87
-93
-94
-98
-95
-101
-100
-97
-101
-109
-108
-120
-122
-111
-118
-110
-106
-112
-106
-110
-111
-105
-114
-109
-90
-82
-88
-81
-80
-95
-94
-97
-96
-96
-109
-100
-86
-94
-97
-94
-86
-82
-92
-91
-79
-82
-87
-91
-71
-55
-67
-63
-69
-58
-51
-51
-24
-19
-22
-6
-9
-5
9
7
19
13
18
22
26
21
27
36
33
40
51
60
55
54
55
58
39
42
51
38
38
21
31
17
-2
-1
-7
-12
-6
3
2
-4
-3
-20
-15
-1
-5
5
14
5
11
3
-3
-4
-14
-25
-2
-4
-26
-11
-15
-31
-27
-27
-25
-24
-39
-38
-27
-14
-4
14
12
12
17
16
21
11
11
17
10
6
13
8
11
8
15
16
15
21
16
20
7
4
-4
-16
-15
-26
-26
-25
-25
-26
-40
-15
-23
-15
-7
-13
-5
-12
-18
-16
-12
-21
-28
-46
-50
-71
-81
-75
-76
-75
-104
-100
-83
-88
-82
-69
-68
-77
-62
-54
-49
-47
-63
-56
-59
-63
-58
-41
-30
-29
-26
-26
-10
-8
-14
-10
-12
-9
-16
1
-8
-10
-1
-8
-3
5
1
8
9
4
12
16
12
18
21
16
29
31
35
36
9
4
13
4
13
18
19
14
15
13
11
0
-14
-8
-12
-30
-22
-36
-39
-30
-49
-48
-32
-38
-45
-38
-47
-32
-32
-29
-18
-26
-23
-10
-12
-3
2
17
20
20
16
33
22
17
40
36
35
28
32
31
39
33
33
22
28
21
5
15
3
5
10
4
7
7
7
9
4
-3
13
13
22
24
31
44
44
54
49
52
64
42
65
81
57
75
67
42
47
38
41
50
40
26
30
38
41
51
58
47
50
66
56
59
51
55
51
48
52
46
46
46
48
44
37
37
32
15
32
38
32
48
23
6
0
-2
9
2
-17
-17
-30
-26
1
11
1
8
16
13
11
12
7
17
30
23
26
37
24
23
27
44
48
49
62
84
84
94
102
106
111
103
104
101
99
103
100
93
92
92
101
100
102
109
110
118
111
107
107
107
110
106
111
119
110
116
99
93
106
102
124
129
115
117
109
96
115
96
89
95
91
84
96
115
103
119
130
127
139
134
114
128
117
100
111
98
96
107
104
96
93
87
81
92
91
101
106
104
94
82
91
94
90
100
86
84
101
82
88
93
88
81
79
73
64
62
58
68
56
58
39
30
17
12
5
2
0
-15
-3
-6
-13
-6
4
-14
-28
-19
-34
-18
-5
5
5
15
24
24
36
47
43
45
53
34
23
31
41
30
40
46
42
66
75
80
85
82
78
70
50
38
36
41
40
24
32
35
19
32
33
25
23
11
17
28
24
30
30
34
20
28
45
41
44
36
45
60
63
73
71
66
80
76
89
90
100
106
107
106
101
107
99
95
76
72
67
68
60
61
65
62
67
60
62
78
70
67
68
66
64
58
63
61
67
54
50
60
61
43
51
42
37
57
36
35
34
46
51
54
59
53
56
54
53
64
55
53
73
87
81
79
80
82
69
79
75
74
74
64
56
68
72
71
86
73
64
68
57
50
59
54
47
47
40
29
30
25
30
32
26
33
36
37
45
37
28
22
2
15
9
5
25
21
18
18
9
1
8
12
9
16
9
30
32
32
22
25
19
-3
6
10
7
19
22
20
38
54
54
56
55
75
84
63
89
77
88
91
90
87
87
87
95
93
76
82
78
77
69
60
57
63
70
71
71
76
80
83
93
86
88
87
84
78
67
80
87
80
87
80
76
77
62
80
89
80
82
82
80
81
84
86
82
83
69
84
92
80
114
119
114
140
141
137
148
132
150
151
147
159
149
149
141
141
136
128
133
145
137
153
146
136
157
135
138
143
145
152
147
137
128
119
120
105
105
95
72
91
84
62
50
35
17
22
21
15
12
5
-3
-4
-23
-35
-21
-38
-35
-46
-66
-61
-66
-67
-50
-50
-52
-57
-47
-41
-36
-36
-33
-29
-45
-44
-33
-36
-37
-39
-22
-16
-20
-8
-5
6
5
2
0
4
1
-14
-7
-5
-13
-9
-11
-15
-24
-34
-21
-27
-29
-14
-17
-11
-6
0
-1
-17
-15
-9
-19
-13
-17
-6
-6
0
23
20
21
22
37
48
41
42
54
61
54
47
64
60
57
68
60
72
79
62
77
74
47
58
61
59
64
49
65
75
50
63
57
44
69
55
58
50
47
71
66
45
61
49
37
54
49
59
49
30
48
53
54
50
58
58
54
47
28
33
11
11
19
6
0
-7
-16
-19
-20
-21
-43
-31
-41
-41
-14
-15
6
22
7
18
11
14
13
8
21
28
35
39
34
39
36
29
37
36
38
35
29
27
50
52
46
60
52
52
53
58
66
56
45
30
20
3
0
-1
1
-12
-12
-18
-10
-11
-20
-18
-12
-15
-32
-34
-31
-52
-57
-55
-75
-61
-67
-75
-56
-60
-68
-64
-76
-70
-84
-86
-58
-53
-59
-38
-31
-48
-38
-43
-40
-31
-53
-52
-36
-35
-35
-24
-26
-20
-21
-20
-24
-16
-14
-37
-14
-3
0
0
5
-2
0
7
-5
-8
-8
-15
-3
-7
-17
-5
-13
-31
-37
-33
-42
-28
-32
-40
-34
-36
-31
-27
-40
-47
-53
-65
-64
-56
-59
-65
-54
-51
-59
-45
-63
-68
-41
-52
-57
-45
-50
-47
-47
-36
-28
-31
-30
-39
-36
-46
-57
-63
-58
-70
-60
-61
-56
-39
-51
-50
-58
-60
-71
-66
-62
-70
-65
-78
-70
-66
-66
-76
-87
-104
-109
-116
-127
-121
-114
-111
-126
-133
-130
-142
-143
-157
-167
-158
-168
-151
-160
-178
-182
-183
-184
-173
-184
-174
-159
-165
-159
-152
-144
-147
-138
-166
-164
-143
-145
-138
-139
-145
-140
-149
-132
-102
-122
-113
-100
-103
-98
-98
-96
-82
-83
-81
-87
-92
-87
-76
-74
-89
-90
-87
-84
-91
-81
-50
-36
-33
-46
-29
-31
-33
-35
-44
-33
-39
-41
-48
-50
-51
-69
-77
-82
-90
-85
-71
-68
-68
-67
-79
-80
-82
-93
-88
-100
-118
-119
-126
-125
-108
-116
-122
-106
-118
-105
-100
-113
-108
-95
-102
-123
-117
-122
-120
-119
-128
-137
-113
-130
-120
-108
-123
-93
-91
-94
-69
-68
-70
-51
-61
-58
-68
-82
-80
-78
-62
-75
-69
-72
-76
-50
-58
-41
-39
-58
-63
-61
-58
-48
-46
-60
-52
-50
-54
-57
-76
-84
-62
-68
-59
-48
-73
-71
-71
-58
-49
-50
-55
-52
-55
-44
-31
-45
-32
-35
-30
-26
-35
-7
-3
3
7
10
26
34
30
26
11
8
13
6
11
5
-16
-6
-13
-15
-11
-18
-21
-20
-37
-47
-41
-44
-74
-95
-100
-84
-94
-118
-115
-115
-106
-107
-139
-155
-162
-166
-153
-161
-162
-165
-168
-182
-175
-160
-151
-130
-130
-136
-122
-122
-106
-87
-74
-66
-53
-66
-68
-58
-65
-49
-26
-28
-37
-38
-53
-61
-56
-42
-33
-17
-6
-9
9
8
-16
0
-16
-5
5
10
31
2
23
31
24
17
20
-2
3
-11
-15
-14
-26
-31
-27
-28
-19
-31
-48
-49
-84
-83
-86
-91
-108
-100
-104
-93
-81
-92
-95
-76
-88
-103
-95
-106
-89
-44
-19
-3
-19
-70
-83
-83
-76
-71
-72
-46
-35
-68
-75
-108
-113
-97
-88
-51
-39
-34
-21
-51
-36
-48
-79
-83
-70
-40
-72
-78
-92
-89
-81
-94
-116
-114
-156
-150
-105
-132
-149
-162
-154
-114
-122
-124
-115
-121
-116
-101
-133
-161
-172
-150
-114
-107
-88
-101
-65
-72
-19
-67
-121
-137
-139
-155
-123
-124
-90
-90
-106
-46
-75
-88
-105
-119
-91
-41
-36
-12
-8
0
-63
-16
-51
-70
-79
-46
-51
-23
-15
31
-23
-28
27
-52
-18
-38
-91
-64
-25
-58
-4
-29
21
21
11
-15
-38
-62
-37
-60
-44
-47
-25
37
43
33
0
-49
-49
-26
-32
-20
-76
4
27
0
34
27
-69
-75
-66
-39
-68
-18
9
-88
23
55
115
4
-30
-69
-37
11
-72
-74
-85
-4
26
84
-8
-54
-52
-89
-100
-122
-56
-71
-16
-89
-43
29
-33
14
-92
-23
23
3
53
-93
-198
-31
0
-47
132
28
-44
-40
-90
46
59
-16
24
-58
-18
80
-40
-94
-101
-80
89
161
-52
-87
-104
-81
-14
81
16
-43
30
86
-6
-118
-95
-92
6
28
75
26
159
105
115
-115
-211
-210
-8
86
62
17
56
139
69
42
-26
-117
-91
55
62
113
-74
-79
46
50
3
17
-85
-64
-82
63
76
-145
-197
-64
-13
-24
-69
-110
-41
-9
-8
-66
-219
-78
-37
158
-6
-78
-104
-79
-28
118
78
17
-1
31
94
-28
47
-16
-16
32
77
60
70
-43
15
87
69
55
44
50
-68
55
-76
30
-43
-1
96
37
111
141
153
177
126
-71
-4
-6
-83
62
46
30
-3
103
197
126
4
-108
-199
-8
160
118
103
61
38
78
64
-60
-140
16
-18
18
37
-37
25
-14
25
75
122
161
57
-99
6
-128
-54
93
-42
-63
-22
-107
-66
-120
5
19
35
68
-22
86
-4
-5
-4
62
32
-15
-80
-125
-89
-76
39
-151
-76
38
24
131
-71
-69
29
-75
119
105
-21
150
-87
-150
107
29
88
151
24
33
-3
32
56
-149
3
90
27
106
178
-105
-71
-208
-138
40
127
55
-145
-128
-46
33
88
39
-46
135
40
56
168
116
1
-55
-39
77
48
15
31
-22
151
141
71
-65
-118
-98
34
202
34
-80
34
93
135
57
91
27
8
51
21
-19
74
131
121
78
58
71
-24
2
-81
-79
-52
68
46
120
-41
68
73
16
30
-79
-37
-131
-46
39
158
33
53
28
-74
90
-41
36
176
48
121
-26
42
-17
-83
-84
-83
-17
51
16
-68
23
-117
102
125
78
90
-36
28
-118
62
-61
196
-63
172
291
28
121
-17
61
-45
189
96
94
-70
98
241
78
221
255
153
15
-93
-114
-127
45
109
180
194
103
217
15
118
-1
-19
-3
34
175
71
46
105
26
61
62
-115
-63
-73
-54
64
138
-16
192
105
32
-17
-92
-25
-83
-266
21
-28
-11
21
-83
26
226
345
132
8
0
-133
-215
-180
-259
37
281
444
257
-140
-94
-219
-287
-99
-159
30
177
-28
70
-268
-372
53
-53
168
141
-29
151
13
-223
-87
-123
-56
69
61
38
48
25
241
52
-276
-62
-36
135
108
-18
95
-15
11
45
-38
-66
305
195
127
76
-35
20
-261
-59
166
228
264
332
82
-130
-111
-20
70
86
100
231
255
275
-85
64
-224
-223
-52
-39
245
114
394
201
182
36
77
-274
-72
9
120
226
-4
380
55
59
32
-97
-91
179
-125
23
169
-113
89
-134
31
-38
53
-17
-31
-42
-14
138
-81
-12
-202
-51
-62
-8
-169
-211
290
169
317
273
461
86
-194
-91
-364
65
-43
232
125
86
119
-169
-44
-65
89
145
468
-17
-90
74
-56
178
-9
54
-14
-24
10
-102
-218
-25
197
154
291
55
-173
60
-6
343
168
218
79
-154
118
131
11
100
-22
122
191
60
134
-300
-188
188
184
403
391
282
374
343
239
-68
-166
-624
-586
-155
491
641
399
73
7
59
-194
-16
-306
-194
276
324
490
52
-68
224
199
-29
-33
-168
-156
179
-11
395
264
496
405
131
-139
-220
-249
179
205
213
82
-41
155
-39
-5
47
44
-30
84
39
163
-22
267
315
282
162
91
239
165
61
93
133
-23
-14
-20
128
94
132
228
224
47
324
112
75
-55
-205
136
176
255
218
-4
-110
134
-40
153
29
130
9
201
151
363
148
210
357
-91
211
-11
120
-214
235
-4
223
180
281
203
92
-105
22
46
104
198
69
65
-39
33
159
149
92
241
-67
-294
-188
9
73
53
267
306
321
215
258
-152
-20
-180
-153
-110
-319
136
59
345
247
148
-261
-101
-414
-477
-74
-1
274
78
351
196
50
-28
66
7
223
231
-52
0
21
500
272
89
273
33
71
261
79
43
151
-34
310
-65
132
81
-177
112
209
304
116
-205
-262
-265
85
259
247
183
244
-61
157
118
-188
-62
-197
65
138
320
241
-62
-240
149
-61
-47
101
55
63
166
140
167
224
271
-27
156
5
79
-237
-432
21
-107
243
383
-250
-279
-126
-263
-51
-467
-183
220
61
288
-84
-236
-188
-114
71
44
-140
107
14
-268
64
-366
-209
184
232
136
88
-216
-203
-191
140
29
-100
53
30
-98
41
-324
-262
-165
22
172
110
138
-88
-125
99
76
-170
94
-41
-237
-125
-54
43
-16
136
147
-29
-264
-148
-413
-318
115
161
156
184
130
148
10
-260
-129
-297
26
297
142
-110
-234
-132
210
-111
149
-32
-260
93
110
-37
129
-67
90
231
-28
16
-320
-141
-306
-212
-112
293
-138
143
364
87
-1
43
-326
-164
-228
-28
87
223
397
539
228
-92
-110
-322
-51
-184
-136
130
200
400
575
101
-351
-294
-301
32
-96
332
413
-153
183
16
-121
-212
-89
-266
152
-234
475
66
-22
-46
26
166
43
113
-56
-114
-240
77
4
26
522
33
33
81
22
-125
-89
23
-314
-125
-40
339
-205
232
187
4
109
-104
-170
-162
-355
-247
3
304
150
36
-234
-158
-144
96
166
8
-87
-240
-10
81
251
5
-82
57
-428
-235
-320
-333
-301
330
-40
-1
-211
-25
-219
98
-161
245
491
-131
208
-407
-187
-331
160
2
-43
-306
67
80
-141
21
-31
-25
-193
-10
-363
-247
-110
8
262
253
109
-97
-480
-235
-122
-386
281
87
193
77
165
-150
-416
-131
386
41
-208
92
-692
-17
13
-371
111
-267
273
220
102
-110
-183
-261
-85
99
-120
-177
26
111
-71
118
-145
24
60
-156
-25
76
-180
239
192
316
189
-509
-180
149
-204
-22
201
-153
397
367
61
501
-461
-188
-232
31
361
119
-219
118
-227
0
102
-264
41
-304
-161
218
-218
-44
214
-390
137
102
10
-77
16
-365
-177
-50
-59
166
135
309
-13
-364
-126
-436
-22
-176
-99
-14
292
184
387
-289
-376
-422
90
-114
23
515
-32
211
55
99
30
-21
-121
-104
-164
227
53
4
232
-63
-134
-37
-455
-211
-167
-165
278
171
133
26
-48
-239
-132
-401
439
-147
223
40
-160
-101
-96
129
-177
-167
-51
134
-192
769
-377
103
-102
-309
-74
-231
-98
181
-421
426
-161
31
-157
103
-513
140
301
-116
215
-337
116
-719
399
-361
89
-338
266
-202
377
17
376
-177
91
-20
-236
-687
-91
-626
66
544
489
472
41
399
-541
-269
-247
-173
24
233
406
166
236
160
-153
-141
-27
-53
-54
342
-54
239
-197
-293
394
-143
-271
234
-493
-128
149
-205
332
0
99
-58
-599
427
-128
-223
227
4
229
407
-26
175
-950
47
167
328
294
257
-61
309
-424
-145
-288
-194
230
215
312
-209
5
-243
-102
-142
368
-300
607
427
-122
-277
-467
-222
-39
-113
372
-390
-56
103
288
69
-33
-80
-5
214
-155
-206
15
-73
33
462
-291
-56
-662
-159
-261
95
66
352
138
371
-83
-262
-615
-100
-463
124
191
224
223
90
161
-173
-152
-309
-240
-274
-16
67
104
16
271
226
15
-106
-270
-144
243
-82
150
175
-270
-61
-385
-145
-415
42
59
146
122
-115
230
-312
-163
-631
89
-321
178
-183
413
214
-537
158
-230
-92
144
-157
67
94
-45
454
-233
-68
-59
-100
-43
-56
-445
564
-90
263
196
-384
254
-248
-718
139
-340
-85
190
62
290
-59
32
295
-354
-271
68
-433
230
-26
343
124
55
-348
155
-558
88
141
115
488
-92
-9
-187
-736
-253
-177
-75
517
511
117
102
-580
-251
-367
132
158
53
29
199
-212
64
45
-293
90
-120
150
-176
-57
-490
155
-474
66
44
-262
-110
-243
60
-110
239
-315
513
-412
316
-742
-388
-157
-575
59
-271
-72
-385
251
291
6
-77
-365
-87
-531
-141
-392
-131
-106
-160
355
-386
309
-154
-436
576
-605
137
-8
-413
-184
128
-163
42
24
-209
192
-216
349
95
-280
-56
-45
-218
190
-6
-19
-97
460
71
141
158
-16
-165
234
250
-55
168
-168
135
-41
160
100
-312
-44
-321
-551
153
198
470
165
158
161
-192
-154
-721
-418
-652
608
193
556
784
28
214
178
-40
-173
-171
-393
369
-374
606
677
446
332
-156
353
-421
516
-173
-186
6
208
167
-59
-158
167
-173
376
257
189
-474
278
-139
345
50
349
-22
40
353
-201
289
-220
573
-196
184
-83
-419
10
74
226
-200
467
-683
401
-386
676
-146
421
-286
137
-583
93
131
120
192
328
239
-59
-130
-213
174
-103
429
-33
-125
-32
-53
-82
247
277
419
323
81
-85
-301
-290
104
250
231
444
307
-53
-116
-284
204
378
-171
412
-308
491
-153
386
-326
209
-615
-198
-157
-337
-17
-265
433
-142
707
-378
620
-594
140
-95
-358
330
-182
184
-190
634
107
159
45
-309
-330
6
-291
275
319
196
-235
333
-245
208
263
246
248
-183
55
159
156
88
-20
210
-104
288
-388
27
-531
-354
495
148
638
-148
327
-584
-24
-20
-47
212
-351
205
-492
363
-227
167
-172
187
-388
-81
385
-41
-221
186
-164
18
-140
119
218
-332
297
299
790
-327
90
-421
386
-840
712
58
153
268
245
16
-224
-123
441
337
-116
257
-307
-65
116
-209
-134
133
-9
-135
-310
106
-159
590
-72
307
-140
522
174
158
114
-605
529
-541
484
-606
315
-436
233
-52
-35
-256
-87
-41
11
-2
-204
430
-331
357
16
-28
-295
166
-250
407
-54
684
-177
457
-66
-45
166
315
192
300
486
228
516
-409
211
-439
-45
29
355
-52
259
-345
-10
-156
183
-265
43
453
-12
391
-32
251
249
-79
-81
116
214
77
-187
390
-355
-148
299
293
-418
-189
142
480
141
-164
299
-325
227
-135
-84
-3
229
-447
144
-525
369
-65
448
-89
316
-137
266
200
152
-284
19
192
110
140
267
502
-318
591
-179
-8
352
-247
169
-417
-35
197
-190
378
242
82
158
165
84
-33
-42
1
391
-2
434
261
144
-63
73
-138
114
61
410
-41
74
-52
612
291
406
200
100
-279
-228
206
-171
154
46
306
515
258
-478
-58
-496
13
468
267
175
-264
173
434
41
409
-216
-56
-34
37
-514
396
-152
196
-172
154
-98
109
285
217
-209
-547
454
-4
387
-536
216
-50
125
-85
52
-93
203
304
887
229
-192
122
-68
12
-265
149
297
524
235
414
-263
171
-201
214
-248
-397
-555
114
136
93
66
376
114
-168
-510
184
-646
-172
96
81
366
-74
80
-678
673
-606
481
-127
51
392
285
682
35
-191
-641
100
-601
384
-40
264
506
428
100
-377
109
-622
156
83
484
-152
79
79
56
-234
296
411
0
395
-126
-227
95
-202
312
-4
-46
22
240
421
-45
293
-296
452
-60
234
168
-457
117
-239
194
101
48
-247
48
-126
344
104
223
150
-164
47
318
-246
-312
-96
166
653
-2
278
280
112
-325
13
-37
66
381
-343
689
-133
-203
355
-9
161
2
-169
325
-152
-176
201
-147
-110
102
495
306
304
-211
-116
-206
89
-93
187
315
646
-156
-258
-776
-68
-315
306
-82
262
64
-28
-129
-356
-204
-20
270
180
45
-239
-210
-654
147
-249
533
7
529
8
-192
171
-356
-49
-87
-133
94
54
-227
140
-41
115
383
113
358
-5
-192
-247
101
391
51
432
195
126
-147
106
-185
-253
-359
613
569
152
249
-145
-75
-235
-174
203
252
140
452
159
-418
-260
-297
-85
262
-119
134
372
-213
258
-122
-44
567
-82
291
-345
-161
-357
-298
-147
297
-267
371
-226
-134
190
-125
204
-118
199
-243
48
-168
-73
-364
341
325
227
40
-236
152
-49
360
54
-285
167
-136
-333
265
-8
67
511
372
88
-132
-482
184
-511
-52
-61
-15
460
618
195
18
-564
-708
-460
-434
430
-34
571
163
113
65
-56
-306
-167
-381
122
162
272
193
11
223
-364
-255
-264
63
-212
296
-238
339
-2
242
-6
-376
-45
114
-171
-68
288
-87
252
-766
-133
-338
-485
535
177
206
436
-564
280
-174
-412
224
-278
-18
553
-155
194
-282
-323
169
-49
44
179
-154
-45
56
-333
13
-212
70
-34
296
277
82
-426
-8
-316
-595
-101
-73
26
-95
103
-115
-185
-157
176
108
39
139
71
-131
-245
-363
-403
297
373
21
-24
41
-228
-332
-399
278
-107
-142
106
119
413
-198
-144
-266
127
-2
10
45
-149
-168
-6
332
-164
-245
-76
-313
-186
-41
240
303
393
180
173
-48
-214
-336
-72
32
-57
-22
44
-341
-372
-663
-109
-205
156
298
232
-35
-228
-152
-407
-211
-102
11
-219
-29
88
-10
-108
-204
101
-15
252
142
-241
-36
-308
-145
-88
78
-88
-284
-181
-138
17
-264
45
70
-88
53
-76
-316
-157
-225
-76
352
-6
385
114
205
31
-375
-240
-280
63
272
70
-50
27
-26
135
-119
-244
-354
-579
-229
76
7
93
-1
63
127
-34
-312
-255
-368
-5
-296
-86
328
-186
134
217
87
-79
131
-167
10
-376
-216
-230
-243
232
98
106
46
-117
-64
-32
-234
-84
-149
-8
121
-38
-96
-262
-110
215
28
37
160
-71
-14
-70
-200
-353
-83
-79
-194
-65
206
-109
-263
-154
-187
-59
-145
-8
-364
-380
-199
-348
-332
-140
-163
-66
-267
-269
-441
-461
-175
58
75
141
45
-104
-17
-86
-6
-47
-92
-109
-116
-304
-252
-173
-17
111
170
138
-50
-250
-275
-190
-108
-31
-14
177
154
209
39
91
5
118
-11
-161
-12
-52
12
160
231
161
201
65
51
17
-178
-25
-83
-174
8
26
-104
3
-11
24
-133
-277
-150
-42
23
0
-58
39
9
84
-71
-132
-118
-157
-102
-95
-141
-116
-67
-149
-58
-108
-115
-94
-216
-208
-121
-172
-77
-289
-303
-193
-365
-264
-212
-200
-183
-124
-95
-39
-101
-56
-59
-122
-10
-39
-224
-268
-231
-188
-101
-177
-48
-7
59
142
58
110
136
193
252
153
69
37
3
187
220
95
-74
-1
-28
43
146
63
42
-97
35
-45
42
0
-58
-9
22
61
4
20
-48
-27
-49
-36
5
27
84
-46
8
47
-75
-16
1
-208
-218
-214
-220
-138
-162
-252
-302
-389
-344
-406
-500
-483
-413
-350
-273
-158
-238
-250
-285
-343
-365
-299
-262
-191
-128
-192
-61
-49
-30
-4
-102
-57
-111
-64
-133
-98
-80
-86
-45
-29
11
65
151
138
153
119
105
150
209
235
356
370
463
474
474
506
451
402
453
417
451
522
403
445
334
299
325
228
336
295
366
385
329
318
279
250
243
233
114
72
19
-60
-133
-200
-300
-368
-512
-579
-602
-584
-587
-618
-602
-654
-736
-825
-919
-1021
-1004
-985
-994
-978
-967
-902
-917
-832
-767
-721
-628
-610
-555
-558
-607
-606
-657
-613
-571
-497
-387
-307
-278
-233
-113
-121
-25
41
94
277
340
478
618
734
887
999
1172
1351
1554
1771
1892
1971
2083
2142
2154
2097
2229
2301
2368
2404
2409
2448
2467
2488
2425
2311
2042
1700
1352
1094
964
791
740
411
-404
-1410
-2536
-3432
-4061
-4544
-4792
-4754
-4415
-3871
-3191
-2400
-1400
-480
255
721
871
914
765
414
-65
-509
-1115
-1657
-2177
-2620
-2886
-2932
-2780
-2722
-2568
-2634
-2477
-2373
-2287
-1881
-1643
-1242
-833
-576
-118
200
433
693
710
673
570
530
575
685
913
1194
1594
1873
2319
2710
3117
3613
3994
4247
4354
4361
4514
4530
4773
5138
5399
6116
6637
6951
7157
6849
5686
3447
109
-3080
-5642
-8038
-9499
-10703
-11009
-10069
-9177
-7364
-5112
-2708
48
2024
3337
4339
4617
4768
4673
4128
3695
3051
2484
1982
1426
1213
1125
917
254
-752
-1987
-3628
-5332
-6984
-8337
-9288
-10029
-10013
-9172
-7720
-5475
-2892
-392
1951
3309
4187
4736
4604
4430
3705
2882
2109
1168
330
-360
-953
-1255
-1554
-2136
-2490
-2922
-3129
-3129
-3023
-2607
-1965
-1289
-348
664
1874
3205
4417
5440
6318
7023
7674
8302
8928
9643
10328
10558
10557
10644
9783
8585
6836
2838
-2061
-7005
-11362
-13795
-15699
-16625
-15604
-13715
-10940
-7690
-4453
-420
3411
6257
8326
8874
8900
8544
7526
6493
5542
4419
3263
2259
926
-150
-695
-1359
-2406
-4007
-6079
-8088
-9890
-11337
-11696
-11272
-10312
-8665
-6520
-3669
-533
2262
4853
6702
7457
7523
6888
5841
4527
2887
1210
-431
-1586
-2648
-3485
-3698
-3646
-3464
-3630
-3855
-3761
-3611
-3183
-2482
-1686
-580
376
1300
2242
2872
3489
3839
3566
3281
2983
2910
3373
4012
5208
6368
7074
7672
8063
8161
8315
8040
7392
6910
5625
3979
2359
-1375
-6087
-9209
-12054
-13042
-12429
-12257
-9487
-6312
-4105
-717
1278
3364
6046
6437
6603
6112
4431
4027
2965
1981
2256
1462
974
596
-823
-1721
-2298
-3278
-4320
-5767
-7350
-8396
-8930
-8939
-7625
-5798
-4075
-2058
-130
1881
3744
4744
5740
6080
5421
4970
3995
3308
2737
1650
663
-663
-1880
-2791
-3872
-4203
-4153
-4239
-4185
-4166
-3260
-2420
-1631
-274
650
1353
1521
1424
1416
1015
914
838
546
435
672
1391
2149
2779
4285
5453
5210
5747
6387
6065
5807
5656
5955
5560
5469
6051
5992
5795
4191
-330
-5856
-10334
-13652
-14173
-14420
-14557
-10778
-7127
-4356
-657
2337
5881
8583
8566
8228
6873
4871
3971
2267
1881
2213
1400
1451
937
-234
-439
-1002
-2772
-4434
-6482
-8780
-10023
-10573
-9493
-6707
-3689
-601
2789
6130
8918
10723
11313
11260
9629
6725
3884
750
-1021
-2174
-3699
-3934
-4098
-4966
-5227
-5908
-6631
-5737
-5726
-5538
-4197
-3308
-1587
-292
661
1844
1495
969
442
-812
-1350
-1738
-1977
-1508
-1377
-566
617
1177
2416
3347
3609
3652
3253
3352
2926
2458
2880
3225
4148
5062
6178
8753
10195
10434
10456
7682
1529
-6231
-12624
-17018
-19088
-18349
-16504
-11645
-5771
-911
4824
8561
11615
14407
13595
11684
9162
5854
4273
2389
1766
2555
1602
1201
280
-1956
-3151
-4793
-7116
-9123
-11235
-12078
-11525
-9758
-5804
-497
4346
7976
10569
12320
12524
11084
8442
5108
1171
-3192
-6204
-8029
-8444
-6801
-5781
-4438
-2535
-2571
-2377
-3054
-4235
-3890
-4946
-5419
-4641
-4043
-2329
-1135
-287
678
51
-482
-820
-1396
-983
-524
46
790
1121
1638
1906
2146
2360
2193
1899
1433
943
1361
1775
2049
3561
5020
6759
8706
9695
10995
12312
11988
10851
8667
4403
-2456
-11021
-16167
-18979
-19450
-15679
-11902
-5318
1783
5681
9896
11663
11811
12596
10016
6980
4776
1957
1382
671
899
2483
1519
-6
-2333
-6041
-8712
-10963
-13031
-13720
-13097
-11159
-7900
-3421
2131
7901
11973
13222
12745
11009
7559
3722
-92
-3357
-5981
-8101
-8513
-7630
-5503
-2618
-907
99
-132
-1717
-3087
-4327
-4355
-3296
-2896
-2325
-1238
-269
161
-150
31
-233
-1401
-2252
-2391
-1736
-707
566
1708
2242
2038
1533
1147
683
533
1230
1419
1312
2072
3004
3500
3755
4519
5483
5709
6558
7957
8809
10803
11461
10133
8836
4485
-2857
-10953
-16640
-19345
-19459
-16169
-12201
-5490
1494
5440
9405
11338
11619
12408
10465
7986
6247
3862
3247
1864
1246
1980
-392
-3036
-5859
-9799
-11699
-12775
-13286
-11466
-8680
-5471
-1400
2955
7549
11462
12944
11927
9524
6017
1843
-1741
-4593
-6201
-7319
-8124
-7247
-6331
-4646
-2367
-1759
-1053
-1136
-2281
-2356
-2503
-1267
457
651
1254
1194
338
-842
-2542
-2958
-3523
-4234
-3682
-3018
-1538
140
1417
2487
2391
1905
1511
769
357
800
929
852
994
1039
1643
2016
2894
4574
5668
7205
8881
10442
12283
12040
11564
10143
6062
3298
-2276
-11356
-16880
-20195
-21206
-17573
-13215
-6730
1336
5973
9842
12182
11748
12063
10944
8521
6983
4554
2965
1991
137
120
-986
-4544
-7209
-10278
-13111
-13512
-12723
-10436
-6171
-1906
1982
6309
9801
12425
13418
11223
7903
3672
-1278
-4690
-7118
-8082
-7638
-7181
-4997
-2737
-1538
-31
160
-663
-1509
-2874
-3633
-3320
-1927
459
1852
2101
2086
942
-972
-2929
-4227
-4821
-5554
-5398
-4231
-2773
-945
689
1694
1783
1202
731
300
526
1395
2190
2786
2844
2723
2945
2865
2845
4032
4730
5706
7472
8380
9760
9903
8687
8061
4929
2125
-217
-7170
-13594
-16729
-18429
-15835
-10538
-4764
3289
9442
12192
14185
13355
11552
10385
7421
4806
2346
-727
-1874
-3090
-3660
-2824
-4580
-7035
-8643
-11048
-11538
-9539
-6779
-2525
2143
5494
8563
10835
11803
11888
9286
4922
75
-5164
-8826
-10979
-11463
-9790
-7970
-5858
-3686
-2291
-426
206
-217
-476
-1415
-1229
-531
520
2503
3417
3451
1924
-1077
-3684
-6537
-8178
-8195
-7719
-6046
-4092
-1933
486
1897
2890
2972
1971
1121
401
271
677
1397
2598
3230
3307
3547
3561
3841
4422
4675
5547
6409
6841
8629
9036
8591
8904
6877
4953
2870
-3900
-11168
-14642
-16708
-14739
-9437
-4554
3138
9226
11052
12649
11184
9056
8068
4785
3185
1632
-778
-141
-702
-1029
429
-1829
-4872
-7097
-10299
-11056
-9442
-6940
-2552
1844
4644
6898
7903
7875
7133
3873
-288
-4176
-9326
-11745
-11036
-10478
-6684
-3493
-2422
181
386
639
1492
70
1031
1229
132
1128
591
1231
1471
-1253
-2557
-5445
-8721
-9410
-9832
-7917
-5265
-2675
658
2339
3902
4702
3889
3170
1763
757
393
396
1536
2531
3843
4548
4171
4216
3507
2966
3257
3257
4367
5454
6272
8397
9461
9880
9502
7249
4604
-113
-8838
-15057
-16737
-16938
-11891
-5682
206
8451
11716
12099
11967
8292
6609
4485
1540
1906
585
491
2052
935
1197
138
-4302
-7992
-11713
-13881
-12639
-9729
-5277
134
4540
6900
7706
7248
5996
3626
-483
-4566
-7682
-9916
-9385
-7325
-4820
-1908
-1667
-1845
-1980
-2668
-1872
-1202
698
3161
3782
3906
2872
1782
330
-2487
-4717
-7186
-8737
-8884
-7903
-4780
-1782
900
3137
3408
3303
2294
1159
826
99
131
715
1068
2226
3747
4744
4938
4182
3282
2819
3156
4889
6838
8188
9161
8967
8416
8319
7475
6665
5849
2696
-2419
-11410
-17556
-17990
-17501
-10962
-4238
1225
9226
10812
10763
11069
7537
7520
5936
3705
4413
2001
2360
3117
499
-185
-3432
-8481
-12036
-15607
-15385
-12040
-7734
-2608
2229
5641
6584
5849
4408
2918
960
-1436
-3589
-4492
-4545
-4029
-3362
-3193
-2929
-4705
-6098
-5528
-5570
-3320
-559
1426
4489
5019
4454
3597
1092
-1143
-4562
-6947
-7407
-7878
-5962
-3476
-824
2011
3112
3577
2992
1951
1514
815
1289
2132
2539
3170
3168
3387
3304
2596
1422
486
993
2237
4465
7602
9285
10271
10313
8455
7559
5884
4909
4138
1068
-4668
-13468
-16765
-16589
-14687
-7799
-2978
2721
7710
6696
7177
5905
5406
7753
6427
8442
9154
6624
7442
4837
1376
-1336
-7379
-12171
-15872
-17537
-14861
-10634
-5479
-478
2343
3195
2653
1067
399
669
404
645
802
1077
1519
520
-338
-2845
-6300
-7697
-8852
-7191
-4393
-1889
2298
4102
5071
4573
2065
1371
-992
-2985
-3674
-5452
-5234
-4615
-3252
-716
532
1756
1827
1085
959
207
145
825
1381
2029
2289
2312
2454
2203
1828
1456
966
2074
3525
4980
7089
7982
8721
8791
7512
7762
6312
5459
5745
2416
-3035
-11024
-14700
-14677
-13319
-7853
-4313
-163
4112
2996
3346
3131
3903
7697
8361
11739
13236
11774
12196
8124
3344
-964
-7635
-12349
-16110
-17191
-14174
-10493
-5919
-2259
-564
-131
-1376
-2455
-2002
-357
1454
2140
2789
4362
3910
2467
867
-2309
-4899
-7319
-7664
-5580
-4146
-1080
814
531
1537
-223
-1980
-2036
-3240
-2425
-2661
-2878
-2001
-3058
-2158
-1511
-1850
-520
-167
674
2068
2758
4132
4454
4196
3523
2291
1584
1211
1703
1596
2066
3747
5086
6744
7588
7761
7305
6142
6317
4559
4037
5974
4559
605
-7028
-11089
-10817
-10331
-5308
-2472
-407
2780
-393
-2455
-3166
-3714
1246
4086
8218
12733
12301
13794
11527
6770
4243
-1108
-5333
-8185
-10400
-8903
-7832
-7286
-6384
-7594
-9097
-10357
-10165
-6896
-2329
1541
4158
6674
7149
5954
4164
998
-613
-1958
-3637
-2607
-1477
-567
395
-608
-1582
-3666
-5885
-5996
-6259
-4735
-1966
-876
-124
-100
-999
-1552
-2461
-2762
-1853
-924
940
2762
3942
5674
6470
6048
5418
4974
4947
4282
3734
3950
3223
3328
4694
4742
5391
6442
6352
5863
4720
3540
2219
-3183
-10275
-12036
-11768
-8648
-2592
495
4038
4567
-11
-3012
-6730
-7064
-2058
1216
6761
10657
9584
10192
7321
2987
1848
-612
-1400
-1076
-1385
1354
2550
424
-1674
-6093
-11123
-14189
-15716
-12881
-7351
-2503
1366
3349
3954
3346
1637
382
316
805
1283
3072
4613
4262
3635
1510
-1960
-4526
-6010
-5875
-5056
-3991
-2764
-3192
-4386
-5426
-6124
-5723
-4420
-2400
-82
2226
3695
4403
4757
4545
4183
3439
3073
3856
5382
7274
8768
9390
7597
4907
3253
1679
1936
3605
4580
5682
5049
2905
-989
-9280
-13689
-12263
-9766
-3955
502
2546
4483
922
-4508
-8177
-10216
-5407
1550
6710
12588
13685
11374
8177
1509
-2533
-3212
-3057
-347
1333
2609
4655
3051
-461
-4195
-8392
-10879
-11662
-9602
-4440
158
1911
1330
-787
-3500
-5442
-5749
-3501
766
4652
7361
8252
7149
5149
2776
528
-1286
-2320
-2027
-1141
-503
-306
-1390
-3848
-6666
-8738
-9048
-7931
-5901
-3560
-1601
-885
-924
-497
345
2626
5318
7022
8974
9927
9632
9576
7696
6210
5123
3468
3521
4276
5125
6741
6775
4327
1528
-3036
-10895
-15671
-14869
-10337
-4116
-593
1102
1773
-726
-4550
-8285
-9904
-5509
1650
8248
12883
12591
9534
5748
461
-2540
-1776
530
3769
5399
5252
4553
890
-3869
-7391
-9485
-9371
-8759
-7185
-3758
-1064
-64
-1003
-2890
-4116
-4457
-2503
950
4698
7321
7706
6347
3348
412
-269
684
2760
4394
4248
2753
-88
-2283
-3814
-5319
-5695
-5620
-5228
-4189
-3846
-3310
-2753
-3078
-3305
-3955
-3702
-1933
484
3579
6392
7323
7326
6780
6787
7490
8727
10187
10733
11096
9864
6703
3802
990
-882
-3792
-10577
-14119
-12941
-9131
-4503
-3477
-3657
-4049
-6818
-9112
-10768
-9598
-3202
3906
9571
11877
9965
6932
3581
841
1668
5139
8446
9119
7001
4394
1808
-1807
-4624
-5573
-5218
-4325
-4385
-4473
-4936
-6333
-8268
-9505
-8331
-5961
-2933
100
2216
3981
4725
5219
5823
5249
5238
5966
6825
7613
6747
4522
1181
-2153
-3410
-3739
-3819
-3642
-3797
-4007
-4885
-5548
-5538
-5704
-5113
-4032
-2974
-1688
-261
927
2106
3202
4385
4891
5067
6039
6540
7714
9091
10979
11524
11053
9681
7540
4780
7
-6153
-9528
-9356
-7190
-6352
-7996
-9740
-11716
-13886
-15090
-14894
-11454
-4783
2179
7541
8900
7308
4743
2587
2513
5426
9753
13049
13135
10517
7494
4381
1234
-1034
-2047
-2450
-3113
-4256
-5485
-6893
-8311
-10131
-10976
-10284
-8387
-5675
-4055
-2514
-1918
-1584
-73
1788
3462
4799
6268
8041
9330
9961
9072
6926
4674
3057
2112
988
110
-1321
-3761
-5568
-6681
-6656
-6244
-6247
-5357
-4494
-3002
-1773
-722
112
815
1731
2686
4548
6433
7909
8324
8930
10110
10978
11262
10433
8534
4787
491
-3958
-4693
-2695
-1232
-1588
-4745
-7771
-10257
-13066
-14966
-15392
-13168
-8714
-4805
-2625
-2412
-3704
-4032
-2729
935
6741
11430
13840
13450
11764
10367
8778
7066
5926
5045
4259
2218
-369
-3145
-6251
-8409
-10439
-10796
-9415
-8542
-8071
-8831
-9122
-7878
-5772
-2237
600
2299
3642
4183
5050
5716
6122
6571
6245
6450
6973
6860
6506
5345
3377
1659
114
-966
-1824
-3055
-4098
-5255
-6035
-5615
-5168
-4002
-3166
-2374
-680
646
2933
5148
6360
7387
8091
8677
9810
9534
10075
8286
4653
1503
-1799
-874
242
12
-1417
-4474
-6354
-7763
-10311
-11506
-12012
-10324
-6725
-4869
-4646
-5805
-8046
-8105
-6890
-3303
1709
4278
4781
3864
3297
4794
6553
8147
9870
10223
9755
7802
4523
2351
-194
-1922
-3537
-4178
-4059
-5592
-7350
-9869
-11381
-9910
-7573
-4560
-2615
-1826
-998
-500
756
2461
3569
4763
5699
6439
7172
6989
6164
4519
2880
1911
1554
1669
1592
1086
911
548
323
24
-575
-972
-1417
-1768
-1012
-482
612
1447
1712
2741
3713
5287
6896
7559
9045
7563
4319
407
-1574
1301
3259
2917
151
-3787
-6007
-7995
-9906
-9674
-8911
-6358
-3848
-3722
-4746
-7256
-9622
-9200
-7085
-2864
1239
2520
1541
-236
-784
951
2902
4935
6805
6938
6332
4634
2801
1823
807
516
509
1090
1323
-182
-2835
-5729
-7503
-7101
-5509
-3593
-2834
-3010
-3130
-2966
-1907
-449
574
1363
1812
2882
3987
4397
4594
3941
3167
2790
2537
2561
2421
2105
2118
1568
1441
1222
866
773
724
1094
1939
3245
3813
4049
3488
2681
3023
3416
4235
4853
4214
3806
1418
-1945
-2861
-1001
2112
3145
569
-1960
-3914
-5656
-6531
-7718
-7488
-5650
-4568
-3882
-5174
-8050
-9510
-9581
-7700
-4090
-1352
94
-495
-2228
-1675
511
2871
5046
5834
6256
5814
4107
2746
2424
1815
1864
1496
258
932
-905
-2108
-3814
-5678
-4602
-4051
-2538
-2128
-3639
-2895
-2270
-1055
940
637
516
-45
45
2264
3234
4193
4347
2957
2938
2526
2489
2659
2423
2626
2923
2702
2633
1698
841
698
755
2662
3567
4178
4143
3305
3114
3493
5154
6768
7885
6722
5331
1798
-2427
-4444
-2920
677
2152
-462
-3468
-5604
-6880
-7333
-7903
-7281
-5139
-3788
-3046
-4367
-7132
-8379
-8367
-6457
-3768
-2175
-1935
-3597
-5921
-5257
-2409
676
3072
3624
4176
4060
3070
3009
3284
3939
3469
2897
2411
1332
-849
-2669
-3451
-3347
-1640
-1016
-955
-2070
-3860
-4245
-3865
-1978
-258
-207
-478
-1296
-1125
823
2380
3399
3914
3527
3394
2454
2023
2155
2354
3143
3469
3468
2845
1663
695
994
2338
4206
5280
4877
3940
2902
2668
3472
4777
6534
8076
7622
6947
3925
-659
-2894
-1955
2143
4136
1531
-2566
-6137
-7979
-7859
-8151
-7360
-5769
-4965
-4275
-5397
-8211
-9482
-9538
-7335
-3997
-2058
-1536
-3216
-5990
-5829
-3049
764
3401
3506
2888
1990
455
975
1380
3205
3734
3689
3488
2367
1448
-752
-1283
-1394
-856
-153
-705
-1728
-3689
-4791
-3588
-1733
340
792
-592
-1651
-2035
-753
1063
1443
2035
1690
1556
1871
1747
2493
2829
3430
4117
3922
3410
2210
1313
1289
2394
3791
4932
4819
4495
3831
3979
4906
6673
8434
9124
8288
5971
4770
1545
-1861
-2624
-156
3082
3097
-1001
-4318
-6537
-7154
-6812
-7298
-6654
-5572
-5693
-5878
-8118
-10399
-10160
-8668
-5959
-3644
-3199
-3876
-6117
-7715
-5277
-1549
1536
2453
1739
1428
1267
435
1729
3889
5213
4657
2412
1456
274
-573
-1022
-905
-319
540
650
-372
-2374
-3781
-3400
-1945
-257
125
-1144
-2369
-2863
-1625
548
1855
2089
1144
774
1169
1545
1966
2434
2729
2919
3187
2965
2435
1757
1614
2772
4282
5416
5490
4032
3890
3663
5312
7111
7940
8326
8362
8096
7315
5998
1919
-149
1250
4030
5366
1575
-3491
-5690
-7283
-6370
-6384
-7420
-6168
-5919
-6095
-6460
-9626
-10782
-10194
-8539
-4980
-3556
-4111
-5598
-8027
-7118
-3219
-351
1452
706
-501
-521
-522
-109
2788
3019
3798
2903
1734
3063
1419
893
736
438
1710
1538
-91
-1410
-3820
-3311
-1323
-422
580
-931
-2666
-2574
-2679
-695
201
-144
-70
-688
48
874
878
1428
1552
1746
2621
2596
2559
2073
1549
2519
3582
4528
4874
3605
3090
4000
4837
6530
7515
7955
8523
8702
7312
7066
5282
2899
1578
1879
4783
5373
1822
-1778
-4067
-4914
-3741
-4570
-5176
-4908
-5910
-6412
-7964
-10431
-10465
-9914
-7904
-5382
-4984
-5203
-6443
-8186
-6353
-3281
-639
561
-777
-1542
-1221
-1394
398
2075
2738
3268
1435
1075
1005
239
771
1116
2581
3718
2557
1297
-1548
-2812
-1055
289
1573
400
-1755
-2747
-3740
-2515
-1419
-1330
-785
-1483
-1587
-833
-1008
-267
178
894
2208
2252
1983
1563
776
1735
3031
3878
4468
3124
2931
3673
4683
6995
7837
8896
8891
8903
8577
7583
6484
4675
2691
3288
5435
6465
4390
142
-2320
-2932
-2629
-2470
-3883
-5004
-5176
-5552
-5921
-7316
-9003
-9544
-9034
-7782
-6498
-6851
-7889
-8753
-8082
-4729
-1855
-671
-1159
-2069
-1823
-1236
-10
939
1336
1736
1526
1047
663
-436
-768
-308
899
2009
1064
254
-158
-690
554
1259
1505
1333
123
-257
-1353
-1848
-1036
-840
-607
-833
-1788
-1925
-2198
-1539
-712
-477
45
-155
-5
601
1270
2429
3000
3658
4069
3873
3951
4202
5009
6397
7259
7960
8242
8413
8554
7125
5514
3837
4053
6342
6748
5066
1695
-1046
-1354
-1438
-1950
-2831
-4237
-4217
-4156
-5249
-6726
-8740
-9402
-8224
-7039
-6237
-6806
-8391
-9026
-8334
-6027
-3151
-2265
-2871
-3914
-3966
-2393
-1184
-172
1053
1850
2351
2113
1551
1096
464
970
1942
2015
1490
100
-1165
-1462
-1274
-404
115
91
16
-780
-936
-52
455
910
534
258
322
-145
-263
-21
534
1327
1638
1166
1087
914
988
1469
2429
3225
4090
4253
4462
5412
5359
5923
6712
6003
6646
6298
4751
5540
5357
5663
5298
2299
1269
756
-629
-316
-1652
-2876
-2399
-3973
-4970
-5570
-7326
-6851
-6722
-7296
-6527
-7435
-7862
-7504
-7938
-6377
-4653
-4721
-4242
-4361
-3629
-1613
-1370
-1255
-879
-147
1128
1023
696
1232
1280
1909
2652
2208
1258
309
268
1009
1566
1951
1486
674
495
306
-9
-56
-100
47
110
142
336
-67
162
943
1750
2877
3088
3299
3288
3369
4083
4582
5192
5796
5265
4951
5184
4170
3304
2939
2384
2480
2505
1775
1764
416
-397
-126
-355
616
708
-692
-1125
-2106
-3002
-2952
-3668
-3979
-3917
-4766
-5140
-6003
-6880
-6451
-6443
-6093
-5434
-5414
-5100
-4952
-4901
-3988
-3226
-2843
-2236
-1841
-1082
-856
-1104
-124
1028
1963
2323
1828
1492
1337
1689
2452
2655
2573
2199
1311
935
828
869
1100
1133
1263
1351
1055
874
710
952
1706
2619
3326
3575
3946
3707
3952
4309
4721
5599
5601
5425
5535
5848
5119
4296
4244
4179
3992
3606
3099
2772
1340
135
-504
-1250
-1252
-2073
-3414
-4102
-4880
-5595
-6171
-6861
-6963
-6565
-6424
-6365
-6801
-7037
-6221
-5663
-4928
-4268
-4079
-3375
-3662
-3366
-2703
-2357
-2061
-2421
-2387
-1606
-1709
-1577
-1264
-975
-415
-382
143
667
406
994
1606
2193
2863
2427
1880
1582
1757
2630
2766
2797
2831
2420
2312
2446
2546
2669
2604
2852
3224
3844
4543
4333
4132
4243
4838
5854
6096
6332
6637
6710
7165
5677
4268
4598
4199
4837
4953
4225
3829
1736
49
-257
-1023
-1129
-1783
-3754
-4314
-5185
-6519
-6827
-7841
-7889
-7140
-7727
-7905
-8492
-9207
-8452
-8078
-7503
-5835
-5216
-5104
-5379
-6115
-5175
-3782
-2896
-1673
-1341
-976
-468
-515
172
546
318
698
969
1071
977
316
208
253
487
1032
635
266
256
494
1386
2056
2706
2892
2728
3009
3581
4096
5143
5636
5856
5895
5654
5924
5785
6205
6732
7266
7870
7924
7713
7600
7664
6460
5888
5699
5331
5839
5155
4646
3461
1253
514
37
-647
-1132
-2523
-3763
-3961
-4893
-5828
-6341
-7366
-7031
-6971
-7431
-7719
-8994
-9692
-9337
-9130
-8289
-7229
-7149
-7244
-7689
-7703
-6541
-5238
-3755
-2893
-2771
-2189
-1796
-1184
-287
335
543
905
1559
1812
1210
643
553
571
1093
1432
974
475
317
392
730
1048
1638
1576
1198
1414
1996
2611
3537
4043
4483
5151
5239
5896
6064
7174
8178
8724
9409
9601
9631
9732
9539
8248
8003
7166
6986
7011
5643
4795
3047
1460
1266
588
-34
-699
-2153
-3003
-3333
-4530
-5202
-6188
-7284
-7120
-7556
-7886
-8470
-9715
-9774
-9511
-9203
-8127
-7614
-7613
-7682
-7896
-6996
-5523
-4315
-3177
-3193
-3351
-2786
-2640
-1846
-1042
-699
-298
-205
271
493
136
422
835
1324
2275
2476
2087
1618
1498
2101
2366
2548
2340
1476
803
917
1332
1749
1876
1934
2116
2294
3028
3683
4357
5115
5691
6591
7163
7491
7718
8167
8407
7747
7780
7160
7334
7358
6718
6258
4847
3532
2933
1985
1329
770
-502
-1288
-1964
-3578
-4640
-6090
-7175
-6967
-7246
-7341
-7913
-8983
-8964
-8629
-8071
-7161
-6738
-6728
-6543
-6701
-5919
-4916
-4422
-3699
-3701
-3211
-2563
-2501
-2096
-1626
-923
-166
13
322
655
709
1056
1430
1772
2407
2414
2182
1804
1631
2175
2282
2246
2511
2331
2106
1978
1824
2450
2684
3032
3348
3180
3667
3957
4156
4605
4535
5095
5344
5222
5283
5213
5024
4151
3791
3245
3714
4283
4347
3983
2394
1320
1119
864
803
480
-399
-879
-1230
-2375
-3449
-4774
-5589
-5380
-5586
-5772
-6369
-7707
-8136
-8048
-7594
-6133
-5490
-5474
-5786
-6376
-5710
-4648
-4120
-2922
-2683
-2349
-1562
-1554
-685
-143
254
978
908
1234
1666
1413
1513
1592
1630
2110
2108
2002
1637
987
1311
1706
2078
2662
2626
2630
2758
2895
3535
3966
4406
4872
4548
4334
4353
4348
4816
4833
4973
4966
4655
4659
4508
4563
3688
3306
2657
2568
3282
3304
2830
1184
-483
-908
-977
-1311
-1936
-3195
-4154
-4307
-5161
-5772
-6394
-6999
-6544
-6600
-6529
-6483
-7064
-7416
-7601
-6955
-5284
-3950
-3855
-4315
-4982
-4807
-3661
-3023
-2225
-1747
-1563
-1063
-893
-260
510
919
1373
1656
1842
2243
2371
2327
2546
2651
3123
3288
2976
2663
2173
2306
2690
2975
3129
2981
2717
2606
2698
2963
3574
3742
3883
4014
3981
4561
4770
5203
5637
5910
6445
6211
6289
6166
6308
5599
4587
3500
2608
2953
2838
2386
780
-1242
-2413
-2824
-3083
-3384
-4186
-5226
-5770
-6483
-7111
-7406
-8017
-7883
-7845
-7939
-7877
-8327
-8774
-8893
-8711
-7683
-6446
-5904
-5791
-6152
-5912
-4827
-3424
-2083
-1446
-1032
-553
-2
901
1679
2388
2811
2998
3345
3511
3681
3771
3549
3342
3327
3392
3449
3233
2978
3041
3230
3548
3845
3760
3732
3547
3486
3740
4030
4243
4150
4050
4099
4277
4400
4685
5000
5200
5548
5650
6034
6123
6197
6250
5263
4777
3402
3139
3764
4149
3727
1622
-771
-1805
-2136
-2408
-2687
-3723
-4430
-5218
-6894
-7998
-8906
-9183
-8850
-9256
-9428
-9566
-10214
-10676
-11054
-10460
-8633
-7173
-6529
-6500
-6812
-6159
-5081
-3731
-2268
-1497
-1043
-1108
-1031
-283
727
1679
2056
2183
2415
2677
2891
3166
3496
4039
4594
4783
4850
4574
4387
4376
4346
4670
4900
4806
4440
3916
3833
3964
4079
4178
4185
4240
4206
4257
4521
4945
5521
5845
6121
5912
5906
5687
5800
5437
4756
3774
2721
3000
3375
3594
2531
622
-625
-1327
-1663
-1786
-2354
-2929
-3635
-5010
-6386
-7366
-8029
-7815
-8016
-8415
-8762
-9446
-9876
-10172
-10152
-9385
-8157
-7346
-6836
-7190
-7424
-6958
-6050
-4617
-3251
-2480
-2089
-2064
-1670
-743
232
1023
1537
1846
2192
2441
2837
3372
3816
4208
4222
4066
3919
3742
3794
3937
4121
4326
4359
4244
4116
4004
4084
4305
4499
4658
4724
4756
4659
4726
4837
5001
5244
5200
5187
4974
5055
5050
5100
4842
3891
3273
2096
1991
2551
2997
3089
1640
-83
-1192
-1845
-1976
-2009
-2344
-2694
-3457
-5059
-6242
-7202
-7383
-6837
-7003
-7165
-7713
-8307
-8565
-8812
-8309
-7182
-6122
-5704
-5994
-6618
-6571
-5964
-4895
-3588
-2672
-1920
-1930
-2227
-1979
-1281
-133
784
1393
1691
1728
1728
1811
2190
2767
3465
3820
3721
3423
3139
3257
3581
4088
4509
4681
4462
4084
3913
4029
4477
4831
4899
4659
4345
4026
3891
3805
3981
4279
4436
4488
4256
4240
4000
3867
3787
3229
2802
1508
1024
1179
1562
1549
398
-1084
-2117
-2734
-3022
-3068
-3189
-3196
-3481
-4705
-5787
-6761
-6770
-6064
-5772
-5625
-5906
-6419
-6975
-7479
-7335
-6231
-4909
-4105
-4098
-4759
-4977
-4615
-3877
-2705
-1551
-590
-457
-940
-1265
-1005
-231
638
1263
1534
1478
1248
1128
1298
1979
2867
3498
3567
3272
3002
2979
3248
3689
4183
4515
4468
4143
3780
3692
3850
4024
4072
4008
4060
3911
3725
3501
3474
3595
3870
4039
3862
3502
3126
2801
2569
1998
1534
718
-236
-580
-806
-485
-651
-1422
-2322
-3215
-3876
-4077
-4059
-3785
-3414
-3768
-4548
-5469
-6211
-5904
-5363
-4845
-4538
-4779
-5112
-5681
-6016
-5540
-4397
-3356
-2876
-3115
-3491
-3418
-3008
-2199
-1230
-281
280
154
-170
-219
235
806
1320
1703
1824
1842
1833
1843
2037
2452
2791
2900
2852
2821
3000
3174
3290
3453
3571
3691
3789
3827
3867
3892
3830
3738
3483
3375
3376
3324
3212
2883
2547
2235
2232
2056
1824
1606
1386
1090
810
653
170
-258
-1272
-2023
-2229
-1868
-1171
-1210
-1939
-2782
-3763
-4312
-4477
-4315
-3588
-2986
-3308
-4095
-5268
-5855
-5459
-4827
-3974
-3359
-3248
-3298
-3922
-4453
-4066
-3201
-2009
-1272
-1254
-1336
-1698
-1929
-1673
-1185
-343
343
480
466
250
324
501
725
1424
2073
2513
2785
2560
2371
2386
2699
3326
3564
3805
3963
3662
3445
3305
3262
3516
3652
3595
3432
2979
2617
2290
2117
2292
2256
2169
1927
1465
1163
920
787
798
678
492
240
-196
-439
-662
-607
-885
-1093
-1796
-2812
-3241
-3215
-2265
-1538
-1535
-1819
-2472
-3233
-3663
-3680
-2966
-1776
-1202
-1297
-2101
-3233
-3494
-3505
-3050
-2415
-2170
-1912
-2170
-3007
-3409
-3344
-2636
-1685
-1279
-1040
-1079
-1417
-1607
-1598
-1014
-24
541
828
751
676
836
836
1083
1458
1871
2345
2460
2398
2401
2415
2743
2922
2843
2841
3009
3156
3253
3276
3210
3005
2392
2226
2372
2502
2366
1820
1142
313
56
81
64
16
-306
-739
-1265
-1641
-1514
-1242
-929
-757
-801
-767
-751
-662
-743
-498
-862
-1498
-1764
-1571
-527
181
393
206
-548
-1357
-1911
-2117
-1532
-382
305
359
-574
-1872
-2356
-2553
-2235
-1759
-1571
-1273
-1641
-2431
-2868
-2874
-2374
-1893
-1905
-1837
-1673
-1610
-1473
-1471
-1181
-579
-183
235
555
947
1317
1304
1303
1381
1766
2314
2756
2799
2681
2644
2415
2287
2059
2077
2263
2338
1884
1628
1209
925
692
655
820
780
696
401
-101
-622
-573
-511
-451
-703
-843
-1133
-1434
-1508
-1078
-876
-714
-671
-793
-665
-175
512
944
1212
1257
1531
1004
572
318
710
1805
2357
2342
1972
1163
307
-482
-925
-669
-128
103
10
-839
-1848
-2403
-2877
-2862
-2754
-2535
-2087
-2181
-2492
-2654
-2680
-2391
-2166
-2069
-1746
-1484
-1364
-1223
-1118
-625
-107
7
-16
-77
285
671
807
939
880
1115
1320
1226
1204
1196
1232
1075
960
585
450
539
312
324
290
249
-103
-228
-549
-728
-686
-461
-589
-742
-677
-432
-828
-648
-179
-228
275
219
403
411
859
1033
1238
1313
1893
1863
2129
2378
2262
2394
2271
2207
2061
1605
1412
1302
1377
1706
1562
1387
1221
813
273
-337
-826
-738
-567
-452
-484
-1023
-1543
-2091
-2441
-2383
-2400
-2124
-1725
-1751
-1732
-1833
-1746
-1577
-1632
-1682
-1570
-1434
-1146
-952
-818
-709
-712
-862
-795
-823
-730
-506
-484
-302
-420
-432
-594
-383
-584
-407
-482
-370
-210
-454
-24
-115
252
-35
-84
153
330
478
712
580
509
544
893
785
1095
1086
989
1258
866
1009
1269
1400
1840
2296
2342
2376
1681
1358
1145
1021
1340
1781
1875
2113
1909
1562
942
558
252
27
54
361
943
1283
1336
1021
623
149
-304
-576
-517
-181
173
239
-58
-717
-1250
-1811
-2249
-2429
-2424
-1971
-1707
-1824
-2044
-2354
-2549
-2752
-2933
-2848
-2644
-2327
-1965
-1751
-1690
-1744
-1977
-1969
-1902
-1380
-860
-337
-206
-290
-744
-771
-602
-272
6
389
757
809
1168
906
828
601
865
1063
1589
1805
2064
1569
1217
1610
1552
1299
930
800
890
1046
737
846
1120
281
224
159
-73
-215
370
976
905
585
672
818
392
635
838
900
1050
1265
1749
2124
2252
2263
1905
1148
503
412
1048
1669
2024
2421
2082
1158
23
-742
-863
-808
-547
-285
-524
-1143
-1765
-2317
-2678
-3058
-3077
-2746
-2663
-2685
-2584
-2344
-2059
-2048
-1917
-1883
-1906
-1816
-1307
-790
-262
75
49
179
-221
14
272
178
502
659
422
985
730
299
132
231
50
365
125
627
223
-50
26
-694
-716
-374
-264
-124
260
-94
-153
-500
-867
-455
-492
365
534
541
215
-378
-404
83
323
1173
1004
861
894
1020
1246
1155
1081
1381
1578
1591
1887
1635
1592
1864
2166
2210
1968
1700
1523
1044
690
660
924
1176
1170
1132
756
298
-180
-695
-854
-701
-517
-128
-91
-330
-617
-960
-1107
-1213
-1222
-825
-583
-541
-564
-660
-466
-486
-676
-857
-991
-812
-669
-493
-509
-556
-602
-920
-1155
-1397
-1404
-1311
-1258
-1340
-1691
-2012
-1958
-1741
-1904
-1403
-1170
-1160
-957
-1288
-758
-995
-757
-230
98
400
513
726
662
739
199
544
394
383
707
576
882
899
768
760
266
-14
75
-39
640
1268
1366
1132
559
91
293
403
710
867
977
1455
1760
1693
1463
1354
1437
1732
1915
2119
2302
2267
2108
1749
1452
1585
1739
1922
1920
1903
1801
1410
986
655
551
518
456
302
94
-92
-481
-959
-1324
-1610
-1719
-1870
-2008
-2202
-2296
-2285
-2282
-2446
-2619
-2587
-2597
-2290
-2260
-2092
-1924
-1557
-1458
-1318
-1376
-1678
-1740
-1374
-1104
-1280
-759
-261
-166
-1036
-706
-606
-946
-296
80
279
384
529
479
-48
-460
-411
71
380
781
441
241
-229
-572
350
-287
450
-422
793
731
817
450
495
899
710
1506
1334
1581
970
1433
1898
1604
1676
1853
2085
1945
1992
2082
2152
2204
2314
2577
2424
2210
1973
2041
2173
1810
1560
1128
1048
785
947
937
741
590
418
90
-429
-652
-638
-425
-499
-651
-884
-1195
-1470
-1538
-1525
-1562
-1611
-1519
-1427
-1552
-1611
-1389
-1161
-1288
-1403
-1368
-1324
-1615
-1010
-1264
-627
-1081
-1273
-1377
-1491
-1594
-1273
-1021
-1328
-1054
-1466
-857
-1174
-1411
-1004
-899
-1264
-879
-620
-1017
-478
-671
86
24
-169
239
-209
24
-552
551
242
672
673
346
724
-18
390
140
592
508
978
843
1250
733
441
793
692
1124
908
1340
1201
936
1236
1233
1325
1119
1614
1656
1881
1946
2236
2374
2026
2165
2167
2134
2148
2207
2177
1916
1659
1612
1501
1260
1106
929
793
605
419
527
314
122
-180
-270
-412
-542
-518
-408
-451
-769
-893
-1262
-1651
-2049
-1801
-1545
-1542
-1653
-1874
-1745
-2046
-2247
-2266
-2196
-1926
-1671
-1711
-1665
-1766
-2222
-1788
-1673
-2160
-1726
-1991
-2081
-1709
-1983
-945
-1579
-1172
-1521
-1770
-533
-1498
-683
-951
-509
-764
54
-144
-125
-291
-238
-265
-105
76
674
925
692
838
614
1237
1115
1567
1548
1915
2097
2472
2333
2279
2148
2699
2319
2895
3083
2965
2905
2496
2492
2699
2933
3096
2997
2822
3056
2751
2712
2659
2434
2328
2322
2259
2168
1990
1876
1650
1172
789
684
515
256
131
-12
-6
-156
-450
-783
-1245
-1544
-1822
-1979
-2076
-2105
-2255
-2621
-2642
-2954
-3136
-3346
-3640
-3782
-3703
-3423
-3223
-3367
-3547
-3183
-3351
-3486
-3361
-3177
-2799
-3258
-2689
-2793
-2522
-2150
-2317
-1909
-1805
-1626
-1123
-1048
-1213
-542
-69
41
901
762
989
796
918
1496
1349
2524
2845
2299
2200
2589
2474
3336
2197
2996
2667
3115
2710
2903
2575
2825
2844
2417
2747
1996
2347
2062
2695
2376
2804
2431
2304
1627
1665
1377
1784
1890
1827
2035
1631
1446
901
407
580
735
639
1046
776
748
137
-240
-587
-515
-581
-334
-537
-777
-999
-1236
-1505
-1850
-2056
-2112
-2180
-2270
-2292
-2578
-2649
-2824
-2896
-2965
-3075
-3066
-3100
-3129
-3126
-2993
-2782
-2653
-2749
-2667
-2494
-2369
-2388
-2014
-1772
-1196
-785
-620
-227
-136
-702
408
-164
379
720
1113
1493
1474
1627
1231
1513
568
1753
1469
1801
2378
2386
2335
2024
1862
1238
1781
1177
1997
2066
1987
2005
1634
1307
936
953
1035
1301
1267
1696
1299
999
604
619
521
1154
778
897
66
97
254
-203
-423
102
-275
-135
-228
-670
-822
-1033
-720
-663
-449
-475
-462
-853
-704
-1079
-1014
-1028
-963
-1121
-1034
-948
-928
-893
-582
-365
-510
-647
-888
-906
-734
-372
-84
129
269
350
206
-12
-147
-60
-12
206
425
706
773
879
693
322
236
247
77
363
433
478
317
395
8
-102
-426
-266
-317
-689
-623
-542
-772
-882
-511
-706
-622
-966
-806
-978
-1291
-1142
-609
-684
-632
-644
-381
-475
-308
-240
-547
-112
22
422
115
325
110
57
-353
398
1
160
557
162
-62
-331
-27
-185
-97
-69
29
-215
-128
-285
-50
-5
101
94
117
-64
262
21
-170
73
449
496
802
518
729
577
645
1235
1018
1273
1528
1428
1456
1661
1571
1736
1526
1410
1550
1542
1652
1436
1198
1248
1203
1133
1165
866
550
344
225
21
-127
-179
-207
-529
-831
-1079
-1233
-1456
-1625
-1798
-1813
-2070
-1990
-2049
-2131
-2280
-2310
-2342
-2322
-2381
-1933
-2176
-2206
-2144
-1830
-1547
-1664
-1518
-1656
-1478
-1186
-1021
-1034
-518
-886
24
-139
360
-550
633
-379
141
124
79
1187
30
1004
828
1369
661
1378
526
1012
1057
1263
1332
1490
1492
1693
1470
1340
1528
1259
1598
1006
1397
882
1254
775
1083
1111
1317
502
1362
666
607
576
445
394
98
262
385
179
-308
171
-440
-628
-927
-605
-654
-618
-735
-465
-956
-807
-690
-720
-850
-764
-639
-420
-464
-734
-583
-600
-407
-399
-157
-202
-249
-298
-182
-88
-235
-133
137
-278
-109
-87
-398
-401
-434
-338
48
-29
-123
73
-163
-166
-117
-279
-163
-379
-55
228
-162
-47
-161
-218
-389
-114
53
187
-106
-130
-753
-215
91
-576
447
-338
352
214
-153
-79
-392
-159
257
-121
-212
82
-523
-282
-339
-757
-307
-550
-567
-239
-606
-494
-631
-928
-776
-827
-660
-576
-899
-745
-1025
-615
-693
-557
-633
-704
-733
-460
-488
-25
-326
-221
-123
-228
89
478
372
470
489
540
911
449
956
828
951
1271
1444
1486
1483
1134
1570
1335
984
1629
1651
1699
1913
1465
1632
1230
1262
1244
1334
1318
1246
1271
867
916
502
337
245
252
-13
245
-295
-587
-726
-739
-1088
-1413
-1440
-1540
-1674
-1790
-1728
-1981
-2065
-2367
-2486
-2128
-2465
-2424
-2388
-2162
-2236
-2024
-2132
-1876
-2080
-2434
-1474
-2156
-1562
-1420
-1143
-878
-1028
-891
-187
-1002
-158
-262
-233
256
97
378
832
370
1003
791
740
1344
1033
1442
1043
1151
1350
1635
1605
1902
1549
1535
1793
1217
1712
1373
1819
1820
1798
1726
1536
1321
1231
1255
1386
1616
1150
1888
1210
1357
1395
702
918
862
1246
1326
1028
1369
824
424
582
280
437
235
276
133
82
-481
-358
-679
-745
-846
-1256
-1273
-1576
-1576
-1602
-1656
-1799
-2076
-1953
-2094
-2091
-2127
-2084
-2221
-1917
-1970
-1799
-1621
-1969
-1703
-1955
-1522
-1657
-1406
-1441
-923
-1069
-642
-611
-770
-319
-512
-111
-160
-269
348
418
479
577
519
654
927
888
1434
679
938
1223
1295
1445
1259
1551
1457
1358
1271
1694
1166
1465
1098
1207
1809
1029
1473
1311
757
1179
880
911
783
339
483
639
421
858
709
9
441
-355
-372
-338
-483
-336
-175
-487
-142
-566
-647
-641
-795
-949
-682
-720
-578
-215
-578
-463
-813
-167
-586
-65
-489
312
-227
113
15
-4
-254
202
343
203
602
389
501
111
415
-32
107
75
161
71
291
-17
207
-259
-295
-263
-239
-428
-50
-171
-315
-118
-622
-199
-534
-493
-375
-330
-656
-25
-759
-109
-399
-603
-581
-552
-483
-39
-320
174
-53
-492
112
-231
-223
46
-165
-108
278
-602
685
-413
252
378
-77
215
89
47
274
214
272
609
-148
232
22
-195
186
97
-11
-223
103
-115
171
75
282
83
408
500
756
527
382
663
765
785
925
1037
1049
1403
1419
1468
992
894
993
1107
1069
1212
1228
1286
1475
1091
1037
412
284
564
359
316
216
-22
221
-256
241
-407
-575
-686
-825
-901
-1302
-928
-1343
-1048
-1217
-1064
-1668
-1492
-1797
-1704
-2154
-1822
-2152
-1816
-1711
-1559
-1320
-1747
-1632
-1486
-1275
-1563
-1255
-1331
-977
-983
-492
-464
-330
-232
-350
93
-208
526
480
407
1032
592
1121
1017
1172
1247
1310
1641
1558
1698
1421
1805
1432
2134
1544
2033
2077
1840
2029
1603
1946
1530
1564
1482
1901
1146
1248
1342
893
1239
687
876
535
189
572
-44
337
47
162
353
-238
-236
-396
-418
-437
-361
-543
-596
-501
-666
-492
-1329
-489
-1384
-673
-1192
-895
-1148
-987
-1320
-1014
-1111
-1190
-1040
-1267
-1325
-1317
-1330
-1172
-891
-1333
-788
-1237
-814
-1243
-941
-1074
-948
-872
-631
-508
-558
-393
-445
-317
-322
68
-68
252
-36
303
188
415
547
797
492
1085
608
998
839
975
1192
1084
1433
1503
1420
1202
1356
1045
1143
1406
1474
1578
1315
1411
1213
892
1227
1018
882
972
993
894
651
330
480
21
332
-5
36
-59
34
-73
-142
-415
-207
-734
-232
-403
-345
-340
-88
-776
-439
-706
-195
-394
-782
-272
-987
-549
-463
-464
-637
-162
-597
-54
-471
-132
-415
-317
-444
10
-174
463
353
345
51
88
124
47
327
295
687
509
984
670
739
447
345
562
439
612
483
611
474
571
401
500
64
-30
209
-13
178
-16
324
-165
-120
-8
-314
-405
-479
-595
-495
-534
-232
-560
-341
-655
-630
-872
-873
-706
-822
-779
-701
-557
-653
-424
-714
-466
-732
-435
-281
-297
-204
-170
-160
-140
50
65
219
196
381
491
292
723
350
799
205
1107
440
1033
544
916
772
769
979
898
1274
892
1080
979
1136
1086
1047
921
1152
796
1508
821
1541
1019
1325
1213
1060
709
987
531
623
923
445
998
333
485
436
-150
304
-433
-92
-262
-63
-328
-257
-760
-620
-853
-843
-872
-1350
-1085
-953
-1371
-955
-1402
-1400
-1403
-1494
-1314
-1443
-1541
-1364
-1523
-1501
-1399
-1273
-1269
-1188
-1155
-1025
-1378
-1047
-1169
-981
-652
-874
-277
-678
-215
-262
-448
-188
-273
199
123
475
357
480
347
750
840
1015
953
1206
1063
1507
1347
1617
1776
1542
2108
1612
1893
1658
1786
1679
2172
1936
2126
1885
1942
1802
1730
1544
1681
1463
1254
1724
1049
1134
873
851
640
539
519
312
232
-67
-77
-167
-516
-137
-650
-558
-796
-761
-1071
-866
-1582
-810
-1351
-1079
-1125
-1449
-1244
-1559
-1648
-1795
-1438
-1756
-1017
-1650
-848
-1609
-1189
-1379
-1366
-1413
-1275
-1181
-1162
-753
-957
-481
-993
-401
-781
-558
-613
-391
-504
49
9
202
-17
129
2
373
137
586
521
761
666
784
1097
643
1214
815
1032
1232
1368
1316
1515
1342
1504
1426
1162
1550
1384
1320
1641
1139
1235
1299
1170
1005
884
777
1025
830
628
803
453
509
375
304
112
252
47
216
369
-37
385
-640
446
-410
32
-354
-150
-239
-362
-222
-466
-268
-709
-82
-860
-203
-885
-434
-679
-613
-923
-565
-799
-636
-707
-999
-743
-1217
-794
-1048
-881
-1035
-570
-841
-561
-753
-780
-944
-771
-934
-441
-607
-379
-477
-346
-214
-235
-152
-103
181
-214
310
2
349
203
447
257
645
532
843
592
723
473
638
357
753
571
478
643
587
534
237
376
132
372
9
538
144
390
52
22
-7
-168
231
241
83
380
-40
288
178
156
421
99
512
100
540
293
633
31
526
218
545
423
225
597
61
391
219
22
167
25
108
236
-165
-36
30
-348
-139
-537
-440
-295
-304
-418
-336
-766
-359
-752
-503
-698
-700
-654
-563
-418
-452
-456
-546
-455
-656
-297
-636
-279
-253
-376
-301
-93
-221
-41
-251
-29
-303
-287
-184
-51
-169
72
9
104
179
-91
15
-163
-96
-74
86
183
198
64
170
112
46
200
245
129
377
158
449
101
377
180
503
360
646
427
603
854
396
902
313
684
263
794
372
778
448
851
662
556
656
279
376
284
421
304
395
138
274
36
135
-177
-30
-317
75
-206
200
-325
-256
-450
-513
-363
-641
-361
-388
-241
-659
-493
-744
-646
-745
-643
-754
-666
-955
-580
-877
-759
-783
-952
-621
-952
-601
-803
-700
-892
-584
-740
-505
-676
-698
-644
-604
-446
-403
-516
-332
-357
-309
-96
-172
0
-116
-54
-53
256
113
319
156
522
389
507
564
280
573
385
742
666
606
676
443
728
539
736
703
776
678
643
832
431
790
282
806
373
656
670
440
509
578
397
421
296
354
296
85
170
25
43
-126
172
-278
-5
-389
-107
-308
-276
-425
-335
-421
-600
-258
-835
-438
-848
-576
-593
-606
-613
-517
-770
-504
-741
-702
-549
-589
-567
-308
-769
-550
-641
-797
-262
-708
-297
-581
-584
-678
-490
-533
-518
-467
-546
-160
-369
-301
-188
-450
-381
-201
-337
-113
-247
-301
-32
-197
-39
-177
184
-143
104
73
-20
175
-168
246
99
22
306
607
348
675
248
469
330
366
425
571
364
795
763
636
885
299
574
352
259
594
253
404
553
331
370
385
125
221
62
-9
196
-121
44
62
65
-171
48
39
-261
-49
-304
-199
-209
-105
-94
-95
-185
-303
-324
-328
-363
-275
-576
-382
-214
-673
-331
-734
-555
-505
-655
-609
-823
-770
-865
-478
-984
-680
-766
-863
-631
-1059
-879
-919
-806
-629
-543
-856
-573
-766
-563
-376
-532
-118
-514
-184
-139
-262
7
-169
23
191
221
429
190
201
410
264
441
527
234
654
484
574
619
335
525
399
534
485
483
568
604
493
494
520
244
515
420
453
535
445
621
251
286
352
151
327
264
276
64
195
-29
115
63
216
120
33
74
-207
80
-554
-210
-605
-320
-399
-343
-303
-471
-599
-666
-633
-829
-784
-947
-990
-880
-962
-503
-836
-666
-778
-907
-849
-967
-727
-984
-616
-536
-552
-586
-334
-387
-315
-249
-363
-34
-228
4
-28
84
46
216
292
259
298
108
330
328
269
443
378
490
494
593
578
625
479
606
549
550
518
399
399
759
305
570
452
459
302
496
219
257
231
215
267
14
246
36
205
-36
-95
-267
-104
-362
-96
-220
-147
-454
-398
-359
-567
-824
-648
-698
-818
-664
-744
-608
-884
-685
-662
-690
-590
-556
-688
-657
-590
-479
-451
-350
-224
-425
-138
-139
-171
-143
-33
-89
67
75
308
141
-31
132
72
147
175
197
400
507
317
488
165
383
296
493
527
584
520
668
515
416
513
515
507
785
482
639
566
341
638
482
598
566
472
391
545
247
371
77
110
67
137
229
88
91
-104
-168
-374
-494
-558
-757
-654
-614
-714
-723
-753
-749
-968
-813
-1021
-1000
-1291
-1067
-1129
-1134
-1144
-1042
-837
-934
-596
-774
-629
-817
-832
-770
-775
-647
-425
-509
-124
65
-92
158
-115
-25
-95
52
205
216
328
536
569
508
361
297
296
427
436
504
534
790
851
788
895
587
719
665
719
619
612
525
588
817
926
872
741
738
647
613
612
428
479
603
469
521
460
296
107
126
149
167
148
75
30
-220
-391
-533
-480
-577
-369
-591
-320
-506
-647
-656
-757
-808
-837
-749
-588
-596
-702
-623
-857
-827
-804
-929
-666
-676
-707
-549
-598
-569
-720
-536
-453
-586
-666
-399
-471
-499
-320
-206
-311
-165
136
43
13
-150
-21
-119
-52
-26
219
169
445
534
375
281
162
166
224
241
470
416
373
548
214
381
295
438
353
714
582
625
432
439
345
290
508
365
514
445
510
456
351
303
325
232
189
51
66
-127
-197
67
-33
-27
216
79
-17
-70
-147
-28
-244
-253
-189
-263
-214
-187
-280
-204
-3
-211
-178
-166
-352
-408
-404
-366
-334
-383
-204
-13
-194
-266
-429
-487
-612
-663
-658
-521
-497
-308
-261
-282
-404
-442
-360
-532
-507
-515
-336
-327
-187
-217
-175
-374
-232
-325
-291
-192
-84
59
48
139
246
98
185
39
-46
-81
-7
135
129
170
96
324
189
326
273
219
249
213
321
332
365
215
433
282
409
480
415
456
436
526
554
685
527
406
311
325
374
487
546
486
532
459
420
282
262
286
33
176
87
45
47
144
202
91
247
119
69
-161
-140
-232
-236
-256
-264
-176
-412
-380
-433
-497
-555
-540
-479
-582
-658
-508
-615
-708
-682
-680
-750
-721
-597
-525
-500
-469
-357
-594
-513
-376
-491
-450
-450
-379
-366
-212
-194
-105
-33
35
9
-189
-75
-75
-155
16
187
212
226
236
166
311
242
349
391
485
549
652
477
360
446
488
644
604
609
682
653
702
787
759
730
689
775
764
575
639
722
559
618
561
338
222
174
245
309
254
396
378
241
223
83
-86
-82
-267
-226
-278
-285
-192
-195
-175
-323
-432
-521
-475
-567
-586
-545
-620
-700
-639
-671
-662
-689
-705
-714
-827
-950
-904
-825
-750
-505
-418
-363
-356
-355
-466
-546
-650
-551
-385
-336
-196
-209
-176
-127
-26
46
131
167
251
263
238
197
249
291
258
243
342
351
421
498
481
611
597
623
723
692
705
677
612
588
641
654
698
678
686
812
798
824
814
764
724
578
500
451
538
574
527
417
442
388
310
192
134
56
39
104
23
-7
-63
-117
-235
-283
-374
-364
-421
-408
-453
-499
-418
-439
-490
-481
-500
-601
-698
-746
-754
-803
-808
-767
-783
-779
-804
-724
-577
-431
-223
-242
-351
-513
-694
-740
-764
-723
-595
-374
-158
35
87
107
38
-16
-56
-165
-206
-154
-9
159
304
445
487
508
528
384
248
271
332
360
513
613
706
769
865
850
728
546
419
442
572
679
774
860
872
867
825
718
669
636
620
700
678
642
562
550
452
363
333
380
410
263
182
107
28
-9
21
1
-47
-56
-42
-88
-150
-199
-298
-360
-395
-413
-351
-362
-370
-415
-441
-375
-340
-293
-362
-380
-416
-448
-425
-456
-457
-471
-511
-567
-659
-672
-588
-476
-405
-352
-340
-389
-394
-492
-569
-583
-550
-400
-298
-222
-144
-60
42
89
132
177
161
138
125
86
130
152
187
379
513
596
659
714
751
762
680
609
546
517
549
571
595
609
648
696
707
679
629
615
657
693
694
722
664
610
612
559
429
342
240
224
230
265
296
290
281
235
197
107
80
-18
-72
-105
-174
-185
-193
-185
-200
-201
-209
-221
-270
-266
-306
-268
-268
-245
-275
-334
-330
-357
-348
-336
-267
-234
-224
-187
-210
-222
-312
-344
-353
-411
-351
-333
-290
-224
-203
-196
-195
-204
-132
-95
-52
37
17
78
56
-3
2
-15
22
153
266
383
383
382
422
362
361
269
251
324
350
365
397
376
413
458
450
478
420
389
369
349
385
386
432
428
395
404
373
351
344
298
267
275
305
269
232
217
207
159
117
131
120
146
145
165
155
95
64
28
-55
-104
-139
-73
-79
-67
-20
-38
-33
-66
-47
-63
-60
-37
-19
-28
-49
-68
-140
-177
-211
-203
-237
-249
-181
-125
-51
-14
51
106
122
108
60
18
-74
-92
-123
-34
47
118
182
246
291
265
278
246
212
174
148
155
170
168
234
262
227
247
242
235
249
211
178
118
44
-4
-46
-100
-118
-91
-74
-23
77
129
184
184
176
95
29
-37
-57
-92
-90
-88
-64
-30
14
78
143
191
197
216
173
105
38
20
-27
-81
-132
-121
-109
-89
-90
-36
43
51
44
43
10
-65
-113
-161
-188
-209
-212
-173
-160
-142
-81
-18
36
37
109
78
51
6
-35
-63
-123
-133
-91
-68
-37
5
27
86
133
165
195
179
139
89
37
5
1
29
50
100
137
202
288
311
307
298
239
218
122
85
39
-12
-28
-23
52
99
117
175
185
169
148
100
107
74
24
18
16
15
25
74
103
115
120
101
110
142
100
91
66
7
-52
-134
-165
-156
-189
-156
-100
-61
-51
-60
-59
-83
-123
-171
-229
-232
-259
-289
-256
-264
-206
-158
-155
-100
-79
-63
-39
-53
-34
-68
-89
-109
-95
-130
-130
-105
-80
-71
-63
-27
-10
-20
-71
-82
-105
-96
-114
-139
-112
-122
-113
-78
-48
3
11
37
50
62
68
79
90
79
91
117
149
185
204
191
194
215
231
230
234
232
254
278
268
233
212
214
217
216
198
169
179
172
175
167
183
181
137
85
64
44
21
2
-31
-77
-115
-136
-147
-137
-161
-148
-122
-129
-102
-137
-159
-181
-227
-238
-267
-286
-287
-275
-282
-253
-275
-267
-245
-250
-276
-283
-247
-266
-281
-258
-273
-263
-266
-243
-226
-201
-164
-152
-124
-84
-105
-121
-118
-113
-110
-92
-54
-16
8
49
73
87
116
124
123
123
138
144
122
124
140
148
163
190
238
261
296
291
304
322
320
331
313
307
278
240
237
198
177
147
155
39
-34
74
57
-72
-100
-72
-151
-232
-164
-175
-241
-298
-205
-132
-183
-192
-250
-291
-411
-485
-497
-551
-514
-514
-451
-469
-447
-406
-404
-406
-451
-496
-543
-516
-490
-528
-568
-584
-559
-531
-455
-387
-369
-309
-274
-185
-142
-132
-99
-103
-89
-80
-99
-75
-13
42
82
114
113
126
165
193
217
194
177
142
164
177
145
138
151
149
192
236
229
257
259
287
268
246
185
118
115
92
112
114
106
97
107
122
113
106
74
43
37
28
-13
-55
-108
-109
-166
-163
-139
-120
-90
-57
-59
-53
-59
-93
-91
-136
-145
-170
-138
-121
-116
-84
-69
-48
-36
-50
-61
-71
-107
-102
-122
-109
-93
-94
-39
-35
-16
-16
-12
17
26
52
75
96
126
115
109
112
128
136
156
151
167
187
200
253
266
265
268
264
254
216
200
176
161
147
151
175
181
195
182
186
175
185
165
160
122
74
64
31
16
-17
-42
-60
-64
-58
-49
-40
-29
-74
-118
-144
-145
-187
-228
-239
-267
-261
-273
-288
-308
-299
-300
-303
-301
-279
-288
-288
-270
-260
-239
-204
-187
-179
-187
-178
-140
-111
-85
-65
-46
-7
36
67
49
18
34
14
24
38
22
51
60
47
74
80
95
92
60
73
84
91
102
90
113
121
120
130
118
122
113
92
72
70
66
55
64
65
80
85
86
92
88
71
78
70
62
33
9
0
-26
-37
-43
-27
-32
-25
-40
-31
-60
-86
-101
-97
-92
-83
-68
-86
-74
-82
-85
-96
-69
-87
-96
-106
-134
-135
-146
-146
-160
-160
-146
-115
-89
-59
-33
-35
-47
-76
-97
-112
-102
-106
-129
-111
-106
-112
-126
-93
-87
-87
-79
-51
-26
-22
-6
-16
-12
-21
-48
-53
-35
-40
-36
-21
13
24
25
26
18
-10
-13
-25
-16
-8
-13
-10
-13
2
-15
-7
2
-25
-33
-34
-59
-74
-69
-77
-100
-99
-120
-100
-90
-97
-92
-85
-106
-96
-73
-75
-54
-73
-64
-70
-75
-69
-61
-42
-4
16
10
34
43
57
91
90
101
101
85
98
109
91
120
117
111
133
134
135
135
125
98
78
83
45
20
7
2
-9
-29
-44
-38
-66
-94
-116
-138
-137
-167
-191
-194
-193
-197
-188
-191
-185
-189
-229
-248
-250
-267
-294
-292
-292
-285
-244
-238
-223
-217
-227
-194
-180
-196
-175
-173
-186
-194
-203
-201
-195
-203
-177
-136
-93
-75
-64
-47
-31
-28
-50
-38
-46
-53
-26
-10
12
44
75
74
88
107
104
92
68
45
40
37
38
22
20
19
12
29
16
32
30
36
41
32
25
3
-29
-63
-68
-80
-61
-52
-76
-72
-60
-61
-46
-41
-51
-34
-32
-32
-38
-84
-85
-62
-71
-31
-28
-21
1
14
6
8
5
-10
19
30
18
8
20
14
17
15
-3
32
32
24
42
35
26
16
-25
-14
-11
-17
-16
-14
-2
-8
-6
-23
-10
-11
-36
-37
-61
-63
-46
-51
-49
-38
-62
-50
-45
-43
-48
-64
-50
-41
-27
-33
-36
-45
-57
-81
-93
-90
-81
-73
-74
-90
-109
-106
-105
-85
-56
-59
-55
-48
-46
-59
-69
-88
-109
-90
-92
-66
-35
-40
-50
-55
-28
-29
-6
13
21
46
25
9
32
13
-3
7
-2
13
23
18
29
9
32
60
69
77
71
57
33
37
30
17
23
20
29
10
11
5
-19
-34
-29
-32
-31
-48
-64
-65
-79
-85
-60
-66
-54
-63
-81
-77
-79
-56
-76
-78
-104
-109
-99
-95
-109
-82
-100
-107
-87
-84
-60
-71
-67
-77
-68
-66
-72
-86
-91
-105
-89
-74
-84
-69
-72
-69
-66
-69
-59
-13
-2
3
-11
-4
9
3
-13
-32
-31
-20
-9
-6
1
-9
-5
-7
7
20
45
34
33
34
48
71
62
92
83
73
73
68
79
73
79
82
111
125
138
148
136
151
132
120
123
113
121
127
110
86
69
49
50
38
26
45
43
36
27
25
23
12
9
13
13
2
-20
-37
-47
-45
-63
-75
-72
-87
-81
-95
-99
-82
-113
-128
-121
-118
-110
-116
-114
-112
-128
-105
-113
-103
-95
-114
-109
-101
-94
-81
-88
-81
-77
-73
-81
-76
-64
-74
-75
-85
-61
-66
-78
-72
-79
-89
-93
-85
-72
-64
-63
-46
-10
-1
-10
10
31
34
50
58
74
80
52
65
47
28
26
27
47
45
31
38
40
55
67
75
78
84
62
62
56
50
67
65
60
44
36
39
41
47
63
46
55
73
68
86
72
66
74
79
74
63
62
75
82
84
72
84
75
68
82
68
81
75
61
54
37
25
26
9
18
14
9
-1
-34
-57
-79
-95
-89
-89
-102
-84
-96
-104
-109
-125
-144
-133
-132
-135
-132
-148
-161
-147
-135
-122
-121
-146
-138
-125
-105
-103
-113
-104
-104
-92
-78
-75
-71
-70
-70
-70
-72
-64
-72
-77
-70
-64
-45
-35
-42
-48
-51
-42
-49
-41
-33
-52
-54
-82
-84
-85
-90
-104
-102
-109
-122
-117
-138
-113
-104
-128
-125
-134
-143
-159
-188
-202
-211
-202
-205
-197
-202
-220
-221
-229
-238
-244
-218
-218
-220
-234
-227
-213
-214
-201
-191
-175
-171
-180
-165
-157
-140
-122
-126
-88
-68
-76
-54
-52
-52
-19
-10
-3
12
-4
4
21
23
12
3
-1
-18
-9
-29
-33
-2
-23
-8
14
5
28
20
26
26
24
30
27
29
30
29
47
35
29
53
36
34
48
56
57
58
47
64
50
36
40
38
23
15
7
-20
-38
-48
-66
-104
-128
-162
-167
-181
-201
-196
-222
-217
-212
-239
-234
-255
-290
-285
-296
-296
-293
-314
-309
-327
-331
-343
-317
-309
-329
-333
-343
-334
-321
-320
-322
-302
-305
-292
-292
-277
-248
-235
-222
-198
-200
-179
-161
-161
-160
-151
-123
-116
-98
-68
-76
-48
-29
-19
28
27
47
83
74
98
109
108
124
109
119
131
148
157
168
173
159
163
152
135
153
148
128
126
97
78
71
60
69
86
61
46
45
7
-19
-44
-40
-36
-40
-51
-62
-70
-70
-84
-103
-103
-87
-95
-83
-90
-98
-98
-108
-112
-98
-93
-79
-75
-76
-88
-91
-86
-75
-71
-80
-58
-54
-65
-59
-73
-68
-54
-77
-72
-68
-67
-53
-47
-48
-39
-55
-59
-38
-44
-27
-25
-5
8
10
15
6
22
40
34
44
72
89
102
119
122
134
125
122
141
132
115
136
146
137
132
121
101
92
95
103
112
127
143
150
147
136
111
93
89
83
106
121
105
103
101
72
77
57
39
60
36
43
30
19
3
-39
-42
-44
-53
-46
-40
-49
-56
-76
-86
-92
-106
-117
-111
-105
-106
-98
-91
-96
-116
-105
-94
-94
-93
-83
-56
-61
-58
-56
-52
-50
-62
-58
-51
-52
-37
-27
-21
-15
-22
-11
19
14
46
50
62
87
96
102
111
124
118
129
127
134
135
136
123
142
126
105
127
120
123
141
156
152
158
138
131
142
149
150
167
162
146
152
127
136
152
138
133
122
118
108
77
44
27
21
-1
-17
-16
-26
-24
-32
-40
-23
-29
-55
-60
-59
-77
-82
-104
-95
-90
-88
-85
-94
-87
-83
-81
-99
-100
-111
-120
-106
-108
-128
-130
-141
-152
-123
-121
-110
-110
-102
-128
-110
-118
-115
-108
-108
-110
-101
-87
-82
-59
-70
-53
-36
-16
-21
-3
3
9
16
12
27
61
79
103
119
119
126
99
79
73
70
76
93
92
100
103
103
116
117
103
109
132
131
157
130
135
140
116
89
103
101
93
75
30
13
7
1
-7
-20
-49
-56
-73
-97
-99
-111
-152
-140
-140
-158
-158
-161
-170
-153
-143
-141
-122
-119
-143
-131
-128
-133
-129
-135
-148
-147
-161
-162
-158
-178
-187
-196
-169
-151
-159
-130
-130
-122
-111
-132
-111
-89
-95
-91
-55
-22
-9
-12
4
23
39
62
86
131
140
146
175
177
184
197
212
216
215
221
238
256
249
236
245
248
248
245
241
227
227
226
231
247
228
210
193
181
164
146
128
95
54
42
31
30
28
15
-3
-22
-30
-39
-44
-44
-73
-92
-89
-117
-125
-132
-154
-183
-207
-211
-223
-234
-253
-262
-256
-270
-271
-255
-253
-251
-253
-247
-236
-223
-231
-220
-221
-231
-205
-208
-183
-154
-135
-111
-100
-98
-107
-114
-118
-79
-59
-27
-23
-34
-18
-6
2
22
59
44
70
81
90
107
99
103
96
98
105
116
123
130
123
121
144
140
123
138
155
158
151
158
174
185
165
153
174
181
169
151
151
163
144
130
112
103
97
69
71
69
61
65
67
56
59
54
54
41
36
36
26
18
8
8
-20
-37
-49
-68
-73
-90
-79
-69
-96
-105
-103
-92
-83
-95
-87
-75
-79
-74
-66
-60
-59
-56
-49
-23
-5
-9
21
31
46
45
48
54
74
84
111
133
136
149
146
150
142
146
161
175
183
190
195
196
198
210
224
232
246
246
269
299
311
312
310
307
307
295
298
313
303
312
320
328
312
301
290
289
290
277
268
256
232
221
197
190
186
175
159
148
147
150
154
150
138
124
114
88
85
84
76
85
74
68
86
49
26
35
25
32
27
38
37
21
11
-5
14
13
-2
5
-1
-8
-27
-48
-57
-48
-62
-32
-28
-30
-24
-22
-11
-1
21
57
78
71
100
105
114
113
100
114
122
139
147
140
134
121
121
112
120
119
114
117
138
154
168
178
151
158
143
126
141
172
171
178
196
187
221
211
207
222
202
182
179
189
182
162
136
116
114
111
114
106
107
118
113
124
121
107
100
97
83
91
104
95
99
91
100
120
117
96
77
68
71
86
61
58
68
56
81
88
105
116
108
92
78
57
45
43
42
29
41
60
67
74
82
74
74
74
68
96
98
114
139
142
140
136
141
146
146
149
151
130
129
121
140
150
140
180
166
181
190
182
196
198
191
192
217
215
230
216
205
205
205
204
190
194
188
195
195
188
199
183
181
179
170
163
149
144
125
119
113
109
97
89
72
61
56
51
62
50
32
1
-24
-35
-55
-65
-69
-93
-74
-69
-86
-66
-65
-68
-61
-78
-72
-61
-67
-46
-27
0
2
8
26
29
38
41
52
90
71
71
83
84
101
110
121
146
149
141
166
161
149
160
160
173
181
177
200
218
217
222
214
218
237
236
239
221
207
204
175
163
153
147
153
126
120
114
106
118
97
97
93
64
57
66
77
69
82
95
92
81
80
81
95
102
105
112
113
109
108
101
105
101
92
108
100
83
68
42
16
-4
-19
-16
-30
-20
-22
-25
-14
-12
-5
-14
-8
-3
8
16
22
38
34
45
33
35
40
30
26
37
23
21
21
30
37
34
37
24
15
9
-2
-8
-16
-14
0
4
0
-3
5
10
13
41
56
68
65
59
79
73
83
88
98
105
101
95
91
90
90
75
76
68
45
48
36
25
13
31
40
48
56
42
41
30
27
54
51
46
63
70
83
78
90
81
88
75
61
80
63
58
32
19
17
5
-5
0
-7
-4
11
5
18
9
18
11
16
29
45
58
29
41
27
1
-4
13
11
11
14
15
5
-4
-7
-13
7
-11
-12
-13
-18
-13
-15
-26
-17
-15
-11
10
8
16
24
27
41
53
43
49
43
58
72
70
96
85
74
62
64
84
80
71
60
31
48
59
65
82
62
60
58
47
53
60
63
54
43
35
35
41
47
33
32
34
46
43
50
53
46
50
43
48
54
38
30
28
30
26
20
14
8
-7
-18
-18
-7
-7
-46
-54
-41
-68
-55
-56
-71
-62
-68
-66
-50
-51
-51
-55
-48
-27
-13
-21
-27
-15
-23
-18
-3
4
9
7
-7
7
-3
8
42
41
48
63
74
97
96
113
139
163
166
151
156
172
174
178
177
183
177
161
177
164
164
144
151
139
124
115
102
95
69
63
53
58
47
20
3
-10
-28
-28
-31
-62
-64
-60
-59
-50
-65
-88
-78
-87
-98
-99
-116
-122
-121
-129
-120
-108
-117
-122
-139
-137
-132
-132
-129
-120
-106
-106
-108
-102
-77
-53
-30
-32
-20
-7
-28
-16
-1
28
38
61
58
75
83
82
91
99
108
115
126
146
142
152
184
191
196
196
194
197
218
219
220
220
212
194
183
192
189
175
167
165
166
161
159
148
145
145
133
121
115
87
72
45
41
51
42
37
23
2
-21
-34
-36
-38
-67
-87
-112
-116
-104
-106
-98
-90
-107
-121
-135
-134
-137
-150
-161
-150
-157
-157
-165
-170
-155
-167
-163
-161
-159
-161
-147
-136
-147
-145
-146
-135
-127
-109
-114
-121
-78
-67
-58
-44
-30
-2
-8
-3
17
26
53
41
53
77
73
81
94
93
117
120
121
140
153
168
167
178
197
193
190
173
190
216
212
208
216
204
207
195
198
201
184
176
162
172
136
116
111
98
108
105
107
102
97
76
81
83
83
76
69
64
48
65
76
72
73
64
43
62
63
41
50
32
38
40
25
21
22
27
28
28
29
40
39
57
47
49
50
47
45
31
39
42
42
47
39
32
21
8
12
18
5
1
1
-9
-19
-12
-2
-19
-21
-41
-22
-8
-12
-1
-10
-17
-32
-21
-17
-5
2
-2
-4
-6
-7
-1
23
8
7
18
8
-4
-10
4
12
7
17
29
26
18
25
26
38
27
26
55
38
66
60
62
65
58
78
78
63
71
67
59
56
48
51
62
41
40
52
28
12
33
16
5
4
5
17
12
-4
-7
-12
-35
-35
-36
-37
-32
-34
-33
-15
-36
-53
-40
-46
-46
-52
-71
-63
-82
-96
-94
-96
-102
-113
-106
-109
-103
-88
-72
-55
-39
-64
-63
-56
-69
-39
-21
-29
-22
-26
-29
-13
-1
15
23
20
-9
-9
9
7
-9
-7
-1
12
15
-15
18
20
0
18
21
37
28
16
39
50
63
84
93
99
81
85
97
99
109
104
120
104
79
78
66
54
58
61
60
35
1
-8
-9
4
1
4
-22
-33
-27
-43
-27
-36
-53
-48
-54
-62
-68
-75
-74
-92
-109
-105
-108
-114
-124
-130
-136
-151
-144
-163
-168
-171
-195
-189
-205
-225
-203
-208
-210
-192
-224
-220
-208
-192
-180
-154
-173
-173
-151
-165
-135
-107
-104
-81
-71
-83
-51
-33
-35
-19
9
-1
-14
-15
-25
-10
15
28
52
28
15
31
41
44
49
42
60
70
69
75
84
93
79
86
90
95
90
74
82
76
73
77
100
99
106
121
95
76
54
53
58
51
26
47
41
19
8
-14
-3
-8
-18
-30
-38
-45
-50
-51
-32
-41
-42
-49
-79
-73
-54
-35
-53
-64
-49
-50
-38
-51
-47
-37
-33
-41
-56
-56
-67
-65
-67
-46
-45
-64
-50
-63
-55
-41
-58
-36
-31
-48
-35
-42
-24
-19
-23
-5
5
9
17
18
17
20
25
36
37
35
21
18
9
0
-3
-17
-16
-19
-20
-39
-43
-29
-57
-45
-37
-50
-29
-21
-31
2
-8
-5
22
10
14
16
2
5
8
-6
-2
2
-9
-12
-20
-45
-32
-26
-29
-23
-37
-69
-61
-62
-73
-72
-72
-70
-63
-72
-75
-71
-95
-98
-88
-81
-77
-74
-83
-67
-59
-50
-46
-46
-44
-45
-44
-39
-24
-42
-37
-43
-53
-49
-46
-42
-33
-31
-26
-12
-35
-51
-59
-51
-48
-39
-23
-16
-12
-34
-30
-6
4
13
55
63
70
66
74
72
54
50
71
70
65
57
42
44
37
33
31
31
25
22
48
47
70
65
59
58
44
52
61
51
49
66
57
62
53
41
29
16
7
20
31
11
1
-5
13
4
-22
-19
-24
-37
-47
-39
-39
-48
-59
-54
-43
-52
-69
-84
-78
-77
-84
-77
-66
-75
-91
-91
-99
-86
-79
-62
-69
-72
-77
-92
-91
-90
-81
-75
-69
-66
-60
-56
-56
-65
-73
-56
-52
-58
-53
-36
-27
-31
-26
-11
0
0
-16
-17
-15
-18
0
-3
-10
-25
-27
-30
-7
1
-19
4
-24
-28
-31
-41
-24
-26
-28
-15
-3
-14
-21
-12
-17
-15
-31
-29
-8
-14
-7
-16
-21
-24
-11
6
29
20
15
23
7
0
-5
-3
11
38
35
35
37
37
18
29
24
6
12
11
35
43
39
43
37
45
65
72
77
72
61
61
60
55
69
55
53
43
17
20
-4
-17
1
-11
-4
-11
-16
-8
-2
1
22
27
21
30
27
29
20
25
34
19
10
-7
-16
-23
-31
-16
-17
-37
-33
-36
-32
-25
-18
-9
-1
-11
-31
-48
-38
-37
-25
-20
-36
-31
-51
-59
-51
-69
-57
-65
-68
-45
-69
-78
-99
-109
-79
-66
-66
-77
-95
-106
-113
-102
-80
-71
-60
-66
-62
-51
-42
-22
-32
-30
-18
-22
-9
-1
-5
6
13
20
35
40
38
31
0
12
19
16
39
5
-11
-7
-15
-4
13
-8
-10
0
4
4
13
13
12
26
13
38
40
39
37
46
39
44
45
19
20
-1
-9
1
-12
-24
-32
-63
-76
-77
-74
-68
-77
-70
-62
-75
-64
-85
-86
-76
-95
-92
-81
-85
-100
-91
-105
-88
-89
-95
-78
-81
-63
-57
-51
-44
-33
-27
-32
-29
-34
-45
-55
-66
-58
-36
-31
-30
-24
-23
-14
-25
-7
9
12
38
45
51
66
77
80
86
81
89
103
99
92
88
65
58
56
37
45
19
-11
-11
-6
-25
-36
-31
-50
-56
-45
-58
-54
-62
-90
-94
-101
-115
-102
-119
-126
-135
-155
-144
-167
-161
-181
-190
-165
-199
-184
-191
-210
-217
-220
-209
-207
-205
-222
-245
-254
-243
-245
-235
-218
-202
-201
-201
-231
-220
-196
-173
-151
-122
-114
-102
-102
-121
-78
-63
-62
-46
-52
-40
-39
-33
-27
-21
-15
-23
-22
-17
-23
-14
21
22
44
49
52
71
72
68
76
74
99
85
78
85
67
62
49
47
54
39
32
26
-4
1
6
-5
-8
-19
-20
-33
-32
-22
-30
-22
-37
-40
-36
-34
-37
-34
-19
-12
-2
12
10
10
21
39
54
57
74
76
59
33
55
51
62
61
38
42
23
32
51
57
50
46
46
53
46
44
39
37
39
32
49
46
45
31
18
14
-3
-16
-24
-36
-53
-63
-58
-64
-61
-81
-98
-87
-100
-98
-86
-88
-77
-77
-65
-67
-81
-89
-89
-81
-78
-95
-99
-112
-124
-115
-110
-108
-102
-96
-101
-93
-97
-92
-87
-82
-88
-93
-116
-138
-139
-159
-166
-159
-145
-154
-151
-150
-144
-133
-108
-79
-81
-75
-69
-51
-50
-36
-48
-32
-24
-18
9
16
33
31
27
33
41
37
33
43
54
44
50
53
40
45
42
27
44
44
38
30
28
13
-10
7
8
33
44
33
44
41
23
27
36
-2
2
-6
4
12
-6
-4
-3
-1
-17
-22
-39
-49
-55
-64
-45
-39
-57
-62
-64
-75
-72
-64
-51
-67
-58
-70
-86
-81
-94
-81
-69
-58
-67
-72
-63
-69
-46
-37
-20
1
-14
1
16
15
14
23
39
44
43
44
54
56
55
76
85
67
55
73
84
69
58
42
48
42
27
37
43
26
8
22
31
35
12
12
15
0
-3
8
10
7
2
-5
0
-12
-27
-42
-36
-63
-65
-54
-71
-59
-60
-62
-68
-75
-88
-89
-92
-78
-73
-57
-79
-69
-53
-66
-39
-37
-30
-21
-22
-21
-14
-8
5
8
17
12
24
36
34
48
37
39
32
10
14
25
22
36
28
24
35
42
45
47
33
30
43
48
54
48
44
61
68
70
63
66
65
53
67
73
68
40
37
53
56
62
73
79
73
51
38
46
38
43
41
37
34
23
23
27
34
23
28
52
62
65
47
42
48
51
65
83
75
75
69
63
69
56
43
56
52
72
83
74
59
44
39
52
64
69
94
62
63
69
63
79
90
109
109
103
102
98
103
98
106
119
125
128
115
99
101
107
106
113
111
90
69
63
60
45
65
41
35
18
15
34
8
4
0
-10
-8
4
-10
-5
8
-10
13
3
14
27
31
46
40
23
27
30
17
14
10
22
29
29
23
22
34
44
49
44
53
49
59
54
65
72
63
64
80
88
81
92
88
95
110
90
90
109
103
113
103
87
84
80
82
95
106
110
91
86
91
85
97
87
77
73
59
61
55
43
37
43
48
56
65
39
49
65
45
71
70
77
73
58
57
45
47
37
29
44
59
62
79
76
74
74
56
83
82
68
78
66
71
69
66
57
71
76
75
85
93
103
102
118
122
141
118
104
113
133
162
174
161
154
129
121
135
150
145
129
130
125
128
119
126
108
93
73
71
64
43
58
63
46
70
69
47
62
48
48
48
47
57
43
23
24
21
9
13
4
28
22
14
5
-21
-22
-14
-22
-36
-54
-53
-61
-48
-56
-53
-71
-110
-94
-93
-90
-90
-107
-101
-81
-88
-82
-68
-84
-106
-116
-109
-89
-90
-87
-80
-58
-58
-51
-30
-34
-28
-26
-21
-5
1
15
37
49
47
56
53
75
84
81
72
52
49
53
54
58
57
32
44
41
41
38
14
17
25
20
43
46
53
56
58
52
30
35
51
48
52
61
51
56
64
66
95
76
62
83
60
59
55
29
28
28
21
40
46
25
18
9
9
13
21
31
17
25
32
27
35
27
24
27
17
22
15
1
-5
-29
-16
-2
-20
-12
-17
-31
-28
-19
-4
17
9
2
-13
-14
-31
-25
-35
-58
-49
-63
-78
-77
-91
-91
-107
-122
-131
-128
-111
-117
-125
-120
-134
-149
-142
-133
-117
-114
-111
-108
-109
-123
-114
-114
-90
-95
-99
-81
-94
-68
-71
-89
-61
-74
-74
-67
-75
-58
-42
-50
-40
-61
-48
-40
-44
-25
-24
-21
-25
-27
-37
-32
-8
-9
10
7
4
19
21
39
43
39
57
63
60
60
51
47
48
31
18
11
10
4
-3
11
-11
-7
-24
-18
-18
-17
-14
-32
-23
-25
-9
3
-16
-38
-46
-50
-53
-51
-51
-34
-42
-68
-78
-88
-85
-85
-76
-85
-84
-78
-88
-80
-82
-66
-78
-63
-37
-42
-33
-65
-77
-79
-78
-68
-55
-54
-41
-29
-34
-33
-22
-35
-51
-64
-62
-58
-48
-46
-57
-73
-84
-99
-99
-85
-85
-70
-55
-46
-27
-28
-9
18
14
22
45
53
50
41
40
43
34
23
16
17
19
5
-7
3
7
-14
-23
-18
-28
-45
-52
-56
-43
-42
-53
-44
-61
-55
-73
-67
-48
-46
-43
-37
-25
-49
-45
-52
-54
-42
-62
-80
-77
-64
-76
-93
-113
-120
-122
-132
-148
-151
-161
-155
-143
-154
-134
-147
-171
-142
-108
-111
-103
-109
-126
-118
-118
-125
-113
-107
-104
-92
-95
-57
-51
-51
-58
-50
-44
-49
-35
-59
-37
-51
-70
-40
-37
-42
-41
-39
-34
-22
-31
-37
-32
-42
-42
-24
-12
-1
-5
-5
-7
8
16
3
-5
-23
-20
-23
-17
6
-4
-8
-12
-24
-36
-49
-61
-48
-50
-60
-56
-73
-65
-59
-68
-62
-70
-86
-77
-88
-77
-71
-97
-103
-106
-108
-100
-98
-94
-83
-81
-75
-80
-74
-82
-93
-100
-103
-105
-104
-108
-106
-97
-111
-130
-131
-127
-112
-86
-88
-82
-92
-95
-78
-72
-71
-77
-69
-64
-68
-61
-57
-71
-68
-70
-71
-67
-73
-89
-98
-102
-96
-94
-89
-85
-75
-71
-77
-58
-58
-61
-55
-58
-61
-54
-71
-90
-84
-73
-67
-65
-64
-57
-60
-85
-87
-65
-67
-66
-54
-76
-82
-91
-107
-96
-104
-121
-112
-119
-111
-132
-131
-122
-140
-130
-124
-98
-119
-137
-139
-134
-136
-137
-146
-149
-153
-159
-164
-165
-163
-167
-168
-164
-164
-142
-142
-134
-127
-130
-129
-124
-120
-119
-106
-126
-131
-133
-130
-119
-115
-125
-132
-116
-120
-121
-107
-92
-82
-85
-92
-93
-101
-97
-79
-83
-80
-67
-86
-88
-73
-83
-71
-47
-57
-64
-85
-103
-103
-96
-110
-99
-88
-114
-111
-117
-118
-108
-89
-87
-88
-81
-70
-40
-46
-51
-47
-57
-59
-83
-91
-79
-83
-78
-63
-68
-70
-76
-84
-67
-63
-73
-76
-79
-63
-66
-81
-90
-94
-111
-122
-128
-138
-142
-162
-148
-133
-140
-137
-139
-144
-134
-137
-133
-120
-110
-93
-126
-138
-134
-121
-94
-103
-119
-117
-103
-98
-88
-87
-91
-103
-104
-105
-91
-114
-124
-124
-138
-134
-126
-120
-116
-123
-135
-143
-130
-110
-109
-111
-110
-117
-119
-122
-112
-98
-93
-107
-87
-78
-102
-90
-94
-95
-74
-102
-109
-97
-123
-118
-100
-103
-90
-90
-96
-78
-72
-56
-43
-43
-29
-25
-19
-19
-14
-7
1
0
-10
2
17
-1
9
4
0
11
-2
-4
-6
-25
-40
-38
-38
-30
-41
-57
-42
-55
-69
-57
-72
-63
-36
-28
-32
-33
-40
-29
-29
-10
-4
-17
8
-6
1
-3
-15
2
-4
-1
5
15
18
34
13
7
8
-3
-1
-21
-19
15
34
7
-7
-12
-33
-43
-39
-25
-17
-10
-1
10
7
-4
2
1
-18
-17
-17
-9
-7
-8
-8
-14
-32
-55
-45
-44
-50
-78
-81
-71
-56
-37
-36
-21
-20
-33
-44
-73
-76
-81
-84
-48
-24
-1
-4
-24
-38
-47
-48
-53
-19
-12
-23
-17
1
14
6
-25
-42
-54
-58
-31
-12
-16
-11
-45
-42
-30
-40
-22
-33
-28
-36
-51
-62
-75
-70
-58
-62
-60
-66
-94
-98
-108
-104
-91
-87
-53
-36
-37
-71
-104
-133
-149
-137
-146
-131
-103
-104
-106
-125
-128
-130
-132
-121
-101
-90
-97
-90
-80
-64
-61
-74
-90
-78
-102
-102
-81
-85
-57
-60
-68
-38
-18
-25
-21
-22
-41
-25
-4
10
32
36
12
27
25
16
48
56
63
64
83
105
100
104
97
102
122
120
128
101
103
107
114
111
103
106
82
61
62
65
68
71
53
50
56
32
44
46
53
50
38
49
52
34
30
24
11
-5
11
17
15
16
-8
1
15
23
27
19
9
14
22
20
11
23
7
11
32
22
34
25
25
37
42
40
37
24
20
26
49
61
60
48
20
23
32
46
63
72
75
62
56
49
44
43
42
27
16
29
27
21
23
31
37
39
35
45
24
14
7
24
23
10
14
20
14
7
-9
-6
-13
-22
-24
-51
-41
-46
-54
-70
-70
-66
-74
-67
-94
-111
-92
-113
-104
-84
-99
-88
-85
-80
-52
-52
-44
-40
-42
-44
-39
-29
-31
-22
5
-1
18
22
1
18
22
28
30
39
40
44
56
41
36
63
73
85
104
103
115
106
120
137
136
122
120
126
110
114
119
106
98
105
108
128
116
108
100
111
126
127
120
