-10
-20
-23
-35
-34
-38
-40
-45
-51
-51
-42
-24
-14
-19
5
-10
-20
6
-8
-6
3
6
5
6
4
19
24
23
30
26
44
40
28
30
23
40
23
21
25
4
9
8
-1
11
3
0
3
8
7
20
9
18
45
27
42
43
39
41
46
34
41
53
43
36
64
55
42
50
41
68
62
71
74
78
91
59
78
72
58
64
58
50
65
64
36
55
60
49
38
53
46
34
50
36
46
51
31
43
42
27
52
39
32
33
46
33
40
52
34
47
27
35
48
27
28
30
21
15
22
29
25
21
14
4
-2
18
1
-17
1
-8
-14
11
-10
-6
12
-16
-12
-21
-35
-38
-33
-38
-36
-45
-42
-17
-30
-32
-20
-35
-29
-38
-33
-26
-17
5
-9
9
1
-14
-11
-24
-37
-44
-51
-56
-55
-38
-36
-39
-12
-19
-15
-9
-17
-11
-11
-46
-54
-42
-55
-57
-79
-89
-76
-94
-100
-93
-97
-75
-80
-67
-56
-73
-66
-60
-67
-64
-61
-79
-72
-72
-59
-61
-65
-53
-54
-49
-55
-49
-41
-20
-40
-30
-26
-30
-36
-57
-51
-47
-59
-69
-65
-68
-56
-63
-40
-53
-43
-13
-37
-22
-22
-36
-16
-13
-18
10
7
9
28
29
28
21
23
20
35
27
27
37
31
40
44
36
22
23
12
12
4
6
9
26
34
41
61
51
75
82
71
88
96
92
90
94
80
63
49
56
30
36
27
42
52
19
26
36
26
13
15
12
20
21
13
20
19
-4
1
3
1
9
-8
13
0
-1
20
3
1
0
15
26
7
5
30
26
21
21
51
62
56
66
66
70
69
64
68
55
46
47
35
32
18
24
24
43
39
31
48
17
21
-4
-4
9
5
14
22
16
14
32
16
12
9
0
-1
4
13
24
36
31
43
41
34
53
47
24
33
37
22
44
28
18
25
20
13
7
18
26
16
7
6
5
-7
17
20
-6
10
9
11
-4
6
-3
-2
-7
-11
-15
-8
-8
-9
-8
-18
-20
-14
-19
-25
18
22
24
42
42
44
40
35
40
48
47
53
70
74
80
68
80
73
60
61
57
77
72
71
64
75
64
68
82
68
83
62
81
65
60
64
60
59
50
41
29
18
21
5
14
22
3
30
42
27
32
51
51
73
52
42
47
28
35
40
22
1
12
8
-7
-17
-21
-21
-11
-13
-15
-12
-23
-22
-10
-20
-17
-11
-29
-27
-32
-40
-60
-41
-55
-68
-52
-72
-56
-68
-62
-68
-92
-63
-63
-68
-48
-56
-51
-57
-63
-45
-72
-65
-58
-57
-35
-55
-59
-36
-53
-33
-52
-81
-85
-95
-84
-85
-82
-79
-57
-33
-33
-18
12
-6
10
13
0
33
43
52
43
51
60
42
59
62
46
63
57
81
84
78
101
92
121
105
108
119
93
113
108
110
103
77
91
69
67
72
45
52
51
39
45
43
37
40
49
49
49
45
46
63
57
56
52
45
49
41
38
55
49
44
41
45
46
35
53
47
62
57
65
56
41
44
35
42
28
29
20
11
11
11
18
25
16
15
7
-24
-25
-43
-44
-35
-64
-44
-32
-32
-39
-46
-26
-27
-35
-38
-49
-39
-44
-46
-47
-57
-40
-47
-54
-51
-73
-46
-44
-61
-58
-56
-49
-28
-31
-25
-28
-37
-35
-41
-50
-74
-59
-50
-62
-62
-60
-65
-59
-70
-86
-70
-75
-78
-89
-71
-65
-79
-62
-70
-71
-74
-80
-86
-104
-106
-101
-117
-99
-96
-98
-91
-86
-81
-90
-77
-51
-39
-15
-19
-8
4
-6
23
26
14
34
51
36
52
44
51
60
33
46
52
63
44
50
51
53
77
62
68
76
68
72
73
71
65
69
65
44
55
57
44
51
23
33
40
35
29
28
25
30
31
20
26
31
35
31
50
40
36
32
16
11
14
26
16
8
16
4
2
-18
-29
-33
-32
-26
-26
-23
-21
-24
-25
-7
-20
-12
-44
-40
-49
-64
-66
-88
-95
-109
-100
-106
-112
-103
-91
-92
-72
-51
-48
-28
-2
-28
-15
14
-4
-4
-12
-22
-7
0
5
11
5
13
1
7
4
-1
-4
-6
1
14
25
40
31
41
34
19
28
3
16
5
-9
7
18
-11
-14
-8
-38
-36
-37
-36
-34
-48
-62
-40
-30
-28
-22
-20
-25
-25
-17
-16
-10
-29
-31
-35
-29
-20
-20
-36
-37
-44
-39
-39
-43
-45
-44
-20
-22
-9
13
16
18
35
30
34
37
33
25
22
21
5
18
8
4
-12
-14
-11
-18
-6
-8
15
22
18
23
20
3
6
-8
-19
-10
-30
-44
-27
-33
-43
-20
-46
-38
-49
-66
-46
-39
-43
-27
-7
-23
-9
7
-9
-9
-18
2
16
15
33
41
46
36
36
32
31
20
17
30
17
15
3
11
19
10
13
11
21
28
14
21
1
-13
-25
-27
-40
-46
-47
-64
-54
-48
-53
-46
-37
-34
-8
-6
-11
7
3
16
-4
5
-6
-14
-3
-26
-30
-24
-36
-23
-24
-47
-42
-56
-53
-52
-40
-32
-16
-6
18
17
20
33
19
29
28
21
20
25
3
27
8
18
24
5
24
6
-3
-4
-22
-31
-29
-20
-19
-17
-24
-14
-17
-36
-41
-46
-57
-58
-71
-84
-79
-89
-88
-105
-119
-106
-113
-123
-102
-119
-127
-104
-96
-107
-76
-82
-74
-51
-65
-73
-66
-75
-85
-66
-77
-58
-52
-73
-64
-67
-62
-46
-39
-39
-14
-32
-32
-13
-33
-10
-19
-19
-11
-6
-8
-22
-14
-32
-25
-33
-49
-49
-38
-43
-47
-50
-51
-32
-39
-23
-15
-16
-11
-13
-14
-8
-8
-9
-14
-20
-22
-14
-20
-16
-19
-24
-18
-29
-32
-24
-15
-19
-2
-2
17
28
17
19
22
7
14
18
17
30
34
30
29
27
13
13
10
8
11
29
42
36
45
42
57
60
60
84
77
61
74
60
40
37
21
12
16
-3
-40
-41
-67
-78
-68
-88
-85
-69
-87
-70
-64
-69
-39
-66
-52
-60
-71
-58
-78
-99
-105
-107
-112
-122
-111
-94
-122
-108
-103
-95
-82
-87
-72
-72
-56
-55
-46
-38
-45
-47
-45
-48
-18
-33
-47
-23
-57
-71
-65
-68
-65
-63
-64
-64
-53
-38
-41
-16
-20
-17
-12
-39
-27
-13
-16
-7
-2
-3
-4
-11
-21
-35
-34
-59
-70
-61
-57
-61
-56
-57
-58
-45
-29
-21
-12
-8
5
-1
-6
-1
-2
-2
5
-1
9
16
-5
-5
-14
-16
-15
8
22
28
41
46
59
60
57
70
70
67
54
45
47
44
37
42
51
35
34
37
17
22
15
8
10
13
30
40
38
35
35
14
28
0
-6
6
-16
-3
-9
-16
-21
-34
-25
-25
-40
-43
-24
-26
-42
-21
-9
-13
-18
-21
-15
-12
-16
-8
-4
-8
3
5
-29
-55
-54
-63
-54
-69
-69
-49
-58
-64
-53
-44
-49
-38
-25
-24
-21
-35
-31
-37
-59
-53
-48
-48
-61
-59
-45
-72
-85
-79
-96
-89
-85
-84
-76
-63
-68
-66
-50
-34
-17
-14
-3
-27
-38
-29
-47
-38
-54
-66
-49
-55
-67
-56
-54
-57
-42
-49
-17
9
12
25
51
64
56
55
43
42
51
54
68
80
74
79
74
86
88
82
98
95
113
118
110
134
136
150
134
116
125
128
126
114
120
104
99
109
89
64
59
50
54
49
45
49
46
62
72
61
87
92
100
111
124
128
129
133
140
125
133
136
137
117
108
97
74
78
63
65
84
95
96
91
97
106
86
95
102
89
79
75
64
63
65
51
44
51
35
30
32
22
19
27
6
7
27
36
43
49
39
39
47
22
42
53
26
28
13
0
4
-2
-16
-27
-38
-50
-40
-28
-23
-11
-31
-29
-23
-10
-10
-7
9
-9
5
-3
-13
-9
-22
-34
-43
-49
-52
-64
-56
-72
-77
-73
-68
-66
-59
-60
-50
-34
-17
-21
-17
0
-17
-12
-19
-13
-19
-8
-18
-8
-12
-17
-15
-22
-17
-8
3
16
42
37
46
70
72
63
58
52
65
54
57
54
60
41
31
46
36
44
23
29
46
27
36
44
55
69
68
80
73
89
88
99
103
112
112
100
110
120
106
89
95
91
88
98
99
100
109
98
106
108
101
115
133
132
142
131
135
154
156
154
141
128
123
118
110
111
117
114
113
103
104
117
101
96
101
87
82
61
56
64
45
37
30
13
14
6
-6
-4
-15
-31
-24
-40
-35
-45
-62
-51
-52
-48
-35
-23
-20
-17
-16
-13
-10
-7
12
-10
-15
0
-17
-10
-2
3
14
17
13
17
43
41
30
36
16
-6
5
6
21
46
47
57
64
58
49
45
20
-1
3
8
22
43
58
57
40
27
34
19
-5
10
-8
-1
40
44
46
59
27
7
-15
-37
-35
-36
-20
-7
0
21
24
29
30
21
14
15
15
32
56
46
65
70
62
70
66
55
60
41
34
57
59
59
44
50
37
23
33
34
54
50
46
54
48
34
37
49
35
39
19
9
14
-7
-8
-8
-11
-10
-2
2
-12
5
15
-5
0
-7
-22
5
7
18
39
34
42
50
56
57
68
85
86
108
124
127
144
136
139
150
150
159
157
166
181
171
172
173
165
180
160
163
165
144
149
129
125
92
94
89
74
84
52
45
55
40
44
53
19
42
37
12
31
22
19
14
-2
-7
4
6
-2
-10
-3
-15
-16
-18
-9
-15
-29
-32
-16
-23
-25
-35
-38
-30
-56
-46
-31
-32
-22
-20
-17
-20
-31
-48
-45
-46
-39
-27
-27
-20
-28
-24
-16
-18
-11
-9
-9
-19
-17
-21
-33
-42
-42
-48
-48
-46
-43
-36
-31
-30
-32
-33
-30
-33
-38
-39
-31
-9
-15
-7
-4
-5
6
33
42
39
47
42
27
46
62
44
63
73
63
68
69
74
94
84
79
92
76
75
76
58
66
75
68
79
98
95
107
86
64
78
62
55
68
54
56
63
41
54
33
27
36
37
40
44
51
55
38
33
15
27
44
34
51
44
45
34
16
12
24
5
9
-4
-7
9
-4
-17
-23
-25
-24
-31
-32
-14
-2
-3
-4
-5
-9
-20
-30
-29
-29
-24
-26
-24
-6
-3
-12
-2
-13
-16
-11
-5
-2
3
3
10
-13
-10
-18
-27
-14
-22
-16
-17
10
-9
-18
-26
-49
-61
-54
-67
-67
-58
-77
-89
-95
-102
-116
-126
-126
-142
-122
-135
-137
-121
-133
-119
-120
-119
-120
-103
-118
-128
-111
-115
-121
-101
-95
-120
-107
-117
-113
-96
-103
-88
-66
-55
-52
-56
-56
-40
-37
-26
-24
-25
-14
-40
-39
-27
-57
-53
-63
-67
-43
-60
-75
-56
-57
-64
-52
-59
-56
-34
-60
-72
-71
-74
-80
-63
-73
-85
-53
-53
-40
-23
-11
-5
-1
-23
-11
-1
-5
-19
-12
-19
-27
-7
-25
-3
-20
-35
-33
-43
-37
-49
-26
-22
-38
-8
-9
-14
-11
-16
-15
-29
-31
-19
-16
-19
-12
8
18
27
36
45
42
20
8
3
2
-10
7
9
1
6
-5
-8
-38
-45
-39
-41
-42
-34
-32
-29
-24
-50
-36
-28
-28
-37
-24
-35
-26
-37
-51
-53
-70
-68
-69
-84
-79
-68
-83
-62
-42
-43
-42
-40
-40
-51
-56
-61
-56
-47
-57
-68
-74
-86
-93
-97
-97
-91
-75
-82
-82
-70
-98
-96
-92
-100
-94
-88
-88
-74
-91
-98
-79
-78
-71
-66
-53
-49
-56
-54
-49
-61
-67
-62
-44
-52
-51
-35
-49
-53
-41
-35
-32
-29
-19
-20
-30
-23
-19
-55
-59
-36
-34
-24
-19
-24
-12
-18
-22
2
-2
5
7
11
4
1
11
-11
-14
-9
-9
-27
-12
-6
-9
-24
-33
-13
-30
-36
-47
-43
-43
-55
-47
-47
-48
-50
-62
-60
-21
-34
-52
-31
-55
-70
-46
-60
-40
-32
-56
-57
-53
-56
-47
-50
-61
-52
-43
-32
-21
-6
-11
-14
-12
-18
-9
-9
-27
-13
-22
-28
-33
-34
-30
-37
-40
-18
-18
-23
-17
-5
-4
-8
0
3
9
4
4
1
-10
-33
-24
-5
-24
-20
-3
-12
-5
-2
-5
10
9
5
2
-1
3
-5
-7
-12
-36
-43
-44
-36
-35
-24
-33
-37
-32
-28
-30
-33
-35
-46
-51
-62
-59
-65
-42
-56
-64
-65
-65
-56
-62
-62
-75
-77
-85
-95
-102
-88
-84
-98
-91
-98
-87
-77
-103
-100
-92
-106
-99
-94
-95
-108
-114
-92
-84
-74
-67
-64
-59
-56
-77
-78
-69
-66
-79
-86
-78
-79
-85
-78
-78
-92
-82
-92
-77
-52
-33
-36
-40
-19
-18
-32
-29
-45
-63
-42
-42
-24
-38
-37
-42
-34
-28
-33
-28
-5
1
-14
4
7
-1
4
1
2
-1
-30
-12
5
-8
-1
-9
-31
-4
-28
-37
-26
-29
-19
-11
6
10
22
23
30
43
22
17
33
31
39
27
27
35
42
36
19
28
34
36
38
46
51
36
44
50
45
44
18
23
23
-8
1
-7
-39
-30
-44
-68
-65
-69
-76
-63
-81
-88
-76
-104
-116
-127
-132
-127
-111
-115
-110
-134
-141
-125
-116
-122
-114
-99
-97
-88
-88
-72
-67
-71
-62
-78
-72
-61
-81
-61
-46
-34
-19
-10
-2
-26
-30
-60
-48
-31
-38
-15
-16
-27
-23
-30
-38
-45
-56
-38
-52
-56
-41
-48
-35
-32
-57
-33
-50
-59
-31
-36
-27
-15
-18
-16
5
-6
8
19
10
13
19
21
23
35
31
21
23
10
8
24
24
28
29
12
28
23
11
26
25
9
8
-6
-12
0
-13
-23
-34
-56
-59
-63
-60
-52
-53
-65
-77
-66
-62
-78
-61
-65
-92
-74
-73
-80
-84
-111
-108
-98
-97
-88
-85
-88
-71
-79
-73
-75
-83
-72
-72
-59
-55
-54
-49
-45
-39
-22
-17
-14
-9
-31
-2
-12
4
29
35
43
54
54
54
79
69
73
90
57
65
67
48
52
26
31
34
40
40
55
45
6
5
-7
-1
-4
5
15
-13
-18
-32
-52
-42
-71
-46
-26
-46
-42
-44
-61
-75
-66
-90
-57
-58
-72
-63
-73
-67
-74
-75
-82
-62
-45
-36
-27
-34
-37
-48
-27
-30
-21
-16
-30
-27
-43
-37
-21
-30
-34
-30
-30
-34
-34
-34
-24
-28
1
16
2
29
14
12
15
-9
3
-8
11
25
29
33
26
24
26
25
49
50
54
72
42
59
56
90
75
77
81
71
88
85
89
94
91
95
96
105
108
103
97
82
79
68
90
77
78
61
45
33
36
43
40
55
41
31
15
-5
2
-8
-1
14
11
27
2
-16
-22
-17
-9
-11
-1
-14
1
11
-1
1
-17
-42
-52
-53
-48
-36
-21
-10
-9
-29
-25
-17
-11
20
13
-3
-3
-15
-18
-3
14
6
33
10
-7
3
-20
10
31
13
30
17
5
42
22
2
0
-5
-19
-8
12
24
20
-9
0
16
2
32
44
49
36
25
19
55
70
43
34
15
17
11
18
28
22
18
5
18
50
41
45
38
21
23
10
18
43
64
39
28
28
39
39
62
61
58
77
63
65
61
52
61
73
66
73
73
84
90
85
112
109
111
91
77
80
68
61
65
47
47
42
36
48
37
38
28
24
15
35
25
29
42
14
12
28
23
16
10
16
34
47
34
33
39
34
48
52
36
37
30
33
40
37
47
34
25
25
20
18
27
24
25
7
32
45
62
66
74
78
76
77
92
98
101
66
67
99
71
65
68
63
64
64
65
71
67
85
79
79
58
38
56
44
28
34
34
32
51
40
49
70
58
72
73
89
92
80
66
65
63
47
43
45
41
30
28
11
3
17
10
20
41
37
20
25
18
5
17
25
44
28
13
0
5
15
15
46
34
54
66
53
87
87
106
122
123
126
97
101
105
108
128
128
115
115
108
125
129
134
155
149
128
133
149
135
144
140
112
102
72
89
81
49
41
21
26
27
17
15
17
0
-8
-6
8
8
-3
-2
-14
-27
-25
-21
-19
-17
-22
-22
-23
-11
-8
8
21
31
40
40
39
41
41
44
58
72
78
69
58
70
80
88
117
115
114
127
132
123
132
114
104
118
107
94
113
107
107
113
96
107
116
116
127
151
152
119
119
110
128
122
129
133
123
124
124
112
111
117
105
114
126
118
106
118
90
83
77
58
72
54
54
64
67
74
58
51
42
35
31
13
27
24
7
26
38
13
5
-16
-41
-51
-65
-59
-66
-64
-64
-65
-56
-67
-67
-65
-69
-52
-58
-56
-52
-27
-48
-65
-53
-76
-57
-47
-35
-13
2
13
67
71
81
89
64
80
85
89
108
113
97
104
106
109
124
112
111
138
139
119
167
155
142
124
113
129
137
118
117
115
101
117
108
131
130
111
104
103
118
112
105
94
75
73
62
58
64
64
25
17
14
30
15
-6
7
-1
2
16
19
-11
-29
-43
-37
-30
-57
-58
-77
-117
-112
-104
-93
-107
-130
-164
-175
-171
-192
-188
-181
-209
-220
-217
-217
-207
-223
-239
-242
-222
-186
-162
-145
-135
-155
-140
-122
-119
-79
-60
-64
-39
-14
4
38
79
99
98
111
137
154
180
199
221
235
237
262
259
266
260
257
281
289
303
341
359
359
341
333
343
338
323
320
315
308
309
324
329
292
282
257
255
251
246
245
208
205
206
204
224
204
170
146
129
153
176
180
152
137
97
91
91
82
84
40
1
-12
-31
-40
-55
-85
-125
-159
-191
-206
-235
-285
-314
-346
-369
-381
-396
-420
-439
-480
-531
-547
-555
-595
-612
-597
-602
-611
-608
-621
-602
-574
-555
-540
-500
-472
-464
-428
-413
-374
-338
-318
-308
-274
-221
-172
-91
-50
4
47
84
146
198
264
309
357
388
425
493
525
578
597
625
653
691
717
761
804
821
866
870
887
875
890
895
907
914
904
887
878
837
846
805
758
758
726
711
728
718
716
690
638
632
621
618
606
584
534
500
476
459
451
391
271
96
-87
-237
-303
-341
-394
-456
-628
-827
-1002
-1118
-1222
-1293
-1396
-1486
-1561
-1662
-1701
-1758
-1835
-1952
-2045
-2095
-2111
-2087
-2038
-1975
-1915
-1868
-1758
-1653
-1557
-1462
-1387
-1252
-1107
-946
-760
-600
-497
-434
-373
-288
-195
-82
44
170
307
432
549
657
768
854
959
1082
1169
1265
1345
1432
1540
1613
1705
1803
1859
1944
2034
2140
2243
2337
2390
2430
2516
2580
2686
2780
2853
2855
2805
2773
2596
2365
2087
1767
1514
1304
1110
913
660
226
-162
-539
-852
-1123
-1417
-1665
-1938
-2220
-2491
-2663
-2832
-3026
-3182
-3272
-3280
-3210
-3104
-2909
-2702
-2557
-2416
-2225
-2056
-1908
-1745
-1528
-1245
-982
-704
-444
-210
-67
42
165
241
360
417
481
577
638
686
737
735
703
667
610
609
592
563
498
445
388
302
204
54
-95
-275
-420
-470
-524
-600
-729
-885
-1055
-1195
-1271
-1299
-1321
-1353
-1366
-1334
-1278
-1180
-1083
-1010
-938
-849
-720
-562
-344
-129
81
305
547
849
1167
1526
1864
2182
2487
2767
3054
3310
3555
3763
3932
4096
4244
4359
4412
4402
4272
3976
3660
3322
3022
2820
2591
2290
1909
1371
869
368
-140
-601
-1076
-1561
-2012
-2475
-2820
-3076
-3328
-3590
-3773
-3881
-3946
-3961
-3869
-3701
-3541
-3396
-3222
-2985
-2813
-2702
-2522
-2309
-2055
-1756
-1439
-1033
-673
-385
-103
167
344
445
551
632
753
860
932
1027
1059
1040
1003
952
858
736
593
542
571
587
609
522
330
83
-222
-450
-573
-722
-896
-1056
-1223
-1388
-1523
-1619
-1696
-1789
-1843
-1846
-1773
-1650
-1521
-1370
-1226
-1091
-976
-881
-744
-567
-377
-139
182
510
861
1236
1620
2040
2484
2865
3261
3615
3881
4127
4350
4564
4750
4890
4972
4948
4708
4343
3915
3511
3264
3094
2956
2720
2269
1702
1127
595
85
-405
-979
-1554
-2154
-2675
-3016
-3302
-3555
-3842
-4113
-4319
-4397
-4400
-4306
-4115
-3925
-3713
-3472
-3218
-3062
-2966
-2865
-2739
-2521
-2232
-1898
-1524
-1180
-882
-582
-310
-70
78
213
327
478
653
831
1012
1119
1154
1105
1042
977
909
822
750
729
753
800
846
825
635
348
68
-145
-287
-388
-539
-732
-940
-1142
-1252
-1288
-1350
-1486
-1631
-1686
-1642
-1449
-1206
-995
-852
-781
-701
-602
-443
-283
-147
10
249
567
970
1419
1827
2168
2563
2873
3225
3580
3843
4102
4277
4462
4657
4800
4916
4885
4545
4045
3470
2932
2677
2531
2402
2162
1664
969
305
-260
-795
-1257
-1819
-2412
-2992
-3517
-3849
-4084
-4328
-4638
-4931
-5131
-5200
-5139
-4958
-4657
-4353
-4071
-3740
-3402
-3175
-2990
-2809
-2575
-2239
-1875
-1438
-960
-563
-224
113
427
684
880
1051
1240
1425
1579
1751
1930
2025
2049
2004
1926
1821
1721
1641
1575
1469
1393
1256
1115
1000
817
618
327
34
-265
-538
-768
-1012
-1260
-1507
-1726
-1905
-2030
-2167
-2314
-2449
-2518
-2502
-2390
-2199
-2020
-1852
-1734
-1606
-1453
-1251
-1032
-818
-548
-237
194
729
1279
1809
2278
2668
3040
3431
3836
4274
4648
4937
5188
5398
5552
5624
5447
5076
4586
4078
3801
3639
3538
3326
2824
2148
1464
822
288
-223
-821
-1456
-2096
-2671
-3100
-3450
-3806
-4224
-4588
-4881
-4993
-4959
-4811
-4639
-4469
-4275
-3994
-3697
-3485
-3332
-3187
-2996
-2725
-2373
-1993
-1622
-1304
-1012
-710
-409
-120
124
345
512
677
849
1036
1208
1353
1434
1449
1438
1414
1384
1338
1260
1238
1199
1130
1070
981
833
670
501
313
160
-91
-384
-611
-792
-944
-1058
-1160
-1316
-1489
-1699
-1797
-1762
-1716
-1614
-1524
-1398
-1261
-1130
-973
-786
-629
-532
-363
-107
191
568
1018
1476
1954
2364
2713
3065
3394
3706
4013
4369
4655
4882
4996
5042
4991
4654
4280
3783
3402
3104
2849
2674
2308
1761
1043
439
-110
-598
-1151
-1732
-2282
-2894
-3363
-3698
-3924
-4267
-4652
-4906
-4998
-4968
-4828
-4575
-4328
-4109
-3873
-3540
-3132
-2834
-2602
-2309
-2052
-1731
-1340
-951
-556
-220
54
355
649
890
1083
1237
1398
1492
1611
1725
1804
1859
1811
1761
1663
1569
1440
1287
1148
1019
895
714
543
332
95
-157
-349
-516
-747
-1023
-1318
-1553
-1781
-1890
-1954
-2017
-2095
-2249
-2351
-2365
-2305
-2172
-1968
-1774
-1570
-1360
-1145
-874
-582
-316
9
338
699
1114
1574
2110
2656
3184
3645
4073
4443
4763
5156
5423
5722
5882
5973
6035
5865
5516
5076
4534
4045
3687
3354
3056
2547
1769
1020
267
-357
-926
-1530
-2190
-2921
-3657
-4238
-4587
-4882
-5231
-5570
-5832
-5963
-5934
-5766
-5454
-5189
-4956
-4683
-4295
-3881
-3527
-3167
-2781
-2396
-2001
-1541
-1047
-604
-216
183
586
1001
1332
1582
1800
1985
2109
2294
2450
2558
2590
2553
2503
2447
2355
2194
2003
1825
1608
1442
1204
968
667
354
73
-193
-421
-737
-1079
-1456
-1765
-2014
-2174
-2251
-2386
-2538
-2720
-2785
-2794
-2734
-2579
-2410
-2199
-1973
-1671
-1363
-1044
-722
-421
-65
370
824
1366
1958
2545
3150
3725
4310
4818
5321
5800
6165
6517
6729
6856
6961
6960
6704
6306
5746
5173
4726
4360
4053
3596
2849
1965
1072
290
-368
-978
-1721
-2523
-3426
-4241
-4840
-5251
-5631
-6058
-6427
-6642
-6769
-6733
-6527
-6300
-6080
-5885
-5554
-5152
-4786
-4461
-4072
-3624
-3176
-2667
-2145
-1654
-1227
-800
-332
183
630
983
1319
1625
1829
2092
2358
2591
2757
2804
2851
2855
2851
2792
2714
2579
2476
2346
2105
1905
1622
1309
1005
769
527
186
-170
-559
-904
-1276
-1529
-1710
-1896
-2059
-2273
-2429
-2511
-2554
-2536
-2439
-2294
-2128
-1921
-1636
-1357
-1043
-729
-384
-15
408
888
1471
2092
2706
3365
3941
4494
5037
5542
5994
6442
6689
6869
7023
6977
6751
6350
5808
5330
4938
4604
4278
3760
2941
2018
1124
379
-266
-944
-1752
-2601
-3541
-4367
-4991
-5456
-5912
-6397
-6832
-7060
-7138
-7114
-6937
-6716
-6530
-6332
-5981
-5588
-5180
-4842
-4474
-3970
-3434
-2880
-2311
-1747
-1284
-844
-367
157
661
1078
1467
1835
2138
2416
2702
2931
3118
3280
3356
3419
3384
3327
3196
3055
2995
2855
2606
2305
1996
1619
1338
1041
733
354
-111
-573
-963
-1314
-1626
-1878
-2161
-2390
-2585
-2772
-2879
-2928
-2953
-2893
-2724
-2515
-2242
-1948
-1697
-1395
-1059
-700
-263
212
784
1435
2130
2862
3582
4260
4840
5420
5919
6409
6811
7118
7360
7479
7411
7038
6587
6057
5590
5288
4981
4611
3940
3047
2089
1252
551
-165
-916
-1843
-2805
-3777
-4596
-5153
-5664
-6224
-6745
-7106
-7340
-7405
-7350
-7237
-7083
-6941
-6693
-6308
-5902
-5593
-5266
-4878
-4409
-3843
-3259
-2638
-2082
-1628
-1140
-573
3
522
1024
1459
1811
2171
2530
2889
3182
3440
3654
3770
3852
3859
3814
3739
3633
3553
3367
3093
2805
2447
2131
1820
1498
1068
553
4
-537
-956
-1323
-1636
-1962
-2286
-2575
-2830
-2999
-3129
-3180
-3219
-3165
-3020
-2779
-2472
-2164
-1855
-1555
-1210
-819
-347
227
846
1513
2268
3026
3844
4555
5203
5746
6257
6717
7065
7395
7624
7687
7365
6962
6451
5963
5675
5401
5098
4539
3703
2725
1919
1239
542
-129
-1011
-1961
-2979
-3869
-4527
-5044
-5651
-6217
-6632
-6905
-7056
-7128
-7066
-6970
-6915
-6766
-6430
-6070
-5818
-5574
-5218
-4825
-4340
-3833
-3275
-2756
-2331
-1873
-1372
-851
-367
109
562
1019
1424
1839
2222
2571
2887
3190
3422
3560
3640
3660
3611
3578
3589
3518
3318
3059
2765
2441
2181
1933
1614
1149
614
63
-464
-868
-1185
-1533
-1882
-2246
-2596
-2859
-3034
-3122
-3143
-3131
-3100
-2980
-2774
-2516
-2207
-1894
-1580
-1243
-855
-328
324
1005
1706
2411
3086
3805
4514
5233
5900
6401
6716
6931
7143
7274
7166
6784
6290
5759
5383
5187
4976
4566
3804
2794
1865
1172
594
6
-739
-1640
-2588
-3506
-4148
-4641
-5179
-5808
-6295
-6568
-6724
-6740
-6718
-6664
-6627
-6580
-6321
-5951
-5654
-5422
-5160
-4729
-4232
-3738
-3190
-2669
-2265
-1921
-1451
-952
-484
-18
426
874
1293
1701
2130
2508
2806
3052
3216
3403
3556
3726
3830
3844
3764
3536
3238
2872
2714
2470
2245
2023
1635
1158
549
39
-536
-1001
-1436
-1818
-2054
-2373
-2578
-2856
-3127
-3347
-3492
-3511
-3417
-3224
-3041
-2789
-2502
-2215
-1872
-1504
-1135
-703
-138
527
1340
2218
3056
3839
4488
5095
5701
6246
6752
7124
7369
7591
7413
7058
6635
6126
5803
5576
5382
4995
4345
3396
2526
1853
1239
687
-59
-974
-1947
-2897
-3600
-4085
-4637
-5286
-5830
-6221
-6538
-6689
-6717
-6710
-6731
-6704
-6555
-6266
-6069
-5974
-5762
-5432
-5039
-4573
-4046
-3555
-3156
-2826
-2362
-1871
-1451
-1006
-536
-56
407
888
1382
1828
2213
2574
2920
3195
3418
3623
3690
3769
3860
3837
3794
3591
3374
3128
2830
2603
2350
2035
1528
1004
471
-65
-475
-908
-1230
-1605
-1995
-2308
-2578
-2729
-2876
-2956
-3009
-3031
-2954
-2817
-2574
-2312
-2081
-1777
-1475
-1033
-528
86
773
1490
2244
2903
3621
4282
4948
5596
6099
6539
6791
7006
7075
6791
6442
5980
5565
5372
5236
5022
4624
3821
2868
2110
1430
884
339
-467
-1312
-2162
-2965
-3477
-3947
-4570
-5151
-5574
-5941
-6126
-6194
-6214
-6211
-6188
-6132
-5920
-5691
-5654
-5557
-5295
-4961
-4501
-3983
-3518
-3066
-2776
-2512
-2049
-1673
-1349
-955
-541
-102
369
898
1381
1798
2072
2249
2446
2626
2897
3268
3501
3643
3643
3417
3201
3032
2922
2766
2566
2290
1969
1619
1135
763
255
-330
-803
-1238
-1495
-1727
-1982
-2229
-2492
-2707
-2833
-2849
-2872
-2887
-2884
-2814
-2565
-2225
-1840
-1466
-1123
-756
-314
314
1065
1881
2658
3340
4006
4671
5334
5957
6465
6770
6950
7060
6790
6442
6064
5594
5444
5372
5268
4954
4249
3261
2385
1695
1119
705
-13
-812
-1648
-2529
-3117
-3587
-4181
-4837
-5334
-5742
-5967
-6049
-6056
-6013
-6026
-6038
-5894
-5690
-5629
-5592
-5418
-5102
-4665
-4165
-3627
-3157
-2853
-2644
-2312
-1936
-1605
-1242
-810
-365
97
610
1138
1596
1909
2138
2289
2484
2575
2922
3211
3474
3821
3751
3587
3214
2919
2628
2481
2438
2218
2013
1522
1089
600
29
-439
-931
-1309
-1648
-1846
-1991
-2091
-2183
-2365
-2513
-2654
-2807
-2829
-2748
-2553
-2251
-1890
-1504
-1162
-784
-436
47
643
1333
2158
2943
3704
4360
4950
5466
5942
6316
6544
6778
6673
6214
5773
5273
5000
5049
5016
4819
4278
3319
2344
1655
1084
621
76
-776
-1542
-2353
-3054
-3477
-3991
-4685
-5272
-5734
-6039
-6150
-6232
-6205
-6125
-6067
-5929
-5683
-5620
-5646
-5588
-5363
-4929
-4364
-3809
-3269
-2878
-2667
-2376
-2006
-1715
-1395
-1015
-584
-106
354
778
1321
1683
1948
2391
2528
2796
3046
3239
3519
3777
3983
3895
3770
3406
3109
2902
2676
2615
2327
1925
1470
957
489
60
-294
-668
-990
-1307
-1662
-1800
-1951
-2103
-2136
-2275
-2425
-2523
-2608
-2592
-2442
-2237
-1933
-1523
-1115
-642
-106
449
1115
1791
2451
3159
3842
4457
5069
5571
5915
6204
6328
6484
6305
5806
5324
4718
4500
4523
4566
4461
3942
2995
1984
1226
538
81
-544
-1326
-2054
-2823
-3410
-3834
-4308
-4921
-5424
-5868
-6166
-6328
-6357
-6262
-6084
-5864
-5619
-5380
-5403
-5486
-5430
-5186
-4720
-4123
-3485
-2864
-2485
-2183
-1835
-1530
-1260
-945
-619
-241
197
641
1287
1799
2150
2418
2584
2696
2881
3112
3285
3522
3643
3719
3740
3614
3389
3023
2612
2241
1906
1604
1315
918
456
-56
-454
-803
-1104
-1405
-1803
-2176
-2461
-2557
-2475
-2335
-2327
-2411
-2537
-2665
-2637
-2548
-2281
-1915
-1506
-913
-260
435
1133
1832
2460
3066
3687
4300
4986
5642
6226
6667
6919
7069
7103
6741
6150
5571
4924
4733
4814
4895
4800
4221
3220
2176
1312
474
-121
-861
-1667
-2328
-3074
-3575
-4019
-4573
-5187
-5764
-6311
-6671
-6862
-6883
-6668
-6428
-6154
-5845
-5684
-5707
-5782
-5743
-5505
-5027
-4398
-3695
-3002
-2574
-2191
-1833
-1542
-1267
-935
-590
-238
225
735
1503
2128
2609
2978
3069
3217
3264
3494
3698
3864
4033
4019
4136
3958
3766
3409
2849
2377
1859
1501
1142
802
393
-57
-434
-854
-1185
-1583
-2074
-2461
-2791
-2895
-2807
-2707
-2672
-2713
-2810
-2864
-2858
-2792
-2572
-2267
-1776
-1137
-330
456
1261
1940
2548
3184
3741
4385
4971
5555
6074
6546
6940
7278
7475
7240
6610
5854
5146
4732
4866
5030
5069
4641
3674
2574
1534
609
-172
-899
-1776
-2478
-3154
-3702
-4063
-4523
-5094
-5645
-6255
-6800
-7077
-7263
-7138
-6770
-6418
-5977
-5643
-5647
-5735
-5818
-5706
-5268
-4599
-3829
-3066
-2471
-2092
-1742
-1387
-1085
-734
-419
-191
168
626
1337
2196
2938
3427
3679
3699
3576
3630
3733
3883
4100
4194
4252
4159
3947
3604
3075
2435
1770
1252
766
410
96
-195
-499
-835
-1217
-1684
-2218
-2737
-3146
-3322
-3311
-3185
-3007
-2906
-2874
-2958
-2946
-2958
-2765
-2400
-1880
-1128
-318
563
1412
2204
2899
3554
4089
4540
5073
5575
6122
6695
7125
7536
7755
7770
7231
6388
5556
4757
4613
4763
5001
4882
4179
3025
1696
588
-481
-1211
-2034
-2840
-3494
-4111
-4500
-4770
-5144
-5670
-6198
-6868
-7377
-7641
-7680
-7399
-6916
-6393
-5859
-5529
-5523
-5683
-5741
-5582
-5034
-4269
-3411
-2739
-2576
-2575
-2197
-1504
-762
-156
98
434
886
1475
2224
2883
3480
4353
5195
5728
5872
5719
5320
4820
4126
3338
2846
2667
2723
2825
2487
1915
1092
6
-977
-1900
-2482
-2555
-2148
-1682
-1355
-1352
-1839
-2494
-3207
-3816
-3988
-3738
-3133
-2351
-1626
-1039
-547
-452
-501
-460
-131
767
2088
3585
4893
5997
6635
6911
6924
6433
6032
5819
5848
6378
7067
7715
7869
5741
2100
-1439
-3854
-3825
-1974
813
3681
5135
4685
2804
-194
-3016
-4491
-4316
-2883
-984
712
1836
1604
-388
-3438
-6477
-8946
-10294
-10250
-9119
-7357
-5607
-4433
-4051
-4597
-5868
-7155
-7913
-7662
-6179
-3759
-1186
1023
2445
2783
2340
1368
199
-577
-1018
-562
958
2840
5004
6534
6508
5414
3751
1990
833
138
111
565
1112
1676
2094
2051
1644
999
145
-751
-1332
-1674
-1391
-662
68
852
1195
782
-357
-1876
-3316
-4202
-4295
-3594
-2396
-1325
-730
-613
-959
-1479
-1989
-2200
-1836
-983
547
2283
3952
5456
6294
6778
6904
6774
6826
7012
7365
7657
7973
8270
8231
7809
6996
4408
-450
-4970
-7664
-7264
-4382
-358
3877
6248
5830
3472
-320
-4024
-5776
-4888
-2235
588
2629
3615
2689
-540
-4865
-8664
-11264
-12431
-11725
-9714
-7198
-4934
-3306
-2661
-3253
-4646
-5924
-6721
-6687
-5175
-2433
520
2657
3804
3942
2522
395
-1435
-2387
-2356
-1276
1055
3254
5132
6313
6393
5177
3200
1758
805
621
950
1350
1694
1633
1446
1154
734
372
-68
-363
-561
-808
-746
-382
-10
364
506
437
-371
-1509
-2569
-3477
-3922
-3938
-3473
-2793
-2283
-1932
-1829
-1794
-1654
-1562
-1123
-380
573
1802
3192
4476
5781
6761
7738
8074
7875
7640
7025
6727
6473
6309
6213
5950
5761
5345
4386
769
-3478
-6132
-6938
-5034
-1868
1999
5286
6164
5208
2844
-809
-3639
-4468
-3902
-2718
-1449
-125
323
-1280
-4302
-7504
-10190
-12196
-12472
-11037
-8810
-6303
-3754
-1830
-1082
-1333
-2076
-3088
-4285
-4576
-3326
-1465
266
2020
3502
3596
2344
724
-463
-1675
-2510
-1327
690
3050
5668
7889
8504
7102
5554
3543
1115
-717
-1511
-984
-237
1056
2559
2799
2204
983
-719
-2263
-3316
-3264
-2420
-1239
130
1146
1564
829
-667
-2452
-4280
-5340
-5611
-4760
-3325
-2095
-1074
-625
-749
-1215
-1700
-1665
-1309
-249
1143
3081
4835
6305
7744
7943
7586
6650
6070
5927
5998
6657
7411
7656
7405
6705
5492
4221
941
-3796
-6505
-7753
-6413
-2930
1117
4807
6264
5482
3285
-798
-4744
-6090
-5771
-4555
-2607
-594
484
-592
-3384
-6561
-9597
-12051
-12515
-11179
-9159
-6406
-3375
-923
140
54
-567
-1985
-4037
-5029
-4307
-2603
-659
1793
4092
4649
3568
1763
58
-1326
-1714
-71
2391
4715
7031
9167
9273
7399
5781
3453
740
-1238
-2150
-2076
-1407
115
1730
2013
1603
667
-939
-2619
-3367
-3125
-2343
-931
506
1323
1449
526
-1067
-2948
-4744
-5845
-6257
-5880
-4976
-3737
-2727
-1850
-1181
-892
-822
-774
-495
197
1394
3081
4979
6412
7625
8470
8543
8075
7212
6496
5780
5302
5323
5893
6892
7720
7879
7632
4314
-2262
-6879
-9689
-9907
-6209
-720
4766
8019
7995
5943
1177
-4571
-7304
-7888
-7529
-5123
-2433
-521
-89
-1984
-4586
-7504
-10918
-12579
-12421
-11418
-8685
-4915
-972
2179
3328
2845
922
-2484
-5364
-6098
-4920
-2597
504
3772
5707
5104
3270
1672
-216
-1315
-514
1309
3543
6080
8403
9681
8846
6968
4714
1420
-1648
-3192
-3278
-2075
-119
1946
3133
2724
1431
-389
-2637
-4129
-4285
-3645
-2407
-893
406
918
447
-673
-2520
-4499
-5934
-6888
-7037
-6129
-4667
-3115
-1614
-530
51
44
-145
-102
188
1055
2673
4229
6000
7106
7814
8320
8102
7792
7433
7216
6473
6489
6340
6420
7217
7620
7510
6471
1057
-4939
-8322
-10621
-8991
-3940
1345
6262
8063
6510
3279
-2738
-7239
-8145
-8560
-6976
-3751
-2052
-669
-1154
-3265
-5017
-7572
-9976
-10607
-10775
-9625
-6670
-3143
755
3324
3639
2510
-338
-4030
-5952
-5831
-4250
-1353
1833
4512
5298
4383
3508
2416
1326
1095
1730
2878
4181
5921
7646
8186
7365
5834
3100
-333
-2890
-4011
-3702
-2279
-347
1387
1894
1311
264
-1354
-2850
-3392
-3505
-3226
-2534
-1805
-1107
-771
-955
-1684
-2961
-4367
-5524
-6343
-6301
-5375
-4103
-2410
-624
515
1196
1333
1233
1163
1547
2543
3939
5431
6880
8071
8749
8624
8466
8270
7663
7293
6633
6081
6330
6390
6488
6618
5381
4413
-1
-6147
-8383
-10016
-9130
-3976
254
3819
5781
4158
1516
-3205
-7497
-7722
-7766
-6879
-3829
-2518
-1702
-1727
-3704
-5113
-6700
-9065
-9615
-9479
-8815
-6091
-2784
530
3109
3532
2802
880
-2319
-3812
-3519
-2250
224
2763
4927
5893
5041
4383
4026
2840
2315
2633
3053
3533
4460
5936
6802
6199
5099
3126
77
-2246
-3431
-3740
-3020
-1770
-342
303
-42
-587
-1507
-2604
-3216
-3603
-3848
-3818
-3520
-2942
-2462
-1968
-1860
-2454
-3597
-4754
-5672
-6328
-5565
-3955
-2280
9
1836
2757
3352
3321
3310
3276
3379
4292
5148
6395
7794
8531
9358
9664
9250
9002
7880
6836
6465
6420
6141
6285
5987
5434
1771
-4803
-8139
-10307
-11046
-6742
-2123
1575
4844
4616
2586
-1289
-6092
-7378
-7664
-7932
-5405
-3769
-2724
-1985
-3287
-4550
-5662
-8333
-9759
-9781
-9727
-7632
-4269
-735
2638
3955
3674
2529
-521
-2724
-2976
-2195
-614
1689
4093
5295
4998
4629
4753
3872
2652
2677
3041
3055
4072
5773
6828
6970
6190
4286
1303
-1554
-3012
-3823
-3706
-2532
-1230
-514
-470
-883
-1573
-2449
-2910
-3389
-3936
-3986
-3876
-3388
-2602
-1736
-1143
-1505
-2494
-3731
-5194
-6097
-5888
-4855
-3164
-781
1367
2887
3803
4055
4172
4027
4088
4631
5334
6429
7504
8822
9839
10298
10828
10066
8643
7443
5525
4865
4926
4795
5163
4980
3759
-1502
-7020
-9093
-11083
-9619
-4545
-765
2732
4227
2983
555
-3974
-6913
-7179
-7969
-7035
-5023
-4238
-3073
-3061
-4281
-4798
-6460
-8782
-9273
-9283
-8268
-5302
-1899
1703
4076
4338
3766
1889
-1071
-2408
-1721
-861
546
3027
5083
5730
5443
5514
5163
3245
2525
2866
2279
3149
5064
6205
7037
6410
4576
1930
-1237
-3044
-3989
-4363
-3402
-2453
-1753
-1357
-1711
-2128
-2696
-3215
-3568
-4271
-4620
-4504
-4126
-3217
-2045
-1125
-1092
-1797
-2885
-4376
-5615
-5566
-4599
-3206
-804
1533
2855
3686
3935
3734
3475
3910
4852
5627
7057
8583
9097
9922
10582
10036
9618
8821
7575
6999
6378
5882
5694
5005
3878
-1724
-8221
-10495
-12559
-10956
-4739
122
4412
6494
4724
1375
-3792
-7660
-7851
-8083
-6859
-4107
-2962
-1933
-2028
-3818
-5061
-6960
-9735
-10362
-10100
-8881
-5377
-1448
2396
5090
5069
3750
1114
-2301
-3813
-2838
-962
991
4011
6279
6170
5467
4916
4066
2340
1449
2297
2035
2723
5440
6669
7076
6933
4935
1652
-1957
-4050
-4950
-5118
-3251
-1399
-759
-368
-1109
-2614
-3919
-4736
-4895
-4919
-4528
-3592
-2910
-2256
-1114
-755
-1064
-1536
-2988
-4242
-4985
-5154
-4151
-2735
-986
869
2195
2868
3171
3225
3332
3891
4753
5975
7215
8508
9233
9845
10555
10034
9687
9066
7716
6695
5676
4281
3601
3293
3071
1239
-4715
-8290
-9594
-10701
-6852
-1765
2082
5501
5422
2724
-1182
-6108
-7838
-7479
-7491
-5340
-3570
-3116
-2623
-3731
-5181
-6035
-8091
-9591
-9294
-8714
-6577
-3008
207
3170
4368
3351
1337
-1802
-4066
-3840
-2016
711
3769
6418
7809
6589
4823
3784
1862
944
1791
3096
4516
5660
7182
7550
5824
3930
957
-2707
-4713
-5242
-4483
-2749
-793
770
613
-837
-2534
-4515
-5722
-5589
-4584
-3097
-1735
-575
-376
-1057
-1783
-2969
-3976
-4596
-4650
-4169
-3396
-2126
-935
-121
583
915
837
1065
1796
3106
4810
6352
7962
9067
9127
8963
8731
8386
8647
9816
10508
10194
10022
8434
6271
4097
598
-5273
-10799
-12448
-12239
-8773
-2166
3666
7580
8396
5573
508
-5120
-8244
-7663
-6080
-3280
-508
-74
-633
-2733
-5926
-8404
-10516
-11997
-11484
-9897
-7204
-3153
491
3353
4375
2744
-102
-3717
-6474
-6564
-4203
-266
3404
6274
7712
6150
3523
1546
-28
-757
414
2958
5239
7096
8663
8540
6543
4197
955
-2718
-5033
-5507
-4395
-2470
138
1885
1696
381
-1909
-4722
-6346
-6334
-5348
-3516
-1414
284
869
456
-614
-2541
-4568
-5996
-6655
-6258
-4829
-2796
-1086
-39
568
358
-242
-180
96
1336
3403
5241
7863
9340
9832
9983
8250
7173
6403
6551
8641
9637
11819
12786
10638
8461
4484
-3451
-10662
-13323
-13478
-9322
-2011
4325
8822
9440
6616
1886
-4518
-8079
-7311
-5844
-2315
1292
1991
1873
-926
-5631
-9268
-12585
-14397
-13316
-11011
-7397
-2962
207
2268
2324
-56
-2519
-5465
-7450
-6522
-3831
397
3684
5799
6897
4564
1505
-264
-1851
-1668
549
3673
6817
8625
9718
9231
6165
3201
-55
-3343
-4340
-3855
-2184
166
2026
2791
1630
-661
-2932
-4917
-5453
-4487
-2660
-640
731
1153
257
-1242
-2486
-3851
-4702
-4959
-4982
-4373
-3735
-2900
-2299
-2157
-1803
-1831
-1514
-458
495
1961
3631
4889
6209
7219
7632
7983
7405
6789
7117
7533
9180
11079
12431
12226
10182
7131
2908
-3977
-10470
-11811
-10649
-6300
732
5549
8153
7746
4065
-215
-4850
-6856
-4364
-1501
1714
4315
3453
1141
-2938
-8128
-11408
-13413
-13771
-11384
-8247
-4926
-1722
-298
-257
-1657
-4273
-6097
-7453
-7091
-4458
-1394
2084
3802
4001
3356
361
-2298
-3033
-2547
-775
2200
5626
7901
8650
8641
7408
4662
2104
-79
-2034
-2445
-1368
-111
973
1958
1702
167
-1782
-3571
-4526
-4230
-2493
-272
1424
2436
2319
758
-1251
-2608
-3797
-4272
-3698
-3102
-2597
-2298
-2360
-2992
-3666
-3772
-3348
-2254
-641
1305
2876
3887
5030
6018
6589
7165
7377
7148
7584
8263
8667
9456
10067
9788
8825
6944
4637
2053
-3848
-8122
-8239
-7987
-3697
1944
4750
7011
5808
2168
-710
-4545
-4536
-888
1277
4217
5049
2112
-973
-5782
-10270
-11558
-11966
-10537
-7471
-5604
-3690
-2314
-2698
-3069
-4245
-5757
-6105
-6531
-5641
-3591
-1320
1025
1860
1865
937
-1609
-3188
-2985
-2085
-33
2654
5155
6384
6172
5953
5032
3223
2107
1003
-183
-490
-313
-63
94
307
182
-661
-1478
-2063
-2290
-1946
-968
381
1275
1866
1945
1078
220
-676
-1789
-2537
-3117
-3476
-3569
-3354
-2980
-2729
-2557
-2449
-2304
-1937
-907
497
1786
3687
5334
6295
7779
7928
7730
7530
7026
7393
7250
7865
8725
8456
8478
6809
3255
-1748
-7445
-9064
-7964
-4648
1385
5193
6818
6248
2300
-1254
-3958
-4141
-279
3267
5831
6863
4162
30
-4572
-9066
-11016
-10972
-9639
-7100
-5293
-4186
-3460
-3854
-4476
-5129
-5983
-6535
-6636
-5691
-3326
-567
1376
2083
1194
-394
-2269
-3870
-3621
-1928
544
3029
4252
3910
2505
1078
-414
-1643
-1276
-220
1710
3953
4633
4198
2490
650
-963
-2364
-2115
-1209
76
1698
2149
1588
563
-578
-1197
-1198
-420
679
1582
1828
1210
183
-1273
-2414
-2910
-2837
-2110
-1336
107
1113
1601
2436
2570
2591
2813
3883
5714
7549
9247
10416
9993
9033
7730
5533
3843
1843
-1425
-4797
-6299
-5610
-3177
88
2354
2968
1921
-13
-1758
-2724
-1362
2423
6046
8090
7654
4472
453
-3392
-6145
-6795
-6148
-5032
-4281
-4809
-5937
-6931
-7645
-7514
-6728
-5559
-4095
-3290
-2918
-2547
-2511
-2311
-2029
-2285
-2165
-2166
-2286
-1560
-998
-271
352
389
185
-240
-394
275
992
1355
1575
1145
622
186
-187
63
607
1217
1621
1234
388
-458
-951
-821
-216
565
1474
2060
2200
2396
2317
1758
1016
-30
-935
-1277
-1245
-781
-38
371
540
492
18
-140
259
1084
2189
3163
4189
5052
5912
6833
7362
7845
8032
7404
6568
5726
4135
2372
-1184
-5120
-5764
-5049
-2707
488
1187
1175
245
-1888
-2337
-2277
-455
3929
6423
7121
6248
2931
270
-1870
-3572
-3070
-2215
-1607
-1423
-3235
-5556
-7385
-8838
-8734
-7527
-5736
-3361
-2344
-2573
-2848
-3838
-4225
-3719
-2783
-1062
-340
-231
-400
-1549
-1678
-1145
-932
-395
-130
244
529
102
-245
-858
-1342
-1365
-1583
-1740
-1670
-1273
-488
118
678
932
883
1076
1024
1183
1509
1505
1593
1623
1580
1690
1640
1567
1345
970
604
5
-496
-681
-558
-46
741
1389
2387
3034
3216
3849
3610
3948
4428
4482
5917
6978
7627
7803
6690
5861
5228
3770
1463
-3295
-6478
-5824
-4098
-722
1267
674
-406
-2943
-4908
-4955
-3693
765
5563
7731
7881
5315
2078
115
-1556
-1725
-764
-364
-265
-1406
-3572
-5122
-6132
-6350
-5792
-5278
-4363
-3848
-4331
-4719
-4961
-4807
-3651
-2135
-281
848
346
-345
-1829
-2871
-2274
-1311
-51
910
1306
1280
35
-1381
-2359
-3535
-3592
-3310
-3188
-2512
-2098
-1802
-1531
-1566
-1358
-1107
-623
278
886
1701
2304
2433
2569
2452
2497
2488
2181
1867
1290
788
754
879
1234
1584
1497
1749
1920
2412
3257
4215
4746
5065
5659
5130
5008
6125
7024
8290
8897
7653
6513
5745
3876
1093
-3431
-6059
-4629
-2469
246
1078
-1011
-2902
-4883
-6405
-5627
-3937
-518
3057
3818
3360
1990
841
1260
1303
1463
1718
875
-169
-1603
-3346
-3990
-4152
-4049
-3600
-3548
-3539
-3913
-5203
-5899
-5805
-5829
-3784
-1461
-90
1048
-296
-1984
-3051
-3427
-1301
554
1667
2658
1679
580
-510
-1811
-2097
-2089
-1943
-2288
-3151
-3780
-4428
-4591
-4352
-3982
-3223
-2740
-1893
-1267
-800
451
1241
1996
2814
3081
3374
3160
2541
1984
1560
1617
2024
2404
2668
2383
1856
1495
1543
1938
2676
3909
4804
5759
7297
7777
7956
8115
7804
7755
7610
7073
7128
6312
4176
389
-4275
-4918
-3034
-960
571
-970
-3745
-5721
-7332
-6470
-4518
-1815
1961
2883
1406
-745
-3071
-2826
-1199
437
2419
3021
2332
821
-1452
-2836
-3194
-2964
-2208
-1630
-1396
-1537
-2565
-3978
-4807
-4836
-3689
-2017
-647
36
-857
-2012
-2496
-2530
-1209
527
1473
1621
1159
668
59
-205
105
-64
-694
-1406
-2911
-4188
-4682
-4742
-4707
-5073
-5360
-5715
-5676
-5010
-4219
-3127
-1661
-442
631
1597
2253
2665
2523
2169
1903
1898
2399
2884
2966
2845
2280
1810
2114
2636
3486
4330
5054
5627
6024
6734
7295
7443
8321
9280
10159
10682
10295
8187
5253
910
-3472
-3485
-1259
1538
2827
543
-3033
-6156
-8257
-7157
-5354
-3107
204
684
-521
-2093
-3922
-3039
-1253
59
1299
744
-582
-2025
-3610
-3515
-2387
-1176
-125
-408
-1310
-2225
-3717
-4648
-4602
-4009
-2251
-628
462
697
-572
-1667
-1858
-1543
-198
1106
1336
968
230
-62
21
337
879
772
-54
-1153
-2003
-2919
-3300
-2984
-3191
-3562
-4233
-5388
-5996
-6205
-5934
-5038
-4151
-3079
-2273
-1630
-455
389
1042
1679
1841
2131
2422
2572
2648
2728
2832
2930
3255
3792
4116
4281
5054
5390
6354
7871
8231
8242
8016
7940
9244
10009
10829
9977
6475
2429
-1580
-1887
643
2699
3315
1153
-2514
-4621
-5996
-5462
-3998
-2885
-869
-703
-2208
-3515
-4655
-3709
-1975
-964
-207
-831
-2343
-3550
-4508
-4063
-2465
-1175
-581
-1035
-2046
-2823
-3794
-4379
-4082
-3405
-1915
-544
-27
-297
-1262
-1785
-1175
-127
1167
2178
2150
1764
1406
1327
1559
1673
1640
798
-702
-2003
-2678
-2873
-2833
-2557
-2530
-3141
-3901
-4742
-5587
-5765
-5383
-4742
-3898
-3213
-2781
-2666
-2549
-2089
-1596
-1175
-692
-240
188
921
1649
2444
3217
3620
3921
4156
3812
4131
4709
5279
6651
7470
8123
8459
8319
8811
9363
9513
9923
7872
5423
2050
-16
1939
3972
4769
3804
246
-2267
-3663
-4335
-3065
-2842
-1922
-653
-1531
-2175
-3080
-3598
-2180
-1556
-1185
-1142
-2575
-3746
-4780
-5158
-3803
-2526
-1809
-1771
-2880
-3620
-3940
-4500
-4291
-3575
-2640
-1491
-765
-407
-546
-1028
-831
-293
329
1301
1802
1560
1432
1730
2070
2521
2485
2150
1422
389
127
-486
-864
-1071
-1795
-2529
-3419
-4270
-4607
-4781
-4944
-4776
-4651
-4395
-4015
-3621
-3113
-2671
-2228
-1926
-1852
-1642
-1363
-886
-342
241
725
1628
2534
3207
3659
4071
4697
5690
6675
7180
7017
7122
7686
8058
8504
8567
8872
7857
5584
1898
638
2433
4610
5290
3595
953
-443
-732
-581
-754
-1621
-1157
-548
-1213
-1994
-3029
-2907
-1598
-892
-235
-566
-2135
-3696
-5097
-4994
-3363
-2234
-2012
-2949
-4449
-4905
-4865
-4786
-4152
-3823
-3512
-2896
-2298
-1608
-1303
-1165
-860
-476
204
824
1002
702
708
1577
2469
2958
2680
1458
458
-29
-8
178
71
-16
-148
-718
-1162
-2037
-2989
-3605
-4458
-4899
-4989
-4843
-4435
-3894
-3218
-2674
-2539
-2424
-2533
-2661
-2396
-1759
-757
79
948
1528
1937
2708
3161
3517
3792
4077
4720
5873
7003
8266
8453
8453
7929
7966
7891
6668
3860
644
1089
3415
5164
4884
2547
279
-48
-31
187
-632
-1662
-734
-88
-41
-266
-1202
-981
-659
-601
-249
-955
-2157
-3251
-4102
-3188
-1740
-1342
-1991
-3450
-4826
-4852
-4920
-4616
-4170
-4891
-4116
-3512
-3078
-2257
-2626
-2454
-1552
-712
754
1042
789
930
1024
2229
3157
2866
2275
862
-39
94
375
837
438
-88
-524
-1043
-1305
-1562
-1629
-1836
-2057
-2125
-2617
-2951
-3174
-3385
-3138
-2934
-2846
-2886
-3109
-2857
-2326
-1684
-898
-510
-180
528
1109
1869
2673
3218
3893
4547
5283
5905
6426
6327
6140
6054
6399
7160
6870
5231
1758
655
2249
3915
3980
1954
-56
-355
247
899
556
-806
-727
-130
-163
-501
-1437
-1373
-304
466
1242
871
-511
-1849
-2951
-2588
-1301
-645
-888
-1896
-2959
-3220
-3478
-4125
-4566
-4715
-4509
-3858
-3152
-2744
-2733
-2869
-2304
-1762
-1130
-308
-23
-80
531
1528
2695
3094
2689
1656
216
-286
-222
-162
-14
-10
-91
-256
-671
-922
-1412
-1650
-1810
-2281
-2426
-2554
-2531
-2122
-1603
-1062
-1140
-1634
-2201
-2573
-2366
-1677
-1179
-527
-9
346
832
1412
1976
2503
3026
3515
4181
4965
6012
6344
6214
6523
6452
6610
5987
4020
1108
111
1550
3481
3587
1667
-180
-945
-584
-323
-963
-1797
-1568
-537
27
-452
-1513
-1649
-515
655
1347
773
-758
-1815
-2066
-1111
223
542
-259
-1607
-2439
-2338
-2252
-2698
-2970
-3443
-3216
-2692
-2243
-1974
-2490
-3239
-2820
-2111
-1316
-784
-892
-672
26
1313
2392
2174
1611
1279
785
938
936
531
79
-435
-528
-676
-1099
-1565
-2136
-2115
-1788
-1544
-1607
-2067
-2394
-2293
-1735
-1073
-959
-1406
-1729
-1758
-1234
-506
-230
-66
16
529
1142
1785
2229
2437
2993
3646
4430
4995
5312
5335
5475
5693
6055
6318
5487
4087
1145
216
1404
2244
2166
447
-1065
-927
-589
-702
-1633
-3070
-2544
-1312
-1025
-1352
-2750
-3022
-1582
-433
434
17
-1355
-1949
-1899
-847
599
538
-326
-1246
-1552
-830
-923
-1893
-2621
-2867
-2782
-2427
-2492
-2445
-2273
-1939
-1045
-774
-819
-758
-715
-118
907
1764
2368
2291
1846
1641
1254
1120
982
683
529
256
-29
-269
-683
-1140
-1494
-1767
-1952
-2316
-2480
-2550
-2531
-2287
-1814
-1337
-1042
-1114
-1177
-1040
-761
-292
50
542
1362
2117
2857
3073
2768
2654
2919
3629
4343
4973
5195
5293
5693
6178
6524
5933
4370
1510
727
1866
2628
1960
-340
-1663
-1204
-548
-581
-2046
-3847
-3599
-2483
-1885
-2136
-3370
-3407
-2080
-841
-22
-696
-2080
-2909
-3080
-1919
-437
-151
-726
-1574
-1774
-1167
-1230
-2092
-2543
-2655
-1843
-1510
-1553
-2065
-2573
-2291
-1505
-728
-739
-1068
-1364
-1121
96
1487
2437
2683
2346
2047
1863
1692
1660
1556
1585
1795
1815
1348
515
-364
-1021
-1205
-1314
-1553
-2162
-2635
-2680
-2508
-1969
-1658
-1680
-1746
-1593
-1133
-581
-81
196
363
826
1755
2909
3549
3640
3412
3412
4035
4663
5264
5130
5018
5126
5202
4998
4360
2486
530
838
2012
2714
1458
-732
-1515
-1287
-910
-1037
-2420
-3273
-2927
-2530
-2348
-3245
-4239
-3660
-2521
-1214
-698
-1589
-2313
-2694
-2268
-818
-46
-84
-700
-1473
-1351
-994
-1600
-2430
-2907
-2912
-2183
-1460
-1335
-1659
-2227
-2313
-1574
-1082
-441
-221
-452
59
682
1386
2043
1762
1606
1718
1830
2071
1577
982
1069
1308
2006
2288
1656
1113
301
-227
-398
-942
-1235
-1611
-1658
-1226
-1041
-1282
-1810
-2058
-1610
-866
-275
148
484
1184
1786
2272
2864
3252
3948
4444
4679
4922
4827
5034
5185
5182
5308
4867
4191
2927
486
-333
135
882
842
-665
-1669
-1722
-1822
-1694
-2494
-3615
-3550
-3364
-3016
-3031
-3988
-4029
-3516
-2858
-2050
-2374
-2795
-2943
-2856
-1661
-497
-200
-441
-1165
-1252
-599
-656
-1366
-1776
-2389
-2026
-1450
-1486
-1440
-2081
-2592
-2357
-2259
-1632
-1429
-1572
-813
-29
1074
1975
1720
1493
1280
1273
1828
1906
1917
1890
1570
1651
1369
819
669
221
171
98
-296
-373
-679
-691
-385
-193
89
-102
-519
-473
-285
479
1256
1614
2251
2637
3152
3681
3826
4022
4083
4599
5238
5879
6274
6300
6091
5783
5017
4465
3196
1171
451
253
769
209
-1452
-2457
-2922
-3150
-3167
-4116
-4637
-4582
-4675
-4332
-4482
-4909
-4519
-4236
-3460
-2843
-3091
-3151
-3396
-3513
-2450
-1487
-841
-733
-1341
-1393
-1037
-1098
-1095
-985
-1151
-941
-1099
-1077
-894
-1221
-1356
-1583
-1588
-1207
-1155
-1032
-973
-760
-17
623
838
912
779
718
1008
1165
1343
1360
1259
1426
1345
1190
901
414
188
-148
-406
-615
-972
-1120
-1310
-1293
-1102
-901
-689
-368
38
757
1522
2382
2973
3549
4116
4695
5568
6247
6696
6709
6597
6540
6864
7215
7509
7073
6052
5072
3311
2119
1660
1595
1566
483
-1059
-2244
-3116
-3398
-3596
-4168
-4635
-5254
-5878
-6187
-6610
-6753
-6401
-6146
-5630
-5217
-5167
-4935
-4867
-4702
-3856
-2951
-2105
-1730
-1718
-1527
-1306
-1257
-1077
-1003
-970
-852
-929
-744
-575
-630
-573
-584
-563
-492
-485
-290
-106
278
835
1254
1421
1590
1628
1446
1524
1504
1605
1625
1414
1327
1160
999
906
517
264
-145
-670
-977
-1117
-1082
-977
-920
-877
-810
-724
-496
-183
331
1083
1865
2571
3244
3768
4288
4874
5460
6042
6692
7231
7701
7979
8142
8127
7707
7323
6593
5245
4208
3228
2883
2549
1665
596
-689
-1824
-2479
-2947
-3211
-3632
-4396
-5313
-6033
-6647
-6768
-6783
-6862
-6837
-6995
-6951
-6612
-6552
-6238
-5753
-5253
-4596
-4177
-3823
-3448
-3382
-3391
-3320
-2815
-2070
-1459
-1126
-1075
-1082
-1125
-1029
-883
-637
-383
-246
-235
-98
317
958
1482
1892
1959
1750
1559
1536
1610
1879
2134
2152
1945
1557
1135
805
482
204
-81
-381
-654
-944
-1107
-1169
-1199
-1200
-1119
-968
-823
-472
54
701
1439
2109
2824
3442
3936
4358
4789
5304
5757
6185
6658
7217
7719
7843
7676
7263
6492
5857
5326
5029
4888
4434
3887
3002
1993
1141
292
-256
-848
-1492
-2284
-3210
-4113
-4956
-5638
-6203
-6710
-7262
-7740
-7800
-7781
-7802
-7599
-7407
-6914
-6422
-6000
-5472
-5209
-4973
-4773
-4493
-3996
-3497
-2962
-2582
-2481
-2329
-2120
-1839
-1507
-1401
-1248
-942
-568
-93
366
789
1213
1564
1859
2185
2472
2647
2701
2696
2730
2722
2682
2547
2266
1890
1377
988
790
586
435
235
-68
-307
-513
-516
-411
-239
-86
152
627
1170
1836
2420
2891
3311
3656
4103
4521
4941
5359
5766
6231
6680
6956
7083
7052
6605
6080
5557
5263
5242
4965
4660
3967
2980
2086
1125
618
252
-320
-1104
-2131
-3178
-4059
-4823
-5429
-5924
-6501
-7098
-7417
-7486
-7462
-7463
-7597
-7559
-7423
-7062
-6548
-6256
-6136
-5996
-5799
-5314
-4662
-4046
-3460
-3135
-2918
-2636
-2349
-1925
-1651
-1548
-1503
-1374
-1212
-942
-638
-330
105
468
906
1315
1628
1952
2254
2668
3084
3281
3331
3094
2824
2520
2230
2041
1725
1276
809
363
107
-58
-194
-271
-259
-201
3
544
1173
1858
2524
3077
3516
3950
4457
5040
5595
6018
6376
6747
7035
7336
7497
7416
6944
6351
5778
5489
5282
5017
4596
3762
2890
1981
1264
932
458
-84
-857
-1666
-2458
-3253
-4018
-4695
-5336
-5939
-6371
-6603
-6849
-6991
-7162
-7278
-7232
-7198
-6967
-6739
-6652
-6536
-6327
-5957
-5457
-4950
-4560
-4138
-3857
-3575
-3098
-2657
-2240
-1996
-1953
-1930
-1825
-1502
-1089
-762
-498
-386
-168
58
475
954
1296
1675
1916
2164
2396
2478
2495
2380
2312
2190
2000
1798
1402
1015
640
338
164
-65
-126
-146
-98
93
390
859
1325
1871
2367
2865
3508
4003
4606
5097
5546
6024
6436
6976
7320
7574
7466
7032
6636
6184
6059
5875
5623
5203
4258
3294
2210
1391
1001
443
-152
-1053
-2000
-2813
-3548
-4043
-4427
-4882
-5331
-5666
-5761
-5911
-6000
-6169
-6277
-6243
-6170
-6047
-5897
-5951
-5917
-5754
-5525
-5186
-4904
-4570
-4315
-4059
-3583
-3168
-2732
-2427
-2175
-1870
-1641
-1432
-1263
-1111
-924
-641
-376
-117
128
352
544
779
1128
1516
1881
2057
2099
2062
1976
1915
1896
1830
1633
1261
890
631
459
364
255
105
29
82
277
658
1009
1423
1854
2253
2736
3199
3758
4325
4817
5320
5828
6359
6745
7196
7477
7416
7149
6703
6415
6124
5947
5848
5445
4780
3806
2772
2065
1505
883
210
-514
-1388
-2192
-2911
-3442
-3783
-4308
-4885
-5235
-5522
-5591
-5575
-5664
-5644
-5613
-5568
-5457
-5420
-5433
-5410
-5279
-5059
-4846
-4551
-4321
-4226
-4168
-4002
-3781
-3473
-3297
-3173
-2999
-2864
-2699
-2485
-2277
-1949
-1594
-1305
-1032
-762
-533
-260
101
629
1151
1498
1605
1543
1484
1460
1471
1518
1566
1417
1142
876
673
652
677
597
517
431
501
808
1295
1833
2165
2368
2526
2811
3310
3766
4285
4689
5100
5588
6009
6433
6690
6779
6641
6409
6306
6302
6286
6141
5806
5370
4719
4011
3239
2493
1849
1040
285
-380
-1175
-1858
-2658
-3270
-3768
-4336
-4742
-4880
-4984
-5067
-5161
-5231
-5245
-5179
-5142
-4961
-4816
-4844
-4767
-4591
-4328
-4014
-3911
-3732
-3651
-3526
-3209
-2988
-2765
-2739
-2820
-2768
-2683
-2494
-2268
-2140
-1970
-1776
-1549
-1357
-1234
-1168
-1010
-642
-85
485
811
916
875
761
784
917
1058
1159
1060
901
815
796
808
811
819
879
940
1089
1407
1787
2203
2546
2780
3046
3371
3702
4075
4391
4664
4981
5294
5792
6270
6607
6695
6349
6077
5663
5555
5632
5483
5387
4665
3952
3259
2470
2230
1468
802
-10
-1069
-1682
-2338
-2841
-3128
-3711
-4164
-4590
-4896
-4995
-5064
-5161
-5226
-5121
-5146
-4920
-4645
-4633
-4421
-4416
-4232
-3785
-3485
-2915
-2617
-2461
-2273
-2300
-2055
-1886
-1862
-1812
-1984
-2087
-2127
-2101
-1850
-1666
-1510
-1359
-1222
-1128
-1066
-935
-757
-407
-68
128
281
259
153
94
88
179
198
68
-94
-167
-74
161
320
446
548
692
1041
1530
2029
2481
2798
3060
3341
3653
4007
4367
4643
4946
5250
5600
5969
6319
6560
6624
6335
5969
5640
5498
5531
5480
5329
4846
4144
3385
2627
2207
1736
1156
372
-567
-1393
-2158
-2813
-3282
-3791
-4310
-4776
-5094
-5300
-5466
-5559
-5550
-5463
-5330
-5177
-5024
-4940
-4793
-4538
-4125
-3621
-3217
-2946
-2739
-2574
-2373
-2027
-1673
-1343
-1205
-1145
-1139
-1201
-1273
-1285
-1148
-941
-681
-479
-367
-337
-367
-351
-225
151
529
696
687
487
266
165
153
226
211
30
-200
-406
-500
-457
-355
-204
-49
112
336
754
1287
1858
2311
2617
2876
3162
3528
3968
4353
4688
5038
5329
5647
5944
6167
6307
6024
5664
5307
5055
5057
5102
5125
4855
4185
3408
2554
2001
1583
1100
473
-316
-1147
-1830
-2475
-2972
-3439
-4016
-4522
-4874
-5111
-5240
-5290
-5338
-5370
-5369
-5316
-5213
-5047
-4948
-4788
-4530
-4149
-3750
-3308
-2890
-2593
-2350
-2156
-1868
-1550
-1318
-1162
-1079
-994
-988
-944
-802
-669
-444
-258
-180
-73
-48
32
225
530
807
930
911
820
733
682
604
515
287
48
-186
-290
-243
-164
-110
-124
-133
13
302
771
1332
1763
2068
2333
2600
2971
3380
3767
4122
4367
4644
4953
5288
5646
5817
5907
5766
5465
5226
5034
5043
5048
4969
4733
4185
3561
2802
2245
1840
1293
701
-19
-759
-1440
-2081
-2620
-3103
-3644
-4216
-4649
-4906
-5105
-5201
-5298
-5316
-5317
-5279
-5205
-5164
-5181
-5088
-4883
-4490
-4098
-3706
-3270
-2998
-2816
-2557
-2260
-1896
-1631
-1435
-1316
-1302
-1279
-1240
-1046
-793
-496
-220
-98
25
153
252
517
786
1110
1336
1350
1270
1102
1014
964
936
855
622
257
-38
-134
-93
29
83
106
183
281
555
1050
1538
1921
2172
2338
2593
2927
3319
3676
3906
4084
4257
4573
4935
5245
5497
5512
5274
4917
4540
4319
4261
4229
4185
3866
3220
2515
1775
1342
1021
645
107
-632
-1373
-1986
-2511
-2887
-3311
-3794
-4292
-4671
-4928
-5093
-5181
-5263
-5279
-5291
-5284
-5209
-5140
-5030
-4824
-4549
-4149
-3835
-3526
-3152
-2843
-2505
-2165
-1888
-1608
-1459
-1299
-1160
-1056
-959
-883
-727
-481
-102
242
486
674
757
862
1109
1430
1748
1877
1829
1724
1599
1589
1567
1475
1291
978
657
433
388
454
492
497
495
552
730
1006
1346
1673
1975
2226
2461
2792
3104
3450
3735
3922
4119
4265
4547
4880
5155
5407
5413
5129
4731
4302
4033
3921
3824
3683
3305
2742
2073
1420
990
577
80
-511
-1199
-1842
-2380
-2891
-3293
-3729
-4256
-4723
-5040
-5244
-5373
-5474
-5524
-5502
-5520
-5520
-5447
-5391
-5279
-5063
-4768
-4355
-3989
-3659
-3370
-3148
-2809
-2465
-2121
-1802
-1593
-1371
-1254
-1128
-1008
-849
-580
-278
104
429
645
813
922
1112
1384
1716
2018
2149
2177
2065
1997
1962
1903
1836
1595
1277
968
774
765
822
834
832
804
795
905
1147
1447
1731
1999
2198
2419
2760
3067
3396
3643
3844
4028
4236
4531
4774
5050
5186
5085
4787
4380
4019
3780
3633
3533
3316
2813
2177
1476
903
583
224
-234
-853
-1554
-2167
-2664
-3048
-3383
-3809
-4298
-4703
-5011
-5180
-5309
-5428
-5480
-5542
-5555
-5498
-5418
-5321
-5135
-4891
-4577
-4232
-3941
-3643
-3344
-3057
-2714
-2379
-2073
-1804
-1597
-1409
-1201
-1024
-792
-590
-326
7
290
622
838
999
1170
1327
1640
1899
2058
2114
2064
2061
2007
2020
2017
1914
1752
1458
1263
1167
1144
1196
1182
1185
1216
1272
1409
1628
1870
2100
2304
2528
2818
3099
3421
3691
3882
4086
4227
4421
4643
4779
4790
4543
4187
3827
3555
3402
3292
3044
2591
1942
1249
672
272
-116
-537
-1046
-1647
-2258
-2831
-3260
-3561
-3871
-4192
-4474
-4724
-4910
-5068
-5185
-5243
-5288
-5292
-5297
-5214
-5141
-5107
-4964
-4747
-4480
-4143
-3849
-3561
-3352
-3184
-2909
-2633
-2255
-1920
-1686
-1473
-1353
-1211
-1020
-742
-392
-44
288
595
809
998
1198
1494
1785
2021
2162
2156
2160
2178
2192
2274
2262
2119
1921
1671
1510
1506
1565
1604
1640
1656
1728
1836
2019
2212
2411
2589
2733
2985
3225
3513
3793
4035
4167
4305
4452
4539
4715
4809
4763
4554
4194
3877
3596
3394
3198
2867
2411
1761
1043
481
22
-400
-886
-1483
-2079
-2659
-3158
-3490
-3771
-4101
-4426
-4685
-4872
-4974
-5040
-5127
-5145
-5173
-5173
-5105
-5000
-4884
-4774
-4649
-4463
-4243
-4004
-3778
-3538
-3331
-3126
-2883
-2630
-2350
-2071
-1821
-1587
-1430
-1304
-1095
-812
-444
-42
261
497
671
822
1060
1343
1638
1866
1967
1978
1989
1995
2009
2053
1972
1876
1725
1529
1424
1366
1362
1432
1500
1587
1643
1734
1824
1943
2146
2310
2469
2690
2919
3193
3462
3702
3877
3988
4121
4237
4379
4520
4514
4362
4050
3740
3500
3323
3197
2916
2457
1821
1122
600
155
-243
-691
-1251
-1808
-2422
-2949
-3340
-3640
-3947
-4234
-4443
-4622
-4770
-4879
-5029
-5078
-5123
-5120
-4975
-4809
-4650
-4525
-4373
-4173
-3925
-3677
-3428
-3180
-2998
-2815
-2623
-2412
-2165
-1963
-1750
-1563
-1440
-1317
-1154
-908
-578
-232
104
406
656
874
1092
1355
1634
1859
1957
1983
2003
2021
2049
2047
1958
1828
1637
1455
1399
1366
1422
1477
1507
1570
1678
1804
1917
2074
2206
2328
2472
2603
2813
3038
3238
3441
3605
3748
3838
3949
4088
4238
4353
4276
4042
3742
3462
3236
3112
2919
2610
2148
1517
922
478
53
-374
-839
-1441
-2029
-2577
-3042
-3372
-3685
-4011
-4299
-4553
-4737
-4889
-5018
-5115
-5215
-5224
-5140
-5000
-4851
-4701
-4539
-4384
-4161
-3910
-3593
-3286
-3085
-2917
-2752
-2546
-2273
-2061
-1867
-1745
-1698
-1593
-1432
-1118
-808
-453
-141
95
364
581
821
1082
1360
1607
1787
1859
1903
1908
1907
1896
1881
1828
1686
1530
1408
1362
1379
1426
1496
1548
1626
1704
1837
2004
2137
2285
2373
2533
2726
2882
3129
3321
3499
3703
3843
3983
4127
4270
4376
4400
4254
4010
3667
3385
3217
3117
2970
2639
2131
1528
948
532
137
-285
-757
-1309
-1876
-2357
-2784
-3135
-3466
-3804
-4123
-4368
-4587
-4800
-4952
-5066
-5118
-5113
-5018
-4865
-4742
-4638
-4542
-4395
-4198
-3910
-3550
-3231
-2968
-2768
-2608
-2435
-2243
-2043
-1839
-1664
-1502
-1318
-1085
-808
-488
-200
74
305
513
741
992
1235
1465
1665
1787
1884
1924
1890
1871
1819
1745
1689
1576
1471
1413
1384
1366
1381
1432
1437
1506
1550
1655
1806
1905
2032
2143
2272
2453
2602
2758
2910
3050
3271
3447
3665
3855
3973
4061
4039
3913
3667
3386
3081
2871
2750
2569
2320
1873
1306
779
316
-64
-413
-847
-1353
-1871
-2338
-2718
-3017
-3324
-3666
-4044
-4375
-4562
-4722
-4845
-4910
-4955
-4906
-4782
-4650
-4509
-4417
-4329
-4140
-3867
-3525
-3204
-2900
-2689
-2510
-2300
-2118
-1928
-1763
-1628
-1462
-1243
-959
-639
-359
-71
179
395
632
889
1117
1354
1541
1740
1885
1959
1960
1909
1848
1764
1714
1663
1606
1504
1410
1332
1254
1246
1257
1277
1329
1376
1440
1510
1610
1724
1876
1994
2083
2220
2326
2480
2661
2839
3047
3233
3437
3649
3805
3903
3938
3881
3699
3448
3204
3005
2824
2674
2432
2072
1583
1087
591
180
-192
-618
-1053
-1522
-1958
-2350
-2694
-2987
-3303
-3643
-3967
-4252
-4446
-4570
-4662
-4692
-4699
-4650
-4600
-4516
-4442
-4357
-4202
-3962
-3634
-3293
-3008
-2785
-2598
-2392
-2180
-2005
-1823
-1660
-1521
-1325
-1014
-696
-393
-114
117
345
570
781
1030
1224
1387
1580
1735
1821
1900
1876
1740
1617
1483
1383
1338
1253
1124
1013
920
843
853
861
896
955
988
1081
1192
1305
1427
1543
1683
1809
1918
2045
2157
2293
2505
2750
2991
3230
3407
3543
3628
3643
3597
3453
3263
3038
2845
2691
2506
2295
1920
1486
1045
608
218
-174
-551
-941
-1364
-1759
-2126
-2441
-2754
-3078
-3401
-3686
-3926
-4125
-4251
-4317
-4318
-4274
-4246
-4204
-4115
-4009
-3839
-3622
-3379
-3102
-2863
-2649
-2435
-2192
-1976
-1822
-1649
-1519
-1354
-1115
-870
-587
-314
-64
204
463
717
956
1156
1320
1499
1674
1813
1926
1970
1925
1856
1754
1639
1513
1364
1235
1077
1003
943
881
878
844
816
797
800
840
955
1073
1164
1253
1326
1422
1523
1640
1812
1958
2133
2330
2543
2779
2993
3174
3284
3362
3408
3363
3285
3091
2896
2679
2476
2329
2080
1797
1437
985
562
169
-188
-557
-936
-1358
-1767
-2136
-2491
-2802
-3099
-3406
-3662
-3922
-4115
-4211
-4251
-4244
-4215
-4167
-4097
-3995
-3859
-3686
-3463
-3271
-3059
-2839
-2600
-2310
-2048
-1802
-1616
-1469
-1293
-1096
-829
-559
-298
-54
150
401
669
931
1177
1336
1473
1589
1689
1788
1859
1873
1811
1716
1597
1445
1277
1088
924
804
704
629
551
468
389
333
350
389
466
545
613
697
785
890
1023
1114
1224
1334
1476
1702
1933
2187
2412
2598
2738
2859
2986
3107
3207
3199
3146
3024
2854
2645
2393
2123
1839
1547
1256
951
597
237
-146
-555
-939
-1317
-1708
-2078
-2395
-2665
-2885
-3126
-3364
-3573
-3770
-3854
-3875
-3855
-3811
-3800
-3706
-3556
-3368
-3123
-2926
-2774
-2619
-2415
-2164
-1863
-1591
-1368
-1178
-990
-765
-504
-249
-16
200
344
542
780
1040
1304
1460
1548
1565
1591
1628
1658
1652
1612
1513
1384
1246
1076
892
707
532
353
218
126
48
-3
-46
-33
-13
-20
16
74
169
326
440
557
645
738
904
1091
1308
1498
1666
1823
2003
2232
2470
2692
2828
2883
2889
2892
2891
2874
2810
2629
2339
2009
1686
1431
1250
1018
729
360
-81
-553
-915
-1226
-1540
-1828
-2183
-2499
-2767
-3017
-3196
-3312
-3428
-3546
-3660
-3717
-3670
-3620
-3478
-3298
-3158
-2974
-2796
-2581
-2361
-2148
-1930
-1724
-1454
-1178
-851
-555
-306
-94
70
217
430
657
910
1140
1298
1424
1489
1586
1670
1731
1725
1659
1533
1408
1298
1216
1121
989
778
530
331
178
106
63
42
-32
-85
-112
-135
-88
-33
18
72
144
224
347
507
704
895
1080
1235
1391
1586
1799
2055
2229
2394
2544
2640
2744
2814
2819
2796
2759
2681
2608
2498
2224
1929
1566
1263
1087
896
679
320
-96
-533
-916
-1202
-1462
-1725
-2043
-2363
-2589
-2752
-2848
-2943
-3096
-3254
-3374
-3378
-3271
-3152
-3014
-2926
-2826
-2658
-2431
-2197
-1994
-1829
-1680
-1469
-1204
-867
-557
-312
-123
38
201
375
566
751
911
1006
1084
1161
1230
1274
1241
1197
1084
940
808
690
592
495
392
260
99
-78
-217
-347
-401
-421
-439
-425
-442
-449
-451
-425
-334
-255
-174
-75
67
282
504
709
892
1014
1154
1324
1574
1828
2026
2173
2250
2351
2406
2497
2564
2568
2561
2512
2499
2489
2423
2294
2023
1695
1360
1092
897
742
586
296
-39
-451
-825
-1159
-1458
-1680
-1928
-2122
-2279
-2403
-2489
-2571
-2681
-2768
-2835
-2824
-2762
-2639
-2488
-2365
-2205
-2043
-1894
-1746
-1649
-1521
-1360
-1194
-953
-681
-421
-203
-3
153
302
419
515
588
662
753
814
859
863
817
731
616
471
348
206
78
-6
-53
-76
-89
-178
-300
-409
-485
-523
-484
-427
-378
-304
-277
-234
-161
-129
-111
-68
-19
107
316
538
769
953
1082
1198
1334
1484
1596
1680
1731
1766
1890
1986
2050
2083
1970
1850
1750
1738
1765
1786
1787
1733
1685
1592
1461
1314
1038
779
544
353
254
109
-99
-379
-655
-903
-1115
-1248
-1361
-1443
-1494
-1507
-1481
-1469
-1482
-1525
-1601
-1636
-1615
-1574
-1518
-1482
-1466
-1402
-1305
-1270
-1212
-1141
-1105
-1027
-913
-800
-678
-616
-562
-526
-516
-520
-567
-596
-650
-682
-681
-650
-658
-670
-684
-722
-765
-783
-775
-760
-727
-696
-616
-557
-514
-474
-438
-360
-309
-211
-47
101
268
438
625
795
950
1091
1229
1359
1495
1625
1734
1835
1901
1949
1979
2004
2017
2003
1997
1973
1965
1966
1950
1948
1880
1808
1722
1601
1509
1415
1318
1231
1126
1035
937
832
712
523
299
81
-55
-139
-173
-187
-282
-392
-534
-649
-728
-801
-884
-933
-988
-1019
-994
-1016
-1046
-1107
-1183
-1267
-1301
-1309
-1324
-1258
-1225
-1207
-1225
-1268
-1326
-1388
-1438
-1458
-1438
-1449
-1471
-1478
-1451
-1411
-1401
-1443
-1505
-1542
-1534
-1501
-1415
-1344
-1293
-1264
-1225
-1173
-1118
-1035
-1002
-925
-800
-657
-439
-211
-30
115
240
355
484
650
809
980
1137
1253
1368
1464
1512
1549
1565
1566
1582
1622
1678
1735
1771
1783
1762
1719
1689
1628
1592
1551
1500
1464
1402
1343
1285
1218
1134
1019
906
776
752
759
740
784
764
741
717
640
592
572
562
520
441
358
220
167
58
-3
-81
-256
-347
-471
-495
-540
-585
-654
-786
-878
-1026
-1150
-1289
-1482
-1625
-1767
-1876
-1963
-2104
-2193
-2273
-2303
-2309
-2290
-2251
-2225
-2138
-2101
-1999
-1910
-1862
-1787
-1754
-1687
-1616
-1558
-1457
-1345
-1238
-1094
-914
-704
-506
-308
-93
116
337
552
750
960
1112
1259
1381
1465
1545
1586
1617
1647
1682
1699
1719
1720
1722
1693
1681
1650
1585
1540
1477
1435
1372
1277
1188
1114
1003
928
875
791
728
670
635
635
653
612
593
586
583
595
565
593
564
574
577
569
581
537
486
416
403
369
295
245
136
91
71
17
-27
-184
-356
-558
-680
-754
-885
-955
-1147
-1320
-1479
-1655
-1765
-1859
-1977
-2087
-2169
-2218
-2236
-2260
-2290
-2333
-2335
-2338
-2293
-2233
-2167
-2092
-2007
-1896
-1743
-1567
-1413
-1253
-1098
-954
-772
-575
-368
-165
41
215
355
523
638
760
848
936
1043
1134
1236
1294
1346
1373
1372
1390
1385
1382
1380
1355
1327
1303
1276
1232
1191
1136
1052
979
906
811
746
700
668
652
642
635
618
584
555
571
573
582
631
648
673
684
677
681
643
587
507
470
449
434
435
421
365
324
215
129
88
-11
-109
-228
-341
-446
-528
-612
-736
-875
-1022
-1158
-1238
-1307
-1392
-1480
-1556
-1609
-1645
-1671
-1693
-1726
-1784
-1799
-1803
-1750
-1682
-1606
-1498
-1423
-1359
-1299
-1220
-1101
-964
-802
-674
-556
-434
-315
-194
-86
-9
55
110
198
312
461
591
643
695
711
743
832
880
916
937
912
874
860
867
867
829
774
741
713
690
689
673
673
657
640
639
627
589
548
524
529
503
496
505
490
487
475
481
476
448
446
459
450
417
362
294
220
155
71
-24
-92
-168
-240
-330
-419
-494
-587
-640
-681
-747
-793
-821
-828
-815
-841
-873
-917
-930
-918
-929
-905
-915
-909
-915
-912
-873
-846
-809
-730
-636
-533
-408
-291
-185
-79
6
108
237
291
368
394
412
469
487
529
529
510
497
492
484
454
432
412
383
349
316
285
213
136
72
17
-10
-79
-151
-200
-237
-258
-260
-242
-236
-244
-233
-221
-164
-117
-90
-66
-23
3
19
68
95
116
165
205
253
312
362
388
401
408
404
426
429
394
375
321
218
185
102
8
-73
-175
-266
-355
-431
-523
-607
-674
-764
-803
-864
-879
-892
-912
-911
-943
-939
-921
-886
-868
-840
-804
-778
-718
-631
-535
-443
-328
-221
-94
14
145
315
454
581
705
807
928
1017
1071
1141
1156
1168
1199
1201
1204
1142
1072
979
915
884
820
769
668
575
470
370
283
179
55
-104
-256
-392
-457
-526
-617
-681
-771
-825
-876
-924
-976
-1020
-1031
-1041
-1011
-984
-962
-932
-889
-848
-789
-707
-631
-550
-486
-402
-328
-249
-189
-127
-79
-59
-35
-33
-15
-3
-3
-18
-46
-71
-94
-144
-165
-192
-217
-212
-195
-194
-188
-187
-191
-176
-176
-161
-143
-133
-119
-114
-93
-58
-49
23
73
139
220
272
375
444
520
609
694
793
908
1034
1103
1197
1258
1309
1384
1394
1430
1459
1458
1487
1504
1492
1429
1366
1282
1178
1087
958
845
714
539
400
251
116
-14
-151
-271
-395
-499
-621
-693
-757
-842
-917
-1023
-1108
-1155
-1246
-1331
-1396
-1457
-1500
-1507
-1465
-1473
-1442
-1400
-1351
-1297
-1237
-1151
-1071
-986
-927
-867
-821
-770
-721
-701
-669
-652
-622
-575
-540
-469
-415
-391
-348
-282
-219
-195
-160
-99
-46
1
38
47
106
152
182
230
234
258
295
370
495
581
643
710
762
831
883
946
987
1040
1096
1121
1201
1262
1302
1338
1362
1417
1487
1532
1588
1638
1663
1680
1694
1670
1628
1551
1476
1426
1329
1219
1119
1023
911
799
671
515
368
206
69
-14
-130
-285
-426
-604
-754
-906
-1034
-1138
-1231
-1344
-1463
-1553
-1619
-1677
-1726
-1760
-1799
-1828
-1852
-1836
-1822
-1829
-1838
-1794
-1746
-1711
-1668
-1653
-1591
-1533
-1474
-1393
-1302
-1206
-1120
-1019
-890
-783
-679
-578
-458
-351
-238
-136
-37
77
171
262
369
440
515
580
638
722
826
908
994
1080
1121
1203
1268
1313
1349
1391
1434
1490
1562
1596
1582
1563
1581
1602
1636
1645
1659
1662
1656
1678
1681
1683
1663
1631
1592
1541
1484
1431
1368
1280
1174
1073
1006
904
789
677
555
438
337
240
148
40
-94
-210
-356
-497
-636
-824
-970
-1152
-1311
-1433
-1575
-1680
-1808
-1919
-2034
-2083
-2132
-2191
-2226
-2242
-2258
-2259
-2258
-2276
-2310
-2320
-2299
-2253
-2181
-2141
-2076
-2011
-1967
-1863
-1730
-1573
-1415
-1269
-1102
-917
-728
-565
-397
-278
-154
-34
118
287
432
566
691
838
996
1148
1313
1438
1522
1641
1769
1907
2018
2081
2093
2095
2104
2104
2118
2118
2084
2049
2010
1979
2005
2005
1978
1946
1913
1880
1838
1833
1801
1730
1624
1509
1452
1393
1293
1171
1043
923
833
747
670
622
514
384
263
148
41
-85
-240
-375
-501
-619
-730
-833
-964
-1131
-1256
-1363
-1440
-1513
-1631
-1740
-1850
-1943
-2021
-2083
-2131
-2205
-2293
-2309
-2335
-2358
-2390
-2437
-2449
-2440
-2384
-2319
-2275
-2221
-2160
-2053
-1892
-1731
-1565
-1440
-1342
-1228
-1062
-869
-675
-509
-371
-195
-13
187
384
558
722
875
1057
1265
1450
1597
1714
1821
1926
2028
2153
2252
2300
2328
2347
2381
2419
2430
2441
2446
2409
2390
2378
2335
2298
2239
2160
2125
2068
1968
1862
1738
1612
1463
1335
1212
1093
980
867
772
676
549
441
331
239
139
26
-60
-210
-326
-454
-575
-706
-806
-946
-1086
-1181
-1298
-1372
-1438
-1529
-1611
-1668
-1708
-1738
-1791
-1846
-1905
-1953
-2026
-2089
-2118
-2157
-2180
-2210
-2219
-2215
-2203
-2161
-2106
-2037
-1988
-1890
-1757
-1652
-1546
-1442
-1293
-1165
-1062
-927
-802
-698
-566
-393
-206
-15
162
348
539
696
888
1064
1222
1420
1602
1748
1871
1941
1987
2055
2103
2154
2217
2261
2264
2294
2335
2411
2416
2400
2393
2346
2348
2319
2285
2231
2144
2032
1938
1851
1755
1635
1498
1347
1227
1152
1063
977
886
782
669
576
427
323
193
25
-100
-214
-334
-451
-596
-725
-860
-987
-1099
-1175
-1242
-1326
-1395
-1458
-1522
-1583
-1652
-1725
-1789
-1865
-1937
-1979
-2046
-2084
-2112
-2160
-2160
-2179
-2169
-2164
-2129
-2087
-2046
-1991
-1943
-1854
-1770
-1696
-1625
-1547
-1435
-1306
-1161
-1020
-874
-731
-580
-397
-186
22
202
372
546
727
893
1043
1203
1333
1442
1535
1636
1768
1856
1932
2022
2073
2149
2211
2260
2285
2289
2285
2271
2270
2203
2175
2125
2045
1960
1871
1814
1727
1633
1539
1426
1319
1224
1126
1020
916
802
666
561
426
317
223
94
-16
-142
-225
-335
-432
-506
-585
-668
-745
-811
-891
-967
-1040
-1104
-1169
-1235
-1283
-1356
-1413
-1449
-1498
-1549
-1558
-1565
-1585
-1601
-1620
-1633
-1654
-1662
-1643
-1625
-1605
-1577
-1530
-1477
-1429
-1384
-1317
-1254
-1171
-1072
-981
-859
-741
-634
-521
-400
-292
-180
-69
56
193
324
443
586
746
881
1024
1157
1255
1365
1459
1564
1691
1774
1820
1877
1914
1946
1954
1970
1982
1969
1947
1940
1905
1889
1881
1833
1787
1718
1651
1561
1492
1402
1300
1204
1094
996
879
754
644
519
392
283
191
98
-23
-126
-233
-326
-414
-516
-620
-700
-788
-860
-915
-1004
-1060
-1131
-1173
-1193
-1236
-1279
-1326
-1362
-1392
-1403
-1401
-1399
-1436
-1476
-1512
-1503
-1505
-1525
-1530
-1520
-1526
-1512
-1463
-1409
-1358
-1331
-1297
-1246
-1187
-1109
-1028
-952
-864
-786
-681
-584
-506
-409
-340
-233
-105
5
161
278
388
507
607
719
856
970
1080
1179
1244
1326
1408
1481
1551
1588
1603
1625
1640
1661
1668
1670
1676
1662
1634
1618
1606
1552
1476
1381
1305
1243
1161
1080
969
858
739
612
515
418
313
202
114
18
-50
-111
-191
-279
-365
-442
-492
-547
-613
-671
-733
-803
-822
-869
-905
-945
-1024
-1044
-1061
-1063
-1055
-1048
-1041
-1033
-1031
-1033
-1016
-1028
-1052
-1054
-1053
-1039
-1023
-993
-1003
-1001
-977
-965
-933
-902
-865
-814
-745
-687
-598
-547
-493
-437
-366
-304
-264
-189
-113
-22
42
141
218
289
362
418
532
653
734
827
905
942
998
1052
1092
1137
1151
1146
1149
1163
1168
1177
1196
1173
1156
1130
1110
1086
1040
999
937
878
792
729
656
562
451
334
222
111
40
-19
-86
-169
-232
-301
-359
-406
-487
-534
-587
-664
-719
-776
-812
-844
-902
-937
-946
-955
-965
-958
-927
-891
-875
-865
-847
-837
-830
-816
-781
-766
-759
-759
-757
-744
-757
-726
-694
-693
-682
-635
-586
-540
-520
-507
-481
-452
-423
-376
-327
-307
-306
-281
-235
-183
-107
-43
16
67
140
228
333
418
465
533
595
649
726
774
808
831
844
876
891
922
941
962
990
997
1013
1019
1013
987
958
932
931
897
838
792
734
651
574
479
396
346
244
194
124
43
-17
-128
-216
-263
-337
-412
-453
-535
-594
-623
-631
-637
-675
-733
-775
-779
-784
-757
-720
-712
-710
-703
-666
-626
-602
-577
-574
-568
-530
-466
-424
-381
-385
-376
-336
-315
-268
-219
-205
-179
-163
-150
-132
-124
-140
-139
-122
-135
-107
-84
-64
-38
-32
-7
49
59
74
99
111
133
159
186
199
211
234
226
255
275
283
313
335
353
383
422
433
451
453
444
457
449
446
417
374
350
313
258
238
195
158
131
73
40
-7
-75
-136
-196
-269
-295
-365
-450
-484
-543
-603
-665
-708
-745
-766
-807
-803
-797
-787
-798
-793
-739
-730
-676
-637
-614
-570
-537
-495
-411
-373
-336
-305
-268
-190
-148
-90
-29
24
70
139
188
232
266
266
280
327
362
370
403
401
394
404
407
403
414
399
389
384
387
385
364
363
334
324
304
307
305
275
275
262
270
250
215
202
191
172
189
200
205
225
209
187
201
178
155
165
150
141
127
102
67
33
11
-41
-76
-130
-186
-228
-261
-298
-340
-400
-461
-528
-583
-625
-668
-697
-745
-771
-766
-788
-816
-844
-900
-908
-921
-922
-896
-877
-864
-821
-780
-755
-734
-714
-672
-607
-553
-477
-399
-335
-285
-220
-156
-96
-24
31
101
161
223
318
384
445
481
514
568
588
629
670
703
733
745
755
750
730
714
699
679
652
618
599
589
562
535
509
474
447
420
399
366
335
297
261
252
215
177
130
89
54
57
49
19
-19
-55
-85
-102
-120
-132
-179
-223
-265
-290
-299
-362
-403
-440
-465
-477
-494
-513
-528
-573
-605
-601
-597
-597
-608
-631
-659
-689
-693
-679
-670
-657
-657
-649
-630
-619
-590
-571
-548
-485
-460
-432
-397
-378
-338
-274
-249
-192
-146
-110
-50
22
86
144
222
266
316
389
440
482
538
592
627
665
688
710
730
738
749
763
767
787
783
783
784
786
793
769
757
724
666
624
593
565
529
468
421
378
330
305
266
222
183
138
98
63
26
-33
-79
-137
-218
-274
-336
-372
-405
-461
-504
-540
-571
-604
-644
-685
-717
-738
-740
-763
-788
-793
-830
-865
-893
-917
-922
-925
-928
-913
-907
-912
-884
-863
-829
-799
-749
-702
-670
-608
-588
-534
-498
-477
-416
-387
-352
-300
-252
-198
-138
-74
-1
69
127
195
250
267
312
345
385
469
519
575
623
653
682
721
767
792
844
869
906
959
955
1006
1006
968
952
939
917
899
895
871
851
817
755
725
718
671
646
607
531
492
458
413
374
315
245
176
84
9
-59
-108
-162
-225
-286
-341
-394
-446
-507
-568
-632
-692
-746
-776
-796
-821
-831
-866
-889
-910
-929
-928
-937
-950
-935
-922
-916
-885
-860
-836
-826
-815
-778
-726
-677
-614
-571
-548
-501
-435
-366
-287
-244
-194
-135
-102
-15
45
86
157
211
261
339
415
461
492
530
548
593
628
646
683
706
725
725
718
718
710
713
735
757
794
805
818
825
814
806
801
784
739
725
690
672
656
620
584
545
505
477
449
424
383
331
300
272
246
199
142
49
-50
-117
-161
-225
-272
-318
-402
-449
-484
-525
-566
-629
-665
-715
-733
-742
-744
-756
-807
-849
-860
-874
-876
-885
-890
-895
-867
-810
-777
-729
-715
-677
-635
-575
-508
-439
-399
-371
-317
-268
-194
-123
-89
-33
1
42
133
186
245
284
321
397
460
490
520
548
563
595
634
695
739
728
742
790
811
814
856
854
856
864
893
897
888
881
851
852
849
831
819
798
740
727
733
701
682
649
614
573
549
515
475
440
360
322
270
206
160
114
59
-5
-46
-105
-142
-197
-255
-289
-356
-422
-442
-468
-521
-539
-586
-629
-653
-697
-728
-753
-782
-803
-808
-830
-838
-839
-847
-844
-851
-849
-823
-794
-767
-728
-682
-663
-636
-586
-565
-520
-454
-423
-375
-306
-256
-211
-177
-132
-100
-55
0
48
103
133
164
241
299
340
372
399
432
456
496
539
574
594
621
666
696
689
703
721
708
717
745
753
781
751
721
727
712
720
704
681
658
618
604
598
581
556
505
469
446
424
389
342
291
237
193
161
109
49
-32
-121
-148
-175
-208
-255
-311
-354
-406
-441
-472
-501
-532
-571
-596
-616
-632
-644
-675
-671
-687
-694
-678
-671
-648
-640
-639
-615
-591
-557
-536
-500
-458
-424
-360
-337
-317
-270
-251
-220
-173
-133
-90
-58
-34
-6
11
43
74
112
155
190
217
257
273
298
320
325
362
367
384
418
402
411
439
466
476
499
511
516
517
556
572
591
618
607
613
624
618
625
610
580
575
561
548
569
560
529
504
456
435
429
389
339
305
274
221
191
129
53
4
-77
-109
-147
-204
-269
-300
-328
-347
-380
-420
-467
-490
-522
-569
-561
-583
-593
-597
-628
-630
-632
-640
-647
-648
-614
-600
-574
-532
-503
-480
-456
-433
-423
-405
-360
-320
-280
-246
-226
-184
-134
-88
-69
-52
-29
-6
16
63
114
137
146
148
174
210
225
242
246
271
287
324
396
421
416
418
443
481
515
549
548
556
573
581
610
609
596
573
571
592
599
607
598
583
579
584
584
601
592
574
580
539
542
542
495
431
386
340
306
264
226
189
142
105
76
53
-6
-56
-84
-89
-117
-146
-169
-209
-242
-272
-289
-309
-338
-379
-380
-377
-384
-364
-384
-403
-395
-398
-363
-329
-325
-310
-311
-313
-302
-286
-272
-274
-263
-270
-242
-206
-192
-192
-196
-172
-146
-115
-122
-128
-95
-96
-91
-74
-71
-90
-98
-105
-94
-66
-57
-71
-59
-38
-19
9
16
36
37
63
106
141
148
150
158
157
204
233
262
283
279
291
321
345
385
414
382
388
437
439
443
427
382
358
335
329
330
310
273
239
207
220
229
186
132
91
55
55
60
24
-4
-55
-84
-101
-110
-131
-171
-211
-225
-213
-195
-186
-198
-209
-222
-199
-189
-176
-191
-190
-154
-134
-128
-115
-121
-149
-121
-103
-70
-49
-80
-91
-58
-62
-43
-1
3
-8
-31
-29
2
20
3
7
16
30
52
94
100
76
75
58
90
124
150
171
157
153
181
183
198
213
198
213
250
302
326
354
346
343
359
353
359
370
363
351
344
357
371
380
360
343
334
323
331
325
297
293
273
265
266
248
220
165
119
95
92
76
40
-9
-35
-48
-54
-67
-91
-133
-186
-183
-177
-175
-200
-215
-256
-283
-288
-287
-308
-336
-341
-329
-297
-287
-293
-297
-309
-311
-298
-277
-257
-237
-237
-224
-205
-197
-210
-203
-195
-218
-174
-139
-122
-118
-114
-101
-92
-79
-74
-52
-42
-25
-13
-9
8
26
14
34
70
58
95
94
92
133
169
198
202
193
198
207
215
241
253
284
280
314
328
340
341
340
361
346
357
373
396
391
382
372
358
367
359
345
339
347
322
313
315
298
282
236
206
205
203
201
186
171
165
145
114
91
67
60
47
12
10
4
-30
-32
-38
-72
-72
-79
-108
-97
-110
-122
-115
-144
-154
-169
-187
-199
-210
-216
-225
-209
-222
-228
-215
-228
-228
-232
-239
-220
-204
-190
-179
-172
-155
-133
-123
-113
-102
-112
-101
-79
-60
-49
-42
-29
-1
13
31
67
83
107
138
163
191
207
202
225
230
236
239
235
267
273
288
288
256
260
270
264
274
289
268
268
250
240
247
243
227
224
199
156
153
131
129
92
86
84
63
49
30
37
14
0
1
-29
-44
-45
-76
-89
-92
-101
-105
-132
-149
-135
-153
-178
-183
-192
-187
-189
-200
-203
-228
-246
-270
-270
-250
-261
-266
-281
-308
-295
-308
-326
-318
-309
-299
-282
-274
-256
-227
-223
-235
-222
-200
-181
-162
-124
-95
-78
-55
-24
-1
13
31
72
97
112
151
177
217
251
252
279
297
282
308
331
359
376
394
401
413
408
402
430
413
412
433
420
423
411
401
407
387
378
358
330
309
295
283
279
254
227
204
184
166
128
100
83
52
49
42
-4
-22
-31
-47
-67
-92
-107
-130
-141
-163
-186
-199
-214
-234
-254
-278
-286
-297
-318
-318
-338
-337
-339
-350
-341
-348
-349
-381
-391
-383
-389
-388
-402
-374
-385
-373
-349
-352
-334
-301
-290
-269
-241
-222
-190
-173
-166
-156
-128
-97
-78
-80
-67
-27
2
20
55
60
83
117
132
167
198
221
224
227
231
252
276
256
275
285
277
295
297
303
326
306
308
317
298
285
274
258
255
244
235
233
215
194
176
174
161
139
103
119
108
117
123
100
81
68
64
46
43
21
-9
-27
-29
-15
-24
-44
-80
-103
-118
-126
-128
-143
-154
-172
-181
-186
-217
-257
-276
-301
-320
-327
-338
-338
-358
-386
-389
-391
-396
-396
-416
-405
-384
-380
-337
-333
-315
-303
-310
-248
-224
-219
-210
-208
-174
-147
-124
-91
-68
-66
-57
-45
-13
18
42
66
77
95
89
92
103
90
104
111
106
106
108
99
66
62
67
57
70
65
53
41
26
28
-10
-26
-38
-79
-86
-109
-131
-155
-184
-211
-211
-219
-233
-247
-274
-274
-291
-307
-301
-308
-324
-355
-368
-396
-407
-386
-425
-432
-433
-450
-421
-449
-496
-495
-515
-516
-505
-505
-510
-515
-513
-536
-514
-521
-524
-504
-498
-471
-460
-475
-454
-437
-446
-431
-424
-397
-379
-384
-364
-337
-332
-304
-298
-264
-234
-222
-199
-192
-154
-142
-114
-95
-68
-60
-48
-31
-12
-13
-13
-2
3
26
26
15
14
19
30
24
45
50
34
55
49
51
46
30
17
-1
-19
-19
-38
-52
-78
-97
-89
-114
-128
-154
-149
-148
-159
-163
-184
-210
-238
-265
-259
-253
-262
-289
-291
-291
-312
-324
-294
-302
-332
-341
-340
-335
-346
-356
-385
-377
-386
-400
-391
-411
-417
-424
-423
-404
-389
-369
-372
-369
-357
-355
-333
-339
-328
-301
-300
-293
-271
-265
-255
-251
-212
-178
-163
-139
-119
-93
-76
-57
-35
-12
4
30
37
33
19
20
30
25
29
30
32
36
36
21
7
-6
1
7
-15
-15
-19
-20
-33
-63
-79
-76
-94
-123
-165
-176
-184
-210
-211
-227
-235
-253
-241
-262
-265
-261
-265
-272
-272
-278
-272
-283
-313
-305
-309
-316
-337
-328
-302
-307
-324
-312
-297
-282
-292
-290
-274
-284
-284
-277
-267
-253
-269
-263
-257
-270
-260
-259
-259
-239
-225
-216
-191
-181
-156
-153
-144
-129
-109
-91
-69
-62
-67
-36
-33
-1
1
8
29
49
83
103
130
144
153
145
163
176
183
180
178
174
187
167
178
181
162
175
183
179
171
153
130
134
100
77
89
72
53
31
4
-13
-41
-77
-88
-113
-123
-135
-148
-154
-182
-206
-227
-250
-260
-258
-275
-289
-285
-296
-306
-315
-321
-323
-320
-328
-326
-313
-306
-308
-307
-304
-294
-281
-280
-300
-311
-307
-299
-286
-293
-281
-268
-254
-268
-252
-237
-223
-220
-212
-191
-181
-175
-157
-145
-121
-109
-108
-83
-55
-35
-16
-8
18
26
40
64
81
105
105
118
139
149
151
159
164
176
181
175
199
190
197
200
196
193
183
195
172
148
137
149
126
106
87
81
66
25
22
11
-8
-8
-24
-50
-63
-84
-97
-124
-159
-159
-176
-188
-199
-223
-222
-218
-228
-248
-218
-226
-225
-216
-222
-200
-224
-210
-202
-195
-179
-170
-168
-155
-133
-119
-103
-94
-93
-71
-39
-18
-8
6
19
31
43
42
73
88
95
120
125
131
150
151
153
180
189
200
220
235
250
250
256
287
310
315
328
348
339
340
358
355
368
366
356
364
385
360
338
351
332
326
310
297
301
271
240
236
183
184
161
125
125
94
81
80
61
57
53
7
-27
-30
-40
-50
-74
-90
-116
-126
-160
-163
-185
-201
-216
-227
-226
-227
-213
-221
-206
-216
-222
-204
-184
-188
-155
-155
-157
-128
-114
-99
-72
-55
-57
-26
-11
9
54
62
74
107
119
143
168
183
203
230
236
260
300
317
352
369
374
400
415
442
454
464
476
504
523
518
540
547
561
560
563
577
587
594
591
583
579
587
587
559
549
563
546
521
506
491
464
452
438
410
405
377
348
337
309
296
277
237
211
175
145
117
69
46
18
-6
-14
-43
-69
-78
-94
-104
-122
-140
-137
-146
-162
-176
-194
-188
-205
-212
-193
-182
-182
-173
-135
-129
-102
-95
-78
-40
-28
-20
7
25
39
56
84
111
126
134
144
185
182
182
234
259
261
273
294
319
336
346
370
388
406
419
430
441
456
463
479
486
486
501
502
514
515
522
531
519
523
494
486
490
477
454
445
443
429
412
378
369
356
327
290
283
256
226
186
146
138
114
67
57
31
-1
-20
-50
-72
-94
-142
-157
-154
-181
-196
-218
-233
-252
-268
-272
-261
-259
-290
-292
-298
-300
-279
-289
-280
-243
-235
-233
-208
-207
-194
-162
-151
-119
-95
-75
-55
-55
-30
13
35
56
85
103
147
179
193
233
249
279
304
329
372
424
445
458
475
514
548
553
584
603
634
656
648
674
703
713
697
709
717
709
708
690
697
709
683
669
653
637
629
621
593
573
549
505
479
461
427
409
382
334
307
285
256
212
160
131
112
86
45
2
-24
-48
-82
-116
-149
-165
-176
-200
-220
-243
-263
-269
-291
-304
-292
-305
-305
-314
-309
-297
-318
-332
-323
-323
-312
-295
-291
-270
-249
-231
-219
-197
-181
-150
-122
-106
-74
-51
-23
7
30
54
72
114
140
178
219
226
251
280
310
335
350
375
402
425
460
492
485
518
540
554
569
582
595
610
622
614
609
613
609
601
607
597
598
575
546
531
505
504
495
466
457
434
394
361
341
313
276
239
212
190
171
130
103
72
23
0
-17
-39
-70
-97
-127
-134
-162
-196
-217
-232
-255
-273
-266
-284
-260
-275
-291
-284
-282
-289
-288
-291
-270
-258
-268
-253
-235
-226
-223
-204
-168
-138
-132
-114
-86
-29
-2
5
55
73
84
128
146
180
190
220
247
259
286
307
347
366
371
381
421
443
453
470
487
506
517
522
550
582
563
588
578
561
600
586
577
591
590
567
558
527
514
500
481
446
421
403
361
340
291
261
254
213
171
144
98
79
53
10
-35
-66
-88
-123
-146
-184
-192
-204
-256
-273
-279
-296
-307
-319
-341
-339
-362
-375
-375
-383
-382
-383
-386
-374
-371
-381
-381
-363
-363
-358
-342
-345
-325
-308
-286
-255
-238
-228
-192
-171
-162
-94
-144
-92
-41
-38
5
38
49
89
97
120
196
165
188
232
237
293
303
322
375
368
376
407
419
427
433
460
470
484
492
497
519
498
496
491
508
499
474
474
483
452
424
413
399
388
338
316
289
270
239
199
165
140
129
77
50
24
-12
-47
-103
-117
-139
-174
-182
-211
-230
-254
-261
-289
-305
-315
-330
-333
-355
-366
-352
-340
-375
-370
-372
-365
-354
-368
-351
-335
-332
-331
-321
-292
-276
-262
-243
-229
-197
-193
-171
-135
-108
-75
-57
-48
-1
7
41
58
63
106
120
140
155
175
206
215
221
246
256
284
294
313
341
361
375
358
360
362
369
387
379
385
389
378
375
358
361
361
359
354
342
341
323
288
283
265
243
228
206
177
139
116
86
42
25
3
-21
-59
-95
-122
-147
-168
-188
-199
-235
-251
-281
-299
-330
-350
-351
-372
-387
-400
-403
-413
-413
-430
-425
-431
-446
-437
-432
-419
-406
-389
-388
-376
-354
-336
-346
-317
-296
-270
-248
-240
-224
-195
-167
-173
-148
-102
-75
-66
-68
-34
9
25
29
47
83
98
105
126
145
174
183
190
209
226
253
256
267
290
302
317
304
304
343
355
360
345
349
360
341
337
344
334
341
328
297
306
307
295
243
238
225
217
187
134
127
81
50
26
-9
-15
-48
-104
-120
-153
-160
-202
-235
-244
-264
-289
-314
-344
-341
-356
-399
-396
-411
-407
-424
-457
-454
-450
-447
-465
-467
-453
-438
-440
-442
-418
-400
-403
-376
-374
-367
-343
-340
-330
-314
-287
-276
-264
-251
-231
-203
-170
-165
-137
-121
-116
-99
-88
-57
-24
-37
-44
-35
-5
5
3
30
54
76
67
91
110
116
120
109
95
129
119
125
121
103
112
98
95
90
99
76
77
63
46
40
21
3
-13
-7
-34
-64
-74
-85
-91
-124
-155
-153
-172
-186
-204
-226
-234
-250
-269
-285
-318
-318
-346
-347
-347
-350
-348
-372
-374
-386
-377
-385
-383
-378
-368
-360
-364
-367
-350
-346
-352
-323
-313
-291
-279
-271
-245
-238
-216
-205
-195
-164
-166
-150
-137
-118
-98
-93
-81
-55
-41
-33
-21
-39
-16
7
15
18
26
47
71
69
76
87
120
134
107
141
148
150
157
141
151
158
149
133
146
158
142
132
109
110
131
102
83
82
81
70
30
20
16
-20
-33
-55
-57
-65
-93
-104
-113
-129
-145
-175
-179
-182
-211
-208
-233
-243
-234
-254
-257
-270
-288
-278
-294
-319
-300
-308
-326
-319
-324
-311
-304
-326
-336
-338
-317
-329
-342
-331
-319
-304
-327
-312
-265
-253
-269
-272
-264
-237
-243
-245
-216
-196
-195
-197
-185
-178
-150
-157
-162
-132
-131
-118
-129
-125
-104
-87
-89
-93
-71
-51
-35
-45
-51
-39
-6
-2
-11
-10
-3
-4
-13
-19
-11
14
1
-9
-6
3
11
-20
-30
-14
2
-30
-59
-45
-56
-46
-71
-82
-73
-98
-110
-129
-116
-137
-153
-159
-175
-164
-168
-177
-194
-198
-208
-196
-206
-228
-205
-208
-224
-229
-222
-218
-220
-237
-245
-221
-219
-218
-202
-193
-182
-158
-187
-172
-130
-152
-149
-146
-109
-81
-89
-88
-78
-38
-37
-50
-42
-21
-4
-22
-20
9
22
-1
-24
-1
5
1
-18
-24
-17
-7
-6
-16
-17
0
-2
-2
-17
-1
9
-8
-22
-39
-33
-30
-50
-65
-67
-52
-52
-80
-68
-58
-64
-83
-83
-69
-69
-87
-107
-110
-116
-122
-143
-156
-151
-156
-183
-210
-212
-214
-233
-251
-250
-253
-278
-280
-280
-288
-290
-298
-305
-299
-301
-309
-300
-312
-305
-311
-308
-313
-309
-304
-291
-271
-268
-262
-237
-221
-229
-206
-185
-170
-180
-168
-133
-123
-111
-106
-73
-57
-47
-32
-20
1
15
-1
7
26
41
58
40
51
50
66
77
84
88
98
76
75
97
99
101
86
86
102
110
86
82
85
69
69
55
51
38
31
38
-1
-9
-1
-9
-34
-48
-54
-54
-93
-95
-105
-116
-101
-136
-149
-134
-149
-164
-162
-163
-151
-173
-175
-171
-173
-174
-179
-165
-150
-152
-148
-132
-126
-113
-138
-132
-128
-133
-105
-101
-109
-86
-90
-87
-68
-73
-58
-47
-53
-51
-49
-48
-31
-27
-31
-7
1
-2
9
17
43
35
21
27
28
44
56
24
33
22
26
26
27
37
47
43
49
47
61
69
66
76
80
94
74
58
60
48
45
60
41
42
41
17
17
-5
-2
-2
-21
-58
-65
-39
-53
-78
-77
-90
-87
-95
-120
-96
-95
-110
-130
-138
-132
-131
-137
-156
-130
-137
-141
-138
-142
-126
-114
-128
-115
-108
-115
-113
-106
-86
-89
-91
-85
-74
-64
-70
-71
-44
-41
-32
-27
-13
-2
15
22
12
28
44
59
55
57
90
89
84
93
115
134
122
120
138
148
132
141
149
165
185
178
157
174
188
172
171
177
189
214
186
161
173
185
171
137
135
156
142
106
87
102
104
70
50
38
54
47
11
26
19
10
3
-28
-37
-19
-54
-74
-93
-95
-97
-128
-126
-135
-109
-125
-144
-144
-153
-131
-166
-164
-146
-142
-145
-158
-140
-135
-123
-133
-145
-123
-104
-116
-93
-77
-66
-54
-64
-39
-31
-18
-10
11
32
29
30
55
72
87
92
98
120
123
139
140
157
181
181
175
178
194
207
214
222
226
236
225
226
230
232
233
221
214
219
224
218
217
205
197
200
187
186
191
189
173
164
159
149
160
146
131
115
112
101
80
74
66
68
43
18
22
-7
-18
-19
-36
-39
-37
-48
-53
-35
-46
-60
-42
-51
-59
-63
-60
-70
-86
-85
-74
-72
-68
-77
-65
-52
-66
-53
-55
-41
-28
-28
-12
7
2
16
19
38
69
67
57
67
98
114
110
119
155
174
188
183
207
222
235
238
243
273
279
281
272
278
297
290
283
294
302
316
301
293
303
320
297
289
294
288
289
272
265
271
284
246
242
241
235
235
208
193
212
205
177
177
171
165
157
113
95
109
88
61
54
40
24
17
-2
5
-12
-22
-24
-25
-31
-62
-69
-81
-111
-98
-82
-121
-118
-108
-120
-117
-118
-109
-105
-117
-128
-118
-105
-105
-121
-95
-84
-89
-91
-85
-75
-50
-60
-51
-41
-15
-23
-23
6
20
67
73
79
80
110
121
126
140
154
169
172
173
181
203
207
206
214
237
243
240
263
283
288
299
291
290
298
307
283
283
299
281
288
271
255
256
250
228
229
224
216
198
166
154
157
146
101
112
110
89
94
71
59
86
39
26
38
15
18
6
8
10
-13
-22
-29
-35
-51
-51
-53
-59
-83
-96
-83
-84
-107
-117
-132
-142
-137
-165
-138
-127
-156
-156
-148
-138
-143
-142
-139
-137
-128
-125
-132
-116
-108
-101
-74
-76
-64
-38
-32
-25
-17
17
17
31
33
48
75
67
76
81
83
98
100
115
130
135
108
124
132
131
144
132
129
147
153
154
154
160
158
166
168
134
148
147
132
117
129
116
103
81
80
104
76
81
92
81
90
80
76
89
68
63
64
55
49
41
30
31
22
20
28
12
18
6
0
-1
-25
-39
-49
-57
-62
-53
-53
-62
-68
-61
-77
-77
-70
-82
-74
-66
-69
-64
-60
-71
-55
-35
-43
-34
-17
-13
2
-1
9
19
20
26
53
46
60
67
72
86
83
93
101
106
106
122
114
104
126
127
103
134
129
123
119
104
106
118
117
114
129
139
144
124
121
122
134
140
128
130
133
131
112
112
98
110
101
94
94
105
91
76
93
92
98
78
66
71
93
62
67
64
53
63
55
50
41
44
26
7
12
13
16
1
-30
-8
-8
-42
-44
-47
-62
-78
-80
-68
-69
-79
-86
-99
-111
-97
-101
-101
-102
-95
-83
-93
-93
-73
-71
-75
-81
-65
-36
-58
-53
-48
-46
-27
-31
-32
-4
-12
-7
2
5
21
15
36
35
46
36
34
48
39
69
55
37
63
79
67
72
72
96
111
97
100
120
119
80
90
98
103
108
84
98
107
96
91
84
103
100
76
87
86
90
84
54
45
47
45
29
20
31
40
13
-6
11
25
6
-12
-7
-6
-2
-41
-49
-24
-28
-53
-51
-58
-56
-44
-65
-65
-46
-34
-45
-62
-57
-29
-51
-81
-63
-54
-63
-79
-102
-80
-77
-96
-88
-69
-71
-87
-89
-79
-65
-69
-89
-77
-52
-59
-63
-45
-35
-8
-13
-15
9
21
29
11
31
41
54
46
52
67
60
67
52
60
68
80
63
78
96
96
92
69
74
88
74
55
61
69
62
51
44
61
65
27
41
50
43
46
29
22
38
46
13
23
38
40
38
20
28
29
17
-14
-16
8
-14
-35
-40
-42
-20
-37
-75
-49
-31
-62
-71
-64
-57
-40
-88
-90
-48
-64
-100
-96
-107
-95
-79
-113
-91
-72
-78
-84
-96
-89
-58
-63
-85
-60
-38
-42
-47
-39
-7
-4
-14
-7
-3
31
21
0
16
33
50
13
5
40
51
34
9
28
46
42
30
52
86
99
73
65
85
97
81
66
84
129
114
106
115
119
132
115
100
129
141
142
105
112
101
94
77
67
90
62
50
29
56
77
54
32
17
32
16
-22
-19
-28
-9
-44
-46
-27
-31
-32
-75
-73
-63
-64
-71
-70
-69
-58
-75
-101
-77
-85
-84
-102
-115
-90
-81
-95
-102
-89
-79
-100
-107
-103
-107
-119
-130
-115
-114
-107
-121
-136
-133
-105
-124
-122
-101
-105
-105
-121
-115
-97
-93
-110
-111
-86
-90
-94
-112
-95
-79
-99
-93
-67
-46
-45
-58
-38
-11
-20
-16
-21
2
26
18
17
3
29
25
6
14
23
29
35
7
26
51
30
16
17
35
15
-5
-3
22
11
23
-10
-10
21
-12
-14
3
0
0
-22
-31
-32
-33
-47
-69
-63
-46
-50
-82
-79
-74
-71
-104
-123
-107
-102
-121
-137
-124
-126
-123
-153
-165
-133
-146
-153
-159
-149
-139
-143
-160
-147
-123
-135
-143
-164
-140
-132
-124
-128
-132
-99
-110
-126
-115
-114
-110
-113
-129
-101
-94
-90
-92
-82
-60
-55
-51
-49
-33
-29
-39
-30
-16
-6
-6
-28
4
5
-3
5
-2
7
20
24
16
27
9
10
-12
-8
-9
-20
-21
-49
-28
-12
-37
-44
-38
-29
-34
-54
-52
-47
-50
-54
-70
-36
-42
-51
-51
-57
-43
-44
-52
-50
-52
-38
-57
-61
-59
-63
-62
-90
-88
-77
-104
-103
-85
-99
-107
-112
-133
-116
-119
-142
-146
-150
-150
-156
-175
-168
-161
-164
-167
-176
-180
-169
-164
-179
-178
-173
-174
-170
-177
-159
-133
-153
-152
-142
-121
-114
-128
-119
-96
-84
-85
-66
-57
-40
-38
-52
-38
5
0
-8
13
14
16
22
24
26
26
18
39
43
25
32
39
49
55
52
51
63
54
55
58
43
61
48
25
47
32
27
18
2
8
-4
-15
-21
-14
-1
-22
-32
-36
-37
-53
-73
-84
-63
-79
-92
-97
-112
-107
-108
-114
-141
-131
-126
-130
-147
-152
-161
-171
-196
-193
-167
-175
-185
-196
-188
-172
-169
-178
-181
-163
-155
-156
-159
-147
-148
-142
-158
-157
-118
-121
-140
-142
-126
-111
-137
-155
-137
-132
-117
-125
-110
-94
-82
-88
-92
-65
-61
-60
-58
-71
-50
-45
-55
-40
-44
-35
-43
-53
-47
-35
-28
-34
-29
-30
-40
-46
-47
-50
-56
-62
-75
-69
-77
-83
-75
-93
-65
-74
-81
-83
-88
-91
-118
-109
-121
-99
-118
-136
-118
-118
-143
-163
-151
-147
-142
-149
-154
-144
-141
-143
-165
-151
-145
-166
-158
-176
-172
-150
-158
-157
-131
-130
-137
-137
-140
-127
-125
-154
-145
-130
-147
-147
-140
-142
-134
-135
-140
