11
5
0
2
4
25
16
3
0
2
0
-3
-15
-8
-1
-2
-2
-12
-9
-16
-33
-33
-38
-44
-28
-14
-10
-26
-33
-37
-46
-68
-60
-62
-60
-70
-82
-68
-63
-55
-49
-39
-35
-28
-22
-12
-8
-16
-17
-18
-7
-16
-9
-21
-21
-13
-2
17
16
34
34
37
42
23
24
27
8
11
12
15
22
12
23
23
20
32
41
38
37
24
28
39
39
32
31
45
39
43
42
43
53
68
65
75
77
59
74
91
90
90
90
78
69
65
60
60
44
37
26
29
28
24
39
34
39
50
32
34
36
24
12
10
12
18
25
24
21
26
28
30
27
28
27
14
0
-18
-17
-19
-18
-27
-32
-31
-30
-33
-35
-32
-37
-34
-21
-17
-20
-25
-27
-31
-48
-50
-50
-37
-31
-24
-7
-11
-11
7
6
13
31
29
27
35
39
40
53
49
46
46
54
59
45
32
33
21
13
17
17
13
26
22
33
46
33
51
38
42
47
48
55
44
38
50
45
49
44
30
23
26
30
26
28
39
39
34
24
6
9
-1
-8
-3
-15
-15
-16
-26
-21
-25
-4
-14
-29
-29
-38
-36
-42
-45
-52
-61
-60
-69
-61
-52
-58
-57
-64
-58
-48
-47
-28
-13
-19
-18
-15
-13
-3
2
5
4
13
3
5
9
11
24
11
6
8
8
27
31
32
34
25
14
9
22
25
19
20
12
7
11
17
9
12
19
14
0
-15
-28
-33
-32
-21
-34
-28
-17
-29
-31
-43
-40
-25
-16
-15
-4
14
2
-7
-2
-6
0
-18
-20
-21
-21
-27
-25
-26
-8
-11
-29
-15
-22
-5
-10
-24
-29
-20
-19
-12
-14
-11
-7
-18
-19
-3
-9
-5
2
-9
-18
-12
-18
-30
-15
-18
-9
0
-9
-23
-14
-15
-16
-2
-5
3
-5
-14
-22
-18
-14
-3
-4
-9
5
22
29
13
26
30
37
22
23
28
22
17
11
24
31
22
5
-1
2
-2
-5
-17
-21
-15
-27
-25
-29
-42
-47
-54
-54
-43
-53
-53
-31
-28
-31
-23
-18
-6
-2
-14
-7
-13
-26
-33
-39
-20
-5
-12
-6
0
9
-2
-7
13
17
16
15
4
-4
-4
-20
-24
-20
-13
-26
-26
-24
-37
-52
-67
-62
-57
-59
-55
-60
-48
-41
-61
-68
-69
-55
-65
-68
-55
-67
-76
-83
-89
-91
-81
-81
-87
-96
-96
-88
-92
-91
-86
-76
-91
-92
-93
-102
-125
-125
-121
-121
-114
-116
-115
-109
-110
-108
-101
-95
-81
-86
-86
-81
-85
-82
-64
-71
-76
-74
-72
-88
-102
-100
-92
-71
-61
-54
-39
-22
-18
-14
8
13
0
0
5
12
10
8
7
16
19
14
34
51
27
30
21
13
22
35
34
33
30
21
26
24
17
26
39
33
33
38
32
30
37
38
44
32
15
15
16
2
3
-1
-11
3
-2
-1
-3
-9
5
21
26
16
16
9
8
7
-4
-10
-1
6
16
11
0
-9
-11
-20
-12
-4
-3
0
-9
-10
-13
-14
-8
-4
12
19
8
12
15
13
15
-5
-2
14
19
32
24
27
36
43
41
41
27
25
25
23
30
41
51
43
49
44
42
24
23
17
19
26
18
25
17
-9
-16
-20
-34
-39
-38
-42
-39
-40
-47
-42
-53
-68
-70
-74
-81
-79
-80
-81
-82
-84
-80
-71
-73
-85
-73
-70
-68
-72
-78
-60
-55
-45
-36
-33
-42
-36
-32
-34
-29
-10
-6
-30
-27
-11
-10
-1
5
2
-3
-9
-34
-38
-30
-40
-40
-41
-43
-31
-22
-19
-28
-30
-23
-16
-14
-10
-27
-21
-2
-18
-20
-9
0
-15
-23
-9
3
18
1
2
14
21
8
15
36
41
44
37
49
37
26
28
37
37
18
22
25
16
25
22
18
19
33
32
29
26
13
20
22
19
21
7
29
32
23
33
18
27
44
50
59
53
41
50
55
33
29
37
37
28
29
31
28
33
30
31
37
23
38
48
24
20
18
15
34
25
16
31
24
17
25
25
29
21
24
15
6
-5
-4
12
15
25
9
14
14
10
9
5
4
0
4
-3
-1
4
-6
-8
3
6
5
-5
-5
1
-1
3
4
8
15
3
-17
-25
-23
-29
-27
-32
-28
-34
-27
-18
-7
-16
-18
-22
-16
6
7
22
24
19
12
8
8
23
5
2
8
6
6
18
19
15
14
19
15
9
7
0
1
12
4
2
2
4
-8
-16
-7
-5
2
13
25
35
41
45
50
43
42
43
57
50
46
47
44
38
28
31
39
34
30
39
32
32
35
29
10
5
13
-5
-2
1
-5
-6
-19
-16
-3
-7
-3
4
3
11
9
15
16
19
22
24
21
22
16
23
28
36
48
33
25
16
17
25
22
6
15
10
-13
-26
-36
-59
-59
-69
-52
-59
-71
-78
-102
-93
-93
-84
-73
-77
-91
-96
-93
-78
-80
-90
-91
-82
-87
-84
-90
-96
-93
-88
-100
-97
-92
-89
-97
-96
-83
-90
-91
-98
-116
-110
-100
-113
-109
-110
-96
-100
-110
-107
-104
-95
-85
-83
-71
-65
-66
-56
-42
-41
-47
-46
-45
-33
-43
-43
-26
-35
-26
-24
-28
-18
-46
-36
-41
-39
-26
-29
-20
-17
-14
-17
-14
-33
-50
-51
-61
-59
-58
-52
-44
-40
-46
-48
-36
-31
-20
-38
-29
-39
-33
-33
-23
1
-2
4
1
6
0
2
6
-1
0
9
17
17
10
-6
-14
-12
-21
-18
-21
-10
-20
-19
-17
-27
-42
-33
-16
-13
-2
-10
-6
-7
8
8
-1
23
19
19
28
31
23
16
25
22
6
9
10
5
2
4
14
16
-8
-13
-13
-6
-8
-23
-12
-24
-36
-37
-34
-34
-23
-25
-31
-16
-15
-9
-11
-25
-23
-19
-12
9
4
-6
-14
-25
-38
-44
-50
-52
-61
-59
-56
-47
-55
-54
-67
-80
-68
-71
-67
-60
-80
-81
-87
-97
-83
-70
-65
-64
-59
-56
-48
-53
-46
-46
-47
-33
-25
-33
-41
-33
-26
-33
-33
-30
-17
-24
-25
-25
-43
-40
-39
-36
-22
-27
-30
-26
-32
-28
-22
-15
-27
-27
-19
-25
-22
-25
-31
-29
-17
-20
-11
-9
-24
-20
-26
-34
-23
-13
-19
-9
-7
-19
-21
-22
-15
-8
-16
-19
-20
-28
-26
-12
-22
-30
-43
-37
-28
-22
-29
-35
-36
-44
-41
-50
-59
-61
-51
-53
-53
-70
-64
-58
-76
-75
-73
-72
-83
-83
-63
-85
-97
-107
-118
-118
-119
-104
-109
-104
-109
-86
-80
-75
-78
-82
-78
-78
-76
-71
-69
-86
-83
-73
-62
-63
-71
-70
-56
-62
-49
-57
-71
-63
-57
-45
-50
-63
-53
-51
-67
-62
-36
-23
-4
-6
-6
10
13
11
4
-6
-8
-10
-15
-6
-18
-21
-26
-20
-11
-2
0
-1
-13
-6
12
5
11
2
-1
3
4
-27
-21
-15
-15
-11
-21
-4
-8
-19
-24
-23
-16
-14
-15
-21
-24
-35
-36
-23
-20
-21
-21
-27
-27
-24
-29
-27
-29
-34
-38
-42
-46
-55
-61
-66
-66
-67
-68
-72
-75
-68
-68
-70
-81
-86
-82
-82
-86
-88
-101
-101
-103
-105
-95
-82
-80
-79
-69
-66
-41
-40
-45
-51
-44
-38
-58
-58
-43
-42
-27
-25
-18
-2
6
24
34
23
27
33
27
38
29
17
16
7
21
42
51
65
69
59
71
77
67
61
62
63
69
79
64
61
67
61
62
68
73
81
93
90
89
76
71
64
66
65
58
42
33
23
21
33
11
17
13
17
15
7
0
-8
12
5
-4
-9
-31
-23
-35
-30
-13
-18
-15
-8
-9
-23
-21
-24
-18
-14
-26
-35
-46
-37
-20
-25
-20
-20
-3
4
-14
-13
-18
-30
-26
-19
-13
-3
-3
-11
-29
-17
-16
-15
-15
-16
-16
-18
-24
-21
-17
-24
-27
-41
-39
-30
-19
-42
-43
-43
-62
-45
-28
-17
-4
-15
-12
8
19
23
22
19
24
26
15
49
55
45
46
55
53
52
56
61
55
62
54
46
53
49
60
62
61
65
79
89
98
96
95
93
87
75
69
62
57
58
59
53
47
61
67
63
61
60
68
67
62
77
91
98
94
103
105
86
70
66
61
62
67
69
68
62
54
57
57
61
45
41
45
37
41
28
26
26
26
39
40
38
30
29
6
8
10
-13
-9
-18
-14
-17
-9
-17
-13
1
20
42
39
25
20
34
35
33
32
38
29
22
27
19
-3
-18
-19
-27
-37
-35
-25
-25
-36
-31
-27
-17
-25
-24
-25
-40
-36
-34
-43
-38
-49
-59
-58
-76
-83
-70
-53
-47
-50
-41
-28
-23
-19
-9
-5
-1
12
19
13
15
21
35
24
18
14
10
9
22
32
33
43
38
54
58
50
45
51
45
38
53
68
73
57
52
40
20
28
32
32
46
35
38
52
49
57
64
66
76
88
101
110
118
124
140
139
131
138
130
126
133
127
118
116
129
129
124
125
116
113
106
110
113
121
127
116
120
121
121
117
112
83
61
57
46
37
34
34
19
13
17
-1
-1
17
16
17
10
9
18
7
-3
-8
-22
-38
-41
-41
-42
-39
-47
-49
-57
-62
-56
-56
-43
-24
-36
-45
-35
-50
-44
-44
-40
-45
-62
-64
-59
-72
-72
-89
-101
-93
-87
-85
-81
-76
-60
-41
-42
-44
-43
-37
-25
-12
-21
-15
-10
1
16
29
18
27
35
36
56
64
70
63
53
62
57
57
55
47
36
37
31
25
38
29
20
11
10
20
35
41
34
11
8
-2
-16
-1
-5
-2
0
-20
-17
-6
-10
-6
-7
-13
-10
5
6
12
12
10
6
5
16
20
12
-8
-17
-14
-13
-5
-4
2
7
-14
-1
-10
-5
-25
-24
-20
-20
-14
-24
-18
-27
-20
-11
1
0
3
5
29
23
22
31
26
16
19
18
18
15
21
41
36
45
45
39
31
21
27
24
27
18
4
0
-9
-16
-17
-9
-2
-9
-9
-6
-16
-16
-26
-53
-69
-66
-60
-53
-56
-67
-71
-69
-63
-46
-41
-23
-15
-16
-15
-27
-27
-35
-48
-71
-77
-88
-87
-83
-78
-71
-70
-69
-58
-56
-60
-66
-64
-70
-85
-78
-74
-76
-90
-91
-82
-70
-65
-58
-62
-55
-63
-69
-70
-82
-76
-78
-102
-129
-135
-129
-133
-140
-132
-124
-105
-83
-73
-59
-57
-48
-45
-52
-35
-30
-32
-28
-36
-38
-54
-44
-23
-22
-1
8
12
14
14
23
42
40
26
30
19
11
11
18
26
34
21
26
34
32
39
44
45
47
43
45
61
81
89
92
104
113
128
133
139
141
125
104
81
85
97
89
88
70
61
74
79
75
70
59
53
51
57
58
76
74
66
61
55
61
40
30
14
22
38
34
24
0
0
-1
15
31
14
19
22
6
17
-2
-17
-12
-14
-3
-11
-6
-16
-25
-46
-48
-27
-17
-23
-36
-54
-67
-51
-25
-14
-42
-47
-59
-47
-26
-24
-29
-45
-63
-65
-37
-26
-36
-56
-71
-69
-50
-34
-33
-76
-78
-66
-42
-16
-30
-44
-62
-73
-80
-61
-42
-71
-90
-93
-81
-62
-55
-61
-85
-86
-76
-42
-17
-33
-50
-54
-38
-15
-12
-7
-28
-34
-20
3
41
36
25
11
6
8
11
17
-10
-16
-3
9
19
25
26
31
38
60
84
93
80
66
66
77
90
75
56
42
35
23
44
54
43
27
13
38
67
82
85
75
71
72
80
80
77
69
26
27
49
77
87
76
47
30
36
71
99
88
66
50
39
42
54
68
68
35
14
28
37
51
46
21
5
8
26
38
34
10
9
4
11
22
33
23
-8
-31
-29
-27
-30
-33
-43
-54
-58
-45
-33
-33
-31
-38
-39
-24
-24
-15
-9
-18
-42
-67
-51
-57
-70
-90
-110
-98
-70
-47
-41
-64
-75
-68
-52
-31
-34
-20
-39
-68
-59
-55
-58
-73
-109
-111
-116
-103
-83
-76
-66
-87
-76
-52
-32
-27
-35
-34
-57
-41
-15
-17
-22
-36
-40
-33
-33
1
15
10
10
20
21
13
15
-9
-16
-13
-8
-3
4
7
7
12
24
27
39
32
19
10
14
28
26
25
20
10
8
22
29
27
23
30
41
46
69
65
78
71
63
68
73
80
81
83
76
55
72
90
77
74
52
61
77
75
86
79
73
82
81
78
46
55
53
59
71
67
82
66
43
21
15
24
21
17
24
33
39
49
53
44
39
26
40
49
51
59
56
47
27
23
3
-22
-34
-35
-40
-53
-46
-31
-40
-46
-41
-22
-9
-20
-4
-5
-6
12
3
12
12
9
1
-23
-39
-43
-34
-22
-14
-2
1
-1
-14
-32
-28
-23
-17
-8
-10
-18
-21
-22
-34
-50
-68
-76
-69
-57
-61
-59
-51
-82
-94
-83
-68
-57
-73
-98
-115
-111
-103
-115
-131
-128
-128
-113
-102
-101
-91
-100
-108
-101
-96
-97
-93
-79
-88
-93
-75
-61
-48
-57
-69
-65
-57
-65
-74
-65
-59
-41
-25
-18
-6
-2
10
8
19
8
-12
-5
-8
-30
-26
-19
-17
1
19
21
23
18
15
37
38
39
45
32
19
13
6
8
-9
-11
-4
-5
5
4
11
21
26
11
13
21
26
40
33
20
18
18
32
32
37
33
14
14
-4
13
21
9
8
19
29
31
38
12
0
2
11
2
11
28
10
19
-3
-18
-11
-14
-39
-51
-61
-67
-52
-57
-43
-40
-42
-66
-66
-65
-82
-85
-76
-77
-77
-52
-43
-47
-50
-58
-47
-15
-5
-1
-6
-6
-12
5
22
30
42
22
12
12
16
23
19
15
11
19
7
9
32
20
3
-7
-6
13
8
-8
-6
-11
-7
3
18
18
17
14
-5
-7
3
12
5
17
1
-7
1
-11
-18
-38
-33
-16
-18
-25
-46
-47
-33
-21
-18
-21
-14
-12
-12
-16
-12
-8
-10
-18
-32
-34
-26
-22
-43
-44
-42
-24
1
-3
13
4
6
8
5
10
3
3
8
9
-3
-2
5
5
25
21
22
32
44
42
42
47
41
38
49
58
49
29
37
48
47
44
31
40
51
36
40
31
46
57
49
52
53
60
52
64
63
43
38
37
41
27
2
1
13
-5
-12
-24
-30
-19
-23
-38
-40
-53
-32
-19
-18
-23
-41
-53
-45
-38
-42
-46
-37
-45
-40
-31
-35
-30
-43
-32
-22
-22
-24
-35
-35
-23
-15
-21
-29
-36
-33
-19
-24
-9
7
36
59
56
54
47
50
40
28
22
22
22
19
15
-1
-7
-3
-13
-14
-9
-7
15
15
9
7
1
-1
6
3
-12
-24
-12
-6
-23
-37
-44
-47
-42
-34
-25
-44
-39
-15
-5
7
5
19
16
3
1
-3
-15
-18
-25
-45
-58
-64
-53
-58
-58
-84
-76
-62
-61
-65
-63
-65
-77
-67
-63
-35
-31
-42
-47
-50
-46
-43
-26
-31
-50
-52
-58
-46
-48
-59
-61
-44
-33
-30
-10
-18
-12
-11
-12
-7
-3
21
10
-5
12
18
33
24
18
11
-8
-11
-17
-26
-27
-22
-19
-32
-50
-40
-23
-16
-23
-29
-15
-14
-22
-8
-2
-3
-25
-40
-43
-41
-45
-52
-46
-48
-56
-68
-62
-55
-62
-61
-59
-78
-65
-53
-50
-42
-35
-23
-20
-4
-3
-6
-14
-29
-34
-26
-26
-18
-6
4
4
-6
-2
-12
-20
-22
-17
-9
-11
-13
-5
-10
-25
-29
-41
-46
-50
-58
-48
-50
-70
-84
-84
-77
-61
-63
-61
-74
-53
-39
-40
-32
-38
-46
-58
-47
-43
-46
-58
-53
-44
-42
-42
-35
-45
-77
-94
-102
-90
-76
-70
-59
-58
-73
-69
-71
-62
-46
-46
-52
-44
-36
-21
-4
-9
-22
-31
-37
-41
-33
-32
-18
-22
-17
-4
9
15
19
31
24
23
39
48
67
82
72
69
74
86
81
66
63
45
36
53
67
70
73
66
65
70
62
62
67
84
70
57
80
88
87
66
49
66
64
64
67
66
74
63
45
37
30
23
17
18
9
-6
-12
0
15
0
-8
-5
-9
-1
-19
-11
-8
-33
-25
-30
-39
-55
-67
-71
-80
-111
-118
-114
-111
-94
-88
-91
-91
-88
-91
-86
-70
-52
-59
-72
-79
-95
-97
-100
-110
-100
-99
-108
-124
-110
-86
-101
-120
-120
-99
-85
-78
-55
-53
-51
-50
-60
-58
-54
-73
-63
-54
-50
-49
-35
-12
-6
-10
-23
-22
4
19
41
27
33
44
34
56
55
34
21
10
-3
17
3
-4
1
-10
3
11
29
65
57
42
37
44
60
63
48
22
5
9
26
20
18
16
9
11
12
26
11
1
-10
-16
-6
-6
0
5
-12
-38
-35
-16
-25
-26
-29
-35
-25
-28
-21
-30
-45
-58
-44
-24
-25
-25
-19
-5
-11
-12
-1
3
-10
-9
-6
0
5
-19
-26
-31
-33
-30
-30
-33
-42
-29
-6
-9
-5
-5
-5
-4
-19
5
19
14
23
21
19
29
28
24
20
17
20
23
24
5
6
14
13
24
22
-1
-10
2
9
24
34
46
40
41
43
43
31
16
-10
-23
-38
-47
-50
-34
-36
-62
-90
-62
-56
-47
-33
-23
-2
14
13
3
2
-32
-42
-66
-88
-103
-98
-90
-104
-96
-97
-91
-97
-97
-91
-82
-57
-51
-38
-46
-38
-32
-29
-22
-32
-40
-40
-30
-14
1
8
9
1
17
34
40
56
57
67
65
82
106
114
117
122
120
134
152
174
174
152
157
175
171
154
148
132
122
119
119
132
130
128
143
149
156
163
170
158
139
142
141
157
176
164
159
158
151
158
151
136
120
97
78
69
73
80
85
82
51
38
43
38
34
12
11
4
3
9
11
-24
-47
-79
-97
-109
-108
-92
-92
-90
-108
-97
-89
-74
-76
-82
-83
-81
-74
-67
-61
-69
-76
-92
-81
-65
-72
-85
-105
-104
-100
-78
-54
-53
-83
-95
-95
-57
-32
-59
-66
-83
-81
-63
-23
-2
-22
-40
-41
-27
-8
2
3
-9
-10
14
49
76
76
63
65
69
92
121
124
103
75
78
78
99
127
128
118
92
107
124
142
142
143
128
103
105
125
129
107
87
88
83
99
112
101
62
37
24
44
74
91
80
60
64
67
62
72
47
15
-5
-9
-13
-2
3
-41
-63
-84
-86
-77
-84
-89
-85
-87
-83
-84
-92
-98
-125
-133
-153
-157
-145
-123
-126
-140
-143
-149
-145
-167
-164
-142
-127
-119
-111
-94
-73
-46
-26
-8
-10
6
20
47
59
71
92
101
109
127
133
131
154
178
167
162
194
237
263
261
253
239
231
238
261
284
302
311
312
319
342
352
361
326
299
276
291
305
303
304
284
259
237
259
260
250
212
185
175
163
185
195
150
108
76
56
71
66
46
27
-1
0
-7
0
0
-22
-46
-69
-72
-65
-72
-71
-96
-124
-151
-192
-218
-250
-292
-335
-378
-386
-385
-408
-432
-452
-482
-495
-498
-494
-499
-490
-465
-470
-450
-421
-396
-364
-359
-354
-335
-321
-310
-277
-246
-214
-194
-171
-137
-113
-94
-75
-54
-17
4
50
91
141
174
186
219
246
274
309
350
360
362
374
407
454
493
511
515
505
519
551
589
607
604
597
608
647
671
679
661
656
648
658
671
689
682
662
634
624
618
599
583
553
519
466
437
422
411
394
385
366
342
340
345
343
285
189
112
65
23
-34
-116
-212
-365
-507
-608
-690
-780
-882
-993
-1092
-1156
-1166
-1169
-1186
-1227
-1242
-1217
-1156
-1033
-903
-810
-769
-721
-643
-537
-429
-363
-354
-377
-382
-339
-271
-239
-258
-299
-322
-307
-245
-154
-79
-59
-45
-22
59
143
189
207
200
183
201
257
308
351
346
341
346
370
425
467
489
488
500
532
586
649
682
678
671
688
743
814
882
916
939
968
1015
1090
1152
1200
1220
1254
1268
1302
1306
1303
1269
1212
1152
1078
988
883
763
635
484
348
204
30
-176
-375
-539
-699
-829
-976
-1123
-1267
-1370
-1452
-1480
-1529
-1584
-1624
-1607
-1550
-1465
-1373
-1310
-1269
-1215
-1098
-948
-834
-734
-668
-610
-510
-387
-227
-124
-87
-69
-44
36
141
238
283
289
281
301
345
376
382
344
272
226
198
171
143
98
46
-8
-44
-49
-56
-73
-99
-129
-150
-154
-149
-143
-156
-192
-230
-236
-246
-244
-254
-261
-241
-229
-211
-163
-111
-54
4
54
122
175
272
373
448
530
624
727
847
954
1063
1165
1263
1377
1484
1586
1685
1774
1844
1906
1953
1981
1979
1934
1853
1736
1593
1454
1273
1063
846
614
360
127
-123
-387
-648
-879
-1079
-1253
-1412
-1550
-1696
-1845
-1966
-2040
-2070
-2094
-2099
-2100
-2059
-1971
-1875
-1774
-1685
-1603
-1496
-1361
-1225
-1071
-920
-812
-702
-569
-415
-281
-165
-55
32
102
205
327
434
504
538
580
635
659
668
653
604
533
456
385
313
221
135
56
-19
-77
-106
-126
-129
-117
-117
-118
-133
-147
-164
-210
-238
-265
-291
-324
-353
-349
-335
-323
-315
-291
-259
-205
-132
-42
61
158
256
347
464
588
691
805
916
1019
1139
1284
1456
1614
1729
1857
1980
2086
2166
2254
2331
2367
2385
2372
2313
2206
2041
1851
1645
1408
1126
826
546
251
-32
-343
-650
-929
-1186
-1422
-1643
-1824
-1980
-2150
-2299
-2401
-2449
-2462
-2481
-2450
-2420
-2373
-2262
-2096
-1942
-1810
-1670
-1492
-1315
-1153
-936
-751
-590
-454
-314
-139
-5
151
298
415
486
561
674
774
829
852
853
836
830
814
788
723
600
469
354
257
180
94
8
-89
-159
-157
-117
-85
-76
-94
-122
-190
-205
-226
-272
-316
-370
-396
-394
-363
-321
-315
-329
-320
-292
-222
-136
-78
-38
19
87
184
306
417
493
544
629
756
886
1066
1258
1411
1549
1696
1853
2009
2140
2276
2383
2452
2465
2454
2377
2233
2065
1861
1631
1336
1033
716
377
32
-292
-612
-927
-1193
-1411
-1584
-1744
-1888
-2018
-2150
-2247
-2285
-2251
-2205
-2158
-2094
-1999
-1888
-1741
-1575
-1429
-1277
-1152
-1003
-824
-623
-415
-222
-57
93
240
406
572
717
814
872
949
1012
1080
1114
1119
1081
997
913
816
746
648
497
315
118
-53
-183
-291
-412
-527
-633
-686
-670
-608
-552
-524
-550
-613
-676
-739
-784
-818
-877
-907
-886
-844
-784
-745
-704
-639
-570
-491
-383
-268
-148
-50
64
174
313
478
618
749
857
969
1121
1311
1515
1692
1839
1991
2159
2341
2493
2635
2742
2814
2836
2836
2767
2638
2451
2239
1985
1690
1359
1004
599
178
-213
-558
-882
-1228
-1547
-1815
-2054
-2247
-2408
-2540
-2678
-2791
-2832
-2793
-2709
-2613
-2485
-2393
-2285
-2114
-1924
-1712
-1536
-1375
-1180
-989
-740
-482
-235
-14
159
325
510
704
873
1014
1104
1175
1237
1296
1339
1338
1291
1218
1114
1011
891
753
588
390
189
-12
-186
-316
-429
-531
-590
-576
-514
-430
-374
-364
-436
-548
-687
-814
-908
-964
-982
-984
-942
-896
-861
-815
-769
-727
-659
-590
-493
-383
-278
-163
-39
70
173
305
410
553
699
857
1044
1236
1469
1692
1903
2093
2285
2455
2615
2753
2889
2949
2976
2928
2826
2664
2440
2218
1946
1611
1214
804
360
-37
-402
-745
-1094
-1403
-1695
-1950
-2178
-2356
-2500
-2647
-2770
-2830
-2807
-2731
-2604
-2480
-2375
-2284
-2148
-1976
-1792
-1588
-1385
-1207
-1022
-806
-578
-327
-131
31
179
313
454
637
780
868
885
883
907
903
891
853
766
632
520
391
265
119
-57
-235
-428
-610
-738
-848
-914
-952
-940
-859
-749
-577
-430
-365
-397
-474
-565
-626
-669
-702
-705
-660
-594
-521
-458
-427
-338
-281
-203
-106
-34
56
143
267
388
499
613
746
862
958
1059
1176
1307
1458
1622
1822
1985
2150
2307
2443
2568
2689
2795
2847
2859
2800
2678
2459
2215
1964
1670
1285
861
428
-23
-437
-811
-1127
-1436
-1754
-2037
-2250
-2434
-2562
-2664
-2754
-2801
-2802
-2745
-2578
-2367
-2207
-2102
-1990
-1824
-1597
-1362
-1124
-900
-745
-569
-311
-42
219
425
578
696
770
900
1040
1120
1141
1094
1001
907
829
813
723
549
372
220
60
-110
-281
-511
-753
-990
-1125
-1226
-1307
-1369
-1365
-1312
-1181
-938
-667
-455
-346
-345
-428
-535
-650
-700
-716
-681
-598
-468
-319
-195
-118
-65
-38
25
103
226
377
497
568
648
738
828
930
988
1049
1096
1190
1323
1463
1629
1810
1984
2131
2284
2433
2541
2620
2661
2665
2636
2514
2316
2054
1756
1423
1011
572
74
-393
-851
-1271
-1664
-1973
-2263
-2532
-2754
-2897
-2972
-3045
-3065
-3055
-2982
-2858
-2624
-2344
-2073
-1874
-1699
-1512
-1313
-1083
-819
-568
-361
-147
114
414
695
960
1168
1353
1514
1685
1821
1875
1868
1830
1738
1598
1455
1297
1093
833
583
323
65
-185
-444
-715
-978
-1205
-1385
-1531
-1662
-1708
-1730
-1697
-1543
-1300
-1006
-694
-416
-225
-134
-171
-281
-515
-724
-805
-747
-594
-415
-216
-25
106
217
346
402
454
538
648
739
839
925
1005
1040
1083
1135
1170
1209
1283
1412
1556
1714
1899
2140
2357
2536
2635
2730
2782
2815
2823
2719
2455
2127
1789
1411
932
351
-184
-717
-1275
-1792
-2212
-2505
-2808
-3047
-3171
-3231
-3281
-3284
-3239
-3192
-3140
-2992
-2721
-2444
-2186
-1923
-1630
-1378
-1139
-843
-529
-268
-59
204
495
792
1089
1389
1620
1813
1998
2133
2181
2115
2047
1915
1750
1516
1282
998
660
263
-84
-424
-768
-1044
-1294
-1520
-1718
-1863
-1966
-2024
-2070
-2027
-1924
-1772
-1534
-1262
-941
-577
-252
41
209
254
130
-97
-288
-468
-492
-377
-162
79
344
551
674
753
768
795
819
879
970
1022
1081
1160
1238
1322
1407
1486
1581
1706
1879
2122
2390
2662
2923
3154
3315
3430
3472
3464
3335
3027
2598
2089
1566
908
170
-606
-1334
-2105
-2795
-3296
-3658
-3959
-4201
-4246
-4176
-4048
-3867
-3619
-3414
-3237
-3012
-2702
-2379
-2101
-1767
-1448
-1184
-930
-596
-258
32
289
576
874
1139
1485
1841
2150
2348
2516
2652
2706
2676
2533
2351
2033
1693
1290
876
422
-4
-476
-876
-1239
-1548
-1764
-1968
-2093
-2167
-2202
-2211
-2160
-2110
-1971
-1796
-1543
-1280
-1024
-718
-418
-161
2
124
135
78
-38
-94
-118
-128
-36
80
163
280
387
467
510
541
630
747
891
1068
1282
1454
1591
1775
1985
2196
2422
2663
2927
3172
3408
3668
3934
4088
4173
4153
4137
3982
3602
3074
2454
1727
809
-188
-1151
-2077
-3115
-3997
-4683
-5183
-5583
-5759
-5754
-5591
-5384
-5029
-4476
-4017
-3547
-3053
-2548
-2107
-1673
-1263
-899
-638
-357
-13
293
603
946
1300
1605
1931
2284
2609
2835
3012
3136
3143
3018
2840
2566
2188
1726
1203
649
57
-506
-989
-1415
-1742
-1976
-2131
-2239
-2187
-2074
-1933
-1776
-1615
-1427
-1263
-1074
-873
-686
-546
-413
-318
-254
-160
-49
22
56
59
99
135
162
214
176
77
-17
-62
-110
-102
-71
-22
54
134
327
545
877
1285
1716
2174
2694
3242
3781
4263
4706
5101
5399
5618
5779
5794
5695
5434
4849
4079
3139
2189
1110
-90
-1331
-2528
-3742
-4789
-5622
-6242
-6695
-7042
-7170
-7042
-6771
-6327
-5686
-4997
-4298
-3656
-2954
-2159
-1474
-968
-483
-70
228
543
901
1348
1641
1825
2102
2405
2656
2868
3039
3041
2887
2590
2331
1871
1241
614
74
-562
-1286
-1913
-2279
-2496
-2778
-2832
-2649
-2370
-2091
-1674
-1133
-583
-280
65
416
626
660
686
753
652
383
134
119
49
-56
-62
-31
-80
-139
-54
106
127
3
-59
-152
-274
-390
-302
-249
-265
-290
-45
352
782
1305
1914
2555
3142
3840
4660
5459
6070
6550
6989
7239
7262
7139
6935
6311
5222
3872
2511
1146
-330
-1907
-3381
-4770
-6058
-6946
-7541
-7780
-7868
-7777
-7402
-6799
-6130
-5203
-4299
-3441
-2758
-2160
-1489
-810
-313
28
359
529
723
939
1276
1600
1733
1790
1895
1976
2014
2044
1916
1594
978
357
-267
-846
-1646
-2456
-3086
-3643
-3941
-4063
-3780
-3316
-2713
-2043
-1114
-153
793
1657
2393
2800
3081
3049
2987
2720
2167
1597
874
224
-445
-914
-1296
-1508
-1796
-1937
-1848
-1754
-1582
-1355
-1143
-959
-850
-669
-404
-259
-69
173
433
637
1014
1509
2130
2720
3303
4055
4827
5668
6496
7231
7785
8096
8197
8194
7910
7426
6427
5022
3146
1192
-581
-2318
-4110
-5772
-7076
-8017
-8528
-8589
-8119
-7396
-6611
-5559
-4222
-2935
-1611
-509
508
1098
1381
1692
1981
1961
1574
1137
752
402
58
-39
-21
-218
-559
-708
-793
-988
-1363
-1846
-2494
-3423
-4300
-4918
-5285
-5688
-5835
-5658
-5171
-4361
-3096
-1404
246
1632
3043
4508
5636
6346
6624
6516
5798
4671
3471
2304
925
-488
-1703
-2725
-3548
-4023
-3967
-3660
-3393
-3091
-2478
-1813
-1226
-666
-60
339
484
568
833
1111
1239
1499
1832
2180
2546
3159
3921
4627
5151
5743
6282
6600
6802
6973
6925
6462
5762
5050
4338
3490
2220
721
-1146
-2852
-4065
-4992
-5891
-6540
-6760
-6534
-6131
-5446
-4212
-2830
-1777
-712
415
1469
2353
2905
3437
3446
3077
2751
2609
2073
1313
559
-57
-686
-1473
-1882
-2082
-2665
-3501
-4149
-4636
-5225
-5905
-6367
-6739
-7154
-7341
-6828
-5931
-4971
-3635
-1987
-279
1187
2596
4224
5554
6172
6486
6481
5995
5046
3821
2484
882
-959
-2410
-3372
-4219
-4688
-4783
-4612
-4332
-3910
-3072
-2025
-1257
-602
133
674
1091
1545
2035
2356
2324
2330
2614
2828
2976
3312
3690
3879
3915
4145
4502
4664
4520
4433
4304
3999
3732
3649
3562
3158
2730
2418
2405
1869
837
-563
-1768
-2722
-3426
-4259
-4821
-5001
-4818
-4438
-3841
-2760
-1413
-243
764
1834
2681
3339
3638
3895
3628
2987
2383
2000
1257
270
-582
-1073
-1666
-2530
-3014
-3207
-3739
-4678
-5270
-5551
-5946
-6483
-6630
-6434
-6253
-5807
-4665
-3182
-1922
-488
1094
2393
3235
4012
4725
4883
4086
3241
2656
1694
349
-1065
-2217
-3351
-4221
-4555
-4334
-4294
-4004
-3313
-2526
-1965
-1224
-320
447
701
941
1569
2067
2271
2396
2646
2714
2704
2744
3030
2987
2720
2638
2636
2345
2105
2205
2182
1911
1706
1902
2232
2387
2617
3298
3854
4141
4442
4787
4946
4366
3096
1232
-803
-2473
-3499
-4723
-5926
-6560
-6167
-5398
-4579
-3208
-1318
243
1360
2454
3439
4031
3996
3955
3515
2598
1779
1568
1166
305
-540
-641
-833
-1644
-2224
-2388
-3034
-4390
-5533
-5978
-6361
-6969
-7006
-6463
-5761
-4785
-2995
-848
769
2138
3568
4638
4391
3213
2657
1984
463
-1119
-2345
-3143
-3749
-4235
-4055
-3816
-3857
-3434
-2475
-2015
-1501
-1245
-903
-708
-876
-263
783
1217
1579
2231
2769
3342
3790
4355
4574
4014
3512
3407
2983
2613
2457
2154
1644
1203
1279
1876
1974
1698
2014
2578
3197
3892
4670
5282
5559
5519
5403
4677
2822
341
-2314
-4446
-5914
-7233
-8112
-8145
-7303
-6060
-4456
-2469
-221
1628
3020
4306
5047
5138
4704
4315
3649
2460
1416
1189
883
-105
-1009
-1138
-1340
-2260
-3249
-3788
-4624
-6014
-6961
-6900
-6633
-6340
-5362
-3745
-2084
-377
1712
3678
4571
4844
4928
4094
2605
1110
-8
-1271
-3118
-4368
-4699
-5095
-5524
-5279
-4729
-4458
-4095
-3422
-2424
-2123
-1797
-1084
-642
-461
225
1299
2077
2315
2511
3179
3432
3358
3463
3632
3434
3066
3084
3327
3369
3307
3338
2973
2359
2006
1851
1683
1388
1497
2046
2777
3718
5156
6584
7242
7549
7359
7060
5639
2572
-1408
-5159
-7982
-9638
-10939
-11522
-10444
-8371
-5904
-3146
-305
2645
4510
5423
6145
5949
4990
4010
3075
1921
696
-25
412
303
-429
-837
-1031
-1717
-3216
-4581
-5391
-6650
-8086
-8258
-7313
-5860
-3963
-1470
1261
3458
5339
7017
7716
7106
5965
4055
1494
-1903
-4561
-5383
-6514
-7331
-7314
-6767
-5775
-5126
-4253
-3522
-3311
-3630
-3042
-2734
-2463
-1888
-1300
-472
-71
712
2042
2854
2749
2828
2604
2345
2194
2295
2809
2739
2827
3312
3824
4308
4591
4317
3707
2904
1967
1780
1698
1956
3049
4367
5980
7876
9535
10525
10393
9346
7763
4500
-513
-5767
-9923
-12058
-13087
-13657
-12507
-9419
-5605
-1889
1427
4244
6018
6281
6048
5173
3637
1962
653
-392
-1378
-1849
-1028
87
-281
-1361
-2085
-2820
-4553
-6756
-7950
-8520
-9292
-9254
-7365
-4262
-920
2246
5200
7449
8601
8910
8489
6922
4455
1367
-1186
-2835
-3910
-3692
-3337
-3520
-3401
-3186
-3380
-3895
-4907
-5875
-6615
-7283
-6889
-5732
-3971
-1933
-268
998
2162
2861
3248
3006
1828
675
-156
-491
-369
396
1710
2977
3841
4622
5105
5242
4689
3087
1399
65
-566
-380
893
2998
5643
7903
10184
12614
13995
14563
13313
10451
7394
2866
-3108
-8696
-13194
-14795
-14037
-13032
-10173
-5897
-1527
2842
5197
6565
7399
6073
4752
3304
1171
114
-467
-496
-112
-445
195
693
-853
-3035
-5569
-7295
-8835
-11177
-11636
-10515
-9168
-6843
-3991
-222
3444
5294
6692
6901
5954
5027
3190
1208
-1000
-2403
-1826
-1058
-169
1310
2123
2153
1041
-1080
-2735
-5282
-7792
-8707
-8905
-8117
-6344
-3929
-1018
1060
2026
2867
2681
1628
535
-735
-1609
-1966
-1673
-488
848
1948
3153
3983
4112
3529
2603
1453
-34
-1277
-1888
-1888
-781
1436
4057
7013
9591
11985
13994
15052
14737
13121
10153
6350
2630
-2270
-7792
-12386
-14205
-13254
-11377
-9073
-5180
-828
2467
4850
6050
6761
6276
4931
4169
3382
2460
2199
2433
2536
1579
185
-534
-2217
-5224
-8091
-9857
-10485
-11012
-10700
-8484
-5825
-3363
-1121
1064
3274
4005
3508
2414
517
-832
-1574
-2271
-2225
-1539
122
2075
2935
3704
4130
3220
1056
-1925
-4271
-5877
-7253
-7520
-6772
-5293
-3443
-1726
46
1308
1702
1535
902
101
-380
-524
-302
71
595
1453
2142
2468
2386
1879
1175
92
-1005
-1634
-1998
-1945
-1688
-1006
591
2842
5200
7795
10200
12188
13679
13982
13193
11418
8364
4955
720
-4995
-10211
-13658
-14380
-12655
-10584
-7457
-3146
328
3450
5574
6704
7229
6108
5140
4809
3924
3632
3713
3651
3215
1437
-239
-1683
-4344
-7344
-9798
-10904
-10772
-10134
-7959
-4768
-1930
426
2108
3526
4160
3381
1981
-378
-2902
-4741
-5521
-4775
-3681
-1887
535
2258
3762
4493
4143
3215
376
-2487
-4499
-6016
-5831
-5149
-4322
-3217
-2578
-1495
-624
-534
-424
-566
-597
-313
466
2155
3677
4467
4790
4561
4030
3009
1717
513
-841
-2006
-2590
-2744
-2369
-1550
-349
1442
3222
5137
7228
8916
10841
12562
13593
13685
11977
9114
6441
1943
-3871
-9665
-14128
-14813
-13405
-11445
-7697
-3678
-107
3050
4169
5262
5638
4244
3378
2656
2103
2837
3481
4261
4430
2931
1517
-241
-3049
-6045
-8673
-9924
-9950
-9339
-7042
-3572
-388
1741
2895
3675
3585
2389
223
-2534
-4669
-6331
-7057
-6245
-4489
-1622
1162
2732
3948
4323
4001
2910
360
-1929
-3741
-4963
-4990
-4470
-3616
-3055
-2931
-2725
-2732
-2452
-2027
-1313
-245
462
1930
3774
5272
6353
6033
5126
3955
2031
656
-295
-941
-1119
-1579
-1539
-1000
-195
854
1994
3421
5093
6573
8002
9967
12010
13143
12860
10738
8164
5751
815
-5011
-10375
-13648
-12608
-10604
-8101
-3649
-201
3065
4915
4076
3753
2196
-26
-758
-2059
-2155
-571
604
2199
2275
1101
639
-954
-3514
-5871
-7392
-7069
-6135
-4871
-2248
739
2849
3269
2633
1540
10
-2296
-4908
-6478
-6886
-6472
-5314
-3505
-971
1663
3413
4110
3620
2890
1504
-485
-2013
-2893
-3025
-2659
-2485
-2541
-2942
-3388
-3913
-4755
-4981
-4359
-2955
-825
1230
2938
4767
6278
6723
6044
4959
3786
2488
1332
701
839
1380
1644
1348
691
213
-10
-138
572
2338
4276
6792
9663
11200
12091
12217
9880
7723
4762
-1461
-6832
-10836
-12292
-8952
-5719
-2054
2876
5253
7398
7451
4654
3014
-123
-3416
-3825
-4555
-3867
-1592
-443
474
-147
-1984
-3154
-5025
-7268
-8568
-8435
-6158
-3088
-130
3237
5559
5453
3848
1623
-1273
-4464
-6939
-8587
-8820
-8033
-6647
-3936
-1174
526
1676
1798
1692
1146
-89
-602
-658
-181
407
878
1213
300
-1253
-3381
-5767
-7091
-7734
-6743
-4758
-2400
1022
3365
4925
5974
5681
5223
3994
3050
3160
3426
4512
5355
5736
6218
5407
3948
2269
557
-289
-509
329
1600
3266
5594
7313
8556
8942
7174
5221
2825
-1990
-7306
-10838
-10900
-7107
-2516
1678
6063
8997
10076
8955
6147
3646
676
-2587
-3681
-3352
-2557
-1040
317
527
-1103
-3862
-6319
-8181
-9697
-10207
-8518
-4764
-672
2809
5886
7640
6730
3819
400
-2822
-5279
-7352
-8163
-7701
-6677
-4557
-2619
-1323
-302
-1495
-3305
-3840
-4025
-3216
-1513
754
3050
4123
3746
2102
-360
-3160
-6180
-8722
-9582
-7864
-5200
-2554
460
2507
3622
3771
2876
1978
951
705
1528
2862
5244
7242
8615
9369
8585
7640
6516
5163
4824
4448
4317
4590
4895
6072
7279
7770
7126
4265
938
-1958
-6526
-11369
-14109
-13485
-9028
-3097
1865
6868
10293
11340
10256
7025
4255
2283
323
27
334
479
1275
1079
-357
-3256
-7186
-10370
-12802
-13909
-12671
-9034
-3554
1567
5416
8136
8602
6656
3249
-405
-3069
-4669
-5262
-4802
-3956
-2482
-1074
-749
-1379
-2741
-4930
-6826
-7505
-6280
-3688
-258
3016
4943
5639
4332
1065
-2675
-6354
-8821
-9910
-9383
-6329
-3141
-499
1538
2150
1991
783
-653
-1293
-1516
-516
957
2613
4688
6209
6825
6353
5247
4763
4902
5742
7284
8981
10796
11829
12303
12217
11445
10398
8068
3926
-668
-4192
-8128
-11796
-14028
-13582
-9858
-4703
-692
3009
5797
7128
7172
5682
4935
4778
4672
5379
5953
5733
4752
2525
-749
-5597
-10487
-13532
-15148
-14971
-13170
-9371
-3624
1069
3903
5434
5142
3434
569
-2332
-3399
-3345
-2602
-1615
-1027
-354
-368
-1524
-3468
-5864
-7477
-7898
-7000
-4253
-954
2430
5207
5733
4790
2482
-942
-4148
-6792
-7699
-7037
-5633
-3368
-1576
-725
-337
-963
-1893
-2580
-2460
-1403
-161
1574
3492
4563
4884
4066
2353
1006
349
929
2695
4856
7166
9505
11429
12844
13758
14189
14192
13338
10248
5307
1419
-2515
-7159
-10971
-12718
-10497
-6110
-2748
503
2824
3725
4014
2751
2234
2532
2884
4915
6898
8058
8384
6845
4802
297
-6241
-10719
-13623
-14543
-13722
-11649
-6340
-1394
1295
3441
3551
2711
634
-2236
-2569
-2460
-1869
-513
-417
171
-176
-2298
-4121
-6809
-8820
-9676
-9850
-7145
-3464
521
4635
6031
5618
3391
-337
-3253
-5685
-6496
-5386
-3869
-1553
129
308
-32
-1259
-2792
-4019
-4491
-2910
-328
2210
4917
6634
6907
5858
4138
2745
1539
874
1237
2487
4570
6886
8667
10353
11393
11467
11000
9519
7013
4466
881
-3597
-7395
-9352
-7722
-3883
-844
1497
3189
4003
4111
2830
2275
2637
3094
4665
6505
7991
8414
6354
3599
-47
-4731
-8098
-10388
-11307
-10988
-10293
-7191
-3481
-1293
425
666
378
-145
-982
240
2196
3563
4212
3212
1873
-126
-3238
-5844
-8456
-10209
-10140
-9059
-6470
-3487
-1107
604
836
131
-990
-2655
-3712
-3864
-3220
-1808
-615
287
721
-265
-2043
-3611
-4625
-4445
-3717
-2309
-23
1660
2603
3092
2772
2430
1684
1236
1931
2612
3785
5136
6063
7074
7050
6745
6918
7377
8502
9088
8507
6997
4688
1166
-3801
-8765
-10321
-8760
-5409
-2200
666
3132
4452
4037
2910
2419
2948
4443
7315
10003
11287
11050
9103
6178
1772
-3076
-6506
-9034
-10862
-11523
-10324
-6811
-3925
-2551
-2008
-2535
-3208
-3867
-3039
155
3768
6846
8703
8741
7497
4567
714
-3453
-7479
-9758
-10201
-9110
-6933
-4603
-2369
-1378
-1966
-3153
-4629
-5628
-5808
-4985
-2997
-768
975
1862
1529
74
-2068
-4030
-5081
-4897
-3692
-1883
5
1478
2108
1954
1155
260
-275
-158
780
2292
4373
6126
7153
7611
7610
7455
7243
7122
7387
7578
6839
5238
3050
-231
-4151
-8015
-9463
-8264
-5996
-3674
-1466
344
1627
1299
866
1241
1952
3813
6477
9458
11679
11644
10210
7701
3590
-490
-3758
-5334
-6215
-7489
-7211
-5790
-4609
-4300
-5267
-5856
-6481
-7064
-5565
-2169
2008
5499
7517
8988
8599
6172
2828
-865
-3576
-5037
-5104
-3761
-2512
-2030
-2077
-2923
-4187
-5741
-6825
-7046
-6701
-5330
-2959
-541
1166
1501
619
-671
-2335
-3623
-3584
-2756
-1583
-167
1049
1828
1663
644
-282
-1188
-1255
-372
1210
3288
4620
5298
5864
5767
5829
5877
5914
6572
6852
7240
7376
6531
4155
33
-4736
-7730
-8423
-6785
-4393
-2450
-706
157
-224
-1463
-2865
-3296
-2248
144
4128
8281
10944
11407
9776
6822
3501
545
-979
-1651
-2493
-2967
-2558
-1417
-797
-1860
-3654
-5797
-8107
-9189
-8172
-4686
-481
2700
5297
6962
7024
5133
1807
-1048
-2682
-3004
-1877
-70
1198
1227
-28
-1813
-3656
-5502
-6862
-7337
-6953
-5605
-3609
-1379
298
591
-198
-1485
-2713
-3299
-3382
-2803
-1556
-227
1006
1680
1460
565
-717
-1552
-1326
37
2283
4396
5792
6388
6264
5847
5274
4720
4482
4524
4883
5238
5270
4747
3127
627
-2331
-4514
-5059
-4253
-2725
-1230
-204
468
308
-501
-1615
-2565
-2625
-1757
134
2359
3992
4547
4042
2616
1048
-206
-674
-450
-248
-190
-99
337
598
147
-777
-1931
-2778
-2963
-2688
-1710
-513
159
687
1192
1536
1575
795
-478
-1430
-1929
-1865
-1248
-439
14
-333
-1338
-2535
-3375
-3780
-4124
-4168
-3543
-2534
-1255
-204
59
-283
-1205
-2254
-2720
-2705
-2550
-2562
-2784
-3114
-3382
-3426
-3321
-3159
-2851
-2366
-1402
153
1880
3454
4752
5578
6049
6353
6579
6780
6826
6622
6346
6161
6052
5581
4907
4018
3116
2735
2576
2418
2304
2038
1786
1805
1865
1957
2108
1554
607
-329
-1195
-1919
-2751
-3581
-4227
-4514
-4586
-4382
-3925
-3826
-4299
-4778
-5063
-5057
-4527
-3981
-3284
-2392
-1780
-988
99
855
1197
1101
803
691
589
405
279
226
29
-451
-821
-913
-977
-1057
-1327
-1816
-2255
-2817
-3140
-2903
-2342
-1535
-752
-51
674
1170
1439
1540
1287
789
100
-651
-1047
-1355
-1813
-2319
-2908
-3322
-3417
-3010
-1927
-531
886
2332
3685
4929
5829
6222
6564
6681
6561
6459
6242
5962
5372
4312
3360
2920
2559
2071
1354
475
-170
-452
-51
766
1480
1572
1216
998
878
445
-461
-1837
-3402
-4491
-4743
-4144
-3133
-2835
-3390
-4023
-4341
-4216
-3732
-3451
-3530
-3797
-3763
-2920
-1464
-194
235
24
-316
-392
173
1052
1500
1144
221
-556
-571
-253
-83
-207
-771
-1417
-1888
-1976
-1700
-1693
-2008
-2306
-2185
-1322
-182
594
934
933
853
960
1204
1472
1441
869
1
-776
-1302
-1823
-2338
-2780
-3076
-2814
-1967
-671
1032
2616
3895
5060
5980
6677
7245
7386
7206
7027
6532
5920
5455
4728
4000
3537
2734
1787
899
-318
-981
-885
-786
-484
-306
-464
-443
-182
-182
-689
-1548
-3034
-4314
-4460
-4066
-3446
-2968
-3312
-3735
-3783
-3723
-3264
-2911
-3140
-3598
-3660
-2966
-1760
-785
-702
-1342
-1936
-2080
-1608
-525
272
163
-372
-812
-581
177
631
490
-110
-840
-1318
-1310
-1064
-1159
-1697
-2328
-2551
-1947
-854
-41
351
411
298
450
957
1431
1677
1488
989
715
697
651
366
-196
-809
-1213
-1063
-409
521
1636
2669
3752
5008
6223
7208
7678
7518
7100
6448
5697
5173
4724
4498
4360
3849
3212
2298
910
-262
-1083
-1682
-1826
-2082
-2246
-2080
-1859
-1901
-2349
-3115
-4471
-5625
-5925
-5595
-4705
-4091
-4021
-3823
-3483
-3148
-2625
-2255
-2252
-2471
-2583
-1960
-731
292
561
138
-494
-995
-1043
-655
-253
-297
-786
-1169
-915
-273
227
308
-45
-410
-657
-689
-404
-379
-852
-1564
-2169
-2216
-1752
-1320
-1191
-1179
-1253
-1206
-867
-472
-163
-71
-178
-122
206
591
784
832
699
374
287
452
842
1446
2044
2939
4238
5575
6810
7687
7981
7816
7077
6136
5280
4609
4205
3973
3612
3039
2291
1183
221
-562
-1194
-1461
-1853
-1978
-1792
-1397
-1162
-1479
-2132
-3306
-4362
-4840
-4953
-4520
-4289
-4461
-4349
-4073
-3607
-2990
-2629
-2434
-2286
-2009
-1201
45
1113
1537
1413
992
577
492
535
390
-26
-764
-1340
-1293
-1013
-836
-956
-1523
-2115
-2429
-2383
-1944
-1603
-1656
-1877
-1920
-1733
-1384
-1091
-1183
-1518
-1908
-2162
-2010
-1611
-1388
-1485
-1568
-1444
-1013
-328
230
639
970
1119
1422
1902
2369
2827
3135
3646
4495
5575
6831
7684
8196
8405
8035
7611
7180
6527
6129
5766
5149
4551
3682
2373
1307
301
-678
-1223
-1766
-2092
-2074
-1733
-1546
-1580
-1887
-2859
-3485
-3661
-3719
-3290
-3231
-3614
-3765
-3835
-3625
-3211
-3020
-3149
-3326
-3185
-2637
-1499
-417
-39
-9
-212
-394
-120
205
250
56
-617
-1243
-1248
-982
-755
-793
-1313
-2046
-2480
-2571
-2395
-2175
-2447
-2897
-3045
-2918
-2494
-2026
-1804
-1773
-1807
-1759
-1436
-955
-772
-997
-1266
-1386
-1132
-591
-57
444
852
1200
1725
2449
3176
3683
3844
4139
4781
5677
6847
7723
8061
8227
7753
7117
6745
6237
5931
5791
5395
4870
4178
2989
1755
656
-476
-1467
-2380
-2982
-3302
-3181
-3026
-3198
-3413
-4187
-4798
-4648
-4280
-3613
-3218
-3311
-3362
-3317
-3010
-2437
-2075
-2136
-2473
-2650
-2320
-1528
-666
-220
-183
-415
-635
-303
379
873
1037
620
29
-153
-189
-100
-71
-482
-1129
-1490
-1497
-1160
-716
-843
-1360
-1832
-2242
-2357
-2223
-2166
-2230
-2376
-2535
-2427
-1968
-1706
-1826
-2068
-2249
-2130
-1609
-916
-194
426
725
984
1471
2037
2582
3073
3537
4193
5072
6143
7149
7754
8011
7562
6832
6293
5761
5688
5883
5689
5457
4937
3997
3184
2230
1105
9
-1291
-2274
-2729
-2637
-2513
-2710
-3077
-3934
-4509
-4358
-3974
-3250
-2900
-3074
-2988
-2811
-2478
-1883
-1577
-1668
-2001
-2109
-1786
-1123
-579
-712
-1116
-1586
-2090
-2042
-1574
-1227
-988
-1092
-1361
-1115
-817
-641
-609
-998
-1662
-2129
-2140
-1891
-1428
-1206
-1399
-1463
-1499
-1392
-1097
-946
-920
-1101
-1244
-1229
-1020
-838
-1217
-1693
-2091
-2306
-1904
-1293
-416
491
1146
1838
2492
3205
3696
3881
4080
4518
5260
6198
7080
7718
7938
7600
7007
6399
5809
5387
4995
4487
4131
3588
2900
2470
1726
908
-11
-1141
-1816
-2262
-2467
-2714
-3055
-3527
-4243
-4490
-4327
-3899
-3349
-3279
-3329
-3055
-2686
-2172
-1574
-1298
-1287
-1338
-1184
-644
133
633
563
214
-186
-579
-639
-444
-479
-623
-951
-1329
-1210
-1106
-1180
-1284
-1610
-2151
-2550
-2570
-2503
-2260
-2192
-2438
-2424
-2348
-2193
-1904
-1691
-1478
-1311
-1064
-788
-454
-180
-538
-1021
-1543
-2053
-2055
-1933
-1538
-995
-455
395
1278
2404
3383
4003
4612
5113
5773
6576
7222
7649
7758
7418
6956
6663
6337
6110
5698
4971
4316
3456
2672
2136
1342
589
-403
-1371
-1854
-2169
-2285
-2707
-3178
-3808
-4431
-4315
-4000
-3392
-2923
-3135
-3179
-2978
-2615
-2106
-1780
-1697
-1761
-1734
-1460
-828
-108
124
-161
-544
-822
-923
-714
-396
-178
35
63
79
282
238
-154
-759
-1422
-2140
-2647
-2820
-2965
-2948
-3038
-3348
-3398
-3389
-3318
-3106
-2913
-2613
-2334
-1836
-1328
-811
-321
-390
-533
-767
-1097
-1147
-1042
-775
-436
-25
448
1022
1858
2649
3423
4370
5196
6041
6823
7338
7783
7852
7537
7002
6621
6455
6343
6138
5564
4770
3686
2803
2128
1604
1136
59
-850
-1520
-1950
-2067
-2406
-2976
-3909
-4569
-4635
-4169
-3237
-2810
-2823
-2802
-2858
-2414
-1653
-1208
-1065
-1375
-1546
-1245
-539
265
463
90
-695
-1424
-1700
-1482
-1087
-963
-964
-927
-537
177
788
901
496
-206
-1079
-1460
-1479
-1628
-1748
-2320
-3061
-3458
-3660
-3682
-3715
-3710
-3722
-3540
-2931
-2329
-1540
-1085
-1133
-1106
-1242
-1182
-935
-626
-270
1
416
899
1566
2315
2883
3637
4364
5073
5991
6589
7048
7123
6739
6346
6052
6070
6235
6216
5820
5185
4308
3551
3054
2372
1705
627
-374
-909
-1177
-1145
-1497
-2205
-3239
-4149
-4291
-3992
-3336
-2938
-3034
-2967
-2678
-2093
-1260
-790
-795
-1167
-1413
-1185
-523
286
523
250
-223
-814
-1108
-1060
-1139
-1376
-1691
-2054
-1867
-1230
-604
-168
-61
-411
-1044
-1313
-1352
-1157
-740
-856
-1166
-1510
-1977
-2272
-2575
-2887
-3230
-3502
-3469
-3128
-2286
-1580
-1304
-1225
-1503
-1621
-1480
-1119
-604
-211
67
274
799
1513
2166
2892
3468
4046
4767
5479
6317
6829
6802
6365
5824
5590
5675
5714
5463
4998
4126
3392
3051
2664
2394
1600
511
-164
-544
-547
-610
-913
-1758
-2699
-3094
-3169
-2645
-2345
-2661
-2854
-2974
-2693
-1857
-1111
-734
-804
-980
-941
-409
394
770
755
403
-127
-341
-297
-263
-379
-777
-1383
-1669
-1529
-1162
-813
-762
-1024
-1593
-1993
-2188
-2317
-2197
-2230
-2380
-2558
-2750
-2769
-2811
-2884
-3150
-3460
-3587
-3602
-3122
-2519
-2092
-1754
-1736
-1683
-1504
-1175
-671
-262
161
501
952
1646
2314
3007
3541
3984
4474
5063
5638
5927
6008
5755
5632
5814
6134
6258
5927
5296
4252
3560
3104
2527
2088
1018
17
-505
-746
-615
-766
-1323
-2211
-2845
-2871
-2477
-1766
-1617
-2028
-2251
-2327
-1896
-1136
-747
-714
-1022
-1249
-948
-203
457
667
501
87
-148
4
280
508
425
43
-201
-182
37
311
301
-7
-385
-952
-1320
-1364
-1506
-1594
-1774
-2114
-2446
-2736
-2901
-3114
-3290
-3643
-4103
-4300
-4396
-4066
-3501
-3120
-2785
-2604
-2404
-1966
-1300
-543
-36
284
476
671
1139
1704
2370
3018
3509
3957
4453
5033
5295
5169
4813
4291
4173
4502
4824
5083
4988
4215
3409
2971
2369
2034
1443
326
-348
-783
-926
-828
-909
-1485
-2228
-2537
-2631
-2169
-1550
-1597
-1590
-1554
-1464
-792
-85
272
357
203
147
437
966
1305
1311
1056
565
300
262
244
177
-51
-392
-555
-340
25
311
383
122
-417
-971
-1316
-1548
-1632
-1676
-1895
-2078
-2293
-2547
-2723
-2956
-3259
-3676
-4005
-4263
-4309
-4047
-3953
-3821
-3609
-3464
-3044
-2427
-1696
-948
-307
249
729
1345
1896
2318
2810
3170
3631
4161
4707
5077
5014
4642
3994
3718
3916
4159
4284
4103
3481
2804
2608
2340
2213
1870
772
-33
-483
-627
-505
-596
-1218
-2118
-2585
-2668
-2100
-1352
-1341
-1518
-1627
-1570
-888
38
613
795
650
520
832
1483
1901
1931
1615
947
585
604
710
808
544
-35
-485
-572
-363
31
218
95
-347
-912
-1133
-1168
-1039
-1043
-1291
-1618
-2062
-2233
-2350
-2513
-2739
-3284
-3637
-3851
-3799
-3450
-3314
-3308
-3492
-3608
-3405
-2924
-2164
-1565
-1099
-660
-281
447
1127
1689
2187
2408
2729
3223
3881
4475
4612
4330
3711
3319
3293
3604
3906
3815
3412
2564
2062
1881
1650
1571
837
-2
-459
-679
-414
-238
-445
-1238
-2045
-2375
-2301
-1661
-1356
-1530
-1705
-1945
-1738
-1008
-213
241
277
171
246
858
1551
1915
1966
1500
1020
832
870
1076
1007
612
120
-140
2
318
599
601
318
-201
-690
-836
-930
-941
-1007
-1187
-1322
-1474
-1562
-1728
-2052
-2520
-3109
-3415
-3536
-3470
-3276
-3312
-3317
-3352
-3366
-3125
-2727
-2149
-1649
-1165
-623
-83
606
1187
1702
2192
2559
2952
3385
3894
4177
4025
3654
3100
2775
2860
3114
3197
3100
2555
1701
1381
1065
851
725
-26
-583
-865
-929
-635
-431
-621
-1317
-1739
-1829
-1586
-890
-716
-831
-920
-1139
-859
-216
244
442
335
227
449
1022
1525
1815
1814
1482
1264
1195
1276
1279
1036
679
345
276
366
592
689
558
269
-295
-580
-797
-1042
-1058
-1211
-1291
-1364
-1491
-1586
-1835
-2040
-2420
-2696
-2762
-2936
-2824
-2818
-2929
-2898
-2991
-2973
-2811
-2494
-2125
-1726
-1143
-655
3
637
1045
1569
1972
2375
2886
3347
3810
4094
4025
3646
3247
2874
2794
3007
3005
2837
2300
1444
936
504
145
-155
-853
-1479
-1847
-1779
-1378
-985
-944
-1492
-1833
-1870
-1572
-842
-521
-493
-607
-806
-516
205
840
1107
985
679
655
1033
1460
1694
1623
1225
935
955
1144
1302
1066
671
358
257
471
683
842
689
426
98
-198
-362
-785
-1021
-1231
-1319
-1139
-1216
-1372
-1717
-2064
-2276
-2453
-2411
-2576
-2693
-2751
-2846
-2566
-2449
-2419
-2428
-2587
-2321
-1869
-1205
-531
-76
322
591
1193
1883
2565
3254
3505
3888
4148
4056
3956
3448
2910
2709
2736
2832
2828
2459
1592
1011
528
75
-173
-952
-1734
-2221
-2412
-2142
-1783
-1779
-2335
-2731
-2792
-2432
-1549
-1111
-991
-950
-1063
-640
163
901
1277
1117
826
758
1264
1840
2178
2261
1772
1322
1170
1205
1415
1405
996
541
460
556
871
1159
982
584
60
-408
-621
-648
-799
-1029
-1110
-1375
-1509
-1554
-1870
-2065
-2334
-2617
-2680
-2722
-2690
-2757
-2840
-2921
-3012
-2957
-2993
-2853
-2503
-2153
-1558
-980
-465
23
418
897
1398
2001
2568
3055
3601
3993
4189
4070
3684
3144
2820
2804
2865
2933
2666
2023
1471
1020
624
362
-217
-984
-1522
-1760
-1624
-1348
-1312
-1759
-2293
-2572
-2468
-1823
-1258
-1098
-1091
-1116
-882
-222
493
889
921
626
435
800
1347
1708
1726
1295
850
726
895
1213
1308
1008
501
291
424
759
1064
944
659
268
-97
-275
-445
-749
-1151
-1428
-1551
-1510
-1526
-1800
-2042
-2282
-2445
-2348
-2271
-2250
-2321
-2467
-2501
-2449
-2355
-2403
-2513
-2481
-2260
-1740
-1151
-569
-44
339
788
1374
2025
2646
3154
3535
3985
4362
4348
4119
3580
3051
2928
2976
3057
3025
2513
1770
1261
853
551
104
-693
-1436
-1820
-1773
-1518
-1308
-1589
-2300
-2735
-2816
-2371
-1611
-1347
-1364
-1483
-1443
-859
-41
573
709
403
24
51
641
1255
1541
1407
813
284
233
481
817
1053
750
357
374
519
994
1349
1237
804
211
-281
-585
-458
-501
-835
-1045
-1537
-1819
-1867
-2047
-2132
-2356
-2618
-2822
-2759
-2483
-2302
-2020
-2104
-2292
-2303
-2392
-2122
-1725
-1396
-1029
-776
-401
39
604
1239
1707
2277
2660
3128
3848
4299
4592
4417
3826
3188
2829
2813
2902
3053
2696
2026
1448
831
520
226
-383
-1077
-1583
-1820
-1709
-1370
-1391
-1805
-2242
-2666
-2536
-1955
-1507
-1202
-1171
-1194
-908
-297
319
683
731
416
299
611
1085
1551
1667
1296
763
458
479
650
854
736
335
176
198
595
1105
1254
1125
654
191
-194
-356
-439
-801
-1061
-1467
-1803
-1838
-1962
-2021
-2216
-2498
-2700
-2801
-2658
-2487
-2248
-2169
-2260
-2218
-2200
-2000
-1626
-1307
-974
-760
-432
-46
388
972
1380
1780
2188
2592
3199
3830
4275
4360
4129
3506
2925
2797
2737
2839
2770
2212
1579
942
426
167
-126
-713
-1361
-1738
-1905
-1695
-1395
-1596
-1932
-2364
-2711
-2440
-1886
-1394
-1098
-1053
-985
-608
-1
496
810
766
428
347
574
995
1391
1449
1181
895
798
800
889
875
564
238
-9
117
483
763
932
759
519
119
-227
-369
-600
-765
-1038
-1281
-1467
-1722
-1818
-2043
-2229
-2326
-2532
-2510
-2410
-2178
-1968
-1900
-1788
-1809
-1744
-1601
-1357
-898
-542
-106
327
646
1112
1484
1817
2172
2501
2918
3381
3809
4013
4052
3718
3129
2885
2723
2693
2802
2495
1963
1365
645
139
-145
-628
-1238
-1692
-2040
-2052
-1749
-1686
-1823
-2039
-2493
-2653
-2289
-1884
-1532
-1332
-1322
-1057
-535
-52
469
735
582
421
396
605
1003
1299
1276
1168
1097
896
926
1026
899
770
427
194
336
482
674
735
596
183
-333
-616
-817
-775
-800
-1069
-1256
-1566
-1815
-1955
-2122
-2248
-2470
-2662
-2705
-2447
-2072
-1834
-1677
-1690
-1717
-1637
-1448
-1029
-620
-255
158
539
1021
1502
1878
2149
2493
2867
3202
3695
3938
3983
3861
3290
2837
2676
2516
2496
2529
2210
1741
1284
583
188
-123
-825
-1367
-1780
-2114
-2065
-1863
-1939
-2051
-2255
-2673
-2594
-2114
-1775
-1431
-1258
-1260
-955
-523
-117
299
410
138
-152
-82
225
743
1098
1054
921
664
518
648
859
931
731
475
409
577
851
1003
867
414
-131
-614
-793
-669
-626
-717
-932
-1143
-1272
-1369
-1483
-1660
-1868
-2115
-2260
-2055
-1732
-1455
-1322
-1392
-1449
-1385
-1179
-828
-366
58
372
709
1122
1546
1916
2189
2399
2643
2931
3182
3366
3568
3401
2843
2420
2071
1926
2002
1898
1568
1187
598
38
16
-208
-691
-1124
-1792
-2129
-1997
-1856
-1888
-1991
-2469
-2962
-2767
-2321
-1825
-1366
-1398
-1443
-1166
-860
-333
213
291
31
-192
-174
179
750
958
904
726
411
349
608
914
1022
900
628
519
659
861
1064
1004
670
228
-182
-277
-236
-191
-315
-595
-823
-1074
-1183
-1255
-1344
-1460
-1713
-1806
-1714
-1543
-1357
-1351
-1375
-1418
-1379
-1183
-872
-430
-86
257
647
1033
1471
1810
2038
2288
2510
2716
2970
3149
3129
2879
2401
1958
1838
1827
1825
1754
1344
859
423
51
-27
-226
-727
-1254
-1651
-1754
-1580
-1405
-1533
-1878
-2368
-2758
-2549
-2063
-1679
-1464
-1516
-1523
-1207
-713
-186
175
87
-207
-270
77
690
1206
1267
961
658
499
711
1136
1334
1262
976
814
971
1225
1311
1150
778
363
181
198
272
258
29
-288
-470
-487
-512
-631
-910
-1242
-1414
-1451
-1332
-1197
-1236
-1413
-1553
-1544
-1324
-1057
-843
-723
-603
-364
0
511
953
1267
1463
1625
1834
2167
2461
2597
2687
2597
2291
1910
1586
1419
1389
1387
1211
907
553
137
-101
-100
-294
-687
-1134
-1583
-1649
-1447
-1316
-1369
-1698
-2232
-2536
-2333
-1928
-1554
-1411
-1604
-1695
-1489
-1172
-662
-247
-186
-259
-203
88
517
857
926
799
658
588
688
999
1218
1312
1274
1115
1022
972
972
1012
1027
975
740
478
305
183
144
60
-89
-288
-527
-680
-688
-650
-688
-874
-1117
-1304
-1380
-1302
-1211
-1136
-1087
-1030
-888
-665
-376
-132
48
243
524
877
1253
1564
1803
2005
2108
2237
2363
2381
2323
2047
1694
1509
1409
1352
1298
1029
605
222
-158
-332
-302
-540
-858
-1203
-1519
-1517
-1427
-1373
-1510
-1817
-2188
-2325
-1996
-1632
-1361
-1324
-1610
-1652
-1449
-1101
-513
-153
-143
-309
-334
-48
451
885
889
694
514
405
746
1186
1385
1311
913
606
604
895
1120
1127
897
464
186
142
203
251
44
-354
-622
-698
-643
-610
-665
-892
-1173
-1352
-1411
-1280
-1187
-1229
-1258
-1251
-1118
-942
-781
-607
-381
-165
108
534
862
1154
1398
1539
1774
1986
2100
2165
2220
2232
2220
2233
2070
1866
1680
1394
1202
1003
729
394
78
-125
-301
-439
-687
-1025
-1250
-1478
-1597
-1572
-1659
-1776
-1936
-1990
-1885
-1737
-1584
-1615
-1594
-1480
-1292
-964
-711
-479
-346
-285
-128
97
340
481
535
617
720
819
960
1052
1103
1071
989
981
984
995
968
900
873
776
626
433
215
54
-126
-244
-337
-450
-616
-825
-918
-952
-978
-1035
-1156
-1230
-1271
-1225
-1082
-957
-859
-858
-857
-675
-387
-55
241
490
721
953
1235
1483
1691
1806
1778
1818
1916
1978
2096
2111
2019
1937
1748
1528
1261
939
626
384
230
57
-88
-347
-651
-862
-1113
-1258
-1474
-1732
-1888
-1964
-1859
-1687
-1536
-1560
-1655
-1740
-1734
-1494
-1225
-1021
-887
-788
-642
-414
-169
41
114
44
5
182
500
835
1096
1143
1083
966
872
893
933
905
785
651
568
534
507
391
269
51
-204
-353
-432
-421
-429
-471
-531
-627
-741
-893
-1005
-1053
-1111
-1141
-1138
-1082
-973
-868
-710
-552
-438
-325
-209
37
328
597
795
754
831
901
1019
1293
1448
1421
1273
1185
1138
1411
1604
1521
1503
1166
922
856
813
713
523
216
-179
-187
-183
-272
-339
-702
-1016
-1141
-1140
-934
-702
-691
-855
-927
-886
-777
-527
-470
-533
-512
-561
-379
-97
50
68
-79
-140
-103
89
336
509
654
620
576
599
615
601
467
277
110
-20
-97
-167
-246
-384
-594
-776
-888
-869
-837
-811
-792
-810
-837
-910
-955
-979
-1027
-1040
-1044
-988
-927
-882
-807
-721
-566
-433
-306
-114
58
278
510
724
898
997
1053
1104
1227
1347
1465
1523
1474
1485
1519
1566
1661
1672
1576
1452
1356
1275
1245
1184
1012
849
668
488
388
244
45
-86
-273
-401
-371
-400
-420
-431
-487
-530
-534
-563
-617
-574
-591
-551
-449
-435
-377
-359
-351
-312
-252
-199
-177
-110
-115
-94
-51
-112
-131
-231
-356
-429
-542
-630
-718
-830
-949
-1061
-1151
-1239
-1262
-1294
-1335
-1301
-1262
-1187
-1102
-1047
-1020
-992
-985
-979
-909
-808
-690
-570
-471
-369
-256
-110
89
268
428
548
665
806
969
1174
1320
1399
1448
1466
1563
1708
1833
1893
1865
1810
1725
1734
1741
1694
1676
1550
1443
1420
1406
1383
1279
1098
898
748
679
614
534
392
225
97
41
23
-21
-86
-210
-302
-309
-276
-258
-262
-338
-459
-532
-536
-513
-469
-497
-549
-545
-592
-601
-601
-696
-800
-882
-938
-977
-999
-1076
-1178
-1243
-1366
-1481
-1556
-1655
-1754
-1815
-1844
-1835
-1808
-1786
-1745
-1673
-1626
-1549
-1425
-1323
-1160
-1019
-876
-745
-639
-520
-393
-198
-13
152
298
430
551
693
886
1084
1225
1354
1439
1545
1655
1784
1914
2001
2057
2062
2081
2080
2075
2046
1966
1892
1798
1709
1694
1666
1621
1538
1444
1328
1223
1166
1065
1027
933
807
734
611
528
418
296
183
73
20
-37
-31
-87
-160
-219
-331
-384
-441
-527
-606
-692
-746
-813
-871
-951
-1072
-1185
-1327
-1402
-1461
-1529
-1610
-1735
-1797
-1842
-1878
-1884
-1925
-2008
-2102
-2131
-2088
-2040
-1979
-1980
-1966
-1931
-1867
-1708
-1553
-1398
-1275
-1160
-982
-786
-572
-379
-210
-64
82
289
469
628
800
942
1097
1236
1382
1514
1610
1712
1797
1906
1984
2003
1998
1990
1985
1997
2025
2006
1954
1861
1731
1657
1605
1533
1471
1369
1265
1192
1125
1082
1029
951
862
833
822
794
749
684
613
541
480
427
400
353
299
232
174
103
-20
-135
-252
-371
-468
-576
-712
-830
-936
-1062
-1137
-1239
-1401
-1559
-1731
-1834
-1882
-1945
-2023
-2134
-2241
-2334
-2360
-2318
-2307
-2280
-2305
-2312
-2219
-2132
-2043
-1977
-1931
-1871
-1823
-1681
-1521
-1323
-1142
-981
-780
-612
-408
-268
-118
30
160
365
568
791
953
1087
1229
1360
1504
1602
1691
1763
1810
1855
1929
1966
1970
1935
1860
1844
1847
1851
1848
1783
1694
1611
1561
1507
1457
1389
1292
1252
1218
1221
1250
1218
1171
1136
1116
1085
1075
1056
1004
986
952
908
862
762
628
509
370
224
105
-37
-199
-347
-502
-668
-804
-966
-1140
-1272
-1408
-1509
-1584
-1675
-1806
-1929
-2091
-2265
-2352
-2419
-2444
-2439
-2463
-2459
-2432
-2397
-2339
-2258
-2188
-2118
-2021
-1922
-1774
-1597
-1433
-1307
-1179
-1077
-948
-804
-642
-480
-342
-205
-81
81
234
400
557
694
833
938
1096
1247
1361
1510
1573
1606
1625
1596
1602
1627
1631
1621
1589
1552
1540
1576
1601
1604
1577
1487
1429
1400
1418
1464
1442
1415
1364
1349
1328
1327
1340
1286
1216
1114
1070
1081
1039
995
887
772
649
512
408
278
139
-22
-161
-293
-455
-627
-841
-1029
-1171
-1281
-1341
-1424
-1554
-1678
-1794
-1848
-1911
-1972
-2051
-2151
-2194
-2205
-2135
-2090
-2052
-2038
-2068
-2011
-1934
-1802
-1666
-1572
-1473
-1394
-1264
-1165
-1022
-911
-832
-721
-631
-483
-350
-263
-176
-102
-13
100
223
341
436
575
682
801
918
956
1019
1052
1085
1124
1119
1166
1181
1226
1287
1322
1381
1384
1407
1426
1446
1507
1554
1603
1634
1651
1660
1651
1632
1587
1545
1530
1512
1490
1472
1436
1364
1319
1236
1132
1002
832
701
586
500
392
258
67
-158
-337
-472
-564
-704
-889
-1072
-1220
-1336
-1413
-1466
-1558
-1651
-1733
-1784
-1781
-1792
-1815
-1819
-1824
-1814
-1766
-1722
-1706
-1673
-1623
-1558
-1441
-1346
-1288
-1225
-1167
-1083
-977
-881
-828
-803
-748
-661
-561
-439
-362
-323
-259
-165
-29
94
170
209
222
284
382
503
574
580
571
551
602
668
739
804
838
907
975
1070
1164
1231
1295
1332
1406
1482
1552
1616
1619
1635
1650
1641
1627
1574
1509
1458
1468
1489
1487
1422
1317
1214
1133
1055
946
792
600
425
271
175
92
-38
-216
-421
-602
-738
-831
-952
-1097
-1232
-1334
-1372
-1389
-1396
-1432
-1495
-1527
-1541
-1525
-1487
-1454
-1423
-1407
-1340
-1245
-1148
-1106
-1088
-1040
-999
-915
-818
-734
-667
-605
-528
-458
-382
-332
-318
-271
-220
-148
-35
32
85
124
155
174
204
223
210
227
255
286
333
375
406
438
480
502
530
577
615
662
733
773
843
898
931
1002
1060
1148
1210
1271
1302
1319
1320
1314
1343
1345
1345
1309
1259
1208
1148
1137
1099
1021
925
777
671
550
457
372
255
128
-35
-159
-292
-419
-553
-712
-849
-977
-1065
-1078
-1123
-1172
-1214
-1268
-1282
-1272
-1240
-1248
-1247
-1242
-1204
-1133
-1091
-1074
-1089
-1103
-1079
-1062
-996
-929
-871
-840
-821
-747
-684
-618
-565
-542
-487
-424
-352
-277
-235
-205
-198
-158
-105
-57
-26
-27
4
54
112
200
260
306
320
350
434
535
627
670
680
690
742
833
900
961
973
960
1004
1049
1112
1158
1167
1158
1159
1191
1194
1185
1150
1074
1035
1008
1005
962
876
750
619
553
480
428
339
214
82
-41
-124
-228
-328
-457
-609
-700
-751
-759
-787
-873
-960
-1028
-1013
-994
-978
-964
-1013
-1023
-997
-925
-841
-847
-896
-961
-953
-897
-828
-783
-819
-839
-877
-842
-744
-683
-635
-634
-609
-547
-454
-365
-327
-311
-314
-291
-207
-137
-72
-44
-43
-11
29
110
151
181
218
263
363
461
544
619
661
718
788
867
932
974
1003
1031
1082
1116
1148
1152
1137
1135
1147
1195
1204
1155
1077
1025
1001
976
945
882
793
674
597
564
540
449
324
190
64
-31
-95
-208
-334
-468
-602
-659
-692
-713
-760
-805
-860
-900
-877
-892
-888
-901
-933
-915
-901
-883
-855
-836
-848
-837
-822
-814
-804
-796
-786
-740
-703
-673
-630
-607
-578
-529
-450
-405
-357
-332
-296
-240
-224
-187
-173
-186
-184
-148
-56
26
68
103
124
171
221
302
383
430
470
517
602
694
764
824
832
837
874
910
958
987
963
927
919
951
995
1035
1008
949
907
887
884
891
869
786
710
641
587
556
477
372
275
176
103
31
-47
-135
-226
-304
-369
-407
-447
-527
-582
-643
-674
-689
-723
-741
-788
-829
-856
-872
-882
-909
-928
-945
-911
-877
-869
-876
-888
-861
-847
-828
-778
-730
-692
-665
-631
-590
-531
-510
-486
-440
-393
-348
-294
-204
-157
-120
-78
-53
-9
28
47
98
175
244
283
343
383
414
467
519
605
653
695
744
793
871
910
947
975
957
949
953
976
971
948
906
865
856
825
811
776
723
697
640
608
585
554
519
430
365
281
184
119
36
-20
-107
-168
-221
-286
-321
-377
-405
-441
-476
-495
-526
-523
-521
-525
-531
-566
-598
-613
-598
-583
-604
-623
-667
-704
-703
-695
-675
-673
-682
-677
-663
-612
-552
-523
-511
-501
-498
-473
-403
-348
-314
-290
-257
-211
-149
-112
-81
-44
-14
14
83
145
193
239
249
292
325
365
417
484
535
583
628
668
709
737
763
797
827
825
837
846
846
852
849
831
793
748
722
697
674
631
588
544
500
472
471
456
388
292
214
134
66
2
-57
-122
-200
-273
-305
-333
-372
-407
-447
-466
-490
-480
-466
-472
-476
-490
-486
-498
-500
-511
-534
-555
-580
-572
-573
-576
-583
-584
-574
-569
-549
-527
-493
-480
-485
-466
-457
-442
-394
-368
-364
-347
-311
-273
-233
-220
-188
-160
-159
-112
-49
18
57
72
86
111
163
227
291
337
359
386
432
504
594
642
661
660
669
707
736
779
776
750
735
731
754
770
746
693
641
598
593
614
601
569
496
411
376
330
271
191
95
3
-61
-80
-102
-137
-200
-251
-281
-290
-292
-280
-294
-330
-356
-374
-389
-389
-411
-452
-468
-494
-468
-461
-433
-398
-401
-388
-381
-359
-335
-318
-316
-303
-288
-290
-287
-290
-303
-303
-300
-278
-249
-237
-227
-198
-162
-141
-109
-106
-108
-72
-29
2
19
5
-17
4
29
66
101
114
119
131
182
244
284
295
274
292
316
379
415
435
417
375
353
357
377
372
360
329
319
324
344
347
342
298
271
258
242
224
162
108
64
48
35
-2
-51
-121
-171
-193
-187
-166
-178
-213
-245
-262
-249
-243
-244
-257
-283
-281
-259
-225
-212
-246
-285
-320
-310
-284
-268
-250
-232
-228
-232
-225
-226
-224
-224
-216
-212
-205
-173
-159
-143
-146
-149
-157
-147
-132
-108
-76
-55
-30
5
25
42
53
55
72
92
107
143
176
194
206
198
182
156
168
179
194
207
217
218
218
223
206
184
169
147
142
151
141
119
71
31
31
32
15
-9
-47
-87
-92
-79
-71
-88
-103
-110
-111
-99
-88
-86
-90
-96
-96
-88
-70
-55
-58
-67
-71
-90
-87
-82
-78
-60
-49
-55
-79
-94
-98
-89
-86
-78
-84
-104
-104
-96
-66
-43
-57
-85
-110
-134
-137
-140
-150
-158
-175
-180
-148
-97
-81
-66
-75
-88
-49
-9
27
41
60
71
82
116
152
170
174
165
155
176
198
204
204
188
181
184
194
216
214
202
181
163
153
124
98
64
12
-22
-48
-68
-83
-116
-156
-165
-191
-229
-257
-293
-317
-316
-321
-322
-309
-307
-319
-331
-325
-315
-296
-288
-255
-217
-195
-148
-117
-88
-72
-71
-51
-28
-8
11
35
40
25
31
32
44
44
31
51
70
89
122
159
176
154
139
133
117
135
126
130
133
120
130
131
143
146
154
170
200
220
256
294
319
316
322
332
346
350
338
339
326
316
304
294
296
285
256
229
210
179
144
126
101
67
33
-11
-62
-118
-160
-204
-247
-294
-335
-354
-370
-408
-434
-477
-510
-547
-550
-549
-553
-531
-545
-566
-565
-544
-519
-482
-462
-447
-415
-389
-333
-276
-249
-243
-215
-180
-135
-96
-72
-54
-42
-25
-7
8
24
-2
-20
-17
15
48
70
80
65
58
83
111
131
154
173
193
201
216
247
268
280
285
295
335
378
415
440
446
444
442
458
470
489
506
494
497
496
492
475
457
436
399
349
325
307
289
249
200
153
90
48
13
9
-28
-76
-134
-190
-234
-284
-301
-347
-425
-494
-526
-537
-557
-561
-594
-640
-681
-705
-702
-694
-667
-662
-649
-642
-614
-578
-547
-518
-503
-477
-436
-391
-327
-262
-227
-187
-154
-118
-70
-29
-2
2
1
28
61
91
121
118
118
122
149
185
217
220
209
225
266
326
374
411
418
405
399
418
456
483
499
513
533
550
574
594
592
581
557
560
575
577
568
551
525
465
429
411
393
377
349
326
293
270
230
172
105
33
-25
-76
-134
-177
-226
-293
-355
-420
-485
-561
-629
-684
-714
-714
-712
-711
-731
-765
-784
-790
-782
-785
-781
-783
-786
-761
-734
-701
-668
-655
-659
-651
-618
-576
-519
-468
-437
-408
-380
-356
-295
-271
-240
-213
-203
-157
-105
-60
-3
37
69
88
120
169
200
258
284
329
383
429
472
500
526
539
555
584
634
688
705
715
748
782
803
821
826
830
828
838
858
866
829
761
727
715
721
706
671
609
528
486
475
450
396
314
232
150
100
80
13
-63
-145
-233
-282
-308
-365
-408
-474
-542
-584
-607
-622
-652
-675
-728
-756
-763
-770
-762
-767
-782
-785
-780
-783
-775
-742
-729
-706
-703
-689
-684
-665
-639
-606
-567
-558
-559
-549
-488
-446
-381
-337
-308
-265
-207
-144
-80
-37
-14
19
66
125
169
195
212
221
260
333
409
452
479
528
580
654
720
760
777
800
824
847
863
857
840
820
833
857
860
840
813
773
756
738
717
692
655
603
570
531
465
384
295
226
162
107
51
-28
-99
-181
-262
-316
-372
-429
-472
-502
-539
-583
-644
-704
-767
-805
-846
-874
-870
-895
-932
-962
-964
-949
-944
-940
-937
-919
-891
-864
-844
-823
-808
-790
-763
-739
-705
-687
-651
-607
-568
-516
-484
-433
-386
-296
-202
-127
-54
10
56
116
196
275
349
393
441
514
588
640
689
715
743
758
822
906
955
970
964
977
1012
1036
1062
1065
1028
1001
975
979
995
965
920
855
803
761
731
687
618
551
486
423
358
273
197
129
56
9
-27
-87
-154
-216
-278
-321
-368
-422
-481
-533
-569
-613
-653
-695
-753
-801
-832
-849
-850
-860
-881
-900
-908
-909
-899
-901
-912
-907
-913
-922
-915
-899
-883
-874
-857
-833
-798
-769
-733
-685
-654
-628
-579
-523
-458
-401
-352
-301
-246
-194
-103
-21
51
122
162
234
289
335
396
461
512
563
623
669
724
782
825
853
879
915
948
963
968
968
964
953
930
927
914
891
869
837
797
755
708
665
627
556
497
422
349
286
238
178
110
27
-47
-92
-132
-183
-241
-295
-355
-417
-465
-480
-509
-557
-600
-627
-665
-675
-697
-722
-750
-788
-809
-825
-817
-804
-810
-777
-768
-765
-764
-737
-715
-707
-685
-671
-642
-622
-593
-552
-521
-481
-430
-372
-335
-306
-254
-210
-160
-120
-73
-22
27
51
98
169
204
251
297
343
386
435
477
515
545
580
633
667
718
750
771
785
782
801
807
784
778
782
777
774
745
743
723
679
641
593
564
501
438
408
370
316
248
193
104
40
-1
-28
-46
-105
-164
-222
-272
-327
-347
-362
-391
-439
-483
-512
-540
-565
-599
-647
-684
-719
-735
-749
-770
-788
-818
-831
-824
-832
-816
-794
-763
-734
-699
-665
-652
-634
-622
-586
-549
-499
-450
-405
-371
-346
-299
-251
-224
-194
-129
-64
1
66
111
155
179
217
267
335
401
435
474
520
562
587
611
640
661
685
714
763
801
821
834
829
821
811
796
794
783
757
737
718
696
650
596
552
507
462
424
385
330
283
237
189
133
75
35
-17
-53
-80
-118
-178
-234
-284
-332
-375
-423
-451
-478
-499
-514
-540
-588
-624
-645
-673
-678
-686
-690
-701
-706
-706
-697
-695
-682
-672
-662
-648
-634
-600
-575
-559
-529
-472
-431
-398
-370
-334
-300
-256
-228
-182
-151
-139
-95
-51
1
59
94
131
182
215
273
304
356
373
404
452
478
511
543
567
586
624
652
691
714
739
735
739
719
703
697
678
659
637
607
592
566
543
526
484
439
393
348
318
283
253
194
146
91
26
7
-51
-101
-135
-184
-226
-286
-326
-353
-392
-419
-450
-479
-495
-515
-525
-542
-564
-586
-608
-614
-628
-637
-654
-669
-685
-682
-663
-618
-589
-568
-545
-528
-504
-484
-454
-429
-421
-401
-354
-322
-279
-230
-212
-198
-166
-111
-48
19
79
125
173
213
255
295
330
365
397
436
489
534
576
592
610
633
660
685
690
714
731
766
788
796
789
758
728
703
689
671
642
600
558
533
504
477
445
389
344
301
273
251
220
189
162
128
91
32
-37
-80
-129
-185
-238
-278
-320
-343
-383
-406
-435
-482
-523
-542
-542
-546
-555
-586
-615
-627
-641
-637
-630
-643
-656
-660
-636
-619
-598
-577
-576
-575
-565
-533
-490
-457
-432
-421
-394
-355
-312
-270
-223
-178
-135
-86
-23
30
73
100
146
202
232
272
320
358
403
446
469
496
525
563
596
622
646
656
669
677
674
678
677
679
664
663
651
631
616
596
578
562
536
507
471
455
424
399
363
328
296
252
200
140
104
42
-24
-83
-129
-156
-208
-245
-289
-345
-387
-419
-433
-447
-485
-518
-543
-566
-600
-628
-655
-684
-708
-724
-704
-701
-703
-691
-688
-676
-666
-646
-605
-580
-563
-546
-531
-503
-486
-454
-429
-381
-334
-306
-255
-202
-148
-98
-46
0
55
101
165
220
270
311
347
379
399
427
442
480
495
522
559
583
614
637
651
655
661
662
669
665
646
631
605
578
544
519
499
467
427
389
362
323
293
265
248
219
186
146
117
85
38
6
-49
-110
-152
-193
-214
-247
-292
-333
-368
-390
-414
-447
-460
-479
-509
-533
-541
-553
-580
-616
-650
-656
-670
-684
-688
-689
-691
-681
-665
-632
-623
-626
-622
-612
-585
-572
-541
-511
-479
-449
-424
-385
-362
-342
-287
-257
-215
-145
-81
-23
8
63
94
163
225
290
347
389
441
483
538
588
619
638
660
676
703
735
765
774
769
776
790
792
775
757
738
722
704
683
667
637
603
560
511
487
449
394
363
333
297
257
204
167
139
96
59
14
-29
-61
-96
-115
-161
-203
-241
-285
-316
-355
-395
-423
-452
-477
-494
-504
-530
-544
-554
-574
-600
-600
-608
-608
-580
-580
-563
-565
-555
-547
-525
-504
-497
-476
-457
-431
-405
-369
-331
-297
-281
-240
-202
-162
-117
-84
-48
-19
18
66
108
138
179
212
240
276
329
362
383
415
434
452
486
502
504
524
543
563
559
565
564
568
572
575
577
567
555
556
552
545
519
491
473
455
434
401
357
305
256
220
206
169
133
74
36
-8
-31
-70
-124
-164
-206
-242
-268
-301
-343
-379
-429
-453
-470
-481
-498
-526
-558
-577
-585
-603
-618
-618
-635
-628
-608
-609
-622
-597
-583
-563
-545
-541
-530
-497
-475
-440
-404
-373
-328
-323
-282
-219
-189
-157
-106
-75
-34
23
59
101
128
157
186
239
285
330
348
382
422
450
489
508
516
540
559
593
615
641
663
678
674
666
659
636
640
628
605
599
581
554
547
510
484
464
439
418
399
364
334
311
263
231
180
130
79
41
11
-24
-48
-88
-133
-185
-222
-262
-303
-342
-387
-403
-418
-439
-456
-490
-528
-572
-603
-621
-630
-628
-643
-648
-653
-647
-650
-634
-641
-622
-609
-586
-548
-526
-512
-504
-476
-453
-428
-399
-356
-303
-257
-232
-174
-135
-92
-34
-1
39
82
110
150
185
217
251
279
304
320
346
383
414
427
463
475
467
463
477
488
495
492
503
518
500
494
501
498
479
472
456
445
435
426
416
392
357
339
329
300
268
235
205
178
146
115
79
45
14
-7
-30
-71
-91
-106
-129
-147
-180
-203
-246
-294
-305
-319
-332
-350
-368
-388
-411
-419
-409
-405
-411
-421
-416
-410
-392
-372
-377
-358
-348
-329
-325
-307
-289
-281
-251
-226
-199
-167
-145
-128
-83
-59
-22
-5
20
48
68
111
143
182
203
228
262
294
321
351
355
363
374
406
418
424
424
418
432
430
449
455
454
441
431
431
423
437
424
405
385
378
362
334
300
278
253
224
198
182
153
119
97
67
44
8
-25
-50
-63
-80
-111
-133
-161
-182
-202
-232
-256
-288
-322
-352
-362
-375
-379
-387
-421
-434
-437
-452
-462
-470
-472
-469
-458
-455
-440
-424
-421
-417
-414
-398
-385
-359
-336
-316
-312
-296
-269
-244
-225
-198
-175
-171
-149
-122
-89
-63
-45
-16
17
28
52
90
113
141
167
185
204
226
234
244
257
257
274
298
314
335
359
359
358
357
366
371
365
368
361
352
346
345
339
306
278
271
260
242
224
213
199
175
153
120
108
82
43
25
-4
-14
-32
-54
-74
-90
-107
-140
-153
-173
-184
-195
-210
-220
-246
-279
-287
-301
-307
-300
-296
-297
-306
-303
-310
-303
-296
-285
-257
-246
-233
-216
-201
-162
-157
-152
-147
-140
-122
-115
-112
-91
-90
-83
-71
-46
-18
-8
3
23
39
49
82
97
110
127
139
131
134
139
154
174
185
187
177
180
188
199
210
217
207
205
211
221
240
225
214
209
189
179
174
150
139
119
93
105
100
77
67
60
45
35
27
22
-1
-15
-26
-29
-39
-66
-85
-107
-122
-140
-141
-140
-150
-168
-180
-209
-216
-231
-256
-253
-268
-267
-261
-265
-250
-233
-228
-210
-199
-184
-172
-149
-137
-137
-122
-116
-92
-68
-53
-31
-28
-7
17
29
52
67
80
87
98
106
114
131
138
153
181
190
205
218
239
251
248
261
280
285
287
293
299
282
275
271
263
262
247
237
230
242
227
234
237
216
201
202
204
204
176
157
159
128
99
88
58
25
-11
-8
-30
-63
-81
-97
-119
-126
-130
-146
-175
-196
-198
-196
-192
-221
-224
-232
-243
-258
-273
-266
-253
-261
-238
-223
-228
-223
-221
-211
-202
-201
-190
-175
-166
-163
-145
-128
-112
-98
-74
-45
-26
-13
-9
4
17
24
47
51
69
61
69
84
71
89
91
95
95
98
96
94
87
90
93
106
102
87
96
106
97
89
81
66
57
48
45
33
24
13
17
23
21
16
15
4
3
4
-10
-11
-31
-59
-71
-77
-103
-115
-124
-131
-140
-154
-144
-155
-165
-174
-186
-184
-191
-198
-198
-195
-176
-176
-182
-176
-191
-196
-186
-178
-174
-173
-157
-141
-128
-122
-112
-97
-85
-74
-67
-59
-48
-43
-24
-2
1
17
22
49
75
67
64
79
97
104
114
111
118
116
122
131
139
133
127
122
128
144
139
136
133
129
137
116
125
131
109
116
102
97
99
85
90
85
70
81
72
68
61
54
47
41
37
16
5
-7
-18
-26
-36
-42
-56
-79
-95
-122
-146
-156
-163
-193
-203
-201
-211
-212
-225
-220
-222
-245
-254
-244
-251
-263
-255
-245
-237
-233
-231
-222
-219
-204
-197
-180
-153
-133
-108
-90
-71
-59
-57
-31
-1
22
45
54
64
57
66
84
87
103
117
109
123
138
134
150
147
144
149
160
169
160
150
145
149
143
145
148
141
126
121
125
116
111
118
106
99
92
77
69
70
72
63
53
50
43
47
45
20
21
12
-1
-3
-3
6
3
-3
-7
-5
-13
-22
-25
-18
-24
-54
-72
-75
-96
-107
-105
-127
-138
-150
-154
-148
-150
-156
-156
-143
-145
-139
-133
-114
-104
-108
-94
-94
-92
-83
-73
-68
-50
-34
-23
4
24
31
48
67
83
102
103
110
117
114
115
114
111
105
115
124
148
163
157
158
165
186
181
193
188
175
176
169
179
178
163
158
151
132
122
127
125
124
122
121
131
123
115
113
107
90
86
83
65
55
26
-4
-9
-10
-23
-33
-47
-59
-74
-86
-83
-86
-104
-124
-138
-149
-161
-172
-193
-200
-213
-227
-230
-241
-249
-254
-244
-239
-235
-230
-237
-213
-206
-202
-189
-176
-164
-170
-162
-163
-158
-153
-134
-121
-123
-112
-88
-77
-55
-39
-34
-17
-16
-1
27
26
28
39
46
71
87
90
106
112
121
130
134
139
145
149
153
164
154
147
145
148
156
153
162
162
151
151
150
146
133
124
127
107
113
114
99
99
73
82
61
53
32
11
13
-12
-25
-41
-42
-65
-82
-78
-94
-103
-110
-121
-127
-132
-147
-148
-150
-164
-163
-176
-167
-182
-200
-207
-219
-203
-191
-193
-183
-174
-173
-170
-167
-157
-150
-129
-126
-116
-107
-97
-79
-68
-53
-35
-18
-1
2
10
21
29
54
57
60
76
78
83
83
83
92
93
83
91
87
87
95
87
88
92
99
95
88
89
78
79
76
61
66
68
57
49
55
40
37
40
38
26
27
1
5
-8
-10
14
1
9
-11
-3
-1
-17
-20
-33
-26
-23
-29
-39
-46
-51
-52
-39
-39
-48
-45
-39
-44
-46
-40
-56
-63
-51
-58
-51
-39
-29
-23
-13
-15
-8
0
25
32
27
37
51
51
62
83
68
81
79
80
87
90
107
116
126
127
144
155
160
165
174
178
185
182
188
196
180
185
168
171
165
156
156
160
159
143
132
129
129
103
98
92
78
80
68
58
44
33
25
27
8
4
-12
-26
-25
-33
-34
-46
-65
-72
-80
-83
-88
-93
-84
-86
-94
-116
-114
-113
-137
-143
-142
-147
-151
-150
-145
-144
-148
-151
-152
-150
-160
-165
-161
-163
-164
-162
-168
-153
-140
-143
-127
-123
-117
-107
-96
-80
-61
-49
-34
-23
-6
19
23
33
50
62
56
65
73
87
95
102
112
126
133
131
141
129
112
113
114
115
124
113
122
109
97
96
88
93
87
86
83
76
61
34
38
49
37
25
23
15
4
4
-2
9
8
7
-1
-9
-13
-12
-12
-37
-44
-61
-75
-79
-78
-81
-94
-100
-110
-123
-129
-134
-138
-137
-135
-138
-132
-148
-144
-157
-160
-148
-142
-144
-139
-128
-124
-115
-107
-103
-93
-73
-64
-54
-38
-21
-21
-2
-1
18
13
27
34
35
50
54
73
89
105
106
103
107
102
91
108
107
118
133
136
146
132
131
133
128
121
111
98
97
92
84
85
81
73
69
58
46
42
29
19
18
3
-7
-8
-19
-20
-32
-33
-53
-67
-74
-99
-109
-123
-131
-134
-139
-135
-141
-156
-147
-148
-154
-161
-164
-174
-172
-169
-174
-168
-165
-153
-145
-147
-157
-153
-143
-141
-128
-114
-96
-76
-52
-45
-29
-14
0
16
23
46
60
69
80
90
86
103
102
105
130
142
146
165
200
211
199
203
197
216
235
213
233
226
214
222
200
201
202
197
190
177
163
149
142
124
108
104
87
82
80
62
58
32
9
-14
-40
-49
-61
-74
-82
-98
-116
-127
-128
-141
-159
-167
-173
-177
-200
-201
-214
-213
-226
-247
-249
-245
-246
-243
-228
-227
-226
-222
-221
-208
-202
-217
-208
-199
-206
-201
-183
-170
-159
-162
-148
-121
-122
-103
-83
-57
-36
-29
-14
-4
6
14
30
54
67
62
74
81
92
99
106
129
135
142
141
156
160
161
166
174
178
166
164
171
160
165
164
155
149
135
120
100
89
70
59
39
19
6
-4
-4
-12
-27
-43
-62
-81
-93
-101
-124
-137
-162
-171
-174
-193
-206
-211
-212
-225
-244
-246
-252
-263
-253
-238
-236
-232
-243
-242
-239
-246
-249
-242
-232
-238
-235
-228
-208
-174
-165
-150
-123
-109
-104
-105
-85
-79
-71
-55
-46
-40
-25
-12
4
31
42
54
68
89
103
107
128
130
156
172
182
201
210
208
202
211
210
211
224
229
234
223
221
237
214
213
221
208
199
190
193
188
169
159
151
148
145
136
119
114
100
76
75
63
48
39
26
15
-7
-19
-29
-54
-64
-75
-83
-107
-139
-137
-153
-169
-176
-174
-178
-177
-182
-178
-183
-204
-207
-214
-217
-217
-230
-213
-196
-203
-191
-178
-162
-157
-140
-130
-127
-126
-122
-119
-98
-72
-74
-82
-67
-40
-45
-35
-23
-30
-15
-8
-2
12
29
48
45
59
81
91
106
114
120
139
152
158
167
156
158
162
151
169
170
159
163
174
169
164
160
153
143
132
133
112
93
79
79
68
58
49
40
28
21
13
4
6
-2
-8
-15
-30
-24
-38
-58
-68
-78
-86
-98
-88
-92
-101
-105
-104
-105
-115
-129
-142
-142
-156
-182
-180
-163
-176
-178
-173
-179
-192
-188
-167
-185
-174
-165
-166
-134
-125
-113
-89
-84
-81
-76
-51
-20
-16
3
19
23
34
58
75
92
107
127
137
143
170
184
197
206
203
215
216
215
229
220
231
233
228
231
224
227
217
215
221
237
240
228
218
214
203
189
175
158
161
136
122
118
102
82
69
47
35
27
8
3
5
-7
-9
-31
-54
-60
-75
-87
-99
-101
-120
-122
-133
-158
-147
-165
-182
-178
-180
-186
-206
-215
-218
-226
-228
-237
-223
-237
-245
-233
-229
-237
-235
-229
-223
-230
-219
-203
-198
-191
-154
-129
-117
-95
-67
-42
-27
-13
7
27
43
61
75
97
112
131
163
157
168
181
186
197
213
230
223
225
230
238
246
253
264
264
260
238
252
257
257
268
250
260
242
215
213
190
156
131
109
97
92
86
79
75
72
70
57
40
28
7
-27
-44
-66
-82
-89
-96
-87
-89
-83
-82
-71
-80
-88
-99
-118
-110
-108
-110
-112
-121
-122
-121
-124
-126
-120
-121
-111
-106
-102
-102
-99
-97
-87
-69
-56
-43
-36
-17
-8
-4
22
19
19
26
26
41
65
77
98
109
103
113
129
131
135
125
128
153
149
154
168
163
170
174
179
191
172
188
196
178
155
157
163
154
161
153
153
151
153
158
149
144
130
111
110
85
66
47
34
40
20
1
-12
-33
-36
-54
-65
-65
-84
-73
-71
-68
-83
-85
-83
-91
-98
-106
-125
-135
-122
-139
-147
-147
-158
-149
-148
-148
-126
-143
-129
-117
-123
-119
-122
-113
-109
-114
-102
-94
-84
-71
-43
-26
-13
-8
8
16
18
27
42
44
42
59
62
87
92
97
101
106
104
104
130
131
135
147
153
163
170
161
174
162
150
153
142
139
138
138
127
128
115
123
131
113
114
111
98
87
91
90
80
75
68
57
63
63
49
35
26
28
16
3
10
18
17
24
10
9
7
2
0
-5
-9
-18
-20
-27
-47
-52
-66
-63
-55
-62
-51
-70
-80
-72
-82
-82
-92
-83
-85
-82
-93
-98
-97
-114
-102
-100
-102
-101
-85
-80
-78
-66
-62
-59
-54
-45
-40
-39
-26
-17
-16
-6
9
15
31
40
33
50
50
59
70
70
83
100
99
113
107
101
108
86
102
102
94
84
84
79
76
73
75
85
81
82
89
93
87
85
71
69
62
45
42
31
22
3
12
17
11
13
3
-13
-24
-26
-28
-32
-42
-41
-60
-58
-54
-51
-59
-67
-68
-77
-79
-78
-84
-104
-108
-103
-118
-110
-103
-108
-99
-99
-93
-77
-78
-87
-84
-73
-86
-86
-74
-63
-56
-61
-37
-23
-11
1
19
36
49
51
62
80
95
102
119
131
138
151
162
194
185
187
187
176
185
185
204
214
218
205
202
193
186
201
192
193
190
177
158
148
136
129
113
101
96
82
76
67
58
55
42
36
36
29
45
25
5
2
-8
-26
-41
-59
-84
-94
-113
-114
-120
-135
-136
-139
-139
-126
-134
-143
-150
-157
-163
-175
-174
-174
-172
-175
-160
-141
-142
-128
-110
-110
-93
-79
-64
-60
-53
-27
-22
-2
0
12
20
25
36
42
48
59
65
65
66
76
87
79
89
87
88
105
100
104
121
121
126
130
141
144
146
164
152
153
155
159
156
142
118
116
107
97
87
91
80
77
66
58
48
32
25
9
22
24
13
2
-2
-33
-37
-42
-69
-68
-52
-65
-75
-87
-79
-95
-112
-111
-117
-113
-110
-91
-90
-85
-80
-84
-91
-95
-87
-82
-79
-83
-80
-92
-96
-79
-71
-58
-50
-49
-48
-36
-27
-29
-23
-8
14
23
23
39
47
53
60
63
62
50
61
70
82
91
94
107
102
99
112
114
112
113
101
89
76
78
80
69
71
71
59
51
47
37
44
30
10
6
-2
-13
-16
-29
-26
-42
-60
-60
-78
-71
-75
-85
-102
-95
-98
-107
-103
-119
-122
-121
-141
-127
-142
-148
-138
-134
-133
-129
-124
-127
-127
-146
-140
-157
-159
-155
-154
-167
-165
-163
-171
-158
-156
-156
-148
-140
-128
-136
-148
-147
-133
-131
-127
-106
-105
-92
-89
-76
-60
-46
-38
-33
-16
5
11
11
24
34
55
61
72
82
91
99
96
91
95
101
103
112
114
123
127
123
129
136
142
147
149
150
141
127
137
137
130
117
113
110
109
109
105
106
108
108
100
77
69
66
52
45
30
19
-2
-16
-13
-32
-56
-58
-69
-72
-82
-87
-102
-107
-129
-147
-151
-164
-162
-177
-187
-196
-191
-201
-194
-215
-221
-209
-207
-213
-206
-194
-195
-193
-190
-171
-171
-166
-168
-155
-148
-131
-121
-112
-107
-105
-76
-79
-73
-53
-40
-27
-18
-20
2
1
2
15
14
10
25
30
29
30
25
37
39
51
56
76
78
83
87
90
77
65
66
63
64
76
78
68
89
87
75
46
34
32
7
-3
1
-11
-16
-14
-11
-10
-21
-23
-36
-37
-44
-52
-41
-41
-37
-40
-55
-58
-57
-48
-44
-42
-41
-46
-30
-39
-38
-38
-35
-38
-45
-40
-42
-58
-58
-65
-55
-54
-71
-59
-66
-63
-54
-49
-32
-28
-20
-8
0
18
13
25
33
31
34
39
39
51
46
58
76
74
93
86
91
100
95
91
102
107
110
113
104
104
105
109
108
103
97
93
81
68
64
48
39
29
22
8
13
13
18
19
-5
-7
-9
-25
-41
-47
-51
-34
-40
-43
-37
-62
-76
-75
-74
-82
-103
-118
-113
-119
-132
-128
-126
-125
-132
-128
-133
-137
-126
-128
-120
-123
-115
-98
-100
-107
-120
-124
-110
-92
-92
-80
-70
-61
-56
-50
-32
-35
-39
-29
-11
-7
-11
-2
-8
2
-1
5
15
11
27
20
21
49
54
66
66
44
43
61
59
69
70
58
64
68
67
61
69
72
84
74
75
86
84
86
81
71
82
76
70
59
52
43
42
41
33
31
20
19
18
18
7
11
12
10
-4
-11
-17
-18
-16
-26
-27
-27
-35
-42
-46
-40
-46
-43
-32
-23
-32
-33
-33
-31
-38
-59
-75
-76
-63
-59
-50
-45
-51
-53
-49
-48
-50
-49
-30
-23
-16
-14
0
-9
-15
-5
-1
7
5
4
2
5
11
-5
4
18
18
21
24
29
34
27
24
25
16
15
21
15
17
39
35
48
55
46
43
22
12
18
15
20
22
12
16
17
16
16
16
17
13
21
24
26
23
26
23
18
24
10
1
-5
-3
-22
-29
-21
-28
-33
-45
-31
-29
-35
-29
-25
-8
-14
-8
-1
2
-9
-21
-16
-16
-19
-29
-32
-34
-30
-38
-20
-22
-28
-37
-50
-43
-57
-54
-56
-65
-65
-59
-62
-57
-48
-49
-36
-35
-32
-27
-12
-11
-10
4
12
24
37
50
63
83
82
90
101
95
121
115
127
138
149
166
