7
1
-6
-10
-2
-10
-16
-21
-25
-30
-29
-32
-28
-22
-33
-29
-23
-27
-43
-37
-41
-34
-47
-51
-44
-58
-61
-64
-76
-68
-59
-52
-54
-59
-60
-71
-72
-89
-87
-94
-113
-125
-119
-114
-122
-132
-130
-121
-140
-146
-132
-135
-130
-116
-110
-111
-112
-113
-117
-127
-134
-129
-118
-110
-102
-101
-107
-108
-90
-79
-81
-77
-72
-70
-64
-64
-74
-70
-66
-65
-58
-60
-62
-71
-62
-57
-58
-60
-58
-63
-66
-39
-34
-24
-14
2
15
9
1
4
11
7
3
5
-4
0
1
0
2
-11
2
4
-9
5
23
37
35
25
19
17
10
12
8
13
11
12
23
11
4
2
10
15
8
12
14
19
15
17
26
19
22
27
32
30
33
33
32
25
6
5
8
11
10
12
25
16
8
24
24
11
12
10
4
-11
-23
-28
-38
-49
-51
-52
-38
-28
-13
-7
-4
13
7
12
1
14
16
12
11
9
15
0
8
11
9
20
29
27
13
12
6
18
15
13
17
21
18
15
22
32
36
44
44
40
51
39
34
39
43
46
54
59
54
44
53
53
57
51
43
43
46
43
35
24
4
3
15
13
13
11
12
24
16
21
30
26
28
12
13
9
-2
3
12
27
8
23
32
22
9
14
20
13
1
-4
1
-10
-12
-5
10
22
21
36
52
61
66
73
80
84
86
96
77
69
80
92
89
86
96
104
122
98
101
122
117
105
100
88
95
80
80
75
65
61
57
61
60
57
54
47
44
50
48
52
53
42
45
29
19
23
26
12
-1
-12
-18
-33
-32
-33
-40
-38
-43
-46
-51
-55
-53
-39
-37
-25
-18
-23
-10
-12
-22
-27
-34
-28
-36
-52
-48
-33
-36
-34
-21
-22
-29
-36
-23
-26
-30
-41
-49
-48
-69
-58
-46
-33
-47
-38
-24
-25
-24
-30
-32
-34
-33
-51
-44
-40
-50
-47
-43
-49
-53
-47
-37
-25
-29
-32
-25
-22
-31
-20
-33
-36
-43
-38
-27
-24
-8
-7
-5
-6
6
11
22
19
24
27
33
33
29
30
37
52
59
57
66
70
60
57
48
38
27
32
34
23
37
48
39
44
54
57
49
41
40
36
33
34
31
27
26
31
29
25
19
25
28
35
37
39
25
17
13
11
12
5
15
11
13
23
18
22
24
23
32
20
33
39
35
43
50
54
59
69
87
88
76
72
79
79
81
72
70
62
59
56
47
51
46
52
63
59
64
73
75
70
56
53
51
41
38
41
29
19
21
25
39
37
33
38
25
22
19
12
9
-7
-9
-12
-24
-28
-32
-24
-8
-12
-3
9
14
19
4
16
23
18
17
17
7
8
21
23
23
23
20
17
22
11
13
11
20
19
30
38
47
57
61
72
68
86
101
87
100
90
95
105
88
91
100
96
86
88
89
88
88
97
97
108
108
96
93
77
61
44
53
47
35
53
46
42
49
39
33
23
13
4
11
1
-5
-4
-13
-14
-9
-6
-21
-38
-49
-54
-67
-70
-76
-74
-79
-84
-65
-68
-64
-60
-62
-72
-82
-71
-55
-63
-55
-59
-58
-55
-66
-66
-65
-73
-72
-66
-71
-54
-34
-38
-35
-23
-24
-32
-32
-40
-41
-38
-47
-41
-31
-29
-34
-24
-27
-29
-29
-35
-34
-44
-46
-48
-54
-57
-56
-50
-55
-64
-72
-74
-67
-60
-63
-61
-63
-61
-59
-58
-56
-47
-29
-17
-3
9
11
18
19
25
34
34
29
39
43
44
55
50
54
56
51
54
57
55
74
59
54
74
70
74
57
50
64
62
57
54
62
69
72
79
71
66
67
44
38
23
24
21
26
35
54
59
60
71
62
73
57
52
45
48
56
60
70
74
80
87
84
89
97
93
100
92
103
113
107
102
100
117
95
96
99
87
91
103
105
86
78
79
82
76
78
62
53
51
41
44
42
42
35
42
38
37
32
25
25
15
23
15
1
7
0
4
5
10
6
2
6
-2
-9
-9
-13
-22
-13
-5
-2
-12
-1
17
18
28
42
66
65
65
66
66
60
50
49
46
50
54
67
78
73
82
79
81
78
93
101
82
91
99
100
85
89
89
82
69
74
73
77
76
77
77
67
62
62
71
61
50
50
55
45
32
37
31
29
44
36
23
22
14
11
11
16
15
16
5
-6
-8
-7
5
12
23
33
38
46
28
33
36
34
35
24
25
19
24
29
19
24
28
27
25
29
25
20
27
21
27
29
34
39
49
49
37
46
47
34
19
19
9
-8
-9
-10
-10
-26
-22
-8
1
-18
-18
-12
-19
-28
-29
-25
-30
-27
-27
-21
-36
-44
-39
-28
-20
-4
16
7
-3
-4
1
-11
-35
-30
-24
-46
-57
-40
-36
-31
-39
-13
3
-2
-3
14
27
14
12
21
32
23
16
34
40
28
37
42
32
30
32
35
29
26
41
54
63
58
73
85
86
92
80
73
67
72
66
67
57
53
44
47
37
37
40
28
32
35
43
33
22
24
20
30
16
6
8
2
10
7
10
14
17
24
20
-2
3
13
20
3
3
18
19
25
40
52
62
67
73
82
78
66
64
71
57
60
67
77
80
87
110
115
106
108
104
99
93
98
110
103
81
88
100
90
86
88
94
81
80
94
97
83
72
80
82
73
75
76
68
57
68
66
52
51
54
52
59
72
81
79
86
95
108
117
105
102
96
92
93
93
96
111
117
127
136
125
126
120
122
111
106
95
101
102
91
102
114
111
114
120
117
117
98
100
95
75
65
55
58
54
40
41
49
40
37
40
40
39
32
18
-5
-21
-23
-28
-41
-45
-38
-45
-53
-55
-60
-71
-82
-83
-74
-85
-84
-73
-72
-68
-65
-65
-59
-46
-33
-40
-38
-32
-38
-38
-45
-50
-53
-53
-51
-42
-22
-17
-17
-14
-15
-21
-19
-22
-14
-15
-16
-12
-9
-8
-32
-29
-22
-20
-22
-13
-3
-18
-18
-16
-28
-36
-58
-57
-66
-64
-69
-69
-65
-73
-54
-54
-59
-49
-43
-47
-64
-60
-50
-67
-72
-70
-65
-65
-72
-56
-42
-44
-47
-30
-24
-22
-12
1
0
2
1
8
14
29
36
43
37
31
35
27
42
42
38
28
17
16
17
17
-1
-3
5
6
32
40
39
40
34
30
24
18
7
10
18
-3
-3
2
-1
6
-6
-10
-8
-16
0
-2
-2
13
0
13
-4
-6
0
-5
-10
-13
-3
-18
-21
-20
-11
-11
-12
-20
-19
-10
-13
-24
-1
10
1
1
1
15
6
-3
17
7
0
-1
-1
8
-4
5
10
17
19
30
41
33
34
26
24
8
-4
11
10
2
4
17
15
25
39
40
46
49
57
77
95
89
81
99
87
71
79
67
65
70
77
84
76
74
88
72
70
79
93
87
87
96
111
116
93
123
131
127
129
125
130
114
89
94
91
74
76
81
81
82
85
93
99
89
89
85
87
78
53
37
35
25
29
25
24
17
23
35
11
11
8
21
21
7
19
19
3
3
-10
-15
-17
-20
-21
-32
-39
-46
-52
-50
-55
-52
-49
-54
-38
-42
-39
-21
-18
-1
1
8
9
4
3
-5
-4
-25
-19
-19
-26
-18
-31
-32
-24
-6
-15
-28
-16
-23
-29
-43
-42
-33
-54
-59
-63
-73
-67
-77
-66
-67
-61
-50
-51
-45
-57
-68
-84
-92
-107
-117
-138
-134
-144
-161
-169
-190
-195
-198
-208
-204
-198
-190
-177
-190
-184
-180
-173
-170
-165
-164
-151
-157
-167
-169
-158
-168
-166
-168
-173
-179
-160
-150
-161
-141
-137
-117
-118
-108
-100
-90
-93
-86
-80
-76
-74
-73
-71
-64
-64
-67
-48
-39
-33
-30
-38
-10
-14
-12
4
9
23
23
24
26
28
28
27
21
26
16
14
5
-4
-1
-2
-21
-23
-9
-3
8
2
5
6
0
-6
-27
-18
-12
-29
-20
-31
-37
-38
-41
-24
-44
-26
-11
-25
-21
-23
-3
1
-6
7
10
21
13
21
27
7
3
-1
-1
1
0
7
13
19
29
38
48
45
44
44
49
56
46
49
37
31
29
15
22
17
33
35
14
14
16
23
26
7
16
15
24
28
12
8
9
11
-16
-10
-25
-31
-27
-46
-40
-43
-46
-41
-45
-32
-24
-29
-38
-31
-34
-43
-53
-59
-56
-65
-71
-58
-66
-62
-77
-70
-59
-77
-70
-54
-43
-47
-41
-30
-46
-45
-41
-51
-51
-67
-58
-46
-73
-74
-58
-61
-79
-63
-42
-45
-48
-46
-34
-44
-54
-30
-33
-42
-35
-42
-38
-50
-51
-39
-42
-39
-33
-1
7
0
8
19
20
16
29
44
48
50
60
56
56
46
35
32
29
28
33
27
37
47
48
61
55
67
68
51
58
59
55
46
38
26
19
14
3
-9
-17
-26
-17
-15
-31
-22
-31
-46
-53
-53
-48
-54
-53
-63
-67
-72
-78
-84
-105
-111
-114
-121
-118
-105
-95
-106
-113
-100
-101
-109
-114
-110
-115
-123
-121
-117
-114
-107
-97
-92
-96
-105
-100
-96
-91
-103
-88
-96
-97
-81
-88
-74
-89
-103
-102
-108
-106
-131
-124
-133
-134
-122
-134
-120
-119
-126
-114
-106
-107
-120
-110
-103
-116
-120
-117
-118
-124
-119
-110
-129
-126
-138
-124
-102
-130
-118
-99
-111
-110
-115
-97
-91
-99
-83
-75
-61
-72
-70
-62
-75
-86
-89
-94
-101
-88
-87
-78
-77
-73
-58
-54
-49
-25
-3
-11
2
13
6
17
9
18
32
13
16
34
32
18
22
16
14
38
34
51
55
65
78
73
64
60
75
67
51
60
57
45
49
52
45
50
42
47
54
33
71
70
58
59
64
70
43
52
56
52
48
9
30
22
8
15
6
9
4
17
2
-3
0
-3
10
-10
-17
-3
-20
-36
-31
-28
-45
-54
-64
-71
-70
-76
-66
-74
-61
-58
-63
-55
-60
-62
-60
-79
-90
-102
-94
-113
-112
-104
-136
-116
-132
-147
-146
-137
-147
-154
-139
-122
-122
-120
-119
-104
-88
-100
-99
-94
-94
-97
-83
-95
-95
-81
-78
-77
-68
-54
-38
-48
-55
-35
-34
-34
-31
-23
-33
-28
-29
-26
-25
-41
-40
-41
-46
-30
-13
-7
-6
2
18
26
21
7
22
34
14
21
28
19
11
8
-10
-16
-23
-4
13
10
13
9
8
12
24
28
44
42
59
81
86
88
89
79
70
81
79
94
98
106
118
104
115
138
124
118
140
141
137
138
140
138
127
104
111
118
122
129
150
134
123
129
126
137
122
126
145
132
117
119
123
117
118
104
84
79
83
87
80
73
61
56
60
50
65
55
49
71
60
60
79
57
48
41
23
12
17
5
0
5
-2
-15
-37
-31
-35
-50
-47
-51
-57
-59
-54
-56
-86
-86
-87
-78
-64
-59
-34
-46
-42
-34
-47
-33
-40
-34
-31
-25
-15
-14
15
3
-2
11
-8
1
-22
-8
14
-4
1
-12
-4
-6
-10
0
-5
-19
-19
-2
9
0
6
17
16
36
54
60
76
61
67
66
54
37
32
42
35
28
28
17
12
-5
-1
-3
-34
-19
-22
-30
-35
-38
-18
-25
-30
-37
-28
-35
-38
-24
-15
-11
11
43
40
25
40
59
83
110
115
125
118
113
115
134
136
133
139
158
168
162
172
167
155
159
153
154
123
127
124
103
107
81
84
84
85
80
60
61
38
34
45
23
30
28
36
41
35
46
52
67
57
85
92
85
108
91
102
94
93
99
77
98
94
89
85
74
79
70
71
82
75
56
48
40
24
6
2
-14
-38
-28
-39
-51
-55
-85
-89
-98
-112
-110
-113
-145
-149
-141
-153
-156
-144
-140
-140
-143
-148
-146
-140
-149
-153
-124
-126
-113
-98
-83
-65
-64
-52
-48
-28
-12
-6
8
4
19
26
37
56
63
72
74
93
94
93
91
87
105
109
101
111
112
105
93
88
87
69
64
46
49
48
44
56
46
51
54
40
43
34
23
25
2
-3
-23
-29
-32
-53
-52
-66
-69
-62
-70
-71
-96
-110
-114
-109
-104
-111
-112
-109
-120
-114
-131
-114
-113
-138
-128
-122
-123
-129
-109
-99
-108
-108
-96
-93
-86
-70
-59
-31
-4
12
24
40
44
72
78
97
121
136
165
166
197
221
236
271
291
315
324
341
372
376
396
394
424
455
450
481
492
500
507
490
481
474
460
447
438
445
434
431
415
384
373
359
336
320
295
295
275
260
247
234
206
168
152
108
106
97
87
67
61
9
-56
-106
-173
-197
-239
-292
-315
-348
-405
-431
-456
-537
-623
-670
-706
-721
-751
-766
-759
-813
-863
-873
-880
-898
-892
-855
-816
-760
-685
-614
-560
-520
-451
-391
-303
-221
-130
-33
42
126
177
191
235
283
293
436
447
463
620
625
655
736
717
717
763
774
849
904
873
944
967
936
982
972
934
962
927
909
948
918
884
820
763
689
567
514
433
360
303
214
175
78
-37
-104
-209
-334
-430
-500
-581
-611
-660
-774
-788
-871
-990
-994
-1054
-1090
-1092
-1116
-1104
-1111
-1100
-1113
-1109
-1127
-1132
-1087
-1074
-1002
-916
-884
-811
-747
-700
-660
-619
-550
-489
-417
-343
-254
-152
-115
-62
-5
22
48
74
120
164
187
220
248
250
284
238
257
258
258
275
267
334
257
251
249
268
301
316
338
341
360
392
418
409
461
465
479
530
581
592
646
674
659
698
699
732
774
798
838
858
840
878
873
805
805
813
775
774
806
753
688
625
546
466
391
290
221
156
89
37
-25
-113
-230
-347
-446
-514
-603
-670
-698
-737
-810
-866
-910
-978
-1042
-1082
-1126
-1140
-1127
-1109
-1068
-1025
-987
-966
-964
-906
-838
-780
-704
-613
-507
-432
-350
-269
-213
-166
-123
-59
12
60
121
174
200
264
262
261
319
311
291
366
269
265
321
257
300
306
236
244
217
168
233
223
224
285
293
309
294
373
372
322
326
403
362
479
561
381
555
478
428
586
600
582
686
704
726
812
757
797
826
777
787
818
767
783
779
764
726
679
616
521
475
426
325
225
186
69
-5
-25
-123
-225
-311
-423
-520
-620
-676
-758
-826
-892
-968
-1006
-1085
-1126
-1153
-1212
-1258
-1264
-1247
-1267
-1244
-1213
-1207
-1192
-1168
-1122
-1072
-1025
-970
-902
-852
-786
-724
-627
-583
-556
-504
-469
-443
-419
-363
-307
-271
-254
-221
-212
-154
-139
-91
-162
-110
-122
-120
-4
-72
-2
-40
63
-6
87
170
162
309
326
305
331
500
379
470
627
427
711
732
552
897
808
666
890
964
794
1035
1105
958
1213
1186
1135
1277
1261
1186
1272
1253
1098
1141
1150
1003
1096
1053
839
840
750
549
505
438
253
197
90
-73
-115
-238
-406
-504
-636
-792
-910
-1005
-1088
-1174
-1265
-1338
-1415
-1508
-1576
-1648
-1718
-1760
-1793
-1781
-1736
-1718
-1687
-1639
-1599
-1559
-1495
-1417
-1338
-1224
-1116
-1018
-854
-721
-611
-515
-435
-395
-330
-224
-121
32
126
191
209
321
240
275
337
346
403
365
478
527
505
518
562
501
543
524
499
741
547
507
787
578
510
737
628
464
889
495
645
908
445
803
765
529
734
785
537
807
917
700
919
913
804
852
887
879
854
895
836
809
807
746
726
707
631
525
561
425
360
405
212
132
112
-66
-121
-157
-300
-382
-479
-574
-701
-779
-869
-950
-996
-1088
-1124
-1176
-1217
-1274
-1356
-1372
-1407
-1436
-1416
-1382
-1337
-1322
-1276
-1219
-1190
-1115
-1040
-955
-862
-807
-693
-563
-480
-416
-356
-311
-356
-264
-94
-179
-56
74
-60
80
25
53
108
60
216
155
262
277
258
366
167
463
209
336
377
368
226
620
312
185
810
-41
656
519
137
837
319
464
839
331
574
725
411
581
849
408
815
915
584
1001
776
826
928
876
888
1058
983
1022
1068
952
950
843
853
737
721
740
582
533
525
238
249
157
-76
-84
-170
-332
-402
-447
-610
-705
-820
-997
-1093
-1220
-1300
-1327
-1458
-1468
-1532
-1612
-1597
-1684
-1704
-1709
-1746
-1672
-1585
-1530
-1405
-1336
-1244
-1166
-1095
-1000
-889
-778
-635
-538
-426
-350
-299
-225
-116
57
-85
18
140
-23
151
266
123
244
324
191
350
312
194
330
306
286
313
515
238
324
456
-59
381
239
109
474
-42
536
75
247
550
6
420
324
256
351
757
94
648
802
125
810
723
479
840
942
723
1148
1064
888
1334
1143
1042
1416
1295
1242
1382
1365
1142
1218
1287
1056
1174
1125
967
916
873
723
637
522
426
233
157
41
-113
-161
-323
-428
-603
-720
-830
-949
-1027
-1109
-1183
-1253
-1341
-1379
-1414
-1507
-1518
-1507
-1496
-1426
-1328
-1211
-1144
-1040
-941
-874
-757
-658
-553
-457
-350
-310
-260
-134
128
-12
102
161
70
190
107
393
275
302
405
510
327
383
562
37
531
222
417
484
339
412
352
245
-127
552
-202
-21
578
-138
-154
655
-204
-101
505
-348
-14
381
-172
209
233
45
180
314
-100
500
389
76
752
568
320
950
697
733
971
749
1098
1081
894
1377
1181
1015
1289
1234
924
1295
1132
952
1193
965
827
895
655
562
489
356
195
146
41
-117
-248
-349
-607
-700
-820
-1056
-1092
-1130
-1308
-1324
-1350
-1507
-1552
-1570
-1659
-1677
-1666
-1599
-1551
-1407
-1346
-1198
-1142
-1020
-952
-855
-761
-726
-662
-528
-613
-279
-109
-371
-5
-45
-181
-148
111
-106
96
-17
280
229
-90
524
-105
50
414
-30
127
321
206
-113
338
204
-398
562
-281
-57
360
-115
-323
636
-232
-442
958
-656
-54
779
-626
118
796
-480
217
844
-259
446
812
33
721
855
222
1048
822
594
1190
1002
794
1363
1015
1102
1326
1152
1184
1260
1209
1114
1122
1029
1051
940
991
900
743
705
547
487
379
275
174
84
-118
-91
-303
-499
-521
-792
-942
-986
-1147
-1240
-1258
-1385
-1462
-1504
-1575
-1629
-1610
-1641
-1657
-1550
-1528
-1432
-1229
-1184
-1090
-926
-899
-798
-689
-583
-561
-409
-457
-110
-56
-246
177
-166
-143
62
73
-180
466
-90
165
452
-145
417
127
63
51
468
-135
310
409
-152
363
-4
26
140
-131
51
70
-244
195
-91
-107
85
-159
-33
-24
-70
123
42
113
332
23
437
231
340
672
278
611
1072
332
853
1112
505
1242
1159
906
1277
1447
967
1609
1534
931
1776
1314
1215
1651
1365
1182
1477
1257
1103
1337
1124
994
1061
861
666
717
574
418
419
294
58
15
-131
-260
-400
-463
-705
-817
-824
-1007
-1050
-1096
-1203
-1336
-1354
-1389
-1440
-1432
-1346
-1389
-1307
-1176
-1202
-1011
-927
-881
-812
-764
-723
-689
-603
-632
-259
-394
-525
-24
-519
-440
-154
-397
-321
-268
-318
-292
-158
-388
-136
-206
-187
-254
-47
-154
-203
-47
-275
-216
-43
-265
-170
112
-284
-321
152
-587
-152
-84
-777
244
-436
-591
493
-571
-303
189
-375
-377
240
-278
-166
791
-639
515
431
-529
921
99
188
426
529
297
713
541
638
664
436
1131
392
738
1139
514
988
1135
637
1056
980
632
1088
775
600
1205
722
665
1091
522
602
783
528
546
563
436
362
266
246
68
-90
-131
-297
-456
-454
-523
-689
-671
-820
-932
-956
-1050
-1021
-1005
-1065
-959
-916
-909
-815
-776
-828
-813
-910
-842
-1020
-776
-585
-827
-761
-519
-845
-828
-298
-980
-429
-577
-643
-345
-344
-513
-187
-437
-461
199
-624
87
164
-366
83
231
-155
187
274
-76
473
-9
216
386
-11
181
243
56
-136
439
-286
208
144
-334
480
-431
329
-119
-257
397
-170
-44
59
103
-171
332
23
160
134
-55
266
173
195
413
315
234
602
405
445
636
570
740
653
888
1007
872
1041
1190
968
1099
1236
1136
1305
1247
1195
1229
1156
1253
1191
1156
1067
1081
874
836
859
599
546
420
225
76
-16
-192
-259
-396
-552
-628
-730
-790
-840
-863
-961
-935
-943
-964
-897
-897
-1010
-1000
-1145
-1079
-846
-1020
-1028
-781
-1079
-1049
-766
-874
-871
-672
-870
-571
-540
-696
-364
-340
-599
-134
-65
-377
201
48
-169
297
146
-138
621
-25
200
569
84
154
506
-54
27
616
-389
247
97
-362
192
-199
-107
-216
128
-929
188
-79
-757
214
-342
-522
-49
-406
-177
-154
-114
-382
17
207
-492
484
149
-83
441
238
377
511
715
481
913
997
771
1022
1398
935
1264
1584
1170
1365
1705
1309
1512
1806
1280
1500
1638
1208
1382
1482
1021
1202
1151
792
895
748
504
378
259
45
-143
-198
-391
-551
-607
-849
-949
-982
-1054
-1181
-1143
-1146
-1194
-1158
-1145
-1200
-1136
-1343
-1264
-1001
-1301
-1072
-1051
-1116
-1099
-1009
-960
-1025
-731
-934
-730
-533
-876
-451
-527
-748
-133
-425
-431
70
-415
-341
125
-308
-332
124
-143
-644
330
-297
-568
216
-653
-317
-146
-831
-464
-272
-814
-702
-316
-641
-1114
-283
-567
-1066
-151
-944
-527
-327
-644
-560
-74
-553
-425
384
-529
199
291
3
357
502
503
612
861
916
1079
797
1359
1413
1142
1773
1478
1680
1877
1775
2061
2115
1910
2129
2207
1892
2182
2091
1903
2128
1933
1741
1820
1608
1447
1406
1163
1164
894
741
658
391
190
4
-230
-364
-533
-741
-799
-990
-1070
-1135
-1367
-1268
-1324
-1415
-1297
-1281
-1347
-1264
-1304
-1439
-1150
-1258
-1385
-982
-1228
-1078
-967
-951
-834
-892
-807
-718
-572
-848
-206
-611
-580
-28
-538
-327
-67
-386
-242
-256
-181
-257
23
-410
-18
-75
-833
206
-565
-377
-424
-343
-361
-1035
-22
-794
-1041
-339
-853
-986
-335
-915
-794
-268
-1227
-298
-563
-702
-293
-346
-213
-315
331
-365
21
583
-34
543
749
737
658
933
1241
883
1310
1270
1569
1438
1420
2007
1653
1520
2164
1879
1616
2376
1992
1984
2365
2022
2051
2230
1835
2060
2125
1601
1957
1865
1321
1555
1556
952
1197
1118
632
680
636
268
137
119
-169
-446
-417
-597
-834
-839
-915
-1097
-1143
-1180
-1285
-1281
-1361
-1379
-1363
-1434
-1321
-1330
-1311
-1259
-1367
-1308
-1343
-1168
-1241
-1055
-1066
-1131
-932
-1109
-1080
-780
-1021
-1121
-515
-1218
-708
-630
-1257
-431
-1027
-1102
-674
-614
-1367
-444
-687
-1319
-573
-776
-1188
-662
-823
-1113
-658
-1041
-851
-719
-1023
-678
-818
-851
-806
-704
-532
-601
-526
-245
-383
-501
87
-328
-121
334
-103
539
440
429
757
695
815
901
854
1362
1247
976
1831
1300
1077
2064
1345
1491
2024
1513
1890
1876
1781
2059
1940
1669
2128
1839
1749
2077
1852
1799
1751
1610
1518
1451
1238
1257
999
858
856
559
512
484
190
-17
-26
-311
-440
-570
-687
-830
-975
-1020
-1169
-1202
-1267
-1435
-1416
-1485
-1490
-1464
-1478
-1421
-1332
-1485
-1357
-1300
-1408
-1235
-1155
-1188
-955
-1050
-1010
-911
-825
-1033
-616
-848
-747
-541
-722
-485
-684
-315
-676
-344
-378
-527
-298
-547
-382
-315
-545
-276
-445
-84
-567
-350
-65
-714
-240
-339
-243
-341
-355
-30
-566
-321
-8
-599
96
-255
-288
194
-76
24
91
179
-121
524
153
308
743
329
698
620
833
525
1024
898
804
1198
1041
1064
1286
1145
1293
1376
1224
1466
1519
1374
1682
1666
1466
1850
1538
1582
1795
1611
1620
1697
1484
1489
1546
1157
1289
1239
768
895
967
586
682
627
347
300
98
-86
-141
-256
-450
-526
-534
-771
-812
-888
-1035
-1084
-1199
-1268
-1266
-1217
-1313
-1268
-1215
-1188
-1285
-1238
-1201
-1295
-1187
-1210
-1019
-1158
-966
-974
-1060
-956
-1054
-899
-1069
-1008
-735
-1082
-902
-684
-1116
-581
-1270
-885
-707
-1194
-887
-541
-1167
-1029
-370
-1341
-863
-323
-1445
-777
-482
-1041
-724
-431
-993
-697
-464
-1020
-342
-462
-714
-350
-374
-439
-378
20
-393
47
-26
51
149
588
222
158
781
100
570
803
913
740
1196
1158
938
1351
1184
1124
1436
1354
1453
1590
1687
1583
1600
1698
1566
1737
1507
1871
1749
1596
1881
1657
1321
1765
1388
1164
1519
1017
1007
1162
740
745
902
303
508
581
30
231
228
-239
-118
-167
-531
-425
-437
-710
-715
-672
-887
-924
-887
-932
-962
-897
-948
-914
-812
-968
-881
-843
-973
-827
-844
-843
-857
-694
-929
-1041
-586
-996
-1014
-820
-899
-996
-1168
-803
-1087
-1193
-956
-1074
-1327
-1272
-959
-1565
-1126
-1205
-1335
-1278
-1284
-1079
-1344
-1323
-1161
-1072
-1395
-1321
-754
-1281
-975
-903
-1129
-476
-1379
-243
-604
-836
-100
-485
-149
-67
-62
-165
224
265
455
692
509
864
729
774
1225
1023
1274
1433
1380
1664
1504
1724
1572
1796
1992
1813
2014
2175
1996
1977
2040
2089
1899
1973
2188
1949
1935
2023
1829
1996
1570
1753
1607
1238
1400
1440
993
1064
1043
674
758
592
470
443
237
118
89
-145
-185
-279
-440
-390
-575
-672
-676
-718
-836
-849
-923
-902
-919
-949
-935
-909
-990
-984
-1008
-992
-964
-993
-1090
-1016
-1123
-1173
-981
-1377
-1047
-1237
-1571
-1195
-1271
-1676
-1151
-1636
-1487
-1334
-1700
-1485
-1357
-2042
-1071
-1903
-1576
-1105
-1938
-1234
-1307
-1543
-1315
-1269
-1507
-911
-1327
-1084
-651
-886
-1098
-369
-827
-772
-94
-425
-424
-255
430
-528
112
594
149
-141
1430
26
684
1734
-35
1548
1606
407
1732
1925
705
1884
1987
783
2188
1925
1089
2217
1995
1313
2252
1768
1774
1877
1718
1893
1635
1904
1519
1671
1908
1370
1640
1554
1320
1152
1297
1040
1046
870
685
871
555
538
618
283
231
178
-35
-68
-133
-305
-180
-403
-484
-408
-617
-719
-663
-736
-887
-848
-854
-830
-876
-916
-869
-977
-918
-1028
-956
-1014
-956
-1126
-952
-945
-1266
-937
-1242
-1192
-1203
-1369
-1371
-1198
-1614
-1071
-1393
-1725
-894
-1753
-1444
-1124
-1573
-1585
-1123
-1605
-1457
-752
-1941
-1132
-850
-1725
-599
-674
-1682
-432
-513
-1343
44
-336
-1044
314
-233
-836
618
-404
-438
910
-70
243
1118
20
831
1249
81
1306
1372
777
1527
1681
996
1481
1965
1227
1889
1737
1718
1799
2120
1914
1807
2188
1663
1773
2312
1412
1893
2465
1254
2349
2051
1255
2086
1710
1204
1774
1608
1058
1583
1178
1016
1059
680
848
661
445
636
336
99
360
-177
-179
-219
-471
-355
-549
-730
-574
-785
-1071
-820
-979
-1198
-1100
-1144
-1303
-1222
-1156
-1360
-1281
-1177
-1421
-1156
-1505
-1162
-1439
-1407
-1390
-1219
-1482
-1498
-1209
-1652
-1403
-1472
-1456
-1667
-1147
-1907
-1000
-1518
-1634
-1071
-1621
-1592
-1298
-1125
-1826
-960
-917
-1431
-902
-693
-1538
-426
-1166
-731
-367
-833
-508
-328
-490
-790
148
-457
-389
414
-79
-58
426
69
284
320
511
556
702
711
1175
833
1199
1328
1130
1290
1377
1728
1360
1920
1354
2102
1607
1957
2284
1709
2052
2278
1844
1998
2185
1828
2083
1937
2147
2064
1768
2095
2004
1576
2060
1694
1498
1671
1295
1340
1321
795
926
1051
477
788
712
258
292
221
-183
-145
-251
-439
-480
-569
-538
-774
-866
-1005
-864
-1352
-1207
-1126
-1446
-1090
-1343
-1361
-1251
-1676
-1406
-1379
-1749
-1554
-1308
-1887
-1588
-1211
-2219
-1404
-1385
-2583
-1038
-2238
-2112
-1068
-2431
-1380
-1607
-2159
-1730
-1318
-2626
-1189
-1307
-2430
-762
-1521
-1995
-538
-1551
-1812
-146
-1969
-1109
-115
-1914
-413
-553
-1387
274
-706
-872
234
-420
-687
534
24
-180
781
33
187
673
285
576
1346
537
1570
933
1505
1222
1075
1864
1232
1747
1968
1873
2030
2086
1950
2248
1898
1925
2543
1995
2264
2560
2049
2547
1929
2470
2091
1868
2281
2037
2082
1867
2173
1303
1560
1563
978
1198
1160
965
886
808
729
352
241
246
-242
-101
-165
-433
-397
-498
-733
-736
-1107
-1144
-1050
-1382
-1473
-1167
-1312
-1461
-1316
-1445
-1497
-1788
-1668
-1693
-2016
-1360
-1566
-1949
-1115
-2106
-1850
-1687
-2426
-1337
-1868
-1994
-1161
-1848
-2307
-1056
-2114
-2204
-933
-2520
-1425
-1286
-1911
-1085
-1392
-1842
-1059
-1215
-1950
-225
-1039
-1576
-371
-688
-1353
-127
-1205
-667
-431
-819
-36
13
28
-408
47
-71
-350
653
503
-82
1439
360
439
1412
555
927
1270
1636
754
2352
1310
1403
2026
1577
1656
2091
1691
2086
2361
1772
2346
2074
2151
1741
2659
1939
1918
2452
1949
2002
2182
2056
1697
1967
1582
1462
1314
1370
1242
1198
878
868
696
441
348
288
-90
-241
-118
-539
-447
-501
-791
-1084
-955
-1296
-1544
-1324
-1581
-1400
-1524
-1611
-1438
-1669
-1799
-1518
-1789
-1996
-1312
-1929
-1516
-1497
-1698
-1810
-1595
-1967
-1876
-1507
-2293
-1394
-1658
-1714
-1472
-1723
-1688
-1594
-1905
-1248
-1928
-1736
-1216
-1780
-1296
-1187
-1741
-1059
-1149
-1904
-744
-835
-1439
-399
-891
-1159
-317
-1187
-525
-47
-1487
-302
-971
-404
-543
236
284
-425
927
427
-147
864
562
-59
1206
1026
1091
1682
1163
1022
1929
446
1643
2339
1093
2664
2771
1320
2661
2302
1487
3162
2013
2448
2764
2153
2894
2651
2176
2709
2251
2092
2442
2148
2380
2110
1927
1956
1631
1429
1667
1182
1186
1212
543
505
400
-104
142
-261
-585
-360
-841
-869
-693
-1270
-1240
-1284
-1669
-1400
-1425
-1630
-1401
-1480
-1570
-1438
-1632
-1449
-1515
-1698
-1399
-1516
-1484
-1669
-1471
-1448
-1501
-1761
-1384
-1948
-1298
-1761
-1562
-1033
-1657
-1584
-1521
-1274
-2035
-800
-1662
-1258
-705
-2037
-372
-868
-1966
86
-1924
-995
-427
-1114
-514
-773
-728
-799
-259
-704
-163
-1054
455
-851
503
492
-963
468
-51
16
360
903
4
1205
903
540
1551
719
446
2097
811
2055
1994
1955
2127
1856
2081
1461
2562
2193
2390
2474
2802
2455
2878
2833
2482
2647
2355
2543
2469
2301
2476
2256
2057
2295
1901
1638
1561
1456
1081
1199
911
554
563
144
-8
-125
-506
-578
-774
-988
-1024
-1248
-1364
-1439
-1553
-1435
-1586
-1458
-1326
-1485
-1423
-1286
-1619
-1454
-1337
-1820
-1322
-1548
-1657
-1575
-1624
-1487
-1897
-1421
-1563
-1900
-1567
-1249
-1414
-1481
-1154
-2101
-1100
-1539
-2250
-797
-1453
-2208
-385
-1391
-1158
-714
-1062
-1206
-625
-856
-887
-321
-591
-1004
-559
-276
-1236
121
-713
-468
-644
20
-352
-119
7
-98
-8
3
127
-323
989
61
578
1428
671
693
2207
557
1510
1953
1013
1946
2182
1798
2209
2633
1839
2560
2671
2700
2759
2535
2141
2398
2114
1798
2304
2206
2187
2274
2259
1759
1579
1268
1064
688
1018
743
672
677
369
-38
-490
-825
-924
-900
-1023
-816
-956
-1029
-1094
-1270
-1566
-1379
-1327
-1469
-986
-1071
-986
-1158
-1028
-1052
-1386
-1186
-1333
-1283
-1103
-870
-1321
-1211
-1298
-1415
-1194
-1057
-950
-1343
-1042
-1081
-946
-1018
-1100
-962
-1510
-642
-751
-919
-451
-746
-135
-52
-806
-469
67
-1133
-34
548
-1037
-85
-218
-526
794
-273
-541
763
-226
33
842
-281
-161
676
-19
264
858
714
1159
912
1717
1167
561
1741
1549
1581
1845
1872
1856
2318
2191
2573
2536
1461
2002
1925
1024
1937
2067
1506
2033
1594
1202
996
694
517
412
208
248
-5
-39
-8
-560
-1092
-1321
-1565
-1579
-1430
-1437
-1243
-1524
-1713
-1712
-1869
-1643
-1253
-1372
-970
-1004
-1330
-1063
-1016
-850
-884
-740
-599
-324
-93
-280
-548
-868
-790
-895
-428
131
-106
83
-385
-789
-737
-868
-692
-277
199
-239
-288
-150
-649
-130
-930
-302
149
-568
475
334
-319
18
-55
-439
905
752
533
1370
997
43
1204
685
171
2051
1001
1249
1898
914
933
1765
1507
1881
2205
2221
1891
2030
2555
2247
2684
2625
2529
2158
1912
1299
1343
1295
1055
1174
1660
848
396
168
-590
-794
-1090
-1168
-1311
-1334
-1685
-2374
-2751
-3059
-3736
-3730
-3571
-3568
-3550
-3526
-3799
-3921
-3992
-4032
-3567
-2927
-2769
-2349
-2406
-2386
-1854
-1903
-1534
-989
-692
-422
-133
148
139
32
144
353
752
1006
1257
1335
1010
1005
897
368
1405
1248
1307
1497
923
826
750
1076
806
1111
1268
1243
1103
1260
1172
673
829
959
1568
1724
1288
2273
1379
1345
1775
2003
1632
2345
3243
2161
2693
3635
2381
2481
3340
2675
3563
3718
3614
3905
3927
2993
2923
2230
1900
2449
2120
2087
2252
1633
366
147
-488
-751
-1092
-903
-1309
-1932
-2427
-3235
-4056
-4085
-4329
-4768
-4527
-4798
-5002
-5556
-5867
-6053
-5837
-5642
-5378
-4917
-4795
-4806
-5101
-4903
-4299
-3921
-3001
-2624
-2387
-2193
-2342
-2123
-1475
-1053
-657
-262
84
276
319
431
510
620
761
1155
1367
1943
1741
1480
1520
1296
1568
2076
2320
2402
2596
2036
2019
2031
2180
2621
2728
2851
3020
2725
2340
2936
3001
3443
3505
3417
3657
3815
3962
3722
4559
3994
3778
5084
5430
4787
5321
5042
4127
5228
4957
5067
4668
3788
3400
3004
3076
3472
3316
2446
1741
1105
138
-123
-20
-535
-1274
-1934
-2324
-3209
-3659
-3816
-4853
-5198
-5330
-5776
-5743
-5741
-6217
-6588
-6895
-6718
-6360
-6249
-5797
-5626
-6047
-5857
-5613
-5203
-4575
-4418
-4124
-3843
-3871
-3374
-2974
-2758
-2480
-2102
-2078
-1564
-1270
-1176
-1060
-1272
-1088
-1014
-664
-228
-153
-55
-265
-373
15
269
549
724
766
687
677
848
1184
1417
1574
1701
2096
2016
2320
2813
3343
3415
3724
4511
4383
5114
5034
5831
5873
6046
6637
6600
6703
7225
7421
7060
7303
6811
5832
5720
5582
6050
6134
5326
4959
4175
3066
2663
2390
1810
1486
838
-244
-717
-1256
-2108
-2924
-3276
-3556
-4191
-4525
-4779
-5128
-5724
-6103
-6074
-5786
-5550
-5591
-5540
-5738
-5518
-5384
-5198
-4358
-3991
-3984
-3799
-3653
-3254
-3075
-2675
-2349
-2164
-2317
-2203
-1946
-1760
-1337
-1309
-1479
-1621
-1570
-1524
-1290
-1164
-1249
-1427
-1536
-1481
-1263
-1039
-1087
-1166
-1218
-1169
-1163
-744
-615
-371
-67
-172
370
1050
1097
1384
1731
1829
2395
3079
4020
4528
4831
5130
5189
5238
5995
6182
6591
6964
6787
5926
5310
5491
6243
6599
5931
5767
4557
3819
3524
3231
3093
2728
1734
989
520
39
-607
-1752
-2220
-2638
-3196
-3258
-3466
-3776
-4479
-5298
-5585
-5094
-4738
-4526
-4474
-5147
-4828
-5118
-4463
-3548
-3065
-3067
-3390
-3177
-2641
-2071
-1467
-1069
-1294
-1362
-1124
-587
-216
103
-119
-476
-765
-219
296
277
218
-274
-615
-510
-282
85
55
-538
-828
-1041
-830
-512
-299
-640
-647
-819
-413
-6
387
497
591
608
973
1817
2181
2733
3120
3497
3868
4072
4489
4231
4780
5396
4753
4564
4098
4431
5092
4839
4746
4259
3319
2552
2620
2447
2278
1641
515
-1
-481
-908
-1458
-2275
-2597
-3462
-4141
-4097
-4123
-4498
-5094
-5651
-5930
-5333
-5377
-4800
-5065
-5264
-5196
-5439
-4386
-3538
-3216
-3240
-3224
-2975
-2350
-1821
-1144
-691
-867
-767
-237
190
811
830
1025
873
664
1443
1525
1806
1698
1453
1105
1147
1418
1471
1377
972
861
656
596
834
827
565
673
585
1064
1260
1256
1478
1215
1671
2143
2667
3154
3372
3785
3685
4307
4315
4551
4768
4910
4507
3666
4062
4482
4993
4686
4058
3412
2749
2308
2264
2124
1666
697
-193
-759
-971
-1546
-2378
-2890
-3528
-3882
-4599
-4830
-4908
-5640
-5941
-6320
-5822
-5485
-5705
-5665
-6420
-6033
-5856
-5129
-4400
-4017
-4217
-4630
-4147
-3365
-2424
-2096
-1894
-1961
-2126
-1512
-732
-185
69
3
75
-145
308
847
1032
934
836
858
946
1092
1153
1040
763
461
708
773
951
948
610
599
741
1370
1579
1986
1781
1835
2002
2550
3567
3846
4628
4530
4498
4304
4965
5296
6245
5916
4843
4861
4815
5934
6251
5877
5047
4375
3553
3710
4130
3609
2701
1440
547
549
177
-218
-1068
-2249
-2979
-3794
-3809
-3508
-3886
-4908
-5676
-6104
-5404
-5253
-4946
-5473
-6090
-6183
-5842
-4978
-4084
-3811
-4454
-4486
-4340
-3250
-2506
-2160
-1999
-2261
-2188
-1519
-707
-99
-108
-331
-520
-507
204
940
790
514
245
92
429
704
795
279
-178
-525
-314
-398
102
-482
-833
-909
-860
-84
-141
250
-253
192
273
1046
1681
1970
2717
2488
2767
2830
3373
3777
4279
3385
3280
3465
4446
5155
4893
4432
3767
3312
3218
3920
3788
3551
2359
1422
1297
1238
959
413
-430
-1008
-1877
-2129
-1914
-1980
-2544
-3448
-3801
-3596
-3143
-3074
-3322
-4084
-4327
-4054
-3456
-2674
-2422
-2860
-3278
-3112
-2147
-1441
-1265
-1157
-1528
-1546
-1009
-86
413
394
298
79
12
509
1273
1462
1083
877
814
932
1080
1256
1069
482
281
268
189
180
-101
-592
-682
-618
-38
-53
-211
-349
-455
-180
467
1182
1542
1686
1657
1446
1822
2193
2718
2555
1451
1670
1811
2952
3359
3174
2450
1836
1489
1563
2147
2003
1529
366
-317
-315
-404
-599
-1065
-1851
-2463
-3164
-3078
-3114
-3247
-3873
-4394
-4193
-4084
-3319
-3627
-3914
-4549
-4492
-3579
-3085
-2259
-2418
-2757
-2997
-2271
-1229
-588
-208
-598
-564
-483
425
1408
1588
1674
1434
1346
1495
1966
2660
2528
2288
2074
2245
2407
2450
2525
2045
1884
1634
1817
1713
1569
1094
762
681
1223
1203
1292
998
546
853
1094
1879
2261
2864
2673
2870
2107
2723
2854
3237
2834
2087
2318
2560
3360
3098
2919
1924
1837
1418
1484
1737
1260
310
-407
-939
-833
-1089
-1614
-2163
-2987
-3676
-4091
-3873
-3940
-3911
-4869
-5231
-4982
-4829
-4247
-4501
-4616
-4993
-4886
-4121
-3519
-2754
-2986
-3166
-3168
-2344
-1464
-939
-566
-897
-740
-485
278
1286
1329
1409
1230
1151
1440
1992
2537
2263
1967
1675
1986
2078
2277
2190
1581
1192
894
1191
1132
1096
693
-37
-52
171
389
302
333
95
261
742
1171
1814
1622
2284
2160
2187
2552
2679
3309
2688
2295
2196
2899
3625
3739
3392
2463
2463
1965
2101
2645
2250
1715
633
156
192
-106
-509
-1142
-1531
-2495
-2660
-2788
-2917
-2830
-4118
-4076
-4087
-3707
-3212
-3876
-3997
-4740
-4321
-3681
-2808
-2391
-2691
-3048
-3359
-2305
-1586
-976
-893
-1099
-979
-817
164
914
911
815
745
1047
1190
1742
2146
2021
1744
1769
2146
2102
2150
1896
1635
1267
1402
1489
1150
862
343
180
64
337
586
116
-249
-309
-195
269
788
1226
1295
882
631
953
1265
1509
1838
877
373
577
1176
2004
1842
1118
648
78
112
51
844
449
-199
-1394
-1660
-1513
-1762
-1588
-2561
-2693
-3753
-3749
-3317
-3302
-3387
-4084
-4293
-4008
-3281
-2898
-3235
-3292
-3641
-3469
-2455
-1646
-813
-1242
-1599
-1755
-610
306
1024
1014
838
946
855
1976
2890
3138
2764
2474
2530
2706
3186
3805
3675
3180
3135
3334
3274
3357
3213
2914
2227
2131
2388
2093
1707
1259
1025
812
1147
1222
879
323
276
655
658
1658
1665
1593
1416
1057
1314
1704
1864
1949
980
341
236
969
1258
1683
1148
-16
-344
-850
-384
-579
-844
-1502
-2324
-2649
-3069
-3193
-3830
-4310
-4908
-5309
-5013
-5244
-5266
-5788
-6263
-6050
-5583
-5096
-4625
-4935
-5186
-5311
-5075
-3809
-2870
-2513
-2607
-2719
-2613
-1574
-731
195
319
195
585
931
1870
2569
2886
2918
2816
3042
3473
3777
4115
4224
4055
4163
4441
4463
4543
4229
3953
3786
3721
3891
3861
3306
2756
2622
2661
3014
2983
2883
2347
2325
2402
3109
3521
3788
3737
3395
3151
2977
3493
2927
3673
1712
2076
1737
2387
2833
1821
1305
185
240
-493
252
-659
-1275
-2122
-3274
-3124
-3373
-3926
-4451
-5500
-5905
-6294
-6578
-6477
-6283
-6682
-6857
-7032
-6830
-6152
-6307
-5942
-5982
-5691
-5547
-4739
-4096
-3458
-3534
-3470
-2933
-2381
-1353
-907
-806
-634
-467
238
930
1556
1748
1570
1343
1452
1955
2335
2876
2708
2465
2255
2441
2712
2865
2742
2582
2088
2011
2025
2099
2089
1652
1791
1558
1924
1881
1858
1911
1894
2495
2974
3499
3984
3600
3947
3564
4159
4521
4335
4470
3270
3814
2358
3729
3942
4121
3575
1851
1739
938
1386
893
899
-195
-1215
-1775
-2653
-2505
-2994
-3968
-4336
-5455
-5236
-5534
-5745
-5587
-6209
-6219
-6421
-5974
-5469
-5087
-5637
-5725
-5470
-4971
-3564
-3248
-2960
-3019
-3435
-2454
-1545
-410
-4
-282
-265
-140
743
1651
2351
2100
1787
1553
1677
2215
2515
3070
2618
2036
2087
2065
2309
2163
1905
1487
1219
1180
1235
885
680
660
494
711
810
936
919
713
1271
1488
2582
2729
3173
3043
2783
3340
2958
3401
3275
3985
2999
2893
2821
2960
3390
2430
2366
1895
1365
816
451
-53
-380
-1040
-1961
-2323
-2651
-3514
-4004
-4991
-4904
-5370
-5567
-5427
-5425
-5745
-6147
-6158
-6034
-4785
-4917
-4496
-4892
-4490
-4185
-3437
-2369
-1636
-1416
-1837
-1194
-593
426
1255
1472
1748
1706
2081
2893
3229
3682
3517
3505
3250
3620
3773
4043
3770
3285
3310
3048
3282
2875
2553
1954
1510
1204
1321
1077
886
523
88
90
85
348
509
546
606
966
1390
1793
2396
2207
2505
2633
2567
2644
2683
2937
2439
2615
2208
2859
3045
2510
2327
1270
1015
618
381
-10
-360
-1253
-2310
-2737
-3343
-3455
-4122
-5155
-5332
-5928
-5791
-6007
-6247
-6433
-6539
-6839
-6152
-5677
-5629
-5342
-5820
-5190
-4865
-3941
-3075
-2517
-2492
-2117
-1874
-1164
-37
457
1079
936
1295
1868
2316
2962
3441
3403
3354
3347
3499
3808
4062
4131
4154
3683
3682
3563
3320
3226
2781
2623
2263
2082
1989
1735
1639
1382
1082
1050
1067
1596
1653
2021
1958
2494
2506
3014
3246
3052
3498
2469
2830
2981
2816
2757
2971
2244
3041
2485
1983
1848
935
592
485
-309
-735
-764
-2344
-2563
-3378
-4125
-4140
-5213
-5883
-5769
-6588
-6373
-6692
-7182
-6728
-7091
-7060
-6280
-6448
-6221
-5947
-6056
-5188
-4834
-4063
-3288
-3124
-2853
-2145
-1986
-903
-149
280
798
840
1513
2011
2299
2931
3123
3054
3166
3268
3348
3630
3777
3799
3639
3297
3500
3039
2973
2771
2484
2252
1911
1646
1702
1392
1372
968
606
956
830
1692
1347
2113
1948
2513
2440
2802
2998
3097
2715
1843
3051
2231
2713
2419
2527
2117
2161
1361
1651
1180
313
283
-636
-943
-986
-1799
-2675
-2850
-4046
-4242
-4852
-5251
-5464
-5711
-6304
-5860
-6477
-6034
-5987
-6241
-5373
-5372
-5175
-5038
-4464
-4146
-3443
-3203
-2212
-1807
-1741
-1041
-672
-290
704
918
1660
1669
2034
2801
2855
3253
3437
3644
3551
3665
3678
3852
3792
3820
3822
3576
3503
3405
2965
2885
2581
2435
2263
1935
2283
1924
1785
1287
1429
1133
1717
1908
2219
2545
2669
3118
2497
3458
3426
4003
2347
2313
2886
2252
2523
2065
2423
1798
1502
682
630
113
-640
-1021
-1996
-2094
-2376
-3777
-4162
-4763
-5544
-6150
-7095
-7135
-7156
-7700
-7914
-8134
-8198
-7791
-7616
-7327
-6619
-6402
-6712
-6077
-5416
-4327
-3721
-3241
-2167
-1924
-1463
-788
-39
431
1246
1963
2528
3082
3593
4304
4286
4283
4864
5166
5347
5366
5316
5129
4976
5078
5128
5092
4740
4429
3707
3607
3543
3589
3423
3222
3279
2710
2729
2040
2347
2424
2726
3544
3570
3962
3625
3904
3832
4656
4731
3450
3774
3594
3094
3346
2788
3475
2874
2058
1499
1071
431
-402
-636
-1936
-1762
-2768
-3663
-4345
-5257
-5890
-7009
-8111
-7892
-8243
-8688
-9041
-9683
-9620
-9677
-9302
-8945
-7956
-8295
-8154
-8115
-7369
-6187
-5553
-4518
-3739
-3607
-3211
-2735
-1822
-1092
-125
586
1157
1718
2152
3046
2854
3432
3812
4136
4399
4514
4664
4528
4236
4421
4510
4519
4562
4224
3519
3235
3237
3214
3696
3402
3854
3134
2393
2455
2485
3079
4001
4395
4301
4605
4485
4273
5345
5427
5550
4481
4373
5015
4096
4158
4143
4368
3723
3461
2615
2313
1417
524
40
-735
-850
-1185
-2743
-3365
-4102
-5460
-6213
-7062
-6668
-7344
-7746
-8697
-8819
-9237
-8983
-8639
-8385
-7558
-7935
-8071
-7732
-7056
-6256
-5585
-4776
-3748
-3729
-3351
-2836
-2067
-1568
-826
95
646
1217
1743
2192
2217
2567
3102
3505
3681
3811
3785
3600
3518
3696
3735
3843
3557
3342
2734
2449
2688
2703
2848
3175
3059
2293
2410
1839
2700
2655
3733
3882
4019
4388
4026
4286
4519
5033
4129
4122
4131
4252
3479
3466
3438
3832
2638
2609
2073
1362
1001
-34
-504
-1048
-1133
-2071
-2471
-3248
-3821
-4945
-5855
-5914
-6114
-6374
-6464
-6974
-7141
-7277
-7276
-6786
-6080
-5637
-5715
-5650
-5277
-4499
-4091
-3331
-2294
-1948
-1786
-1462
-883
-620
-302
493
1129
1688
2058
2635
2519
2536
2630
2995
3225
3522
3619
3426
3015
2785
2654
2623
2942
2915
2467
1969
1532
1603
1836
2307
3003
2609
2117
1971
1622
2265
3185
4086
4108
4547
4360
4176
4596
4449
4264
3690
4163
4075
3537
3073
2778
2984
2216
1851
1257
561
-71
-882
-1476
-2235
-2326
-3088
-3818
-4152
-4745
-5714
-6710
-6707
-7267
-7081
-7312
-7312
-7319
-7497
-7440
-7188
-6554
-5796
-5674
-5465
-4857
-4218
-3517
-3036
-1980
-1390
-1164
-1067
-521
-66
368
994
1491
1990
2355
2688
2785
2866
3063
3053
3066
3208
3340
3523
3145
3079
2808
2461
2487
2399
2518
2115
2158
1583
1908
2274
2586
3205
2493
2875
2185
2655
3062
4329
4798
5391
5129
5126
5123
4862
5176
4001
4823
4090
3527
3241
3031
2824
2513
1286
977
150
-948
-1452
-2064
-2870
-3096
-3963
-4946
-4739
-5875
-6228
-7310
-7430
-7741
-8003
-7891
-7552
-7311
-7492
-7321
-7182
-6325
-5672
-5397
-4923
-4452
-3618
-3063
-2512
-1228
-718
-501
-485
111
481
582
1352
1492
1994
2398
2584
3020
2906
2885
2732
2315
2292
2602
2566
2490
2437
2047
1686
1226
1316
1239
1230
1149
1185
1225
1440
1869
2028
2044
2316
2259
2277
3060
3892
4618
5353
5068
5365
5004
4992
4743
4227
4592
4120
3472
2849
2610
2510
2052
1443
471
-357
-1253
-2386
-2840
-3253
-3429
-4533
-4893
-5159
-6000
-6488
-7192
-7266
-7566
-7364
-7086
-6565
-6139
-6054
-5675
-5673
-4778
-3604
-3539
-2850
-2059
-1488
-1012
-348
672
1274
1509
1514
1709
1891
2110
2623
2784
2981
3185
3059
3276
3189
3091
2842
2198
1983
1993
2044
1983
1951
1689
1305
760
505
775
667
877
1053
916
1655
1698
1819
2099
1967
2448
2669
3166
4210
4442
5210
5136
5435
5228
5110
4968
4089
4282
3018
2563
1814
1676
1823
1048
294
-677
-2010
-3291
-4134
-4595
-5163
-5327
-5974
-6413
-6836
-7641
-8035
-8543
-8432
-8331
-8220
-7886
-7372
-7036
-6590
-5753
-5026
-4191
-3496
-3109
-2325
-1847
-938
-131
487
1640
2154
2191
2591
2455
2594
2666
2656
3555
3771
3898
4316
3859
3726
3527
3011
3024
2708
2703
2793
2573
2568
2577
1965
1808
1506
1517
1758
2012
2488
2937
2859
3017
3135
3100
3592
3891
4005
4836
5136
6034
6198
6236
6245
5580
5026
4366
4378
3253
2712
2096
1587
1531
848
-80
-1064
-2584
-3548
-4513
-5306
-5640
-6169
-6616
-7055
-7408
-8125
-8631
-9158
-9300
-9306
-9093
-8526
-8011
-7636
-7200
-6802
-6090
-5197
-4465
-3786
-3290
-2522
-1810
-1141
-406
377
1063
1221
1495
1582
1485
1774
1807
2178
2636
2872
3298
3218
3050
2987
2563
2338
2249
2261
2387
2426
2371
2574
2353
2117
2013
1828
2145
2394
2760
3465
3722
4007
4033
4008
4237
4370
4565
5259
5883
6596
6900
6571
6223
5627
4876
4566
4326
3591
3074
2074
1942
2050
1410
622
-636
-1883
-2555
-3592
-4300
-4508
-4852
-5159
-5782
-6403
-6673
-7144
-7743
-7912
-8269
-8139
-7818
-7493
-6817
-6720
-6579
-6348
-5857
-5001
-4577
-4070
-3391
-2714
-2112
-1833
-1192
-585
-136
185
208
460
697
920
1134
1377
1718
2065
2345
2526
2635
2636
2305
2143
2133
2298
2656
3046
3338
3277
3200
3078
3220
3320
3195
3565
4079
4458
4652
4485
4603
4318
3796
3527
3729
3939
3987
4332
3914
3702
3280
2562
1862
1154
1204
1199
836
433
481
788
619
49
-793
-1514
-1817
-1814
-1954
-2322
-2573
-2728
-2666
-2840
-3359
-4108
-4525
-4619
-4760
-4921
-5036
-4689
-4344
-4335
-4631
-5056
-5004
-4517
-4111
-3730
-3390
-2830
-2192
-1844
-1700
-1794
-1837
-1708
-1418
-1002
-670
-323
59
572
681
403
595
984
1447
1673
1955
2388
3183
3392
3340
3208
3346
3353
3367
3616
3909
3864
4083
4215
3098
3454
2883
2765
3192
2520
2020
2338
1886
2157
1950
1105
1225
1584
1451
1177
1081
580
1471
1448
1412
1092
1097
1435
1647
1784
1497
1414
1428
1674
1418
1013
361
-93
-321
-479
-828
-1083
-1365
-1423
-1670
-2414
-3130
-3849
-4142
-4337
-4549
-4743
-4832
-4794
-4745
-4830
-5034
-5397
-5573
-5519
-5130
-4584
-4134
-3525
-2974
-2645
-2663
-2853
-2870
-2614
-2028
-1424
-888
-412
-85
237
412
640
658
808
1204
1794
2182
2439
2798
2542
2621
3065
2931
2044
2335
2646
2700
2648
2482
2565
2517
2306
2086
2288
1702
1625
2110
2024
1981
1948
1938
2346
2449
2308
2744
3263
3398
3463
3646
3622
3720
3543
3384
2845
2412
2733
3193
3460
3178
2709
2158
1618
887
-111
-1100
-1701
-1726
-1510
-1471
-1840
-2774
-3659
-4543
-5428
-6107
-6576
-6447
-5961
-5360
-4984
-4906
-5052
-5335
-5565
-5736
-5651
-5171
-4230
-3148
-2095
-1549
-1400
-1492
-1685
-1816
-1912
-1694
-1161
-331
446
1075
1261
1124
682
186
-73
-152
165
666
1425
1919
1669
1295
936
459
295
234
305
814
1482
1976
1817
1497
1464
1351
714
684
884
1465
2574
3096
3113
2934
3279
4059
4460
3849
3767
3890
4477
5499
5625
5045
4189
3890
3742
3225
2678
2396
2607
2897
2776
1921
554
-408
-1183
-1950
-2842
-3438
-3440
-2960
-2604
-3101
-4265
-5435
-6011
-6021
-5825
-5592
-5204
-4615
-3751
-3068
-2954
-3041
-3134
-2883
-2439
-1997
-1434
-900
-211
361
491
311
60
79
171
75
-154
-283
-85
40
-149
-811
-1552
-2037
-2288
-2234
-2098
-1940
-1710
-1525
-1469
-1567
-1834
-1974
-1688
-1325
-779
-133
550
1174
1804
1957
1905
1779
2146
2853
3516
4367
4960
6068
6040
6022
6080
6167
6273
6319
6979
6972
7439
7201
6799
5599
3385
2201
1285
1629
1555
1751
1228
519
-231
-1617
-3093
-4727
-5904
-6220
-5675
-4875
-4400
-4435
-4712
-5391
-6024
-6578
-6490
-6003
-5038
-3938
-3088
-2204
-1402
-735
-283
-334
-517
-599
-319
340
792
1055
1149
1263
1145
632
-118
-812
-1162
-1373
-1288
-1140
-1060
-940
-1075
-1419
-2113
-2868
-3183
-2991
-2468
-1971
-1658
-1307
-874
-262
156
401
920
1232
2099
2964
4130
4985
5334
5615
5526
5949
5812
6419
6754
7315
7748
7911
8281
8065
7659
7147
6132
4659
2395
711
-63
-73
452
-32
-393
-1648
-2631
-3879
-5504
-7092
-8589
-8890
-8296
-7200
-6472
-6269
-6316
-6565
-6773
-6935
-7069
-6575
-6002
-4942
-3985
-2850
-1501
-285
934
1300
1154
592
290
449
699
981
996
1179
1490
1740
1791
1203
390
-617
-1350
-1607
-1631
-1298
-1007
-618
-349
-386
-507
-759
-1015
-1340
-1611
-1359
-440
848
2387
3523
4451
4903
5194
5478
5527
5591
5424
5693
6494
7229
8319
8958
9424
9399
8642
8065
6699
6036
4512
3343
1328
-175
-762
-1142
-724
-1664
-2426
-3986
-5265
-6516
-7976
-9194
-10176
-10210
-9388
-8335
-7393
-6919
-6585
-6373
-6262
-6242
-6205
-5668
-4984
-3910
-2752
-1402
129
1505
2647
3028
2713
2087
1476
1304
1235
1202
1080
1105
1469
1577
1553
973
233
-577
-1456
-1901
-2259
-2161
-1812
-1237
-611
-323
-268
-374
-512
-669
-730
-549
132
1187
2387
3435
4489
5350
6215
6794
6873
6834
6357
6399
6748
7389
8309
8559
8944
8672
8460
7873
6803
5468
3102
833
-1761
-2999
-3584
-3401
-3266
-3520
-3950
-4983
-6160
-7903
-9752
-11259
-11871
-11439
-10234
-8901
-7684
-6758
-5901
-5151
-4638
-4253
-4016
-3763
-3445
-2943
-1787
-234
1764
3298
4178
4345
3910
3419
2817
2071
1081
179
-410
-427
-168
150
282
258
-30
-709
-1494
-2267
-2810
-2889
-2762
-2242
-1650
-847
74
832
1400
1515
1594
1876
2467
3181
3889
4794
5904
7203
8451
9238
9617
9366
8988
8790
8702
9087
9144
9293
9317
9069
8775
7935
6801
4757
2164
-836
-3046
-4612
-5267
-5606
-5960
-6115
-6617
-7206
-8225
-9396
-10618
-11539
-11929
-11647
-11177
-10461
-9457
-8212
-6766
-5541
-4495
-3810
-3271
-2984
-2846
-2535
-1855
-716
379
1499
2225
2677
2833
2784
2350
1426
63
-1445
-2451
-3333
-3495
-3476
-3061
-2476
-2265
-1936
-2102
-2149
-2227
-2353
-2285
-2319
-1989
-1341
-251
956
2123
3220
4161
5030
5689
6290
6892
7598
8389
9266
9948
10475
10842
11135
11603
11852
11992
11907
11356
10861
9923
9009
8234
7213
5915
3953
1331
-900
-2644
-3791
-4472
-5551
-6397
-7404
-8198
-8886
-9736
-10614
-11215
-11420
-11193
-10831
-10594
-9979
-9172
-7896
-6641
-5656
-4725
-3973
-3214
-2627
-2140
-1420
-749
67
661
1046
1441
1632
1748
1619
830
-265
-1560
-2823
-3558
-4509
-4861
-5131
-5019
-4596
-4485
-3944
-3638
-3163
-2718
-2569
-2350
-2239
-1749
-1009
-76
1015
2071
3208
4373
5430
6451
7261
8141
8916
9617
10155
10476
10857
11139
11508
11796
11906
12131
12032
11800
11195
10194
9249
8169
6987
5155
2718
-35
-1941
-3326
-4114
-4994
-6144
-6860
-7481
-7771
-8275
-9050
-9907
-10483
-10636
-10530
-10404
-10024
-9142
-7812
-6327
-5129
-4039
-2953
-1945
-1182
-903
-549
-110
498
1142
1463
1808
2055
2469
2605
2143
1151
-232
-1601
-2723
-3799
-4858
-5507
-6018
-5904
-5795
-5486
-4822
-4325
-3579
-3206
-2940
-2785
-2627
-2226
-1712
-1039
-251
845
2078
3562
4956
6239
7308
8153
8853
9212
9503
9590
9793
10039
10385
10838
11068
11406
11302
11143
10650
9839
9109
7850
6202
3908
1073
-1205
-2879
-3999
-4711
-5735
-6308
-6568
-6636
-6636
-7168
-7950
-8675
-9210
-9370
-9402
-9290
-8688
-7657
-6213
-4782
-3531
-2178
-953
-1
467
551
773
1012
1350
1482
1489
1778
1942
2017
1806
1085
317
-732
-1978
-3063
-4560
-5583
-6211
-6686
-6633
-6643
-6028
-5084
-4138
-3282
-2845
-2462
-2243
-2007
-1929
-1729
-1317
-479
670
1936
3383
4765
6185
7476
8452
9118
9537
9743
9911
9791
9683
9689
9909
10188
10340
10109
10041
9605
9263
8540
6474
4188
964
-1234
-2814
-4209
-5118
-6247
-6611
-6436
-6237
-6031
-6203
-6707
-7055
-7545
-7809
-7919
-7890
-7221
-6399
-5432
-4388
-3256
-1631
-128
1007
1677
1962
2272
2325
2107
1675
1246
1118
1069
772
478
-246
-742
-1334
-2318
-3282
-4834
-6000
-6811
-7589
-7875
-7972
-7494
-6418
-5325
-4090
-3038
-2213
-1588
-1268
-1079
-987
-817
-484
115
963
1992
3440
4992
6571
7864
8851
9677
9955
10013
9652
9294
8994
8705
8459
8249
8054
8145
8073
8123
7487
5890
3680
802
-1085
-2803
-4239
-5534
-6848
-7292
-7130
-6719
-6055
-5723
-5576
-5400
-5489
-5461
-5502
-5412
-4911
-4414
-3837
-3219
-2271
-690
838
2167
3032
3535
3969
3968
3674
3078
2321
1663
775
-135
-908
-1573
-1966
-2380
-3162
-3855
-4762
-5370
-5695
-6469
-6893
-7280
-7028
-6284
-5386
-4218
-3091
-2003
-1102
-394
180
689
1037
1238
1353
1535
2077
3057
4348
5649
6859
7840
8668
9231
9414
9340
9000
8466
7726
7116
6412
6295
5950
5889
5751
4499
3189
755
-1044
-2301
-3814
-5011
-6482
-7512
-7683
-7600
-7162
-6568
-6335
-5797
-5486
-5193
-4705
-4456
-3801
-3229
-2894
-2391
-1820
-661
610
1662
2558
3196
3914
4276
4328
4034
3445
2798
1922
1008
64
-959
-1841
-2608
-3506
-4106
-4799
-5232
-5400
-5843
-5961
-6166
-6058
-5509
-4894
-3917
-2915
-2030
-1153
-347
518
1389
1941
2277
2517
2728
3087
3580
4266
5244
6145
6967
7700
8194
8689
8874
8772
8463
7723
6987
6283
5624
5235
4699
4595
3716
2382
562
-1406
-2235
-3429
-4474
-5651
-6847
-7147
-7290
-7263
-6852
-6597
-6014
-5411
-5031
-4353
-3742
-3054
-2369
-2092
-1765
-1183
-341
727
1407
1929
2461
3025
3594
3739
3586
3167
2520
1712
692
-257
-1201
-2317
-3318
-4544
-5274
-5765
-6125
-6155
-6462
-6516
-6488
-6237
-5719
-5023
-4267
-3452
-2662
-1977
-1063
-75
984
1823
2262
2615
3047
3501
4096
4631
5303
5995
6645
7267
7694
8191
8504
8654
8415
7831
7249
6558
5903
5279
4515
4347
3401
2184
384
-1599
-2338
-3584
-4491
-5619
-6650
-6780
-6887
-6794
-6402
-6122
-5489
-4841
-4342
-3624
-3048
-2313
-1697
-1319
-882
-193
709
1654
2212
2614
3115
3510
3890
3979
3848
3512
2801
1900
979
65
-718
-1799
-3125
-4324
-5336
-5802
-6135
-6459
-6623
-6750
-6589
-6296
-5853
-5076
-4253
-3432
-2768
-2179
-1414
-427
479
1201
1737
2245
2958
3596
4304
5005
5649
6310
6819
7294
7689
8034
8238
8220
8057
7714
7402
6969
6368
5701
4972
4638
3658
2208
291
-1548
-2552
-3843
-4873
-6003
-6767
-6872
-7015
-6939
-6722
-6454
-5925
-5422
-4913
-4196
-3498
-2713
-2191
-1888
-1388
-639
315
1211
1864
2458
3032
3432
3798
3957
4042
3737
3060
2156
1301
620
-265
-1182
-2558
-3476
-4252
-4835
-5151
-5696
-5684
-5706
-5627
-5294
-4936
-4143
-3382
-2674
-1927
-1282
-424
457
1261
1747
2149
2577
3061
3562
4038
4652
5341
5952
6543
7141
7634
8147
8195
8130
7885
7577
7129
6509
5784
5227
4779
4476
3561
2136
462
-1181
-2266
-3763
-4953
-6124
-6956
-7238
-7520
-7409
-7082
-6781
-6291
-5953
-5485
-4732
-4049
-3378
-3090
-2844
-2383
-1672
-853
-50
737
1441
2059
2457
2859
3188
3326
3101
2475
1747
1132
459
-238
-1065
-2198
-3005
-3821
-4365
-4771
-5216
-5149
-5124
-5001
-4613
-4076
-3299
-2669
-2085
-1480
-888
-163
563
1232
1697
2118
2584
3078
3542
4002
4496
5005
5413
5863
6373
6846
7247
7320
7393
7225
7063
6725
6095
5614
5017
4535
4283
3325
2249
733
-846
-1729
-3184
-4235
-5423
-6524
-6829
-7262
-7177
-6875
-6623
-6031
-5674
-5092
-4333
-3643
-2969
-2679
-2458
-2210
-1749
-1156
-480
192
831
1492
1944
2512
2996
3300
3306
2777
2087
1373
545
-270
-1214
-2227
-3011
-3720
-4117
-4385
-4593
-4523
-4445
-4332
-3973
-3492
-2841
-2278
-1795
-1164
-658
-63
612
1221
1730
2085
2520
2968
3376
3876
4349
4836
5111
5440
5898
6207
6485
6566
6622
6660
6446
6207
5792
5412
5039
4505
4211
3158
2055
681
-892
-1830
-3239
-4164
-5223
-6334
-6658
-7078
-6974
-6836
-6793
-6351
-6136
-5491
-4697
-3962
-3216
-2811
-2378
-2055
-1645
-1184
-619
-51
426
973
1426
1997
2503
2901
3062
2808
2432
1959
1269
512
-405
-1301
-2111
-2963
-3416
-3810
-3962
-3909
-3874
-3627
-3278
-2710
-2038
-1579
-1112
-654
-230
289
797
1393
1796
2104
2403
2763
3138
3641
4160
4558
4878
5194
5639
5976
6200
6303
6328
6245
6187
5917
5688
5316
5090
4793
4528
4202
3100
2111
390
-886
-2086
-3415
-4293
-5603
-6280
-6702
-6920
-6684
-6737
-6419
-6221
-5990
-5281
-4838
-4020
-3615
-3242
-2830
-2524
-1929
-1579
-1075
-670
-261
250
724
1300
1884
2267
2413
2243
2016
1657
1063
341
-495
-1254
-2059
-2644
-3142
-3433
-3464
-3361
-3106
-2826
-2265
-1580
-910
-344
136
600
996
1409
1849
2153
2445
2641
2844
3108
3456
3990
4335
4674
4915
5255
5623
5837
6092
6191
6200
6081
5851
5603
5258
5026
4863
4511
4393
3642
2818
1739
168
-937
-2417
-3542
-4755
-5921
-6424
-6895
-6826
-6819
-6779
-6414
-6312
-5699
-5235
-4732
-4154
-4025
-3640
-3414
-2946
-2480
-2115
-1614
-1277
-820
-277
264
919
1436
1714
1851
1809
1795
1507
931
318
-457
-1169
-1827
-2388
-2735
-2981
-2898
-2694
-2429
-1921
-1273
-471
44
467
913
1162
1452
1735
2016
2214
2259
2372
2575
2852
3287
3705
4007
4300
4533
4866
5132
5315
5481
5394
5292
5071
4800
4539
4224
4056
3882
3712
3566
2925
2286
1159
-184
-1368
-2762
-3909
-5240
-6249
-6948
-7373
-7419
-7510
-7200
-6897
-6504
-5862
-5437
-4727
-4259
-3857
-3584
-3396
-2937
-2671
-2270
-1944
-1579
-1010
-422
286
932
1472
1896
2180
2338
2382
2333
1815
1278
520
-213
-842
-1466
-1774
-2049
-1949
-1731
-1349
-749
-89
754
1274
1746
2193
2331
2457
2443
2539
2458
2293
2377
2464
2709
3024
3433
3826
4162
4545
4868
5123
5321
5453
5460
5263
4955
4635
4287
3883
3641
3459
3289
3256
2614
2077
1112
-147
-1141
-2526
-3697
-5040
-6133
-6915
-7581
-7803
-7999
-7762
-7443
-7079
-6299
-5768
-5011
-4573
-4262
-3944
-3772
-3334
-3237
-2934
-2680
-2317
-1671
-1097
-349
299
947
1443
1743
2093
2286
2353
2011
1427
844
140
-387
-854
-1230
-1466
-1499
-1304
-973
-443
230
963
1473
1926
2352
2642
2801
2778
2725
2545
2388
2346
2380
2513
2711
3099
3501
3845
4332
4722
5077
5344
5446
5506
5349
5112
4846
4497
4130
3928
3844
3775
3807
3489
2921
2329
1210
41
-1179
-2422
-3618
-4869
-5916
-6732
-7137
-7353
-7385
-7181
-6950
-6382
-5744
-5203
-4620
-4250
-3961
-3825
-3690
-3554
-3492
-3322
-3056
-2629
-2042
-1367
-647
117
750
1279
1755
2093
2298
2117
1769
1220
450
-181
-771
-1142
-1427
-1621
-1584
-1375
-911
-304
360
930
1447
1973
2320
2556
2628
2597
2442
2183
1962
1771
1775
1870
2110
2417
2814
3321
3836
4355
4806
5154
5305
5260
5136
4891
4542
4120
3748
3493
3263
3137
3181
2926
2429
1899
898
-155
-1225
-2424
-3625
-4896
-5935
-6756
-7242
-7461
-7481
-7274
-7060
-6479
-5861
-5287
-4679
-4239
-3903
-3854
-3724
-3622
-3568
-3400
-3214
-2814
-2283
-1659
-869
-67
766
1410
1982
2336
2519
2525
2148
1660
836
121
-462
-1021
-1386
-1665
-1662
-1489
-1067
-424
184
861
1438
1932
2219
2370
2515
2347
2088
1702
1414
1233
1084
1163
1331
1678
2169
2804
3477
4100
4699
5116
5347
5352
5256
5021
4614
4233
3791
3467
3274
3109
3130
2949
2587
2174
1373
411
-582
-1645
-2832
-4034
-5114
-6030
-6633
-6963
-7162
-7093
-6916
-6499
-5909
-5411
-4755
-4258
-3910
-3774
-3628
-3411
-3304
-3114
-2899
-2582
-2110
-1491
-772
69
897
1641
2315
2796
3103
3232
2967
2473
1831
986
213
-417
-976
-1387
-1556
-1554
-1329
-911
-336
261
791
1195
1541
1768
1782
1766
1552
1217
826
498
272
204
385
716
1215
1907
2735
3545
4233
4841
5287
5474
5459
5341
4996
4527
4120
3702
3382
3125
3042
2977
2845
2588
2118
1463
514
-463
-1493
-2650
-3741
-4787
-5585
-6215
-6569
-6717
-6715
-6430
-6030
-5490
-4969
-4454
-3979
-3601
-3301
-3061
-2796
-2616
-2400
-2082
-1685
-1128
-478
268
1083
1881
2578
3087
3471
3586
3452
3038
2348
1573
692
-153
-864
-1446
-1932
-2193
-2169
-1983
-1637
-1123
-617
-154
162
419
549
482
391
139
-169
-503
-700
-697
-582
-229
311
967
1806
2750
3601
4324
4923
5299
5474
5418
5218
4928
4484
4017
3616
3288
3067
3059
3064
3022
2903
2498
1870
1000
65
-875
-1942
-3021
-4113
-4991
-5685
-6114
-6265
-6274
-6025
-5667
-5164
-4530
-3863
-3176
-2656
-2261
-1933
-1643
-1350
-1064
-701
-310
149
709
1372
2125
2780
3358
3748
3929
3962
3716
3258
2508
1661
696
-262
-1078
-1838
-2360
-2759
-2946
-2899
-2645
-2195
-1806
-1383
-1098
-882
-773
-817
-824
-1025
-1207
-1422
-1543
-1436
-1220
-681
-64
716
1596
2519
3477
4207
4816
5183
5323
5285
5043
4637
4065
3557
3055
2712
2519
2348
2361
2238
2156
1890
1404
843
-38
-879
-1886
-2944
-3945
-4937
-5583
-6133
-6386
-6426
-6265
-5792
-5232
-4403
-3594
-2757
-1974
-1370
-805
-433
-39
261
551
877
1169
1577
1984
2556
3080
3442
3737
3799
3775
3545
3192
2634
1804
1044
195
-580
-1351
-1992
-2423
-2761
-2817
-2744
-2491
-2186
-1856
-1466
-1238
-1014
-873
-807
-840
-916
-905
-937
-768
-478
-28
571
1226
2027
2763
3514
4156
4645
4958
4980
4925
4581
4112
3642
3086
2624
2174
1866
1599
1392
1358
1246
1095
739
208
-411
-1263
-2087
-2952
-3838
-4651
-5360
-5837
-6139
-6085
-5805
-5356
-4663
-3922
-3030
-2179
-1330
-597
-40
441
777
1099
1302
1489
1673
1851
2068
2248
2480
2685
2837
2888
2803
2659
2345
1932
1369
759
76
-632
-1231
-1885
-2352
-2644
-2811
-2875
-2823
-2564
-2243
-1885
-1483
-1137
-897
-699
-500
-326
-174
23
256
472
777
1177
1674
2244
2764
3242
3633
3888
4062
4088
3955
3704
3348
2860
2321
1904
1517
1198
923
689
529
387
256
11
-330
-813
-1376
-1999
-2714
-3372
-3923
-4406
-4748
-4912
-4870
-4549
-4051
-3407
-2717
-1985
-1247
-530
149
691
1098
1327
1439
1546
1612
1658
1654
1639
1634
1638
1713
1765
1793
1755
1605
1387
1071
722
314
-177
-692
-1220
-1658
-2027
-2359
-2524
-2599
-2572
-2391
-2132
-1785
-1397
-984
-570
-214
112
419
709
936
1155
1367
1593
1844
2061
2353
2641
2891
3076
3195
3238
3188
3117
2866
2560
2245
1863
1529
1160
886
630
368
199
-13
-163
-352
-618
-913
-1307
-1692
-2094
-2525
-2952
-3229
-3389
-3458
-3340
-3115
-2799
-2369
-1852
-1322
-829
-372
59
436
691
894
998
1019
996
933
897
832
780
742
678
631
621
584
493
338
143
-73
-316
-613
-913
-1223
-1531
-1791
-2022
-2142
-2144
-2083
-1938
-1684
-1353
-951
-486
13
472
874
1225
1527
1741
1943
2117
2207
2281
2336
2455
2553
2641
2720
2696
2640
2548
2441
2306
2075
1802
1492
1141
836
573
361
149
-82
-271
-470
-639
-799
-954
-1163
-1337
-1422
-1623
-1771
-1881
-1997
-2005
-2002
-1890
-1755
-1556
-1319
-1102
-832
-647
-410
-254
-147
-17
19
49
11
-29
-92
-180
-255
-393
-497
-615
-720
-785
-860
-893
-954
-993
-1076
-1147
-1173
-1236
-1257
-1331
-1358
-1394
-1441
-1374
-1254
-1035
-771
-480
-128
279
752
1189
1582
1907
2127
2302
2376
2455
2498
2435
2347
2201
2075
1909
1819
1732
1584
1484
1370
1303
1197
1088
1015
852
723
586
433
269
73
-68
-252
-374
-462
-498
-490
-432
-272
-121
47
129
175
212
171
137
17
-125
-274
-439
-557
-646
-706
-784
-792
-771
-729
-637
-580
-576
-645
-754
-896
-1099
-1293
-1546
-1784
-2006
-2187
-2279
-2288
-2208
-2125
-2004
-1833
-1614
-1389
-1192
-1000
-850
-730
-659
-570
-441
-312
-124
24
202
422
681
951
1178
1394
1569
1720
1779
1767
1713
1566
1367
1097
838
622
413
273
158
99
81
162
314
431
573
659
721
735
705
688
616
578
536
538
576
676
857
1070
1351
1624
1883
2110
2237
2218
2014
1765
1440
1009
566
100
-306
-627
-849
-951
-1016
-1007
-936
-884
-853
-859
-908
-1080
-1315
-1595
-1918
-2250
-2531
-2720
-2852
-2895
-2801
-2593
-2315
-1966
-1554
-1133
-754
-416
-117
106
241
321
290
239
187
131
110
114
193
294
482
721
925
1113
1243
1282
1200
1069
880
611
314
-4
-256
-441
-544
-535
-443
-271
-52
223
529
817
1085
1259
1369
1431
1439
1478
1475
1489
1566
1675
1839
2017
2238
2459
2648
2799
2873
2860
2766
2557
2212
1786
1272
720
219
-239
-650
-987
-1241
-1394
-1485
-1505
-1546
-1617
-1697
-1845
-1979
-2153
-2366
-2580
-2799
-2976
-3087
-3096
-2994
-2801
-2549
-2219
-1793
-1312
-836
-407
-24
264
452
571
606
525
392
230
51
-77
-121
-108
-88
1
104
177
280
342
355
272
125
-18
-244
-453
-623
-744
-823
-869
-777
-623
-416
-125
184
483
754
1049
1308
1500
1687
1843
1977
2083
2215
2321
2433
2552
2645
2741
2832
2917
2923
2839
2692
2502
2264
1947
1622
1248
818
447
27
-367
-744
-1095
-1370
-1671
-1897
-2098
-2257
-2379
-2469
-2556
-2646
-2694
-2737
-2733
-2699
-2620
-2499
-2349
-2151
-1908
-1640
-1326
-1019
-730
-438
-162
59
200
274
288
233
141
34
-92
-207
-330
-430
-471
-472
-442
-453
-461
-490
-550
-577
-584
-589
-644
-669
-688
-684
-606
-488
-318
-158
57
328
611
928
1277
1627
1896
2146
2411
2627
2796
2931
3031
3089
3108
3167
3177
3147
3108
3037
2909
2723
2560
2342
2049
1730
1387
1013
616
289
-76
-449
-791
-1107
-1393
-1672
-1856
-1986
-2125
-2223
-2257
-2274
-2251
-2156
-2078
-2030
-1958
-1853
-1729
-1620
-1472
-1307
-1166
-1028
-871
-718
-603
-516
-435
-412
-448
-490
-554
-650
-761
-849
-911
-1004
-1057
-1086
-1105
-1112
-1098
-1056
-1014
-964
-906
-841
-788
-708
-616
-509
-413
-299
-137
30
247
498
788
1109
1455
1804
2092
2372
2627
2825
2974
3100
3164
3126
3080
3038
2940
2820
2688
2523
2334
2141
1932
1701
1449
1167
879
552
236
-57
-361
-649
-910
-1134
-1337
-1509
-1645
-1770
-1823
-1789
-1721
-1626
-1498
-1361
-1218
-1078
-925
-802
-711
-626
-566
-562
-564
-570
-587
-626
-681
-708
-745
-808
-864
-917
-954
-1005
-1044
-1067
-1123
-1147
-1152
-1180
-1200
-1205
-1177
-1126
-1090
-998
-904
-781
-642
-493
-313
-154
54
253
450
672
896
1127
1340
1549
1751
1940
2103
2256
2376
2452
2512
2533
2506
2462
2386
2290
2156
1985
1790
1556
1281
1007
710
415
109
-179
-416
-659
-842
-995
-1111
-1194
-1265
-1337
-1398
-1397
-1371
-1334
-1320
-1267
-1192
-1102
-970
-819
-661
-505
-344
-189
-56
74
171
206
179
100
5
-139
-314
-505
-731
-951
-1154
-1300
-1419
-1520
-1555
-1579
-1555
-1515
-1451
-1374
-1327
-1264
-1212
-1147
-1084
-1005
-911
-814
-690
-529
-320
-72
198
486
775
1058
1302
1554
1788
1979
2098
2180
2226
2211
2172
2100
1995
1877
1733
1601
1473
1315
1130
949
747
509
282
45
-190
-450
-694
-896
-1077
-1242
-1362
-1425
-1479
-1493
-1436
-1348
-1249
-1139
-996
-845
-704
-521
-367
-214
-45
85
201
303
401
472
491
485
526
503
459
421
327
223
105
-30
-196
-344
-468
-635
-775
-877
-972
-1015
-1074
-1079
-1088
-1077
-1042
-999
-927
-880
-769
-664
-525
-356
-149
82
285
533
763
1013
1236
1442
1653
1796
1915
1989
2026
1999
1940
1859
1734
1605
1447
1274
1068
876
685
441
213
-14
-264
-521
-783
-1011
-1248
-1440
-1580
-1694
-1771
-1805
-1786
-1760
-1679
-1570
-1450
-1327
-1172
-1012
-839
-650
-451
-270
-81
118
280
424
546
629
674
696
705
658
601
554
468
356
245
146
4
-143
-265
-369
-475
-574
-652
-721
-786
-809
-789
-764
-703
-627
-541
-423
-319
-158
29
196
384
577
788
1005
1222
1427
1608
1769
1902
2030
2117
2164
2188
2159
2092
2006
1873
1730
1553
1322
1062
805
561
275
-21
-306
-599
-898
-1152
-1350
-1548
-1724
-1849
-1941
-1995
-2011
-1971
-1897
-1842
-1750
-1632
-1496
-1345
-1186
-992
-807
-629
-401
-177
24
199
360
497
574
643
679
667
628
575
504
422
326
222
98
-31
-155
-284
-393
-488
-593
-695
-780
-830
-882
-884
-838
-789
-721
-592
-435
-274
-85
153
396
622
876
1148
1392
1625
1840
2037
2191
2319
2399
2425
2439
2408
2346
2249
2146
1998
1813
1632
1429
1195
934
673
384
74
-234
-530
-825
-1107
-1341
-1559
-1755
-1889
-1982
-2056
-2048
-2012
-1933
-1821
-1698
-1553
-1424
-1291
-1151
-997
-832
-664
-490
-315
-151
17
154
271
361
407
439
438
417
332
254
142
-5
-132
-298
-456
-630
-810
-957
-1078
-1197
-1293
-1383
-1425
-1431
-1430
-1385
-1302
-1205
-1111
-950
-757
-558
-335
-87
162
428
714
998
1295
1546
1795
1998
2185
2327
2421
2469
2477
2451
2365
2251
2099
1919
1726
1535
1320
1099
873
634
402
176
-47
-256
-495
-721
-902
-1077
-1213
-1308
-1350
-1372
-1362
-1292
-1188
-1060
-910
-734
-566
-410
-230
-66
74
215
352
457
544
605
639
663
647
606
557
491
424
319
209
79
-74
-239
-427
-625
-837
-1058
-1258
-1463
-1670
-1824
-1939
-2006
-2032
-2007
-1939
-1817
-1661
-1471
-1275
-1070
-856
-627
-405
-184
52
275
487
708
931
1145
1329
1494
1633
1745
1809
1820
1797
1726
1614
1466
1297
1118
901
695
502
305
143
-17
-150
-276
-402
-519
-616
-704
-771
-830
-876
-887
-869
-841
-767
-675
-568
-412
-232
-25
186
380
578
758
915
1040
1134
1170
1173
1143
1086
1016
925
814
702
591
466
354
215
75
-77
-255
-452
-671
-899
-1150
-1366
-1584
-1761
-1886
-1964
-1988
-1953
-1862
-1738
-1565
-1358
-1148
-926
-715
-511
-335
-179
-6
153
296
423
556
698
822
952
1064
1159
1237
1265
1251
1221
1135
1002
837
665
466
266
90
-86
-236
-361
-427
-487
-541
-559
-558
-541
-529
-499
-451
-403
-343
-282
-217
-143
-54
60
195
340
497
657
821
976
1116
1247
1325
1362
1339
1293
1212
1091
965
799
645
487
333
193
50
-102
-250
-387
-556
-737
-913
-1100
-1274
-1439
-1576
-1673
-1733
-1746
-1712
-1622
-1511
-1363
-1183
-996
-806
-619
-440
-285
-155
-28
71
155
222
273
321
369
422
460
510
533
531
525
507
467
389
292
181
64
-65
-196
-301
-405
-501
-564
-599
-629
-619
-574
-505
-414
-308
-200
-87
7
102
209
301
412
505
610
720
839
950
1064
1162
1255
1342
1383
1413
1404
1384
1322
1221
1101
965
810
628
451
266
92
-69
-230
-389
-548
-701
-836
-969
-1078
-1149
-1211
-1247
-1271
-1256
-1212
-1136
-1047
-943
-825
-712
-582
-461
-330
-229
-131
-33
33
87
126
163
182
192
181
161
126
80
31
-28
-84
-150
-213
-289
-358
-424
-480
-532
-583
-608
-627
-641
-637
-612
-567
-506
-431
-326
-225
-104
6
121
256
363
495
612
717
822
921
1015
1090
1175
1251
1296
1330
1339
1328
1311
1260
1184
1097
968
825
662
489
324
159
-9
-180
-334
-483
-614
-744
-848
-933
-994
-1036
-1062
-1062
-1036
-1000
-936
-865
-776
-698
-606
-503
-417
-319
-235
-163
-102
-53
-12
17
29
35
27
5
-32
-67
-123
-174
-231
-289
-352
-429
-493
-552
-595
-617
-635
-621
-626
-613
-584
-535
-488
-436
-378
-314
-236
-161
-59
58
179
309
439
563
694
806
911
1005
1074
1130
1181
1205
1218
1223
1218
1197
1156
1109
1025
923
811
679
552
414
267
149
17
-130
-258
-377
-478
-576
-656
-727
-782
-826
-846
-809
-768
-698
-626
-532
-443
-358
-253
-145
-51
33
108
174
224
266
292
297
285
272
251
214
160
116
70
-2
-76
-145
-210
-286
-352
-391
-421
-451
-485
-501
-514
-506
-476
-435
-385
-327
-250
-181
-92
1
117
223
329
430
522
636
731
823
910
981
1044
1087
1127
1157
1165
1171
1162
1130
1070
1021
936
841
714
573
448
296
151
11
-107
-215
-330
-416
-481
-538
-594
-643
-676
-703
-701
-692
-654
-610
-554
-489
-414
-311
-225
-137
-52
20
74
126
165
192
203
204
193
167
114
68
35
-24
-95
-179
-256
-338
-412
-477
-524
-556
-590
-603
-602
-612
-603
-590
-568
-536
-511
-449
-372
-295
-214
-110
-1
101
210
306
413
517
608
695
776
833
883
907
926
947
952
938
935
914
859
809
718
621
512
389
270
138
3
-120
-222
-309
-404
-471
-518
-589
-637
-666
-686
-689
-689
-672
-635
-598
-551
-484
-402
-327
-258
-180
-129
-75
-28
8
46
64
81
91
81
59
36
2
-62
-148
-241
-316
-406
-499
-567
-633
-673
-713
-726
-720
-708
-687
-644
-590
-544
-505
-448
-371
-304
-231
-141
-40
59
145
253
357
461
556
639
717
792
861
909
953
977
990
993
971
929
885
824
754
654
557
464
364
264
171
71
-24
-109
-195
-270
-337
-391
-457
-508
-542
-574
-590
-578
-555
-513
-472
-396
-302
-223
-147
-75
-12
42
80
112
131
136
143
131
130
115
106
96
90
77
38
-4
-55
-117
-199
-274
-348
-420
-466
-498
-519
-523
-506
-477
-427
-360
-269
-184
-102
0
97
187
284
373
453
527
589
652
716
768
807
846
882
915
956
981
1003
998
984
966
922
850
748
639
532
412
292
182
91
-1
-65
-130
-184
-228
-270
-308
-357
-393
-439
-466
-512
-538
-535
-534
-516
-480
-428
-366
-302
-245
-169
-112
-65
-46
-29
-21
-41
-55
-77
-104
-146
-181
-197
-225
-250
-273
-312
-345
-380
-422
-458
-485
-506
-530
-534
-543
-519
-479
-443
-383
-312
-222
-115
-12
95
210
314
427
523
600
662
723
772
800
832
853
863
876
898
908
912
905
895
871
821
756
674
582
474
362
256
155
61
-8
-73
-132
-169
-218
-240
-270
-296
-312
-347
-376
-407
-432
-441
-454
-440
-437
-429
-406
-387
-341
-315
-292
-260
-237
-231
-232
-248
-279
-326
-361
-391
-443
-494
-558
-597
-639
-670
-686
-693
-695
-710
-702
-680
-669
-653
-638
-630
-592
-542
-491
-417
-334
-247
-134
-27
87
203
303
421
493
571
635
672
729
763
782
799
839
861
870
874
881
874
851
820
781
734
679
615
545
477
404
323
262
200
131
105
71
32
23
-3
-24
-48
-60
-62
-78
-99
-118
-126
-146
-172
-186
-190
-198
-204
-208
-207
-211
-232
-261
-283
-323
-350
-386
-428
-482
-528
-581
-644
-687
-733
-761
-770
-767
-744
-714
-694
-650
-620
-570
-516
-459
-403
-331
-256
-201
-114
-30
70
175
272
369
473
551
626
709
758
794
837
866
883
897
913
900
903
897
876
862
814
766
716
669
609
536
478
420
358
277
213
153
101
62
11
-24
-56
-83
-92
-81
-88
-111
-113
-112
-118
-146
-160
-177
-195
-206
-228
-230
-240
-257
-278
-309
-332
-361
-376
-399
-437
-472
-504
-529
-574
-597
-623
-633
-645
-643
-620
-590
-560
-532
-467
-413
-356
-296
-221
-150
-84
-20
56
138
229
293
360
459
540
602
662
727
774
808
835
864
874
899
911
920
909
891
866
833
793
741
705
659
594
533
471
393
323
268
203
151
114
71
46
6
-30
-44
-57
-85
-96
-104
-129
-147
-171
-201
-217
-241
-265
-286
-299
-319
-338
-349
-380
-405
-426
-451
-473
-516
-549
-590
-613
-651
-686
-702
-730
-727
-715
-699
-673
-641
-607
-565
-533
-494
-443
-387
-317
-265
-187
-115
-42
45
116
200
277
370
461
526
585
640
685
717
756
783
801
810
828
832
831
829
825
827
809
776
749
707
664
607
552
486
418
362
299
239
176
146
93
58
41
15
10
4
2
-8
-32
-71
-110
-159
-225
-271
-333
-369
-410
-454
-477
-499
-515
-529
-533
-557
-579
-621
-667
-703
-748
-790
-827
-861
-886
-890
-884
-848
-814
-750
-675
-615
-557
-494
-424
-368
-306
-251
-196
-148
-101
-44
10
83
152
239
332
411
490
573
642
693
741
783
803
815
810
800
792
771
755
737
715
694
694
681
671
655
668
639
592
565
525
473
419
370
324
289
240
235
229
233
248
256
246
232
218
182
149
95
28
-38
-121
-197
-270
-330
-383
-445
-486
-517
-547
-565
-589
-622
-656
-685
-715
-756
-784
-798
-804
-805
-791
-760
-722
-666
-593
-525
-448
-379
-313
-244
-166
-113
-62
-12
37
83
122
174
217
257
312
366
419
463
489
535
555
559
559
547
540
515
484
473
442
406
402
397
380
376
371
363
345
324
317
295
269
241
218
195
173
179
162
150
153
141
139
142
142
128
105
64
26
-19
-83
-134
-206
-266
-298
-346
-389
-427
-467
-511
-540
-570
-607
-637
-662
-677
-700
-719
-710
-704
-682
-642
-607
-558
-499
-440
-377
-317
-265
-207
-157
-127
-89
-54
-21
6
43
86
127
165
215
261
300
323
331
337
334
332
309
289
277
252
223
178
166
164
145
137
138
157
162
160
161
167
175
172
169
155
131
109
96
85
92
111
133
161
182
189
210
218
206
184
154
100
35
-33
-105
-162
-221
-269
-306
-325
-347
-370
-357
-362
-357
-354
-367
-385
-400
-421
-441
-453
-433
-425
-408
-389
-360
-312
-271
-219
-171
-129
-97
-66
-37
-22
-1
4
18
23
29
23
8
25
30
41
41
50
40
33
16
10
-3
-23
-58
-77
-108
-130
-144
-161
-157
-139
-122
-101
-68
-42
-12
16
41
54
54
65
76
76
98
103
104
128
143
165
166
180
182
183
157
132
111
75
37
-13
-52
-93
-127
-153
-166
-173
-176
-186
-179
-179
-167
-151
-156
-135
-114
-102
-73
-50
-30
13
32
66
112
150
183
205
242
251
275
291
303
311
302
326
319
302
299
299
278
265
252
220
197
159
130
98
65
23
-15
-48
-82
-113
-132
-141
-162
-159
-158
-154
-144
-147
-134
-133
-122
-124
-118
-117
-137
-142
-132
-133
-119
-107
-89
-85
-76
-57
-67
-71
-90
-98
-127
-174
-204
-254
-297
-337
-358
-368
-380
-365
-363
-340
-322
-281
-242
-229
-210
-201
-184
-180
-179
-158
-138
-105
-61
-19
55
108
173
222
287
335
365
405
427
421
420
421
396
371
374
373
360
366
348
332
319
291
270
238
211
165
120
70
-3
-66
-125
-164
-199
-225
-226
-230
-227
-220
-205
-185
-172
-162
-170
-179
-204
-220
-226
-260
-278
-288
-304
-313
-309
-299
-295
-277
-257
-257
-261
-277
-285
-307
-335
-365
-400
-443
-469
-484
-484
-475
-456
-427
-393
-363
-330
-280
-241
-209
-200
-184
-167
-156
-150
-130
-79
-48
-10
59
111
172
236
293
351
390
430
459
459
460
454
438
419
395
367
341
324
309
299
289
269
265
239
210
189
156
117
80
53
18
-35
-55
-63
-78
-86
-88
-89
-90
-100
-104
-96
-101
-114
-120
-128
-137
-158
-171
-183
-182
-212
-232
-228
-244
-266
-285
-302
-327
-353
-386
-384
-400
-412
-431
-444
-438
-428
-433
-431
-425
-428
-415
-387
-362
-342
-326
-304
-285
-260
-226
-196
-150
-103
-51
-6
43
85
123
175
187
204
226
238
251
249
268
281
285
289
297
308
311
302
302
302
279
262
260
223
190
176
161
153
144
145
156
167
174
182
201
212
217
226
218
201
183
157
122
106
70
54
13
-3
1
3
17
11
-6
-29
-80
-130
-152
-194
-236
-291
-315
-331
-374
-380
-379
-377
-368
-355
-336
-321
-324
-317
-310
-324
-333
-326
-317
-313
-315
-293
-254
-223
-190
-134
-87
-31
32
76
115
141
160
167
172
159
151
145
132
124
127
136
146
148
185
217
219
215
222
222
218
219
217
212
183
183
185
191
197
232
256
258
267
285
312
308
309
305
280
253
224
189
160
128
105
89
70
42
29
23
-8
-15
-44
-85
-121
-177
-210
-241
-272
-310
-353
-374
-389
-394
-402
-408
-408
-412
-400
-396
-392
-388
-395
-383
-366
-351
-324
-294
-273
-236
-214
-175
-137
-103
-68
-35
-5
16
33
42
34
25
32
36
43
39
57
78
89
74
82
84
86
89
93
96
74
83
92
107
115
128
155
163
179
213
244
243
270
267
262
257
255
248
222
214
204
191
191
201
192
189
180
168
143
111
82
41
-17
-47
-95
-135
-182
-226
-240
-270
-271
-266
-266
-275
-283
-286
-297
-315
-341
-340
-363
-396
-399
-389
-375
-366
-345
-307
-274
-236
-197
-159
-111
-76
-47
-38
-39
-58
-71
-103
-128
-136
-156
-145
-150
-135
-114
-87
-51
-23
-6
-1
-2
-2
-4
-15
-33
-25
-17
-16
10
35
66
105
156
218
253
292
320
332
352
336
324
305
294
297
281
243
240
243
242
239
229
251
240
230
209
166
136
87
36
2
-38
-83
-108
-125
-137
-143
-126
-106
-97
-109
-105
-101
-100
-111
-112
-110
-121
-128
-120
-111
-118
-112
-96
-71
-54
-24
-13
4
24
19
11
-12
-39
-66
-100
-128
-137
-155
-160
-145
-131
-122
-102
-88
-71
-46
-41
-34
-28
-32
-46
-34
-20
-16
-1
22
61
90
117
147
172
189
215
223
218
239
242
242
211
183
161
140
137
125
116
110
97
96
67
49
33
20
-7
-34
-58
-79
-94
-118
-129
-131
-146
-146
-142
-141
-140
-122
-121
-123
-112
-102
-99
-110
-79
-62
-52
-33
-11
-17
-2
22
38
28
20
14
1
-2
-24
-27
-47
-47
-62
-70
-74
-72
-66
-51
-53
-51
-55
-68
-73
-78
-83
-97
-106
-114
-127
-128
-94
-70
-56
-40
-13
1
-1
-1
-11
-4
-11
-20
-42
-61
-62
-67
-61
-67
-76
-60
-66
-78
-83
-91
-90
-102
-114
-130
-154
-186
-215
-239
-259
-281
-275
-266
-245
-220
-175
-133
-105
-80
-55
-50
-53
-20
-10
-4
-5
-2
-1
9
37
85
115
136
164
181
188
203
205
192
165
158
143
99
71
55
48
30
16
11
29
32
26
39
46
34
31
14
-22
-47
-58
-89
-118
-130
-131
-147
-138
-133
-112
-96
-89
-73
-63
-70
-71
-70
-79
-105
-130
-147
-175
-208
-211
-207
-205
-212
-205
-189
-186
-168
-172
-176
-198
-220
-223
-224
-237
-237
-225
-227
-206
-181
-146
-104
-91
-56
-21
10
50
63
77
95
114
128
158
172
188
210
218
234
236
252
270
277
291
298
304
309
292
296
280
262
265
241
225
214
203
197
172
163
160
143
145
147
131
114
107
80
64
53
49
45
32
15
-5
-12
-30
-54
-44
-61
-107
-109
-119
-136
-152
-170
-189
-186
-212
-235
-250
-260
-282
-305
-307
-329
-339
-352
-355
-366
-351
-330
-339
-309
-274
-246
-226
-196
-167
-151
-114
-103
-72
-39
-14
13
34
72
94
127
152
178
211
244
264
269
272
279
279
270
283
270
265
272
285
292
302
316
326
336
325
327
333
332
314
296
278
248
223
222
201
184
183
171
165
163
176
175
176
173
162
146
126
85
44
14
-34
-73
-102
-127
-146
-153
-176
-177
-181
-195
-215
-220
-233
-255
-269
-279
-309
-338
-353
-358
-372
-370
-367
-353
-329
-318
-273
-229
-190
-160
-116
-83
-79
-63
-40
-13
-7
21
40
49
78
90
123
146
165
199
217
234
255
255
254
258
270
273
274
275
265
285
290
297
288
300
303
305
305
305
315
295
300
286
280
258
235
237
215
224
200
164
150
136
129
89
59
55
36
4
-31
-50
-56
-69
-101
-122
-150
-183
-196
-210
-230
-246
-255
-274
-277
-289
-290
-275
-271
-273
-262
-257
-236
-219
-225
-208
-174
-172
-171
-160
-148
-145
-129
-103
-85
-74
-62
-32
-8
14
18
38
41
41
30
22
29
30
42
61
81
101
115
153
180
203
222
224
238
242
251
244
225
223
226
225
227
233
248
251
247
240
240
245
258
253
236
220
205
176
143
101
92
63
41
35
17
15
9
9
3
7
-15
-31
-36
-56
-79
-96
-109
-121
-128
-131
-124
-113
-120
-102
-72
-58
-43
-28
-26
-36
-39
-41
-51
-54
-51
-51
-59
-77
-72
-61
-69
-73
-69
-42
-29
-26
-21
-5
-12
-36
-46
-41
-47
-42
-36
-34
-30
-17
13
40
60
63
74
84
100
99
97
102
101
79
74
75
57
55
54
44
40
40
30
24
17
39
50
28
3
8
3
-22
-36
-41
-46
-60
-65
-78
-81
-84
-61
-50
-54
-51
-44
-49
-51
-40
-18
-23
-32
-30
-40
-32
-36
-24
-12
-5
-1
-1
5
7
5
15
27
29
9
14
18
13
7
-10
-5
-7
-7
-7
-16
-4
13
34
51
61
69
84
101
121
125
124
125
143
141
119
115
127
138
152
141
136
144
155
179
191
199
195
187
174
172
153
135
116
90
84
67
52
45
43
44
33
26
29
30
46
60
49
41
34
8
-12
-27
-41
-45
-53
-57
-35
-33
-21
13
25
29
29
28
28
23
1
-12
-14
-26
-40
-48
-53
-54
-47
-33
-32
-20
-9
4
26
22
32
15
9
8
-27
-40
-25
-33
-34
-31
-26
-6
-5
13
35
39
50
57
49
52
43
35
26
17
-1
-24
-27
-44
-42
-51
-64
-55
-50
-66
-70
-74
-90
-99
-108
-114
-139
-156
-146
-136
-137
-141
-124
-108
-109
-102
-69
-38
-21
-14
-16
-20
-26
-27
-29
-34
-21
-7
3
9
23
41
38
61
76
92
101
103
104
130
132
128
130
120
120
135
143
137
134
144
136
145
155
150
153
157
159
135
134
121
115
109
106
116
113
100
99
87
82
85
57
44
33
23
11
12
13
-11
-30
-37
-43
-73
-93
-99
-107
-113
-127
-143
-156
-156
-132
-134
-129
-132
-127
-117
-120
-122
-120
-118
-112
-114
-112
-103
-97
-91
-68
-42
-36
-32
-7
20
39
52
56
75
85
88
95
96
97
99
95
114
113
118
137
158
199
205
203
219
246
250
244
252
261
258
256
255
237
245
242
247
270
267
275
282
288
296
288
292
290
267
251
228
209
187
161
151
146
129
111
110
97
94
73
65
44
27
38
15
-13
-43
-53
-59
-97
-118
-122
-118
-109
-111
-111
-102
-83
-76
-59
-59
-45
-25
-38
-33
-43
-46
-55
-53
-65
-47
-37
-21
16
29
51
59
71
82
80
69
80
71
60
57
65
65
75
90
108
126
140
164
172
188
203
210
207
204
215
197
197
196
193
178
182
181
176
193
198
200
202
194
174
153
124
104
84
62
42
20
7
-7
-7
-38
-61
-61
-68
-95
-104
-130
-153
-156
-174
-189
-195
-202
-214
-229
-246
-232
-233
-230
-231
-231
-221
-212
-211
-197
-193
-194
-194
-191
-198
-200
-188
-163
-157
-136
-118
-103
-87
-71
-70
-77
-58
-33
-11
11
30
48
74
82
121
137
150
167
175
193
208
205
205
229
230
254
275
274
285
278
287
278
257
253
257
232
207
201
210
208
185
174
166
151
139
111
96
94
76
64
28
-2
-21
-42
-63
-88
-99
-101
-113
-148
-153
-131
-151
-163
-165
-171
-178
-182
-191
-199
-204
-216
-202
-207
-219
-231
-232
-232
-224
-216
-199
-169
-160
-153
-138
-125
-114
-104
-83
-91
-108
-91
-85
-59
-49
-31
-24
-6
28
50
76
85
99
121
145
145
130
136
142
139
150
151
159
151
156
171
163
173
164
167
181
183
179
169
160
147
128
114
87
78
75
56
52
38
48
49
40
35
30
15
4
-6
-25
-42
-52
-59
-74
-98
-111
-99
-97
-75
-72
-64
-46
-44
-35
-31
-38
-44
-55
-51
-48
-50
-32
-18
-13
-21
-16
10
26
51
73
80
96
94
99
103
118
131
143
156
167
176
196
222
222
218
222
247
251
254
265
264
276
254
226
232
231
220
223
208
192
182
177
170
140
128
138
134
114
102
91
64
45
51
57
27
5
1
-1
-19
-20
-24
-56
-53
-55
-44
-55
-79
-81
-66
-58
-69
-74
-75
-72
-71
-81
-80
-80
-91
-91
-82
-82
-87
-73
-61
-67
-69
-54
-30
-38
-38
-18
-19
-23
-13
-2
-2
12
10
21
24
32
31
32
47
56
60
66
68
87
117
105
99
107
103
94
91
85
67
54
62
53
37
36
33
36
25
22
20
2
-33
-35
-47
-70
-88
-94
-81
-99
-113
-108
-110
-127
-124
-134
-144
-149
-152
-145
-165
-163
-160
-176
-188
-182
-184
-187
-189
-194
-193
-177
-183
-176
-173
-165
-164
-161
-156
-156
-148
-159
-146
-132
-115
-92
-85
-68
-65
-52
-36
-33
-21
-13
4
8
12
19
24
12
21
25
36
42
33
59
58
60
69
64
61
54
64
69
72
49
52
68
45
50
42
28
21
30
42
2
-3
4
-10
-10
-17
-37
-51
-69
-76
-97
-112
-113
-117
-108
-124
-138
-144
-142
-145
-135
-133
-146
-133
-128
-105
-109
-114
-102
-93
-88
-88
-81
-68
-56
-41
-42
-32
-31
-4
2
4
15
19
28
36
38
43
56
55
53
57
63
45
60
56
70
73
52
63
85
98
96
103
120
120
116
120
110
113
122
134
147
134
123
120
127
131
133
125
130
135
144
134
142
148
129
115
95
97
96
101
92
100
101
96
95
110
96
88
105
112
112
107
111
92
85
89
99
95
71
76
87
100
122
137
144
149
154
146
132
126
128
130
124
115
104
111
104
106
124
114
113
102
119
125
121
114
106
105
100
79
65
77
62
53
29
41
42
19
25
19
31
2
1
-8
-26
-34
-37
-42
-61
-56
-74
-66
-68
-81
-72
-67
-81
-79
-69
-74
-81
-84
-77
-75
-81
-86
-72
-49
-46
-57
-58
-49
-56
-46
-41
-16
-6
-8
23
36
52
48
33
18
26
54
56
56
61
82
78
75
67
75
81
77
77
73
94
82
73
69
74
63
53
82
60
61
60
53
61
32
10
-4
-7
-11
-25
-38
-45
-46
-56
-57
-66
-68
-81
-93
-88
-101
-120
-114
-96
-97
-100
-109
-103
-94
-73
-77
-73
-53
-68
-68
-69
-63
-79
-73
-69
-69
-62
-69
-57
-39
-42
-45
-25
-23
-18
-26
-14
-8
-27
-16
-22
-22
1
11
9
27
25
35
56
68
56
41
82
90
67
75
89
83
97
101
105
120
113
104
111
108
111
108
106
98
98
88
87
78
69
70
41
38
24
20
-8
-6
12
-13
-23
-21
-16
-2
-8
-8
-5
-25
-28
-33
-40
-59
-59
-59
-71
-57
-55
-51
-44
-35
-29
-22
-18
-21
-30
-31
-27
-19
-29
-22
-9
-21
-11
4
3
-6
8
19
9
31
25
29
36
36
43
56
69
52
66
55
61
82
75
71
83
86
88
88
96
99
94
91
91
108
108
109
106
103
106
113
107
103
100
86
89
75
72
65
49
48
42
35
15
20
23
9
12
3
6
-2
-5
-9
-20
-26
-35
-50
-43
-43
-48
-39
-45
-44
-30
-34
-35
-35
-47
-34
-34
-46
-40
-58
-38
-28
-24
-15
-7
12
14
25
18
11
-6
-2
-2
-11
-12
-6
-21
-23
-6
-15
-25
-24
-10
-3
0
2
2
7
1
0
-13
-18
0
-18
-31
-22
-7
-9
-7
-8
-7
-8
-3
-7
-19
-25
-44
-43
-55
-67
-77
-75
-84
-96
-87
-91
-97
-78
-46
-60
-62
-51
-57
-61
-66
-63
-78
-73
-74
-70
-59
-65
-66
-73
-48
-34
-28
-25
-28
-26
-26
-36
-49
-74
-69
-73
-78
-78
-77
-96
-100
-110
-89
-80
-92
-90
-100
-101
-95
-99
-112
-120
-123
-128
-113
-115
-128
-139
-132
-112
-104
-94
-92
-89
-93
-99
-94
-95
-103
-113
-128
-130
-127
-140
-128
-130
-127
-129
-125
-123
-125
-111
-106
-113
-129
-118
-143
-149
-148
-139
-147
-152
-156
-155
-153
-130
-126
-118
-111
-92
-72
-77
-66
-59
-52
-40
-26
-45
-46
-33
-14
-5
6
-4
3
21
32
43
11
3
11
11
22
15
6
4
6
13
30
4
3
3
-3
-3
-1
-15
-18
-30
-20
-22
-30
-40
-39
-36
-42
-43
-57
-45
-50
-45
-43
-70
-73
-75
-74
-76
-76
-66
-74
-63
-56
-53
-42
-52
-48
-53
-76
-66
-55
-68
-65
-64
-95
-88
-85
-78
-77
-74
-52
-53
-37
-27
-22
-3
-9
9
4
0
7
3
17
41
37
47
53
45
43
49
49
49
45
43
57
37
50
44
38
36
31
34
27
15
6
7
7
-15
-10
1
8
2
-26
-17
-26
-35
-32
-30
-42
-47
-52
-59
-62
-57
-37
-46
-44
-37
-55
-84
-96
-102
-107
-118
-115
-112
-121
-139
-124
-89
-102
-103
-100
-104
-111
-106
-102
-87
-101
-110
-105
-108
-107
-120
-110
-116
-95
-108
-93
-81
-73
-51
-21
-19
-22
-11
-25
-23
-16
-22
-34
-47
-29
-26
-10
-14
-11
18
14
9
34
58
49
44
34
34
37
15
12
17
-1
-8
5
26
20
15
23
42
60
49
55
77
76
71
83
80
67
60
74
58
58
61
71
79
70
59
50
52
45
43
47
35
-1
-21
-19
-44
-60
-49
-64
-62
-58
-54
-52
-39
-35
-32
-29
-33
-28
-28
-18
-12
-21
-16
-34
-37
-7
3
2
-1
-4
-2
12
8
27
22
13
10
16
11
-9
-8
-14
-20
-26
-58
-64
-51
-50
-33
-26
-31
-25
-23
-33
-38
-43
-52
-60
-77
-67
-58
-58
-65
-63
-55
-36
-34
-36
-35
-41
-28
-21
-21
-36
-33
-39
-30
-35
-52
-64
-87
-74
-89
-92
-82
-89
-96
-93
-90
-106
-115
-133
-130
-107
-133
-140
-150
-155
-140
-136
-138
-122
-115
-116
-109
-129
-126
-111
-94
-94
-95
-83
-85
-74
-58
-54
-52
-47
-35
-16
-30
-26
-21
-40
-29
-14
-13
8
21
-1
0
14
24
31
27
28
27
30
31
21
43
55
65
80
88
95
89
80
91
89
105
121
123
122
111
119
133
119
108
88
69
84
102
117
106
86
89
92
83
61
46
56
29
17
1
-5
-6
-18
-35
-34
-34
-39
-30
-46
-62
-94
-77
-77
-77
-87
-102
-83
-78
-85
-79
-88
-91
-103
-105
-122
-137
-133
-137
-144
-143
-158
-164
-164
-153
-159
-150
-148
-149
-134
-144
-144
-148
-143
-136
-130
-102
-98
-115
-95
-95
-100
-94
-109
-100
-50
-53
-40
-11
-2
-6
-8
18
-1
4
3
-8
7
13
15
23
36
25
40
35
33
42
27
25
7
-8
-4
11
11
11
14
17
27
23
15
11
14
8
29
24
39
51
43
17
7
11
-14
-7
-14
3
-4
-10
2
-5
-3
8
-9
-20
-27
-19
-12
-5
-16
-21
-7
-28
-9
-22
-13
-1
-21
-37
-8
92
163
162
119
83
48
19
2
25
33
39
67
102
108
82
79
52
57
87
129
147
160
208
236
227
207
177
154
128
127
147
159
172
157
155
149
138
115
112
107
100
124
155
169
148
122
114
83
44
17
-11
-9
-6
8
47
36
22
41
29
8
1
2
8
5
11
-12
-21
-31
-67
-58
-95
-93
-90
-114
-107
-110
-122
-101
-107
-133
-127
-123
-110
-110
-113
-107
-97
-103
-94
-98
-104
-100
-97
-82
-79
-59
-37
-44
-42
-40
-45
-23
-33
-41
-38
-48
-36
-43
-47
-58
-69
-69
-72
-74
-77
-76
-88
-75
-62
-73
-51
-62
-65
-64
-76
-72
-52
-49
-75
-71
-51
-57
-61
-71
-51
-41
-34
-12
-13
-2
4
22
33
32
33
39
58
65
55
52
45
42
32
30
43
26
25
14
2
5
12
27
32
34
14
20
31
16
35
20
12
-5
-6
8
5
22
32
21
-3
-5
-4
1
-8
-14
2
11
0
7
-17
-25
3
-8
-10
-9
-18
-22
-19
-34
-35
-30
-36
-32
-27
-30
-28
-26
-19
-33
-57
-63
-56
-70
-87
-81
-83
-68
-43
-37
-61
-68
-59
-80
-78
-70
-79
-63
-56
-51
-54
-60
-30
-41
-48
-47
-52
-59
-41
-35
-27
-11
-33
-40
-32
-19
-36
-25
-17
2
-5
-22
-10
-9
-20
1
23
31
42
39
63
58
47
39
48
36
45
58
54
32
23
31
33
37
44
45
11
-6
2
-5
-11
1
-4
-16
-6
-23
-19
-13
0
-11
-14
-18
-27
-32
-33
-16
2
-7
-7
-14
-8
-4
12
6
-7
11
12
25
42
46
66
72
69
86
120
121
107
111
127
141
134
154
146
144
136
140
147
144
144
172
183
165
167
157
166
187
182
179
176
173
175
184
197
185
177
181
182
173
160
147
142
134
117
118
117
107
105
97
88
51
56
53
39
17
7
-5
-33
-33
-41
-35
-37
-53
-53
-58
-70
-71
-89
-96
-95
-104
-110
-97
-102
-83
-88
-97
-101
-78
-72
-89
-92
-102
-103
-104
-103
-121
-108
-101
-104
-90
-94
-92
-100
-105
-89
-94
-92
-84
-80
-79
-72
-72
-57
-51
-69
-51
-56
-50
-41
-38
-48
-50
-31
-23
-25
-22
-16
-17
-1
5
11
13
20
23
23
9
13
27
25
26
22
25
24
34
46
58
43
52
72
44
44
44
19
15
24
15
-15
-18
-16
-11
17
-12
-19
1
-23
-28
-45
-26
-26
-40
-27
-27
-52
-60
-56
-65
-60
-64
-67
-70
-76
-70
-80
-67
-64
-76
-99
-86
-87
-86
-82
-96
-84
-83
-60
-45
-44
-50
-40
-27
-41
-58
-47
-37
-22
-31
-23
-21
-18
-14
-34
-23
-30
-28
-7
20
22
40
50
58
57
45
54
43
34
36
40
29
19
-4
-22
-26
-22
-29
-35
-21
-28
-18
-36
-43
-41
-42
-31
-30
-27
-26
-45
-55
-48
-42
-44
-55
-62
-59
-33
-24
-31
4
22
13
18
17
15
8
13
26
17
14
51
53
42
38
49
41
32
42
42
38
