-63
-67
-69
-67
-47
-73
-64
-55
-54
-64
-78
-53
-61
-62
-71
-55
-53
-65
-69
-70
-52
-49
-36
-28
-36
-25
-20
-23
-6
-11
-15
12
-2
6
14
1
16
32
24
27
28
27
34
39
25
24
26
19
23
19
5
25
5
-5
15
1
5
2
-2
-4
0
-23
-15
2
-1
-6
-23
-15
5
-11
-22
-14
-10
-9
-29
-32
-11
-11
-31
-29
-22
-33
-24
-48
-31
2
-19
-24
-12
-18
-5
2
-25
-13
-2
-5
-34
-46
-42
-36
-31
-40
-52
-35
-32
-42
-32
-40
-22
-27
-19
-6
3
-1
-22
-26
-2
-1
-29
-11
18
24
23
9
5
20
22
1
4
1
18
19
-1
0
13
-5
-2
-1
-10
11
5
-4
33
34
40
34
30
46
44
30
21
46
57
53
34
55
59
52
55
40
62
62
46
72
76
81
69
78
83
80
79
68
77
78
77
76
61
59
60
40
39
36
48
53
34
14
38
35
5
14
-1
13
10
-15
2
6
-5
-9
-13
-18
-15
-16
-33
-32
-17
-27
-11
-31
-26
-24
-20
-14
-17
-10
-17
-10
5
0
-3
-20
-32
9
-1
-21
7
4
20
30
11
29
30
23
31
31
41
42
49
37
39
45
28
34
30
39
43
24
28
51
28
36
32
20
37
17
27
25
15
16
-11
-13
9
11
13
13
18
35
21
14
5
14
29
6
11
21
12
22
-3
6
27
6
-8
-1
19
27
9
7
0
8
19
-4
18
26
24
27
29
35
41
35
25
34
41
39
42
48
50
48
61
62
81
58
49
79
88
91
85
81
84
76
88
84
97
111
92
98
101
106
122
109
108
108
98
81
66
77
78
66
64
74
84
80
56
81
92
92
75
67
87
105
96
80
90
110
108
95
84
91
113
108
91
87
92
107
79
61
78
64
71
49
57
79
89
52
39
78
72
62
54
55
77
66
45
52
83
70
49
56
61
81
92
53
52
69
44
48
37
42
65
65
56
58
76
73
53
55
62
85
61
68
78
90
84
65
68
72
89
82
72
96
78
76
79
66
76
81
65
55
61
40
28
22
18
17
-3
-5
-8
-12
-26
-52
-70
-69
-69
-72
-83
-80
-75
-77
-85
-77
-55
-76
-80
-70
-71
-57
-68
-54
-50
-40
-31
-56
-44
-41
-54
-67
-66
-62
-66
-60
-80
-63
-74
-84
-98
-116
-98
-94
-101
-95
-77
-58
-47
-89
-85
-48
-49
-59
-75
-54
-20
-33
-46
-27
-22
-9
-24
-32
-25
-18
-30
-50
-37
1
-3
-25
-38
-17
-1
-24
-28
-29
-5
5
-22
-34
-19
-26
-31
-44
-38
-5
-28
-45
-41
-36
-24
-45
-41
-35
-37
-48
-42
-26
-17
-34
-40
-37
-37
-31
-45
-34
-17
-30
-23
-20
-30
-16
-28
-34
-20
-23
-18
-35
-36
-22
-30
-21
-31
-34
-29
-24
-20
-35
-32
-23
-41
-27
-30
-47
-56
-74
-59
-57
-90
-80
-81
-68
-80
-87
-69
-74
-75
-82
-89
-82
-90
-73
-69
-82
-58
-62
-74
-75
-87
-84
-87
-95
-107
-91
-95
-117
-108
-86
-84
-91
-107
-97
-80
-102
-88
-69
-80
-80
-91
-93
-77
-84
-72
-68
-59
-42
-56
-48
-29
-32
-32
-35
-31
-18
-27
-35
-17
-22
-17
-20
-27
-11
-6
-14
-19
-5
-17
-12
-18
-28
-23
-24
-41
-38
-45
-39
-39
-47
-55
-48
-50
-46
-51
-46
-48
-35
-42
-32
-27
-32
-26
-50
-25
-15
-20
-35
-52
-51
-36
-49
-51
-30
-38
-60
-68
-56
-48
-48
-40
-41
-43
-38
-36
-40
-31
-54
-26
-49
-66
-48
-53
-49
-49
-45
-51
-49
-49
-62
-57
-53
-74
-52
-46
-59
-30
-29
-30
-16
-29
-29
-35
-16
3
-10
-3
-8
-19
-11
-25
-23
-26
-23
-26
-29
-19
-21
-7
-15
-32
-28
-44
-47
-57
-48
-26
-28
-33
-25
-32
-33
-34
-43
-33
-35
-40
-28
-43
-28
-19
-23
-22
1
18
9
26
22
49
51
43
60
69
51
29
54
58
45
39
35
53
71
51
36
68
74
68
63
45
60
61
41
40
42
48
34
22
35
49
54
42
46
55
66
63
43
49
53
54
35
16
48
52
33
28
25
38
31
17
23
32
23
12
7
23
16
17
0
1
19
5
-3
-9
14
4
-3
-13
5
-2
-14
-16
-9
6
-8
6
17
2
9
-13
-8
6
7
6
-6
6
14
0
-5
11
-1
7
1
1
19
17
-2
8
17
21
23
11
22
22
3
6
14
15
17
-9
-19
-6
-14
-23
-5
-7
-9
4
-26
-6
20
10
17
9
9
12
1
12
25
24
27
20
26
23
20
28
16
25
34
25
23
14
7
9
7
1
4
3
0
-8
-6
-21
-39
-17
-28
-40
-43
-64
-37
-43
-67
-61
-51
-66
-64
-68
-74
-85
-73
-80
-84
-74
-71
-70
-69
-83
-63
-57
-71
-73
-62
-39
-41
-17
-17
-22
-9
-16
-18
-4
-18
-15
7
-13
4
-15
-24
-6
-6
-19
-19
-9
-21
-39
-32
-20
-12
-2
-11
-6
2
12
-2
-9
9
26
9
7
31
53
43
20
34
40
28
28
27
30
30
23
12
27
18
16
15
10
8
-1
-10
-7
17
-2
-10
-23
-17
-20
-30
-31
-38
-9
-33
-53
-39
-36
-23
-52
-51
-22
-19
-36
-43
-30
-7
-11
-53
-35
-9
-9
-19
-15
-16
8
-16
-31
-14
7
-6
-29
-14
-7
-2
-33
-35
-17
-21
-28
-27
-27
0
15
-10
16
25
10
14
-3
-8
9
-5
-33
6
-1
-16
-23
-24
-27
-23
-20
-18
-23
-25
-40
-32
-23
-24
-7
-48
-46
-25
-57
-86
-23
-8
-52
-99
-84
-102
-89
-38
-53
-101
-47
-1
-62
-98
-80
-41
-64
-51
3
-9
-32
-16
-22
-41
-49
-44
-51
-20
27
34
-7
5
35
-3
-35
-29
-6
13
18
-5
15
25
23
-4
-33
11
20
-7
16
14
10
7
-13
-1
-1
-12
-7
-5
-3
-12
-19
-32
-32
-26
-40
-44
-22
-19
-39
-46
-43
-26
-23
-27
-42
-39
-32
-40
-26
-33
-19
-34
-45
-36
-25
-15
-29
-37
-12
-7
-19
-37
-29
-6
-27
-50
-33
-24
-15
-25
-32
-6
5
0
-17
-8
12
15
6
-5
8
6
-1
1
-5
-3
-6
-9
-14
6
6
8
17
12
31
17
21
36
35
32
37
36
29
25
16
25
20
12
11
2
1
17
-8
-15
-6
-22
-17
-31
-25
-16
-24
-24
-8
4
-6
-16
-11
4
1
-16
-18
-11
-12
-17
-46
-35
-14
-11
-13
-41
-25
-20
-27
-42
-28
-16
-22
-35
-54
-31
-30
-48
-36
-46
-25
-19
-42
-17
-11
-18
-21
-26
-16
6
-21
-14
-11
-3
3
-8
-21
3
3
-5
-14
-4
19
8
5
1
9
9
-11
-5
1
1
-5
-21
-21
-17
-34
-49
-45
-42
-38
-55
-48
-43
-37
-37
-67
-58
-38
-42
-23
-23
-11
-13
-40
-12
-10
14
1
-23
0
13
6
22
10
10
23
17
-31
5
5
-14
0
-9
4
-4
-14
-25
-11
-27
-45
-39
-38
-20
-36
-62
-41
-26
-11
-29
-15
-12
-10
-2
10
-8
22
19
24
34
25
31
31
40
30
58
39
32
36
58
52
35
41
25
40
15
7
31
19
-17
-7
-34
-29
-51
-43
-65
-80
-67
-80
-87
-81
-78
-97
-87
-88
-97
-87
-91
-120
-102
-94
-116
-104
-122
-134
-124
-139
-159
-144
-143
-140
-137
-167
-145
-143
-142
-128
-107
-107
-109
-102
-96
-85
-83
-82
-76
-67
-69
-64
-67
-60
-34
-54
-62
-45
-44
-45
-36
-33
-43
-45
-44
-40
-21
-36
-41
-24
-39
-15
-11
-3
4
3
11
-11
15
24
12
18
26
26
40
30
29
56
44
48
36
45
69
76
40
34
41
35
40
35
50
52
61
43
61
43
63
33
61
70
85
74
48
71
55
86
47
64
56
80
67
63
50
65
61
30
29
31
38
51
40
33
45
36
28
48
35
38
32
19
26
42
46
51
43
56
58
62
57
64
73
66
63
81
87
85
86
72
90
88
73
62
59
47
24
36
32
32
29
6
5
14
13
-6
-13
-7
2
-17
-26
-39
-36
-49
-50
-50
-48
-38
-65
-46
-37
-43
-44
-59
-61
-48
-41
-45
-42
-27
-26
-19
-24
-23
-13
-28
-31
-31
-37
-39
-42
-53
-49
-55
-63
-72
-66
-68
-77
-95
-99
-81
-81
-101
-102
-99
-74
-92
-103
-84
-94
-88
-74
-70
-58
-62
-62
-44
-49
-48
-27
-28
-38
-37
-28
-31
-12
12
2
15
16
30
53
35
45
63
55
64
51
45
64
81
81
80
79
85
79
70
67
67
57
66
48
43
52
42
41
49
49
53
65
57
80
78
60
63
75
64
54
43
47
41
37
48
35
44
28
25
38
30
29
43
35
61
68
78
87
82
106
93
105
117
122
117
108
118
143
134
129
127
143
150
138
144
148
160
162
154
162
161
157
154
154
155
162
168
157
175
187
160
163
149
138
153
126
134
143
129
115
103
119
119
102
96
94
112
112
107
109
119
125
138
121
131
141
138
157
147
153
156
138
148
163
164
178
166
180
182
184
177
171
185
208
179
174
178
198
201
178
194
203
201
182
192
194
197
184
174
184
186
177
182
187
177
158
142
131
148
144
132
128
157
144
144
152
139
153
156
143
157
165
157
175
170
183
195
188
181
199
205
208
195
203
216
215
207
217
239
233
239
236
233
260
262
247
268
269
268
267
276
286
295
283
265
283
301
293
295
294
286
318
287
320
208
293
479
323
247
340
331
264
343
343
354
272
382
425
251
232
327
331
314
313
267
284
282
243
251
261
253
256
250
233
183
181
213
216
185
205
196
185
167
163
191
178
181
211
185
153
134
163
188
195
217
187
155
155
143
124
130
151
160
142
134
125
107
114
120
118
110
113
96
113
105
100
93
83
86
68
72
60
71
76
62
71
60
46
46
18
26
26
5
8
23
14
9
-2
-19
-2
-2
4
1
16
13
26
39
30
69
80
75
66
90
92
100
121
116
135
131
133
130
139
136
155
142
119
135
131
133
135
138
126
130
130
129
140
137
120
124
127
141
132
124
122
124
121
108
110
113
118
100
92
93
104
98
86
89
99
88
68
98
89
87
89
102
101
95
86
83
105
104
96
87
88
96
96
75
99
84
85
88
88
80
78
96
87
96
104
116
106
114
119
134
125
96
113
95
77
97
89
89
82
73
65
64
61
59
57
52
74
64
40
56
57
48
30
20
40
39
21
28
29
30
49
50
39
42
62
63
47
65
63
71
78
52
86
92
62
85
108
80
103
106
106
114
112
112
121
112
96
98
88
83
75
75
71
65
74
57
49
50
58
64
54
49
49
62
54
54
53
46
60
58
56
55
64
53
58
64
59
66
60
73
78
77
80
82
84
101
89
104
100
102
123
108
102
120
125
134
133
151
158
168
167
161
170
178
169
181
191
190
201
185
208
220
199
204
200
207
216
201
200
212
195
189
191
180
173
164
173
155
135
149
128
111
127
103
96
82
52
76
68
41
35
34
29
33
28
16
20
14
5
-3
12
-11
-19
-25
-43
-31
-36
-40
-33
-42
-45
-55
-45
-44
-40
-31
-37
-45
-33
-51
-53
-45
-51
-28
-38
-47
-51
-47
-54
-66
-60
-56
-69
-68
-58
-53
-51
-49
-56
-33
-30
-42
-17
5
-4
13
-2
0
3
12
23
1
18
5
4
10
-9
-22
-14
-32
-26
-30
-41
-36
-38
-48
-60
-69
-76
-69
-82
-88
-80
-72
-83
-82
-87
-91
-69
-97
-101
-86
-86
-89
-73
-79
-68
-68
-66
-76
-53
-65
-49
-88
-121
-10
-31
-38
-36
-58
-75
-51
-55
-64
-69
-59
9
-36
-43
-41
-84
-52
-49
-63
-35
-30
-42
-27
-199
84
73
-93
0
-71
-71
-20
3
-24
5
-37
95
26
-89
-3
-57
-20
70
17
13
27
7
11
32
33
63
58
77
68
42
65
104
98
90
98
84
98
102
75
67
70
78
91
65
42
54
47
37
71
59
36
30
29
39
52
51
52
49
56
52
50
58
65
61
58
70
76
69
62
52
42
49
27
19
26
34
20
18
8
-6
8
-4
-9
-11
-5
-38
-44
-11
-42
-14
-166
43
61
-105
53
-35
-67
-28
-44
-85
-44
-25
53
-16
-66
10
-105
-88
4
-86
-51
17
-53
-66
-64
-76
-70
-56
-42
-31
-64
-54
-36
-64
-42
-37
-51
-41
-24
-36
-57
-43
-20
-14
-16
-8
-15
-5
-4
-23
-7
-12
-36
-28
-28
-24
-10
-22
-32
-20
-47
-67
-45
-46
-47
-74
-58
-55
-66
-53
-74
-63
-51
-58
-54
-39
-45
-55
-48
-51
-51
-47
-40
-46
-34
-29
-36
-29
-27
-6
23
15
7
-2
14
-3
0
20
-14
21
2
-17
6
3
-10
-15
-13
4
-7
-28
-30
-29
-15
-35
-33
-43
-51
-48
-82
-66
-82
-74
-63
-93
-85
-76
-95
-116
-128
-111
-115
-105
-117
-119
-116
-142
-132
-114
-133
-125
-118
-117
-93
-121
-127
-100
-112
-97
-112
-94
-90
-104
-90
-108
-109
-104
-88
-81
-85
-79
-69
-78
-82
-72
-50
-60
-72
-65
-41
-43
-69
-47
-50
-51
-47
-69
-66
-61
-69
-70
-78
-107
-99
-102
-99
-114
-127
-128
-134
-137
-144
-161
-174
-168
-169
-168
-169
-183
-176
-177
-186
-183
-187
-177
-171
-161
-162
-149
-146
-136
-114
-117
-94
-100
-97
-91
-85
-81
-60
-61
-57
-48
-50
-49
-36
-19
-37
-10
-27
-35
-23
-31
-26
-24
-26
-19
-21
-18
-9
-18
-27
-26
-41
-20
-28
-23
-22
-26
-21
-45
-39
-32
-47
-41
-41
-35
-31
-55
-39
-47
-52
-43
-53
-54
-47
-37
-45
-32
-30
-29
-21
-51
-21
-13
-28
-30
-31
-35
-47
-40
-44
-25
-35
-34
-24
-40
-43
-35
-27
-33
-52
-47
-56
-67
-80
-86
-71
-91
-92
-69
-72
-86
-67
-74
-78
-107
-91
-63
-77
-68
-72
-83
-84
-94
-104
-87
-83
-92
-84
-81
-60
-79
-76
-82
-91
-82
-77
-65
-74
-55
-64
-86
-84
-83
-71
-78
-101
-86
-97
-83
-79
-81
-72
-69
-61
-72
-68
-56
-57
-65
-61
-54
-64
-67
-63
-70
-75
-95
-73
-95
-89
-103
-87
-67
-79
-84
-162
-95
-81
-151
-130
-129
-150
-131
-133
-146
-133
-159
-87
-92
-142
-125
-158
-151
-117
-104
-101
-87
-78
-87
-93
-123
-102
-95
-78
-57
-85
-68
-45
-72
-77
-85
-77
-65
-57
-86
-73
-65
-70
-60
-77
-88
-75
-72
-58
-34
-40
-32
-64
-44
-52
-41
-39
-63
-45
-52
-59
-47
-75
-83
-72
-67
-40
-17
-25
-38
-59
-81
-72
-100
-69
-55
-80
-40
-50
-95
-78
-122
-128
-87
-94
-65
-106
-112
-114
-145
-146
-125
-128
-113
-104
-138
-129
-153
-142
-121
-141
-120
-116
-110
-81
-82
-85
-105
-81
-85
-78
-85
-66
-49
-74
-94
-94
-70
-75
-67
-54
-69
-70
-91
-97
-106
-126
-123
-101
-78
-111
-104
-122
-155
-157
-187
-178
-139
-153
-129
-127
-133
-142
-162
-155
-173
-160
-153
-125
-130
-123
-125
-143
-139
-135
-159
-145
-105
-115
-71
-92
-103
-87
-114
-134
-124
-123
-84
-80
-104
-77
-61
-96
-127
-132
-95
-75
-100
-84
-76
-88
-123
-125
-116
-108
-78
-54
-57
-61
-94
-57
-43
-90
-73
-72
-71
-41
-45
-72
-76
-113
-80
-32
-69
-55
-49
-43
-59
-44
-3
-49
-57
-80
-29
-60
-35
30
-59
-30
-73
-62
-14
-57
-26
-19
-28
3
50
5
-31
-31
-8
15
-7
-8
-26
-36
-29
-33
22
37
-9
-14
-23
-70
2
29
23
-11
-25
94
61
17
8
-7
8
103
95
87
28
94
40
28
40
60
31
-7
48
6
59
17
37
-42
-18
27
4
-32
-7
0
-41
73
-21
-109
-43
-78
4
18
4
33
-36
-108
-53
-4
-56
48
-76
-24
10
-65
-21
-134
-45
-38
-54
-38
-28
-97
-77
-66
-150
-67
-128
-118
-94
-85
-78
-87
-128
-119
-95
-152
-117
-81
-103
-36
-50
-100
-16
-152
-100
-31
-52
12
24
1
6
-7
-74
-3
-112
-4
72
15
29
17
26
-13
-56
-121
45
53
82
99
77
103
8
-110
-105
-9
-35
53
5
147
1
-134
-137
-101
-185
-111
-92
161
50
-63
11
-93
-78
-202
-156
-13
149
-52
212
-56
-45
-57
-220
-205
-22
50
-14
199
94
72
-79
-205
-74
-110
-142
115
116
126
80
-30
-103
-145
-180
-96
86
121
83
75
-71
-103
-180
-257
-135
23
-33
78
99
-113
21
-357
-215
-54
-69
33
99
58
88
-50
-291
42
-155
-106
56
27
114
80
-106
-105
-84
-205
-79
-14
73
72
35
-22
-92
-102
-162
-84
10
21
-2
10
44
37
-210
-18
-55
-10
35
-12
68
-38
-43
-93
1
-90
-30
-14
-93
44
-123
-95
-9
-99
-66
-109
-12
-48
4
-159
57
-137
-115
130
-135
155
-194
65
2
-92
13
-1
-37
106
-67
-23
239
-154
68
-57
44
29
54
129
167
-162
219
160
20
160
102
52
174
164
201
213
105
269
142
297
184
221
169
261
90
260
210
222
123
168
218
234
59
240
67
70
179
23
322
12
117
146
211
1
264
16
87
223
35
307
47
153
59
98
218
-77
355
-110
227
30
220
136
-13
291
-79
287
-301
486
-159
31
195
-107
169
-166
129
-72
-52
35
175
-254
205
7
-10
11
-57
181
-93
-21
59
81
-174
189
-67
23
-32
-5
-29
-183
181
-185
-90
69
-180
141
-220
49
80
-352
189
-193
-48
-19
-62
-9
-16
-21
-91
72
-129
131
-167
100
-7
34
34
70
87
-41
105
180
36
80
136
-158
392
-260
460
27
7
296
-128
361
72
226
136
-46
315
108
96
293
134
58
78
118
146
91
-37
303
80
6
285
-193
414
-219
154
211
-166
396
-198
496
-176
232
197
160
35
91
88
77
228
-188
530
-182
212
279
-66
346
-178
243
-47
119
125
126
-19
-37
88
47
-138
97
412
-502
509
-280
-181
421
-509
629
-445
134
108
60
-104
379
-180
-30
275
-365
477
-440
361
27
-287
280
-9
-128
103
-30
-185
126
-55
-80
222
-305
99
-14
-297
202
-263
-133
258
-313
154
-119
-138
182
-270
161
-321
321
-338
93
97
-119
250
-252
146
-199
73
-102
75
55
-186
186
-32
-7
74
-89
-185
120
-59
110
102
73
-157
277
-378
354
-5
-264
488
-333
307
150
-271
477
-475
369
-96
58
62
-20
10
79
126
-272
402
-417
403
-274
182
46
-22
86
-16
60
18
32
-14
322
-92
0
266
-197
395
-199
235
103
-199
453
17
181
-244
420
-281
343
94
-83
324
-172
247
44
218
-110
271
-251
311
276
-543
703
-389
324
-132
-17
242
-196
51
84
121
-139
211
81
-100
87
-1
115
34
-10
113
-129
287
-239
341
-253
174
-7
5
291
-277
232
-86
70
107
-272
454
-506
494
-405
186
148
-282
305
-291
333
-338
306
-138
0
98
-290
447
-317
99
142
-276
88
-98
273
-306
323
-414
340
-301
145
45
-169
115
6
48
-116
80
-61
55
-266
355
-199
89
40
-63
243
-266
210
103
-59
210
-91
258
-83
139
234
-194
329
-278
350
-57
190
-85
132
35
-128
324
-496
440
-362
38
224
-255
207
-294
16
8
-147
-40
3
5
-265
242
-365
388
-354
42
-7
-128
72
-28
-27
34
-13
-355
337
-442
389
-437
229
-217
-133
-33
-129
-25
-165
-145
108
-189
-41
-111
-95
-106
-119
-97
-108
73
-365
383
-495
123
-189
-18
44
-270
146
-270
142
-83
-180
224
-381
230
-240
-140
123
-277
-76
1
-191
-186
160
-352
251
-214
-220
222
-430
-14
-100
-299
158
-350
58
78
-319
85
-271
-44
-275
141
-368
167
-284
-2
54
-502
219
-424
54
-123
-1
-99
-134
-114
24
-238
-127
-33
-133
-97
-124
143
-334
139
-335
295
-268
-29
-63
-164
194
-358
258
-386
340
-376
153
-65
-126
54
-269
375
-444
407
-596
375
-269
-118
324
-538
469
-335
61
-7
-45
-99
95
-125
38
278
-466
348
-206
-180
289
-364
269
-24
-292
344
-132
11
-98
32
-217
104
3
-72
315
-465
272
-28
-128
162
-222
204
-282
130
37
31
-7
-151
223
-200
164
-108
-14
-178
112
-146
-62
8
-110
35
-332
-78
116
-384
146
-41
-317
31
-148
-5
-114
-37
-161
30
-376
143
66
-505
374
-440
123
-90
-104
-171
225
-489
366
-320
-131
342
-571
342
-144
-109
-206
520
-610
660
-997
661
-315
-95
320
-401
210
-135
1
66
0
-122
210
-315
198
99
-306
65
237
-497
484
-441
397
-202
45
-248
497
-730
480
-178
-106
13
-409
478
-302
178
-495
375
-356
237
-320
248
-423
83
-149
293
-506
149
-300
334
-393
-52
400
-487
396
-424
239
-431
177
-465
377
-493
120
2
-223
-57
-67
-341
-85
-214
6
-101
-284
87
-243
-64
-217
216
-571
105
-195
57
-53
-290
312
-608
271
-18
-327
278
-310
212
-253
0
-180
168
-496
287
-61
-560
482
-622
427
-567
196
-311
-107
71
-123
-178
-244
11
-268
23
-138
-3
-377
47
152
-478
256
-568
-52
-214
2
-9
-383
423
-363
123
-376
122
-118
-203
-168
211
-63
-186
-4
-5
-293
167
-440
404
-404
10
107
-109
57
-103
-46
-142
150
-425
381
-495
376
-186
-188
228
-163
-308
246
-235
111
-43
-186
71
-263
-114
10
-121
-91
102
-361
106
-139
61
-445
393
-422
235
-118
-158
244
-571
453
-416
360
-672
448
-273
18
1
-166
49
-347
299
-635
413
-263
-159
347
-582
535
-722
283
101
-391
95
-338
387
-634
702
-847
635
-865
608
-188
-22
-48
-206
120
-187
348
-442
108
-104
-122
49
-229
226
-358
111
-205
230
-68
-152
277
-525
513
-583
316
-510
445
-669
727
-641
534
-438
120
-111
13
-22
-274
499
-756
785
-924
903
-822
366
-342
15
-333
6
15
-352
518
-538
363
-298
18
140
-332
33
164
-246
267
-252
272
-42
-81
96
214
-316
104
301
-315
632
-562
717
-848
868
-353
95
-161
111
-49
57
122
36
-178
373
-384
681
-579
223
93
-221
470
-400
536
-440
620
-621
903
-822
759
-370
668
-386
372
-253
350
-313
264
-11
-124
489
-272
85
-374
234
-50
-18
-230
212
-239
145
-23
162
-344
242
-376
153
-181
-138
184
-436
432
-599
388
-348
-107
303
-535
455
-540
581
-554
493
-603
322
-139
-422
488
-636
295
-204
-156
339
-462
256
-405
316
-533
489
-371
-15
111
-655
550
-1093
903
-865
506
-162
166
-497
375
-372
353
-279
-239
635
-489
137
-283
316
-622
529
-797
920
-696
203
194
-290
297
-242
115
-191
144
-360
336
-255
188
332
-644
590
-516
-88
93
-460
879
-1028
738
-482
123
-261
147
61
-387
456
-772
973
-1079
527
-454
-351
375
-718
796
-851
723
-562
192
34
-350
510
-789
712
-532
374
-238
133
-254
109
30
-427
788
-618
459
-51
-76
102
-348
501
-149
77
-342
653
-594
516
-96
-183
237
-503
371
-213
202
197
-471
755
-702
922
-845
83
410
-762
948
-517
380
-940
1011
-1268
1005
-494
-265
1033
-1802
1457
-871
97
-225
173
-290
275
-446
153
101
-820
510
-166
-525
697
-802
514
-278
-335
435
-367
-83
161
-12
-589
926
-1113
898
-583
139
-192
117
-147
7
199
-640
819
-948
794
-673
411
62
-206
565
-622
662
-616
601
-73
-249
798
-670
745
-120
266
-439
384
-146
140
480
-858
1161
-823
611
77
-330
567
-711
957
-917
1129
-797
517
-312
421
-118
116
369
-629
786
-755
801
-642
263
178
-197
-50
575
-146
179
-162
289
-191
30
180
177
-130
156
-106
360
-281
242
0
-224
574
-116
-15
271
-292
305
-322
403
-220
352
-230
635
-213
-117
487
-114
89
-42
443
-328
538
-300
721
-611
360
-111
377
-351
279
75
102
-209
298
-373
298
-558
730
-578
659
-419
181
524
-979
922
-1099
1193
-1123
1331
-930
856
-750
544
17
-425
440
-284
656
-662
573
-451
89
6
400
-412
294
-82
377
-350
340
-251
49
236
-55
461
-412
261
0
294
17
-26
151
-157
517
-322
236
-143
18
243
-45
444
-533
382
-183
57
103
-274
272
-311
-31
127
51
-123
-78
279
-276
-1
145
-132
131
-75
-29
61
-12
35
-177
4
-314
351
-343
-9
417
-780
588
-469
99
141
-536
577
-754
573
-854
1140
-1003
496
-53
-544
666
-907
943
-677
519
-607
747
-586
-156
242
-424
663
-577
257
-99
-124
-173
33
186
-539
195
98
-89
-170
186
-319
601
-543
559
-299
229
-423
501
-404
545
-285
236
-305
452
-410
628
-262
225
371
-635
576
-553
872
-1083
1540
-1334
1597
-1107
498
-63
48
-161
427
-121
350
-239
281
338
-283
-114
256
55
-252
732
-746
1069
-907
691
-173
-31
-383
366
-517
616
-682
854
-562
364
-317
239
-52
-258
418
-399
379
-548
517
-456
268
126
-625
736
-562
72
561
-770
866
-664
445
-152
58
-188
131
15
46
454
-586
153
626
-962
612
-123
-91
354
-328
1269
-1362
1069
-1237
997
-1198
1193
-494
267
476
-754
466
-553
568
-504
477
33
-146
213
252
-581
776
-1350
1644
-1137
642
-210
-178
55
-204
224
-205
-8
-344
415
-754
940
-984
713
-455
225
-224
-241
-76
-167
416
-941
1309
-1212
833
-155
-489
638
-1174
880
-715
648
-433
108
187
-628
923
-1002
453
-384
555
-452
520
-159
-199
515
-480
670
-420
-236
481
-281
629
-91
-257
675
-610
1210
-1310
1012
-639
782
-441
989
-409
-83
838
-1126
1806
-1564
1422
-1032
1432
-734
589
-38
197
73
-53
453
-217
454
-371
954
-475
153
239
-167
-189
484
-752
714
-230
-84
641
-545
-239
564
-838
306
236
-779
518
-410
279
-25
69
-365
514
-482
146
259
-242
629
-686
802
-497
262
-329
-46
448
-708
852
-401
234
75
-330
619
-907
814
-1077
604
-257
30
53
-240
508
-641
658
-886
587
-494
118
473
-313
281
-199
73
-12
-212
-56
5
53
-147
392
-484
40
144
-638
876
-1217
1170
-1176
749
-781
386
-196
-440
803
-1251
1122
-1304
984
-580
117
31
-513
667
-1029
1151
-1489
1074
-1247
877
77
-814
1146
-1367
904
-683
595
-369
59
2
59
-225
-318
475
-966
656
-301
523
-611
246
233
-321
-193
415
-401
450
-413
295
172
-200
4
399
-450
209
-270
1
343
-648
915
-678
708
-888
1053
-835
677
-1131
853
-531
129
193
-521
113
-173
176
17
16
-492
438
-730
592
-327
-142
-19
185
-96
-61
-97
564
-1160
1088
-701
504
-90
55
-72
-54
-384
454
-96
-559
756
-484
277
-234
-14
-303
-98
-430
220
-299
49
-129
308
-1194
534
-72
-626
800
-789
432
-201
-450
400
-416
-473
455
-141
-519
745
-509
-277
332
-959
789
-984
469
-112
-355
204
-295
-118
-99
-185
-458
-156
-70
125
-368
-160
-94
-28
-533
421
-611
-285
77
18
-353
119
-619
57
-244
-83
-179
64
-697
699
-399
-638
416
-573
-89
-2
-383
-35
1
-723
750
-970
-577
614
-1162
844
-318
-551
695
-1121
292
-660
128
-242
-99
-212
129
-60
-75
-716
-104
-109
-476
13
-76
-52
-243
284
-193
119
-985
882
-496
169
-390
69
133
-509
475
-469
-114
-403
453
-278
-6
312
-432
443
-377
137
-180
-262
11
-267
-72
-79
223
-916
546
-622
81
-319
113
205
-555
208
33
-183
-821
647
-884
112
133
-532
734
-997
550
-480
198
-366
-253
-12
-614
569
-806
235
-644
221
-348
338
-371
-254
17
-506
296
-553
349
-66
-331
-281
379
-779
816
-455
103
-245
-78
352
-605
65
-49
-452
272
235
-222
127
-430
-92
119
-202
113
-85
-506
521
-248
-222
131
23
-564
634
-641
359
-59
-188
247
-472
-187
-88
-151
-526
414
-766
532
-346
-171
128
-837
461
-327
-350
95
28
-513
531
-454
248
-479
-539
643
-691
-160
-4
-129
-152
242
-172
-22
-513
-144
-277
74
-266
-97
121
-77
-153
3
-267
-182
-254
-265
168
-17
-60
-26
129
-392
-9
229
-1015
626
-337
111
290
-509
84
-129
-152
-498
589
-990
947
-345
123
559
-585
275
-286
415
-329
48
241
140
-324
175
149
-232
195
76
24
-23
40
637
-597
424
-32
-285
-10
67
86
-124
-219
75
452
-624
669
-78
-395
69
-144
193
81
-238
443
-38
-464
278
-105
-108
95
118
-173
344
133
212
75
275
-35
-67
-5
108
41
15
227
-27
251
-173
150
0
29
49
363
-34
213
261
78
52
-238
520
-189
-136
527
40
-85
-92
379
-223
-93
-12
382
109
-291
581
-455
341
-224
226
-319
-122
93
-351
60
250
-32
-171
13
270
30
-366
205
276
-293
-131
514
-269
313
-269
112
-16
159
-344
-28
359
-587
398
-378
253
-282
-107
232
19
-337
-119
162
-587
270
66
-538
16
-204
20
-212
-100
120
-190
-186
282
88
-529
174
-58
-59
-94
233
-295
-2
269
226
1
-390
431
-188
86
43
94
-122
6
192
-299
121
-48
213
-135
233
-58
33
49
120
150
-189
49
121
107
208
147
26
177
-74
256
327
72
163
47
-8
198
44
12
294
-404
-9
241
-161
-66
-287
84
-85
-143
53
73
18
-208
257
226
147
184
3
12
-47
-6
-137
490
-232
200
-17
234
313
-147
423
107
326
96
377
199
100
11
68
233
-13
60
60
226
119
110
310
139
26
137
126
-37
325
47
137
166
119
120
179
214
103
56
-108
410
-106
192
107
9
73
167
126
-12
47
90
248
-49
286
94
-78
214
-2
199
158
215
406
-4
216
133
435
-31
539
281
86
320
-69
487
-69
258
187
496
169
466
170
244
304
-22
263
187
118
304
183
92
262
157
295
138
292
117
303
122
319
273
-38
377
89
108
313
109
341
25
-98
325
-30
271
185
82
324
299
135
407
16
9
124
24
283
157
48
116
107
71
143
139
207
-128
-108
182
153
88
231
125
169
426
310
301
367
145
221
338
195
303
136
586
427
109
226
231
289
356
331
236
197
-91
116
175
167
139
-32
376
175
35
237
56
152
108
208
300
127
210
18
171
155
132
221
100
224
54
80
105
46
23
-61
-29
131
15
35
84
65
4
-54
-24
-167
-77
-55
153
163
178
97
-2
150
-108
81
24
218
178
120
95
-99
-14
-90
-150
-14
-55
-151
111
21
8
-202
-142
-5
38
157
93
89
28
160
118
9
3
-154
103
173
152
217
83
-6
142
78
54
124
162
211
404
201
283
37
20
165
-96
230
208
194
322
161
145
-40
-44
-55
-18
135
257
255
330
108
34
-55
-176
0
-170
135
45
176
139
-28
-64
-242
-301
-299
-132
-116
22
12
-3
-76
-138
-237
-320
-201
-329
-93
-62
64
35
88
-81
-147
-283
-424
-271
-27
-7
108
80
-66
-132
-368
-292
-206
-133
186
44
0
139
-203
-59
-203
-148
109
32
486
311
255
251
355
323
455
332
447
450
490
614
600
661
501
542
321
496
339
337
574
570
647
590
330
398
95
191
192
287
271
316
491
202
380
-96
-43
-183
-95
20
123
385
180
192
-147
-143
-332
-512
-264
-351
-259
-238
-439
-467
-683
-768
-877
-867
-962
-923
-1050
-955
-879
-872
-839
-900
-984
-924
-1029
-922
-839
-800
-662
-538
-507
-428
-625
-552
-654
-534
-403
-510
-291
-233
-223
-62
-30
166
131
115
416
420
654
1046
1416
1719
1979
2107
2331
2614
2820
3438
3637
4023
4495
4752
5420
5811
6102
5961
5936
5819
5207
4627
3402
2034
-572
-2893
-3554
-3673
-2852
-2584
-2763
-3063
-4652
-6398
-7332
-7583
-6886
-5762
-3871
-1281
-468
-375
-604
-1117
-1299
-1628
-234
1844
3207
4251
4618
4882
3834
1926
437
-717
-1608
-2246
-2336
-1475
-1688
-2640
-3407
-5327
-6459
-7680
-7858
-6050
-5042
-3691
-2589
-1831
-1524
-1984
-2111
-1799
-1226
-252
971
1794
2478
2344
1950
1952
1853
2177
2103
2919
3327
3173
3079
2621
2280
2073
2443
3189
4329
5163
5918
6814
7574
7927
8199
7686
8101
6644
5249
3157
-2113
-2278
-2526
-1995
385
-1416
-1196
-2985
-7162
-8009
-9641
-9248
-7072
-5947
-1722
443
-609
-327
-1704
-2176
-2685
-2312
1691
3770
5344
6269
6283
6009
2807
722
415
-454
-702
-248
1165
1534
-857
-3354
-4964
-7117
-8777
-9015
-7010
-4723
-4114
-2880
-1763
-1593
-2278
-3604
-2339
-917
-284
1423
2740
3459
2259
809
740
180
-301
-167
375
949
494
-583
-1171
-2089
-3019
-3871
-3376
-1977
-1208
-972
-695
-633
-1020
-795
469
2472
4482
6095
7896
9346
10138
10333
10817
11571
11859
12398
11897
11288
9280
5201
-1382
-6311
-6636
-6795
-4687
-2912
-2980
-3824
-7777
-11520
-12789
-13355
-11728
-8729
-4593
685
1822
1641
1983
375
-1200
-1690
1324
5362
7759
9264
10442
10063
6540
2442
241
-1374
-2926
-3298
-1638
-183
-1941
-4940
-7014
-9124
-11637
-12426
-10481
-6844
-4280
-2440
-229
1073
557
-409
426
2163
3497
4442
6038
6780
5211
3257
1815
820
-257
-1854
-2030
-1796
-2341
-2835
-3802
-4699
-5376
-6548
-6412
-4739
-3389
-2509
-1863
-1362
-709
-548
435
2703
4866
6924
9016
11107
12545
13406
13137
13234
13425
13323
13308
12143
11147
7655
2050
-5333
-11327
-11266
-10920
-7860
-5278
-5545
-6304
-10644
-13879
-13833
-13597
-10866
-6375
-951
4918
6279
6068
6345
3980
1903
1250
3854
7438
8800
10158
10780
9459
4847
-144
-2814
-4859
-6253
-5759
-3318
-1707
-3365
-6170
-7741
-9512
-11320
-10986
-8275
-4089
-884
1555
4402
4951
4023
3120
3021
4663
4759
5128
6732
6300
4710
1739
-1268
-2892
-5353
-6982
-6437
-5977
-5506
-5307
-6178
-6897
-8213
-8907
-8172
-5921
-3528
-1902
-427
212
902
411
1135
2667
4639
6737
8698
10989
12091
12623
12140
11559
11076
10671
11037
10825
10763
8951
5202
1110
-4306
-12397
-15227
-13612
-11134
-5798
-4623
-3505
-4011
-8714
-10196
-10127
-8618
-3745
340
6011
11655
10943
9980
8420
4725
2630
1504
3817
7213
8662
9171
9012
6140
772
-3958
-7168
-8186
-8246
-7092
-3942
-2833
-4181
-5825
-7471
-8672
-9749
-9072
-5466
-1209
2600
5400
6982
6907
4736
2671
2301
2500
2793
3265
3308
2504
-956
-4086
-6316
-8062
-8455
-8207
-6854
-5941
-5708
-6112
-7079
-8281
-8397
-7362
-5364
-2234
-95
1059
1421
1142
902
1259
3018
5098
7408
9456
11050
12087
12026
11977
10890
9389
8759
9407
10262
10843
10202
7797
3850
-1314
-7769
-14404
-13863
-11386
-7426
-2034
-876
-84
-2880
-7458
-8156
-8615
-6656
-1483
2946
8930
12161
10113
9101
5836
1161
-745
-1204
1794
5071
6301
7562
6820
2437
-2504
-6912
-9454
-9932
-9804
-7187
-3645
-2720
-3175
-4520
-6761
-8478
-9736
-7973
-3627
523
4316
6648
7259
6095
3389
1433
764
363
598
1130
1128
-182
-1569
-3961
-5560
-6550
-7821
-7348
-6423
-4842
-4162
-4050
-4161
-5119
-5316
-4659
-3325
-1569
578
1840
2280
2711
3264
3853
4607
6627
8332
10141
12000
13177
13494
12782
11777
10239
10469
10169
9653
9466
7053
3616
-1821
-10314
-15122
-14389
-12881
-7292
-3935
-2827
-1530
-5719
-8159
-8611
-9639
-6170
-2091
2547
9496
10764
10147
10210
5697
2392
-42
-552
2931
4867
6768
8682
6997
2945
-1646
-6570
-8601
-9878
-9924
-6644
-4361
-3180
-2951
-3860
-5175
-7521
-8897
-7423
-4200
-9
3911
6693
7837
6514
3762
1679
658
-107
-903
-855
-515
-644
-1037
-1852
-3244
-5589
-7369
-7989
-7604
-5950
-4443
-3486
-3199
-3581
-4074
-4415
-3871
-2694
-1394
-357
706
1530
2347
3476
4838
6194
7362
9160
10580
11754
12913
12989
12477
11600
10910
10210
9182
8844
6981
2769
-2164
-10023
-14003
-12395
-10818
-6141
-3698
-3386
-3124
-6872
-8757
-8341
-8758
-5310
-1325
2577
8434
9464
9422
9580
5740
2876
1024
659
3166
4895
6265
7762
5936
2181
-1563
-6180
-8274
-9807
-10167
-7447
-5695
-4556
-3562
-4061
-4895
-6631
-8518
-6990
-4641
-1051
3099
5680
7429
6532
4325
2694
1093
-710
-1885
-1776
-1059
-185
45
-333
-1760
-4213
-6122
-7454
-7446
-6221
-4874
-3394
-2245
-2239
-2813
-3273
-3363
-2971
-2372
-1090
462
1591
3311
5062
6238
7636
8625
9542
11359
12453
13072
13953
13469
13102
11973
10070
9142
7071
2823
-1791
-9107
-13975
-13047
-12220
-7936
-4953
-4887
-4496
-7651
-10161
-9950
-9890
-6358
-1688
1953
7353
9566
9566
10291
7774
5130
3305
2086
3618
5377
7071
8957
7894
4557
574
-4565
-7554
-9310
-9977
-8098
-6468
-5592
-4917
-5197
-5950
-7078
-9007
-8985
-6974
-4073
72
3747
6101
6883
5216
3757
1878
-799
-1893
-2475
-1773
-294
408
532
-473
-2495
-4772
-6854
-7754
-7220
-6158
-4524
-2728
-2264
-2470
-2949
-3444
-3633
-3494
-2742
-1471
177
2072
4219
6144
8232
9631
10610
11883
12877
13786
14745
15664
15271
14109
12918
10720
7453
2966
-3477
-9741
-11783
-11870
-9638
-6647
-5201
-4346
-6662
-9512
-11224
-12311
-10387
-6387
-2523
2771
6559
7870
9560
9110
7636
5889
3874
4021
5022
6359
9059
10455
9288
6563
1552
-3294
-6780
-9367
-9422
-8462
-7499
-6647
-6833
-7248
-7936
-9471
-10688
-10933
-9786
-6809
-3158
1034
4355
5588
5389
3720
1150
-1225
-2427
-2396
-1550
131
1576
1888
1209
-315
-2610
-4947
-6345
-6628
-5739
-4165
-2516
-1356
-1173
-1539
-2309
-3625
-3901
-3301
-1992
262
2684
5345
7826
9478
11254
12273
12709
14153
14789
14922
15698
15425
14276
11535
6585
487
-5750
-8073
-8103
-7343
-5538
-4293
-4102
-5924
-8769
-11521
-13216
-12858
-10316
-6911
-2373
1651
3834
5609
6218
5803
4758
3968
4173
4746
6080
8385
10460
10979
10105
7238
2972
-1333
-4731
-6329
-6539
-6245
-5973
-5962
-6775
-7800
-9349
-10658
-11131
-11128
-10460
-8699
-5713
-2378
851
3167
4161
3063
615
-1590
-2861
-2771
-1411
420
1763
2627
2400
1227
-406
-2015
-3202
-4264
-4366
-3519
-2416
-1040
0
287
-256
-1597
-2876
-3325
-2941
-1037
1641
4232
6977
9105
10364
11176
11679
11955
12059
12153
12241
11521
9491
5963
1454
-1447
-2472
-2601
-2066
-1387
-901
-1566
-3740
-6220
-8389
-9707
-9469
-8201
-5993
-3520
-1829
-171
1131
1693
1624
1117
793
768
1375
3068
5557
7470
8391
8026
6431
4264
1677
-275
-1184
-1904
-2177
-2250
-2396
-2591
-3427
-4747
-6091
-7293
-8102
-8285
-7948
-6724
-5008
-3165
-1100
184
189
-683
-2035
-3238
-3871
-3558
-2383
-1126
-162
317
-25
-828
-1499
-2170
-2756
-3143
-3113
-2623
-1849
-974
-226
12
-77
-567
-1267
-1413
-928
206
1726
3315
4654
5562
6489
7524
8298
8788
9287
9343
9091
8417
6832
4575
2185
866
278
193
692
1166
1514
1259
-159
-2160
-3981
-5251
-5462
-5080
-4135
-2956
-2119
-1039
-118
325
321
-49
-476
-888
-1068
-581
665
2152
3393
4126
4133
3447
2374
1166
221
-467
-1091
-1436
-1581
-1598
-1611
-2075
-2667
-3284
-4407
-5330
-5977
-6145
-5339
-4225
-2864
-1874
-1660
-1720
-2374
-3216
-3311
-3172
-2961
-2483
-2022
-1581
-1473
-1325
-1275
-1360
-1743
-1719
-1924
-1727
-1537
-1421
-1329
-1392
-1227
-1385
-1088
-988
-687
-290
634
1250
1620
2353
2784
3496
3952
4586
5545
6056
6568
6756
6748
6356
5434
3750
1765
668
225
704
1603
2573
3261
3165
2357
1384
412
-273
-293
-108
353
690
949
1191
1178
972
536
62
-600
-1284
-1785
-1798
-1147
-420
205
695
836
851
648
254
-223
-722
-1361
-1924
-2177
-2189
-1937
-2190
-2450
-2496
-2846
-2960
-3031
-2946
-2660
-2674
-2428
-2330
-2148
-1926
-2231
-2668
-2891
-3164
-3209
-3044
-2933
-2637
-2769
-2481
-2498
-2492
-2034
-1724
-2488
-2741
-2887
-3282
-3363
-3013
-2444
-2246
-1629
-646
-359
101
1134
1246
1383
1536
2022
2435
3232
4149
4938
5267
5662
5771
5293
5195
4856
4317
3412
2464
2183
2383
3149
4095
4483
4975
5003
4467
3931
3371
3106
2925
2373
2124
1780
1239
1045
1022
992
713
127
-582
-1506
-2297
-2737
-2799
-2400
-1793
-1236
-732
-566
-833
-1163
-1505
-1992
-2620
-3141
-3261
-3123
-2903
-2546
-2085
-1801
-1857
-2290
-2837
-3338
-3681
-3700
-3509
-3218
-2974
-2916
-2989
-3034
-3053
-3214
-3338
-3404
-3141
-2936
-2460
-1815
-1779
-1534
-1403
-1712
-2167
-2424
-2752
-2578
-2092
-1243
-482
-487
409
1031
1211
1357
1438
1539
1745
2412
3021
3671
4177
4686
4881
4800
4873
4689
4543
4677
4642
4279
3642
3236
3031
3474
4236
4700
5026
5197
4935
4345
3510
2784
2472
1980
1558
1389
1023
748
661
557
395
-184
-963
-1629
-2558
-3289
-3311
-2908
-2161
-1466
-1101
-766
-622
-818
-1018
-1392
-1761
-2437
-2916
-2756
-2432
-2038
-1758
-1685
-2113
-2817
-3413
-4103
-4563
-4658
-4513
-4008
-3391
-2847
-2511
-2315
-2327
-2648
-2875
-2551
-2065
-1820
-1323
-773
-562
-792
-1141
-1272
-1529
-2290
-2275
-2302
-2180
-1474
-1059
-385
149
291
-83
-94
36
491
998
1567
2507
2794
3237
3485
3699
3698
3825
4057
4094
4305
4557
4847
4639
4288
3931
3928
4262
4536
4853
4949
4919
4629
3881
3313
2952
2604
1906
1463
1179
993
804
495
236
-241
-895
-1627
-2613
-3307
-3439
-3026
-2328
-1541
-1041
-755
-586
-812
-1092
-1600
-1789
-2131
-2310
-2267
-2030
-1763
-1817
-1956
-2324
-2783
-3283
-3799
-4152
-4237
-3880
-3241
-2586
-1909
-1502
-1305
-1467
-1503
-1601
-1534
-1340
-1196
-1035
-901
-886
-1145
-1361
-1979
-2300
-2743
-2753
-2507
-2238
-1281
-848
-270
-286
-485
-75
174
80
549
1425
1952
2603
3188
3535
3682
3442
3494
3517
3654
4239
4664
5184
5680
5264
4285
3574
3229
3361
3797
4429
4986
5093
4937
4481
3542
3003
2613
1916
1410
937
796
1000
1033
1007
511
-483
-1424
-2318
-2976
-3000
-2613
-1960
-1328
-877
-618
-617
-665
-1019
-1556
-1849
-2267
-2600
-2768
-2517
-2198
-2343
-2441
-2753
-3196
-3442
-3715
-3813
-3449
-2891
-2346
-1781
-1421
-1267
-1298
-1376
-1429
-1620
-1613
-1655
-1321
-1487
-1563
-1763
-2031
-2200
-2452
-2471
-2727
-2411
-1856
-1661
-1463
-784
-686
-1071
-638
200
152
120
1086
2059
2526
2731
3057
3313
3175
3783
3933
4029
4501
4945
5332
5908
5921
4796
3668
3105
3379
3721
4494
5305
5509
5376
5042
4245
3215
2543
2127
1494
1102
908
807
786
766
601
-12
-884
-1522
-2121
-2715
-2622
-2079
-1429
-922
-733
-678
-636
-908
-1464
-1955
-2558
-2968
-3194
-3261
-3009
-2680
-2653
-2663
-2834
-3074
-3355
-3727
-3593
-3326
-2860
-2092
-1647
-1485
-1585
-1826
-2026
-2256
-2346
-2298
-1979
-1792
-1996
-2013
-2140
-2084
-2225
-2397
-2321
-2149
-2122
-1733
-1283
-1146
-882
-678
-61
532
539
686
1047
1739
2025
2753
3361
3539
4190
4912
5528
5695
5755
5893
6577
6780
6925
6466
4831
4090
3355
3453
4365
4759
5024
5081
4390
3351
2163
1071
765
205
-426
-599
-927
-906
-696
-653
-827
-1299
-2001
-2584
-3042
-3189
-2544
-1791
-937
-362
-297
-315
-670
-1298
-2013
-2454
-2707
-2956
-3101
-3006
-2766
-2590
-2401
-2480
-2828
-3295
-3729
-4060
-3967
-3381
-2555
-1925
-1703
-1624
-1799
-2321
-2675
-2824
-2695
-2416
-2217
-1832
-1507
-1391
-1324
-1276
-1631
-1519
-1546
-1705
-1499
-737
-271
18
444
733
916
596
1007
1490
1628
2340
3296
3669
4707
5753
6608
7330
7784
7882
7765
7594
7258
6393
4668
3647
3382
3606
4320
4670
4704
4429
3239
1690
-140
-1700
-2169
-2324
-2420
-1834
-1485
-1442
-1442
-1760
-2181
-2925
-3526
-3564
-3448
-2827
-1414
126
1356
1891
1536
788
-161
-1258
-1723
-1718
-1422
-1276
-1416
-1422
-1495
-2016
-2838
-3577
-4188
-4532
-4985
-5164
-4718
-3884
-2787
-2016
-1838
-2161
-2787
-3363
-3491
-3172
-2753
-2075
-1239
-799
-733
-563
-851
-1326
-1837
-1783
-1684
-1462
-986
-423
195
717
1214
869
710
825
1214
1782
2474
3534
4544
5428
6626
7836
8826
9629
10111
9935
9020
7404
4241
1839
1657
2467
4175
5215
5408
5201
3120
173
-2565
-5345
-6076
-5466
-5024
-3230
-1849
-1402
-991
-1686
-2531
-3523
-4604
-4444
-3642
-2470
171
2876
4615
5257
4441
2976
1198
-530
-1080
-496
453
1176
1503
1202
204
-1804
-4449
-6799
-8283
-8883
-8604
-7516
-5887
-4107
-3332
-3510
-4194
-5364
-6562
-6899
-5906
-4065
-1895
178
1483
1465
662
-259
-1214
-1763
-1320
-280
686
1465
2235
2647
2464
2168
1742
934
1071
1867
2704
3857
5216
6665
7748
8834
9630
10188
10284
9782
8375
5922
2543
516
434
1619
3603
4505
4413
3507
790
-2565
-5437
-7400
-7295
-6283
-4893
-2654
-1498
-1413
-1449
-2458
-3500
-4347
-4538
-3295
-1230
1266
4252
6592
7628
7215
5308
3281
1706
726
928
2044
2977
3212
2630
1137
-1144
-4097
-6826
-8671
-9640
-9335
-8271
-6976
-5457
-4432
-4714
-5682
-6694
-7844
-8214
-7313
-5151
-2827
-889
869
1314
496
-386
-1054
-1558
-1220
-266
737
1475
2150
2507
2144
1766
1413
1156
1225
2053
2997
3678
4838
6187
8078
9605
10789
11663
11093
9621
6873
1920
-1970
-2263
-712
2215
4313
4573
3994
938
-3144
-6570
-9350
-9379
-7467
-5453
-2236
452
776
352
-1221
-3249
-4653
-5331
-3879
-1060
1931
5410
8254
9115
8441
6366
3676
1725
710
1023
2531
3743
4231
3808
2169
-388
-3764
-7260
-9354
-10250
-9323
-6923
-4780
-2763
-1917
-2768
-4200
-5447
-6494
-7146
-6411
-4016
-1449
272
1676
1845
258
-1121
-1818
-2361
-2077
-707
419
859
1118
1097
466
-540
-892
-735
-335
899
2114
2898
4046
5411
7003
8634
10299
11308
11429
9983
6406
984
-3201
-3154
-771
2143
4262
4548
2835
-790
-5499
-9375
-11046
-10291
-7741
-4831
-1699
562
525
-551
-2058
-3809
-4941
-4386
-1982
1334
4730
7752
9755
9696
7860
5316
3091
1882
1956
3036
4407
4994
4182
2228
-482
-3854
-7022
-9300
-9947
-8656
-6701
-4538
-2952
-2175
-2276
-3456
-4605
-4908
-4723
-3833
-1763
406
1821
2370
2141
1275
-61
-722
-586
-223
467
1252
1438
866
234
-817
-2065
-2775
-2739
-2365
-1300
-108
963
1741
2495
3556
5192
7348
9240
11084
11397
9978
5809
-566
-4637
-4314
-1810
1384
3356
3185
1582
-2406
-7370
-10739
-12233
-11052
-8428
-5691
-2356
-487
-972
-2141
-3661
-5290
-5524
-4262
-1161
2753
6286
9246
10620
9828
7864
5676
4156
3901
4655
6153
7290
6713
4678
1833
-1517
-5162
-8434
-9959
-9407
-7261
-4953
-3452
-2743
-2541
-3122
-4214
-4625
-4060
-2993
-1463
780
2683
3226
2982
2328
1233
531
966
1747
2233
2736
2921
2155
1004
119
-652
-1242
-1338
-945
-659
-187
221
548
605
1597
3318
5143
7234
8998
10524
10554
8240
3010
-3540
-6545
-4821
-1528
1586
2909
1665
-1382
-6277
-11185
-13628
-13815
-11478
-8297
-5298
-2105
-1214
-2586
-4236
-6082
-7340
-6749
-4299
-248
3918
7008
9007
9235
7904
6057
4499
3962
4675
6139
7460
7788
6434
3959
1094
-2077
-5397
-7547
-7886
-6881
-5054
-3673
-3226
-3222
-3305
-3650
-3770
-2994
-1706
-667
506
2102
2855
2542
2185
1898
1594
1922
2938
3498
3492
3257
2581
1393
323
22
-238
-513
-181
47
-121
95
138
-41
466
1961
4049
6530
8603
10448
11224
10337
7349
1083
-5213
-6843
-4487
-899
2193
2409
264
-3646
-8976
-13256
-15037
-14038
-10912
-7640
-4368
-1999
-2547
-4797
-6786
-8478
-8772
-6848
-3104
1608
5519
7780
8395
7407
5507
3863
3099
3696
5398
7171
8224
7696
5275
1943
-1326
-4295
-6754
-7601
-6630
-4738
-2804
-1874
-2232
-2932
-3323
-3559
-2979
-1393
345
1513
2412
3342
3373
2581
2105
2074
2200
3027
4246
4546
4131
3582
2612
1304
428
298
281
369
807
924
429
460
89
-142
709
2337
4859
7481
9400
11032
11769
10538
6997
678
-5428
-6425
-3679
-220
2293
1803
-1044
-5466
-10799
-14844
-15946
-14628
-11367
-7787
-4750
-2770
-3675
-6264
-8328
-9743
-9581
-7049
-2847
1717
5357
7014
7025
5974
4240
3002
2837
3790
5484
7004
7397
5873
2856
-534
-3483
-5981
-7747
-8083
-6974
-5099
-3511
-2958
-3365
-3743
-3536
-3017
-1784
287
2082
2983
3685
4288
4124
3475
3173
3336
3759
4759
5671
5472
4583
3522
2272
1136
853
1202
1438
1334
1278
794
374
301
205
337
1176
3154
5484
8431
10602
12318
13106
11998
8302
1889
-4471
-6258
-3425
249
3030
2790
-586
-5320
-11022
-15457
-16696
-15290
-11984
-8111
-4797
-3084
-3990
-6916
-9285
-10854
-10797
-8186
-3652
1249
4988
6695
6468
5369
3801
2607
2704
3983
5807
7384
7858
6393
3313
-428
-3656
-6242
-8097
-8047
-6682
-5066
-3696
-3527
-4569
-5261
-5076
-4392
-2746
-246
1905
2931
3376
3798
3526
2915
3096
3917
4849
6045
6755
6239
5090
3974
2897
2017
1850
2183
2406
2116
1800
1115
239
32
127
312
1509
3616
5734
8155
10109
11424
12126
11986
9724
4900
-1111
-4482
-3276
-412
2057
2345
-269
-4271
-8830
-13260
-15353
-14711
-12530
-9407
-6332
-4308
-4203
-6195
-8532
-10147
-10447
-8793
-5023
-567
3028
4887
4963
4258
3340
2416
2328
3352
4804
6088
6647
5732
3382
387
-2553
-4852
-6759
-7577
-6877
-5437
-3999
-3330
-3830
-4694
-4801
-4346
-3437
-1587
292
1315
1711
2073
2253
2033
2231
3091
4105
4994
5720
5671
4970
4276
3548
2865
2648
3056
3244
2924
2393
1788
1084
872
854
1240
2197
3699
5583
7388
9326
10820
11823
12387
12379
9376
4106
-1716
-4655
-3245
-491
1480
1443
-848
-4591
-8947
-12984
-14563
-13903
-11939
-8942
-6028
-4263
-4324
-6230
-8513
-10082
-10184
-8229
-4237
284
3415
4826
5006
4274
3244
2280
2071
2968
4043
5150
5584
4783
2357
-1006
-3825
-6126
-7644
-7906
-6997
-5652
-4017
-3180
-3706
-4535
-4720
-4338
-3210
-1192
421
1273
1557
1851
2080
1854
2052
2733
3323
3869
4223
4255
4171
4105
3776
3320
3093
3037
2930
2489
2134
1674
1446
1596
2116
2701
3363
4754
6385
8387
10618
12047
13017
13842
13016
9725
4668
-1061
-4061
-3048
-660
1382
1517
-899
-4720
-8791
-12267
-13584
-13010
-10911
-7930
-5387
-3821
-3993
-5912
-8403
-10136
-10454
-8345
-4150
77
3146
4543
4329
3202
1809
678
606
1669
3162
4573
5243
4468
2243
-735
-3743
-5953
-7344
-7723
-6562
-4872
-3273
-2486
-3216
-4519
-5017
-4705
-3668
-1790
36
1166
1721
1715
1589
1431
1418
1770
2175
2562
3331
3979
4145
4038
3450
2587
1939
1963
2037
2226
2464
2314
2224
2199
2603
3101
3891
5008
6588
8513
10242
12417
13918
14760
14343
11420
6786
1464
-3088
-3494
-1012
1916
3382
1634
-1860
-5742
-9940
-12481
-13045
-11694
-9030
-6467
-4100
-3023
-4017
-6355
-9273
-11039
-10168
-7382
-2963
1177
3473
3976
2722
1095
-57
-725
-87
1251
2535
3695
3920
2824
781
-1828
-4142
-5649
-6581
-6322
-4625
-2998
-2749
-3114
-4166
-4963
-4808
-4340
-3063
-1479
-340
-123
-239
113
500
725
896
1153
1555
1809
2503
3283
3530
3218
2374
1529
1306
1416
1919
2576
2414
2283
2064
1993
2628
3876
5108
6271
7364
8605
10413
12262
13531
13887
12830
9903
6016
2972
-575
-1136
635
1722
3471
1865
-880
-3418
-7791
-10286
-11187
-10826
-8466
-6034
-4390
-2677
-3730
-5295
-6716
-8441
-7416
-5379
-2455
1213
3096
3352
2601
951
-384
-1511
-2334
-2094
-1616
-918
-372
-549
-1375
-3213
-5479
-7333
-8281
-7350
-5379
-3050
-1241
-675
-811
-1224
-1075
-674
-180
245
462
782
1302
2076
2513
2210
1362
328
-234
-124
392
1104
1224
796
19
-784
-1166
-1235
-1068
-841
-398
122
1119
2433
3820
4908
5585
6291
7533
9533
11874
13778
14654
14553
13360
10817
7518
3808
702
-218
595
2108
2871
2357
741
-1958
-5174
-7993
-9647
-9387
-7735
-5300
-2596
-840
-546
-1701
-3796
-5484
-6096
-5429
-3659
-1408
685
1888
2228
1762
277
-1819
-3911
-5337
-5377
-4245
-2693
-1545
-1440
-2375
-4144
-6213
-7954
-8682
-7859
-5920
-3550
-1288
289
1106
1251
775
-80
-758
-1054
-722
481
2167
3560
4049
3395
1945
397
-822
-1270
-882
-186
199
249
-36
-521
-1050
-1751
-2277
-2079
-1083
352
1930
3394
4209
4570
4747
5122
5920
7202
8539
9679
10491
10729
10307
9215
7494
5054
2659
1620
2072
3112
3866
3712
2697
690
-1866
-4284
-5784
-6197
-5738
-4518
-2911
-1442
-939
-1549
-2746
-4184
-5501
-6000
-5180
-3384
-1439
276
1402
1608
887
-630
-2157
-2911
-3029
-2448
-1185
0
509
133
-974
-2300
-3603
-4755
-5224
-4789
-3710
-2636
-1720
-862
-472
-577
-1115
-1872
-2225
-2245
-1697
-809
103
808
945
605
-142
-840
-1373
-1820
-1993
-1949
-1891
-1970
-1983
-1798
-1636
-1270
-1046
-954
-805
-507
138
755
1324
1904
2445
2866
3283
3826
4687
5633
6506
7368
8118
8632
8699
8305
7573
7140
7071
6961
7037
6849
6019
4648
3170
1974
1419
1251
932
519
-70
-759
-1414
-2104
-2788
-3415
-3913
-4254
-4197
-3769
-3420
-3262
-3333
-3707
-4030
-4214
-4103
-3641
-3181
-2850
-2841
-3139
-3455
-3657
-3611
-3466
-3366
-3364
-3467
-3587
-3535
-3337
-3107
-2920
-2835
-2736
-2405
-1801
-1072
-630
-622
-845
-1129
-1152
-952
-592
-364
-454
-646
-846
-1022
-1041
-924
-769
-512
-198
112
429
691
835
917
856
747
814
933
1215
1722
2420
3232
4092
4943
5692
6474
7097
7482
7549
7324
6698
6105
6070
6230
6375
6121
5175
3797
2541
1759
1588
1923
1934
1430
632
-137
-534
-794
-1189
-1721
-2366
-2980
-3270
-2943
-2432
-2386
-2745
-3335
-3811
-3800
-3428
-2986
-2702
-2795
-3068
-3163
-2882
-2359
-2069
-2205
-2681
-3296
-3669
-3690
-3330
-2808
-2555
-2545
-2620
-2562
-2205
-1673
-1200
-998
-1115
-1364
-1547
-1454
-1119
-801
-732
-1043
-1394
-1504
-1400
-1086
-685
-506
-510
-577
-499
-237
46
280
287
51
-185
-203
11
469
1110
1791
2474
3154
3970
4736
5266
5607
5611
5491
5589
5599
5416
5342
5368
5286
5042
4476
3586
2878
2476
2303
2559
2705
2461
1989
1338
808
461
50
-430
-977
-1518
-1899
-1822
-1563
-1500
-1724
-2237
-2710
-3003
-3137
-2994
-2721
-2477
-2256
-2122
-2066
-2178
-2497
-2939
-3229
-3146
-2890
-2581
-2350
-2431
-2490
-2551
-2474
-2083
-1703
-1509
-1470
-1515
-1660
-1637
-1622
-1712
-1800
-1786
-1541
-1364
-1155
-1094
-1214
-1334
-1404
-1261
-1156
-1122
-1014
-923
-732
-416
-203
-196
-412
-562
-483
-9
835
1808
2687
3143
3347
3365
3459
3789
4436
5110
5468
5700
5415
4841
4422
4091
3999
3966
3835
3467
3257
3306
3424
3556
3219
2426
1570
909
698
708
587
137
-538
-1230
-1668
-1658
-1607
-1955
-2518
-3070
-3266
-2965
-2574
-2209
-2078
-2439
-2977
-3366
-3359
-2926
-2515
-2260
-2092
-2044
-2032
-2105
-2174
-2179
-2160
-2055
-1757
-1228
-751
-561
-692
-1116
-1580
-1871
-1853
-1577
-1095
-651
-514
-501
-656
-831
-973
-1189
-1319
-1386
-1334
-1112
-831
-617
-509
-551
-866
-1237
-1307
-1083
-557
91
657
1010
1079
1080
1314
1872
2598
3442
4103
4460
4595
4258
3513
2886
2756
2913
3437
4027
4198
3906
3287
2645
2427
2540
2349
1997
1660
1460
1381
1168
832
356
-406
-1355
-1958
-1988
-1852
-1826
-1892
-2085
-2235
-2393
-2616
-2613
-2453
-2236
-1887
-1372
-799
-341
-209
-301
-473
-706
-857
-889
-719
-459
-349
-308
-379
-595
-837
-1015
-1087
-1224
-1370
-1414
-1369
-1218
-1047
-920
-950
-1182
-1461
-1717
-1825
-1780
-1645
-1466
-1250
-1034
-955
-1131
-1362
-1551
-1690
-1765
-1687
-1535
-1451
-1437
-1307
-1020
-501
196
935
1622
2198
2709
3057
3284
3452
3359
3199
3389
3867
4489
4893
4792
4206
3524
3100
3047
3502
3765
3474
2924
2293
1930
1691
1447
1006
283
-577
-1216
-1288
-1091
-1120
-1525
-2176
-2700
-2842
-2588
-1875
-1068
-645
-517
-426
-212
160
423
428
313
47
-234
-330
-243
-144
-365
-920
-1475
-1820
-1861
-1643
-1360
-1316
-1647
-2072
-2332
-2326
-2100
-1880
-1926
-2173
-2450
-2526
-2317
-1900
-1521
-1387
-1498
-1668
-1642
-1510
-1378
-1307
-1449
-1716
-1934
-2048
-2041
-1845
-1508
-1032
-418
249
983
1615
2145
2577
2952
3431
3827
4094
4123
4195
4495
4788
5109
5187
4964
4551
4166
3856
3817
3796
3296
2658
2127
1937
1835
1519
842
-131
-1258
-2178
-2601
-2557
-2536
-2755
-3005
-3100
-2847
-2459
-2036
-1661
-1532
-1524
-1384
-934
-302
94
198
-45
-467
-760
-906
-838
-664
-653
-828
-881
-720
-456
-197
-149
-283
-598
-860
-851
-650
-487
-589
-876
-1186
-1276
-1057
-808
-737
-790
-942
-1053
-1002
-826
-731
-918
-1374
-1886
-2225
-2313
-2232
-2086
-1919
-1712
-1444
-1096
-672
-137
414
957
1559
2256
2916
3404
3492
3188
3018
2995
3278
3919
4471
4534
4091
3382
2698
2498
2476
2246
1947
1646
1416
1266
929
392
-379
-1445
-2395
-2725
-2439
-2026
-1741
-1609
-1542
-1435
-1383
-1175
-762
-455
-313
-149
205
607
769
556
158
-248
-560
-680
-628
-487
-375
-403
-454
-333
-141
-59
-84
-229
-439
-609
-684
-718
-713
-722
-762
-817
-885
-883
-906
-1014
-1142
-1192
-1189
-1180
-1215
-1399
-1729
-2021
-2310
-2567
-2587
-2491
-2354
-2178
-2010
-1734
-1326
-761
-85
778
1580
2194
2756
3187
3607
3782
3511
3263
3327
3626
4099
4450
4272
3567
2734
1989
1839
2135
2094
1733
1097
513
154
-214
-653
-1190
-1939
-2722
-2898
-2416
-1783
-1447
-1537
-1773
-1853
-1719
-1306
-576
-56
26
-8
36
228
351
228
-63
-415
-678
-751
-608
-283
-61
-41
-43
35
256
452
548
620
579
415
368
499
571
544
458
329
188
64
-69
-193
-335
-476
-661
-885
-1082
-1281
-1555
-1845
-2048
-2200
-2348
-2430
-2432
-2304
-2153
-1862
-1429
-930
-296
444
1159
1775
2295
2697
3092
3243
2984
2749
2662
2782
3093
3262
2978
2331
1533
886
788
965
794
216
-544
-1123
-1325
-1461
-1564
-1788
-2289
-2892
-3064
-2639
-2138
-1890
-1924
-2010
-1830
-1483
-1002
-408
-109
-139
-209
-89
192
394
315
20
-105
-173
-186
74
319
428
333
341
494
744
1025
1185
1356
1424
1340
1325
1367
1422
1456
1385
1166
930
774
601
441
275
17
-311
-636
-834
-862
-938
-1172
-1515
-1908
-2208
-2269
-2088
-1843
-1630
-1480
-1346
-1002
-384
380
978
1362
1650
1925
2280
2364
2014
1637
1323
1283
1611
1903
1794
1154
351
-323
-440
-302
-523
-947
-1550
-1923
-1913
-1774
-1647
-1783
-2315
-2917
-3017
-2535
-2022
-1670
-1505
-1469
-1238
-1002
-710
-348
-236
-261
-203
49
387
526
377
192
172
296
420
525
575
470
443
552
858
1301
1563
1668
1655
1590
1561
1515
1472
1457
1481
1460
1309
1146
943
687
416
174
43
-51
-150
-239
-355
-541
-783
-1028
-1261
-1425
-1463
-1358
-1178
-955
-671
-378
-81
306
645
928
1205
1551
1912
2125
1900
1233
729
403
542
944
999
601
-204
-1036
-1517
-1351
-1173
-1435
-1940
-2563
-2712
-2525
-2339
-2267
-2521
-3095
-3528
-3366
-2746
-2200
-2016
-2103
-2057
-1750
-1389
-899
-499
-410
-479
-441
-171
283
567
526
423
376
435
565
730
863
894
848
970
1304
1764
2233
2458
2480
2339
2050
1887
1854
1926
2000
1930
1705
1372
1137
935
800
688
430
208
65
75
218
307
209
-117
-423
-612
-572
-351
-96
132
276
390
551
819
1060
1296
1432
1570
1724
1808
1656
1054
521
155
64
187
123
-269
-997
-1655
-2161
-2101
-1902
-2144
-2554
-3131
-3362
-3282
-3158
-3069
-3158
-3399
-3662
-3581
-3159
-2855
-2811
-2941
-2928
-2490
-1931
-1387
-997
-926
-1006
-1006
-728
-277
48
83
62
174
432
742
930
978
899
927
1128
1533
2139
2617
2783
2645
2395
2184
2059
2021
2069
2147
2123
2004
1944
1902
1807
1645
1402
1215
1147
1178
1265
1324
1315
1189
994
807
701
706
677
667
729
917
1135
1317
1410
1471
1510
1511
1397
1125
564
-123
-331
-199
104
208
-308
-1265
-2150
-2555
-2633
-2304
-2307
-2692
-3080
-3352
-3116
-2837
-2780
-3088
-3527
-3791
-3806
-3369
-2968
-2971
-3128
-3285
-3043
-2399
-1821
-1402
-1337
-1565
-1630
-1388
-912
-423
-218
-249
-309
-287
-141
54
274
399
483
621
870
1342
1820
2151
2238
2099
1886
1696
1690
1946
2280
2509
2490
2303
2173
2085
2132
2174
2186
2154
2060
2071
2176
2370
2520
2480
2274
2086
1917
1788
1741
1746
1827
1880
1895
1870
1863
1873
1896
1843
1743
1589
1238
778
252
-111
-289
-413
-614
-968
-1442
-2016
-2483
-2757
-2852
-2923
-3185
-3456
-3566
-3490
-3442
-3551
-3738
-4014
-4251
-4352
-4186
-3881
-3711
-3721
-3671
-3344
-2890
-2454
-2205
-2177
-2253
-2310
-2091
-1603
-1024
-707
-709
-846
-923
-768
-452
-39
377
620
781
939
1206
1574
1813
1956
1983
1953
2015
2137
2437
2772
3013
3100
3071
3071
3122
3219
3298
3311
3302
3265
3245
3304
3363
3341
3240
3018
2802
2689
2594
2492
2418
2371
2338
2355
2434
2449
2469
2234
1956
1733
1287
867
265
-217
-538
-687
-805
-1110
-1462
-2056
-2621
-3023
-3228
-3193
-3326
-3498
-3645
-3730
-3764
-3910
-4135
-4392
-4664
-4813
-4726
-4429
-4081
-3885
-3729
-3542
-3272
-2961
-2741
-2524
-2407
-2272
-2002
-1604
-1166
-865
-819
-828
-780
-578
-216
151
496
733
936
1186
1459
1787
1966
2034
2090
2171
2326
2543
2747
2912
3100
3208
3331
3497
3582
3598
3544
3428
3376
3373
3361
3317
3246
3081
2861
2644
2395
2154
1952
1775
1730
1664
1573
1523
1479
1563
1701
1823
1705
1383
1065
678
508
295
8
-308
-675
-848
-1033
-1157
-1491
-1926
-2341
-2615
-2561
-2503
-2647
-2968
-3352
-3715
-3862
-3928
-4003
-4141
-4405
-4539
-4441
-4112
-3828
-3778
-3845
-3832
-3533
-3081
-2579
-2251
-2214
-2240
-2147
-1814
-1315
-914
-783
-779
-670
-385
15
348
528
646
800
1084
1567
2027
2259
2280
2215
2225
2447
2732
3024
3236
3350
3462
3593
3694
3758
3723
3597
3506
3509
3547
3525
3464
3277
3059
2842
2571
2333
2137
1953
1866
1837
1805
1740
1662
1506
1409
1369
1296
1160
964
672
373
118
-194
-488
-800
-1310
-1739
-1787
-1530
-1244
-1241
-1691
-2560
-3255
-3493
-3231
-2650
-2437
-2736
-3232
-3527
-3438
-3260
-3322
-3649
-3908
-3912
-3536
-2718
-2147
-2164
-2522
-2819
-2636
-2120
-1669
-1393
-1355
-1391
-1173
-673
-166
7
-183
-544
-622
-171
461
993
1265
1343
1384
1468
1638
1789
1842
1826
1898
2259
2630
2884
2998
2951
2949
2947
2945
2851
2657
2433
2305
2330
2430
2453
2314
2011
1683
1500
1394
1363
1388
1374
1307
1275
1406
1528
1614
1545
1250
954
690
538
494
535
549
540
471
218
-64
-404
-733
-931
-973
-970
-1059
-1201
-1466
-1678
-1823
-2079
-2402
-2816
-3209
-3346
-3287
-3010
-2692
-2558
-2669
-2911
-3070
-3177
-3154
-3037
-2944
-2756
-2571
-2331
-2025
-1877
-1858
-1962
-1980
-1787
-1461
-961
-527
-101
229
444
656
795
893
917
974
1128
1356
1655
1940
2162
2271
2274
2256
2288
2440
2637
2861
3022
3095
3068
2911
2671
2383
2120
1920
1750
1626
1490
1369
1254
1144
1129
1110
1084
1022
947
935
953
1031
1143
1229
1275
1233
1106
885
669
425
253
223
259
287
237
158
15
-111
-217
-300
-357
-507
-714
-1023
-1328
-1620
-1899
-2099
-2202
-2246
-2269
-2312
-2401
-2515
-2700
-2850
-2913
-2816
-2620
-2525
-2445
-2418
-2453
-2487
-2496
-2460
-2407
-2376
-2269
-2036
-1683
-1299
-1007
-824
-736
-688
-547
-279
66
419
669
818
959
1085
1121
1165
1226
1308
1453
1634
1817
1984
2092
2124
2157
2153
2078
1905
1675
1511
1433
1465
1495
1501
1412
1229
1077
918
812
810
827
935
1140
1351
1542
1624
1578
1491
1353
1249
1193
1189
1265
1343
1425
1430
1282
1038
706
448
316
266
262
165
-13
-218
-462
-697
-981
-1286
-1638
-1917
-2043
-2040
-2013
-2119
-2339
-2600
-2781
-2830
-2780
-2714
-2738
-2806
-2770
-2603
-2340
-2147
-2144
-2229
-2320
-2260
-2023
-1724
-1487
-1321
-1210
-1061
-768
-463
-248
-123
-75
20
226
502
796
1017
1152
1218
1271
1312
1350
1388
1455
1572
1726
1818
1798
1665
1485
1335
1239
1194
1181
1118
1053
1000
959
954
955
919
864
812
833
978
1197
1396
1515
1562
1507
1493
1572
1660
1740
1740
1646
1592
1543
1546
1565
1491
1325
1058
830
636
576
506
384
191
-92
-320
-523
-652
-847
-1137
-1465
-1737
-1814
-1818
-1790
-1880
-2077
-2243
-2372
-2323
-2257
-2259
-2336
-2434
-2425
-2289
-2088
-1994
-2002
-2082
-2097
-1982
-1733
-1475
-1307
-1255
-1192
-1014
-775
-516
-335
-237
-210
-126
87
332
523
608
646
676
731
790
758
707
631
639
718
820
848
729
571
385
343
386
498
590
649
735
798
886
982
1018
1053
1093
1184
1323
1502
1629
1715
1813
1823
1819
1765
1691
1669
1667
1745
1831
1896
1854
1719
1579
1338
1225
1108
959
777
529
294
125
2
-92
-212
-419
-649
-842
-938
-1007
-1044
-1087
-1233
-1337
-1439
-1556
-1665
-1818
-1962
-2082
-2068
-1991
-1886
-1812
-1849
-1899
-1900
-1837
-1718
-1585
-1471
-1347
-1184
-1022
-901
-819
-828
-847
-813
-717
-594
-485
-444
-401
-337
-279
-204
-166
-195
-226
-227
-182
-112
-56
-73
-100
-134
-118
-49
38
119
180
238
321
451
629
802
929
1020
1026
1083
1138
1212
1322
1404
1483
1541
1597
1660
1716
1766
1756
1708
1647
1568
1558
1542
1524
1503
1387
1259
1121
1027
940
825
782
700
644
591
465
335
144
-34
-160
-283
-363
-471
-581
-685
-794
-877
-1006
-1121
-1194
-1278
-1287
-1300
-1350
-1449
-1552
-1588
-1560
-1480
-1463
-1507
-1591
-1639
-1634
-1560
-1474
-1416
-1386
-1397
-1348
-1278
-1240
-1202
-1205
-1250
-1263
-1253
-1236
-1194
-1198
-1202
-1202
-1143
-1032
-904
-731
-610
-481
-341
-205
-35
143
292
405
464
528
642
788
961
1140
1276
1352
1447
1581
1733
1865
1952
1969
1988
2018
2050
2097
2109
2031
1981
1859
1748
1647
1568
1491
1438
1404
1324
1268
1114
961
858
727
657
587
516
400
285
179
66
3
-113
-214
-262
-291
-301
-250
-249
-315
-431
-540
-612
-681
-693
-707
-723
-736
-798
-828
-862
-903
-933
-961
-980
-1018
-1042
-1058
-1071
-1088
-1145
-1259
-1396
-1508
-1618
-1674
-1727
-1773
-1799
-1784
-1738
-1665
-1584
-1524
-1453
-1384
-1318
-1209
-1085
-966
-830
-717
-612
-488
-368
-231
-73
81
249
449
663
879
1081
1258
1375
1450
1505
1560
1638
1749
1856
1921
1905
1848
1802
1741
1745
1740
1670
1579
1465
1381
1373
1337
1256
1139
950
755
633
546
461
392
246
108
19
-20
-33
-34
-71
-126
-189
-227
-278
-287
-282
-309
-307
-316
-379
-450
-515
-577
-617
-615
-613
-644
-646
-670
-698
-716
-786
-861
-958
-1058
-1100
-1143
-1155
-1193
-1271
-1315
-1374
-1379
-1385
-1385
-1409
-1438
-1443
-1426
-1338
-1256
-1164
-1109
-1091
-1060
-1009
-919
-800
-669
-508
-328
-163
11
159
285
356
416
497
594
754
928
1076
1173
1213
1181
1153
1158
1155
1201
1216
1241
1225
1227
1190
1125
1036
888
775
682
589
531
484
432
365
309
236
167
98
48
35
47
91
99
90
96
92
79
63
22
3
-41
-77
-47
-20
-4
0
-29
-95
-124
-159
-205
-228
-259
-272
-262
-285
-318
-383
-529
-653
-742
-790
-805
-798
-817
-873
-932
-1014
-1113
-1138
-1138
-1079
-985
-944
-904
-864
-821
-787
-728
-664
-610
-543
-447
-289
-133
-26
32
77
104
171
253
344
430
495
514
531
542
493
462
413
389
400
442
456
431
380
304
259
226
207
177
173
173
193
223
272
264
263
262
260
269
302
345
410
459
496
530
506
500
467
491
481
491
503
513
500
448
431
438
385
348
302
247
215
202
219
222
173
61
-49
-157
-264
-343
-403
-460
-561
-664
-766
-821
-853
-903
-910
-876
-847
-790
-718
-641
-595
-563
-508
-419
-309
-218
-110
-54
-1
78
187
281
333
384
405
427
476
528
578
565
524
482
451
402
363
330
289
241
140
60
4
-47
-88
-101
-114
-125
-115
-117
-98
-74
-58
-40
-20
0
46
103
119
145
162
179
217
267
288
314
312
338
383
435
462
470
476
471
490
550
565
567
532
483
479
478
457
414
331
244
173
120
39
-81
-225
-386
-462
-514
-531
-557
-620
-683
-723
-715
-698
-704
-743
-736
-680
-610
-524
-424
-372
-358
-314
-242
-147
-80
-2
92
180
260
325
345
345
308
297
316
339
338
334
320
312
324
281
242
226
179
212
305
348
376
373
345
333
323
299
290
304
318
338
393
396
398
412
384
371
369
370
415
476
521
537
573
528
483
453
399
373
353
315
284
290
290
247
199
128
80
41
-14
-73
-141
-236
-352
-422
-454
-498
-574
-663
-733
-770
-757
-729
-716
-699
-691
-638
-537
-440
-380
-356
-348
-301
-213
-113
-26
-7
-1
-2
68
141
169
195
189
180
203
261
316
301
250
204
184
195
193
198
189
185
203
252
263
253
250
239
255
292
327
333
344
314
308
356
332
300
284
254
290
340
362
384
385
360
404
436
474
486
470
441
421
442
408
381
337
283
247
240
183
138
70
15
-50
-113
-191
-299
-368
-451
-476
-510
-596
-665
-716
-766
-773
-762
-771
-760
-755
-713
-662
-574
-515
-463
-415
-362
-276
-191
-122
-84
-36
-6
35
115
144
155
199
228
249
279
307
308
288
277
281
310
335
355
388
414
447
485
496
496
489
520
555
595
611
588
590
575
593
632
631
618
599
608
632
645
658
646
626
609
628
620
650
642
604
582
558
560
527
499
478
435
394
342
283
203
116
24
-44
-117
-209
-292
-359
-454
-546
-608
-659
-671
-678
-687
-713
-741
-752
-755
-746
-722
-695
-655
-621
-579
-533
-505
-477
-435
-403
-357
-303
-255
-204
-163
-137
-100
-94
-116
-124
-137
-154
-183
-182
-181
-176
-165
-135
-97
-62
-47
-30
38
71
89
136
170
202
239
272
289
311
322
353
397
403
442
481
539
619
656
682
686
700
714
759
791
833
825
726
772
833
848
886
868
845
780
711
716
663
582
450
360
345
313
261
159
58
-77
-176
-236
-309
-367
-434
-479
-529
-566
-584
-623
-620
-655
-649
-624
-596
-571
-564
-558
-555
-544
-548
-538
-489
-442
-398
-364
-361
-369
-372
-384
-390
-400
-410
-405
-386
-394
-401
-386
-411
-408
-405
-411
-396
-378
-330
-269
-220
-195
-172
-146
-154
-95
-14
34
107
140
186
271
329
392
457
471
497
567
652
768
849
889
927
920
917
937
976
1020
1038
1062
1106
1096
1068
1029
973
904
846
786
738
676
597
506
417
332
232
127
-3
-87
-204
-278
-313
-370
-404
-457
-495
-524
-554
-576
-604
-600
-599
-597
-584
-598
-617
-645
-670
-665
-654
-671
-649
-659
-639
-605
-580
-577
-575
-578
-609
-595
-581
-545
-496
-489
-461
-434
-429
-390
-376
-342
-322
-296
-271
-213
-154
-118
-81
-60
-6
42
85
103
136
165
204
226
281
337
424
499
565
627
659
691
745
783
837
887
934
967
970
972
952
961
958
928
910
892
869
850
787
699
666
610
525
485
416
329
261
204
154
116
57
-10
-81
-140
-178
-227
-253
-288
-328
-334
-346
-363
-398
-448
-480
-498
-536
-572
-592
-605
-619
-620
-591
-593
-617
-630
-661
-665
-645
-625
-571
-537
-534
-485
-461
-443
-414
-381
-336
-302
-247
-211
-172
-103
-69
-20
4
8
39
60
93
136
186
224
240
251
279
322
376
409
435
482
509
529
555
589
587
575
559
551
545
538
524
517
493
457
423
401
374
324
303
239
199
176
124
95
76
12
-29
-40
-77
-101
-102
-120
-150
-172
-203
-196
-209
-232
-214
-207
-227
-265
-301
-317
-333
-346
-344
-341
-359
-371
-383
-395
-408
-413
-411
-417
-411
-396
-374
-375
-379
-405
-391
-385
-368
-346
-315
-284
-268
-257
-241
-199
-216
-214
-187
-182
-152
-130
-126
-104
-83
-44
5
48
73
137
187
247
322
367
389
425
438
437
455
447
470
479
506
508
529
528
507
480
443
431
409
404
381
358
322
266
225
188
128
98
68
53
29
6
-10
-28
-59
-107
-115
-118
-120
-138
-144
-130
-147
-167
-180
-204
-236
-262
-242
-224
-218
-211
-196
-208
-206
-213
-224
-197
-189
-170
-149
-142
-138
-147
-136
-149
-150
-135
-120
-116
-110
-110
-92
-85
-94
-109
-127
-132
-152
-144
-125
-113
-97
-100
-67
-34
-10
38
74
122
163
172
238
246
258
290
284
313
301
339
374
377
401
419
434
424
419
416
399
389
386
366
356
318
286
272
221
167
134
89
78
53
22
5
-27
-53
-60
-91
-106
-130
-170
-176
-198
-229
-256
-287
-328
-359
-386
-408
-409
-398
-379
-370
-341
-342
-331
-320
-339
-313
-319
-310
-291
-288
-279
-295
-268
-254
-249
-229
-248
-230
-227
-240
-206
-184
-188
-169
-163
-167
-129
-120
-106
-76
-60
-43
-2
39
52
80
109
148
200
215
268
316
354
389
413
443
481
519
548
582
607
606
605
620
613
594
587
545
545
537
483
475
433
406
378
327
300
271
248
219
160
102
26
-38
-80
-151
-182
-224
-258
-292
-357
-420
-449
-501
-543
-575
-604
-605
-611
-596
-634
-637
-647
-677
-673
-678
-677
-662
-656
-629
-607
-608
-616
-601
-591
-568
-534
-524
-487
-448
-428
-413
-395
-389
-398
-387
-357
-327
-280
-231
-186
-139
-90
-49
-7
41
96
147
193
244
289
337
383
431
466
500
532
570
604
644
668
676
687
687
692
677
672
669
645
623
610
579
548
518
474
442
374
317
290
246
196
148
111
42
-22
-96
-145
-185
-236
-280
-338
-402
-450
-488
-514
-537
-562
-598
-640
-661
-666
-675
-701
-715
-727
-758
-743
-738
-762
-748
-739
-748
-757
-747
-747
-737
-731
-727
-720
-709
-697
-679
-662
-658
-635
-601
-585
-536
-478
-427
-372
-329
-284
-231
-187
-126
-49
26
86
149
222
274
333
362
420
473
529
603
651
716
759
796
822
863
879
904
932
942
949
956
954
947
918
897
871
835
788
720
667
614
548
518
450
384
327
236
180
92
8
-45
-105
-191
-240
-297
-349
-387
-443
-485
-517
-568
-603
-621
-650
-670
-689
-701
-740
-749
-775
-806
-799
-833
-849
-853
-864
-864
-868
-892
-917
-936
-962
-959
-970
-949
-943
-916
-886
-868
-822
-794
-762
-725
-688
-629
-563
-515
-441
-378
-319
-255
-192
-125
-51
28
91
170
239
303
390
435
498
561
618
672
737
784
807
837
860
894
935
962
981
997
984
962
946
916
873
845
837
789
748
695
627
593
541
466
396
333
267
225
164
114
67
4
-66
-119
-173
-211
-242
-288
-303
-338
-358
-386
-406
-438
-476
-508
-552
-582
-607
-629
-651
-670
-712
-737
-769
-820
-847
-872
-896
-908
-926
-937
-940
-925
-926
-911
-913
-904
-895
-878
-845
-801
-759
-707
-665
-603
-546
-495
-425
-356
-284
-215
-153
-81
-31
43
120
188
258
322
395
451
522
591
669
741
793
847
880
901
894
932
934
912
940
934
924
917
897
856
827
785
739
728
690
640
616
567
520
477
415
369
333
260
234
206
160
118
81
39
4
-46
-91
-124
-155
-200
-252
-298
-336
-364
-403
-463
-488
-523
-584
-614
-673
-692
-728
-745
-789
-785
-821
-855
-854
-878
-891
-916
-926
-909
-915
-904
-884
-876
-849
-837
-801
-764
-714
-679
-643
-578
-538
-510
-426
-370
-318
-257
-203
-119
-43
31
102
179
260
322
388
445
499
539
587
638
675
712
740
775
787
805
818
823
822
832
832
829
815
807
796
774
768
740
714
678
656
631
616
584
572
542
502
462
435
403
383
380
338
293
228
168
128
64
23
-24
-81
-132
-183
-220
-265
-310
-355
-389
-456
-476
-519
-566
-584
-620
-641
-664
-678
-715
-740
-744
-772
-787
-776
-784
-764
-768
-767
-752
-718
-702
-680
-661
-652
-610
-592
-560
-508
-460
-389
-333
-273
-218
-160
-118
-52
22
82
139
206
258
300
344
397
432
448
492
512
550
580
604
633
638
659
676
694
696
693
700
687
693
683
684
667
653
635
645
631
614
618
592
569
538
510
467
446
401
379
342
288
245
202
162
121
75
41
-3
-42
-70
-103
-136
-175
-221
-251
-282
-312
-350
-378
-417
-445
-460
-490
-507
-517
-521
-528
-541
-524
-530
-537
-506
-511
-513
-512
-509
-488
-468
-451
-417
-381
-364
-339
-301
-269
-227
-172
-145
-88
-61
-20
23
58
101
119
159
202
237
273
292
309
344
348
383
419
438
467
504
525
546
592
591
608
645
623
652
653
651
674
653
655
662
640
626
621
596
581
537
514
480
436
422
385
360
330
302
273
241
205
178
149
118
92
35
3
-21
-67
-94
-111
-147
-192
-209
-230
-240
-260
-281
-290
-305
-335
-342
-357
-374
-388
-407
-398
-387
-375
-381
-373
-343
-345
-333
-301
-300
-258
-236
-231
-179
-156
-156
-117
-97
-83
-51
-32
-8
14
33
51
75
94
131
141
166
170
187
207
222
251
258
276
317
330
344
371
375
394
423
427
437
445
449
479
464
468
473
471
477
462
460
430
441
439
430
444
415
380
362
341
329
316
292
270
263
243
222
198
182
147
146
129
106
93
64
51
45
15
-19
-27
-77
-104
-113
-139
-150
-164
-180
-201
-222
-236
-251
-264
-283
-292
-297
-297
-297
-304
-325
-343
-342
-342
-321
-318
-308
-301
-286
-262
-252
-234
-204
-172
-161
-118
-82
-54
-30
-6
27
49
86
111
160
175
197
247
261
282
312
309
336
347
359
393
399
416
421
425
413
412
431
430
424
443
435
423
432
435
436
434
419
426
423
411
402
384
380
361
334
331
306
298
285
269
251
236
207
178
168
120
89
73
44
12
-19
-40
-65
-96
-130
-163
-184
-222
-243
-261
-281
-304
-341
-353
-364
-391
-402
-418
-447
-448
-456
-467
-452
-459
-467
-438
-435
-424
-412
-390
-374
-360
-311
-286
-258
-230
-203
-181
-143
-118
-91
-61
-30
-13
28
62
84
129
136
151
180
189
213
235
240
272
296
283
292
313
326
333
339
345
368
363
376
393
378
372
372
381
367
365
348
349
338
311
287
269
261
246
230
215
208
195
178
149
115
84
52
33
-9
-32
-47
-71
-101
-129
-182
-212
-221
-255
-295
-316
-346
-388
-388
-373
-390
-418
-433
-420
-407
-423
-422
-408
-404
-395
-385
-376
-346
-343
-354
-320
-283
-251
-230
-217
-198
-158
-125
-106
-65
-56
-43
-10
1
14
30
52
72
89
104
124
122
138
169
183
213
244
252
266
291
285
303
315
303
313
310
309
334
333
330
329
323
318
299
299
294
285
274
248
240
224
186
157
132
100
66
31
16
-19
-39
-54
-93
-103
-154
-189
-217
-250
-262
-286
-301
-336
-356
-389
-407
-412
-442
-459
-456
-461
-466
-465
-471
-466
-470
-470
-467
-446
-423
-423
-402
-396
-361
-353
-338
-332
-310
-285
-274
-257
-223
-202
-190
-177
-163
-128
-115
-77
-61
-55
-22
-1
21
73
102
124
135
173
189
222
248
253
282
305
323
338
353
359
370
377
385
397
384
391
388
372
395
401
384
388
361
366
354
330
305
282
260
240
231
192
182
138
87
56
26
-15
-43
-79
-122
-144
-180
-209
-233
-266
-295
-335
-352
-370
-392
-402
-404
-444
-448
-471
-479
-480
-500
-498
-506
-504
-518
-517
-509
-505
-506
-507
-494
-490
-482
-477
-452
-469
-473
-460
-448
-436
-408
-378
-381
-364
-353
-345
-312
-278
-257
-215
-180
-150
-120
-93
-77
-35
-1
25
53
76
108
135
168
187
221
246
260
291
317
328
358
362
359
377
378
373
376
376
380
373
354
351
330
316
283
252
232
219
182
161
145
106
73
50
13
-21
-57
-94
-108
-180
-193
-204
-256
-281
-306
-342
-368
-397
-417
-444
-462
-474
-492
-512
-536
-544
-545
-572
-585
-581
-605
-604
-611
-620
-615
-608
-614
-603
-587
-593
-564
-551
-530
-516
-498
-463
-441
-404
-371
-325
-281
-258
-223
-179
-139
-76
-34
-5
52
88
127
186
230
271
311
349
389
433
462
487
516
539
546
572
584
604
618
619
603
620
616
607
602
575
565
531
517
495
454
446
406
369
338
292
240
216
173
118
80
25
-3
-52
-106
-144
-172
-231
-280
-310
-359
-375
-423
-454
-461
-498
-545
-578
-592
-622
-648
-665
-691
-703
-731
-745
-746
-770
-781
-783
-767
-782
-767
-763
-748
-714
-704
-678
-652
-629
-609
-564
-533
-509
-469
-404
-376
-331
-296
-268
-219
-200
-142
-99
-60
-11
30
90
127
157
215
233
271
301
332
358
389
421
445
467
478
494
501
510
503
512
495
499
481
472
462
438
420
384
354
335
315
280
245
216
172
148
121
95
67
40
3
-29
-51
-84
-117
-160
-187
-229
-255
-282
-314
-344
-369
-410
-443
-484
-512
-536
-566
-580
-600
-608
-627
-663
-674
-670
-694
-687
-694
-683
-662
-670
-655
-628
-620
-601
-572
-558
-520
-501
-460
-434
-395
-362
-334
-292
-252
-201
-166
-106
-58
3
46
95
142
159
209
254
302
333
371
402
422
440
478
491
504
518
507
540
537
543
536
539
526
515
522
488
493
483
442
426
408
368
356
321
305
285
260
251
217
185
157
123
97
66
31
4
-26
-47
-84
-132
-148
-176
-213
-232
-286
-327
-351
-381
-413
-433
-459
-484
-498
-527
-526
-528
-545
-561
-551
-567
-585
-578
-575
-562
-530
-537
-528
-502
-493
-484
-457
-438
-412
-389
-364
-317
-282
-265
-237
-203
-185
-157
-130
-83
-45
-7
14
50
75
105
128
155
189
227
244
267
296
299
317
318
328
334
342
347
344
351
356
355
352
345
358
359
342
351
348
338
336
328
319
323
306
285
309
272
269
252
219
216
192
160
147
121
107
67
38
21
-9
-16
-45
-75
-91
-123
-139
-158
-182
-194
-217
-219
-234
-227
-240
-249
-238
-252
-253
-265
-272
-278
-271
-271
-278
-267
-273
-275
-271
-264
-250
-258
-239
-224
-226
-189
-182
-164
-147
-140
-121
-98
-75
-52
-54
-26
3
22
45
54
70
104
115
136
146
159
184
179
200
217
222
240
237
242
260
267
272
293
300
297
315
300
294
301
309
298
301
299
285
287
274
275
255
245
245
217
219
195
172
162
133
119
111
80
62
54
13
-11
-45
-80
-91
-124
-146
-160
-209
-236
-261
-289
-296
-298
-335
-347
-360
-378
-386
-379
-395
-413
-414
-423
-416
-409
-401
-413
-404
-376
-386
-363
-346
-350
-312
-313
-307
-276
-248
-227
-204
-182
-161
-131
-102
-90
-55
-40
-30
14
35
63
82
109
125
164
175
192
228
247
281
297
317
351
362
390
397
405
415
435
437
436
438
438
435
418
431
443
438
428
411
417
409
389
387
364
355
323
303
289
273
240
234
211
171
162
156
127
111
82
54
53
17
-12
-37
-64
-82
-86
-120
-141
-154
-176
-184
-208
-221
-228
-217
-244
-247
-255
-254
-262
-266
-239
-264
-265
-256
-248
-228
-201
-212
-179
-161
-174
-152
-129
-126
-86
-82
-75
-42
-27
-14
37
41
70
89
105
138
149
180
188
200
226
229
251
270
257
284
298
309
309
318
313
311
301
302
294
305
297
293
296
269
267
266
253
257
220
198
196
181
167
147
138
105
90
89
57
56
41
7
1
-8
-25
-48
-64
-76
-91
-102
-110
-114
-109
-127
-129
-135
-143
-145
-167
-158
-150
-178
-170
-169
-166
-165
-159
-138
-113
-114
-121
-100
-87
-48
-47
-33
-21
-24
-10
6
32
40
48
70
66
71
108
101
121
132
131
149
168
171
172
181
181
186
195
206
188
220
213
215
236
223
244
261
242
255
251
262
260
249
258
251
252
244
239
232
219
213
214
194
181
172
152
138
138
104
89
99
68
74
59
37
24
20
-12
-26
-28
-48
-45
-59
-72
-73
-96
-76
-76
-102
-94
-116
-111
-118
-133
-130
-131
-125
-118
-115
-125
-121
-121
-113
-105
-100
-101
-105
-87
-81
-76
-79
-71
-70
-56
-48
-42
-34
-19
-31
-13
-2
-7
8
13
20
23
27
49
53
42
50
59
71
70
70
71
72
75
97
88
84
117
115
136
151
149
157
169
165
174
191
182
210
209
182
193
187
165
175
167
152
143
135
115
117
100
81
73
63
56
36
15
3
-2
-10
-19
-22
-24
-48
-36
-39
-53
-29
-34
-27
-19
-29
-29
-17
-20
1
-4
-1
13
4
16
21
42
30
42
47
59
71
64
73
82
87
96
114
127
140
158
154
141
174
165
185
195
194
212
222
232
243
256
245
250
266
240
252
261
246
242
234
228
219
223
211
216
201
191
190
159
148
145
141
129
121
121
110
87
85
86
68
54
40
44
34
16
1
-18
-32
-42
-47
-64
-73
-76
-100
-101
-100
-125
-122
-132
-140
-128
-144
-137
-142
-151
-145
-145
-146
-133
-131
-133
-127
-127
-106
-111
-108
-93
-67
-66
-62
-70
-55
-36
-42
-9
-9
7
22
27
40
48
74
87
99
133
120
137
147
146
178
189
201
213
219
233
243
251
262
264
282
275
267
276
283
278
289
280
264
253
245
231
218
199
174
166
157
146
131
118
94
75
63
56
30
-10
-20
-13
-45
-58
-60
-70
-85
-104
-97
-94
-104
-111
-125
-115
-128
-136
-117
-131
-126
-130
-134
-111
-115
-109
-101
-92
-97
-89
-66
-69
-47
-31
-20
-6
17
19
35
53
62
81
81
88
108
114
125
142
149
145
151
169
162
170
189
190
181
178
176
175
198
200
200
211
200
197
189
185
193
189
194
187
190
192
172
152
159
140
141
143
118
106
82
77
52
49
29
21
6
-22
-32
-52
-50
-70
-93
-118
-141
-150
-163
-162
-164
-188
-189
-211
-201
-199
-201
-188
-194
-200
-187
-187
-185
-176
-173
-149
-161
-149
-115
-111
-105
-90
-100
-57
-44
-52
-20
-9
-14
11
24
37
74
72
100
129
117
117
150
164
155
195
206
197
221
214
231
246
238
243
243
247
240
239
252
232
240
242
243
252
235
234
234
216
204
195
196
162
145
151
132
130
115
112
100
65
57
48
32
17
-3
-3
-22
-31
-30
-55
-58
-76
-86
-109
-110
-125
-128
-113
-130
-129
-136
-141
-143
-141
-131
-136
-134
-149
-149
-163
-162
-153
-162
-140
-135
-142
-137
-129
-125
-119
-120
-112
-89
-93
-92
-70
-75
-76
-52
-67
-67
-56
-46
-44
-24
-25
-19
-7
-18
0
2
3
6
23
20
41
33
20
39
41
19
33
28
36
35
25
31
33
43
36
45
43
21
20
3
-18
5
-14
-6
-22
-14
-21
-17
-7
-15
3
-11
-36
-30
-25
-31
-27
-21
-17
-24
-36
-25
-27
-18
-24
-17
-21
-42
-29
-39
-35
-38
-31
-36
-38
-28
-29
-38
-22
-19
-33
-1
9
7
19
26
26
35
43
35
61
46
30
46
39
44
57
55
50
58
38
31
44
35
52
50
40
60
64
56
37
47
50
42
56
58
67
43
47
51
39
50
36
37
42
22
13
28
11
5
4
-3
24
22
10
1
-5
-7
-20
2
-14
-4
0
-9
-8
-18
-20
-9
-8
-28
-22
-30
-36
-36
-25
-38
-52
-41
-36
-48
-44
-62
-60
-57
-80
-55
-68
-80
-77
-92
-71
-80
-89
-63
-94
-73
-88
-99
-69
-94
-94
-88
-105
-105
-98
-103
-102
-107
-85
-92
-83
-81
-94
-82
-99
-101
-108
-117
-112
-116
-137
-148
-159
-159
-154
-168
-165
-161
-171
-177
-180
-169
-167
-171
-163
-149
-164
-129
-142
-140
-122
-135
-109
-92
-100
-95
-88
-84
-67
-47
-55
-30
-15
-29
-5
-12
-8
9
1
8
12
14
17
24
16
14
26
25
27
18
26
19
21
0
13
9
6
8
-9
-7
-14
-1
-11
2
-8
-32
-18
-18
-36
-50
-46
-57
-67
-95
-88
-104
-106
-118
-127
-112
-132
-143
-142
-124
-145
-149
-147
-161
-146
-167
-165
-154
-165
-148
-153
-152
-156
-146
-163
-167
-176
-163
-156
-156
-170
-177
-171
-191
-184
-172
-179
-165
-162
-166
-161
-156
-149
-131
-135
-111
-101
-90
-78
-83
-68
-80
-84
-71
-73
-77
-61
-72
-71
-67
-71
-70
-68
-59
-67
-57
-52
-75
-43
-65
-58
-60
-63
-41
-46
-37
-42
-40
-39
-18
-25
-27
-18
-27
-21
-18
-39
-26
-27
-36
-16
-25
-24
-24
-34
-38
-44
-31
-48
-43
-44
-56
-54
-41
-60
-59
-54
-71
-58
-71
-67
-63
-81
-82
-78
-105
-92
-81
-94
-86
-69
-79
-65
-51
-71
-45
-41
-47
-34
-23
-15
-4
6
14
46
28
32
29
45
60
54
65
67
94
86
80
105
111
99
101
104
91
96
90
90
93
81
100
91
92
89
91
89
90
101
60
76
77
61
64
75
42
46
47
43
44
22
20
24
20
1
-13
-16
-23
-32
-20
-28
-18
-32
-57
-32
-47
-66
-47
-49
-49
-66
-65
-87
-79
-79
-103
-79
-84
-93
-89
-92
-93
-91
-108
-95
-97
-90
-88
-89
-69
-80
-82
-90
-76
-69
-72
-62
-48
-43
-42
-30
-34
-35
-20
-15
-13
-13
0
4
-9
4
2
3
3
0
9
-7
-6
-3
-16
-4
-19
-27
-16
-32
-34
-45
-42
-38
-55
-61
-58
-63
-69
-57
-52
-65
-76
-88
-93
-79
-97
-112
-98
-101
-113
-109
-115
-100
-105
-105
-115
-122
-130
-144
-142
-156
-156
-154
-179
-165
-153
-172
-163
-177
-175
-180
-198
-198
-205
-217
-207
-217
-233
-215
-212
-212
-209
-203
-193
-196
-193
-167
-147
-144
-137
-108
-95
-90
-63
-47
-41
-26
0
12
13
16
27
52
66
81
62
71
66
74
96
94
92
98
116
89
104
115
107
95
116
110
106
113
107
102
105
103
89
87
89
75
76
85
67
65
51
27
26
15
1
-4
-23
-41
-44
-57
-64
-57
-70
-86
-99
-99
-106
-117
-113
-121
-148
-145
-139
-148
-150
-155
-171
-168
-163
-161
-151
-145
-144
-143
-132
-143
-123
-112
-112
-90
-77
-61
-40
-19
4
5
24
37
48
70
94
104
133
136
143
173
167
177
193
200
208
208
222
230
208
213
226
243
228
222
224
239
235
220
230
219
209
224
217
204
199
181
172
158
136
132
109
109
114
96
85
70
58
58
43
22
14
9
-8
-30
-18
-38
-62
-45
-64
-69
-65
-94
-101
-103
-106
-107
-111
-125
-123
-127
-144
-135
-140
-156
-142
-150
-165
-137
-147
-148
-126
-134
-111
-89
-87
-74
-63
-48
-24
-21
0
22
37
54
61
90
96
106
119
119
148
158
160
170
184
206
215
223
235
245
256
264
270
290
314
311
295
291
293
292
284
292
282
278
267
249
238
245
235
206
201
174
137
143
140
105
93
71
63
54
42
12
2
-2
-16
-45
-53
-69
-81
-97
-105
-134
-138
-147
-177
-189
-201
-206
-216
-238
-245
-248
-265
-261
-268
-295
-287
-301
-301
-298
-318
-309
-288
-301
-301
-285
-279
-253
-248
-236
-236
-211
-209
-170
-154
-140
-102
-100
-79
-57
-45
-30
-8
4
25
23
33
49
65
76
82
110
123
126
139
153
154
163
181
176
174
172
182
170
175
184
182
186
183
195
196
186
174
183
180
151
161
146
132
135
108
106
106
92
108
77
63
58
32
56
38
21
18
-10
-19
-30
-38
-54
-79
-73
-96
-117
-111
-121
-121
-134
-143
-165
-151
-151
-153
-148
-145
-130
-141
-134
-140
-128
-135
-139
-131
-123
-108
-111
-95
-94
-90
-73
-63
-54
-48
-34
-27
-20
-2
21
41
50
75
98
117
126
137
146
162
168
175
192
193
213
214
219
227
228
237
245
259
279
279
283
297
291
292
307
317
324
318
315
316
317
306
292
286
285
279
260
254
242
213
220
183
175
168
145
145
130
103
92
62
40
28
8
-17
-39
-36
-70
-76
-92
-109
-116
-138
-144
-150
-159
-144
-167
-185
-183
-203
-205
-182
-200
-171
-176
-178
-167
-174
-166
-147
-143
-137
-129
-116
-88
-90
-55
-32
-28
-2
23
31
60
66
85
103
113
138
132
154
172
164
202
198
203
226
219
238
242
253
248
265
259
263
292
270
301
309
294
295
298
308
299
277
292
283
278
277
263
271
268
239
237
231
213
186
175
171
137
143
131
100
84
56
40
37
3
5
-19
-46
-50
-64
-69
-95
-98
-110
-126
-136
-141
-149
-159
-165
-182
-185
-183
-203
-198
-207
-230
-221
-232
-251
-233
-243
-224
-233
-235
-212
-227
-201
-192
-187
-168
-146
-142
-119
-106
-102
-84
-77
-64
-45
-33
-28
-3
7
17
41
49
56
64
43
54
60
71
64
77
87
83
71
77
89
91
94
93
112
102
104
124
127
134
142
140
152
148
146
141
141
137
121
132
120
102
112
97
91
77
59
64
48
32
18
-2
-28
-20
-45
-47
-44
-60
-95
-88
-92
-105
-117
-131
-141
-128
-144
-158
-140
-152
-139
-140
-152
-153
-146
-149
-131
-142
-151
-146
-142
-145
-130
-125
-127
-117
-113
-103
-123
-120
-96
-97
-91
-84
-77
-57
-41
-23
-12
2
20
32
52
74
72
84
113
131
139
153
167
184
178
199
199
213
228
227
237
243
258
257
256
261
248
251
250
242
248
243
228
221
211
207
218
194
181
161
151
142
140
129
114
100
81
72
65
47
45
47
27
32
12
5
0
-16
-12
-7
-21
-34
-46
-58
-67
-84
-93
-84
-91
-94
-103
-101
-93
-91
-97
-105
-113
-119
-115
-121
-114
-104
-88
-85
-108
-80
-74
-67
-45
-48
-20
-34
-38
-19
0
13
18
19
34
50
64
80
83
118
117
124
139
146
173
186
179
201
198
187
204
220
230
228
231
230
230
229
214
217
216
213
215
215
220
220
222
218
202
216
197
187
181
175
151
141
151
125
117
106
86
84
62
54
33
26
11
-13
3
-9
3
-22
-39
-38
-63
-56
-58
-84
-81
-81
-96
-87
-102
-107
-97
-110
-104
-110
-109
-107
-90
-91
-93
-91
-88
-86
-68
-63
-66
-55
-45
-29
-28
-12
-16
-7
-10
-17
12
19
11
26
18
17
28
18
20
30
40
43
60
65
65
76
65
79
80
72
75
83
87
77
75
80
88
81
71
77
75
51
49
49
49
30
19
28
5
0
-13
-42
-45
-54
-78
-83
-99
-109
-119
-125
-129
-138
-130
-138
-142
-149
-149
-155
-158
-172
-176
-170
-178
-186
-188
-174
-175
-186
-180
-179
-184
-186
-183
-177
-167
-176
-171
-159
-154
-155
-137
-127
-135
-115
-109
-106
-93
-77
-66
-53
-36
-29
-14
6
3
16
25
28
41
56
57
69
80
74
90
96
100
100
105
118
136
135
125
133
138
149
155
154
171
156
162
168
163
170
155
148
159
150
142
152
158
158
148
116
106
93
84
52
31
43
13
13
3
-26
-17
-49
-58
-49
-62
-81
-92
-103
-107
-101
-95
-87
-77
-74
-91
-73
-75
-83
-79
-84
-70
-67
-69
-73
-73
-65
-73
-74
-66
-67
-71
-59
-51
-43
-51
-54
-39
-35
-47
-48
-39
-32
-41
-39
-35
-36
-28
-31
-29
-14
-4
8
18
17
32
19
25
47
29
58
45
62
65
52
67
66
88
85
80
85
95
78
104
80
80
83
62
54
49
40
44
46
36
43
45
39
47
36
38
40
15
27
8
-4
2
-26
-44
-32
-50
-47
-51
-62
-72
-79
-57
-55
-80
-84
-77
-109
-107
-97
-106
-108
-97
-105
-86
-93
-115
-89
-104
-95
-90
-95
-81
-79
-96
-84
-81
-74
-82
-53
-47
-41
-42
-40
-18
-33
-22
0
12
22
40
45
44
65
72
74
88
84
80
84
77
85
84
96
85
79
100
77
77
66
58
62
58
57
46
36
34
13
11
17
3
-6
-12
-20
-28
-38
-58
-54
-69
-83
-101
-106
-116
-111
-121
-147
-127
-157
-158
-158
-181
-181
-185
-195
-204
-221
-222
-213
-230
-222
-242
-242
-216
-235
-219
-221
-225
-222
-222
-208
-208
-207
-210
-196
-200
-178
