-342
-345
-339
-313
-269
-230
-216
-222
-217
-219
-195
-200
-187
-172
-175
-196
-220
-221
-216
-226
-214
-204
-234
-264
-262
-276
-271
-251
-272
-255
-259
-230
-229
-197
-200
-175
-157
-180
-159
-150
-104
-85
-101
-87
-64
-81
-62
-49
-30
-28
-30
-50
-76
-109
-107
-103
-115
-96
-87
-94
-113
-105
-100
-91
-75
-65
-59
-40
-21
11
33
52
58
74
92
96
115
117
134
116
85
71
52
36
27
10
-5
-24
-49
-87
-99
-123
-165
-176
-172
-168
-166
-166
-161
-136
-127
-104
-99
-105
-98
-82
-70
-55
-39
-29
-34
-22
-12
-13
-3
-28
-61
-101
-119
-138
-146
-155
-173
-188
-212
-232
-249
-270
-280
-271
-225
-162
-124
-104
-99
-105
-95
-62
-31
-11
5
14
-2
-35
-72
-86
-101
-129
-158
-162
-150
-154
-144
-173
-202
-202
-202
-190
-172
-150
-157
-160
-140
-98
-75
-71
-56
-19
-15
-12
22
50
72
67
75
79
75
73
91
113
133
134
115
123
123
112
108
127
109
87
77
70
79
94
102
113
112
115
124
124
100
74
60
31
37
54
70
91
74
66
59
56
67
75
69
71
58
75
90
86
94
94
95
77
67
76
101
105
106
91
71
80
75
58
50
62
73
103
135
127
153
173
168
181
168
173
197
209
209
204
200
199
193
189
187
197
190
172
171
157
153
139
162
187
199
205
209
224
237
236
244
242
238
238
247
237
219
221
234
239
221
218
201
182
165
156
164
164
173
187
193
176
162
125
98
79
58
46
30
13
-13
-13
-13
-16
-48
-69
-74
-66
-49
-41
-17
-7
8
15
14
30
55
62
97
120
111
110
114
127
139
157
174
159
150
149
158
153
126
106
79
69
75
70
79
81
94
103
99
78
87
95
103
111
119
160
192
215
198
158
141
156
166
167
146
137
136
154
183
205
217
212
213
203
236
253
253
230
208
217
218
237
233
231
230
227
247
255
242
241
230
249
240
228
231
208
204
203
203
200
188
178
165
174
204
232
239
246
260
288
305
300
285
270
260
255
255
244
237
223
217
221
201
194
201
201
224
250
266
291
299
292
288
275
270
270
241
229
214
210
198
168
141
115
104
110
118
119
123
112
94
96
77
77
59
49
74
98
110
97
96
91
92
70
73
76
69
68
56
41
34
41
33
9
-16
-48
-74
-72
-46
-11
5
24
39
51
65
70
65
73
103
133
156
185
202
225
240
219
195
188
193
215
244
254
256
253
243
244
241
264
272
266
274
272
249
252
266
269
256
257
252
228
217
225
240
234
228
237
248
244
222
182
165
175
182
193
210
204
183
167
179
189
204
214
209
182
167
179
179
206
212
211
193
177
177
171
154
145
151
138
139
126
100
89
80
85
80
62
66
74
59
97
123
111
113
120
151
166
175
183
172
174
201
218
242
245
233
225
212
252
271
273
258
249
264
264
249
234
231
230
229
244
260
220
189
188
173
151
122
112
124
127
139
163
160
163
139
114
107
111
113
93
68
36
22
14
5
-9
-19
-49
-62
-48
-57
-45
-29
-22
8
11
30
60
74
107
142
151
161
167
156
157
166
178
178
178
163
131
101
84
65
58
38
26
15
14
22
12
25
7
2
28
66
94
107
121
135
138
144
153
155
147
126
103
78
80
69
58
55
39
51
48
28
7
24
20
27
73
86
97
103
100
109
103
102
100
113
121
108
83
69
71
50
51
64
68
79
97
99
99
76
82
75
57
77
89
79
58
40
35
22
24
25
28
25
19
32
33
40
43
42
58
78
102
129
149
151
130
104
74
68
47
60
87
96
106
122
119
88
68
43
46
38
38
49
84
85
69
72
74
82
93
100
91
79
71
78
63
55
32
-2
-34
-39
-34
-36
-60
-69
-62
-54
-14
-7
-13
-33
-57
-32
6
32
33
50
64
59
74
69
76
102
120
121
130
136
113
111
112
115
125
123
128
136
129
130
132
145
133
145
132
105
78
67
57
45
44
29
39
33
34
28
43
71
107
147
144
148
142
157
179
178
187
181
173
163
146
113
97
75
68
79
83
94
93
67
43
36
47
54
78
117
129
133
125
131
130
123
112
81
69
90
82
74
78
67
77
84
84
83
88
58
51
50
31
43
74
112
123
132
131
123
121
129
140
146
161
174
186
187
194
183
152
134
115
85
86
84
63
63
49
48
51
55
55
94
116
134
156
136
150
166
163
145
154
173
170
153
112
92
63
34
33
24
26
22
2
-16
-44
-57
-52
-55
-35
-10
6
32
53
77
87
97
109
124
141
134
134
129
118
86
47
8
-5
-17
-20
-28
-30
-33
-39
-43
-30
-21
-10
19
41
67
88
101
115
106
83
83
79
103
122
123
134
129
113
94
73
41
15
15
32
34
-12
-38
-55
-89
-110
-135
-137
-141
-142
-127
-117
-116
-126
-130
-114
-107
-90
-39
-20
-13
-7
-3
-15
-17
2
23
35
-6
-19
-45
-67
-69
-80
-133
-192
-203
-202
-200
-205
-185
-168
-171
-129
-72
-49
-20
0
33
61
109
139
139
132
101
79
60
50
7
-40
-68
-99
-116
-125
-122
-140
-143
-127
-159
-156
-147
-129
-104
-71
-31
6
9
7
18
24
47
43
57
82
109
117
122
98
72
63
27
5
-45
-63
-63
-78
-84
-83
-79
-68
-51
-21
-6
5
43
60
87
114
135
138
146
158
159
123
79
27
-33
-57
-98
-132
-150
-157
-163
-176
-170
-165
-155
-152
-109
-78
-68
-46
-34
-40
-44
-37
-36
-63
-77
-84
-84
-67
-46
-55
-63
-80
-123
-130
-102
-76
-61
-49
-49
-53
-42
-41
-40
-41
-80
-69
-34
-33
-38
-30
-46
-66
-104
-119
-130
-153
-167
-172
-177
-189
-189
-200
-202
-197
-176
-140
-109
-98
-80
-59
-45
-27
-8
28
54
60
79
112
129
140
134
137
130
114
117
100
70
49
31
33
20
4
8
-7
-39
-64
-79
-60
-31
-25
-27
-19
-25
-6
41
66
62
82
77
88
119
114
106
96
85
67
40
1
-37
-67
-81
-101
-100
-80
-80
-61
-63
-63
-48
-45
-48
-28
-2
12
15
10
2
-13
-10
23
53
50
45
18
7
-9
-30
-53
-64
-68
-75
-73
-54
-63
-93
-109
-120
-115
-118
-99
-79
-54
-21
8
34
33
34
57
77
66
32
12
6
1
-12
-38
-57
-84
-103
-111
-106
-94
-92
-110
-126
-122
-133
-125
-116
-105
-104
-89
-74
-90
-107
-118
-141
-154
-154
-148
-129
-139
-147
-145
-140
-136
-140
-147
-158
-167
-168
-166
-164
-172
-187
-177
-161
-162
-143
-136
-157
-166
-161
-154
-129
-120
-126
-146
-187
-220
-213
-199
-207
-203
-194
-203
-229
-247
-254
-258
-260
-242
-211
-186
-165
-151
-148
-151
-160
-150
-163
-166
-143
-132
-107
-105
-131
-167
-204
-230
-216
-180
-145
-120
-99
-87
-84
-62
-50
-58
-64
-51
-21
11
30
16
-9
-15
-31
-44
-50
-60
-79
-62
-67
-76
-66
-80
-94
-112
-131
-139
-138
-112
-92
-76
-61
-56
-39
-46
-42
-21
-9
-9
-9
-7
-5
-19
-54
-58
-67
-77
-70
-75
-111
-160
-197
-198
-192
-201
-195
-187
-189
-187
-163
-174
-179
-192
-185
-158
-152
-156
-175
-203
-216
-229
-257
-276
-316
-327
-305
-278
-268
-274
-278
-286
-309
-324
-315
-300
-283
-269
-258
-263
-265
-228
-211
-191
-159
-77
-6
-4
12
40
74
106
134
152
130
105
89
60
30
-3
-41
-66
-81
-106
-120
-116
-140
-143
-102
-84
-80
-66
-37
-19
-30
-21
6
25
28
9
-4
-36
-55
-55
-55
-46
-51
-47
-58
-75
-87
-116
-153
-182
-188
-182
-168
-176
-204
-211
-227
-223
-231
-232
-191
-151
-91
-43
-27
-32
-14
12
32
31
45
58
50
28
8
-16
-61
-76
-96
-106
-108
-124
-114
-99
-62
-17
6
38
69
59
73
88
99
114
110
105
70
53
50
51
46
19
15
44
29
47
49
17
0
6
23
9
-42
-81
-92
-116
-135
-129
-133
-137
-143
-121
-109
-128
-134
-119
-97
-95
-103
-105
-110
-152
-126
-87
-89
-110
-137
-142
-175
-180
-199
-208
-188
-183
-159
-159
-168
-156
-157
-166
-151
-165
-183
-202
-221
-216
-217
-238
-240
-246
-226
-192
-167
-156
-140
-117
-100
-56
-40
-43
-48
-24
10
49
81
59
27
3
-24
-35
-52
-29
6
7
-12
-19
-49
-68
-56
-77
-99
-125
-137
-110
-100
-116
-117
-90
-83
-78
-44
-20
-15
-26
-15
-11
-27
6
45
46
15
-18
-31
-52
-74
-86
-118
-148
-174
-200
-217
-232
-222
-213
-171
-142
-145
-139
-139
-113
-70
-55
-74
-58
-51
-53
-35
-31
-43
-40
-34
-50
-80
-83
-69
-59
-51
-62
-58
-78
-91
-95
-80
-61
-51
-9
29
41
38
47
62
64
53
66
112
112
88
94
108
78
45
41
33
30
65
121
126
112
101
91
83
66
51
76
86
112
121
80
39
-23
-40
-31
-23
-38
-64
-88
-60
-42
-58
-42
-43
-40
0
47
44
-2
-22
-26
-19
-18
-34
-62
-102
-118
-144
-147
-134
-134
-108
-97
-107
-115
-107
-94
-113
-138
-116
-61
-25
7
38
55
34
24
22
-3
8
44
54
51
64
86
83
80
62
16
27
31
35
43
29
17
12
10
-22
-35
-28
-10
5
35
37
48
52
44
69
58
86
108
101
110
129
134
152
164
165
184
189
208
232
219
216
212
170
144
145
180
185
151
111
83
44
-9
-21
-41
-76
-81
-40
-29
-37
-34
-46
-38
-47
-58
-36
-14
-17
-11
-6
-4
-24
-44
-62
-71
-63
-58
-37
-24
-8
-5
-26
-34
-42
-36
-4
-1
-1
0
4
6
-8
-30
-62
-69
-71
-48
12
26
21
13
-13
-27
-30
-43
-24
-38
-53
-68
-66
-78
-94
-95
-74
-68
-86
-67
-24
24
69
121
138
136
140
158
190
203
216
215
197
176
118
90
60
28
8
-33
-69
-64
-67
-61
-60
-72
-77
-72
-40
-45
-23
0
-15
-14
-20
-47
-59
-68
-74
-75
-83
-72
-56
-67
-83
-97
-101
-114
-125
-107
-64
-33
-32
-36
-43
-43
-45
-38
-65
-76
-73
-40
24
72
97
80
54
34
58
59
76
89
73
56
33
20
13
-1
-19
-25
-35
-35
-3
30
12
-8
16
21
34
69
97
64
25
24
37
44
47
45
36
25
34
58
62
84
80
101
156
193
228
245
237
221
223
248
250
227
180
151
149
116
102
77
54
79
95
115
139
114
68
52
70
108
159
160
158
167
168
174
185
173
137
131
160
194
226
222
202
154
125
100
136
149
145
172
194
231
225
191
153
151
170
218
251
222
209
221
201
196
170
126
83
63
81
119
143
181
193
186
190
196
200
215
241
240
241
222
187
184
167
119
86
78
77
103
142
152
162
188
240
284
320
348
343
362
366
363
339
313
300
249
230
240
235
229
200
168
136
99
114
155
178
207
233
248
240
221
198
179
165
176
187
211
230
190
177
185
187
197
216
244
264
287
328
332
342
299
229
208
181
181
189
171
148
140
126
155
159
124
123
143
183
221
237
232
216
183
183
200
211
235
213
150
92
72
72
102
135
143
144
148
157
175
184
176
214
284
342
354
352
347
309
302
349
350
356
345
324
305
260
267
257
226
198
177
169
160
138
49
23
-30
-45
-58
-24
-8
-3
-26
-58
-114
-166
-143
-597
-821
-651
-290
91
439
-689
-1585
-2066
-1518
-192
288
-200
-860
-2091
-2225
-2292
-2313
-1290
-166
723
961
-107
-1445
-2072
-2482
-897
344
2025
2114
1617
778
-445
177
987
2259
2299
2189
1613
1930
1973
2166
1939
1839
1514
1703
1428
1214
519
269
1064
928
1037
23
-392
-988
-760
-506
-657
-825
-1292
-1282
-1393
-1492
-1763
-1826
-1776
-1573
-1673
-1946
-1922
-1757
-1581
-1436
-1517
-1393
-869
-574
-270
-384
-416
-345
162
261
317
575
1020
1700
2017
2062
1750
2067
2254
2600
2965
2983
3525
3990
4590
4846
4639
4470
4342
4350
4109
4024
3578
3294
2901
2242
1909
1389
1279
1027
691
329
-436
-942
-1553
-2050
-2430
-2869
-3008
-3269
-3326
-3558
-3427
-3397
-3367
-3433
-3753
-3794
-3904
-3771
-3437
-3086
-2697
-2408
-2403
-2518
-2473
-2666
-2276
-2148
-1972
-1658
-1520
-1017
-968
-1027
-1005
-1273
-1043
-1125
-1027
-627
-163
473
1226
1752
2306
2977
3162
3795
4081
4535
5299
5732
6507
6961
7338
7520
6954
6705
5055
4494
3504
3387
3769
3687
3829
3444
2949
2073
925
-191
-1248
-1844
-2611
-3242
-3799
-4024
-3781
-3957
-3673
-4351
-4494
-4963
-5186
-5102
-4987
-4135
-3317
-2631
-1975
-1710
-1075
-784
-608
-851
-937
-1309
-1146
-1060
-782
-87
154
449
288
-81
-289
-646
-974
-1352
-1709
-2131
-2418
-2580
-2577
-2347
-2235
-2001
-2074
-1971
-1686
-1174
-556
-131
428
920
1607
2263
3030
3704
4371
4936
5541
6043
6868
7685
8274
8465
7916
7029
5628
5180
4397
4846
4892
5024
4680
4010
3020
2079
938
142
-1014
-1851
-3199
-3992
-4701
-4829
-4632
-4777
-4822
-5529
-5961
-6634
-6863
-6872
-6391
-5867
-5201
-4579
-3884
-3117
-2171
-1411
-760
-676
-778
-838
-843
-753
-291
-79
434
608
814
947
1083
1000
543
-116
-1044
-1878
-2568
-2993
-3144
-3064
-2969
-2681
-2425
-1906
-1515
-893
-709
-357
-291
59
387
1226
2086
3306
4223
5282
6198
7248
8408
9016
9293
8561
7483
5993
5372
4525
5044
4900
5306
4870
4545
3402
2656
1377
406
-991
-2356
-3857
-4763
-5518
-5469
-5342
-5143
-5030
-5435
-5792
-6296
-6577
-6602
-6478
-6447
-6229
-6034
-5268
-4410
-3162
-2123
-1220
-882
-831
-916
-1017
-1000
-910
-690
-557
-253
170
560
1149
1237
1291
843
63
-825
-1621
-2332
-2655
-2962
-2969
-2823
-2529
-1953
-1382
-646
-187
260
444
705
1130
1530
2331
2933
3926
4878
6168
7503
8684
9153
8804
7788
6630
5721
5106
4899
4921
5099
5019
4636
3838
3364
2739
2207
1003
-488
-2165
-3638
-4743
-5185
-5365
-5170
-5073
-5194
-5341
-5419
-5227
-4978
-4897
-5030
-5271
-5514
-5514
-5214
-4530
-3538
-2541
-1823
-1297
-1014
-785
-678
-777
-985
-1265
-1450
-1485
-1405
-982
-583
-244
-378
-679
-1080
-1527
-2087
-2691
-3307
-3800
-3893
-3752
-3220
-2538
-1749
-950
-260
244
954
1450
2252
2839
3531
4303
5069
6105
7302
8864
9705
10139
9435
8924
8315
7757
7355
6947
6688
6311
5483
4725
4127
3899
3533
2698
1341
-230
-1530
-2858
-3682
-4672
-5073
-5694
-6199
-6606
-6638
-6197
-5763
-5493
-5332
-5466
-5643
-5817
-5760
-5448
-5012
-4669
-4314
-3825
-3234
-2486
-2058
-1755
-1790
-1891
-1982
-2158
-2184
-2248
-2313
-2287
-2658
-2599
-2587
-2274
-2223
-2316
-2518
-2924
-3238
-3310
-3025
-2633
-2077
-1594
-862
-31
1082
2324
3547
4507
5450
6142
6954
7886
8986
10235
10709
10598
9908
9577
9284
9202
9029
8924
8806
8235
7317
6406
5588
5081
4233
3004
1523
33
-1162
-2266
-3104
-4022
-4646
-5618
-6413
-7073
-7372
-7344
-7432
-7489
-7530
-7546
-7471
-7382
-7020
-6594
-6208
-6026
-5729
-5398
-4896
-4462
-4207
-3863
-3932
-3746
-3615
-3379
-3136
-2995
-2893
-2919
-2761
-2719
-2325
-2321
-2240
-2352
-2570
-2583
-2679
-2370
-1892
-1329
-687
-71
755
1734
2874
3969
5013
5807
6515
7238
7901
8998
9930
11032
11529
11435
11054
10669
10601
10232
10062
9376
8987
8022
7039
6125
5420
4750
3884
2648
1276
-202
-1433
-2676
-3682
-4825
-5680
-6737
-7625
-8215
-8534
-8445
-8547
-8554
-8620
-8602
-8555
-8353
-8071
-7623
-7373
-7181
-6756
-6251
-5589
-4931
-4487
-3999
-3797
-3414
-2992
-2562
-2113
-1949
-1613
-1573
-1270
-1102
-776
-653
-705
-752
-895
-870
-716
-421
7
285
616
972
1557
2373
3231
4233
4943
5702
6242
6967
7716
8564
9573
10401
10793
10523
10070
9759
9546
9114
8689
7922
7411
6477
5668
4756
4212
3447
2685
1412
125
-1138
-2313
-3469
-4459
-5549
-6386
-7363
-8080
-8484
-8543
-8363
-8282
-8149
-7935
-7710
-7484
-7146
-6832
-6463
-6154
-5969
-5412
-4888
-4156
-3597
-3084
-2569
-2360
-2030
-1879
-1530
-1471
-1268
-1257
-1252
-1211
-1151
-1116
-1325
-1507
-1738
-1851
-1990
-1939
-1751
-1432
-1101
-578
8
993
1910
2871
3721
4471
5099
5650
6294
7120
8052
9183
10070
10394
10402
9989
10105
9767
9668
9030
8438
7683
6747
5935
5162
4842
4276
3624
2612
1535
448
-744
-1796
-2892
-3994
-5010
-6228
-7029
-7652
-7754
-7777
-7641
-7488
-7197
-6988
-6862
-6637
-6479
-6323
-6327
-6345
-6071
-5830
-5335
-4963
-4465
-4033
-3728
-3216
-2948
-2540
-2465
-2286
-2312
-2241
-2144
-1931
-1816
-1816
-1829
-1791
-1745
-1691
-1499
-1044
-688
-280
146
752
1654
2441
3587
4438
5397
6065
6738
7417
8185
9142
10094
10835
10981
10844
10591
10491
10128
9942
9313
8918
8019
7194
6174
5499
4750
4081
3031
1854
731
-343
-1343
-2293
-3394
-4444
-5691
-6949
-7806
-8457
-8605
-8771
-8713
-8584
-8291
-8045
-7642
-7245
-6803
-6504
-6497
-6274
-6112
-5760
-5383
-5064
-4552
-4200
-3678
-3091
-2561
-1886
-1631
-1239
-1260
-1106
-1171
-1076
-1120
-1218
-1284
-1360
-1319
-1262
-926
-468
23
552
1017
1886
2628
3543
4424
5141
5873
6327
6963
7502
8377
9298
10075
10497
10425
10089
10120
9772
9713
9282
8897
8277
7501
6645
5867
5319
4551
3868
2685
1659
513
-531
-1429
-2383
-3278
-4228
-5398
-6321
-7140
-7622
-7985
-8374
-8589
-8558
-8411
-8163
-7695
-7423
-7062
-6993
-6946
-6639
-6462
-5997
-5794
-5539
-5375
-5226
-4814
-4306
-3787
-3307
-2767
-2578
-2229
-2092
-1683
-1392
-1387
-1400
-1493
-1561
-1577
-1447
-1029
-537
-65
567
1257
2140
3009
4009
4966
5843
6478
7259
7969
8729
9825
10471
11038
10851
10534
10444
10019
9964
9548
9207
8661
7931
7291
6820
6579
5989
5433
4073
2912
1587
342
-639
-1808
-2833
-3889
-5082
-5915
-6570
-6894
-7162
-7414
-7794
-8001
-8233
-8171
-7905
-7730
-7495
-7656
-7786
-7763
-7673
-7260
-6839
-6595
-6320
-6308
-5883
-5315
-4706
-4005
-3591
-3210
-3033
-2919
-2619
-2307
-2146
-2004
-2003
-1935
-1728
-1390
-755
-78
588
1301
1967
2788
3656
4491
5441
6031
6687
7311
7943
8895
9865
10759
11223
11156
10767
10756
10220
10163
9593
9097
8468
7596
6822
6320
5996
5693
5265
4255
3344
2199
1133
252
-865
-1992
-3233
-4725
-5680
-6459
-6837
-6982
-7270
-7447
-7662
-7814
-7748
-7394
-7171
-6907
-7113
-7257
-7239
-7303
-7010
-6834
-6518
-6332
-6409
-6160
-5641
-5197
-4522
-4080
-3642
-3239
-3175
-2749
-2449
-2302
-2168
-2232
-2236
-2114
-1910
-1291
-612
89
1001
1873
2934
4041
5115
6353
7054
7758
8289
8880
9623
10375
10926
11210
10935
10579
10451
10046
9980
9451
9026
8313
7433
6564
6039
5490
5048
4337
3311
2383
1217
321
-541
-1462
-2456
-3523
-4683
-5456
-6127
-6455
-6621
-6887
-6991
-7176
-7213
-7063
-6754
-6473
-6318
-6485
-6593
-6601
-6638
-6393
-6259
-6079
-6067
-6198
-5971
-5589
-5155
-4598
-4224
-3771
-3487
-3233
-2834
-2498
-2256
-2085
-2043
-2077
-1947
-1712
-1155
-665
7
796
1695
2702
3810
5014
6051
6861
7376
8179
8680
9480
10215
10517
10810
10206
10266
9817
9783
9492
9043
8642
7665
7005
6111
5844
5291
4896
4171
3171
2298
1212
525
-258
-1098
-1960
-3158
-4109
-5030
-5577
-5875
-6205
-6387
-6600
-6543
-6495
-6214
-5970
-5772
-5763
-6089
-6133
-6303
-6178
-6186
-6175
-6154
-6312
-6307
-6097
-5704
-5307
-4975
-4684
-4382
-4247
-4033
-3724
-3489
-3356
-3240
-3218
-3089
-2941
-2422
-1801
-1138
-317
570
1650
2703
3827
4988
6047
6879
7677
8516
9319
10212
10657
10920
10490
10207
9843
9499
9285
8722
8466
7613
6970
6198
5845
5446
5000
4474
3541
2857
1825
1117
392
-510
-1339
-2473
-3441
-4287
-4796
-5038
-5244
-5437
-5589
-5631
-5687
-5475
-5189
-4933
-4781
-5073
-5129
-5395
-5534
-5647
-5766
-5829
-6118
-6372
-6314
-6075
-5747
-5357
-5122
-4847
-4823
-4639
-4407
-4202
-4190
-4198
-4300
-4354
-4265
-3916
-3283
-2651
-1802
-920
167
1331
2594
3982
5231
6309
7206
8105
8919
9919
10626
11227
11070
10964
10817
10498
10505
9995
9815
9122
8372
7575
7035
6627
6161
5675
4686
3754
2624
1576
723
-332
-1116
-2324
-3467
-4402
-5171
-5415
-5706
-5714
-5805
-5816
-5843
-5657
-5274
-5013
-4678
-4909
-4949
-5143
-5223
-5156
-5254
-5181
-5501
-5816
-5992
-5962
-5637
-5370
-5154
-4939
-4925
-4945
-4917
-4798
-4757
-4732
-4966
-5144
-5228
-5012
-4572
-4013
-3189
-2375
-1391
-335
832
2346
3733
5001
6178
7164
8110
9174
10009
10742
10943
10881
10966
10637
10641
10282
10148
9617
8974
8135
7546
7023
6605
6222
5354
4559
3538
2477
1584
615
-254
-1256
-2562
-3643
-4607
-5125
-5403
-5570
-5612
-5726
-5883
-5881
-5599
-5420
-5012
-4998
-5031
-5124
-5354
-5397
-5507
-5467
-5596
-5725
-5858
-5813
-5603
-5390
-4910
-4688
-4323
-4292
-4211
-4101
-4157
-4081
-4403
-4623
-4935
-4957
-4798
-4426
-3730
-3010
-1945
-1079
42
1300
2535
4060
5230
6495
7449
8450
9176
9696
9884
10050
10285
10094
10318
10016
10079
9793
9327
8937
8431
8026
7589
7082
6270
5530
4544
3533
2570
1379
434
-703
-1931
-2886
-3983
-4634
-5225
-5611
-5747
-5907
-6001
-6041
-5880
-5816
-5534
-5672
-5713
-5855
-6112
-6116
-6223
-6083
-6128
-6152
-6205
-6123
-5931
-5692
-5432
-5132
-4847
-4660
-4565
-4500
-4496
-4532
-4600
-4691
-4656
-4625
-4390
-4083
-3525
-2838
-1895
-897
99
1350
2374
3603
4631
5754
6779
7880
8613
9240
9444
9683
9893
9657
9815
9495
9609
9305
9056
8671
8332
7995
7626
7279
6520
5946
5043
4180
3219
2078
1115
-49
-1226
-2182
-3109
-3820
-4569
-5109
-5373
-5576
-5645
-5662
-5476
-5529
-5374
-5527
-5540
-5633
-5880
-6022
-6306
-6368
-6657
-6637
-6726
-6462
-6221
-5971
-5664
-5411
-5063
-4835
-4594
-4411
-4194
-4154
-4052
-4062
-4041
-3983
-3837
-3537
-3176
-2725
-1927
-1125
-122
987
2064
3284
4308
5518
6631
7752
8526
8990
9059
9381
9334
9286
9172
8845
8810
8328
8042
7719
7608
7387
7156
6684
6043
5444
4569
3923
2948
1929
958
-308
-1368
-2330
-3168
-3668
-4313
-4732
-4942
-5171
-5247
-5215
-5024
-4902
-4834
-5066
-5092
-5336
-5568
-5779
-6133
-6302
-6698
-6806
-6798
-6613
-6316
-6050
-5762
-5417
-5139
-4832
-4539
-4335
-4145
-4121
-4175
-4298
-4357
-4242
-4015
-3622
-3106
-2449
-1708
-934
-35
1032
2123
3257
4450
5485
6565
7379
7986
8330
8277
8600
8533
8706
8527
8343
8153
7595
7319
6892
6894
6741
6807
6506
6055
5688
4930
4289
3261
2312
1343
120
-923
-1892
-2627
-3246
-3804
-4128
-4365
-4567
-4718
-4695
-4593
-4533
-4563
-4776
-4870
-5200
-5433
-5675
-5931
-6114
-6508
-6618
-6797
-6640
-6415
-6166
-5796
-5425
-5035
-4717
-4373
-4181
-4020
-4003
-4014
-3998
-4020
-3850
-3708
-3435
-2964
-2324
-1472
-704
293
1364
2387
3401
4348
5294
6221
7020
7533
7574
7689
7826
7802
7940
7714
7721
7451
7060
6794
6558
6564
6390
6236
5805
5437
5016
4591
4199
3443
2861
1893
782
-218
-1289
-1866
-2483
-3009
-3282
-3535
-3622
-3642
-3500
-3319
-3248
-3417
-3596
-3783
-4153
-4411
-4918
-5266
-5745
-6323
-6571
-6812
-6711
-6657
-6472
-6175
-5940
-5538
-5196
-4675
-4406
-4138
-4108
-4205
-4180
-4259
-4001
-3882
-3531
-3139
-2562
-1799
-1016
81
1092
2260
3280
4326
5438
6369
7194
7669
7645
7735
7660
7557
7615
7368
7387
7149
6838
6650
6543
6564
6621
6507
6118
5866
5339
4929
4385
3583
2955
1909
847
33
-778
-1270
-1817
-2365
-2651
-2990
-3193
-3151
-2987
-2805
-2705
-2936
-3151
-3468
-3937
-4194
-4691
-5025
-5531
-6149
-6490
-6803
-6866
-6801
-6703
-6555
-6227
-6005
-5628
-5237
-5052
-4744
-4770
-4741
-4652
-4594
-4275
-4160
-3809
-3303
-2638
-1830
-895
197
1268
2458
3403
4552
5513
6603
7450
7869
7877
7983
7943
7778
7749
7369
7436
6995
6624
6429
6234
6379
6368
6299
5963
5699
5199
4886
4380
3689
3092
2031
975
104
-720
-1169
-1778
-2235
-2377
-2668
-2672
-2594
-2447
-2308
-2313
-2519
-2718
-3062
-3486
-3769
-4401
-4837
-5484
-6109
-6537
-6880
-6922
-6862
-6943
-6780
-6634
-6525
-6124
-5993
-5639
-5385
-5347
-5170
-5151
-4948
-4591
-4416
-3986
-3470
-2828
-1944
-1000
208
1447
2650
3787
5001
5951
7059
7782
8137
8180
8205
8165
8035
7835
7492
7422
6917
6657
6386
6205
6273
6112
6060
5717
5457
5065
4698
4062
3392
2730
1659
747
-185
-919
-1382
-2040
-2322
-2498
-2650
-2638
-2566
-2271
-2024
-1951
-2028
-2209
-2563
-2925
-3368
-3992
-4439
-5233
-5767
-6289
-6709
-6697
-6834
-6707
-6533
-6400
-6169
-6017
-5819
-5586
-5395
-5299
-5179
-5188
-5029
-4801
-4520
-3924
-3340
-2538
-1647
-679
559
1840
3163
4514
5658
6841
7807
8407
8565
8651
8645
8525
8432
7925
7644
7081
6498
6141
5721
5733
5676
5632
5459
5263
4969
4542
3995
3258
2649
1756
811
-12
-880
-1399
-1953
-2377
-2479
-2559
-2467
-2296
-2033
-1653
-1360
-1229
-1189
-1332
-1658
-2017
-2664
-3152
-3798
-4574
-5035
-5635
-5853
-6079
-6246
-6182
-6137
-6009
-5807
-5648
-5590
-5457
-5525
-5552
-5575
-5608
-5402
-5300
-4976
-4428
-3734
-2784
-1746
-547
835
2198
3496
4760
5914
6968
7907
8410
8522
8812
8810
8724
8490
8055
7892
7384
6947
6626
6331
6191
6017
5778
5407
5104
4637
4280
3634
2831
2144
1064
77
-842
-1640
-2127
-2675
-3024
-3078
-3165
-3029
-2687
-2289
-1747
-1434
-1303
-1229
-1386
-1564
-1800
-2275
-2626
-3199
-3846
-4236
-4653
-4834
-4981
-5198
-5158
-5228
-5280
-5121
-5107
-5059
-5074
-5231
-5309
-5501
-5560
-5460
-5434
-5205
-4674
-3972
-2978
-1904
-634
771
1997
3417
4679
5981
7101
7874
8232
8356
8613
8540
8627
8260
8040
7776
7117
6805
6332
6281
6199
6014
5769
5324
4895
4263
3732
2924
2232
1324
230
-614
-1553
-2092
-2568
-3056
-3191
-3283
-3191
-2926
-2476
-1961
-1446
-1199
-1046
-948
-1058
-1175
-1536
-1880
-2267
-2953
-3408
-3811
-4050
-4121
-4282
-4289
-4284
-4363
-4363
-4384
-4421
-4474
-4658
-4899
-5151
-5428
-5386
-5366
-5239
-4902
-4422
-3735
-2899
-1867
-585
707
1945
3312
4612
5796
6706
7242
7421
7765
7791
7912
7907
7730
7826
7439
7067
6698
6331
6283
6125
5922
5604
5258
4664
4161
3342
2536
1773
588
-370
-1400
-2261
-2727
-3333
-3608
-3689
-3744
-3644
-3411
-3089
-2496
-2094
-1855
-1510
-1501
-1478
-1608
-1892
-1971
-2444
-2870
-3182
-3499
-3626
-3716
-3783
-3644
-3684
-3727
-3593
-3695
-3659
-3731
-3993
-4175
-4545
-4709
-4770
-4836
-4684
-4366
-3891
-3168
-2274
-1210
135
1360
2754
4088
5255
6231
6740
6941
7322
7399
7552
7571
7365
7277
6851
6444
6298
6092
6160
6136
5964
5649
5405
4887
4506
3761
2940
2154
980
-65
-1052
-1992
-2566
-3248
-3638
-3733
-3791
-3604
-3213
-2816
-2270
-1830
-1542
-1139
-1046
-981
-1048
-1404
-1618
-2066
-2525
-2807
-3030
-3095
-3174
-3189
-2995
-2909
-2901
-2707
-2728
-2801
-2968
-3255
-3481
-3860
-4184
-4337
-4584
-4666
-4506
-4155
-3657
-2845
-1885
-697
389
1563
2889
4036
5030
5762
6041
6452
6579
6640
6734
6513
6437
6260
5882
5779
5722
5889
6067
6118
5988
5876
5534
5195
4758
3996
3291
2145
953
-69
-1179
-1935
-2623
-3228
-3439
-3645
-3706
-3458
-3099
-2598
-2007
-1670
-1243
-1057
-1061
-1069
-1383
-1603
-1976
-2506
-2767
-3127
-3312
-3468
-3581
-3449
-3258
-3157
-2930
-2751
-2690
-2651
-2826
-2970
-3248
-3575
-3772
-4067
-4256
-4305
-4084
-3659
-3047
-2229
-1201
-26
1180
2539
3874
4940
5716
5911
6407
6484
6491
6425
6151
6099
5641
5250
5140
5010
5207
5347
5536
5516
5662
5519
5446
5043
4344
3699
2553
1443
342
-763
-1596
-2558
-3231
-3671
-3972
-4045
-3751
-3340
-2809
-2311
-1954
-1413
-1200
-1096
-1164
-1471
-1735
-2180
-2715
-3028
-3409
-3531
-3678
-3749
-3508
-3273
-3022
-2727
-2468
-2231
-2204
-2308
-2484
-2737
-3055
-3255
-3599
-3767
-3935
-3902
-3662
-3167
-2444
-1420
-299
872
2179
3371
4296
4898
5085
5502
5597
5714
5631
5426
5343
4994
4645
4539
4549
4797
5048
5222
5363
5560
5547
5516
5230
4661
4024
2910
1873
807
-256
-1164
-2165
-2990
-3476
-3916
-4108
-4013
-3711
-3281
-2855
-2601
-2050
-1805
-1691
-1679
-1903
-2062
-2459
-3020
-3338
-3693
-3868
-4055
-4107
-3889
-3601
-3385
-2953
-2638
-2277
-2050
-1957
-1855
-1895
-2078
-2265
-2628
-2906
-3052
-3020
-2818
-2410
-1668
-687
374
1559
2876
4085
4999
5491
5704
6058
5921
5965
5653
5258
5014
4382
3988
3767
3689
3917
4071
4225
4449
4780
4883
5075
4815
4482
3930
2821
1869
799
-215
-1083
-2162
-2938
-3513
-4000
-4180
-4071
-3860
-3462
-3138
-2823
-2316
-2099
-1910
-1948
-2204
-2280
-2720
-3183
-3558
-3991
-4114
-4284
-4309
-3976
-3601
-3295
-2744
-2444
-2033
-1749
-1669
-1416
-1493
-1621
-1846
-2265
-2483
-2676
-2629
-2440
-2141
-1522
-551
442
1629
2926
4092
5047
5403
5612
5988
5875
5972
5755
5437
5157
4473
3982
3842
3690
3983
4077
4160
4386
4726
4927
5207
4919
4651
4122
3047
2180
1181
171
-651
-1797
-2577
-3185
-3750
-3939
-3868
-3743
-3395
-3185
-2940
-2472
-2306
-2121
-2192
-2519
-2643
-3102
-3612
-3908
-4356
-4457
-4605
-4788
-4443
-4168
-3839
-3251
-2892
-2388
-2117
-1943
-1588
-1521
-1623
-1658
-1988
-2165
-2277
-2302
-2025
-1817
-1244
-301
592
1731
2972
4096
5043
5364
5503
5862
5696
5754
5457
5056
4750
4064
3556
3410
3186
3443
3520
3611
3793
4160
4388
4817
4701
4586
4243
3291
2530
1655
723
-63
-1223
-1982
-2551
-3170
-3490
-3521
-3468
-3177
-3026
-2836
-2463
-2392
-2258
-2332
-2743
-2923
-3443
-4060
-4414
-4930
-5056
-5297
-5480
-5123
-4777
-4365
-3757
-3315
-2686
-2337
-2028
-1650
-1422
-1431
-1348
-1653
-1834
-1908
-2002
-1777
-1556
-1008
-211
585
1644
2815
3971
4882
5345
5570
5947
5895
5909
5614
5146
4782
4040
3441
3111
2760
2930
3021
3113
3276
3590
3804
4132
4107
4086
3825
2996
2287
1528
668
-54
-1088
-1827
-2423
-3116
-3429
-3534
-3490
-3224
-3075
-2835
-2425
-2265
-2104
-2136
-2467
-2647
-3150
-3800
-4238
-4874
-5089
-5404
-5633
-5476
-5264
-4946
-4439
-3927
-3316
-2831
-2503
-2110
-1802
-1727
-1594
-1776
-1901
-1973
-2097
-1913
-1741
-1250
-418
436
1468
2656
3795
4741
5064
5324
5649
5667
5697
5441
5100
4731
3913
3298
2958
2628
2706
2706
2731
2920
3234
3541
3976
3963
4027
3771
3019
2383
1644
910
241
-767
-1478
-2111
-2783
-3129
-3207
-3060
-2716
-2547
-2261
-1901
-1764
-1645
-1738
-2061
-2248
-2855
-3452
-3978
-4558
-4814
-5226
-5493
-5368
-5284
-5009
-4528
-4105
-3538
-3110
-2766
-2310
-2025
-1879
-1789
-2037
-2103
-2176
-2216
-2002
-1793
-1248
-475
333
1326
2489
3587
4481
4898
5206
5533
5539
5500
5226
4760
4303
3510
2926
2498
2236
2309
2258
2347
2622
3002
3320
3706
3802
3899
3683
3072
2560
1934
1246
572
-404
-1068
-1703
-2289
-2616
-2682
-2553
-2265
-2119
-1877
-1520
-1376
-1261
-1360
-1662
-1878
-2485
-3106
-3660
-4222
-4589
-5054
-5352
-5347
-5322
-5165
-4837
-4503
-3990
-3595
-3265
-2837
-2552
-2380
-2254
-2349
-2300
-2236
-2197
-1961
-1675
-1112
-379
339
1291
2342
3315
4218
4657
4975
5436
5468
5538
5329
4972
4659
3941
3342
2949
2587
2625
2620
2637
2858
3209
3490
3914
3992
4070
3966
3311
2828
2237
1559
931
-48
-742
-1292
-1981
-2350
-2501
-2474
-2257
-2146
-1987
-1632
-1543
-1414
-1429
-1728
-1882
-2411
-3056
-3522
-4152
-4543
-5084
-5600
-5623
-5647
-5577
-5249
-5021
-4515
-4191
-3951
-3492
-3167
-2961
-2679
-2752
-2707
-2590
-2502
-2235
-1939
-1474
-638
90
1035
2143
3228
4213
4838
5240
5776
5830
5859
5700
5358
5011
4334
3639
3283
2859
2756
2699
2567
2698
2968
3260
3692
3799
3886
3835
3340
2886
2349
1743
1144
282
-476
-990
-1707
-2123
-2286
-2307
-2172
-2110
-2014
-1668
-1491
-1400
-1424
-1703
-1891
-2292
-2952
-3420
-4051
-4357
-4801
-5282
-5397
-5443
-5465
-5276
-5086
-4700
-4418
-4214
-3844
-3455
-3249
-2937
-2921
-2835
-2675
-2659
-2392
-2163
-1819
-1119
-427
427
1482
2577
3563
4218
4573
5088
5331
5389
5423
5239
5052
4580
3915
3579
3175
3015
2979
2886
2971
3182
3424
3705
3880
3857
3866
3426
2904
2408
1756
1137
354
-439
-996
-1706
-2202
-2417
-2464
-2389
-2279
-2169
-1824
-1550
-1399
-1294
-1473
-1607
-1843
-2371
-2751
-3296
-3728
-4151
-4710
-4883
-4914
-4962
-4884
-4804
-4538
-4212
-4103
-3779
-3415
-3221
-2958
-2929
-2800
-2611
-2517
-2342
-2060
-1780
-1091
-423
343
1350
2323
3254
4072
4445
4990
5295
5387
5428
5213
5021
4664
4062
3620
3280
2898
2844
2679
2714
2865
3001
3252
3539
3492
3558
3283
2854
2481
1999
1439
870
70
-390
-920
-1430
-1693
-1799
-1807
-1702
-1712
-1488
-1304
-1276
-1168
-1224
-1352
-1483
-2008
-2406
-2873
-3345
-3606
-4066
-4273
-4293
-4334
-4284
-4231
-4034
-3727
-3587
-3407
-3165
-3024
-2899
-2779
-2673
-2436
-2326
-2208
-2030
-1888
-1473
-947
-221
646
1578
2560
3328
3949
4350
4773
5025
5133
5176
5050
4850
4425
4000
3729
3411
3266
3114
3093
3063
3178
3307
3444
3554
3422
3358
3052
2610
2180
1576
1041
389
-212
-725
-1267
-1667
-1869
-1888
-1945
-1883
-1791
-1578
-1445
-1417
-1268
-1357
-1456
-1646
-1966
-2265
-2699
-3026
-3362
-3752
-3898
-4032
-4110
-4078
-4011
-3771
-3566
-3418
-3166
-2919
-2760
-2558
-2425
-2223
-1998
-1878
-1663
-1467
-1243
-729
-270
401
1139
1892
2692
3341
3812
4265
4618
4744
4834
4753
4600
4410
4056
3781
3548
3238
3175
3077
3120
3213
3298
3455
3529
3450
3346
3167
2821
2393
1920
1344
812
145
-431
-932
-1493
-1794
-2047
-2116
-2083
-2034
-1874
-1738
-1716
-1644
-1645
-1752
-1803
-1995
-2178
-2384
-2767
-2968
-3263
-3494
-3512
-3627
-3604
-3561
-3558
-3344
-3188
-3071
-2880
-2831
-2689
-2459
-2331
-2072
-1918
-1788
-1549
-1355
-999
-455
12
632
1242
1887
2550
3117
3506
3911
4087
4210
4244
4115
4020
3827
3518
3217
2956
2772
2799
2724
2795
2856
2923
2981
2996
2867
2863
2694
2408
2002
1463
950
521
-69
-477
-950
-1353
-1623
-1856
-1916
-1854
-1882
-1744
-1717
-1676
-1564
-1689
-1764
-1770
-1977
-2098
-2431
-2726
-2863
-3142
-3246
-3283
-3396
-3313
-3337
-3288
-3082
-3026
-2910
-2786
-2783
-2594
-2450
-2277
-1979
-1833
-1538
-1343
-1143
-820
-395
49
595
1072
1740
2348
2893
3271
3530
3775
3930
3959
3991
3915
3847
3690
3441
3209
3053
2897
2854
2803
2822
2902
2876
2827
2724
2631
2458
2147
1779
1424
1023
609
174
-172
-502
-871
-1242
-1466
-1568
-1558
-1582
-1598
-1585
-1566
-1556
-1648
-1700
-1685
-1787
-1943
-2195
-2414
-2577
-2804
-2913
-2982
-3091
-3197
-3325
-3333
-3262
-3188
-3119
-3026
-2931
-2684
-2391
-2149
-1807
-1517
-1188
-969
-784
-374
-17
398
784
1241
1805
2217
2599
3035
3269
3460
3560
3597
3662
3760
3777
3779
3539
3406
3333
3249
3245
3226
3188
3186
3096
3007
2962
2791
2590
2308
1887
1473
957
456
104
-301
-631
-1030
-1437
-1684
-1845
-1975
-1993
-2049
-1989
-1949
-1934
-1899
-1883
-1844
-1874
-2082
-2218
-2353
-2427
-2516
-2638
-2757
-2913
-3045
-3164
-3166
-3171
-3159
-3147
-3164
-3093
-2977
-2848
-2580
-2288
-1939
-1611
-1306
-1021
-631
-224
166
554
991
1513
2003
2525
3061
3496
3765
3971
4184
4302
4416
4402
4382
4294
4007
3849
3706
3596
3507
3337
3146
2917
2730
2581
2484
2316
2110
1886
1513
1204
854
567
293
-132
-507
-873
-1227
-1446
-1639
-1760
-1914
-2047
-2114
-2165
-2203
-2185
-2154
-2189
-2213
-2283
-2367
-2395
-2446
-2489
-2580
-2803
-2930
-3040
-3064
-3103
-3172
-3182
-3153
-3093
-2914
-2676
-2407
-2050
-1660
-1263
-871
-572
-334
-25
154
397
573
801
1102
1514
1994
2429
2773
3049
3402
3683
3870
4098
4156
4192
4154
3966
3903
3706
3565
3464
3259
3006
2756
2532
2419
2273
2046
1843
1552
1147
912
566
307
-58
-531
-864
-1315
-1674
-1930
-2158
-2288
-2406
-2523
-2536
-2492
-2447
-2253
-2163
-2072
-1997
-2049
-2004
-2050
-2119
-2203
-2449
-2701
-2871
-3054
-3176
-3298
-3366
-3324
-3260
-3132
-2889
-2608
-2271
-1911
-1597
-1181
-827
-478
-160
31
210
364
509
762
1165
1613
2110
2542
3023
3396
3732
4023
4292
4504
4638
4629
4591
4395
4189
3917
3685
3454
3156
2831
2522
2288
2071
1906
1726
1553
1327
1021
774
494
188
-99
-498
-840
-1200
-1512
-1791
-2040
-2224
-2372
-2494
-2584
-2546
-2476
-2389
-2306
-2290
-2185
-2129
-2102
-2077
-2176
-2255
-2389
-2600
-2692
-2808
-2874
-2906
-2913
-2848
-2770
-2694
-2501
-2212
-1894
-1558
-1321
-1060
-789
-570
-254
-57
166
358
545
796
1083
1452
1924
2351
2941
3459
3825
4207
4456
4701
4857
4822
4814
4665
4366
4178
3823
3521
3244
2865
2566
2298
1955
1800
1573
1386
1251
962
665
379
-29
-252
-616
-1013
-1391
-1827
-2146
-2347
-2555
-2666
-2778
-2870
-2755
-2681
-2565
-2365
-2289
-2127
-2028
-2039
-1940
-2049
-2105
-2158
-2373
-2531
-2649
-2767
-2757
-2803
-2808
-2684
-2648
-2484
-2217
-2020
-1707
-1456
-1206
-918
-808
-550
-279
-100
227
497
838
1240
1629
2166
2747
3159
3696
4079
4371
4701
4843
5029
5074
4846
4717
4429
4035
3823
3456
3186
2858
2408
2158
1985
1751
1715
1517
1317
1143
780
488
219
-188
-453
-874
-1332
-1696
-2119
-2398
-2549
-2701
-2696
-2749
-2850
-2673
-2509
-2295
-2077
-2093
-1970
-1934
-2030
-1995
-2166
-2298
-2382
-2632
-2738
-2828
-2936
-2856
-2848
-2791
-2645
-2641
-2493
-2262
-2114
-1825
-1705
-1559
-1283
-1176
-904
-594
-390
-13
269
638
1139
1620
2208
2743
3179
3718
4016
4286
4573
4654
4809
4790
4589
4436
4099
3749
3539
3191
2956
2682
2297
2091
1924
1728
1633
1314
1030
802
462
198
-120
-480
-692
-1068
-1420
-1709
-2023
-2193
-2304
-2460
-2444
-2509
-2481
-2343
-2275
-2142
-2141
-2204
-2156
-2215
-2268
-2321
-2463
-2456
-2485
-2552
-2575
-2619
-2670
-2614
-2638
-2608
-2551
-2559
-2476
-2450
-2394
-2288
-2310
-2199
-2059
-1852
-1582
-1237
-870
-369
147
665
1235
1819
2441
3051
3513
3987
4339
4602
4794
4919
4928
4847
4665
4440
4185
3872
3556
3289
3004
2784
2545
2329
2171
1947
1747
1505
1188
876
578
292
0
-373
-743
-1100
-1454
-1723
-1945
-2172
-2334
-2473
-2500
-2500
-2483
-2497
-2460
-2510
-2522
-2573
-2629
-2688
-2707
-2765
-2725
-2788
-2796
-2799
-2807
-2730
-2647
-2589
-2524
-2532
-2482
-2419
-2396
-2336
-2288
-2212
-2086
-1950
-1776
-1503
-1247
-806
-374
106
615
1166
1735
2339
2874
3433
3914
4339
4701
4960
5048
5037
4999
4895
4761
4533
4308
4046
3773
3519
3318
3054
2850
2595
2374
2093
1809
1467
1182
848
501
116
-253
-594
-933
-1236
-1484
-1795
-2018
-2223
-2421
-2537
-2664
-2771
-2850
-2991
-3020
-3057
-3123
-3152
-3194
-3160
-3091
-3089
-2986
-2929
-2860
-2815
-2848
-2802
-2763
-2737
-2690
-2690
-2694
-2637
-2653
-2575
-2426
-2223
-1970
-1755
-1389
-1038
-701
-316
85
565
1064
1545
2078
2584
3052
3511
3888
4234
4501
4684
4834
4963
4957
5028
4941
4845
4711
4512
4306
4098
3806
3606
3349
3045
2732
2418
2108
1781
1378
1029
640
181
-231
-646
-1037
-1390
-1731
-2040
-2336
-2624
-2845
-3083
-3261
-3429
-3590
-3721
-3760
-3745
-3659
-3606
-3584
-3538
-3433
-3357
-3290
-3264
-3217
-3227
-3220
-3193
-3176
-3215
-3232
-3243
-3187
-3096
-2999
-2810
-2558
-2285
-1932
-1546
-1149
-728
-278
173
616
1044
1518
2002
2414
2845
3220
3584
3907
4199
4528
4798
4909
5041
5092
5120
5122
5028
4919
4776
4551
4353
4026
3643
3332
2960
2635
2268
1871
1579
1231
869
563
180
-165
-522
-858
-1120
-1406
-1718
-1958
-2236
-2533
-2836
-3161
-3452
-3730
-3975
-4115
-4289
-4383
-4410
-4385
-4354
-4251
-4145
-4025
-3916
-3812
-3662
-3530
-3420
-3334
-3277
-3175
-3029
-2861
-2650
-2445
-2261
-2039
-1749
-1427
-1065
-712
-342
-17
340
727
1079
1393
1747
2079
2410
2709
3010
3336
3626
3918
4215
4464
4667
4828
4940
5043
5044
4982
4879
4734
4507
4248
3919
3528
3150
2774
2417
2005
1585
1222
882
512
154
-250
-615
-964
-1350
-1702
-2047
-2422
-2706
-2998
-3289
-3578
-3887
-4093
-4219
-4265
-4236
-4227
-4141
-4001
-3853
-3707
-3596
-3498
-3430
-3381
-3347
-3286
-3175
-3072
-2993
-2894
-2753
-2588
-2354
-2055
-1721
-1329
-957
-555
-165
238
601
921
1222
1481
1697
1808
1923
2073
2272
2514
2770
2989
3236
3507
3742
4023
4235
4399
4540
4616
4647
4617
4543
4430
4210
3970
3683
3350
3010
2746
2490
2221
1886
1555
1281
1014
773
478
133
-221
-605
-1036
-1448
-1893
-2347
-2762
-3161
-3528
-3877
-4153
-4361
-4498
-4570
-4586
-4577
-4488
-4323
-4161
-3974
-3857
-3719
-3547
-3427
-3265
-3116
-3006
-2850
-2713
-2507
-2271
-2014
-1706
-1387
-1051
-647
-314
48
459
795
1177
1473
1675
1885
2004
2154
2279
2380
2563
2675
2843
3076
3306
3590
3817
4007
4205
4310
4416
4504
4522
4494
4439
4266
4070
3803
3508
3198
2874
2561
2254
1896
1577
1270
982
720
487
187
-106
-432
-785
-1140
-1563
-1928
-2318
-2708
-3094
-3486
-3821
-4096
-4361
-4541
-4692
-4825
-4856
-4846
-4792
-4686
-4595
-4454
-4281
-4087
-3846
-3628
-3414
-3147
-2902
-2625
-2338
-2069
-1729
-1331
-916
-502
-129
267
672
1049
1407
1695
1983
2268
2526
2759
2953
3098
3258
3374
3556
3734
3923
4093
4257
4422
4609
4758
4873
4979
4981
4965
4898
4788
4643
4418
4134
3789
3389
2999
2609
2197
1787
1349
887
487
77
-338
-716
-1147
-1544
-1909
-2284
-2664
-3061
-3412
-3752
-4093
-4389
-4669
-4906
-5080
-5218
-5342
-5419
-5459
-5416
-5341
-5271
-5124
-4981
-4800
-4566
-4298
-4003
-3703
-3426
-3087
-2754
-2431
-2100
-1754
-1360
-938
-567
-187
190
558
980
1397
1771
2141
2456
2800
3173
3438
3675
3858
4044
4302
4508
4674
4880
4978
5100
5170
5180
5199
5185
5161
5142
5011
4877
4674
4437
4194
3871
3506
3084
2583
2098
1624
1099
612
108
-389
-863
-1377
-1858
-2320
-2795
-3205
-3613
-4020
-4396
-4729
-4980
-5214
-5437
-5591
-5727
-5799
-5835
-5820
-5755
-5642
-5473
-5234
-5000
-4747
-4469
-4183
-3866
-3541
-3204
-2829
-2456
-2103
-1724
-1321
-895
-481
-95
269
662
1019
1399
1754
2102
2474
2835
3162
3451
3729
3979
4228
4453
4677
4862
5054
5246
5410
5561
5628
5611
5584
5484
5404
5287
5118
4898
4606
4272
3965
3600
3220
2809
2359
1917
1434
951
497
49
-429
-901
-1378
-1833
-2342
-2784
-3193
-3597
-3970
-4312
-4649
-4945
-5207
-5403
-5567
-5724
-5811
-5854
-5811
-5691
-5564
-5402
-5219
-5020
-4763
-4492
-4203
-3887
-3518
-3097
-2681
-2263
-1806
-1365
-917
-499
-95
325
737
1136
1545
1899
2227
2530
2795
3071
3357
3626
3879
4101
4301
4512
4707
4894
5017
5144
5227
5302
5320
5294
5212
5111
4950
4802
4614
4420
4170
3854
3556
3249
2902
2484
2074
1640
1245
852
449
-9
-490
-982
-1440
-1886
-2327
-2781
-3195
-3585
-3888
-4172
-4430
-4638
-4813
-4940
-5036
-5133
-5196
-5204
-5144
-5018
-4905
-4766
-4610
-4393
-4153
-3899
-3665
-3366
-3059
-2692
-2288
-1895
-1503
-1131
-741
-325
61
421
802
1154
1479
1762
2042
2310
2576
2835
3074
3335
3592
3798
4009
4187
4299
4420
4524
4612
4666
4677
4661
4571
4449
4314
4161
3996
3769
3519
3299
3001
2726
2443
2140
1863
1544
1246
926
561
238
-134
-520
-937
-1390
-1796
-2197
-2540
-2821
-3127
-3429
-3664
-3864
-3988
-4074
-4139
-4135
-4158
-4179
-4128
-4066
-4017
-3983
-3910
-3793
-3703
-3580
-3390
-3200
-2991
-2754
-2511
-2235
-1927
-1580
-1215
-862
-500
-115
260
629
972
1295
1575
1804
2011
2229
2451
2649
2870
3051
3233
3374
3474
3575
3660
3751
3812
3846
3863
3888
3903
3852
3749
3658
3569
3444
3301
3129
2956
2754
2557
2320
2020
1691
1345
1020
683
295
-83
-489
-882
-1247
-1602
-1947
-2297
-2572
-2765
-2935
-3103
-3213
-3263
-3320
-3363
-3372
-3414
-3446
-3498
-3528
-3566
-3615
-3646
-3637
-3549
-3430
-3274
-3106
-2921
-2661
-2345
-2039
-1700
-1374
-1038
-674
-348
-32
230
479
717
948
1146
1320
1513
1685
1877
2083
2313
2542
2744
2980
3171
3310
3437
3516
3584
3655
3671
3644
3648
3605
3518
3430
3300
3180
3045
2870
2694
2482
2281
2119
1936
1750
1535
1274
995
702
409
62
-308
-673
-1024
-1332
-1617
-1870
-2097
-2307
-2477
-2621
-2747
-2854
-2929
-2977
-3012
-3069
-3118
-3142
-3175
-3189
-3170
-3118
-3060
-2964
-2797
-2579
-2345
-2086
-1823
-1524
-1226
-974
-699
-431
-168
123
356
581
795
979
1180
1349
1483
1612
1714
1836
1975
2144
2298
2442
2589
2710
2790
2828
2844
2817
2827
2813
2790
2769
2716
2670
2570
2433
2303
2160
2007
1863
1727
1550
1361
1171
980
804
597
379
149
-103
-337
-593
-824
-1066
-1272
-1468
-1650
-1809
-1969
-2094
-2220
-2339
-2431
-2492
-2573
-2608
-2606
-2565
-2507
-2450
-2386
-2303
-2205
-2073
-1904
-1753
-1607
-1425
-1233
-1012
-796
-595
-399
-215
-32
186
395
604
825
1069
1341
1568
1761
1930
2106
2298
2449
2586
2659
2716
2767
2785
2758
2669
2537
2373
2232
2109
1998
1876
1747
1622
1496
1377
1273
1147
1019
881
722
551
376
208
55
-148
-387
-604
-803
-991
-1151
-1288
-1418
-1548
-1690
-1801
-1882
-1923
-1953
-1983
-2007
-2042
-2074
-2095
-2079
-2046
-1990
-1889
-1787
-1688
-1582
-1456
-1340
-1201
-1088
-965
-828
-677
-527
-371
-201
-37
93
224
375
531
692
834
977
1130
1296
1493
1689
1841
1932
1990
2044
2125
2213
2283
2288
2260
2212
2176
2146
2096
2029
1912
1779
1632
1507
1371
1226
1065
895
700
476
245
51
-163
-372
-575
-812
-1018
-1207
-1348
-1482
-1604
-1738
-1835
-1902
-1994
-2067
-2120
-2175
-2167
-2106
-2020
-1934
-1863
-1750
-1648
-1561
-1482
-1372
-1249
-1103
-945
-837
-753
-637
-531
-427
-342
-261
-169
-67
46
155
275
378
521
674
808
912
1019
1149
1285
1424
1521
1573
1627
1672
1727
1791
1818
1799
1796
1801
1779
1768
1714
1639
1573
1505
1427
1361
1307
1182
1047
893
724
567
392
218
27
-156
-362
-553
-720
-857
-979
-1122
-1237
-1341
-1477
-1572
-1637
-1702
-1739
-1759
-1780
-1804
-1795
-1761
-1727
-1668
-1596
-1525
-1410
-1260
-1103
-938
-765
-597
-448
-305
-155
-50
28
79
130
194
237
259
315
388
446
496
547
595
623
702
806
880
918
969
1045
1116
1171
1247
1282
1327
1315
1282
1349
1391
1414
1405
1361
1330
1282
1219
1178
1096
964
834
691
522
368
239
91
-98
-264
-399
-515
-613
-732
-828
-927
-989
-1053
-1114
-1178
-1267
-1358
-1426
-1464
-1518
-1539
-1536
-1500
-1401
-1281
-1178
-1054
-923
-744
-579
-439
-271
-125
-14
107
229
327
372
399
404
399
398
377
389
377
377
400
427
468
491
510
524
542
552
568
588
571
562
566
585
623
639
655
658
617
625
673
727
775
792
821
813
754
702
623
522
393
249
123
-27
-159
-269
-372
-500
-625
-697
-772
-831
-890
-927
-961
-998
-1017
-1090
-1182
-1241
-1271
-1272
-1248
-1210
-1148
-1022
-898
-772
-641
-492
-322
-160
11
144
244
315
380
431
442
443
438
433
407
381
389
391
374
372
380
376
375
382
376
368
362
358
345
361
372
373
380
420
461
514
600
661
676
728
760
748
762
743
702
681
660
603
521
422
313
202
89
-36
-138
-239
-309
-393
-529
-662
-763
-831
-897
-955
-1041
-1127
-1180
-1193
-1192
-1243
-1252
-1210
-1207
-1134
-989
-864
-744
-610
-496
-395
-273
-106
58
193
336
482
575
636
683
709
726
726
720
706
637
557
472
391
340
256
147
54
-23
-158
-208
-276
-393
-354
-271
-171
-21
94
165
181
201
230
226
231
252
285
296
309
315
282
201
144
61
-27
-34
-64
-105
-141
-251
-375
-432
-498
-568
-620
-714
-778
-793
-791
-811
-827
-882
-932
-897
-856
-822
-745
-660
-622
-490
-347
-229
-91
9
136
247
337
455
571
632
652
680
702
718
768
806
801
795
756
709
659
603
525
474
444
390
374
351
297
227
147
97
84
75
78
113
142
173
230
247
256
229
207
200
185
190
165
128
99
81
62
48
18
-37
-93
-132
-174
-247
-318
-360
-406
-428
-427
-465
-498
-545
-625
-698
-749
-775
-782
-762
-697
-630
-574
-475
-379
-326
-258
-156
-24
96
236
380
507
628
747
806
845
868
859
818
794
785
760
717
651
580
485
399
308
211
120
-4
-119
-151
-167
-169
-186
-219
-230
-206
-159
-137
-132
-127
-138
-151
-137
-133
-178
-206
-236
-257
-249
-260
-289
-304
-291
-281
-277
-277
-262
-252
-270
-277
-292
-301
-313
-320
-298
-302
-320
-359
-412
-468
-491
-469
-470
-448
-418
-390
-376
-314
-230
-202
-168
-75
13
94
205
274
347
445
525
620
669
660
643
623
611
567
481
394
322
228
123
21
-87
-192
-279
-359
-449
-573
-622
-602
-620
-607
-556
-524
-511
-494
-439
-392
-389
-396
-379
-371
-376
-379
-394
-410
-413
-378
-339
-295
-288
-307
-304
-293
-301
-316
-326
-337
-353
-355
-320
-286
-262
-240
-206
-177
-151
-133
-144
-186
-194
-140
-57
32
120
184
240
294
336
398
444
475
524
594
660
709
740
733
693
635
562
477
418
313
188
83
-26
-119
-209
-285
-394
-512
-635
-748
-840
-920
-981
-1021
-1053
-1082
-1089
-1114
-1159
-1156
-1142
-1141
-1138
-1103
-1043
-991
-935
-895
-850
-831
-800
-727
-649
-570
-465
-366
-259
-194
-116
-25
41
95
122
142
185
227
256
271
284
285
252
263
271
257
250
207
208
243
279
337
399
482
533
589
651
679
676
665
671
674
679
664
629
587
502
408
323
220
103
-25
-140
-244
-336
-415
-483
-549
-620
-671
-740
-818
-872
-906
-934
-929
-919
-918
-911
-910
-873
-847
-813
-763
-717
-687
-677
-654
-604
-575
-545
-497
-441
-382
-347
-293
-228
-189
-144
-100
-62
-24
45
147
215
284
330
393
442
465
476
459
440
414
413
420
437
471
463
452
477
490
525
549
550
520
509
499
485
475
479
493
466
423
390
357
297
226
146
52
-48
-132
-219
-318
-405
-495
-571
-639
-717
-801
-902
-1012
-1082
-1147
-1188
-1208
-1207
-1192
-1173
-1116
-1067
-985
-894
-786
-687
-598
-510
-442
-387
-351
-303
-272
-221
-183
-147
-108
-58
22
93
166
238
323
400
480
560
628
667
667
677
707
713
672
631
566
507
429
375
362
320
267
256
252
252
255
264
282
288
277
254
252
240
212
172
141
124
61
-20
-80
-163
-262
-355
-411
-448
-499
-573
-623
-656
-681
-742
-791
-802
-825
-841
-830
-820
-815
-799
-767
-747
-755
-733
-708
-666
-631
-580
-533
-491
-440
-380
-333
-325
-270
-187
-82
20
121
241
324
402
477
545
564
574
585
556
543
542
514
494
471
419
391
351
307
266
234
200
160
143
150
184
207
209
205
173
153
106
60
44
26
-13
-49
-79
-115
-169
-210
-264
-326
-362
-429
-497
-543
-591
-631
-654
-666
-690
-739
-772
-761
-752
-703
-640
-619
-588
-540
-500
-445
-416
-395
-367
-347
-320
-271
-198
-122
-77
-18
75
162
252
335
421
464
543
650
729
775
781
785
770
714
658
602
549
532
512
495
490
475
462
442
388
345
281
215
140
62
-5
-46
-54
-78
-88
-112
-144
-189
-195
-185
-182
-160
-147
-119
-102
-117
-143
-176
-233
-304
-400
-485
-539
-616
-692
-739
-779
-808
-845
-857
-853
-851
-841
-808
-759
-702
-654
-592
-513
-458
-385
-312
-252
-176
-72
20
109
189
242
310
366
424
492
545
622
712
804
863
909
923
969
992
1013
1042
1019
995
977
961
951
887
809
718
625
560
507
457
407
341
276
235
203
189
169
117
91
57
49
24
-31
-54
-78
-110
-152
-186
-222
-285
-344
-369
-423
-477
-525
-543
-588
-620
-616
-628
-647
-651
-631
-592
-567
-544
-520
-511
-487
-448
-401
-323
-250
-166
-116
-46
33
89
151
222
303
377
453
539
635
743
858
942
1006
1062
1111
1149
1214
1284
1351
1390
1424
1420
1393
1357
1269
1141
997
862
740
627
520
431
346
271
167
84
10
-54
-102
-127
-148
-175
-175
-172
-201
-245
-287
-367
-433
-479
-519
-571
-607
-632
-678
-705
-719
-705
-753
-776
-747
-722
-685
-641
-564
-470
-379
-288
-225
-175
-121
-83
-32
27
89
149
230
346
425
487
527
568
586
630
710
769
840
892
947
1020
1081
1120
1130
1124
1105
1049
1001
964
908
863
827
826
818
798
784
753
672
593
550
494
424
358
324
286
224
162
109
59
9
-55
-121
-193
-271
-357
-412
-441
-487
-529
-573
-621
-659
-681
-710
-727
-738
-765
-778
-780
-783
-745
-706
-677
-660
-645
-623
-561
-509
-444
-371
-301
-218
-134
-28
62
162
261
348
432
530
629
715
812
853
895
937
955
1003
1058
1077
1093
1095
1118
1160
1151
1131
1104
1086
1059
1023
1010
972
883
801
706
615
522
429
342
239
142
51
14
-30
-69
-112
-151
-169
-217
-265
-280
-295
-310
-319
-340
-323
-306
-343
-372
-416
-459
-505
-524
-505
-513
-533
-560
-557
-552
-519
-490
-453
-410
-377
-329
-281
-176
-64
32
145
244
315
365
434
507
548
582
632
693
753
821
856
874
877
877
896
958
988
1004
1018
1023
1038
1034
1048
1021
962
913
875
796
726
651
590
511
438
392
337
301
250
222
187
145
106
84
78
45
-10
-51
-83
-129
-225
-311
-376
-454
-488
-472
-461
-456
-477
-488
-481
-509
-532
-566
-578
-550
-522
-494
-463
-398
-342
-269
-206
-179
-154
-115
-75
-26
12
75
164
276
381
464
527
589
665
709
743
772
804
847
900
941
975
970
960
950
919
878
864
843
849
851
822
815
802
793
769
736
689
615
536
475
427
393
372
338
323
290
218
162
152
109
57
29
-7
-25
-39
-50
-62
-76
-110
-171
-209
-214
-222
-240
-268
-288
-334
-399
-453
-506
-534
-558
-557
-561
-553
-544
-545
-516
-478
-426
-376
-312
-245
-212
-174
-110
-61
-24
17
90
159
212
275
323
336
332
323
322
329
344
376
406
464
479
493
521
534
521
479
450
400
361
350
364
364
340
297
258
195
163
129
78
36
-17
-58
-72
-69
-90
-145
-183
-204
-226
-228
-270
-296
-291
-304
-328
-322
-326
-353
-350
-355
-394
-416
-435
-472
-511
-569
-575
-590
-627
-650
-641
-633
-642
-610
-588
-547
-500
-474
-419
-337
-256
-190
-159
-120
-77
-45
0
51
74
113
171
214
249
271
295
289
301
325
319
336
361
362
370
358
335
349
373
378
366
348
322
291
269
224
188
154
119
85
71
79
65
53
-1
-76
-135
-202
-240
-257
-273
-272
-299
-300
-282
-265
-276
-322
-367
-382
-378
-378
-408
-437
-456
-497
-546
-606
-657
-698
-726
-711
-664
-625
-590
-537
-460
-391
-361
-338
-307
-262
-212
-126
-29
21
69
126
171
192
197
210
229
224
236
250
299
358
397
427
439
437
409
365
327
298
273
251
241
242
219
207
203
159
126
107
69
23
0
-18
-44
-58
-95
-144
-194
-210
-239
-304
-375
-419
-431
-447
-466
-499
-532
-571
-607
-639
-691
-723
-755
-801
-817
-833
-873
-923
-929
-919
-912
-888
-832
-764
-705
-658
-647
-622
-573
-545
-510
-467
-399
-326
-252
-152
-67
-27
29
110
171
229
269
307
321
311
320
346
382
399
415
425
440
443
459
481
484
485
486
491
471
433
383
362
308
252
196
106
26
-43
-101
-175
-232
-296
-336
-343
-334
-350
-388
-378
-378
-375
-369
-369
-390
-418
-432
-469
-518
-556
-605
-637
-634
-641
-655
-656
-649
-669
-702
-728
-740
-720
-708
-656
-582
-530
-494
-477
-446
-428
-407
-399
-396
-385
-351
-304
-252
-216
-190
-172
-162
-151
-145
-127
-142
-156
-143
-118
-61
-3
31
58
82
110
132
118
106
95
99
85
72
59
21
-2
-47
-93
-121
-148
-147
-129
-149
-173
-166
-166
-201
-229
-242
-291
-331
-362
-386
-416
-471
-525
-586
-633
-671
-715
-752
-789
-819
-832
-868
-880
-895
-896
-890
-900
-870
-866
-885
-881
-843
-816
-770
-704
-663
-627
-599
-548
-498
-470
-445
-411
-354
-303
-263
-203
-189
-150
-135
-151
-138
-125
-118
-100
-76
-96
-78
-65
-54
-41
-25
0
7
43
95
132
163
195
213
211
207
190
180
207
221
218
198
169
130
91
48
25
-16
-58
-84
-90
-63
-63
-72
-106
-163
-227
-289
-356
-426
-481
-531
-560
-623
-684
-745
-800
-861
-931
-980
-1027
-1048
-1040
-992
-948
-907
-854
-801
-764
-734
-721
-713
-700
-711
-690
-657
-576
-502
-434
-343
-312
-285
-243
-221
-191
-164
-132
-78
-12
90
160
227
270
282
286
285
290
290
289
323
370
398
425
423
420
399
361
296
248
249
256
241
236
233
216
191
134
67
9
-53
-109
-162
-211
-254
-267
-294
-336
-395
-477
-524
-597
-664
-750
-811
-850
-871
-875
-896
-918
-940
-985
-1027
-1033
-1026
-1022
-972
-905
-803
-734
-676
-605
-550
-526
-530
-488
-420
-377
-331
-264
-199
-132
-117
-72
-25
0
35
69
91
133
173
236
315
344
388
435
484
498
505
488
498
508
525
571
587
588
568
535
491
432
368
317
292
268
255
243
240
247
244
204
140
69
13
-32
-103
-169
-240
-284
-344
-412
-460
-558
-647
-713
-775
-815
-861
-885
-872
-849
-806
-786
-756
-726
-704
-676
-651
-602
-569
-520
-453
-392
-321
-260
-228
-203
-170
-130
-108
-85
-54
-40
10
64
97
142
190
239
291
315
344
386
429
456
486
533
559
568
558
541
520
485
441
386
319
278
248
239
214
197
187
132
105
85
70
61
37
16
-15
-42
-71
-114
-169
-241
-315
-371
-452
-543
-629
-697
-712
-750
-779
-802
-829
-820
-800
-802
-777
-735
-722
-674
-621
-581
-529
-476
-434
-384
-357
-337
-297
-239
-163
-106
-51
27
89
147
232
324
410
482
515
562
637
674
720
769
777
741
728
725
698
675
656
641
619
612
591
595
593
578
594
586
592
583
579
572
549
531
486
418
334
248
197
163
105
68
12
-63
-87
-106
-120
-149
-182
-205
-245
-281
-305
-308
-341
-382
-409
-420
-417
-441
-476
-464
-467
-456
-419
-391
-341
-310
-264
-211
-180
-151
-126
-106
-71
-23
38
115
161
214
254
287
315
340
382
422
467
493
520
537
548
579
608
631
656
682
711
746
760
771
778
766
736
692
656
630
622
609
601
580
516
445
392
358
313
267
245
204
171
143
113
66
21
-13
-78
-144
-188
-222
-251
-272
-284
-324
-373
-397
-442
-484
-529
-543
-523
-518
-505
-457
-422
-343
-283
-217
-129
-74
-4
67
145
204
249
291
340
371
383
382
414
462
526
564
579
630
653
696
743
789
837
873
913
950
961
952
969
982
974
964
945
942
904
852
816
789
768
741
704
659
616
592
559
518
476
417
325
286
266
220
214
190
168
137
98
65
41
14
-36
-65
-82
-105
-110
-127
-160
-192
-243
-269
-310
-317
-331
-330
-302
-278
-243
-187
-135
-83
-28
20
74
123
137
169
200
220
242
279
343
383
437
501
532
568
614
610
622
643
649
669
706
735
758
769
762
769
746
731
705
668
668
697
683
649
621
540
514
472
427
388
303
250
202
166
150
129
107
91
73
31
-4
-31
-48
-42
-41
-46
-62
-107
-134
-154
-179
-222
-282
-315
-307
-278
-252
-195
-142
-93
-57
-21
11
36
72
111
133
152
202
260
313
334
367
402
407
441
456
450
458
485
545
578
630
663
646
659
656
681
724
749
767
755
751
767
777
802
793
760
730
678
614
588
543
495
460
407
353
324
288
239
201
176
144
114
89
102
105
67
37
12
-23
-73
-130
-178
-200
-209
-235
-236
-235
-261
-257
-280
-298
-317
-308
-294
-281
-269
-249
-199
-161
-108
-54
-27
-13
38
76
114
161
200
271
322
350
389
438
482
502
513
545
557
552
555
577
569
560
553
531
532
509
498
501
478
482
493
494
493
502
517
522
522
495
457
446
426
374
310
269
218
172
134
86
50
27
12
-21
-37
-33
-54
-55
-67
-56
-62
-96
-77
-74
-84
-72
-37
-33
-53
-56
-43
-57
-61
-84
-104
-90
-88
-53
-29
18
71
106
152
163
196
197
217
247
287
343
375
425
480
506
502
512
506
513
502
483
469
463
452
463
460
451
451
432
431
434
438
452
433
393
377
340
305
284
251
246
219
205
175
159
157
139
150
110
49
-1
-37
-69
-102
-126
-148
-178
-192
-195
-203
-184
-196
-184
-145
-104
-59
-39
-24
-3
1
8
31
44
51
45
59
58
66
84
112
156
174
211
233
272
337
368
402
424
436
420
410
404
391
386
375
334
325
304
280
287
280
279
262
247
243
259
235
212
225
217
226
224
229
214
172
149
98
42
-19
-82
-119
-139
-177
-201
-231
-228
-215
-227
-229
-248
-261
-266
-269
-226
-180
-169
-136
-78
-32
-22
-16
-18
-43
-40
-66
-83
-82
-76
-32
11
33
53
41
34
34
35
56
66
78
132
191
209
227
283
315
313
344
351
353
359
389
386
374
351
323
299
290
236
183
153
107
66
52
27
-14
-34
-74
-88
-99
-117
-153
-173
-178
-209
-215
-220
-238
-256
-274
-280
-311
-328
-365
-394
-407
-428
-410
-426
-435
-417
-395
-359
-325
-299
-280
-236
-210
-185
-153
-122
-97
-84
-83
-101
-122
-103
-92
-81
-76
-64
-50
-30
7
43
89
125
159
185
230
236
259
266
285
296
296
293
273
278
255
232
221
215
214
211
216
217
202
162
110
72
35
35
9
-47
-64
-90
-108
-85
-111
-146
-158
-212
-270
-281
-313
-323
-342
-342
-352
-404
-429
-450
-444
-456
-480
-491
-471
-443
-380
-344
-346
-366
-384
-392
-383
-371
-378
-352
-335
-306
-274
-270
-263
-256
-261
-246
-228
-206
-140
-94
-55
-69
-70
-84
-67
-39
-46
-56
-68
-36
-3
44
74
99
91
82
54
30
2
-8
-16
-48
-62
-78
-91
-99
-119
-131
-141
-156
-167
-185
-191
-205
-213
-225
-225
-250
-258
-263
-282
-276
-289
-315
-350
-376
-360
-340
-326
-306
-316
-331
-321
-290
-313
-312
-312
-299
-278
-249
-177
-156
-130
-101
-76
-70
-80
-90
-95
-88
-83
-92
-80
-89
-100
-72
-79
-110
-127
-126
-125
-130
-137
-128
-106
-79
-75
-79
-60
-37
-6
-12
-11
-3
-11
-17
2
-9
-7
-10
-19
-42
-54
-62
-97
-97
-100
-135
-165
-150
-146
-148
-139
-146
-158
-180
-180
-170
-174
-195
-185
-211
-235
-259
-273
-255
-272
-293
-296
-322
-355
-329
-327
-329
-312
-330
-346
-355
-369
-364
-366
-374
-376
-349
-331
-323
-296
-279
-243
-239
-236
-218
-196
-183
-179
-156
-148
-131
-118
-108
-100
-96
-83
-81
-68
-62
-61
-45
-36
-35
-54
-55
-21
-18
-6
18
13
-33
-54
-66
-88
-109
-168
-173
-211
-233
-222
-300
-329
-314
-351
-379
-387
-405
-400
-402
-426
-457
-477
-483
-470
-452
-445
-433
-440
-428
-415
-406
-383
-360
-351
-327
-314
-299
-294
-309
-280
-286
-279
-269
-261
-248
-245
-257
-251
-240
-224
-198
-176
-138
-95
-92
-66
-27
-24
-16
-3
10
52
67
73
89
84
88
54
26
-16
-38
-46
-34
-20
-39
-62
-56
-13
-13
-49
-81
-77
-54
-76
-72
-68
-97
-114
-111
-113
-120
-147
-160
-160
-178
-214
-217
-230
-245
-198
-206
-193
-214
-216
-237
-252
-222
-264
-298
-333
-347
-350
-338
-352
-357
-352
-331
-301
-310
-297
-298
-275
-267
-272
-285
-275
-244
-230
-216
-213
-224
-210
-223
-207
-188
-197
-182
-203
-179
-150
-141
-100
-95
-94
-74
-72
-53
-27
13
31
28
35
44
70
88
75
19
-25
-15
-43
-68
-115
-137
-168
-209
-232
-265
-296
-331
-330
-337
-366
-397
-401
-385
-344
-332
-337
-339
-333
-317
-284
-247
-238
-218
-194
-187
-190
-161
-137
-106
-104
-133
-127
-137
-126
-134
-134
-127
-136
-131
-98
-53
-26
-19
13
32
50
89
66
89
92
88
124
135
135
138
136
86
53
44
49
63
69
95
88
95
119
121
118
82
55
77
90
113
100
113
98
52
14
-9
-51
-63
-50
-51
-32
-53
-57
-66
-74
-72
-69
-97
-105
-118
-135
-145
-162
-185
-228
-239
-255
-257
-231
-222
-235
-232
-228
-206
-170
-169
-146
-110
-130
-124
-116
-129
-115
-142
-142
-112
-110
-72
-71
-73
-49
-24
-18
-25
-62
-79
-58
-27
-1
31
44
50
76
40
18
-8
-34
-30
-33
-44
-70
-80
-43
10
9
-19
-71
-86
-92
-69
-66
-95
-104
-114
-123
-119
-137
-159
-165
-179
-171
-174
-161
-145
-150
-122
-109
-84
-44
-26
5
16
7
12
6
0
-3
-9
-15
-22
-22
-28
-22
-4
4
-26
-33
-57
-48
-29
-1
-11
-36
-62
-72
-61
-77
-77
-107
-88
-92
-91
-78
-66
-78
-114
-79
-75
-81
-86
-65
-75
-89
-93
-84
-71
-63
-70
-74
-2
23
24
58
32
34
32
57
104
125
120
127
155
169
195
191
202
179
141
144
163
175
205
170
152
171
131
114
93
83
82
63
50
11
-15
-25
-23
3
-5
-13
-5
-32
-58
-39
-24
-40
-33
-60
-84
-94
-103
-83
-97
-124
-144
-189
-209
-232
-257
-235
-210
-211
-226
-190
-199
-194
-128
-110
-89
-79
-45
-39
-16
22
57
103
138
150
197
203
195
194
146
128
107
97
97
55
51
65
63
97
99
77
67
63
94
85
69
71
60
87
125
162
159
188
174
171
144
123
154
162
145
148
152
144
149
138
136
141
145
151
207
224
241
252
252
248
252
276
285
299
288
263
278
266
257
277
275
270
274
235
214
195
159
125
99
61
64
62
52
54
3
16
31
13
2
4
-23
-10
20
-7
46
85
113
135
165
175
201
231
249
268
237
225
205
208
207
228
219
235
207
175
194
180
195
214
214
179
151
115
100
105
134
130
147
182
251
312
338
327
351
390
395
393
380
348
310
271
224
193
114
84
59
57
59
43
83
84
101
148
188
225
275
293
337
358
364
394
395
434
437
394
377
357
358
367
373
349
319
319
297
304
320
287
269
251
219
234
232
198
215
221
194
206
189
189
178
185
191
204
217
246
290
303
313
302
290
292
284
245
233
192
194
168
193
206
210
200
149
133
137
198
203
220
211
205
201
234
254
269
291
275
284
258
250
223
194
161
116
109
95
80
74
90
75
73
67
23
5
22
48
57
94
95
134
166
186
246
271
326
366
426
441
435
414
428
431
461
500
462
464
476
493
494
504
506
492
457
431
391
377
369
340
330
314
329
322
327
344
408
427
419
367
351
353
342
346
296
256
213
181
164
138
81
29
-43
-63
-91
-125
-157
-144
-151
-163
-147
-113
-48
28
76
121
143
179
219
255
305
298
272
271
263
272
293
272
241
214
186
182
201
191
171
157
129
124
110
101
100
110
142
155
164
193
202
226
253
271
281
275
227
212
188
181
172
162
182
172
216
217
217
184
170
164
195
198
205
223
243
293
352
386
425
457
480
512
524
529
503
511
488
483
426
415
401
360
345
307
284
249
232
211
241
229
204
179
143
172
200
221
265
268
286
342
369
386
413
398
359
335
336
356
338
329
247
182
119
98
96
40
-27
-111
-116
-136
-170
-184
-213
-201
-194
-184
-191
-173
-163
-130
-133
-113
-79
-85
-47
-45
-18
-10
1
24
27
47
18
18
-1
10
12
17
11
11
-2
-21
-32
-28
1
40
80
82
136
182
264
318
358
389
423
418
431
443
433
432
417
373
315
323
290
269
245
202
148
134
129
111
120
98
126
149
171
176
159
148
156
166
175
169
140
81
59
50
58
53
20
-28
-70
-81
-64
-64
-86
-132
-168
-204
-188
-203
-212
-220
-256
-250
-253
-204
-208
-146
-115
-83
-66
-50
-29
-44
-37
-44
-25
-15
2
-20
-14
-47
-86
-104
-104
-117
-155
-160
-162
-184
-191
-168
-130
-92
-55
-15
27
53
89
157
201
236
227
208
229
255
257
257
211
185
182
172
165
193
164
126
82
10
-43
-94
-114
-97
-86
-84
-81
-78
-52
-61
-63
-72
-89
-70
-61
-82
-111
-129
-125
-136
-125
-134
-175
-285
-307
-297
-311
-283
-309
-358
-354
-377
-385
-392
-417
-417
-458
-496
-463
-433
-400
-355
-338
-306
-290
-309
-308
-303
-294
-212
-158
-103
-92
-102
-94
-63
-39
-39
-87
-125
-122
-162
-135
-135
-145
-105
-101
-77
-93
-106
-108
-108
-89
-57
-50
-32
30
71
72
61
61
56
61
53
15
-32
-56
-54
-70
-113
-148
-159
-183
-206
-240
-305
-345
-383
-397
-392
-395
-378
-361
-358
-318
-309
-318
-290
-274
-237
-196
-174
-150
-131
-166
-180
-189
-161
-170
-152
-193
-220
-271
-328
-310
-339
-353
-358
-364
-371
-368
-365
-298
-264
-235
-240
-213
-211
-174
-123
-102
-57
-39
-16
-34
-42
-62
-79
-110
-117
-117
-141
-124
-112
-125
-161
-176
-195
-230
-256
-231
-221
-240
-240
-255
-262
-229
-226
-257
-249
-235
-247
-246
-235
-222
-245
-300
-338
-389
-369
-405
-447
-443
-473
-471
-516
-531
-508
-494
-505
-531
-524
-558
-536
-492
-422
-370
-327
-361
-375
-350
-368
-378
-370
-306
-297
-264
-272
-239
-228
-215
-203
-208
-167
-160
-138
-96
-80
-103
-96
-122
-123
-96
-136
-197
-191
-196
-210
-224
-221
-222
-230
-248
-274
-285
-266
-293
-294
-284
-273
-298
-342
-341
-393
-434
-530
-565
-609
-653
-672
-705
-735
-771
-830
-871
-904
-898
-870
-872
-843
-844
-830
-812
-806
-786
-732
-727
-693
-657
-632
-576
-583
-570
-529
-519
-497
-456
-474
-433
-422
-420
-378
-359
-347
-307
-267
-196
-138
-101
-55
-60
-51
-37
-6
12
26
-8
6
-62
-78
-36
-40
-47
-90
-156
-182
-210
-235
-259
-290
-288
-369
-380
-409
-447
-503
-490
-490
-507
-548
-593
-591
-607
-604
-618
-627
-629
-616
-604
-569
-563
-540
-516
-505
-485
-467
-461
-469
-496
-481
-442
-447
-418
-442
-444
-417
-413
-395
-349
-326
-337
-317
-319
-286
-269
-258
-221
-202
-186
-167
-184
-192
-185
-192
-180
-163
-136
-108
-125
-150
-184
-211
-213
-276
-333
-352
-372
-375
-388
-431
-441
-493
-517
-506
-505
-497
-517
-526
-558
-514
-513
-496
-484
-494
-495
-488
-437
-409
-398
-417
-436
-481
-508
-528
-506
-504
-523
-482
-414
-356
-320
-298
-289
-282
-283
-271
-228
-183
-124
-60
-19
-39
-41
-69
-96
-99
-108
-106
-95
-78
-53
-44
-82
-110
-182
-229
-232
-215
-201
-190
-191
-207
-216
-228
-239
-236
-194
-195
-182
-229
-281
-270
-235
-177
-131
-137
-116
-80
